0.200204 10
0.404028 11
0.411238 13
0.418448 15
0.425657 17
0.432867 19
0.619363 21
0.633204 23
0.647045 25
0.660886 27
0.674726 29
0.688567 31
0.702408 33
0.716249 35
0.807016 37
0.820857 39
0.834698 41
0.848538 43
0.862379 45
0.87622 47
0.88997 49
0.902738 51
0.913787 53
0.951027 55
0.960194 57
0.969361 59
0.978527 61
0.987694 63
1.00851 65
1.01768 67
1.02684 69
1.03512 71
1.0434 73
1.05168 75
1.05996 77
1.06824 79
1.07652 81
1.0848 83
1.09307 85
1.10124 87
1.10941 89
1.11758 91
1.12575 93
1.13392 95
1.14209 97
1.1502 99
1.15793 101
1.16535 103
1.17256 105
1.17977 107
1.18698 109
1.19539 111
1.2026 113
1.20981 115
1.21702 117
1.22423 119
1.23144 121
1.23865 123
1.24585 125
1.25306 127
1.26027 129
1.26748 131
1.27469 133
1.2819 135
1.28911 137
1.29632 139
1.30353 141
1.31074 143
1.31795 145
1.32516 147
1.33237 149
1.33958 151
1.34679 153
1.354 155
1.36121 157
1.36842 159
1.37563 161
1.39726 163
1.4333 165
1.5054 167
1.78418 166
1.78418 165
1.78418 166
1.7914 165
1.79861 164
1.81183 162
1.81904 160
1.82625 158
1.83346 156
1.84067 154
1.84788 152
1.85509 150
1.8623 148
1.86951 146
1.87672 144
1.89835 142
1.93439 140
2.00649 138
2.087 137
2.13026 138
2.13266 139
2.13626 140
2.13867 141
2.14467 142
2.14708 143
2.15068 144
2.15309 145
2.15909 146
2.1615 147
2.1651 148
2.1675 149
2.17351 150
2.17592 151
2.17952 152
2.18192 153
2.18793 154
2.19034 155
2.19394 156
2.19634 157
2.20235 158
2.20475 159
2.20836 160
2.21076 161
2.21677 162
2.21917 163
2.22278 164
2.22518 165
2.23119 166
2.27084 165
2.27084 166
2.27685 165
2.27685 166
2.27805 165
2.27805 166
2.28526 165
2.28526 166
2.29848 165
2.29848 166
2.29968 165
2.29968 166
2.30569 165
2.30569 166
2.30689 165
2.30689 166
2.3129 165
2.3129 166
2.3141 165
2.3141 166
2.32011 165
2.32011 166
2.32131 165
2.32131 166
2.32732 165
2.32732 166
2.32852 165
2.32852 166
2.33453 165
2.33453 166
2.33573 165
2.33573 166
2.34174 165
2.34174 166
2.34294 165
2.34294 166
2.34895 165
2.34895 166
2.35015 165
2.35015 166
2.35616 165
2.35616 166
2.35736 165
2.35736 166
2.36337 165
2.36337 166
2.36457 165
2.36457 166
2.38499 165
2.38499 166
2.3862 165
2.3862 166
2.42104 165
2.42104 166
2.42224 165
2.42224 166
2.49314 165
2.49314 166
2.49433 165
2.49433 166
2.57363 165
2.57363 166
2.61689 167
2.6229 167.354
2.63132 164.354
2.63132 165.354
2.63733 166.354
2.63853 164.354
2.63853 165.354
2.64574 162.354
2.64574 163.354
2.65175 164.354
2.65295 162.354
2.65295 163.354
2.66016 160.354
2.66016 161.354
2.66617 162.354
2.66737 160.354
2.66737 161.354
2.67458 158.354
2.67458 159.354
2.68059 160.354
2.68179 158.354
2.68179 159.354
2.689 156.354
2.689 157.354
2.69501 158.354
2.69621 156.354
2.69621 157.354
2.70342 154.354
2.70342 155.354
2.70943 156.354
2.71063 154.354
2.71063 155.354
2.71784 152.354
2.71784 153.354
2.72385 154.354
2.72625 152.354
2.72625 153.354
2.73226 151.354
2.73226 152.354
2.73466 153.354
2.73826 154.354
2.74067 155.354
2.74668 156.354
2.74788 157.354
2.75268 158.354
2.75629 159.354
2.75749 160.354
2.7611 161.354
2.7635 167
2.7635 59.1775
2.7635 60.1775
2.7647 109
2.77191 108
3.10836 109
3.11196 108
3.11196 109
3.11557 108
3.11557 109
3.11917 108
3.11917 109
3.12278 108
3.12278 109
3.12638 108
3.12638 109
3.12999 108
3.12999 109
3.13359 108
3.13359 109
3.1372 108
3.1372 109
3.1408 108
3.1408 109
3.14441 108
3.14441 109
3.14801 108
3.14801 109
3.15162 108
3.15162 109
3.15522 108
3.15522 109
3.15882 108
3.15882 109
3.16003 108
3.16003 109
3.16363 108
3.16363 109
3.16724 108
3.16724 109
3.17084 108
3.17084 109
3.17445 108
3.17445 109
3.17805 108
3.17805 109
3.18166 108
3.18166 109
3.18646 108
3.18646 109
3.19007 108
3.19007 109
3.19367 108
3.19367 109
3.19728 108
3.19728 109
3.20088 108
3.20088 109
3.20449 108
3.20449 109
3.20809 108
3.20809 109
3.2117 108
3.2117 109
3.2153 108
3.2153 109
3.2189 108
3.2189 109
3.22251 108
3.22251 109
3.22611 108
3.22611 109
3.22972 108
3.22972 109
3.23332 108
3.23332 109
3.23693 108
3.23693 109
3.24053 108
3.24053 109
3.24532 108
3.24532 109
3.24893 110
3.25253 71
3.25253 72
3.25614 73
3.26095 74
3.26455 75
3.27163 76
3.28231 77
3.29167 78
3.30248 79
3.3145 80
3.32652 81
3.33853 82
3.34935 83
3.36016 84
3.37218 85
3.38299 86
3.39501 87
3.40702 88
3.41784 89
3.42865 90
3.44067 91
3.45268 92
3.4635 93
3.4659 94
3.47672 93
3.47672 94
3.48032 93
3.48032 94
3.48393 93
3.48393 94
3.48873 93
3.48873 94
3.49234 93
3.49234 94
3.49594 93
3.49594 94
3.49835 93
3.49835 94
3.50195 93
3.50195 94
3.50555 93
3.50555 94
3.50916 93
3.50916 94
3.51397 93
3.51397 94
3.51637 93
3.51637 94
3.51997 93
3.51997 94
3.52358 93
3.52358 94
3.52718 93
3.52718 94
3.52959 93
3.52959 94
3.53199 93
3.53199 94
3.53439 93
3.53439 94
3.538 93
3.538 94
3.5416 93
3.5416 94
3.54401 93
3.54401 94
3.54641 93
3.54641 94
3.55001 93
3.55001 94
3.55242 93
3.55242 94
3.55602 93
3.55602 94
3.55843 93
3.55843 94
3.56083 93
3.56083 94
3.56443 93
3.56443 94
3.56684 93
3.56684 94
3.57044 93
3.57044 94
3.57284 93
3.57284 94
3.57525 93
3.57525 94
3.57885 93
3.57885 94
3.58126 93
3.58126 94
3.58486 93
3.58486 94
3.58847 93
3.58847 94
3.58967 93
3.58967 94
3.59327 93
3.59327 94
3.59567 109
3.59567 59.1775
3.59567 60.1775
3.60288 62.1775
3.60768 64.1775
3.61369 66.1775
3.6185 68.1775
3.62571 70.1775
3.63171 72.1775
3.63652 74.1775
3.64253 76.1775
3.64854 78.1775
3.65455 80.1775
3.66175 82.1775
3.66656 84.1775
3.67377 86.1775
3.67858 88.1775
3.68579 90.1775
3.693 92.1775
3.6978 94.1775
3.70501 96.1775
3.71463 98.1775
3.72544 100.177
3.73505 102.177
3.74587 104.177
3.75668 106.177
3.7675 108.177
3.77831 110.177
3.78792 112.177
3.79874 114.177
3.80955 116.177
3.82037 118.177
3.83118 120.177
3.84199 122.177
3.85641 124.177
3.86723 126.177
3.87804 128.177
3.88766 128.416
4.12084 129.43
4.24994 130.205
4.29531 130.315
4.86565 132.315
5.08448 134.315
5.08958 134.483
5.11212 136.483
5.11692 138.189
5.12653 139.378
5.13615 141.378
5.14216 141.998
5.16378 143.998
5.16859 144.378
5.18421 146.378
5.18902 147.158
5.20464 147.217
5.21065 149.217
5.21665 151.006
5.23708 153.006
5.24309 153.113
5.27073 155.113
5.27673 155.206
5.34763 153.206
5.35724 153.353
5.475 153.702
5.52186 154.394
5.5495 154.72
5.56992 155.035
5.60117 156.033
6.76191 158.033
6.96618 156.033
7.07072 156.167
8.38527 158.167
8.58594 156.167
9.82119 155.242
10.005 157.242
10.2021 118.983
10.2021 4
10.2069 6
10.2069 4
10.2129 6
10.2129 4
10.2189 6
10.2189 4
10.2237 6
10.2237 4
10.2297 6
10.2297 4
10.2345 6
10.2345 4
10.2405 6
10.2405 4
10.2454 6
10.2454 4
10.2514 6
10.2514 4
10.2574 6
10.2574 4
10.2622 6
10.2622 4
10.267 6
10.267 4
10.273 6
10.273 4
10.279 6
10.279 4
10.2838 6
10.2838 4
10.2898 6
10.2898 4
10.2946 6
10.2946 4
10.3006 6
10.3006 4
10.3066 6
10.3066 4
10.3114 6
10.3114 4
10.3162 6
10.3162 4
10.3211 6
10.3211 4
10.3259 6
10.3259 4
10.3307 6
10.3307 4
10.3367 6
10.3367 4
10.3427 6
10.3427 4
10.3475 6
10.3475 4
10.3523 6
10.3523 4
10.3583 6
10.3583 4
10.3643 6
10.3643 4
10.3691 6
10.3691 4
10.3751 6
10.3751 4
10.3799 6
10.3799 4
10.3859 6
10.3859 4
10.3907 6
10.3907 4
10.3968 6
10.3968 4
10.4028 6
10.4028 4
10.4076 6
10.4076 4
10.4124 6
10.4124 4
10.4184 6
10.4184 4
10.4244 6
10.4244 4
10.4292 6
10.4292 4
10.4352 6
10.4352 4
10.44 6
10.44 4
10.4448 6
10.4448 4
10.4508 6
10.4508 4
10.4568 6
10.4568 4
10.4628 6
10.4628 4
10.4676 6
10.4676 4
10.4725 6
10.4725 4
10.4785 6
10.4785 4
10.4833 6
10.4833 4
10.4893 6
10.4893 4
10.4953 6
10.4953 4
10.5001 6
10.5001 4
10.5049 6
10.5049 4
10.5097 6
10.5097 4
10.5169 6
10.5169 4
10.5217 6
10.5217 4
10.5265 6
10.5265 4
10.5325 6
10.5325 4
10.5373 6
10.5373 4
10.5421 6
10.5421 4
10.5494 6
10.5494 4
10.5542 6
10.5542 4
10.7508 157.242
10.7508 159.242
10.7583 161.242
10.955 163.242
10.9603 165.242
10.9664 167.242
10.9712 169.242
10.9763 171.242
10.9835 173.242
10.9883 175.242
10.9931 177.242
10.9991 179.242
11.0039 181.242
11.0099 183.242
11.016 181.616
11.0208 178.883
11.0256 176.397
11.0316 174.316
11.0364 172.495
11.0424 170.902
11.0484 169.602
11.0532 168.464
11.058 167.375
11.064 166.515
11.07 165.857
11.0748 165.188
11.0808 164.602
11.0856 164.089
11.0905 163.64
11.0965 163.248
11.1025 162.999
11.1073 162.78
11.1133 162.589
11.1181 162.422
11.1229 162.182
11.1301 162.16
11.1349 162.046
11.1397 161.946
11.1457 161.86
11.1505 161.784
11.1553 161.717
11.2154 163.717
11.4581 161.717
11.624 161.173
11.6889 161.412
12.9433 163.412
13.156 161.412
14.64 163.412
14.6965 159.023
14.8491 157.023
15.8428 155.215
16.327 157.215
16.5397 155.215
18.0177 157.215
18.2268 155.215
19.5677 154.436
19.7119 156.436
19.927 154.436
21.1599 156.436
21.1599 4
21.1659 6
21.1659 4
21.1707 6
21.1707 4
21.1779 6
21.1779 4
21.1827 6
21.1827 4
21.1887 6
21.1887 4
21.1947 6
21.1947 4
21.2007 6
21.2007 4
21.2055 6
21.2055 4
21.2127 6
21.2127 4
21.2175 6
21.2175 4
21.2235 6
21.2235 4
21.2296 6
21.2296 4
21.2356 6
21.2356 4
21.2404 6
21.2404 4
21.2476 6
21.2476 4
21.2536 6
21.2536 4
21.2584 6
21.2584 4
21.2656 6
21.2656 4
21.2704 6
21.2704 4
21.2776 6
21.2776 4
21.2824 6
21.2824 4
21.2884 6
21.2884 4
21.2944 6
21.2944 4
21.3005 6
21.3005 4
21.3053 6
21.3053 4
21.3125 6
21.3125 4
21.3173 6
21.3173 4
21.3233 6
21.3233 4
21.3293 6
21.3293 4
21.3353 6
21.3353 4
21.3401 6
21.3401 4
21.3473 6
21.3473 4
21.3521 6
21.3521 4
21.3581 6
21.3581 4
21.3641 6
21.3641 4
21.3701 6
21.3701 4
21.375 6
21.375 4
21.3822 6
21.3822 4
21.387 6
21.387 4
21.393 6
21.393 4
21.399 6
21.399 4
21.405 6
21.405 4
21.411 6
21.411 4
21.417 6
21.417 4
21.423 6
21.423 4
21.4278 6
21.4278 4
21.435 6
21.435 4
21.4398 6
21.4398 4
21.4458 6
21.4458 4
21.4519 6
21.4519 4
21.4579 6
21.4579 4
21.4627 6
21.4627 4
21.4699 6
21.4699 4
21.4747 6
21.4747 4
21.4807 6
21.4807 4
21.4867 6
21.4867 4
21.4927 6
21.4927 4
21.4975 6
21.4975 4
21.5035 6
21.5035 4
21.5083 6
21.5083 4
21.5155 6
21.5155 4
21.5203 6
21.5203 4
21.5264 6
21.5264 4
21.5312 6
21.5312 4
21.5384 6
21.5384 4
21.5444 6
21.5444 4
21.5492 6
21.5492 4
21.5564 6
21.5564 4
21.5612 6
21.5612 4
21.5672 6
21.5672 4
21.5732 6
21.5732 4
21.5792 6
21.5792 4
21.584 6
21.584 4
21.5912 6
21.5912 4
21.5948 6
21.5948 4
21.5984 6
21.5984 4
21.7991 157.242
21.7991 159.242
21.8047 161.242
22.0038 163.242
22.0098 165.242
22.017 167.242
22.0218 169.242
22.0278 171.242
22.0338 173.242
22.0399 175.242
22.0459 177.242
22.0519 179.242
22.0579 181.242
22.0639 183.242
22.0699 179.958
22.0759 176.802
22.0819 174.13
22.0879 171.791
22.0939 169.835
22.0999 168.124
22.1059 166.626
22.1119 165.405
22.118 164.336
22.124 163.491
22.13 162.751
22.136 162.193
22.142 161.706
22.148 161.279
22.154 161.084
22.16 160.914
22.166 160.855
22.172 160.802
22.1768 160.578
22.4616 157.573
22.5037 159.573
22.7236 157.573
24.2664 159.573
24.4863 157.573
25.6663 150.853
26.0328 152.853
26.2503 150.853
27.7919 152.853
28.0142 150.853
29.5474 152.853
29.6532 148.988
29.7697 146.988
31.3174 148.988
31.5397 146.988
32.1838 146.267
32.1838 4
32.1886 6
32.1886 4
32.1958 6
32.1958 4
32.2018 6
32.2018 4
32.2078 6
32.2078 4
32.2138 6
32.2138 4
32.2198 6
32.2198 4
32.2258 6
32.2258 4
32.2318 6
32.2318 4
32.239 6
32.239 4
32.2438 6
32.2438 4
32.2498 6
32.2498 4
32.2571 6
32.2571 4
32.2619 6
32.2619 4
32.2679 6
32.2679 4
32.2751 6
32.2751 4
32.2799 6
32.2799 4
32.2871 6
32.2871 4
32.2931 6
32.2931 4
32.2979 6
32.2979 4
32.3051 6
32.3051 4
32.3111 6
32.3111 4
32.3171 6
32.3171 4
32.3231 6
32.3231 4
32.3292 6
32.3292 4
32.3352 6
32.3352 4
32.3412 6
32.3412 4
32.3484 6
32.3484 4
32.3544 6
32.3544 4
32.3604 6
32.3604 4
32.3664 6
32.3664 4
32.3724 6
32.3724 4
32.3796 6
32.3796 4
32.3856 6
32.3856 4
32.3916 6
32.3916 4
32.3988 6
32.3988 4
32.4049 6
32.4049 4
32.4121 6
32.4121 4
32.4181 6
32.4181 4
32.4229 6
32.4229 4
32.4301 6
32.4301 4
32.4361 6
32.4361 4
32.4433 6
32.4433 4
32.4493 6
32.4493 4
32.4553 6
32.4553 4
32.4625 6
32.4625 4
32.4685 6
32.4685 4
32.4757 6
32.4757 4
32.4818 6
32.4818 4
32.4878 6
32.4878 4
32.4938 6
32.4938 4
32.4998 6
32.4998 4
32.507 6
32.507 4
32.513 6
32.513 4
32.519 6
32.519 4
32.5262 6
32.5262 4
32.5322 6
32.5322 4
32.5394 6
32.5394 4
32.5454 6
32.5454 4
32.5514 6
32.5514 4
32.5575 6
32.5575 4
32.5623 6
32.5623 4
32.5683 6
32.5683 4
32.5731 6
32.5731 4
32.5779 6
32.5779 4
32.5839 6
32.5839 4
32.5863 6
32.5863 4
32.5887 6
32.5887 4
32.5911 6
32.5911 4
32.7902 157.242
32.7902 159.242
32.7963 161.242
32.9959 163.242
33.0019 165.242
33.0079 167.242
33.0151 169.242
33.0211 171.242
33.0283 173.242
33.0343 175.242
33.0415 177.242
33.0475 179.242
33.0536 175.979
33.0608 171.604
33.0668 167.775
33.074 164.506
33.0788 161.483
33.086 158.919
33.092 156.758
33.0992 154.947
33.1052 153.363
33.1112 151.977
33.1184 150.765
33.1245 149.703
33.1317 148.856
33.1377 148.115
33.1449 147.547
33.1509 147.051
33.1581 146.779
33.1641 146.46
33.1701 146.181
33.1773 146.018
33.1833 145.876
33.1905 145.832
33.1953 145.713
33.2026 145.689
33.2086 145.588
33.2146 145.499
33.9415 147.499
34.1578 145.499
35.5709 142.55
35.6839 144.55
35.905 142.55
37.4406 144.55
37.6569 142.55
38.7479 139.442
39.1949 141.442
39.4124 139.442
40.9469 141.442
41.049 136.479
41.1656 134.479
42.6964 136.479
42.9151 134.479
43.2167 136.479
43.2167 4
43.2227 6
43.2227 4
43.2287 6
43.2287 4
43.2347 6
43.2347 4
43.2395 6
43.2395 4
43.2455 6
43.2455 4
43.2515 6
43.2515 4
43.2599 6
43.2599 4
43.2648 6
43.2648 4
43.272 6
43.272 4
43.278 6
43.278 4
43.2852 6
43.2852 4
43.2912 6
43.2912 4
43.2972 6
43.2972 4
43.3044 6
43.3044 4
43.3104 6
43.3104 4
43.3176 6
43.3176 4
43.3236 6
43.3236 4
43.3308 6
43.3308 4
43.3381 6
43.3381 4
43.3441 6
43.3441 4
43.3513 6
43.3513 4
43.3561 6
43.3561 4
43.3693 6
43.3693 4
43.3765 6
43.3765 4
43.3849 6
43.3849 4
43.3921 6
43.3921 4
43.3993 6
43.3993 4
43.4077 6
43.4077 4
43.4138 6
43.4138 4
43.4222 6
43.4222 4
43.427 6
43.427 4
43.4342 6
43.4342 4
43.4414 6
43.4414 4
43.4498 6
43.4498 4
43.457 6
43.457 4
43.4654 6
43.4654 4
43.4726 6
43.4726 4
43.481 6
43.481 4
43.4895 6
43.4895 4
43.4967 6
43.4967 4
43.5039 6
43.5039 4
43.5123 6
43.5123 4
43.5207 6
43.5207 4
43.5279 6
43.5279 4
43.5351 6
43.5351 4
43.5435 6
43.5435 4
43.5507 6
43.5507 4
43.5579 6
43.5579 4
43.564 6
43.564 4
43.5688 6
43.5688 4
43.5736 6
43.5736 4
43.5772 6
43.5772 4
43.5808 6
43.5808 4
43.5844 6
43.5844 4
43.588 6
43.588 4
43.5916 6
43.5916 4
43.5952 6
43.5952 4
43.5988 6
43.5988 4
43.7967 157.242
43.7967 159.242
43.8036 161.242
44.0021 163.242
44.0082 165.242
44.0158 167.242
44.0224 169.242
44.0285 171.242
44.0358 173.242
44.043 174.2
44.0502 168.564
44.0562 163.557
44.0646 159.326
44.0706 155.549
44.0778 152.244
44.085 149.502
44.091 147.028
44.0983 144.863
44.1055 143.044
44.1127 141.452
44.1187 139.984
44.1271 138.925
44.1331 137.923
44.1403 137.046
44.1475 136.354
44.1535 135.673
44.1607 135.077
44.1679 134.631
44.1752 134.316
44.1812 133.965
44.1896 133.807
44.1956 133.595
44.2028 133.409
44.21 133.396
44.216 132.818
44.2232 132.744
44.2436 132.693
44.2785 134.693
44.4984 132.693
44.7591 134.4
46.0136 136.4
46.2287 134.4
47.7511 136.4
47.965 134.4
48.6043 131.78
49.4754 133.78
49.6941 131.78
50.4655 125.11
50.8356 125.47
51.2057 127.47
51.4268 125.47
51.8149 125.53
51.8281 125.854
51.8546 126.84
52.9504 128.84
53.1655 126.84
54.2482 128.84
54.2482 4
54.2566 6
54.2566 4
54.2626 6
54.2626 4
54.2698 6
54.2698 4
54.2782 6
54.2782 4
54.2842 6
54.2842 4
54.2926 6
54.2926 4
54.2998 6
54.2998 4
54.307 6
54.307 4
54.3143 6
54.3143 4
54.3215 6
54.3215 4
54.3299 6
54.3299 4
54.3359 6
54.3359 4
54.3431 6
54.3431 4
54.3515 6
54.3515 4
54.3575 6
54.3575 4
54.3659 6
54.3659 4
54.3731 6
54.3731 4
54.3791 6
54.3791 4
54.3876 6
54.3876 4
54.3948 6
54.3948 4
54.402 6
54.402 4
54.4104 6
54.4104 4
54.4176 6
54.4176 4
54.426 6
54.426 4
54.4332 6
54.4332 4
54.4416 6
54.4416 4
54.4488 6
54.4488 4
54.456 6
54.456 4
54.4645 6
54.4645 4
54.4717 6
54.4717 4
54.4813 6
54.4813 4
54.4885 6
54.4885 4
54.4957 6
54.4957 4
54.5029 6
54.5029 4
54.5113 6
54.5113 4
54.5185 6
54.5185 4
54.5257 6
54.5257 4
54.5342 6
54.5342 4
54.5402 6
54.5402 4
54.5474 6
54.5474 4
54.5558 6
54.5558 4
54.563 6
54.563 4
54.569 6
54.569 4
54.5762 6
54.5762 4
54.5834 6
54.5834 4
54.5906 6
54.5906 4
54.5978 6
54.5978 4
54.605 6
54.605 4
54.6111 6
54.6111 4
54.6183 6
54.6183 4
54.6267 6
54.6267 4
54.6339 6
54.6339 4
54.6387 6
54.6387 4
54.6423 6
54.6423 4
54.6459 6
54.6459 4
54.6495 6
54.6495 4
54.6543 6
54.6543 4
54.6579 6
54.6579 4
54.6615 6
54.6615 4
54.6663 6
54.6663 4
54.6699 6
54.6699 4
54.6735 6
54.6735 4
54.8749 157.242
54.8749 159.242
54.882 161.242
55.0799 163.242
55.0876 165.242
55.094 167.242
55.1024 169.242
55.1096 171.242
55.1156 169.849
55.124 163.989
55.1312 158.861
55.1396 154.446
55.1456 150.511
55.1529 147.068
55.1613 144.198
55.1673 141.615
55.1757 139.427
55.1829 137.512
55.1889 135.765
55.1973 134.379
55.2045 133.166
55.2117 132.105
55.2189 131.177
55.2262 130.436
55.2346 129.858
55.2406 129.282
55.249 128.849
55.2562 128.541
55.2622 128.2
55.2706 127.974
55.2778 127.776
55.2838 127.53
55.2922 127.459
55.2994 127.396
55.3055 127.27
55.3139 127.231
55.3643 129.231
55.595 127.231
55.7825 126.899
55.8738 126.972
57.1343 128.972
57.3494 126.972
58.8778 128.972
59.0929 126.972
59.2083 124.829
60.6165 126.829
60.8328 124.829
62.312 124.318
62.3625 126.318
62.5811 124.318
64.1036 123.23
64.3199 121.23
65.316 119.437
65.316 4
65.3244 6
65.3244 4
65.3316 6
65.3316 4
65.34 6
65.34 4
65.3472 6
65.3472 4
65.3556 6
65.3556 4
65.3628 6
65.3628 4
65.3701 6
65.3701 4
65.3785 6
65.3785 4
65.3857 6
65.3857 4
65.3941 6
65.3941 4
65.4013 6
65.4013 4
65.4097 6
65.4097 4
65.4157 6
65.4157 4
65.4241 6
65.4241 4
65.4313 6
65.4313 4
65.4398 6
65.4398 4
65.447 6
65.447 4
65.4554 6
65.4554 4
65.4614 6
65.4614 4
65.4698 6
65.4698 4
65.477 6
65.477 4
65.4854 6
65.4854 4
65.4926 6
65.4926 4
65.501 6
65.501 4
65.507 6
65.507 4
65.5155 6
65.5155 4
65.5227 6
65.5227 4
65.5311 6
65.5311 4
65.5383 6
65.5383 4
65.5467 6
65.5467 4
65.5527 6
65.5527 4
65.5611 6
65.5611 4
65.5683 6
65.5683 4
65.5767 6
65.5767 4
65.5839 6
65.5839 4
65.5924 6
65.5924 4
65.5984 6
65.5984 4
65.6068 6
65.6068 4
65.614 6
65.614 4
65.6224 6
65.6224 4
65.6296 6
65.6296 4
65.638 6
65.638 4
65.644 6
65.644 4
65.6524 6
65.6524 4
65.6596 6
65.6596 4
65.6681 6
65.6681 4
65.6729 6
65.6729 4
65.6777 6
65.6777 4
65.6825 6
65.6825 4
65.6861 6
65.6861 4
65.6909 6
65.6909 4
65.6957 6
65.6957 4
65.7005 6
65.7005 4
65.7053 6
65.7053 4
65.7101 6
65.7101 4
65.7137 6
65.7137 4
65.9116 157.242
65.9116 159.242
65.919 161.242
66.1173 163.242
66.1242 165.242
66.132 167.242
66.1389 169.242
66.1474 171.242
66.1546 167.095
66.163 160.856
66.169 155.26
66.1774 150.499
66.1846 146.266
66.193 142.698
66.2002 139.575
66.2086 136.843
66.2158 134.452
66.2231 132.428
66.2303 130.589
66.2387 129.048
66.2459 127.632
66.2543 126.528
66.2615 125.562
66.2699 124.717
66.2759 123.91
66.2843 123.339
66.2915 122.772
66.3 122.343
66.3084 122.036
66.3156 121.767
66.324 121.599
66.33 121.318
66.3384 121.206
66.3456 121.041
66.354 121.032
66.3612 121.024
66.3696 121.017
66.3769 121.011
66.8395 123.011
67.0582 121.011
67.3213 121.407
67.3273 123.407
67.3345 124.247
67.3526 126.121
68.5926 128.121
68.8125 126.121
70.3385 128.121
70.5572 126.121
71.9607 122.173
71.9835 123.138
72.076 125.138
72.2971 123.138
73.834 125.138
74.0527 123.138
75.5823 125.138
75.7998 123.138
76.3814 125.138
76.3814 4
76.3922 6
76.3922 4
76.4018 6
76.4018 4
76.4102 6
76.4102 4
76.4198 6
76.4198 4
76.4306 6
76.4306 4
76.4403 6
76.4403 4
76.4487 6
76.4487 4
76.4583 6
76.4583 4
76.4691 6
76.4691 4
76.4763 6
76.4763 4
76.4847 6
76.4847 4
76.4919 6
76.4919 4
76.4991 6
76.4991 4
76.5075 6
76.5075 4
76.5148 6
76.5148 4
76.5232 6
76.5232 4
76.5304 6
76.5304 4
76.5364 6
76.5364 4
76.5436 6
76.5436 4
76.5508 6
76.5508 4
76.5592 6
76.5592 4
76.5664 6
76.5664 4
76.5736 6
76.5736 4
76.5808 6
76.5808 4
76.5881 6
76.5881 4
76.5953 6
76.5953 4
76.6025 6
76.6025 4
76.6097 6
76.6097 4
76.6169 6
76.6169 4
76.6241 6
76.6241 4
76.6325 6
76.6325 4
76.6397 6
76.6397 4
76.6469 6
76.6469 4
76.6541 6
76.6541 4
76.6626 6
76.6626 4
76.6698 6
76.6698 4
76.6782 6
76.6782 4
76.6866 6
76.6866 4
76.6926 6
76.6926 4
76.701 6
76.701 4
76.7082 6
76.7082 4
76.7154 6
76.7154 4
76.7226 6
76.7226 4
76.731 6
76.731 4
76.7371 6
76.7371 4
76.7419 6
76.7419 4
76.7467 6
76.7467 4
76.7515 6
76.7515 4
76.7563 6
76.7563 4
76.7611 6
76.7611 4
76.7659 6
76.7659 4
76.7707 6
76.7707 4
76.7755 6
76.7755 4
76.7803 6
76.7803 4
76.7851 6
76.7851 4
76.7899 6
76.7899 4
76.7947 6
76.7947 4
76.7995 6
76.7995 4
76.9962 157.242
76.9962 159.242
77.0047 161.242
77.2015 163.242
77.2097 165.242
77.2176 167.242
77.2261 169.242
77.2333 171.242
77.2405 166.486
77.2489 159.888
77.2561 154.115
77.2657 149.13
77.2729 144.767
77.2801 140.95
77.2885 137.61
77.2957 134.688
77.3042 132.196
77.3114 130.016
77.321 128.174
77.3282 126.562
77.3354 125.152
77.3438 123.918
77.351 122.904
77.3594 122.017
77.3666 121.175
77.3751 120.569
77.3835 120.039
77.3907 119.51
77.3991 119.178
77.4063 118.823
77.4147 118.577
77.4219 118.296
77.4291 118.05
77.4387 117.967
77.4459 117.828
77.4616 117.78
77.4688 117.665
77.4844 117.656
77.9338 119.656
78.1525 117.656
78.4373 118.215
79.6821 120.215
79.8972 118.215
81.4196 120.215
81.6371 118.215
81.9964 117.115
83.1716 119.115
83.3891 117.115
84.6976 115.008
84.9199 117.008
85.135 115.008
86.6706 117.008
86.8905 115.008
86.923 112.686
87.1369 113.144
87.1945 113.427
87.2174 113.711
87.2246 113.998
87.2318 114.285
87.245 114.865
87.2606 115.02
87.3063 115.665
87.4853 115.379
87.4853 4
87.4949 6
87.4949 4
87.5045 6
87.5045 4
87.5142 6
87.5142 4
87.5226 6
87.5226 4
87.5286 6
87.5286 4
87.537 6
87.537 4
87.5442 6
87.5442 4
87.5526 6
87.5526 4
87.561 6
87.561 4
87.5694 6
87.5694 4
87.5778 6
87.5778 4
87.585 6
87.585 4
87.5935 6
87.5935 4
87.6007 6
87.6007 4
87.6091 6
87.6091 4
87.6175 6
87.6175 4
87.6259 6
87.6259 4
87.6343 6
87.6343 4
87.6415 6
87.6415 4
87.6487 6
87.6487 4
87.6559 6
87.6559 4
87.6632 6
87.6632 4
87.6704 6
87.6704 4
87.6788 6
87.6788 4
87.6872 6
87.6872 4
87.6944 6
87.6944 4
87.7016 6
87.7016 4
87.7088 6
87.7088 4
87.7172 6
87.7172 4
87.7244 6
87.7244 4
87.734 6
87.734 4
87.7413 6
87.7413 4
87.7497 6
87.7497 4
87.7569 6
87.7569 4
87.7653 6
87.7653 4
87.7725 6
87.7725 4
87.7773 6
87.7773 4
87.7821 6
87.7821 4
87.7881 6
87.7881 4
87.7929 6
87.7929 4
87.7977 6
87.7977 4
87.8025 6
87.8025 4
87.8073 6
87.8073 4
87.8122 6
87.8122 4
87.817 6
87.817 4
87.823 6
87.823 4
87.8278 6
87.8278 4
87.8326 6
87.8326 4
87.8374 6
87.8374 4
87.8422 6
87.8422 4
87.847 6
87.847 4
88.0476 157.242
88.0476 159.242
88.0553 161.242
88.2529 163.242
88.2613 165.242
88.2698 158.671
88.2782 152.875
88.2854 147.738
88.2938 143.244
88.301 139.247
88.3094 135.879
88.3166 132.867
88.3262 130.36
88.3334 128.103
88.3419 126.192
88.3503 124.585
88.3575 123.114
88.3659 121.827
88.3731 120.765
88.3827 119.9
88.3899 119.079
88.3983 118.425
88.4055 117.853
88.4139 117.352
88.4212 116.914
88.4296 116.531
88.438 116.26
88.4464 116.088
88.4536 115.872
88.462 115.748
88.4692 115.64
88.4776 115.544
88.4848 115.397
88.4933 115.332
88.9583 117.332
89.1794 115.332
89.4521 116.798
90.7102 118.798
90.9313 116.798
92.4573 118.798
92.676 116.798
93.135 116.172
94.1924 118.172
94.4099 116.172
95.8374 113.939
95.9396 115.939
96.1583 113.939
97.6867 115.939
97.9066 113.939
98.1914 114.093
98.2142 114.194
98.2755 114.949
98.4978 112.861
98.4978 4
98.5062 6
98.5062 4
98.5158 6
98.5158 4
98.5254 6
98.5254 4
98.5338 6
98.5338 4
98.5422 6
98.5422 4
98.5506 6
98.5506 4
98.5591 6
98.5591 4
98.5663 6
98.5663 4
98.5747 6
98.5747 4
98.5819 6
98.5819 4
98.5903 6
98.5903 4
98.5987 6
98.5987 4
98.6059 6
98.6059 4
98.6155 6
98.6155 4
98.6227 6
98.6227 4
98.6312 6
98.6312 4
98.6384 6
98.6384 4
98.6468 6
98.6468 4
98.6528 6
98.6528 4
98.6612 6
98.6612 4
98.6708 6
98.6708 4
98.678 6
98.678 4
98.6852 6
98.6852 4
98.6936 6
98.6936 4
98.702 6
98.702 4
98.7093 6
98.7093 4
98.7177 6
98.7177 4
98.7261 6
98.7261 4
98.7345 6
98.7345 4
98.7417 6
98.7417 4
98.7501 6
98.7501 4
98.7585 6
98.7585 4
98.7657 6
98.7657 4
98.7741 6
98.7741 4
98.7814 6
98.7814 4
98.791 6
98.791 4
98.7982 6
98.7982 4
98.803 6
98.803 4
98.8078 6
98.8078 4
98.8126 6
98.8126 4
98.8174 6
98.8174 4
98.8222 6
98.8222 4
98.827 6
98.827 4
98.833 6
98.833 4
98.8378 6
98.8378 4
98.8426 6
98.8426 4
98.8474 6
98.8474 4
98.8522 6
98.8522 4
98.8571 6
98.8571 4
98.8619 6
98.8619 4
99.0585 157.242
99.0585 159.242
99.0672 161.242
99.2649 163.242
99.2721 165.242
99.2805 167.242
99.2877 165.627
99.2961 158.85
99.3045 152.921
99.313 147.732
99.3214 143.257
99.3286 139.34
99.337 135.914
99.3442 132.916
99.3526 130.292
99.3598 127.997
99.3694 126.117
99.3778 124.472
99.3851 123.032
99.3935 121.773
99.4007 120.671
99.4091 119.771
99.4163 118.919
99.4259 118.238
99.4343 117.77
99.4415 117.297
99.4499 116.883
99.4572 116.521
99.4656 116.204
99.4728 115.926
99.4812 115.747
99.4908 115.655
99.498 115.575
99.5064 115.569
99.5136 115.499
99.5292 115.441
99.5377 115.388
99.7636 117.388
99.9786 115.388
