0.200158 10
0.402827 11
0.410036 13
0.417246 15
0.424456 17
0.431665 19
0.618161 21
0.632002 23
0.645843 25
0.659684 27
0.673525 29
0.687366 31
0.701206 33
0.715047 35
0.805814 37
0.819655 39
0.833496 41
0.847337 43
0.861178 45
0.875019 47
0.888702 49
0.901408 51
0.912404 53
0.949463 55
0.958585 57
0.967708 59
0.97683 61
0.985952 63
1.00731 65
1.01643 67
1.02555 69
1.03383 71
1.04211 73
1.05039 75
1.05867 77
1.06695 79
1.07523 81
1.08351 83
1.09178 85
1.09995 87
1.10812 89
1.11629 91
1.12446 93
1.13263 95
1.1408 97
1.1489 99
1.15663 101
1.16404 103
1.17136 105
1.17857 107
1.18577 109
1.19298 111
1.20019 113
1.2074 115
1.21461 117
1.22182 119
1.22903 121
1.23624 123
1.24345 125
1.25066 127
1.25787 129
1.26508 131
1.27229 133
1.2795 135
1.28671 137
1.29392 139
1.30113 141
1.30834 143
1.31555 145
1.32276 147
1.32997 149
1.33718 151
1.34439 153
1.3516 155
1.35881 157
1.36601 159
1.37322 161
1.39485 163
1.40206 165
1.46695 167
1.789 166
1.789 165
1.789 166
1.79621 165
1.80222 162
1.80342 159
1.80943 157
1.81664 155
1.82385 153
1.83106 151
1.83827 149
1.84548 147
1.85269 145
1.8599 143
1.8671 141
1.87431 139
1.89594 137
1.90315 135
1.96804 133
2.12545 134
2.12785 135
2.13146 136
2.13386 137
2.13987 138
2.14227 139
2.14588 140
2.14828 141
2.15429 142
2.15669 143
2.1603 144
2.1627 145
2.16871 146
2.17111 147
2.17471 148
2.17712 149
2.18313 150
2.18553 151
2.18913 152
2.19154 153
2.19754 154
2.19995 155
2.20355 156
2.20596 157
2.21196 158
2.21437 159
2.21797 160
2.22038 161
2.22638 162
2.22879 163
2.23239 164
2.23479 165
2.2408 166
2.27565 165
2.27565 166
2.28286 165
2.28286 166
2.28887 165
2.28887 166
2.29007 165
2.29007 166
2.29608 165
2.29608 166
2.29728 165
2.29728 166
2.30329 165
2.30329 166
2.30449 165
2.30449 166
2.3105 165
2.3105 166
2.3117 165
2.3117 166
2.3177 165
2.3177 166
2.31891 165
2.31891 166
2.32491 165
2.32491 166
2.32612 165
2.32612 166
2.33212 165
2.33212 166
2.33333 165
2.33333 166
2.33933 165
2.33933 166
2.34054 165
2.34054 166
2.34654 165
2.34654 166
2.34774 165
2.34774 166
2.35375 165
2.35375 166
2.35495 165
2.35495 166
2.36096 165
2.36096 166
2.36216 165
2.36216 166
2.36817 165
2.36817 166
2.36937 165
2.36937 166
2.37538 165
2.37538 166
2.37658 165
2.37658 166
2.38259 165
2.38259 166
2.38379 165
2.38379 166
2.38979 165
2.38979 166
2.39099 165
2.39099 166
2.45467 165
2.45467 166
2.45587 167
2.45587 2.96614e+06
2.61809 1.99931
2.61809 4
2.61929 5
2.62049 250
2.62049 247
2.62049 250
2.63373 249
2.63493 246
2.64814 245
2.64935 242
2.66256 241
2.66377 238
2.67698 237
2.67818 234
2.6914 233
2.6926 230
2.70582 229
2.70702 226
2.72024 225
2.72144 222
2.73346 221
2.73586 220
2.94854 218
2.96176 211
3.01824 168
3.07471 140
3.10595 139
3.10595 122.817
3.10956 121.817
3.10956 122.817
3.11316 121.817
3.11316 122.817
3.11677 121.817
3.11677 122.817
3.12037 121.817
3.12037 122.817
3.12398 121.817
3.12398 122.817
3.12758 121.817
3.12758 122.817
3.13119 121.817
3.13119 122.817
3.13479 121.817
3.13479 122.817
3.1384 121.817
3.1384 122.817
3.142 121.817
3.142 122.817
3.14561 121.817
3.14561 122.817
3.14921 121.817
3.14921 122.817
3.15282 121.817
3.15282 122.817
3.15642 121.817
3.15642 122.817
3.16123 121.817
3.16123 122.817
3.16603 121.817
3.16603 122.817
3.16964 121.817
3.16964 122.817
3.17324 121.817
3.17324 122.817
3.17685 121.817
3.17685 122.817
3.18045 121.817
3.18045 122.817
3.18406 121.817
3.18406 122.817
3.18766 121.817
3.18766 122.817
3.19127 121.817
3.19127 122.817
3.19487 121.817
3.19487 122.817
3.19848 121.817
3.19848 122.817
3.20208 121.817
3.20208 122.817
3.20569 121.817
3.20569 122.817
3.20929 121.817
3.20929 122.817
3.2129 121.817
3.2129 122.817
3.2165 121.817
3.2165 122.817
3.22011 121.817
3.22011 122.817
3.22371 121.817
3.22371 122.817
3.22732 121.817
3.22732 122.817
3.23092 121.817
3.23092 122.817
3.23453 121.817
3.23453 122.817
3.23933 121.817
3.23933 122.817
3.24294 121.817
3.24294 122.817
3.24654 121.817
3.24654 122.817
3.25015 121.817
3.25015 122.817
3.25375 121.817
3.25375 122.817
3.25855 121.817
3.25855 122.817
3.26215 121.817
3.26215 122.817
3.26576 121.817
3.26576 122.817
3.27404 121.817
3.27404 122.817
3.28472 121.817
3.28472 122.817
3.29408 121.817
3.29408 120.817
3.29769 119.817
3.29769 120.817
3.30009 119.817
3.30009 120.817
3.30369 119.817
3.30369 120.817
3.3073 119.817
3.3073 120.817
3.3097 119.817
3.3097 120.817
3.3121 119.817
3.3121 120.817
3.31691 119.817
3.31691 120.817
3.31931 119.817
3.31931 120.817
3.32172 119.817
3.32172 120.817
3.32532 119.817
3.32532 120.817
3.32893 119.817
3.32893 120.817
3.33133 119.817
3.33133 120.817
3.33373 119.817
3.33373 120.817
3.33734 119.817
3.33734 120.817
3.34094 119.817
3.34094 120.817
3.34335 119.817
3.34335 120.817
3.34695 119.817
3.34695 120.817
3.35056 119.817
3.35056 120.817
3.35296 119.817
3.35296 120.817
3.35536 119.817
3.35536 120.817
3.35897 119.817
3.35897 120.817
3.36257 119.817
3.36257 120.817
3.36498 119.817
3.36498 120.817
3.36858 119.817
3.36858 120.817
3.37098 119.817
3.37098 120.817
3.37459 119.817
3.37459 120.817
3.37819 119.817
3.37819 120.817
3.3806 119.817
3.3806 120.817
3.3842 119.817
3.3842 120.817
3.3866 119.817
3.3866 120.817
3.39021 119.817
3.39021 120.817
3.39261 119.817
3.39261 120.817
3.39622 119.817
3.39622 120.817
3.39982 119.817
3.39982 120.817
3.40222 119.817
3.40222 120.817
3.40463 119.817
3.40463 120.817
3.40823 119.817
3.40823 120.817
3.41183 119.817
3.41183 120.817
3.41423 119.817
3.41423 120.817
3.41664 119.817
3.41664 120.817
3.42144 119.817
3.42144 120.817
3.42385 119.817
3.42385 120.817
3.42625 119.817
3.42625 120.817
3.43106 119.817
3.43106 120.817
3.43346 119.817
3.43346 120.817
3.43586 119.817
3.43586 120.817
3.43827 119.817
3.43827 120.817
3.44307 119.817
3.44307 120.817
3.44547 119.817
3.44547 120.817
3.44788 119.817
3.44788 120.817
3.45148 119.817
3.45148 120.817
3.45509 119.817
3.45509 120.817
3.45749 119.817
3.45749 120.817
3.45989 119.817
3.45989 120.817
3.4647 119.817
3.4647 120.817
3.46831 119.817
3.46831 120.817
3.47071 119.817
3.47071 120.817
3.47431 119.817
3.47431 120.817
3.47792 119.817
3.47792 120.817
3.48152 119.817
3.48152 120.817
3.48633 119.817
3.48633 120.817
3.48993 119.817
3.48993 120.817
3.49354 119.817
3.49354 120.817
3.49714 119.817
3.49714 120.817
3.49955 119.817
3.49955 120.817
3.50314 250
3.50314 59.3577
3.50314 60.3577
3.51035 62.3577
3.51516 64.3577
3.52237 66.3577
3.53078 68.3577
3.54039 70.3577
3.5488 72.3577
3.55962 74.3577
3.56803 76.3577
3.57764 78.3577
3.58605 80.3577
3.59687 82.3577
3.60648 84.3577
3.61489 86.3577
3.62451 88.3577
3.63412 90.3577
3.64373 92.3577
3.65334 94.3577
3.66055 96.3577
3.66776 98.3577
3.67497 100.358
3.68338 102.358
3.69059 104.358
3.699 106.358
3.70621 108.358
3.71342 110.358
3.72183 112.358
3.72784 114.358
3.73625 116.358
3.74346 118.358
3.75187 120.358
3.75908 122.358
3.76629 124.358
3.7735 126.358
3.78071 128.358
3.78912 128.363
4.01983 129.965
4.0739 131.526
4.52773 131.546
4.64095 133.546
4.69154 133.57
4.75476 133.956
4.87361 135.956
4.87884 136.931
4.8989 138.931
4.90438 140.597
4.91912 141.216
4.92513 143.216
4.92994 145.051
4.94441 145.82
4.94946 147.82
4.95545 149.677
4.97469 151.677
4.97973 152.756
4.99486 152.814
5.00013 154.814
5.00494 156.651
5.02006 156.818
5.02567 158.818
5.03014 160.66
5.05121 161.233
5.05535 161.57
5.06543 163.57
5.07047 165.148
5.09589 165.408
5.15898 167.408
5.16258 168.102
5.19503 170.102
5.19863 170.43
5.20344 172.411
5.23107 174.411
5.23588 174.481
5.2527 175.34
5.28515 177.34
5.28875 178.236
5.30677 180.236
5.31038 180.841
5.3296 182.59
5.35604 184.3
5.36445 185.269
5.37046 183.269
5.42934 183.709
6.78354 185.709
6.98901 183.709
7.86258 182.347
8.40089 184.347
8.60276 182.347
10.0231 184.347
10.1192 182.04
10.2033 137.561
10.2033 4
10.2081 6
10.2081 4
10.2117 6
10.2117 4
10.2165 6
10.2165 4
10.2225 6
10.2225 4
10.2261 6
10.2261 4
10.2309 6
10.2309 4
10.2357 6
10.2357 4
10.2393 6
10.2393 4
10.2441 6
10.2441 4
10.2502 6
10.2502 4
10.255 6
10.255 4
10.2586 6
10.2586 4
10.2634 6
10.2634 4
10.2682 6
10.2682 4
10.2718 6
10.2718 4
10.2778 6
10.2778 4
10.2826 6
10.2826 4
10.2862 6
10.2862 4
10.291 6
10.291 4
10.2958 6
10.2958 4
10.2994 6
10.2994 4
10.3054 6
10.3054 4
10.3102 6
10.3102 4
10.315 6
10.315 4
10.3198 6
10.3198 4
10.3247 6
10.3247 4
10.3295 6
10.3295 4
10.3355 6
10.3355 4
10.3403 6
10.3403 4
10.3439 6
10.3439 4
10.3487 6
10.3487 4
10.3535 6
10.3535 4
10.3571 6
10.3571 4
10.3631 6
10.3631 4
10.3679 6
10.3679 4
10.3715 6
10.3715 4
10.3763 6
10.3763 4
10.3811 6
10.3811 4
10.3847 6
10.3847 4
10.3895 6
10.3895 4
10.3956 6
10.3956 4
10.4004 6
10.4004 4
10.404 6
10.404 4
10.4088 6
10.4088 4
10.4136 6
10.4136 4
10.4172 6
10.4172 4
10.422 6
10.422 4
10.428 6
10.428 4
10.4316 6
10.4316 4
10.4364 6
10.4364 4
10.4412 6
10.4412 4
10.446 6
10.446 4
10.4496 6
10.4496 4
10.4556 6
10.4556 4
10.4604 6
10.4604 4
10.464 6
10.464 4
10.4688 6
10.4688 4
10.4737 6
10.4737 4
10.4773 6
10.4773 4
10.4821 6
10.4821 4
10.4881 6
10.4881 4
10.4929 6
10.4929 4
10.4965 6
10.4965 4
10.5013 6
10.5013 4
10.5061 6
10.5061 4
10.5109 6
10.5109 4
10.5157 6
10.5157 4
10.5205 6
10.5205 4
10.5253 6
10.5253 4
10.5289 6
10.5289 4
10.5337 6
10.5337 4
10.5385 6
10.5385 4
10.5433 6
10.5433 4
10.5482 6
10.5482 4
10.553 6
10.553 4
10.5578 6
10.5578 4
10.7545 250
10.7545 252
10.7615 254
10.9589 256
10.9628 258
10.9676 260
10.9724 257.756
10.9775 248.327
10.9823 240.077
10.9871 232.965
10.9919 226.635
10.9955 220.988
11.0003 216.155
11.0051 211.925
11.0112 208.441
11.0148 205.177
11.0196 202.427
11.0244 200.023
11.028 197.702
11.0328 195.78
11.0388 194.206
11.0436 192.936
11.0472 191.718
11.052 190.76
11.0568 189.813
11.0604 188.876
11.0652 188.166
11.0712 187.651
11.076 187.309
11.0796 186.794
11.0844 186.452
11.0893 186.152
11.0929 185.781
11.0989 185.565
11.1037 185.376
11.1085 185.318
11.1121 185.16
11.1169 185.021
11.1217 184.901
11.1445 184.8
11.2142 186.8
11.4533 184.8
11.6756 185.099
12.9205 187.099
13.1284 185.099
14.5907 187.099
14.6844 182.735
14.801 180.735
16.2633 182.735
16.4724 180.735
17.8687 179.427
17.9432 181.427
18.1535 179.427
19.6206 181.427
19.8285 179.427
21.149 181.427
21.149 4
21.1551 6
21.1551 4
21.1587 6
21.1587 4
21.1647 6
21.1647 4
21.1695 6
21.1695 4
21.1743 6
21.1743 4
21.1791 6
21.1791 4
21.1839 6
21.1839 4
21.1899 6
21.1899 4
21.1935 6
21.1935 4
21.1995 6
21.1995 4
21.2043 6
21.2043 4
21.2091 6
21.2091 4
21.2139 6
21.2139 4
21.2187 6
21.2187 4
21.2248 6
21.2248 4
21.2284 6
21.2284 4
21.2344 6
21.2344 4
21.2392 6
21.2392 4
21.244 6
21.244 4
21.2488 6
21.2488 4
21.2548 6
21.2548 4
21.2596 6
21.2596 4
21.2632 6
21.2632 4
21.2692 6
21.2692 4
21.274 6
21.274 4
21.2788 6
21.2788 4
21.2836 6
21.2836 4
21.2896 6
21.2896 4
21.2932 6
21.2932 4
21.2992 6
21.2992 4
21.3041 6
21.3041 4
21.3089 6
21.3089 4
21.3137 6
21.3137 4
21.3185 6
21.3185 4
21.3245 6
21.3245 4
21.3281 6
21.3281 4
21.3341 6
21.3341 4
21.3389 6
21.3389 4
21.3449 6
21.3449 4
21.3485 6
21.3485 4
21.3533 6
21.3533 4
21.3593 6
21.3593 4
21.3629 6
21.3629 4
21.3689 6
21.3689 4
21.3737 6
21.3737 4
21.3786 6
21.3786 4
21.3834 6
21.3834 4
21.3894 6
21.3894 4
21.3942 6
21.3942 4
21.3978 6
21.3978 4
21.4038 6
21.4038 4
21.4086 6
21.4086 4
21.4134 6
21.4134 4
21.4182 6
21.4182 4
21.4242 6
21.4242 4
21.429 6
21.429 4
21.4338 6
21.4338 4
21.4386 6
21.4386 4
21.4434 6
21.4434 4
21.4482 6
21.4482 4
21.4531 6
21.4531 4
21.4591 6
21.4591 4
21.4639 6
21.4639 4
21.4687 6
21.4687 4
21.4735 6
21.4735 4
21.4795 6
21.4795 4
21.4843 6
21.4843 4
21.4879 6
21.4879 4
21.4939 6
21.4939 4
21.4987 6
21.4987 4
21.5047 6
21.5047 4
21.5095 6
21.5095 4
21.5143 6
21.5143 4
21.5191 6
21.5191 4
21.5252 6
21.5252 4
21.53 6
21.53 4
21.5348 6
21.5348 4
21.5396 6
21.5396 4
21.5456 6
21.5456 4
21.5504 6
21.5504 4
21.5552 6
21.5552 4
21.56 6
21.56 4
21.566 6
21.566 4
21.5696 6
21.5696 4
21.5744 6
21.5744 4
21.5804 6
21.5804 4
21.5852 6
21.5852 4
21.59 6
21.59 4
21.7867 250
21.7867 252
21.7939 254
21.9906 256
21.9964 258
22.0002 260
22.005 262
22.011 264
22.0158 263.347
22.0206 252.441
22.0266 243.001
22.0314 234.742
22.0362 227.619
22.0411 221.387
22.0471 216.038
22.0531 211.462
22.0567 207.249
22.0627 203.772
22.0675 200.729
22.0723 198.067
22.0771 195.737
22.0831 193.907
22.0891 192.411
22.0927 190.892
22.0987 189.669
22.1035 188.597
22.1083 187.764
22.1132 187.035
22.1192 186.502
22.1252 186.14
22.1288 185.614
22.1348 185.363
22.1396 185.142
22.1444 184.95
22.1492 184.782
22.1552 184.739
22.4808 186.739
22.7007 184.739
24.228 186.739
24.3625 180.519
24.4443 178.519
25.6471 175.187
25.9655 177.187
26.183 175.187
27.715 177.187
27.9349 175.187
29.1834 173.214
29.4573 175.214
29.6736 173.214
30.7382 173.884
31.2045 175.884
31.4207 173.884
32.1597 174.138
32.1597 4
32.1633 6
32.1633 4
32.1681 6
32.1681 4
32.1729 6
32.1729 4
32.1778 6
32.1778 4
32.1826 6
32.1826 4
32.1874 6
32.1874 4
32.1922 6
32.1922 4
32.197 6
32.197 4
32.203 6
32.203 4
32.2066 6
32.2066 4
32.2126 6
32.2126 4
32.2174 6
32.2174 4
32.2222 6
32.2222 4
32.2282 6
32.2282 4
32.233 6
32.233 4
32.2378 6
32.2378 4
32.2426 6
32.2426 4
32.2486 6
32.2486 4
32.2523 6
32.2523 4
32.2583 6
32.2583 4
32.2631 6
32.2631 4
32.2691 6
32.2691 4
32.2739 6
32.2739 4
32.2787 6
32.2787 4
32.2847 6
32.2847 4
32.2883 6
32.2883 4
32.2943 6
32.2943 4
32.2991 6
32.2991 4
32.3039 6
32.3039 4
32.3087 6
32.3087 4
32.3147 6
32.3147 4
32.3195 6
32.3195 4
32.3243 6
32.3243 4
32.3304 6
32.3304 4
32.334 6
32.334 4
32.34 6
32.34 4
32.3448 6
32.3448 4
32.3496 6
32.3496 4
32.3556 6
32.3556 4
32.3616 6
32.3616 4
32.3652 6
32.3652 4
32.3712 6
32.3712 4
32.3772 6
32.3772 4
32.382 6
32.382 4
32.3868 6
32.3868 4
32.3928 6
32.3928 4
32.3976 6
32.3976 4
32.4025 6
32.4025 4
32.4085 6
32.4085 4
32.4133 6
32.4133 4
32.4193 6
32.4193 4
32.4241 6
32.4241 4
32.4289 6
32.4289 4
32.4349 6
32.4349 4
32.4409 6
32.4409 4
32.4445 6
32.4445 4
32.4505 6
32.4505 4
32.4565 6
32.4565 4
32.4613 6
32.4613 4
32.4661 6
32.4661 4
32.4721 6
32.4721 4
32.477 6
32.477 4
32.483 6
32.483 4
32.489 6
32.489 4
32.4926 6
32.4926 4
32.4986 6
32.4986 4
32.5046 6
32.5046 4
32.5094 6
32.5094 4
32.5142 6
32.5142 4
32.5202 6
32.5202 4
32.525 6
32.525 4
32.531 6
32.531 4
32.537 6
32.537 4
32.5406 6
32.5406 4
32.5466 6
32.5466 4
32.5527 6
32.5527 4
32.5563 6
32.5563 4
32.5611 6
32.5611 4
32.5659 6
32.5659 4
32.5695 6
32.5695 4
32.5743 6
32.5743 4
32.5791 6
32.5791 4
32.5827 6
32.5827 4
32.7831 250
32.7831 252
32.7881 254
32.9871 256
32.9932 258
32.9983 258.709
33.0031 247.326
33.0091 237.466
33.0139 228.739
33.0199 221.202
33.0235 214.508
33.0295 208.75
33.0355 203.811
33.0403 199.489
33.0463 195.807
33.0512 192.585
33.056 189.666
33.062 187.212
33.068 185.164
33.0716 183.272
33.0776 181.716
33.0836 180.454
33.0884 179.349
33.0944 178.482
33.098 177.624
33.104 176.873
33.11 176.316
33.1148 175.728
33.1196 175.214
33.1257 174.864
33.1305 174.557
33.1365 174.388
33.1413 174.24
33.1461 174.11
33.1521 174.097
33.1569 173.985
33.9067 175.985
34.1242 173.985
35.5565 173.684
35.6382 175.684
35.8569 173.684
37.3745 175.684
37.5908 173.684
38.7263 167.324
39.1072 169.324
39.3211 167.324
40.8303 169.324
41.0274 162.943
41.0442 160.943
42.5714 162.943
42.7853 160.943
43.159 162.943
43.159 4
43.165 6
43.165 4
43.1722 6
43.1722 4
43.177 6
43.177 4
43.1842 6
43.1842 4
43.1903 6
43.1903 4
43.1963 6
43.1963 4
43.2023 6
43.2023 4
43.2083 6
43.2083 4
43.2143 6
43.2143 4
43.2215 6
43.2215 4
43.2275 6
43.2275 4
43.2335 6
43.2335 4
43.2443 6
43.2443 4
43.2527 6
43.2527 4
43.2587 6
43.2587 4
43.266 6
43.266 4
43.2732 6
43.2732 4
43.2804 6
43.2804 4
43.2864 6
43.2864 4
43.2936 6
43.2936 4
43.3008 6
43.3008 4
43.308 6
43.308 4
43.314 6
43.314 4
43.3224 6
43.3224 4
43.3296 6
43.3296 4
43.3356 6
43.3356 4
43.3429 6
43.3429 4
43.3501 6
43.3501 4
43.3573 6
43.3573 4
43.3621 6
43.3621 4
43.3681 6
43.3681 4
43.3753 6
43.3753 4
43.3813 6
43.3813 4
43.3873 6
43.3873 4
43.3945 6
43.3945 4
43.4005 6
43.4005 4
43.4065 6
43.4065 4
43.4125 6
43.4125 4
43.4174 6
43.4174 4
43.4234 6
43.4234 4
43.4282 6
43.4282 4
43.433 6
43.433 4
43.439 6
43.439 4
43.4438 6
43.4438 4
43.4474 6
43.4474 4
43.4522 6
43.4522 4
43.4582 6
43.4582 4
43.463 6
43.463 4
43.4666 6
43.4666 4
43.4714 6
43.4714 4
43.4762 6
43.4762 4
43.4822 6
43.4822 4
43.4858 6
43.4858 4
43.4907 6
43.4907 4
43.4955 6
43.4955 4
43.5015 6
43.5015 4
43.5051 6
43.5051 4
43.5099 6
43.5099 4
43.5147 6
43.5147 4
43.5195 6
43.5195 4
43.5255 6
43.5255 4
43.5291 6
43.5291 4
43.5339 6
43.5339 4
43.5387 6
43.5387 4
43.5447 6
43.5447 4
43.5483 6
43.5483 4
43.5543 6
43.5543 4
43.5591 6
43.5591 4
43.5652 6
43.5652 4
43.57 6
43.57 4
43.7694 250
43.7694 252
43.7748 254
43.9736 256
43.9791 246.332
43.9845 234.836
43.99 224.778
43.9955 215.977
44.0009 208.275
44.0064 201.537
44.0127 195.731
44.0173 190.561
44.0236 186.128
44.0297 182.249
44.0346 178.855
44.0406 175.977
44.0454 173.367
44.0514 171.175
44.0574 169.257
44.0634 167.67
44.0694 166.282
44.0754 165.158
44.0802 164.084
44.0862 163.235
44.0922 162.492
44.0971 161.843
44.1031 161.274
44.1079 160.685
44.1139 160.261
44.1211 160.073
44.1259 159.818
44.1319 159.594
44.1379 159.49
44.1427 159.307
44.1487 159.238
44.1547 159.178
44.1595 159.126
44.1655 159.08
44.1704 159.04
44.1764 159.005
44.24 161.005
44.4611 159.005
44.6101 159.108
44.6306 159.501
44.6582 159.879
44.6798 160.95
44.7075 161.992
44.7291 162.31
45.9571 164.31
46.1722 162.31
47.6706 164.31
47.8845 162.31
48.5105 159.959
49.3781 161.959
49.592 159.959
50.3586 149.622
51.0892 151.622
51.3055 149.622
52.8099 151.622
53.0117 151.048
53.0225 149.048
54.1797 151.048
54.1797 4
54.1857 6
54.1857 4
54.1917 6
54.1917 4
54.1977 6
54.1977 4
54.2037 6
54.2037 4
54.2097 6
54.2097 4
54.2169 6
54.2169 4
54.2217 6
54.2217 4
54.2277 6
54.2277 4
54.235 6
54.235 4
54.2398 6
54.2398 4
54.247 6
54.247 4
54.253 6
54.253 4
54.2578 6
54.2578 4
54.265 6
54.265 4
54.271 6
54.271 4
54.277 6
54.277 4
54.283 6
54.283 4
54.289 6
54.289 4
54.295 6
54.295 4
54.301 6
54.301 4
54.3083 6
54.3083 4
54.3131 6
54.3131 4
54.3191 6
54.3191 4
54.3263 6
54.3263 4
54.3311 6
54.3311 4
54.3383 6
54.3383 4
54.3443 6
54.3443 4
54.3491 6
54.3491 4
54.3563 6
54.3563 4
54.3623 6
54.3623 4
54.3683 6
54.3683 4
54.3743 6
54.3743 4
54.3803 6
54.3803 4
54.3864 6
54.3864 4
54.3924 6
54.3924 4
54.3996 6
54.3996 4
54.4044 6
54.4044 4
54.4116 6
54.4116 4
54.4188 6
54.4188 4
54.4236 6
54.4236 4
54.4308 6
54.4308 4
54.438 6
54.438 4
54.444 6
54.444 4
54.4512 6
54.4512 4
54.4572 6
54.4572 4
54.4633 6
54.4633 4
54.4705 6
54.4705 4
54.4777 6
54.4777 4
54.4825 6
54.4825 4
54.4909 6
54.4909 4
54.4969 6
54.4969 4
54.5041 6
54.5041 4
54.5101 6
54.5101 4
54.5173 6
54.5173 4
54.5245 6
54.5245 4
54.5305 6
54.5305 4
54.5366 6
54.5366 4
54.5426 6
54.5426 4
54.5486 6
54.5486 4
54.5546 6
54.5546 4
54.5606 6
54.5606 4
54.5666 6
54.5666 4
54.5738 6
54.5738 4
54.5786 6
54.5786 4
54.5858 6
54.5858 4
54.5918 6
54.5918 4
54.599 6
54.599 4
54.6038 6
54.6038 4
54.6099 6
54.6099 4
54.6171 6
54.6171 4
54.6231 6
54.6231 4
54.6279 6
54.6279 4
54.6351 6
54.6351 4
54.8294 250
54.8294 252
54.8395 254
55.0338 256
55.0396 258
55.0455 253.294
55.0513 239.455
55.0571 227.346
55.063 216.667
55.0688 207.323
55.0747 199.147
55.0811 192.077
55.0864 185.89
55.0922 180.477
55.0988 175.74
55.1048 171.596
55.1108 167.97
55.118 164.964
55.1228 162.251
55.1288 159.876
55.136 157.967
55.1408 156.128
55.148 154.686
55.1541 153.425
55.1589 152.155
55.1661 151.294
55.1721 150.541
55.1781 149.882
55.1841 149.305
55.1901 148.801
55.1961 148.36
55.2021 148.057
55.2093 147.876
55.2141 147.635
55.2213 147.507
55.2274 147.395
55.2322 147.213
55.3127 149.213
55.541 147.213
55.6239 148.224
55.6792 148.815
57.0418 150.815
57.2581 148.815
57.4635 149.282
57.4864 149.76
57.5104 150.224
58.7685 152.224
58.9836 150.224
60.4856 152.224
60.7006 150.224
61.7761 150.106
62.2099 152.106
62.4273 150.106
63.9281 152.106
64.0195 151.151
64.1408 149.151
65.2379 147.93
65.2379 4
65.2439 6
65.2439 4
65.2499 6
65.2499 4
65.2571 6
65.2571 4
65.2619 6
65.2619 4
65.2691 6
65.2691 4
65.2739 6
65.2739 4
65.2811 6
65.2811 4
65.2871 6
65.2871 4
65.2932 6
65.2932 4
65.2992 6
65.2992 4
65.3052 6
65.3052 4
65.3112 6
65.3112 4
65.3172 6
65.3172 4
65.3232 6
65.3232 4
65.3292 6
65.3292 4
65.3352 6
65.3352 4
65.3412 6
65.3412 4
65.3484 6
65.3484 4
65.3532 6
65.3532 4
65.3604 6
65.3604 4
65.3653 6
65.3653 4
65.3725 6
65.3725 4
65.3773 6
65.3773 4
65.3845 6
65.3845 4
65.3905 6
65.3905 4
65.3965 6
65.3965 4
65.4025 6
65.4025 4
65.4073 6
65.4073 4
65.4145 6
65.4145 4
65.4205 6
65.4205 4
65.4265 6
65.4265 4
65.4325 6
65.4325 4
65.4386 6
65.4386 4
65.4446 6
65.4446 4
65.4518 6
65.4518 4
65.4566 6
65.4566 4
65.4638 6
65.4638 4
65.4686 6
65.4686 4
65.4758 6
65.4758 4
65.4818 6
65.4818 4
65.4866 6
65.4866 4
65.4938 6
65.4938 4
65.4986 6
65.4986 4
65.5058 6
65.5058 4
65.5118 6
65.5118 4
65.5179 6
65.5179 4
65.5239 6
65.5239 4
65.5299 6
65.5299 4
65.5359 6
65.5359 4
65.5419 6
65.5419 4
65.5479 6
65.5479 4
65.5551 6
65.5551 4
65.5599 6
65.5599 4
65.5671 6
65.5671 4
65.5719 6
65.5719 4
65.5779 6
65.5779 4
65.5851 6
65.5851 4
65.59 6
65.59 4
65.5972 6
65.5972 4
65.602 6
65.602 4
65.6092 6
65.6092 4
65.6152 6
65.6152 4
65.6212 6
65.6212 4
65.6272 6
65.6272 4
65.6332 6
65.6332 4
65.6392 6
65.6392 4
65.6464 6
65.6464 4
65.6512 6
65.6512 4
65.6572 6
65.6572 4
65.6632 6
65.6632 4
65.8587 250
65.8587 252
65.8677 254
66.0632 256
66.069 258
66.0749 244.826
66.0808 232.195
66.0867 221.143
66.0926 211.472
66.0984 203.011
66.1043 195.692
66.1102 189.288
66.1161 183.684
66.122 178.696
66.1278 174.331
66.1337 170.512
66.1401 167.256
66.1462 164.406
66.1522 161.998
66.1582 159.891
66.1642 158.047
66.1714 156.519
66.1762 155.096
66.1834 153.936
66.1882 152.837
66.1954 151.96
66.2014 151.278
66.2062 150.595
66.2134 150.084
66.2182 149.55
66.2255 149.169
66.2315 148.836
66.2375 148.544
66.2435 148.288
66.2495 148.065
66.2555 147.954
66.2627 147.943
66.2675 147.847
66.2747 147.414
66.2795 147.332
66.7638 149.332
66.9801 147.332
67.1375 148.462
67.1711 150.164
67.1951 151.288
67.218 151.765
67.23 152.225
67.2588 153.274
68.4761 155.274
68.6911 153.274
70.1763 152
70.1763 151
70.1763 152
70.4707 153
70.4731 153.274
70.663 59.3577
70.663 60.3577
70.669 62.3577
70.675 64.3577
70.6798 66.3577
70.6858 68.3577
70.6918 70.3577
70.699 72.3577
70.705 74.3577
70.7122 76.3577
70.7182 78.3577
70.7242 80.3577
70.7303 82.3577
70.7375 84.3577
70.7447 86.3577
70.7507 88.3577
70.7579 90.3577
70.7639 92.3577
70.7711 94.3577
70.7783 96.3577
70.7843 98.3577
70.7891 100.358
70.7963 102.358
70.8024 104.358
70.8096 106.358
70.8156 108.358
70.8228 110.358
70.8288 112.358
70.8372 114.358
70.842 116.358
70.848 118.358
70.8552 120.358
70.86 122.358
70.8672 124.358
70.8732 126.358
70.8805 128.358
70.8853 130.358
70.8937 132.358
70.9009 134.358
70.9081 136.358
70.9141 138.358
70.9201 140.358
70.9285 142.358
70.9357 144.358
70.9429 146.358
70.9501 148.358
70.9586 150.358
70.9634 152.358
70.9718 153.274
71.3611 145.817
71.6663 146.688
71.879 148.688
72.0917 146.688
73.5889 148.688
73.8003 146.688
75.2879 148.688
75.5006 146.688
76.2841 148.688
76.2841 4
76.2913 6
76.2913 4
76.2973 6
76.2973 4
76.3033 6
76.3033 4
76.3081 6
76.3081 4
76.3153 6
76.3153 4
76.3213 6
76.3213 4
76.3261 6
76.3261 4
76.3321 6
76.3321 4
76.3381 6
76.3381 4
76.3441 6
76.3441 4
76.3501 6
76.3501 4
76.3561 6
76.3561 4
76.361 6
76.361 4
76.3682 6
76.3682 4
76.3742 6
76.3742 4
76.3802 6
76.3802 4
76.385 6
76.385 4
76.391 6
76.391 4
76.3982 6
76.3982 4
76.403 6
76.403 4
76.409 6
76.409 4
76.415 6
76.415 4
76.421 6
76.421 4
76.427 6
76.427 4
76.433 6
76.433 4
76.4379 6
76.4379 4
76.4451 6
76.4451 4
76.4511 6
76.4511 4
76.4571 6
76.4571 4
76.4619 6
76.4619 4
76.4679 6
76.4679 4
76.4751 6
76.4751 4
76.4811 6
76.4811 4
76.4871 6
76.4871 4
76.4943 6
76.4943 4
76.5003 6
76.5003 4
76.5063 6
76.5063 4
76.5136 6
76.5136 4
76.5208 6
76.5208 4
76.528 6
76.528 4
76.5352 6
76.5352 4
76.5424 6
76.5424 4
76.5484 6
76.5484 4
76.5556 6
76.5556 4
76.5616 6
76.5616 4
76.5688 6
76.5688 4
76.5748 6
76.5748 4
76.582 6
76.582 4
76.5893 6
76.5893 4
76.5965 6
76.5965 4
76.6049 6
76.6049 4
76.6121 6
76.6121 4
76.6193 6
76.6193 4
76.6253 6
76.6253 4
76.6313 6
76.6313 4
76.6385 6
76.6385 4
76.6457 6
76.6457 4
76.6529 6
76.6529 4
76.6577 6
76.6577 4
76.665 6
76.665 4
76.6722 6
76.6722 4
76.6794 6
76.6794 4
76.6842 6
76.6842 4
76.6914 6
76.6914 4
76.6986 6
76.6986 4
76.7046 6
76.7046 4
76.7106 6
76.7106 4
76.7178 6
76.7178 4
76.7238 6
76.7238 4
76.7298 6
76.7298 4
76.7359 6
76.7359 4
76.9313 153.274
76.9313 155.274
76.9405 157.274
77.136 159.274
77.1423 161.274
77.1486 163.274
77.1549 165.274
77.1612 167.274
77.1675 169.274
77.1738 171.274
77.1801 173.274
77.1864 175.274
77.1927 175.421
77.199 170.376
77.2053 165.963
77.2116 162.102
77.2188 158.722
77.2249 155.766
77.2321 153.338
77.2381 151.133
77.2441 149.205
77.2513 147.597
77.2585 146.189
77.2633 144.878
77.2705 143.811
77.2777 142.877
77.2837 142.06
77.2909 141.424
77.2969 140.868
77.303 140.302
77.3102 139.965
77.3174 139.749
77.3222 139.403
77.3294 139.178
77.3366 139.061
77.3426 138.531
77.3486 138.372
77.3558 138.313
77.3618 138.26
77.8521 140.26
78.066 138.26
78.1597 140.26
78.1657 140.339
78.1825 141.114
78.2739 141.391
79.568 143.391
79.7807 141.391
80.0005 143.113
80.0258 143.657
80.7011 144.22
81.2706 146.22
81.4821 144.22
81.8462 144.401
81.8714 144.804
82.9889 146.804
83.2004 144.804
84.7072 146.804
84.9223 144.804
86.4183 146.804
86.631 144.804
86.7067 141.585
87.3652 143.585
87.3652 4
87.37 6
87.37 4
87.3748 6
87.3748 4
87.3808 6
87.3808 4
87.3868 6
87.3868 4
87.3916 6
87.3916 4
87.3964 6
87.3964 4
87.4012 6
87.4012 4
87.4072 6
87.4072 4
87.412 6
87.412 4
87.418 6
87.418 4
87.4228 6
87.4228 4
87.4288 6
87.4288 4
87.4336 6
87.4336 4
87.4385 6
87.4385 4
87.4433 6
87.4433 4
87.4493 6
87.4493 4
87.4553 6
87.4553 4
87.4601 6
87.4601 4
87.4649 6
87.4649 4
87.4709 6
87.4709 4
87.4757 6
87.4757 4
87.4805 6
87.4805 4
87.4865 6
87.4865 4
87.4925 6
87.4925 4
87.4973 6
87.4973 4
87.5021 6
87.5021 4
87.5069 6
87.5069 4
87.513 6
87.513 4
87.519 6
87.519 4
87.5238 6
87.5238 4
87.5298 6
87.5298 4
87.5358 6
87.5358 4
87.5418 6
87.5418 4
87.5478 6
87.5478 4
87.555 6
87.555 4
87.5598 6
87.5598 4
87.567 6
87.567 4
87.5742 6
87.5742 4
87.579 6
87.579 4
87.5863 6
87.5863 4
87.5923 6
87.5923 4
87.5983 6
87.5983 4
87.6043 6
87.6043 4
87.6115 6
87.6115 4
87.6163 6
87.6163 4
87.6235 6
87.6235 4
87.6307 6
87.6307 4
87.6355 6
87.6355 4
87.6427 6
87.6427 4
87.6499 6
87.6499 4
87.6583 6
87.6583 4
87.6644 6
87.6644 4
87.6716 6
87.6716 4
87.6776 6
87.6776 4
87.6848 6
87.6848 4
87.6932 6
87.6932 4
87.7004 6
87.7004 4
87.7064 6
87.7064 4
87.7124 6
87.7124 4
87.7196 6
87.7196 4
87.7268 6
87.7268 4
87.7316 6
87.7316 4
87.7389 6
87.7389 4
87.7449 6
87.7449 4
87.7509 6
87.7509 4
87.7581 6
87.7581 4
87.7641 6
87.7641 4
87.7701 6
87.7701 4
87.9687 153.274
87.9687 155.274
87.9748 157.274
88.1732 159.274
88.1794 161.274
88.1856 163.274
88.1917 165.274
88.1979 167.274
88.2041 169.274
88.2102 171.274
88.2164 172.725
88.2226 168.381
88.2287 164.498
88.2349 161.1
88.2411 158.209
88.2476 155.679
88.2541 153.546
88.2601 151.599
88.2674 149.976
88.2734 148.556
88.2794 147.314
88.2866 146.307
88.2926 145.427
88.2986 144.576
88.3046 143.831
88.3118 143.26
88.3178 142.76
88.3238 142.324
88.331 142.104
88.337 141.829
88.3431 141.59
88.3491 141.381
88.3563 141.278
88.3623 141.189
88.3683 141.11
88.3755 141.042
88.3803 140.901
88.3875 140.858
88.8706 142.858
89.0808 140.858
89.183 142.858
89.1902 143.071
89.207 145.071
89.2118 145.135
90.5756 147.135
90.7895 145.135
91.0226 145.455
91.0455 146.436
91.7135 147.25
92.2843 149.25
92.4958 147.25
93.981 149.25
94.1936 147.25
95.6812 149.25
95.8951 147.25
96.085 146.75
97.3839 143.308
97.3911 145.308
97.605 143.308
98.3884 145.308
98.3884 4
98.3944 6
98.3944 4
98.3992 6
98.3992 4
98.404 6
98.404 4
98.4089 6
98.4089 4
98.4149 6
98.4149 4
98.4209 6
98.4209 4
98.4257 6
98.4257 4
98.4305 6
98.4305 4
98.4353 6
98.4353 4
98.4413 6
98.4413 4
98.4461 6
98.4461 4
98.4509 6
98.4509 4
98.4569 6
98.4569 4
98.4629 6
98.4629 4
98.4677 6
98.4677 4
98.4725 6
98.4725 4
98.4773 6
98.4773 4
98.4822 6
98.4822 4
98.4894 6
98.4894 4
98.4942 6
98.4942 4
98.499 6
98.499 4
98.5038 6
98.5038 4
98.5098 6
98.5098 4
98.5146 6
98.5146 4
98.5218 6
98.5218 4
98.5278 6
98.5278 4
98.5326 6
98.5326 4
98.5398 6
98.5398 4
98.5446 6
98.5446 4
98.5518 6
98.5518 4
98.5579 6
98.5579 4
98.5639 6
98.5639 4
98.5711 6
98.5711 4
98.5771 6
98.5771 4
98.5831 6
98.5831 4
98.5891 6
98.5891 4
98.5963 6
98.5963 4
98.6011 6
98.6011 4
98.6083 6
98.6083 4
98.6131 6
98.6131 4
98.6203 6
98.6203 4
98.6263 6
98.6263 4
98.6324 6
98.6324 4
98.6396 6
98.6396 4
98.6456 6
98.6456 4
98.654 6
98.654 4
98.66 6
98.66 4
98.6672 6
98.6672 4
98.6732 6
98.6732 4
98.6792 6
98.6792 4
98.6864 6
98.6864 4
98.6924 6
98.6924 4
98.6984 6
98.6984 4
98.7044 6
98.7044 4
98.7117 6
98.7117 4
98.7165 6
98.7165 4
98.7237 6
98.7237 4
98.7297 6
98.7297 4
98.7357 6
98.7357 4
98.7429 6
98.7429 4
98.7489 6
98.7489 4
98.7549 6
98.7549 4
98.7609 6
98.7609 4
98.7681 6
98.7681 4
98.7729 6
98.7729 4
98.7801 6
98.7801 4
98.785 6
98.785 4
98.7922 6
98.7922 4
98.9865 153.274
98.9865 155.274
98.9967 157.274
99.191 159.274
99.197 161.274
99.2031 163.274
99.2091 165.274
99.2152 167.274
99.2213 169.274
99.2273 171.274
99.2334 173.274
99.2394 175.274
99.2455 175.156
99.2515 170.724
99.2576 166.847
99.2637 163.454
99.2709 160.568
99.2769 158.043
99.2829 155.833
99.2889 153.899
99.2949 152.208
99.3021 150.892
99.307 149.577
99.3142 148.59
99.3202 147.727
99.3262 146.972
99.3334 146.394
99.3394 145.887
99.3454 145.445
99.3514 145.057
99.3586 144.718
99.3634 144.339
99.3706 144.09
99.3766 143.872
99.3827 143.681
99.3899 143.597
99.3959 143.523
99.4019 143.459
99.4079 143.402
99.677 145.402
99.8909 143.402
99.9907 144.546
