0.200111 10
0.401625 11
0.408835 13
0.416044 15
0.423254 17
0.430464 19
0.61696 21
0.630801 23
0.644642 25
0.658482 27
0.672323 29
0.686164 31
0.700005 33
0.713846 35
0.804613 37
0.818454 39
0.832294 41
0.846135 43
0.859976 45
0.873817 47
0.887434 49
0.900078 51
0.91102 53
0.947899 55
0.956977 57
0.966055 59
0.975146 61
0.984312 63
1.00611 65
1.01518 67
1.02426 69
1.03254 71
1.04082 73
1.0491 75
1.05738 77
1.06566 79
1.07394 81
1.08221 83
1.09049 85
1.09866 87
1.10683 89
1.115 91
1.12317 93
1.13134 95
1.13951 97
1.14761 99
1.15542 101
1.16284 103
1.17015 105
1.17736 107
1.18457 109
1.19178 111
1.19779 113
1.205 115
1.21221 117
1.21942 119
1.22663 121
1.23384 123
1.24105 125
1.24826 127
1.25547 129
1.26268 131
1.26989 133
1.2771 135
1.28431 137
1.29152 139
1.29873 141
1.30593 143
1.31314 145
1.32035 147
1.32756 149
1.33477 151
1.34198 153
1.34919 155
1.3564 157
1.36361 159
1.37082 161
1.37803 163
1.39245 165
1.46455 167
1.78659 166
1.78659 165
1.78659 166
1.79261 164
1.79982 162
1.80702 160
1.81423 158
1.82144 156
1.82865 154
1.83586 152
1.84307 150
1.85028 148
1.85749 146
1.8647 144
1.87191 142
1.87912 140
1.89354 138
1.96564 136
2.12064 137
2.12305 138
2.12665 139
2.12905 140
2.13506 141
2.13746 142
2.14107 143
2.14347 144
2.14948 145
2.15188 146
2.15549 147
2.15789 148
2.1639 149
2.1663 150
2.16991 151
2.17231 152
2.17832 153
2.18072 154
2.18433 155
2.18673 156
2.19274 157
2.19514 158
2.19875 159
2.20115 160
2.20716 161
2.20956 162
2.21317 163
2.21557 164
2.22158 165
2.22398 166
2.22758 167
2.27325 166
2.27325 167
2.27925 166
2.27925 167
2.28046 166
2.28046 167
2.28646 166
2.28646 167
2.28766 166
2.28766 167
2.29367 166
2.29367 167
2.29487 166
2.29487 167
2.30088 166
2.30088 167
2.30208 166
2.30208 167
2.30809 166
2.30809 167
2.30929 166
2.30929 167
2.3153 166
2.3153 167
2.3165 166
2.3165 167
2.32251 166
2.32251 167
2.32371 166
2.32371 167
2.32972 166
2.32972 167
2.33092 166
2.33092 167
2.33693 166
2.33693 167
2.33813 166
2.33813 167
2.34414 166
2.34414 167
2.34534 166
2.34534 167
2.35135 166
2.35135 167
2.35255 166
2.35255 167
2.35856 166
2.35856 167
2.35976 166
2.35976 167
2.36577 166
2.36577 167
2.36696 166
2.36696 167
2.38018 166
2.38018 167
2.38137 166
2.38137 167
2.45227 166
2.45227 167
2.45346 2.96614e+06
2.60968 1.99931
2.60968 4
2.61329 5
2.61449 248
2.61449 247
2.61449 248
2.61569 247
2.62772 246
2.62892 244
2.64214 243
2.64334 241
2.65656 240
2.65776 238
2.67098 237
2.67218 235
2.68539 234
2.6866 232
2.69981 231
2.70102 229
2.71423 228
2.71543 226
2.95455 219
2.95575 217
2.96537 214
3.03987 197
3.10716 196
3.10716 156.914
3.11076 155.914
3.11076 156.914
3.11437 155.914
3.11437 156.914
3.11797 155.914
3.11797 156.914
3.12158 155.914
3.12158 156.914
3.12518 155.914
3.12518 156.914
3.12878 155.914
3.12878 156.914
3.13239 155.914
3.13239 156.914
3.13599 155.914
3.13599 156.914
3.1396 155.914
3.1396 156.914
3.1432 155.914
3.1432 156.914
3.14681 155.914
3.14681 156.914
3.15041 155.914
3.15041 156.914
3.15402 155.914
3.15402 156.914
3.15762 155.914
3.15762 156.914
3.16243 155.914
3.16243 156.914
3.16483 155.914
3.16483 156.914
3.16844 155.914
3.16844 156.914
3.17204 155.914
3.17204 156.914
3.17565 155.914
3.17565 156.914
3.17925 155.914
3.17925 156.914
3.18286 155.914
3.18286 156.914
3.19247 136.914
3.19247 137.914
3.19607 138.914
3.19968 139.914
3.20328 140.914
3.20689 141.914
3.21049 142.914
3.2141 143.914
3.2177 144.914
3.22131 145.914
3.22491 146.914
3.22852 145.914
3.22852 146.914
3.23212 145.914
3.23212 146.914
3.23573 145.914
3.23573 146.914
3.23813 145.914
3.23813 146.914
3.24174 145.914
3.24174 146.914
3.24414 145.914
3.24414 146.914
3.24774 145.914
3.24774 146.914
3.25135 145.914
3.25135 146.914
3.25495 145.914
3.25495 146.914
3.25736 145.914
3.25736 146.914
3.25976 145.914
3.25976 146.914
3.26336 145.914
3.26336 146.914
3.26697 145.914
3.26697 146.914
3.2683 145.914
3.2683 146.914
3.27045 145.914
3.27045 146.914
3.27285 145.914
3.27285 146.914
3.27525 145.914
3.27525 146.914
3.27685 145.914
3.27685 146.914
3.27899 145.914
3.27899 146.914
3.28112 145.914
3.28112 146.914
3.28352 145.914
3.28352 146.914
3.28593 145.914
3.28593 146.914
3.28753 145.914
3.28753 146.914
3.28966 145.914
3.28966 146.914
3.29289 145.914
3.29289 146.914
3.29529 145.914
3.29529 146.914
3.29649 145.914
3.29649 146.914
3.29889 145.914
3.29889 146.914
3.3013 145.914
3.3013 146.914
3.3049 147.914
3.3061 148.914
3.30851 149.914
3.31091 150.914
3.31331 151.914
3.31572 152.914
3.31812 153.914
3.32052 154.914
3.40584 153.914
3.40584 154.914
3.40944 153.914
3.40944 154.914
3.41064 153.914
3.41064 154.914
3.41305 153.914
3.41305 154.914
3.41545 153.914
3.41545 154.914
3.41905 153.914
3.41905 154.914
3.42026 153.914
3.42026 154.914
3.42266 153.914
3.42266 154.914
3.42506 153.914
3.42506 154.914
3.42747 153.914
3.42747 154.914
3.42987 153.914
3.42987 154.914
3.43227 153.914
3.43227 154.914
3.43468 153.914
3.43468 154.914
3.43708 153.914
3.43708 154.914
3.43948 153.914
3.43948 154.914
3.44189 153.914
3.44189 154.914
3.44429 153.914
3.44429 154.914
3.44669 153.914
3.44669 154.914
3.44909 153.914
3.44909 154.914
3.4503 153.914
3.4503 154.914
3.46231 155.914
3.46712 156.914
3.46952 157.914
3.47193 158.914
3.47313 159.914
3.47553 160.914
3.47913 161.914
3.48274 162.914
3.48514 163.914
3.48755 164.914
3.49115 165.914
3.49476 166.914
3.50076 167.914
3.50437 168.914
3.50797 169.914
3.51158 170.914
3.51759 171.823
3.60126 1
3.6017 2
3.6017 4
3.6053 5
3.60891 6
3.61251 7
3.61612 8
3.61972 9
3.62333 10
3.62693 11
3.63054 12
3.63534 13
3.63775 14
3.64135 15
3.64496 16
3.64976 17
3.65217 18
3.65577 19
3.65937 20
3.66418 21
3.66899 22
3.67259 23
3.6762 24
3.681 25
3.68461 26
3.68821 27
3.69182 28
3.69662 5.10083
3.73868 5.15953
3.74229 5.2942
3.74469 5.42887
3.74709 5.56423
3.74949 5.6989
3.7531 5.83356
3.7555 5.96961
3.75791 6.10428
3.76031 6.23964
3.76391 6.37431
3.76512 6.50898
3.76872 6.64434
3.77112 6.77901
3.77473 6.91367
3.77593 7.04903
3.77953 7.1837
3.78194 7.31975
3.78554 7.45442
3.78674 7.58909
3.79035 7.72445
3.79275 7.85912
3.79516 7.99448
3.79756 8.12914
3.80116 8.26381
3.80357 8.39917
3.80597 8.53384
3.80837 8.66851
3.81198 8.80456
3.81438 8.93923
3.81678 9.07459
3.81919 9.20925
3.82279 9.34392
3.8252 9.47928
3.8276 9.61395
3.83 9.74862
3.83361 9.88398
3.83601 10.0186
3.83841 10.1547
3.84082 10.2894
3.84442 10.424
3.84682 10.5594
3.84923 10.6941
3.85163 10.8287
3.85403 10.9641
3.85521 11.0988
4.86084 13.0988
5.31398 13.6347
5.88715 13.759
5.98087 13.98
7.43841 15.4006
7.86738 16.1202
9.04255 17.4351
9.3838 18.3999
9.98701 20.3999
10.0447 20.4047
10.2177 15.7742
10.2177 4
10.2754 6
10.2754 4
10.3319 6
10.3319 4
10.3931 6
10.3931 4
10.4532 6
10.4532 4
10.5145 6
10.5145 4
10.5602 6
10.5602 4
10.7458 248
10.7458 26.8419
10.8051 26.3425
10.9787 25.6533
11.0376 25.0504
11.0977 24.5311
11.1577 24.0856
11.2166 23.6954
11.2767 23.3626
11.3356 23.0711
11.3957 24.8336
11.463 24.6934
11.8847 26.6934
11.9304 27.1623
11.9784 28.232
12.0746 28.1809
12.1226 28.1008
12.1659 28.0214
12.2079 28.9468
12.25 28.9026
12.2897 28.8646
12.3305 28.8522
12.53 30.8522
12.5684 32.3854
12.9001 34.3854
12.9337 34.491
13.2029 36.491
13.2401 37.3163
13.3951 35.3163
13.609 37.3163
13.6306 37.4378
13.6571 38.1257
13.6847 40.1257
13.722 41.1367
15.272 43.1367
15.5544 42.3785
15.8824 43.8481
17.1718 45.0256
17.471 47.0256
17.7389 45.0256
18.0273 45.6899
18.1138 47.3881
18.8744 49.3108
19.6374 51.3108
19.9018 49.3108
20.231 49.9669
20.3031 50.4233
20.3187 52.4233
20.3356 52.5863
21.6237 53.7472
21.7951 54.8432
21.8164 53.9088
21.8377 53.0912
21.8587 52.3757
21.8797 51.7493
21.9007 51.2017
21.9217 50.7224
21.9427 50.3025
21.9637 49.9358
21.9847 49.6146
22.0062 49.3577
22.0242 49.1084
22.0423 48.9144
22.0603 49.7355
22.0783 49.6291
22.0963 49.5849
22.1144 49.5704
22.1504 51.5704
22.1684 52.2707
22.2237 53.9606
22.4172 55.7265
22.5169 57.7265
22.5325 57.75
22.6298 59.4261
22.6635 57.4261
22.7416 59
24.2556 61
24.4815 59
26.0616 61
26.2827 59
26.5723 59.4199
26.6504 59.5559
26.6624 59.9682
26.6936 60.2465
26.7069 60.5276
26.7189 61.0988
27.8676 63.0988
28.0923 61.0988
28.4372 61.8004
28.4708 62.0884
28.4804 62.8204
28.4948 62.9689
28.5081 63.4192
28.5201 64.0311
29.6808 66.0311
29.9079 64.0311
30.1987 64.3805
30.2107 64.6851
30.2203 66.5504
30.2396 66.7086
30.2504 67.1885
30.2636 67.5124
30.2756 68.0041
30.2888 68.1706
30.2997 68.4275
31.4808 70.4275
31.7007 68.4275
31.9867 68.5787
32.0143 69.239
32.0239 71.1285
32.0432 71.3011
32.054 71.6478
32.066 71.9986
32.0792 72.105
32.1201 73.6112
32.1201 4
32.1489 6
32.1489 4
32.1645 6
32.1645 4
32.1814 6
32.1814 4
32.1994 6
32.1994 4
32.2186 6
32.2186 4
32.2366 6
32.2366 4
32.2547 6
32.2547 4
32.2727 6
32.2727 4
32.2907 6
32.2907 4
32.3099 6
32.3099 4
32.328 6
32.328 4
32.346 6
32.346 4
32.3592 6
32.3592 4
32.3748 6
32.3748 4
32.388 6
32.388 4
32.4037 6
32.4037 4
32.4169 6
32.4169 4
32.4313 6
32.4313 4
32.4457 6
32.4457 4
32.4601 6
32.4601 4
32.4733 6
32.4733 4
32.4866 6
32.4866 4
32.501 6
32.501 4
32.5154 6
32.5154 4
32.5286 6
32.5286 4
32.5418 6
32.5418 4
32.7301 248
32.7301 137.436
32.7498 135.229
32.9381 126.935
32.9511 119.677
32.9642 113.327
32.9772 107.771
32.9908 102.909
33.0043 98.6934
33.0175 95.0041
33.0319 91.8149
33.0451 89.0628
33.0596 86.6927
33.0728 84.6195
33.0872 82.8819
33.1004 81.3612
33.1136 80.0311
33.1269 78.8667
33.1425 77.9634
33.1557 77.1727
33.1689 76.4814
33.1821 75.9144
33.1965 75.4565
33.2098 75.0566
33.2242 74.7831
33.2374 74.5435
33.2518 74.3722
33.265 74.261
33.2783 74.1637
33.2915 74.0787
33.3059 74.0421
33.4981 76.0421
33.801 74.0421
33.8694 76.0421
33.8803 76.116
33.9139 78.116
33.9271 78.8343
33.9608 80.4979
34.0184 82.4979
34.0293 83.4365
34.6901 84.3771
34.7394 84.8122
35.3642 86.8122
35.5961 84.8122
35.9374 85.0325
35.9783 86.0249
37.2183 88.0249
37.4442 86.0249
39.0604 88.0249
39.2959 86.0249
39.5602 87.2148
40.9048 89.2148
41.1367 87.2148
41.514 87.9475
41.52 88.7921
41.5284 89.1581
41.5381 89.1802
41.5477 89.2023
41.5573 89.2244
42.7613 91.2244
42.9908 89.2244
43.3128 89.8674
43.3128 4
43.32 6
43.32 4
43.3284 6
43.3284 4
43.3368 6
43.3368 4
43.3453 6
43.3453 4
43.3525 6
43.3525 4
43.3609 6
43.3609 4
43.3669 6
43.3669 4
43.3741 6
43.3741 4
43.3825 6
43.3825 4
43.3897 6
43.3897 4
43.3969 6
43.3969 4
43.4053 6
43.4053 4
43.4162 6
43.4162 4
43.4318 6
43.4318 4
43.4426 6
43.4426 4
43.4558 6
43.4558 4
43.4678 6
43.4678 4
43.4798 6
43.4798 4
43.4931 6
43.4931 4
43.5063 6
43.5063 4
43.5183 6
43.5183 4
43.5303 6
43.5303 4
43.5423 6
43.5423 4
43.5555 6
43.5555 4
43.5712 6
43.5712 4
43.5784 6
43.5784 4
43.5856 6
43.5856 4
43.5928 6
43.5928 4
43.6012 6
43.6012 4
43.6036 6
43.6036 4
43.606 6
43.606 4
43.6084 6
43.6084 4
43.6108 6
43.6108 4
43.6132 6
43.6132 4
43.6156 6
43.6156 4
43.618 6
43.618 4
43.6204 6
43.6204 4
43.8195 248
43.8195 154.084
43.8295 151.974
44.0273 144.044
44.037 137.055
44.0478 130.99
44.0586 125.733
44.0682 121.134
44.079 117.159
44.0898 113.682
44.0995 110.639
44.1103 108.026
44.1199 105.69
44.1307 103.696
44.1415 102.002
44.1511 100.519
44.1619 99.2721
44.1728 98.2314
44.1824 97.3204
44.1932 96.5732
44.204 95.9199
44.2136 95.3481
44.2244 94.8978
44.2352 94.5546
44.2449 94.2037
44.2557 93.9468
44.2665 93.7721
44.2749 93.5193
44.2857 93.3481
44.2953 93.1982
44.3061 93.1167
44.3169 93.0463
44.3266 92.9841
44.3374 92.98
44.9322 94.98
44.9406 96.364
45.0031 98.364
45.2314 96.364
45.4092 98.0967
45.444 99.9876
45.4705 101.034
45.5125 103.034
45.5246 104.035
46.7983 106.035
46.9316 106.65
47.0278 104.65
48.591 106.65
48.8169 104.65
50.3754 106.65
50.5977 104.65
50.9414 104.872
50.9882 105.131
51.9207 105.173
51.9519 106.143
52.0012 107.134
52.1586 109.134
52.3833 107.134
52.7318 108.621
52.7618 109.456
53.6654 109.744
53.8 110.432
53.9502 112.432
54.1773 110.432
54.3419 112.432
54.3419 4
54.3503 6
54.3503 4
54.3587 6
54.3587 4
54.3671 6
54.3671 4
54.3755 6
54.3755 4
54.3852 6
54.3852 4
54.3936 6
54.3936 4
54.4032 6
54.4032 4
54.4092 6
54.4092 4
54.4164 6
54.4164 4
54.4248 6
54.4248 4
54.432 6
54.432 4
54.4392 6
54.4392 4
54.4464 6
54.4464 4
54.4548 6
54.4548 4
54.4621 6
54.4621 4
54.4693 6
54.4693 4
54.4753 6
54.4753 4
54.4837 6
54.4837 4
54.4897 6
54.4897 4
54.4981 6
54.4981 4
54.5053 6
54.5053 4
54.5125 6
54.5125 4
54.5197 6
54.5197 4
54.5281 6
54.5281 4
54.5354 6
54.5354 4
54.545 6
54.545 4
54.5534 6
54.5534 4
54.5618 6
54.5618 4
54.5714 6
54.5714 4
54.581 6
54.581 4
54.5882 6
54.5882 4
54.5966 6
54.5966 4
54.6062 6
54.6062 4
54.6147 6
54.6147 4
54.6243 6
54.6243 4
54.6327 6
54.6327 4
54.6435 6
54.6435 4
54.6507 6
54.6507 4
54.6567 6
54.6567 4
54.6627 6
54.6627 4
54.6687 6
54.6687 4
54.6747 6
54.6747 4
54.6771 6
54.6771 4
54.6795 6
54.6795 4
54.6819 6
54.6819 4
54.6844 6
54.6844 4
54.6868 6
54.6868 4
54.6892 6
54.6892 4
54.6916 6
54.6916 4
54.694 6
54.694 4
54.8931 248
54.8931 203.565
54.9013 198.683
55.1 186.896
55.1084 176.642
55.1168 167.671
55.1252 159.881
55.1336 153.004
55.1432 147.108
55.1517 141.948
55.1601 137.434
55.1685 133.483
55.1769 130.028
55.1853 127.064
55.1949 124.47
55.2033 122.261
55.2129 120.388
55.2201 118.689
55.2286 117.203
55.2382 116.023
55.2466 114.93
55.255 113.974
55.2646 113.258
55.2718 112.57
55.2802 111.97
55.2898 111.504
55.2982 111.157
55.3067 110.793
55.3151 110.535
55.3235 110.309
55.3331 110.232
55.3415 110.104
55.3487 109.932
55.3583 109.902
55.3667 109.816
55.3752 109.8
55.3836 109.787
55.392 111.775
55.6263 109.775
55.9051 110.428
55.9123 111.314
55.9303 111.406
55.9651 111.504
57.1727 113.504
57.3902 111.504
57.7351 111.742
57.7759 111.826
57.7844 112.194
57.7916 112.565
57.8012 112.939
57.8096 113.315
57.8192 113.693
58.9271 115.693
59.1458 113.693
60.6826 115.693
60.9061 113.693
62.3685 112.873
62.4502 114.873
62.6701 112.873
64.2237 114.873
64.4484 112.873
64.7645 113.156
65.3953 110.89
65.3953 4
65.4037 6
65.4037 4
65.4133 6
65.4133 4
65.4217 6
65.4217 4
65.4289 6
65.4289 4
65.4373 6
65.4373 4
65.4458 6
65.4458 4
65.4542 6
65.4542 4
65.4626 6
65.4626 4
65.471 6
65.471 4
65.4794 6
65.4794 4
65.4878 6
65.4878 4
65.495 6
65.495 4
65.5046 6
65.5046 4
65.513 6
65.513 4
65.5203 6
65.5203 4
65.5287 6
65.5287 4
65.5371 6
65.5371 4
65.5455 6
65.5455 4
65.5539 6
65.5539 4
65.5623 6
65.5623 4
65.5707 6
65.5707 4
65.5791 6
65.5791 4
65.5863 6
65.5863 4
65.5948 6
65.5948 4
65.6044 6
65.6044 4
65.6116 6
65.6116 4
65.62 6
65.62 4
65.6284 6
65.6284 4
65.6368 6
65.6368 4
65.6452 6
65.6452 4
65.6536 6
65.6536 4
65.662 6
65.662 4
65.6693 6
65.6693 4
65.6741 6
65.6741 4
65.6789 6
65.6789 4
65.6849 6
65.6849 4
65.6897 6
65.6897 4
65.6945 6
65.6945 4
65.6993 6
65.6993 4
65.7041 6
65.7041 4
65.7089 6
65.7089 4
65.7149 6
65.7149 4
65.7185 6
65.7185 4
65.7209 6
65.7209 4
65.7233 6
65.7233 4
65.7257 6
65.7257 4
65.7281 6
65.7281 4
65.7305 6
65.7305 4
65.7329 6
65.7329 4
65.7353 6
65.7353 4
65.7377 6
65.7377 4
65.7402 6
65.7402 4
65.9392 248
65.9392 198.975
65.9472 196.428
66.145 185.383
66.1534 175.781
66.1618 167.38
66.1702 160.091
66.1786 153.714
66.187 148.197
66.1942 143.369
66.2026 139.144
66.211 135.511
66.2194 132.332
66.2279 129.55
66.2363 127.179
66.2447 125.104
66.2519 123.226
66.2603 121.645
66.2687 120.262
66.2783 119.177
66.2855 118.166
66.2939 117.28
66.3024 116.569
66.3096 115.883
66.318 115.283
66.3264 114.821
66.3348 114.416
66.3432 114.126
66.3516 113.871
66.36 113.711
66.3672 113.508
66.3757 113.331
66.4009 113.301
66.4345 115.301
66.7265 116.2
66.7554 114.2
66.7686 116.2
66.777 117.27
66.7974 119.27
66.8046 119.733
66.8263 121.569
66.8539 123.353
66.8899 125.085
66.9392 126.768
67.5496 128.768
67.5556 129.738
68.2057 131.738
68.428 129.738
69.9696 131.738
70.1931 129.738
70.4791 116
70.4791 115
70.4791 116
70.4996 115
70.6834 114
70.6834 115
70.687 116
70.693 117
70.6966 118
70.7002 119
70.7062 120
70.7087 121
70.7135 122
70.7171 123
70.7219 124
70.7267 125
70.7315 126
70.7339 127
70.7387 128
70.7435 129
70.7471 129.738
70.9454 128.738
70.9454 129.738
70.9646 128.738
70.9646 129.738
71.122 59.6595
71.122 60.6595
71.1268 62.6595
71.1304 64.6595
71.1352 66.6595
71.1388 68.6595
71.1436 70.6595
71.1472 72.6595
71.152 74.6595
71.1556 76.6595
71.1604 78.6595
71.164 80.6595
71.1688 82.6595
71.1724 84.6595
71.1773 86.6595
71.1821 88.6595
71.1857 90.6595
71.1905 92.6595
71.1977 94.6595
71.2061 96.6595
71.2133 98.6595
71.2205 100.66
71.2289 102.66
71.2361 104.66
71.2445 106.66
71.2518 108.66
71.2602 110.66
71.2674 112.66
71.2746 114.66
71.283 116.66
71.2902 118.66
71.2986 120.66
71.3058 122.66
71.3142 124.66
71.3214 126.66
71.3299 128.66
71.3371 129.738
71.7252 131.738
71.9475 129.738
72.0664 128.01
73.4735 130.01
73.6958 128.01
75.2302 130.01
75.4525 128.01
76.2744 125.139
76.4078 127.139
76.4078 4
76.4138 6
76.4138 4
76.4222 6
76.4222 4
76.4282 6
76.4282 4
76.4355 6
76.4355 4
76.4427 6
76.4427 4
76.4499 6
76.4499 4
76.4559 6
76.4559 4
76.4631 6
76.4631 4
76.4703 6
76.4703 4
76.4787 6
76.4787 4
76.4859 6
76.4859 4
76.4931 6
76.4931 4
76.5015 6
76.5015 4
76.5088 6
76.5088 4
76.516 6
76.516 4
76.522 6
76.522 4
76.5292 6
76.5292 4
76.5376 6
76.5376 4
76.5448 6
76.5448 4
76.5532 6
76.5532 4
76.5604 6
76.5604 4
76.5676 6
76.5676 4
76.576 6
76.576 4
76.5832 6
76.5832 4
76.5905 6
76.5905 4
76.5977 6
76.5977 4
76.6037 6
76.6037 4
76.6109 6
76.6109 4
76.6181 6
76.6181 4
76.6265 6
76.6265 4
76.6337 6
76.6337 4
76.6409 6
76.6409 4
76.6481 6
76.6481 4
76.6565 6
76.6565 4
76.6638 6
76.6638 4
76.671 6
76.671 4
76.677 6
76.677 4
76.6854 6
76.6854 4
76.6938 6
76.6938 4
76.6998 6
76.6998 4
76.7094 6
76.7094 4
76.7166 6
76.7166 4
76.725 6
76.725 4
76.7322 6
76.7322 4
76.7431 6
76.7431 4
76.7479 6
76.7479 4
76.7527 6
76.7527 4
76.7575 6
76.7575 4
76.7623 6
76.7623 4
76.7671 6
76.7671 4
76.7719 6
76.7719 4
76.7767 6
76.7767 4
76.7815 6
76.7815 4
76.7863 6
76.7863 4
76.7911 6
76.7911 4
76.7959 6
76.7959 4
76.8007 6
76.8007 4
76.8043 6
76.8043 4
76.8067 6
76.8067 4
76.8092 6
76.8092 4
76.8116 6
76.8116 4
77.0106 129.738
77.0106 131.738
77.0178 133.738
77.2164 135.738
77.2237 137.738
77.2309 139.738
77.2393 141.738
77.2465 143.738
77.2537 145.738
77.2597 147.738
77.2681 149.738
77.2753 151.738
77.2825 152.941
77.2897 149.026
77.2982 145.669
77.3054 142.733
77.3126 140.163
77.3186 137.845
77.327 135.886
77.3342 134.242
77.3414 132.805
77.3498 131.546
77.357 130.515
77.3642 129.613
77.3714 128.824
77.3787 128.133
77.3859 127.528
77.3931 127.07
77.4003 126.598
77.4087 126.256
77.4159 125.956
77.4231 125.764
77.4303 125.596
77.4375 125.449
77.4447 125.32
77.452 125.208
77.4592 125.109
77.4676 125.093
77.4748 125.079
77.482 125.066
77.9386 127.066
78.1585 125.066
78.4673 125.282
78.4745 125.78
78.4817 125.829
78.519 125.882
78.5418 125.937
79.6989 127.937
79.9176 125.937
80.2757 126.146
80.3118 126.192
80.3346 126.655
80.3586 127.071
80.367 127.49
81.4389 129.49
81.654 127.49
83.1884 129.49
83.4095 127.49
84.7276 123.816
84.9319 125.816
85.1542 123.816
86.6923 125.816
86.9097 123.816
86.9542 120.753
87.2077 121.622
87.2438 121.93
87.2498 122.24
87.263 122.552
87.2846 122.865
87.2907 123.18
87.4877 122.762
87.4877 4
87.4961 6
87.4961 4
87.5033 6
87.5033 4
87.5118 6
87.5118 4
87.5214 6
87.5214 4
87.531 6
87.531 4
87.5394 6
87.5394 4
87.5466 6
87.5466 4
87.5538 6
87.5538 4
87.5622 6
87.5622 4
87.5682 6
87.5682 4
87.5766 6
87.5766 4
87.5838 6
87.5838 4
87.5911 6
87.5911 4
87.5995 6
87.5995 4
87.6067 6
87.6067 4
87.6151 6
87.6151 4
87.6223 6
87.6223 4
87.6283 6
87.6283 4
87.6367 6
87.6367 4
87.6439 6
87.6439 4
87.6511 6
87.6511 4
87.6571 6
87.6571 4
87.6656 6
87.6656 4
87.6728 6
87.6728 4
87.68 6
87.68 4
87.686 6
87.686 4
87.692 6
87.692 4
87.6992 6
87.6992 4
87.7076 6
87.7076 4
87.7148 6
87.7148 4
87.722 6
87.722 4
87.7304 6
87.7304 4
87.7365 6
87.7365 4
87.7437 6
87.7437 4
87.7521 6
87.7521 4
87.7593 6
87.7593 4
87.7665 6
87.7665 4
87.7737 6
87.7737 4
87.7785 6
87.7785 4
87.7833 6
87.7833 4
87.7869 6
87.7869 4
87.7917 6
87.7917 4
87.7965 6
87.7965 4
87.8013 6
87.8013 4
87.8061 6
87.8061 4
87.8109 6
87.8109 4
87.8158 6
87.8158 4
87.8194 6
87.8194 4
87.8242 6
87.8242 4
87.829 6
87.829 4
87.8338 6
87.8338 4
87.8386 6
87.8386 4
87.8434 6
87.8434 4
87.8482 6
87.8482 4
88.0449 129.738
88.0449 131.738
88.0533 133.738
88.2503 135.738
88.2589 137.738
88.2649 139.738
88.2722 141.738
88.2806 143.738
88.2878 145.738
88.295 147.738
88.3034 149.738
88.3106 147.963
88.319 144.51
88.325 141.419
88.3322 138.715
88.3406 136.418
88.3479 134.338
88.3551 132.588
88.3635 131.126
88.3707 129.846
88.3779 128.657
88.3851 127.686
88.3923 126.836
88.3995 126.093
88.4079 125.442
88.4151 124.942
88.4224 124.504
88.4308 124.19
88.4368 123.777
88.4452 123.554
88.4524 123.358
88.4596 123.188
88.468 123.107
88.4752 123.037
88.4824 122.975
88.4969 122.865
88.5041 122.825
88.9679 124.825
89.1854 122.825
89.4665 124.825
89.4726 124.921
89.4954 124.958
89.5254 124.997
89.541 125.038
90.7006 127.038
90.9217 125.038
92.4453 127.038
92.664 125.038
93.123 123.847
94.1816 125.847
94.4003 123.847
95.8146 120.965
95.9263 122.965
96.1474 120.965
97.6615 122.965
97.8814 120.965
98.0243 118.2
98.1133 118.418
98.1193 120.308
98.189 120.615
98.2022 120.925
98.2226 121.548
98.237 121.862
98.505 119.307
98.505 4
98.5134 6
98.5134 4
98.5194 6
98.5194 4
98.5266 6
98.5266 4
98.535 6
98.535 4
98.541 6
98.541 4
98.5494 6
98.5494 4
98.5567 6
98.5567 4
98.5651 6
98.5651 4
98.5723 6
98.5723 4
98.5807 6
98.5807 4
98.5879 6
98.5879 4
98.5951 6
98.5951 4
98.6035 6
98.6035 4
98.6095 6
98.6095 4
98.6179 6
98.6179 4
98.6251 6
98.6251 4
98.6336 6
98.6336 4
98.6408 6
98.6408 4
98.648 6
98.648 4
98.6552 6
98.6552 4
98.6624 6
98.6624 4
98.6684 6
98.6684 4
98.6768 6
98.6768 4
98.684 6
98.684 4
98.6912 6
98.6912 4
98.6996 6
98.6996 4
98.7069 6
98.7069 4
98.7153 6
98.7153 4
98.7225 6
98.7225 4
98.7285 6
98.7285 4
98.7369 6
98.7369 4
98.7441 6
98.7441 4
98.7525 6
98.7525 4
98.7597 6
98.7597 4
98.7669 6
98.7669 4
98.7753 6
98.7753 4
98.7826 6
98.7826 4
98.7898 6
98.7898 4
98.797 6
98.797 4
98.8018 6
98.8018 4
98.8066 6
98.8066 4
98.8114 6
98.8114 4
98.8162 6
98.8162 4
98.821 6
98.821 4
98.8258 6
98.8258 4
98.8294 6
98.8294 4
98.8342 6
98.8342 4
98.839 6
98.839 4
98.8438 6
98.8438 4
98.8486 6
98.8486 4
98.8534 6
98.8534 4
98.8583 6
98.8583 4
98.8631 6
98.8631 4
98.8667 6
98.8667 4
99.0646 129.738
99.0646 131.738
99.0719 133.738
99.2697 135.738
99.2781 137.738
99.2853 139.738
99.2937 141.738
99.2997 143.738
99.3082 145.738
99.3154 147.738
99.3226 149.738
99.331 147.445
99.3382 143.87
99.3466 140.811
99.3538 138.133
99.361 135.791
99.3682 133.741
99.3754 131.948
99.3839 130.378
99.3911 129.074
99.3995 128.001
99.4067 126.993
99.4139 126.112
99.4223 125.477
99.4283 124.785
99.4367 124.248
99.4439 123.778
99.4511 123.435
99.4596 123.135
99.4668 122.873
99.4752 122.78
99.4824 122.631
99.4884 122.431
99.4968 122.325
99.504 122.232
99.5124 122.22
99.5196 122.208
99.9967 124.208
