0 0
0.1 0
0.2 0
0.3 0
0.4 0
0.5 0
0.6 0
0.7 0
0.8 0
0.9 0
1 0
1.1 0
1.2 54
1.3 137
1.4 137
1.5 138
1.6 138
1.7 135
1.8 137
1.9 137
2 138
2.1 137
2.2 137
2.3 137
2.4 138
2.5 138
2.6 138
2.7 99
2.8 46
2.9 0
3 0
3.1 0
3.2 0
3.3 0
3.4 0
3.5 0
3.6 0
3.7 0
3.8 0
3.9 0
4 0
4.1 0
4.2 0
4.3 0
4.4 0
4.5 0
4.6 0
4.7 0
4.8 0
4.9 0
5 0
5.1 0
5.2 0
5.3 0
5.4 0
5.5 0
5.6 0
5.7 0
5.8 0
5.9 0
6 0
6.1 0
6.2 0
6.3 0
6.4 0
6.5 0
6.6 0
6.7 0
6.8 0
6.9 0
7 0
7.1 0
7.2 0
7.3 0
7.4 0
7.5 0
7.6 0
7.7 0
7.8 0
7.9 0
8 0
8.1 0
8.2 0
8.3 0
8.4 0
8.5 0
8.6 0
8.7 0
8.8 0
8.9 0
9 0
9.1 0
9.2 0
9.3 0
9.4 0
9.5 0
9.6 0
9.7 0
9.8 0
9.9 0
10 0
10.1 2
10.2 25
10.3 0
10.4 0
10.5 0
10.6 0
10.7 0
10.8 0
10.9 0
11 0
11.1 0
11.2 0
11.3 0
11.4 0
11.5 0
11.6 0
11.7 0
11.8 0
11.9 0
12 0
12.1 0
12.2 0
12.3 0
12.4 0
12.5 0
12.6 0
12.7 0
12.8 0
12.9 0
13 0
13.1 0
13.2 0
13.3 0
13.4 0
13.5 0
13.6 0
13.7 0
13.8 0
13.9 0
14 0
14.1 3
14.2 7
14.3 12
14.4 17
14.5 21
14.6 27
14.7 45
14.8 67
14.9 64
15 47
15.1 40
15.2 43
15.3 45
15.4 50
15.5 54
15.6 58
15.7 58
15.8 60
15.9 61
16 64
16.1 67
16.2 69
16.3 75
16.4 93
16.5 97
16.6 82
16.7 66
16.8 63
16.9 65
17 68
17.1 70
17.2 74
17.3 77
17.4 79
17.5 82
17.6 87
17.7 92
17.8 94
17.9 95
18 97
18.1 99
18.2 93
18.3 78
18.4 64
18.5 61
18.6 65
18.7 67
18.8 70
18.9 73
19 77
19.1 81
19.2 83
19.3 87
19.4 91
19.5 94
19.6 97
19.7 103
19.8 109
19.9 103
20 87
20.1 73
20.2 70
20.3 74
20.4 78
20.5 81
20.6 85
20.7 89
20.8 93
20.9 96
21 100
21.1 102
21.2 76
21.3 2
21.4 0
21.5 0
21.6 0
21.7 0
21.8 0
21.9 0
22 0
22.1 0
22.2 0
22.3 0
22.4 0
22.5 0
22.6 0
22.7 1
22.8 0
22.9 0
23 0
23.1 0
23.2 0
23.3 0
23.4 0
23.5 5
23.6 11
23.7 18
23.8 23
23.9 28
24 35
24.1 41
24.2 47
24.3 62
24.4 89
24.5 107
24.6 89
24.7 75
24.8 76
24.9 81
25 86
25.1 91
25.2 95
25.3 100
25.4 104
25.5 109
25.6 113
25.7 109
25.8 110
25.9 111
26 114
26.1 117
26.2 117
26.3 103
26.4 84
26.5 74
26.6 76
26.7 78
26.8 82
26.9 83
27 86
27.1 88
27.2 92
27.3 95
27.4 97
27.5 101
27.6 102
27.7 106
27.8 111
27.9 116
28 113
28.1 99
28.2 82
28.3 78
28.4 81
28.5 83
28.6 87
28.7 90
28.8 93
28.9 97
29 100
29.1 104
29.2 106
29.3 110
29.4 111
29.5 116
29.6 118
29.7 111
29.8 104
29.9 87
30 77
30.1 74
30.2 75
30.3 78
30.4 80
30.5 83
30.6 87
30.7 90
30.8 94
30.9 97
31 99
31.1 102
31.2 106
31.3 112
31.4 118
31.5 110
31.6 100
31.7 92
31.8 84
31.9 82
32 84
32.1 89
32.2 68
32.3 0
32.4 0
32.5 0
32.6 0
32.7 0
32.8 0
32.9 0
33 0
33.1 0
33.2 0
33.3 0
33.4 0
33.5 0
33.6 0
33.7 0
33.8 0
33.9 0
34 0
34.1 0
34.2 2
34.3 0
34.4 0
34.5 0
34.6 0
34.7 3
34.8 11
34.9 18
35 24
35.1 31
35.2 38
35.3 45
35.4 52
35.5 64
35.6 74
35.7 82
35.8 101
35.9 110
36 98
36.1 88
36.2 91
36.3 97
36.4 103
36.5 110
36.6 117
36.7 122
36.8 124
36.9 126
37 127
37.1 129
37.2 129
37.3 132
37.4 135
37.5 133
37.6 129
37.7 113
37.8 101
37.9 99
38 106
38.1 110
38.2 117
38.3 120
38.4 125
38.5 127
38.6 127
38.7 129
38.8 120
38.9 122
39 121
39.1 122
39.2 126
39.3 129
39.4 116
39.5 96
39.6 87
39.7 88
39.8 92
39.9 97
40 102
40.1 106
40.2 110
40.3 115
40.4 116
40.5 117
40.6 119
40.7 120
40.8 120
40.9 123
41 128
41.1 112
41.2 97
41.3 78
41.4 69
41.5 71
41.6 73
41.7 75
41.8 77
41.9 80
42 81
42.1 84
42.2 86
42.3 87
42.4 90
42.5 92
42.6 96
42.7 101
42.8 107
42.9 105
43 93
43.1 80
43.2 63
43.3 5
43.4 0
43.5 0
43.6 0
43.7 0
43.8 0
43.9 0
44 0
44.1 0
44.2 0
44.3 0
44.4 0
44.5 0
44.6 0
44.7 0
44.8 0
44.9 0
45 0
45.1 0
45.2 0
45.3 0
45.4 0
45.5 0
45.6 0
45.7 0
45.8 0
45.9 0
46 10
46.1 30
46.2 51
46.3 48
46.4 39
46.5 40
46.6 48
46.7 55
46.8 62
46.9 74
47 87
47.1 93
47.2 94
47.3 98
47.4 105
47.5 111
47.6 118
47.7 127
47.8 132
47.9 132
48 123
48.1 111
48.2 110
48.3 115
48.4 121
48.5 124
48.6 123
48.7 126
48.8 125
48.9 120
49 112
49.1 110
49.2 111
49.3 112
49.4 119
49.5 123
49.6 127
49.7 119
49.8 106
49.9 102
50 105
50.1 110
50.2 112
50.3 115
50.4 110
50.5 109
50.6 109
50.7 102
50.8 97
50.9 90
51 88
51.1 90
51.2 98
51.3 105
51.4 99
51.5 84
51.6 77
51.7 76
51.8 78
51.9 80
52 83
52.1 86
52.2 91
52.3 99
52.4 103
52.5 100
52.6 97
52.7 98
52.8 94
52.9 101
53 109
53.1 107
53.2 99
53.3 89
53.4 87
53.5 89
53.6 93
53.7 95
53.8 99
53.9 103
54 109
54.1 116
54.2 109
54.3 61
54.4 0
54.5 0
54.6 0
54.7 0
54.8 0
54.9 0
55 0
55.1 0
55.2 0
55.3 0
55.4 0
55.5 0
55.6 0
55.7 0
55.8 0
55.9 0
56 0
56.1 0
56.2 0
56.3 0
56.4 0
56.5 0
56.6 0
56.7 0
56.8 0
56.9 0
57 0
57.1 0
57.2 0
57.3 20
57.4 23
57.5 6
57.6 0
57.7 0
57.8 4
57.9 9
58 13
58.1 18
58.2 22
58.3 27
58.4 31
58.5 36
58.6 40
58.7 44
58.8 51
58.9 65
59 88
59.1 96
59.2 87
59.3 78
59.4 75
59.5 78
59.6 82
59.7 87
59.8 91
59.9 95
60 99
60.1 103
60.2 107
60.3 111
60.4 113
60.5 115
60.6 118
60.7 122
60.8 115
60.9 103
61 92
61.1 84
61.2 86
61.3 89
61.4 92
61.5 96
61.6 100
61.7 105
61.8 108
61.9 112
62 114
62.1 116
62.2 116
62.3 118
62.4 120
62.5 116
62.6 107
62.7 95
62.8 86
62.9 82
63 86
63.1 87
63.2 91
63.3 95
63.4 98
63.5 102
63.6 105
63.7 109
63.8 112
63.9 115
64 117
64.1 116
64.2 110
64.3 107
64.4 98
64.5 88
64.6 81
64.7 78
64.8 80
64.9 82
65 85
65.1 88
65.2 90
65.3 75
65.4 23
65.5 0
65.6 0
65.7 0
65.8 0
65.9 0
66 0
66.1 0
66.2 0
66.3 0
66.4 0
66.5 0
66.6 0
66.7 0
66.8 0
66.9 0
67 0
67.1 0
67.2 0
67.3 0
67.4 0
67.5 0
67.6 0
67.7 2
67.8 12
67.9 21
68 29
68.1 38
68.2 48
68.3 64
68.4 80
68.5 89
68.6 101
68.7 115
68.8 117
68.9 109
69 109
69.1 114
69.2 120
69.3 126
69.4 130
69.5 134
69.6 138
69.7 137
69.8 136
69.9 136
70 136
70.1 136
70.2 137
70.3 129
70.4 126
70.5 120
70.6 110
70.7 95
70.8 63
70.9 72
71 81
71.1 90
71.2 79
71.3 87
71.4 93
71.5 99
71.6 105
71.7 113
71.8 124
71.9 132
72 127
72.1 123
72.2 114
72.3 108
72.4 106
72.5 105
72.6 108
72.7 110
72.8 113
72.9 119
73 123
73.1 126
73.2 126
73.3 127
73.4 126
73.5 127
73.6 128
73.7 131
73.8 125
73.9 112
74 106
74.1 106
74.2 105
74.3 106
74.4 109
74.5 109
74.6 117
74.7 124
74.8 127
74.9 126
75 126
75.1 127
75.2 125
75.3 129
75.4 130
75.5 127
75.6 115
75.7 106
75.8 107
75.9 107
76 107
76.1 108
76.2 109
76.3 110
76.4 80
76.5 2
76.6 0
76.7 0
76.8 0
76.9 0
77 0
77.1 0
77.2 0
77.3 0
77.4 0
77.5 0
77.6 0
77.7 0
77.8 0
77.9 0
78 0
78.1 0
78.2 0
78.3 0
78.4 0
78.5 0
78.6 0
78.7 0
78.8 0
78.9 0
79 0
79.1 0
79.2 0
79.3 0
79.4 0
79.5 0
79.6 0
79.7 0
79.8 23
79.9 32
80 19
80.1 7
80.2 7
80.3 12
80.4 17
80.5 22
80.6 25
80.7 31
80.8 35
80.9 40
81 45
81.1 49
81.2 55
81.3 61
81.4 74
81.5 93
81.6 104
81.7 102
81.8 92
81.9 85
82 90
82.1 92
82.2 97
82.3 102
82.4 105
82.5 111
82.6 113
82.7 117
82.8 117
82.9 118
83 117
83.1 120
83.2 121
83.3 115
83.4 109
83.5 96
83.6 87
83.7 87
83.8 91
83.9 92
84 97
84.1 102
84.2 105
84.3 111
84.4 113
84.5 118
84.6 117
84.7 117
84.8 113
84.9 114
85 113
85.1 104
85.2 95
85.3 85
85.4 78
85.5 80
85.6 79
85.7 84
85.8 87
85.9 90
86 93
86.1 96
86.2 99
86.3 104
86.4 105
86.5 111
86.6 112
86.7 109
86.8 105
86.9 100
87 85
87.1 75
87.2 71
87.3 69
87.4 64
87.5 32
87.6 0
87.7 0
87.8 0
87.9 0
88 0
88.1 0
88.2 0
88.3 0
88.4 0
88.5 0
88.6 0
88.7 0
88.8 0
88.9 0
89 0
89.1 0
89.2 0
89.3 0
89.4 0
89.5 0
89.6 0
89.7 0
89.8 0
89.9 0
90 0
90.1 0
90.2 0
90.3 0
90.4 0
90.5 0
90.6 0
90.7 5
90.8 29
90.9 38
91 31
91.1 21
91.2 18
91.3 22
91.4 27
91.5 33
91.6 38
91.7 42
91.8 46
91.9 51
92 57
92.1 62
92.2 66
92.3 72
92.4 86
92.5 101
92.6 110
92.7 103
92.8 94
92.9 86
93 89
93.1 91
93.2 95
93.3 100
93.4 105
93.5 109
93.6 110
93.7 113
93.8 115
93.9 116
94 116
94.1 117
94.2 118
94.3 113
94.4 107
94.5 93
94.6 85
94.7 85
94.8 88
94.9 88
95 93
95.1 98
95.2 103
95.3 107
95.4 111
95.5 113
95.6 115
95.7 117
95.8 118
95.9 111
96 109
96.1 102
96.2 92
96.3 83
96.4 75
96.5 78
96.6 78
96.7 79
96.8 83
96.9 86
97 90
97.1 92
97.2 97
97.3 99
97.4 101
97.5 104
97.6 106
97.7 101
97.8 95
97.9 93
98 80
98.1 69
98.2 68
98.3 71
98.4 73
98.5 41
98.6 0
98.7 0
98.8 0
98.9 0
99 0
99.1 0
99.2 0
99.3 0
99.4 0
99.5 0
99.6 0
99.7 0
99.8 0
99.9 0
100 0
