0.2 0.00448
0.3 0
0.4 0.0208
0.5 0
0.6 0.02912
0.7 0.00832
0.8 0.02912
0.9 0.0416
1 0.04992
1.1 0.04992
1.2 0.05824
1.3 0.05824
1.4 0.05824
1.5 0.05824
1.6 0.05824
1.7 0.064
1.8 0.17024
1.9 0.17024
2 0.17024
2.1 0.17024
2.2 0.152
2.3 0.16512
2.4 0.10112
2.5 0.05408
2.6 0.14976
2.7 0.15808
2.8 0.17024
2.9 0.10944
3 0.25536
3.1 0.1824
3.2 0.12928
3.3 0.17952
3.4 0.15072
3.5 0.04992
3.6 0.04992
3.7 0.05408
3.8 0.05824
3.9 0.07488
4 0.08736
4.1 0.06656
4.2 0.06656
4.3 0.0624
4.4 0.06656
4.5 0.06656
4.6 0.06656
4.7 0.06656
4.8 0.07488
4.9 0.07904
5 0.0832
5.1 0.09152
5.2 0.09152
5.3 0.09152
5.4 0.09152
5.5 0.09152
5.6 0.09568
5.7 0.09152
5.8 0.08736
5.9 0.09152
6 0.09568
6.1 0.09152
6.2 0.09152
6.3 0.08736
6.4 0.09152
6.5 0.09152
6.6 0.09152
6.7 0.09152
6.8 0.09152
6.9 0.09152
7 0.09152
7.1 0.09152
7.2 0.09568
7.3 0.09152
7.4 0.08736
7.5 0.09152
7.6 0.09152
7.7 0.08736
7.8 0.09568
7.9 0.08736
8 0.09152
8.1 0.09152
8.2 0.09152
8.3 0.08736
8.4 0.09152
8.5 0.09152
8.6 0.08736
8.7 0.09152
8.8 0.09152
8.9 0.09152
9 0.08736
9.1 0.09152
9.2 0.09152
9.3 0.08736
9.4 0.09152
9.5 0.09152
9.6 0.08736
9.7 0.09152
9.8 0.08736
9.9 0.09152
10 0.08736
10.1 0.09152
10.2 0.09152
10.3 0.0832
10.4 0.09152
10.5 0.05408
10.6 0
10.7 0.00832
10.8 0
10.9 0.03744
11 0.09152
11.1 0.08736
11.2 0.09152
11.3 0.08736
11.4 0.09152
11.5 0.08736
11.6 0.09152
11.7 0.0832
11.8 0.08736
11.9 0.09152
12 0.08736
12.1 0.08736
12.2 0.08736
12.3 0.08736
12.4 0.08736
12.5 0.08736
12.6 0.08736
12.7 0.0832
12.8 0.08736
12.9 0.08736
13 0.08736
13.1 0.08736
13.2 0.08736
13.3 0.08736
13.4 0.07904
13.5 0.0832
13.6 0.08736
13.7 0.08736
13.8 0.09152
13.9 0.0832
14 0.08736
14.1 0.0832
14.2 0.08736
14.3 0.0832
14.4 0.08736
14.5 0.0832
14.6 0.08736
14.7 0.0832
14.8 0.08736
14.9 0.09152
15 0.0832
15.1 0.09152
15.2 0.07072
15.3 0.08736
15.4 0.08736
15.5 0.0832
15.6 0.08736
15.7 0.0832
15.8 0.0832
15.9 0.08736
16 0.08736
16.1 0.0832
16.2 0.08736
16.3 0.0832
16.4 0.08736
16.5 0.0832
16.6 0.09152
16.7 0.08736
16.8 0.07904
16.9 0.07904
17 0.0832
17.1 0.09152
17.2 0.0832
17.3 0.08736
17.4 0.0832
17.5 0.08736
17.6 0.0832
17.7 0.0832
17.8 0.08736
17.9 0.0832
18 0.0832
18.1 0.0832
18.2 0.08736
18.3 0.08736
18.4 0.0832
18.5 0.07904
18.6 0.07904
18.7 0.08736
18.8 0.08736
18.9 0.0832
19 0.0832
19.1 0.08736
19.2 0.0832
19.3 0.0832
19.4 0.0832
19.5 0.0832
19.6 0.08736
19.7 0.0832
19.8 0.0832
19.9 0.0832
20 0.0832
20.1 0.0832
20.2 0.07488
20.3 0.07904
20.4 0.08736
20.5 0.09152
20.6 0.0832
20.7 0.08736
20.8 0.07904
20.9 0.08736
21 0.0832
21.1 0.0832
21.2 0.0832
21.3 0.0832
21.4 0.0832
21.5 0.07488
21.6 0
21.7 0.00832
21.8 0
21.9 0.00832
22 0.0832
22.1 0.07904
22.2 0.0832
22.3 0.07904
22.4 0.07904
22.5 0.07904
22.6 0.07904
22.7 0.0832
22.8 0.0832
22.9 0.0832
23 0.07904
23.1 0.07904
23.2 0.0832
23.3 0.07904
23.4 0.0832
23.5 0.07904
23.6 0.0832
23.7 0.07904
23.8 0.0832
23.9 0.07904
24 0.07904
24.1 0.0832
24.2 0.07904
24.3 0.0832
24.4 0.07904
24.5 0.0832
24.6 0.0832
24.7 0.0832
24.8 0.07488
24.9 0.07488
25 0.07904
25.1 0.0832
25.2 0.0832
25.3 0.07488
25.4 0.07904
25.5 0.0832
25.6 0.07904
25.7 0.07904
25.8 0.07904
25.9 0.07904
26 0.07904
26.1 0.0832
26.2 0.07488
26.3 0.07904
26.4 0.0832
26.5 0.07488
26.6 0.07072
26.7 0.0832
26.8 0.08736
26.9 0.0832
27 0.07904
27.1 0.07904
27.2 0.07904
27.3 0.07904
27.4 0.0832
27.5 0.07904
27.6 0.07904
27.7 0.07904
27.8 0.07904
27.9 0.07904
28 0.07904
28.1 0.0832
28.2 0.07488
28.3 0.07904
28.4 0.06656
28.5 0.0832
28.6 0.08736
28.7 0.07904
28.8 0.0832
28.9 0.07904
29 0.07904
29.1 0.07904
29.2 0.07904
29.3 0.07904
29.4 0.07904
29.5 0.07904
29.6 0.07488
29.7 0.07904
29.8 0.07904
29.9 0.07904
30 0.07488
30.1 0.07488
30.2 0.07072
30.3 0.09152
30.4 0.0832
30.5 0.0832
30.6 0.07904
30.7 0.07488
30.8 0.07904
30.9 0.07904
31 0.07904
31.1 0.07904
31.2 0.07904
31.3 0.07488
31.4 0.0832
31.5 0.07488
31.6 0.0832
31.7 0.07488
31.8 0.07488
31.9 0.06656
32 0.07488
32.1 0.09152
32.2 0.0832
32.3 0.07904
32.4 0.07904
32.5 0.07072
32.6 0
32.7 0.00832
32.8 0
32.9 0.01248
33 0.07904
33.1 0.07488
33.2 0.07904
33.3 0.07904
33.4 0.07904
33.5 0.07904
33.6 0.07904
33.7 0.07488
33.8 0.07488
33.9 0.07488
34 0.07904
34.1 0.0832
34.2 0.0832
34.3 0.07904
34.4 0.07072
34.5 0.07488
34.6 0.07488
34.7 0.07904
34.8 0.07488
34.9 0.07488
35 0.07904
35.1 0.07488
35.2 0.07488
35.3 0.07904
35.4 0.07488
35.5 0.07904
35.6 0.07488
35.7 0.07488
35.8 0.07072
35.9 0.07488
36 0.0832
36.1 0.0832
36.2 0.0832
36.3 0.06656
36.4 0.07072
36.5 0.07904
36.6 0.07488
36.7 0.07904
36.8 0.07488
36.9 0.07904
37 0.07488
37.1 0.07488
37.2 0.07488
37.3 0.07488
37.4 0.07488
37.5 0.07488
37.6 0.07488
37.7 0.07072
37.8 0.07904
37.9 0.07904
38 0.07488
38.1 0.07488
38.2 0.07488
38.3 0.07904
38.4 0.07488
38.5 0.07904
38.6 0.07488
38.7 0.07488
38.8 0.07488
38.9 0.07488
39 0.07488
39.1 0.07488
39.2 0.07072
39.3 0.07488
39.4 0.07488
39.5 0.07488
39.6 0.07072
39.7 0.07072
39.8 0.07488
39.9 0.07904
40 0.07904
40.1 0.07488
40.2 0.07488
40.3 0.07488
40.4 0.07488
40.5 0.07488
40.6 0.07488
40.7 0.07488
40.8 0.07488
40.9 0.07488
41 0.07488
41.1 0.07072
41.2 0.07488
41.3 0.07488
41.4 0.07072
41.5 0.0624
41.6 0.07488
41.7 0.08736
41.8 0.07488
41.9 0.07072
42 0.07488
42.1 0.07488
42.2 0.07488
42.3 0.07488
42.4 0.07488
42.5 0.07072
42.6 0.07488
42.7 0.07488
42.8 0.07488
42.9 0.07488
43 0.07904
43.1 0.07072
43.2 0.05824
43.3 0.0624
43.4 0.0832
43.5 0.0624
43.6 0
43.7 0.00832
43.8 0
43.9 0.0208
44 0.07488
44.1 0.07072
44.2 0.07488
44.3 0.07488
44.4 0.07488
44.5 0.07904
44.6 0.07488
44.7 0.06656
44.8 0.07072
44.9 0.07488
45 0.07072
45.1 0.07488
45.2 0.07072
45.3 0.07072
45.4 0.07072
45.5 0.07488
45.6 0.07904
45.7 0.07072
45.8 0.07488
45.9 0.07072
46 0.07072
46.1 0.07072
46.2 0.07488
46.3 0.07904
46.4 0.07488
46.5 0.06656
46.6 0.0624
46.7 0.07488
46.8 0.07072
46.9 0.07072
47 0.07488
47.1 0.07072
47.2 0.06656
47.3 0.06656
47.4 0.07488
47.5 0.07488
47.6 0.07488
47.7 0.07072
47.8 0.07072
47.9 0.07072
48 0.07072
48.1 0.07488
48.2 0.06656
48.3 0.06656
48.4 0.06656
48.5 0.07488
48.6 0.07072
48.7 0.07488
48.8 0.06656
48.9 0.0624
49 0.07488
49.1 0.07072
49.2 0.07488
49.3 0.07072
49.4 0.06656
49.5 0.07904
49.6 0.07072
49.7 0.07072
49.8 0.07072
49.9 0.0624
50 0.07072
50.1 0.06656
50.2 0.07072
50.3 0.07488
50.4 0.07488
50.5 0.07072
50.6 0.06656
50.7 0.07072
50.8 0.05408
50.9 0.07904
51 0.07072
51.1 0.07488
51.2 0.06656
51.3 0.07072
51.4 0.07072
51.5 0.07488
51.6 0.06656
51.7 0.05408
51.8 0.0624
51.9 0.07488
52 0.07072
52.1 0.07072
52.2 0.07072
52.3 0.06656
52.4 0.07072
52.5 0.07072
52.6 0.0624
52.7 0.06656
52.8 0.07488
52.9 0.07488
53 0.06656
53.1 0.06656
53.2 0.07072
53.3 0.07072
53.4 0.0624
53.5 0.05824
53.6 0.06656
53.7 0.07488
53.8 0.07072
53.9 0.06656
54 0.06656
54.1 0.07072
54.2 0.06656
54.3 0.07072
54.4 0.0624
54.5 0.06656
54.6 0.02496
54.7 0
54.8 0.00832
54.9 0
55 0.04992
55.1 0.06656
55.2 0.06656
55.3 0.07072
55.4 0.06656
55.5 0.07488
55.6 0.06656
55.7 0.06656
55.8 0.05408
55.9 0.06656
56 0.07488
56.1 0.07072
56.2 0.06656
56.3 0.06656
56.4 0.06656
56.5 0.07072
56.6 0.06656
56.7 0.06656
56.8 0.06656
56.9 0.07072
57 0.06656
57.1 0.06656
57.2 0.06656
57.3 0.07488
57.4 0.07488
57.5 0.06656
57.6 0.04576
57.7 0.06656
57.8 0.07904
57.9 0.06656
58 0.07072
58.1 0.06656
58.2 0.06656
58.3 0.07072
58.4 0.06656
58.5 0.06656
58.6 0.06656
58.7 0.07072
58.8 0.06656
58.9 0.06656
59 0.06656
59.1 0.07488
59.2 0.07488
59.3 0.07072
59.4 0.04992
59.5 0.05408
59.6 0.07904
59.7 0.07072
59.8 0.07072
59.9 0.06656
60 0.07072
60.1 0.06656
60.2 0.06656
60.3 0.06656
60.4 0.07072
60.5 0.06656
60.6 0.06656
60.7 0.07072
60.8 0.0624
60.9 0.07488
61 0.0624
61.1 0.0624
61.2 0.05824
61.3 0.07488
61.4 0.07488
61.5 0.07072
61.6 0.07072
61.7 0.0624
61.8 0.07072
61.9 0.06656
62 0.07072
62.1 0.06656
62.2 0.06656
62.3 0.06656
62.4 0.06656
62.5 0.06656
62.6 0.07072
62.7 0.07072
62.8 0.05824
62.9 0.05824
63 0.0624
63.1 0.0832
63.2 0.07488
63.3 0.07072
63.4 0.06656
63.5 0.06656
63.6 0.06656
63.7 0.07072
63.8 0.06656
63.9 0.06656
64 0.07072
64.1 0.06656
64.2 0.06656
64.3 0.06656
64.4 0.07072
64.5 0.06656
64.6 0.05408
64.7 0.0624
64.8 0.07904
64.9 0.07904
65 0.07072
65.1 0.06656
65.2 0.07072
65.3 0.06656
65.4 0.07072
65.5 0.06656
65.6 0.04576
65.7 0
65.8 0.00832
65.9 0
66 0.02912
66.1 0.06656
66.2 0.07072
66.3 0.06656
66.4 0.07072
66.5 0.06656
66.6 0.06656
66.7 0.0624
66.8 0.0624
66.9 0.06656
67 0.07904
67.1 0.07488
67.2 0.0624
67.3 0.05408
67.4 0.0624
67.5 0.07072
67.6 0.06656
67.7 0.06656
67.8 0.06656
67.9 0.06656
68 0.06656
68.1 0.06656
68.2 0.06656
68.3 0.0624
68.4 0.06656
68.5 0.06656
68.6 0.0624
68.7 0.0624
68.8 0.0624
68.9 0.0832
69 0.07488
69.1 0.05408
69.2 0.05824
69.3 0.0624
69.4 0.07488
69.5 0.06656
69.6 0.06656
69.7 0.0624
69.8 0.0624
69.9 0.06656
70 0.06656
70.1 0.09376
70.2 0.1344
70.3 0.1488
70.4 0.1536
70.5 0.1584
70.6 0.12512
70.7 0.0624
70.8 0.0624
70.9 0.0624
71 0.06656
71.1 0.01664
71.2 0.06656
71.3 0.06656
71.4 0.06656
71.5 0.07904
71.6 0.07072
71.7 0.0624
71.8 0.0624
71.9 0.05824
72 0.06656
72.1 0.0624
72.2 0.0624
72.3 0.06656
72.4 0.06656
72.5 0.0624
72.6 0.05824
72.7 0.0624
72.8 0.07072
72.9 0.06656
73 0.07072
73.1 0.05408
73.2 0.06656
73.3 0.0624
73.4 0.06656
73.5 0.06656
73.6 0.05824
73.7 0.0624
73.8 0.06656
73.9 0.06656
74 0.06656
74.1 0.0624
74.2 0.0624
74.3 0.05824
74.4 0.05824
74.5 0.07072
74.6 0.07072
74.7 0.07072
74.8 0.05824
74.9 0.0624
75 0.0624
75.1 0.06656
75.2 0.06656
75.3 0.05824
75.4 0.0624
75.5 0.06656
75.6 0.06656
75.7 0.06656
75.8 0.05824
75.9 0.0624
76 0.05824
76.1 0.0624
76.2 0.07072
76.3 0.07072
76.4 0.06656
76.5 0.0624
76.6 0.0624
76.7 0.02496
76.8 0
76.9 0.00832
77 0
77.1 0.04576
77.2 0.0624
77.3 0.0624
77.4 0.06656
77.5 0.0624
77.6 0.0624
77.7 0.06656
77.8 0.0624
77.9 0.0624
78 0.06656
78.1 0.07072
78.2 0.0624
78.3 0.05408
78.4 0.05824
78.5 0.07072
78.6 0.06656
78.7 0.06656
78.8 0.0624
78.9 0.06656
79 0.0624
79.1 0.06656
79.2 0.0624
79.3 0.06656
79.4 0.0624
79.5 0.0624
79.6 0.06656
79.7 0.06656
79.8 0.06656
79.9 0.07072
80 0.06656
80.1 0.04992
80.2 0.05408
80.3 0.07072
80.4 0.07072
80.5 0.06656
80.6 0.0624
80.7 0.06656
80.8 0.06656
80.9 0.0624
81 0.06656
81.1 0.0624
81.2 0.06656
81.3 0.06656
81.4 0.0624
81.5 0.06656
81.6 0.06656
81.7 0.07488
81.8 0.07072
81.9 0.04992
82 0.04576
82.1 0.07072
82.2 0.07904
82.3 0.0624
82.4 0.06656
82.5 0.05824
82.6 0.06656
82.7 0.06656
82.8 0.06656
82.9 0.0624
83 0.0624
83.1 0.0624
83.2 0.06656
83.3 0.06656
83.4 0.06656
83.5 0.0624
83.6 0.05408
83.7 0.05824
83.8 0.06656
83.9 0.07904
84 0.07072
84.1 0.0624
84.2 0.0624
84.3 0.0624
84.4 0.06656
84.5 0.06656
84.6 0.06656
84.7 0.0624
84.8 0.0624
84.9 0.0624
85 0.06656
85.1 0.07488
85.2 0.0624
85.3 0.05824
85.4 0.05408
85.5 0.0624
85.6 0.07904
85.7 0.07488
85.8 0.06656
85.9 0.0624
86 0.06656
86.1 0.06656
86.2 0.06656
86.3 0.0624
86.4 0.07072
86.5 0.06656
86.6 0.0624
86.7 0.06656
86.8 0.06656
86.9 0.06656
87 0.0624
87.1 0.05408
87.2 0.05408
87.3 0.07904
87.4 0.07904
87.5 0.07072
87.6 0.05824
87.7 0.04992
87.8 0
87.9 0.00832
88 0
88.1 0.0208
88.2 0.06656
88.3 0.0624
88.4 0.06656
88.5 0.06656
88.6 0.06656
88.7 0.0624
88.8 0.06656
88.9 0.06656
89 0.0624
89.1 0.07904
89.2 0.0624
89.3 0.05824
89.4 0.05408
89.5 0.07072
89.6 0.07072
89.7 0.06656
89.8 0.06656
89.9 0.06656
90 0.06656
90.1 0.06656
90.2 0.06656
90.3 0.0624
90.4 0.06656
90.5 0.06656
90.6 0.06656
90.7 0.06656
90.8 0.06656
90.9 0.07488
91 0.07072
91.1 0.05408
91.2 0.04992
91.3 0.07072
91.4 0.07488
91.5 0.06656
91.6 0.06656
91.7 0.06656
91.8 0.06656
91.9 0.06656
92 0.06656
92.1 0.06656
92.2 0.06656
92.3 0.06656
92.4 0.06656
92.5 0.06656
92.6 0.06656
92.7 0.07904
92.8 0.07072
92.9 0.04992
93 0.04576
93.1 0.07488
93.2 0.07904
93.3 0.06656
93.4 0.06656
93.5 0.0624
93.6 0.06656
93.7 0.06656
93.8 0.06656
93.9 0.06656
94 0.06656
94.1 0.06656
94.2 0.06656
94.3 0.06656
94.4 0.06656
94.5 0.06656
94.6 0.05408
94.7 0.05824
94.8 0.07072
94.9 0.07904
95 0.07488
95.1 0.0624
95.2 0.0624
95.3 0.06656
95.4 0.06656
95.5 0.06656
95.6 0.07072
95.7 0.06656
95.8 0.0624
95.9 0.06656
96 0.06656
96.1 0.06656
96.2 0.07488
96.3 0.05408
96.4 0.05824
96.5 0.06656
96.6 0.07904
96.7 0.07904
96.8 0.06656
96.9 0.0624
97 0.06656
97.1 0.07072
97.2 0.06656
97.3 0.06656
97.4 0.06656
97.5 0.07072
97.6 0.06656
97.7 0.06656
97.8 0.06656
97.9 0.06656
98 0.05824
98.1 0.05408
98.2 0.0624
98.3 0.07904
98.4 0.07904
98.5 0.06656
98.6 0.06656
98.7 0.0624
98.8 0
98.9 0.00832
99 0
99.1 0.00832
99.2 0.06656
99.3 0.06656
99.4 0.06656
99.5 0.06656
99.6 0.06656
99.7 0.06656
99.8 0.06656
99.9 0.07488
100 0.07488
