0.1 0.00448
0.2 0
0.3 1.20416
0.4 0
0.5 1.8
0.6 0.36
0.7 1.8
0.8 2.28
0.9 2.76
1 3.36
1.1 5.64
1.2 7.2
1.3 6.72
1.4 6.24
1.5 3.84
1.6 3.36
1.7 3.24
1.8 3.12
1.9 3.36
2 3.36
2.1 3.36
2.2 5.76
2.3 4.56
2.4 3.36
2.5 6.12
2.6 9.84
2.7 2.76
2.8 1.2
2.9 1.2
3 1.2
3.1 1.32
3.2 4.32
3.3 4.32
3.4 2.52
3.5 3.36
3.6 3.72
3.7 3.6
3.8 3.72
3.9 3.72
4 3.72
4.1 3.72
4.2 3.84
4.3 3.72
4.4 3.84
4.5 3.84
4.6 3.72
4.7 4.44
4.8 4.68
4.9 4.8
5 5.28
5.1 5.76
5.2 6
5.3 6.24
5.4 5.88
5.5 3.96
5.6 4.44
5.7 5.4
5.8 5.28
5.9 5.4
6 5.4
6.1 5.28
6.2 5.4
6.3 5.4
6.4 5.28
6.5 5.4
6.6 5.4
6.7 5.28
6.8 5.64
6.9 6.72
7 6.36
7.1 4.08
7.2 4.08
7.3 5.4
7.4 5.28
7.5 5.4
7.6 5.4
7.7 5.28
7.8 5.4
7.9 5.4
8 5.28
8.1 5.28
8.2 5.4
8.3 5.28
8.4 5.28
8.5 6.6
8.6 6.72
8.7 4.08
8.8 3.96
8.9 5.16
9 5.4
9.1 5.28
9.2 5.28
9.3 5.4
9.4 5.28
9.5 5.4
9.6 5.28
9.7 5.28
9.8 5.4
9.9 5.28
10 5.28
10.1 6.36
10.2 6.6
10.3 0.24
10.4 0
10.5 0
10.6 0.36
10.7 0
10.8 2.4
10.9 5.28
11 5.28
11.1 5.16
11.2 5.16
11.3 6.36
11.4 6.48
11.5 5.28
11.6 3.96
11.7 4.32
11.8 5.16
11.9 5.16
12 5.28
12.1 5.16
12.2 5.16
12.3 5.28
12.4 5.16
12.5 5.16
12.6 5.28
12.7 5.16
12.8 5.16
12.9 5.28
13 6.12
13.1 6.6
13.2 4.56
13.3 3.96
13.4 4.68
13.5 5.16
13.6 5.28
13.7 5.16
13.8 5.16
13.9 5.28
14 5.16
14.1 5.16
14.2 5.28
14.3 5.16
14.4 5.16
14.5 5.28
14.6 5.28
14.7 6.48
14.8 6.36
14.9 3.84
15 3.72
15.1 5.04
15.2 5.04
15.3 5.04
15.4 5.04
15.5 5.16
15.6 5.04
15.7 5.04
15.8 5.04
15.9 5.16
16 5.04
16.1 5.04
16.2 5.16
16.3 5.52
16.4 6
16.5 4.44
16.6 3.84
16.7 3.96
16.8 5.16
16.9 5.04
17 5.04
17.1 5.16
17.2 5.04
17.3 5.04
17.4 5.04
17.5 5.16
17.6 5.04
17.7 5.04
17.8 5.04
17.9 5.16
18 5.04
18.1 4.8
18.2 4.08
18.3 3.84
18.4 4.2
18.5 5.04
18.6 5.04
18.7 5.04
18.8 5.04
18.9 5.04
19 4.92
19.1 5.04
19.2 5.04
19.3 5.04
19.4 5.04
19.5 5.04
19.6 5.04
19.7 5.28
19.8 4.8
19.9 3.84
20 3.84
20.1 4.56
20.2 5.04
20.3 4.92
20.4 5.04
20.5 5.04
20.6 5.04
20.7 5.04
20.8 5.04
20.9 5.04
21 5.04
21.1 4.92
21.2 2.28
21.3 0
21.4 0
21.5 0
21.6 0.36
21.7 0
21.8 0.72
21.9 5.04
22 4.92
22.1 5.04
22.2 5.04
22.3 5.04
22.4 4.92
22.5 5.28
22.6 6.24
22.7 6.24
22.8 3.84
22.9 3.72
23 4.8
23.1 5.04
23.2 5.04
23.3 4.92
23.4 5.04
23.5 5.04
23.6 5.04
23.7 4.92
23.8 5.04
23.9 5.04
24 4.92
24.1 5.04
24.2 5.04
24.3 5.88
24.4 6.12
24.5 4.8
24.6 3.6
24.7 4.08
24.8 4.92
24.9 4.8
25 4.8
25.1 4.8
25.2 4.92
25.3 4.8
25.4 4.8
25.5 4.92
25.6 4.8
25.7 4.44
25.8 4.56
25.9 4.56
26 4.92
26.1 4.56
26.2 4.32
26.3 3.48
26.4 3.6
26.5 4.68
26.6 4.8
26.7 4.68
26.8 4.8
26.9 4.68
27 4.8
27.1 4.68
27.2 4.8
27.3 4.68
27.4 4.8
27.5 4.8
27.6 4.68
27.7 4.8
27.8 5.16
27.9 4.56
28 3.72
28.1 3.48
28.2 4.08
28.3 4.8
28.4 4.8
28.5 4.68
28.6 4.8
28.7 4.68
28.8 4.8
28.9 4.68
29 4.8
29.1 4.68
29.2 4.8
29.3 4.68
29.4 4.56
29.5 4.8
29.6 4.56
29.7 4.08
29.8 3.48
29.9 3.6
30 4.68
30.1 4.68
30.2 4.68
30.3 4.68
30.4 4.68
30.5 4.68
30.6 4.68
30.7 4.68
30.8 4.8
30.9 4.68
31 4.68
31.1 4.68
31.2 4.68
31.3 5.16
31.4 4.44
31.5 3.6
31.6 3.48
31.7 4.32
31.8 4.68
31.9 4.68
32 4.68
32.1 4.68
32.2 2.88
32.3 0
32.4 0
32.5 0
32.6 0.48
32.7 0
32.8 0.84
32.9 4.8
33 4.8
33.1 4.68
33.2 4.8
33.3 4.8
33.4 4.68
33.5 4.8
33.6 4.8
33.7 4.68
33.8 4.8
33.9 4.8
34 5.76
34.1 6
34.2 4.2
34.3 3.6
34.4 4.2
34.5 4.8
34.6 4.8
34.7 4.68
34.8 4.8
34.9 4.8
35 4.68
35.1 4.8
35.2 4.8
35.3 4.68
35.4 4.8
35.5 4.8
35.6 4.68
35.7 5.52
35.8 5.88
35.9 4.32
36 3.6
36.1 3.84
36.2 4.68
36.3 4.8
36.4 4.68
36.5 4.8
36.6 4.8
36.7 4.56
36.8 4.44
36.9 4.44
37 4.44
37.1 4.44
37.2 4.2
37.3 4.32
37.4 4.68
37.5 4.32
37.6 4.08
37.7 3.6
37.8 3.48
37.9 4.68
38 4.8
38.1 4.68
38.2 4.68
38.3 4.44
38.4 4.68
38.5 4.32
38.6 4.44
38.7 4.32
38.8 3.6
38.9 4.32
39 4.44
39.1 4.32
39.2 4.44
39.3 4.08
39.4 3.48
39.5 3.36
39.6 4.2
39.7 4.56
39.8 4.56
39.9 4.56
40 4.56
40.1 4.56
40.2 4.68
40.3 4.44
40.4 4.32
40.5 4.44
40.6 4.32
40.7 4.32
40.8 4.32
40.9 4.56
41 4.2
41.1 2.76
41.2 3.24
41.3 3.72
41.4 4.32
41.5 4.44
41.6 4.44
41.7 4.32
41.8 4.44
41.9 4.44
42 4.32
42.1 4.44
42.2 4.32
42.3 4.44
42.4 4.44
42.5 4.32
42.6 4.68
42.7 4.68
42.8 3.96
42.9 3.36
43 3.24
43.1 4.32
43.2 2.64
43.3 0
43.4 0
43.5 0
43.6 0.48
43.7 0
43.8 1.44
43.9 4.32
44 4.44
44.1 4.44
44.2 4.32
44.3 5.04
44.4 5.52
44.5 4.68
44.6 3.24
44.7 3.6
44.8 4.44
44.9 4.56
45 4.44
45.1 4.44
45.2 4.56
45.3 4.44
45.4 4.56
45.5 4.44
45.6 4.44
45.7 4.56
45.8 4.44
45.9 4.56
46 4.92
46.1 5.64
46.2 4.92
46.3 3.36
46.4 3.6
46.5 4.44
46.6 4.44
46.7 4.56
46.8 4.44
46.9 4.56
47 4.44
47.1 4.44
47.2 4.56
47.3 4.44
47.4 4.56
47.5 4.32
47.6 4.44
47.7 4.56
47.8 4.2
47.9 3.84
48 3.36
48.1 3.36
48.2 4.44
48.3 4.56
48.4 4.32
48.5 3.84
48.6 3.84
48.7 4.32
48.8 4.32
48.9 3.84
49 3.6
49.1 4.2
49.2 4.2
49.3 4.2
49.4 4.44
49.5 3.84
49.6 4.2
49.7 3.36
49.8 3.36
49.9 4.32
50 4.44
50.1 4.44
50.2 3.84
50.3 4.08
50.4 3.24
50.5 4.2
50.6 4.08
50.7 3.84
50.8 4.08
50.9 3.24
51 4.2
51.1 4.2
51.2 4.68
51.3 3.84
51.4 3
51.5 3
51.6 3.96
51.7 4.08
51.8 4.2
51.9 4.08
52 4.2
52.1 4.08
52.2 4.08
52.3 4.2
52.4 4.08
52.5 4.2
52.6 4.08
52.7 3.84
52.8 3.72
52.9 4.56
53 4.32
53.1 3.12
53.2 3.12
53.3 3.72
53.4 4.08
53.5 4.08
53.6 4.2
53.7 4.08
53.8 4.08
53.9 4.08
54 4.08
54.1 3.96
54.2 3.12
54.3 0
54.4 0
54.5 0
54.6 0
54.7 0.36
54.8 0
54.9 3
55 4.08
55.1 4.08
55.2 3.96
55.3 4.08
55.4 4.92
55.5 5.04
55.6 3.84
55.7 3
55.8 3.48
55.9 4.08
56 4.08
56.1 4.08
56.2 4.08
56.3 4.08
56.4 4.08
56.5 4.08
56.6 4.08
56.7 4.08
56.8 4.08
56.9 4.08
57 4.08
57.1 4.56
57.2 5.16
57.3 4.2
57.4 3.12
57.5 3.24
57.6 4.08
57.7 4.2
57.8 4.08
57.9 4.08
58 4.2
58.1 4.08
58.2 4.08
58.3 4.08
58.4 4.2
58.5 4.08
58.6 4.08
58.7 4.08
58.8 4.44
58.9 5.16
59 4.8
59.1 3.12
59.2 3.12
59.3 4.08
59.4 4.08
59.5 4.2
59.6 4.08
59.7 4.08
59.8 4.08
59.9 4.2
60 4.08
60.1 4.08
60.2 4.2
60.3 4.08
60.4 3.84
60.5 4.2
60.6 3.96
60.7 3.84
60.8 3
60.9 3.12
61 3.84
61.1 4.08
61.2 4.2
61.3 4.08
61.4 3.84
61.5 4.08
61.6 4.2
61.7 4.08
61.8 4.08
61.9 4.08
62 3.96
62.1 3.96
62.2 3.84
62.3 4.2
62.4 3.84
62.5 3
62.6 3.12
62.7 3.6
62.8 4.2
62.9 4.08
63 4.08
63.1 3.84
63.2 4.08
63.3 4.2
63.4 4.08
63.5 4.08
63.6 4.08
63.7 4.2
63.8 3.96
63.9 3.96
64 4.08
64.1 3.96
64.2 3.12
64.3 3.12
64.4 3.48
64.5 4.08
64.6 4.08
64.7 4.08
64.8 3.96
64.9 4.08
65 4.08
65.1 4.08
65.2 4.08
65.3 1.44
65.4 0
65.5 0
65.6 0
65.7 0.36
65.8 0
65.9 1.8
66 4.08
66.1 4.08
66.2 4.08
66.3 4.08
66.4 3.96
66.5 4.08
66.6 4.08
66.7 4.08
66.8 4.44
66.9 5.04
67 4.68
67.1 3.12
67.2 3.12
67.3 4.2
67.4 4.2
67.5 4.32
67.6 4.2
67.7 4.2
67.8 4.32
67.9 4.2
68 4.2
68.1 4.32
68.2 4.2
68.3 4.2
68.4 4.32
68.5 4.44
68.6 5.28
68.7 4.2
68.8 3.24
68.9 3.12
69 4.2
69.1 4.2
69.2 4.2
69.3 3.96
69.4 3.6
69.5 4.2
69.6 3.96
69.7 3.84
69.8 3.48
69.9 3.6
70 3.84
70.1 3.96
70.2 3.96
70.3 3.36
70.4 3.6
70.5 3.24
70.6 3.12
70.7 2.64
70.8 0.24
70.9 4.2
71 4.2
71.1 4.32
71.2 4.2
71.3 4.2
71.4 3.84
71.5 3.84
71.6 3.84
71.7 4.08
71.8 4.08
71.9 4.2
72 3.48
72.1 3.48
72.2 3
72.3 3.12
72.4 3.96
72.5 4.08
72.6 3.96
72.7 3.72
72.8 3.6
72.9 4.08
73 3.96
73.1 3.96
73.2 3.24
73.3 3.72
73.4 3.72
73.5 3.84
73.6 3.96
73.7 3.36
73.8 3.72
73.9 2.88
74 3
74.1 3.96
74.2 4.08
74.3 3.96
74.4 3.84
74.5 3.48
74.6 4.08
74.7 3.96
74.8 4.08
74.9 3.36
75 3.6
75.1 3.72
75.2 3.84
75.3 4.08
75.4 3.36
75.5 3.6
75.6 2.88
75.7 3
75.8 3.84
75.9 4.08
76 4.08
76.1 3.72
76.2 3.6
76.3 3.24
76.4 0
76.5 0
76.6 0
76.7 0
76.8 0.36
76.9 0
77 2.64
77.1 3.84
77.2 3.84
77.3 3.72
77.4 3.84
77.5 3.84
77.6 3.72
77.7 3.84
77.8 3.84
77.9 4.2
78 4.8
78.1 4.08
78.2 2.88
78.3 3
78.4 3.96
78.5 3.84
78.6 3.96
78.7 3.84
78.8 3.84
78.9 3.96
79 3.84
79.1 3.96
79.2 3.84
79.3 3.84
79.4 3.96
79.5 3.84
79.6 4.2
79.7 4.8
79.8 4.56
79.9 2.88
80 3
80.1 3.96
80.2 3.96
80.3 3.96
80.4 3.96
80.5 3.84
80.6 3.96
80.7 3.96
80.8 3.96
80.9 3.96
81 3.96
81.1 4.08
81.2 3.96
81.3 4.2
81.4 4.92
81.5 4.56
81.6 3
81.7 3
81.8 3.96
81.9 3.96
82 4.08
82.1 3.6
82.2 3.84
82.3 4.08
82.4 3.96
82.5 3.96
82.6 3.72
82.7 3.84
82.8 3.72
82.9 3.72
83 3.96
83.1 3.72
83.2 3.6
83.3 2.76
83.4 3
83.5 3.84
83.6 3.96
83.7 4.08
83.8 3.72
83.9 3.6
84 3.96
84.1 4.08
84.2 3.96
84.3 3.96
84.4 3.72
84.5 3.84
84.6 3.72
84.7 3.72
84.8 3.96
84.9 3.72
85 2.88
85.1 3
85.2 3.6
85.3 3.96
85.4 4.08
85.5 3.96
85.6 3.48
85.7 3.96
85.8 3.96
85.9 3.96
86 3.96
86.1 4.08
86.2 3.96
86.3 3.96
86.4 3.84
86.5 4.08
86.6 3.96
86.7 3
86.8 3
86.9 3.36
87 3.84
87.1 3.96
87.2 3.84
87.3 3.48
87.4 2.52
87.5 0
87.6 0
87.7 0
87.8 0.48
87.9 0
88 1.32
88.1 3.84
88.2 3.96
88.3 3.84
88.4 3.84
88.5 3.96
88.6 3.84
88.7 3.96
88.8 3.84
88.9 4.2
89 4.8
89.1 4.56
89.2 2.88
89.3 3.12
89.4 3.96
89.5 4.08
89.6 3.96
89.7 3.96
89.8 4.08
89.9 3.96
90 4.08
90.1 3.96
90.2 4.08
90.3 3.96
90.4 4.08
90.5 3.96
90.6 4.32
90.7 4.92
90.8 4.92
90.9 3
91 3
91.1 3.96
91.2 4.08
91.3 4.08
91.4 4.08
91.5 3.96
91.6 4.08
91.7 4.08
91.8 4.08
91.9 4.08
92 4.08
92.1 4.08
92.2 4.08
92.3 4.2
92.4 5.04
92.5 4.32
92.6 3
92.7 3.12
92.8 3.96
92.9 4.08
93 4.08
93.1 3.6
93.2 3.96
93.3 4.08
93.4 4.08
93.5 4.08
93.6 3.84
93.7 3.96
93.8 3.84
93.9 3.84
94 4.08
94.1 3.84
94.2 3.48
94.3 3
94.4 3.12
94.5 3.96
94.6 4.08
94.7 4.08
94.8 3.72
94.9 3.72
95 4.08
95.1 4.08
95.2 4.08
95.3 4.08
95.4 3.96
95.5 3.84
95.6 3.84
95.7 4.08
95.8 3.96
95.9 3.48
96 3
96.1 3.12
96.2 3.96
96.3 4.08
96.4 3.96
96.5 3.96
96.6 3.6
96.7 4.08
96.8 4.08
96.9 3.96
97 4.08
97.1 4.08
97.2 4.08
97.3 4.08
97.4 3.84
97.5 3.96
97.6 3.96
97.7 2.76
97.8 3
97.9 3.84
98 3.96
98.1 3.96
98.2 3.96
98.3 3.72
98.4 3.48
98.5 0
98.6 0
98.7 0
98.8 0.36
98.9 0
99 0.6
99.1 3.96
99.2 3.96
99.3 3.96
99.4 3.96
99.5 3.96
99.6 3.96
99.7 4.2
99.8 4.92
99.9 4.8
100 3
