0.1 0.00448
0.2 0
0.3 1.20416
0.4 0
0.5 1.68
0.6 0.48
0.7 1.68
0.8 2.4
0.9 2.76
1 3.24
1.1 5.76
1.2 7.08
1.3 6.72
1.4 6.24
1.5 3.72
1.6 3.36
1.7 3.36
1.8 3.84
1.9 3.36
2 3.24
2.1 3.12
2.2 5.76
2.3 4.92
2.4 3.24
2.5 3.24
2.6 3.24
2.7 1.56
2.8 1.2
2.9 1.2
3 1.2
3.1 1.08
3.2 1.2
3.3 2.64
3.4 4.2
3.5 3.72
3.6 2.4
3.7 3
3.8 3.72
3.9 3.72
4 3.72
4.1 3.6
4.2 3.72
4.3 3.84
4.4 3.72
4.5 3.72
4.6 3.84
4.7 3.72
4.8 3.72
4.9 4.08
5 4.68
5.1 4.8
5.2 5.04
5.3 5.4
5.4 4.44
5.5 3.36
5.6 3.84
5.7 4.56
5.8 4.56
5.9 4.44
6 4.56
6.1 4.56
6.2 4.56
6.3 4.44
6.4 4.56
6.5 4.56
6.6 4.56
6.7 4.44
6.8 5.04
6.9 5.64
7 4.92
7.1 3.36
7.2 3.72
7.3 4.56
7.4 4.56
7.5 4.56
7.6 4.56
7.7 4.44
7.8 4.56
7.9 4.56
8 4.56
8.1 4.56
8.2 4.44
8.3 4.56
8.4 4.68
8.5 5.76
8.6 5.28
8.7 3.48
8.8 3.48
8.9 4.56
9 4.44
9.1 4.56
9.2 4.56
9.3 4.56
9.4 4.56
9.5 4.44
9.6 4.56
9.7 4.56
9.8 4.56
9.9 4.44
10 4.56
10.1 5.52
10.2 5.64
10.3 0.12
10.4 0
10.5 0
10.6 0.36
10.7 0
10.8 2.28
10.9 4.56
11 4.44
11.1 4.56
11.2 4.44
11.3 5.52
11.4 5.64
11.5 4.68
11.6 3.36
11.7 3.72
11.8 4.44
11.9 4.56
12 4.44
12.1 4.56
12.2 4.44
12.3 4.56
12.4 4.44
12.5 4.56
12.6 4.44
12.7 4.56
12.8 4.44
12.9 4.56
13 5.04
13.1 5.64
13.2 4.68
13.3 3.36
13.4 3.72
13.5 4.44
13.6 4.56
13.7 4.44
13.8 4.56
13.9 4.44
14 4.56
14.1 4.44
14.2 4.56
14.3 4.44
14.4 4.56
14.5 4.44
14.6 4.56
14.7 5.16
14.8 5.4
14.9 4.32
15 3.36
15.1 3.6
15.2 4.44
15.3 4.32
15.4 4.44
15.5 4.32
15.6 4.32
15.7 4.44
15.8 4.32
15.9 4.32
16 4.32
16.1 4.32
16.2 4.32
16.3 4.32
16.4 5.16
16.5 4.92
16.6 3.36
16.7 3.24
16.8 3.84
16.9 4.32
17 4.32
17.1 4.32
17.2 4.32
17.3 4.32
17.4 4.32
17.5 4.32
17.6 4.32
17.7 4.32
17.8 4.32
17.9 4.32
18 4.32
18.1 4.44
18.2 4.08
18.3 3.36
18.4 3.24
18.5 3.84
18.6 4.32
18.7 4.32
18.8 4.32
18.9 4.32
19 4.32
19.1 4.32
19.2 4.32
19.3 4.32
19.4 4.32
19.5 4.32
19.6 4.32
19.7 4.2
19.8 4.44
19.9 4.2
20 3.24
20.1 3.24
20.2 3.84
20.3 4.32
20.4 4.32
20.5 4.2
20.6 4.32
20.7 4.32
20.8 4.32
20.9 4.32
21 4.2
21.1 4.32
21.2 2.4
21.3 0
21.4 0
21.5 0
21.6 0.24
21.7 0.24
21.8 0.12
21.9 4.32
22 4.2
22.1 4.32
22.2 4.32
22.3 4.32
22.4 4.32
22.5 4.2
22.6 5.28
22.7 5.28
22.8 3.6
22.9 3.24
23 3.6
23.1 4.32
23.2 4.2
23.3 4.2
23.4 4.2
23.5 4.2
23.6 4.2
23.7 4.2
23.8 4.2
23.9 4.32
24 4.2
24.1 4.2
24.2 4.2
24.3 4.56
24.4 5.28
24.5 5.04
24.6 3.12
24.7 3.12
24.8 4.2
24.9 4.2
25 4.2
25.1 4.2
25.2 4.2
25.3 4.2
25.4 4.2
25.5 4.32
25.6 4.2
25.7 3.48
25.8 4.08
25.9 3.96
26 3.96
26.1 4.2
26.2 3.84
26.3 3.36
26.4 3
26.5 3.24
26.6 4.08
26.7 3.96
26.8 4.08
26.9 4.08
27 3.96
27.1 4.08
27.2 3.96
27.3 4.08
27.4 4.08
27.5 3.96
27.6 4.08
27.7 3.96
27.8 4.08
27.9 4.44
28 3.84
28.1 3
28.2 3
28.3 3.6
28.4 4.08
28.5 4.08
28.6 3.96
28.7 4.08
28.8 3.96
28.9 4.08
29 3.96
29.1 4.08
29.2 4.08
29.3 3.96
29.4 4.08
29.5 3.96
29.6 4.2
29.7 3.36
29.8 3.36
29.9 3
30 3
30.1 3.84
30.2 3.96
30.3 3.96
30.4 3.96
30.5 3.84
30.6 3.96
30.7 3.96
30.8 3.84
30.9 3.96
31 3.96
31.1 3.84
31.2 3.96
31.3 3.96
31.4 4.32
31.5 3.72
31.6 3.12
31.7 2.88
31.8 3.36
31.9 3.96
32 3.84
32.1 3.96
32.2 3.24
32.3 0
32.4 0
32.5 0
32.6 0.36
32.7 0
32.8 0.48
32.9 3.84
33 3.96
33.1 3.84
33.2 3.96
33.3 3.84
33.4 3.96
33.5 3.84
33.6 3.96
33.7 3.84
33.8 3.96
33.9 3.96
34 4.44
34.1 4.8
34.2 4.08
34.3 3
34.4 3.12
34.5 3.96
34.6 3.84
34.7 3.96
34.8 3.84
34.9 3.96
35 3.84
35.1 3.96
35.2 3.84
35.3 3.96
35.4 3.84
35.5 3.96
35.6 3.84
35.7 3.96
35.8 4.8
35.9 4.56
36 2.76
36.1 2.88
36.2 3.6
36.3 3.72
36.4 3.84
36.5 3.84
36.6 3.84
36.7 3.84
36.8 3.72
36.9 3.6
37 3.6
37.1 3.48
37.2 3.6
37.3 3.72
37.4 3.48
37.5 3.72
37.6 3.48
37.7 3.12
37.8 2.88
37.9 3
38 3.84
38.1 3.84
38.2 3.72
38.3 3.84
38.4 3.72
38.5 3.6
38.6 3.6
38.7 3.6
38.8 3.24
38.9 3.6
39 3.36
39.1 3.6
39.2 3.6
39.3 3.84
39.4 3.48
39.5 2.64
39.6 2.88
39.7 3.36
39.8 3.84
39.9 3.72
40 3.72
40.1 3.72
40.2 3.72
40.3 3.72
40.4 3.72
40.5 3.6
40.6 3.6
40.7 3.6
40.8 3.48
40.9 3.72
41 3.72
41.1 3
41.2 3
41.3 2.64
41.4 2.88
41.5 3.6
41.6 3.6
41.7 3.6
41.8 3.6
41.9 3.6
42 3.6
42.1 3.6
42.2 3.6
42.3 3.6
42.4 3.6
42.5 3.6
42.6 3.6
42.7 3.6
42.8 4.44
42.9 3.36
43 2.64
43.1 2.76
43.2 3.24
43.3 0.6
43.4 0
43.5 0
43.6 0.24
43.7 0.12
43.8 0.12
43.9 3.6
44 3.6
44.1 3.6
44.2 3.6
44.3 3.84
44.4 4.44
44.5 4.44
44.6 2.76
44.7 2.64
44.8 3.36
44.9 3.72
45 3.6
45.1 3.6
45.2 3.72
45.3 3.6
45.4 3.6
45.5 3.6
45.6 3.72
45.7 3.6
45.8 3.6
45.9 3.6
46 3.72
46.1 4.32
46.2 4.56
46.3 3.24
46.4 2.76
46.5 3.12
46.6 3.72
46.7 3.6
46.8 3.6
46.9 3.72
47 3.6
47.1 3.6
47.2 3.6
47.3 3.72
47.4 3.6
47.5 3.6
47.6 3.6
47.7 3.72
47.8 3.6
47.9 3.36
48 3
48.1 2.76
48.2 2.88
48.3 3.6
48.4 3.6
48.5 3.72
48.6 3.36
48.7 2.88
48.8 3.36
48.9 3.48
49 3.48
49.1 3
49.2 3.24
49.3 3.36
49.4 3.6
49.5 3.72
49.6 3.36
49.7 3
49.8 2.64
49.9 2.76
50 3.36
50.1 3.6
50.2 3.6
50.3 3.48
50.4 3.36
50.5 2.64
50.6 3.36
50.7 3.36
50.8 3.36
50.9 3.36
51 3
51.1 3.36
51.2 3.36
51.3 4.2
51.4 3.36
51.5 2.4
51.6 2.64
51.7 2.88
51.8 3.48
51.9 3.36
52 3.36
52.1 3.48
52.2 3.36
52.3 3.48
52.4 3.36
52.5 3.48
52.6 3.36
52.7 3.48
52.8 3.12
52.9 3.36
53 3.84
53.1 3.6
53.2 2.88
53.3 2.52
53.4 2.76
53.5 3.36
53.6 3.48
53.7 3.36
53.8 3.48
53.9 3.36
54 3.48
54.1 3.36
54.2 3.36
54.3 1.56
54.4 0
54.5 0
54.6 0
54.7 0.48
54.8 0
54.9 0.96
55 3.36
55.1 3.48
55.2 3.36
55.3 3.48
55.4 3.72
55.5 4.2
55.6 4.2
55.7 2.64
55.8 2.52
55.9 3.36
56 3.36
56.1 3.36
56.2 3.48
56.3 3.36
56.4 3.48
56.5 3.36
56.6 3.48
56.7 3.36
56.8 3.36
56.9 3.48
57 3.36
57.1 3.48
57.2 3.96
57.3 4.2
57.4 3.48
57.5 2.52
57.6 2.76
57.7 3.48
57.8 3.36
57.9 3.48
58 3.36
58.1 3.48
58.2 3.36
58.3 3.48
58.4 3.36
58.5 3.36
58.6 3.48
58.7 3.36
58.8 3.48
58.9 3.6
59 4.2
59.1 4.2
59.2 2.52
59.3 2.52
59.4 3.24
59.5 3.36
59.6 3.36
59.7 3.36
59.8 3.36
59.9 3.36
60 3.36
60.1 3.36
60.2 3.36
60.3 3.36
60.4 3.36
60.5 3.24
60.6 3.12
60.7 3.48
60.8 3.24
60.9 2.52
61 2.52
61.1 2.88
61.2 3.36
61.3 3.36
61.4 3.36
61.5 3.36
61.6 3.36
61.7 3.36
61.8 3.36
61.9 3.36
62 3.24
62.1 3.24
62.2 3.24
62.3 3.24
62.4 3.48
62.5 3.24
62.6 2.76
62.7 2.52
62.8 2.52
62.9 3.24
63 3.36
63.1 3.36
63.2 3.36
63.3 3.24
63.4 3.36
63.5 3.36
63.6 3.36
63.7 3.36
63.8 3.36
63.9 3.24
64 3.24
64.1 3.24
64.2 3
64.3 3.36
64.4 2.4
64.5 2.4
64.6 2.88
64.7 3.24
64.8 3.24
64.9 3.24
65 3.24
65.1 3.36
65.2 3.24
65.3 3.24
65.4 0.48
65.5 0
65.6 0
65.7 0
65.8 0.36
65.9 0
66 2.88
66.1 3.36
66.2 3.24
66.3 3.24
66.4 3.24
66.5 3.24
66.6 3.24
66.7 3.24
66.8 3.24
66.9 3.72
67 4.08
67.1 3.48
67.2 2.4
67.3 2.52
67.4 3.36
67.5 3.48
67.6 3.36
67.7 3.36
67.8 3.36
67.9 3.48
68 3.36
68.1 3.36
68.2 3.48
68.3 3.36
68.4 3.36
68.5 3.48
68.6 3.36
68.7 4.2
68.8 3.72
68.9 2.28
69 2.52
69.1 3.12
69.2 3.36
69.3 3.48
69.4 3.36
69.5 3
69.6 3.12
69.7 3.12
69.8 3.24
69.9 3.24
70 2.76
70.1 3.12
70.2 3.12
70.3 3.24
70.4 3.36
70.5 2.88
70.6 2.64
70.7 2.52
70.8 2.76
70.9 3.36
71 3.48
71.1 3.36
71.2 3.36
71.3 3.48
71.4 3.36
71.5 3.36
71.6 3.36
71.7 3.48
71.8 3.36
71.9 3.36
72 2.88
72.1 3.48
72.2 3.12
72.3 2.76
72.4 2.4
72.5 2.52
72.6 3.12
72.7 3.36
72.8 3.24
72.9 3.36
73 3
73.1 3.24
73.2 3.24
73.3 3.12
73.4 3.12
73.5 2.88
73.6 3.12
73.7 3.24
73.8 3.12
73.9 3.12
74 3
74.1 2.64
74.2 2.4
74.3 2.76
74.4 3.36
74.5 3.24
74.6 3.36
74.7 3.24
74.8 3
74.9 3.36
75 3.12
75.1 3
75.2 3
75.3 3
75.4 3.36
75.5 3.12
75.6 3.24
75.7 2.88
75.8 3
75.9 2.4
76 2.4
76.1 3.24
76.2 3.24
76.3 3.36
76.4 2.64
76.5 0
76.6 0
76.7 0
76.8 0.24
76.9 0.12
77 0.12
77.1 3.24
77.2 3.12
77.3 3.12
77.4 3.24
77.5 3.12
77.6 3.12
77.7 3.12
77.8 3.24
77.9 3.12
78 3.6
78.1 3.96
78.2 3.24
78.3 2.28
78.4 2.64
78.5 3.12
78.6 3.24
78.7 3.12
78.8 3.12
78.9 3.24
79 3.12
79.1 3.24
79.2 3.12
79.3 3.12
79.4 3.24
79.5 3.12
79.6 3.24
79.7 3.24
79.8 3.96
79.9 3.96
80 2.4
80.1 2.28
80.2 3
80.3 3.24
80.4 3.12
80.5 3.24
80.6 3.12
80.7 3.12
80.8 3.24
80.9 3.12
81 3.24
81.1 3.12
81.2 3.12
81.3 3.24
81.4 3.12
81.5 3.84
81.6 3.96
81.7 3
81.8 2.28
81.9 2.76
82 3.12
82.1 3.12
82.2 3.12
82.3 3.12
82.4 3.24
82.5 3.12
82.6 3.12
82.7 3.12
82.8 3
82.9 3
83 3
83.1 3
83.2 3.36
83.3 2.88
83.4 2.76
83.5 2.4
83.6 2.28
83.7 3.12
83.8 3.12
83.9 3.12
84 3.24
84.1 3.12
84.2 3.12
84.3 3.12
84.4 3.12
84.5 3.12
84.6 3
84.7 2.88
84.8 2.88
84.9 3.12
85 3.24
85.1 3
85.2 2.28
85.3 2.28
85.4 2.64
85.5 3.12
85.6 3.12
85.7 3
85.8 3.12
85.9 3.12
86 3
86.1 3.12
86.2 3.12
86.3 3
86.4 3.12
86.5 3
86.6 3.12
86.7 3.36
86.8 3
86.9 2.64
87 2.16
87.1 2.16
87.2 3
87.3 3
87.4 3.12
87.5 2.64
87.6 0
87.7 0
87.8 0
87.9 0.48
88 0
88.1 1.68
88.2 3.12
88.3 3.12
88.4 3
88.5 3.12
88.6 3.12
88.7 3.12
88.8 3.12
88.9 3
89 3.48
89.1 3.84
89.2 3.6
89.3 2.28
89.4 2.4
89.5 3.12
89.6 3.12
89.7 3.12
89.8 3.12
89.9 3.12
90 3.12
90.1 3.24
90.2 3.12
90.3 3.12
90.4 3.12
90.5 3.12
90.6 3.12
90.7 3.12
90.8 3.84
90.9 3.96
91 2.88
91.1 2.28
91.2 2.76
91.3 3.12
91.4 3.12
91.5 3.12
91.6 3.24
91.7 3.12
91.8 3.12
91.9 3.12
92 3.12
92.1 3.12
92.2 3.12
92.3 3.24
92.4 3.12
92.5 3.36
92.6 3.96
92.7 3
92.8 2.28
92.9 2.4
93 3.12
93.1 3.12
93.2 3.12
93.3 3.12
93.4 3.12
93.5 3.12
93.6 3.12
93.7 3.12
93.8 3.12
93.9 2.88
94 3
94.1 3
94.2 3.12
94.3 3.12
94.4 3
94.5 2.16
94.6 2.4
94.7 2.88
94.8 3.12
94.9 3.12
95 3.12
95.1 3.12
95.2 3.12
95.3 3.12
95.4 3.12
95.5 3.12
95.6 3.12
95.7 2.88
95.8 3
95.9 2.64
96 3.36
96.1 3
96.2 2.4
96.3 2.28
96.4 2.52
96.5 3
96.6 3.12
96.7 3
96.8 3
96.9 3.12
97 3
97.1 3.12
97.2 3
97.3 3.12
97.4 3
97.5 3.12
97.6 3
97.7 3.12
97.8 3.12
97.9 3
98 2.16
98.1 2.28
98.2 2.88
98.3 3.12
98.4 3
98.5 3
98.6 0
98.7 0
98.8 0
98.9 0.36
99 0
99.1 1.32
99.2 3.12
99.3 3.12
99.4 3
99.5 3.12
99.6 3.12
99.7 3
99.8 3.36
99.9 3.84
100 3.6
