0.2 0.00448
0.3 0
0.4 0.0208
0.5 0
0.6 0.03328
0.7 0.00416
0.8 0.02912
0.9 0.0416
1 0.04992
1.1 0.05408
1.2 0.05824
1.3 0.05824
1.4 0.05408
1.5 0.0624
1.6 0.05408
1.7 0.07968
1.8 0.16416
1.9 0.17024
2 0.17632
2.1 0.17024
2.2 0.16416
2.3 0.16128
2.4 0.10112
2.5 0.05824
2.6 0.19552
2.7 0.17632
2.8 0.17024
2.9 0.29184
3 0.25536
3.1 0.16416
3.2 0.2128
3.3 0.25536
3.4 0.23104
3.5 0.16416
3.6 0.15808
3.7 0.22496
3.8 0.19008
3.9 0.05408
4 0
4.1 0.00416
4.2 0.00416
4.3 0.00416
4.4 0.00416
4.5 0
4.6 0.00416
4.7 0.00416
4.8 0.00416
4.9 0.00416
5 0
5.1 0.00416
5.2 0.00416
5.3 0.00416
5.4 0.00416
5.5 0.00416
5.6 0.00416
5.7 0.00832
5.8 0.00416
5.9 0.00416
6 0.00416
6.1 0.00416
6.2 0.00416
6.3 0.00416
6.4 0.00416
6.5 0.00416
6.6 0.00416
6.7 0.00416
6.8 0.00832
6.9 0.00416
7 0.00416
7.1 0
7.2 0.00832
7.3 0.00416
7.4 0.00416
7.5 0.00416
7.6 0.00416
7.7 0.00832
7.8 0.00416
7.9 0.00416
8 0.00416
8.1 0.00832
8.2 0.00416
8.3 0.00832
8.4 0.00416
8.5 0.00416
8.6 0.00832
8.7 0.00416
8.8 0.00416
8.9 0.00832
9 0.00416
9.1 0.00832
9.2 0.00416
9.3 0.00832
9.4 0.00416
9.5 0.00832
9.6 0.00832
9.7 0.00416
9.8 0.00832
9.9 0.00832
10 0.00416
10.1 0.00832
10.2 0.00832
10.3 0.00832
10.4 0.00416
10.5 0.00832
10.6 0
10.7 0.00416
10.8 0.00416
10.9 0.00416
11 0.00832
11.1 0.00416
11.2 0.00832
11.3 0.00832
11.4 0.00416
11.5 0.00416
11.6 0.00832
11.7 0.00832
11.8 0.01248
11.9 0.00832
12 0.00832
12.1 0.00832
12.2 0.01248
12.3 0.00832
12.4 0.01248
12.5 0.00832
12.6 0.01248
12.7 0.01248
12.8 0.00832
12.9 0.01248
13 0.01248
13.1 0.01248
13.2 0.01248
13.3 0.01248
13.4 0.01248
13.5 0.01664
13.6 0.01664
13.7 0.00832
13.8 0.00832
13.9 0.01248
14 0.01248
14.1 0.01664
14.2 0.01248
14.3 0.01664
14.4 0.01248
14.5 0.01248
14.6 0.01664
14.7 0.01248
14.8 0.01248
14.9 0.01248
15 0.01248
15.1 0.01248
15.2 0.01664
15.3 0.01664
15.4 0.01664
15.5 0.01248
15.6 0.01664
15.7 0.01664
15.8 0.01664
15.9 0.01664
16 0.00832
16.1 0.01248
16.2 0.01248
16.3 0.01664
16.4 0.01664
16.5 0.01664
16.6 0.01248
16.7 0.01248
16.8 0.01248
16.9 0.0208
17 0.0208
17.1 0.01664
17.2 0.01248
17.3 0.01664
17.4 0.01664
17.5 0.01248
17.6 0.01664
17.7 0.01664
17.8 0.01664
17.9 0.01664
18 0.0208
18.1 0.01664
18.2 0.01248
18.3 0.01248
18.4 0.01248
18.5 0.01664
18.6 0.0208
18.7 0.0208
18.8 0.0208
18.9 0.01248
19 0.01664
19.1 0.01664
19.2 0.0208
19.3 0.01664
19.4 0.01664
19.5 0.01664
19.6 0.01664
19.7 0.01664
19.8 0.01664
19.9 0.0208
20 0.01664
20.1 0.0208
20.2 0.0208
20.3 0.0208
20.4 0.01664
20.5 0.01664
20.6 0.01664
20.7 0.01664
20.8 0.0208
20.9 0.01664
21 0.0208
21.1 0.01664
21.2 0.0208
21.3 0.01664
21.4 0.0208
21.5 0.0208
21.6 0.0624
21.7 0.0208
21.8 0.01664
21.9 0.0208
22 0.02496
22.1 0.0208
22.2 0.02496
22.3 0.0208
22.4 0.02496
22.5 0.02912
22.6 0.02496
22.7 0.02496
22.8 0.0208
22.9 0.0208
23 0.0208
23.1 0.02496
23.2 0.02496
23.3 0.02496
23.4 0.02496
23.5 0.02496
23.6 0.0208
23.7 0.02496
23.8 0.02496
23.9 0.02496
24 0.02496
24.1 0.0208
24.2 0.02496
24.3 0.02496
24.4 0.02496
24.5 0.0208
24.6 0.02496
24.7 0.02496
24.8 0.02496
24.9 0.02496
25 0.02496
25.1 0.0208
25.2 0.02496
25.3 0.02496
25.4 0.02496
25.5 0.0208
25.6 0.02496
25.7 0.02496
25.8 0.02496
25.9 0.02496
26 0.02496
26.1 0.02496
26.2 0.02912
26.3 0.02496
26.4 0.02496
26.5 0.02912
26.6 0.02912
26.7 0.02496
26.8 0.0208
26.9 0.02496
27 0.02496
27.1 0.02496
27.2 0.02496
27.3 0.02496
27.4 0.02912
27.5 0.02496
27.6 0.02496
27.7 0.02496
27.8 0.02912
27.9 0.02496
28 0.02496
28.1 0.02496
28.2 0.02496
28.3 0.02912
28.4 0.03744
28.5 0.02496
28.6 0.0208
28.7 0.02496
28.8 0.02496
28.9 0.02496
29 0.02912
29.1 0.02496
29.2 0.02912
29.3 0.02496
29.4 0.02912
29.5 0.02496
29.6 0.02912
29.7 0.02496
29.8 0.02912
29.9 0.02496
30 0.02912
30.1 0.03744
30.2 0.03744
30.3 0.0208
30.4 0.0208
30.5 0.02496
30.6 0.02912
30.7 0.02912
30.8 0.02912
30.9 0.02912
31 0.02912
31.1 0.02912
31.2 0.02912
31.3 0.02912
31.4 0.02912
31.5 0.02912
31.6 0.02496
31.7 0.02912
31.8 0.03328
31.9 0.03744
32 0.03744
32.1 0.02496
32.2 0.0208
32.3 0.02496
32.4 0.02912
32.5 0.01664
32.6 0
32.7 0.00832
32.8 0
32.9 0.0208
33 0.02912
33.1 0.03328
33.2 0.02912
33.3 0.02912
33.4 0.03328
33.5 0.02912
33.6 0.02912
33.7 0.03328
33.8 0.03744
33.9 0.03744
34 0.03328
34.1 0.02496
34.2 0.02496
34.3 0.02496
34.4 0.03328
34.5 0.0416
34.6 0.03744
34.7 0.03328
34.8 0.03744
34.9 0.03328
35 0.03328
35.1 0.03328
35.2 0.03328
35.3 0.03328
35.4 0.03744
35.5 0.03328
35.6 0.03328
35.7 0.03744
35.8 0.0416
35.9 0.0416
36 0.02496
36.1 0.02496
36.2 0.0208
36.3 0.0416
36.4 0.04576
36.5 0.03744
36.6 0.03328
36.7 0.03328
36.8 0.03744
36.9 0.03328
37 0.03328
37.1 0.03744
37.2 0.03744
37.3 0.03744
37.4 0.03328
37.5 0.03744
37.6 0.03744
37.7 0.0416
37.8 0.03744
37.9 0.02496
38 0.03328
38.1 0.03744
38.2 0.0416
38.3 0.03744
38.4 0.03328
38.5 0.03328
38.6 0.03744
38.7 0.03744
38.8 0.03328
38.9 0.03744
39 0.03744
39.1 0.03744
39.2 0.0416
39.3 0.03744
39.4 0.03328
39.5 0.0416
39.6 0.03744
39.7 0.03744
39.8 0.03328
39.9 0.03744
40 0.03744
40.1 0.03744
40.2 0.03744
40.3 0.03328
40.4 0.03744
40.5 0.03744
40.6 0.03328
40.7 0.03744
40.8 0.03744
40.9 0.03744
41 0.03744
41.1 0.03744
41.2 0.03744
41.3 0.0416
41.4 0.03744
41.5 0.04576
41.6 0.03744
41.7 0.03328
41.8 0.03744
41.9 0.03744
42 0.03744
42.1 0.03744
42.2 0.03744
42.3 0.0416
42.4 0.03744
42.5 0.03744
42.6 0.03744
42.7 0.03744
42.8 0.03744
42.9 0.03744
43 0.03744
43.1 0.03744
43.2 0.04576
43.3 0.05408
43.4 0.03328
43.5 0.03744
43.6 0.03744
43.7 0
43.8 0.00832
43.9 0
44 0.03328
44.1 0.03744
44.2 0.0416
44.3 0.0416
44.4 0.03744
44.5 0.03328
44.6 0.03328
44.7 0.0416
44.8 0.04992
44.9 0.0416
45 0.0416
45.1 0.03744
45.2 0.04576
45.3 0.04576
45.4 0.04992
45.5 0.03328
45.6 0.03328
45.7 0.0416
45.8 0.0416
45.9 0.0416
46 0.04576
46.1 0.0416
46.2 0.04576
46.3 0.03744
46.4 0.03328
46.5 0.0416
46.6 0.05408
46.7 0.04992
46.8 0.0416
46.9 0.04576
47 0.0416
47.1 0.04576
47.2 0.04992
47.3 0.04992
47.4 0.04576
47.5 0.03328
47.6 0.03744
47.7 0.0416
47.8 0.04576
47.9 0.0416
48 0.04576
48.1 0.0416
48.2 0.04576
48.3 0.04992
48.4 0.04992
48.5 0.04576
48.6 0.04576
48.7 0.0416
48.8 0.04576
48.9 0.04576
49 0.04992
49.1 0.04576
49.2 0.03744
49.3 0.03744
49.4 0.0416
49.5 0.04576
49.6 0.04576
49.7 0.04576
49.8 0.04576
49.9 0.0416
50 0.04992
50.1 0.05408
50.2 0.04576
50.3 0.04576
50.4 0.0416
50.5 0.04576
50.6 0.04576
50.7 0.04576
50.8 0.05408
50.9 0.04992
51 0.03744
51.1 0.03744
51.2 0.04576
51.3 0.04576
51.4 0.04576
51.5 0.04576
51.6 0.0416
51.7 0.04992
51.8 0.05824
51.9 0.04992
52 0.04992
52.1 0.04576
52.2 0.04576
52.3 0.04576
52.4 0.04992
52.5 0.04576
52.6 0.05408
52.7 0.05408
52.8 0.03744
52.9 0.03744
53 0.04576
53.1 0.04992
53.2 0.04576
53.3 0.04576
53.4 0.04992
53.5 0.04992
53.6 0.05824
53.7 0.05408
53.8 0.04576
53.9 0.04576
54 0.04992
54.1 0.04576
54.2 0.04992
54.3 0.04576
54.4 0.05824
54.5 0.04992
54.6 0.07488
54.7 0
54.8 0.00416
54.9 0.00416
55 0.00416
55.1 0.04576
55.2 0.04992
55.3 0.04576
55.4 0.04992
55.5 0.04576
55.6 0.04576
55.7 0.04992
55.8 0.05824
55.9 0.04992
56 0.0416
56.1 0.04576
56.2 0.04992
56.3 0.04992
56.4 0.04992
56.5 0.04576
56.6 0.04992
56.7 0.04992
56.8 0.04992
56.9 0.04576
57 0.04992
57.1 0.04992
57.2 0.04992
57.3 0.04576
57.4 0.0416
57.5 0.04992
57.6 0.05824
57.7 0.05408
57.8 0.04576
57.9 0.04576
58 0.04576
58.1 0.04992
58.2 0.04992
58.3 0.04992
58.4 0.04992
58.5 0.04992
58.6 0.04992
58.7 0.04576
58.8 0.04992
58.9 0.04992
59 0.04992
59.1 0.04576
59.2 0.04576
59.3 0.04576
59.4 0.05824
59.5 0.0624
59.6 0.04576
59.7 0.0416
59.8 0.04992
59.9 0.04992
60 0.04992
60.1 0.04992
60.2 0.04992
60.3 0.04992
60.4 0.04992
60.5 0.04992
60.6 0.04992
60.7 0.04992
60.8 0.04992
60.9 0.04992
61 0.04992
61.1 0.05408
61.2 0.05408
61.3 0.04992
61.4 0.04576
61.5 0.04576
61.6 0.04576
61.7 0.05408
61.8 0.04992
61.9 0.04992
62 0.04576
62.1 0.04992
62.2 0.04992
62.3 0.04992
62.4 0.05408
62.5 0.04992
62.6 0.04992
62.7 0.04992
62.8 0.04992
62.9 0.05824
63 0.05824
63.1 0.0416
63.2 0.0416
63.3 0.04576
63.4 0.04992
63.5 0.04992
63.6 0.04992
63.7 0.04992
63.8 0.04992
63.9 0.04992
64 0.04992
64.1 0.04992
64.2 0.04992
64.3 0.04992
64.4 0.04992
64.5 0.04992
64.6 0.05824
64.7 0.05824
64.8 0.04576
64.9 0.04576
65 0.0416
65.1 0.04992
65.2 0.04992
65.3 0.04992
65.4 0.04992
65.5 0.04992
65.6 0.0624
65.7 0.05408
65.8 0
65.9 0.00832
66 0
66.1 0.02912
66.2 0.04992
66.3 0.04992
66.4 0.04992
66.5 0.05408
66.6 0.05408
66.7 0.05824
66.8 0.05824
66.9 0.05824
67 0.0416
67.1 0.0416
67.2 0.04992
67.3 0.05824
67.4 0.06656
67.5 0.05408
67.6 0.05408
67.7 0.05408
67.8 0.05408
67.9 0.05408
68 0.05408
68.1 0.05408
68.2 0.05408
68.3 0.05408
68.4 0.05408
68.5 0.05408
68.6 0.0624
68.7 0.0624
68.8 0.05408
68.9 0.0416
69 0.03744
69.1 0.05408
69.2 0.06656
69.3 0.0624
69.4 0.05824
69.5 0.04576
69.6 0.05408
69.7 0.05408
69.8 0.05824
69.9 0.05824
70 0.04992
70.1 0.04992
70.2 0.05824
70.3 0.05824
70.4 0.08192
70.5 0.13056
70.6 0.12352
70.7 0.14592
70.8 0.14592
70.9 0.16032
71 0.1296
71.1 0.10368
71.2 0.05408
71.3 0.05408
71.4 0.05408
71.5 0.02912
71.6 0.04576
71.7 0.05408
71.8 0.05824
71.9 0.05824
72 0.05408
72.1 0.05408
72.2 0.0624
72.3 0.05408
72.4 0.04576
72.5 0.04992
72.6 0.05824
72.7 0.06656
72.8 0.05824
72.9 0.05824
73 0.04992
73.1 0.05824
73.2 0.05408
73.3 0.05408
73.4 0.05824
73.5 0.05408
73.6 0.05824
73.7 0.05408
73.8 0.05824
73.9 0.05824
74 0.04992
74.1 0.05408
74.2 0.04992
74.3 0.05408
74.4 0.0624
74.5 0.05824
74.6 0.0624
74.7 0.04992
74.8 0.05824
74.9 0.05824
75 0.05408
75.1 0.05408
75.2 0.05408
75.3 0.0624
75.4 0.05408
75.5 0.05408
75.6 0.05824
75.7 0.05408
75.8 0.05824
75.9 0.04992
76 0.04992
76.1 0.05824
76.2 0.05824
76.3 0.05824
76.4 0.05824
76.5 0.05824
76.6 0.05824
76.7 0.06656
76.8 0.0208
76.9 0
77 0.00832
77.1 0
77.2 0.04992
77.3 0.05408
77.4 0.05824
77.5 0.05824
77.6 0.05408
77.7 0.05824
77.8 0.05408
77.9 0.05824
78 0.05408
78.1 0.05408
78.2 0.05408
78.3 0.0624
78.4 0.0624
78.5 0.05408
78.6 0.04992
78.7 0.05824
78.8 0.05824
78.9 0.05408
79 0.05408
79.1 0.05824
79.2 0.05824
79.3 0.05408
79.4 0.05824
79.5 0.05408
79.6 0.05824
79.7 0.05408
79.8 0.05408
79.9 0.05408
80 0.05408
80.1 0.0624
80.2 0.06656
80.3 0.04992
80.4 0.05408
80.5 0.05408
80.6 0.05824
80.7 0.05408
80.8 0.05408
80.9 0.05824
81 0.05824
81.1 0.05408
81.2 0.05824
81.3 0.05408
81.4 0.05824
81.5 0.05408
81.6 0.05408
81.7 0.05408
81.8 0.04992
81.9 0.06656
82 0.06656
82.1 0.05408
82.2 0.04576
82.3 0.05824
82.4 0.05824
82.5 0.05824
82.6 0.05408
82.7 0.05824
82.8 0.05408
82.9 0.05824
83 0.05824
83.1 0.05408
83.2 0.05824
83.3 0.05408
83.4 0.05824
83.5 0.05408
83.6 0.0624
83.7 0.0624
83.8 0.05408
83.9 0.04992
84 0.05408
84.1 0.05408
84.2 0.0624
84.3 0.05408
84.4 0.05824
84.5 0.05408
84.6 0.05824
84.7 0.05408
84.8 0.05824
84.9 0.05824
85 0.05408
85.1 0.04992
85.2 0.05824
85.3 0.05824
85.4 0.0624
85.5 0.0624
85.6 0.04576
85.7 0.04992
85.8 0.05408
85.9 0.05824
86 0.05824
86.1 0.05408
86.2 0.05408
86.3 0.05824
86.4 0.05408
86.5 0.05408
86.6 0.05824
86.7 0.05408
86.8 0.05408
86.9 0.05824
87 0.05408
87.1 0.0624
87.2 0.0624
87.3 0.04992
87.4 0.04992
87.5 0.05408
87.6 0.05824
87.7 0.0624
87.8 0.04576
87.9 0
88 0.00832
88.1 0
88.2 0.02912
88.3 0.05824
88.4 0.05408
88.5 0.05408
88.6 0.05824
88.7 0.05408
88.8 0.05408
88.9 0.05824
89 0.05408
89.1 0.04992
89.2 0.05824
89.3 0.05824
89.4 0.0624
89.5 0.05408
89.6 0.04992
89.7 0.05408
89.8 0.05824
89.9 0.05408
90 0.05408
90.1 0.05824
90.2 0.05408
90.3 0.05408
90.4 0.05824
90.5 0.05408
90.6 0.05408
90.7 0.05824
90.8 0.05408
90.9 0.04992
91 0.05408
91.1 0.0624
91.2 0.0624
91.3 0.05408
91.4 0.04992
91.5 0.05408
91.6 0.05408
91.7 0.05824
91.8 0.05408
91.9 0.05408
92 0.05824
92.1 0.05408
92.2 0.05408
92.3 0.05408
92.4 0.05824
92.5 0.05408
92.6 0.05408
92.7 0.04992
92.8 0.05408
92.9 0.06656
93 0.0624
93.1 0.04992
93.2 0.04992
93.3 0.05408
93.4 0.05824
93.5 0.05408
93.6 0.05824
93.7 0.05408
93.8 0.05408
93.9 0.05408
94 0.05824
94.1 0.05408
94.2 0.05408
94.3 0.05408
94.4 0.05408
94.5 0.05824
94.6 0.05824
94.7 0.05824
94.8 0.05408
94.9 0.04992
95 0.04992
95.1 0.05824
95.2 0.05408
95.3 0.05824
95.4 0.05408
95.5 0.05408
95.6 0.05408
95.7 0.05408
95.8 0.05824
95.9 0.05408
96 0.05408
96.1 0.05408
96.2 0.05408
96.3 0.0624
96.4 0.05824
96.5 0.05408
96.6 0.04576
96.7 0.04992
96.8 0.05408
96.9 0.05824
97 0.05408
97.1 0.05408
97.2 0.05408
97.3 0.05408
97.4 0.05408
97.5 0.05408
97.6 0.05824
97.7 0.05408
97.8 0.05408
97.9 0.05408
98 0.05824
98.1 0.0624
98.2 0.05824
98.3 0.04576
98.4 0.04992
98.5 0.05408
98.6 0.05824
98.7 0.05408
98.8 0.0624
98.9 0
99 0.00832
99.1 0
99.2 0.0208
99.3 0.05408
99.4 0.05408
99.5 0.05408
99.6 0.05408
99.7 0.05824
99.8 0.05408
99.9 0.04992
100 0.04992
