0.1 0.00448
0.2 0
0.3 1.20416
0.4 0
0.5 1.8
0.6 0.36
0.7 1.8
0.8 2.28
0.9 2.76
1 3.36
1.1 5.76
1.2 7.32
1.3 6.6
1.4 6.48
1.5 3.48
1.6 3.48
1.7 3.24
1.8 3.48
1.9 3.24
2 3.36
2.1 3.48
2.2 6.12
2.3 4.2
2.4 3.36
2.5 6.48
2.6 9.72
2.7 2.04
2.8 1.2
2.9 1.2
3 1.32
3.1 2.88
3.2 5.64
3.3 4.8
3.4 3.36
3.5 3.84
3.6 5.04
3.7 3.48
3.8 0
3.9 0.12
4 0.24
4.1 0.12
4.2 0.24
4.3 0.24
4.4 0.12
4.5 0.24
4.6 0.24
4.7 0.12
4.8 0.24
4.9 0.12
5 0.24
5.1 0.24
5.2 0.24
5.3 0.36
5.4 0.24
5.5 0.24
5.6 0.24
5.7 0.24
5.8 0.24
5.9 0.24
6 0.36
6.1 0.24
6.2 0.24
6.3 0.24
6.4 0.36
6.5 0.24
6.6 0.24
6.7 0.24
6.8 0.36
6.9 0.24
7 0.24
7.1 0.24
7.2 0.36
7.3 0.24
7.4 0.24
7.5 0.24
7.6 0.36
7.7 0.36
7.8 0.24
7.9 0.36
8 0.36
8.1 0.36
8.2 0.24
8.3 0.36
8.4 0.36
8.5 0.36
8.6 0.36
8.7 0.36
8.8 0.36
8.9 0.24
9 0.36
9.1 0.36
9.2 0.48
9.3 0.36
9.4 0.36
9.5 0.48
9.6 0.36
9.7 0.48
9.8 0.36
9.9 0.48
10 0.36
10.1 0.6
10.2 0.48
10.3 0.12
10.4 0
10.5 0
10.6 0.36
10.7 0.12
10.8 0.24
10.9 0.48
11 0.36
11.1 0.48
11.2 0.36
11.3 0.36
11.4 0.48
11.5 0.48
11.6 0.48
11.7 0.48
11.8 0.6
11.9 0.48
12 0.6
12.1 0.6
12.2 0.6
12.3 0.6
12.4 0.6
12.5 0.72
12.6 0.72
12.7 0.72
12.8 0.72
12.9 0.72
13 0.84
13.1 0.84
13.2 0.72
13.3 0.96
13.4 0.84
13.5 0.6
13.6 0.48
13.7 0.72
13.8 0.84
13.9 0.84
14 0.84
14.1 0.84
14.2 0.84
14.3 0.84
14.4 0.84
14.5 0.84
14.6 0.96
14.7 0.84
14.8 0.84
14.9 0.84
15 0.84
15.1 0.84
15.2 0.84
15.3 0.84
15.4 1.08
15.5 1.08
15.6 0.96
15.7 0.6
15.8 0.6
15.9 0.84
16 0.96
16.1 0.84
16.2 0.96
16.3 0.84
16.4 0.96
16.5 0.96
16.6 0.84
16.7 0.96
16.8 0.84
16.9 0.96
17 0.96
17.1 0.84
17.2 0.96
17.3 0.96
17.4 0.84
17.5 1.08
17.6 1.08
17.7 1.2
17.8 0.96
17.9 0.72
18 0.72
18.1 0.84
18.2 0.96
18.3 1.08
18.4 0.96
18.5 0.96
18.6 0.96
18.7 1.08
18.8 0.96
18.9 0.96
19 1.08
19.1 1.08
19.2 0.96
19.3 1.08
19.4 1.08
19.5 0.96
19.6 1.08
19.7 1.2
19.8 1.32
19.9 1.32
20 0.72
20.1 0.84
20.2 0.84
20.3 0.96
20.4 1.2
20.5 1.08
20.6 1.08
20.7 1.08
20.8 1.2
20.9 1.08
21 1.08
21.1 1.2
21.2 1.08
21.3 1.08
21.4 1.2
21.5 1.08
21.6 1.08
21.7 1.2
21.8 1.08
21.9 1.44
22 1.44
22.1 1.44
22.2 1.44
22.3 1.68
22.4 1.56
22.5 1.68
22.6 1.68
22.7 1.56
22.8 1.08
22.9 1.2
23 1.44
23.1 1.56
23.2 1.44
23.3 1.56
23.4 1.44
23.5 1.44
23.6 1.56
23.7 1.44
23.8 1.44
23.9 1.56
24 1.44
24.1 1.44
24.2 1.56
24.3 1.56
24.4 1.92
24.5 1.68
24.6 1.08
24.7 1.2
24.8 1.32
24.9 1.56
25 1.44
25.1 1.44
25.2 1.56
25.3 1.44
25.4 1.44
25.5 1.56
25.6 1.44
25.7 1.56
25.8 1.44
25.9 1.44
26 1.56
26.1 1.56
26.2 1.8
26.3 1.32
26.4 1.08
26.5 1.08
26.6 1.44
26.7 1.44
26.8 1.56
26.9 1.56
27 1.56
27.1 1.44
27.2 1.56
27.3 1.56
27.4 1.56
27.5 1.56
27.6 1.56
27.7 1.44
27.8 1.56
27.9 1.68
28 1.92
28.1 1.44
28.2 1.08
28.3 1.2
28.4 1.44
28.5 1.56
28.6 1.56
28.7 1.68
28.8 1.56
28.9 1.68
29 1.56
29.1 1.68
29.2 1.56
29.3 1.68
29.4 1.56
29.5 1.68
29.6 1.56
29.7 1.8
29.8 1.92
29.9 1.68
30 0.96
30.1 1.2
30.2 1.44
30.3 1.68
30.4 1.8
30.5 1.68
30.6 1.8
30.7 1.68
30.8 1.8
30.9 1.8
31 1.68
31.1 1.8
31.2 1.68
31.3 1.8
31.4 1.68
31.5 1.8
31.6 2.16
31.7 1.56
31.8 1.2
31.9 1.32
32 1.56
32.1 1.8
32.2 0.48
32.3 0
32.4 0
32.5 0
32.6 0.36
32.7 0
32.8 1.32
32.9 1.92
33 1.8
33.1 1.8
33.2 1.92
33.3 1.8
33.4 1.8
33.5 1.92
33.6 2.28
33.7 2.28
33.8 2.28
33.9 1.44
34 1.68
34.1 2.04
34.2 2.16
34.3 2.04
34.4 2.16
34.5 2.04
34.6 2.16
34.7 2.04
34.8 2.16
34.9 2.16
35 2.04
35.1 2.16
35.2 2.16
35.3 2.16
35.4 2.28
35.5 2.64
35.6 2.64
35.7 1.56
35.8 1.68
35.9 1.92
36 2.16
36.1 2.16
36.2 2.16
36.3 2.16
36.4 2.16
36.5 2.16
36.6 2.16
36.7 2.16
36.8 2.16
36.9 2.16
37 2.16
37.1 2.16
37.2 2.16
37.3 2.4
37.4 2.16
37.5 1.56
37.6 1.68
37.7 1.68
37.8 2.16
37.9 2.16
38 2.16
38.1 2.16
38.2 2.16
38.3 2.16
38.4 2.16
38.5 2.16
38.6 2.16
38.7 2.16
38.8 2.16
38.9 2.16
39 2.16
39.1 2.28
39.2 2.28
39.3 2.16
39.4 1.56
39.5 1.56
39.6 2.16
39.7 2.16
39.8 2.16
39.9 2.16
40 2.28
40.1 2.16
40.2 2.16
40.3 2.28
40.4 2.16
40.5 2.16
40.6 2.16
40.7 2.28
40.8 2.16
40.9 2.16
41 2.64
41.1 2.16
41.2 1.68
41.3 1.56
41.4 1.8
41.5 2.28
41.6 2.16
41.7 2.28
41.8 2.28
41.9 2.16
42 2.28
42.1 2.28
42.2 2.28
42.3 2.16
42.4 2.28
42.5 2.28
42.6 2.28
42.7 2.16
42.8 2.52
42.9 2.76
43 2.28
43.1 1.68
43.2 1.68
43.3 2.16
43.4 0.24
43.5 0
43.6 0
43.7 0.36
43.8 0
43.9 2.04
44 2.4
44.1 2.4
44.2 2.4
44.3 2.4
44.4 2.4
44.5 2.4
44.6 2.4
44.7 2.4
44.8 2.4
44.9 2.4
45 2.52
45.1 3.12
45.2 3.12
45.3 2.28
45.4 1.92
45.5 2.16
45.6 2.76
45.7 2.64
45.8 2.76
45.9 2.64
46 2.76
46.1 2.76
46.2 2.64
46.3 2.76
46.4 2.64
46.5 2.76
46.6 2.76
46.7 2.64
46.8 2.76
46.9 3.36
47 3.48
47.1 2.4
47.2 2.04
47.3 2.4
47.4 2.64
47.5 2.76
47.6 2.76
47.7 2.76
47.8 2.64
47.9 2.76
48 2.52
48.1 2.64
48.2 2.4
48.3 2.64
48.4 2.64
48.5 2.76
48.6 2.76
48.7 3
48.8 2.4
48.9 1.92
49 2.04
49.1 2.4
49.2 2.76
49.3 2.76
49.4 2.64
49.5 2.76
49.6 2.64
49.7 2.76
49.8 2.64
49.9 2.52
50 2.4
50.1 2.76
50.2 2.76
50.3 2.64
50.4 2.88
50.5 3
50.6 2.4
50.7 2.04
50.8 2.04
50.9 2.52
51 2.64
51.1 2.76
51.2 2.76
51.3 2.76
51.4 2.76
51.5 2.76
51.6 2.76
51.7 2.64
51.8 2.76
51.9 2.76
52 2.76
52.1 2.76
52.2 3.12
52.3 3.48
52.4 2.76
52.5 2.04
52.6 2.16
52.7 2.76
52.8 2.88
52.9 2.76
53 2.88
53.1 2.88
53.2 2.88
53.3 2.88
53.4 2.88
53.5 2.76
53.6 2.88
53.7 2.76
53.8 2.88
53.9 2.88
54 3.24
54.1 3.36
54.2 2.4
54.3 2.16
54.4 0.96
54.5 0
54.6 0
54.7 0.36
54.8 0
54.9 0.24
55 2.88
55.1 2.88
55.2 3
55.3 2.88
55.4 2.88
55.5 3.6
55.6 3.6
55.7 2.64
55.8 2.16
55.9 2.52
56 3
56.1 2.88
56.2 3
56.3 2.88
56.4 3
56.5 2.88
56.6 3
56.7 2.88
56.8 3
56.9 2.88
57 3
57.1 2.88
57.2 3.12
57.3 3.72
57.4 3.6
57.5 2.16
57.6 2.28
57.7 2.76
57.8 3
57.9 3
58 3
58.1 3
58.2 3
58.3 3
58.4 3
58.5 3
58.6 3
58.7 3
58.8 3
58.9 3
59 3.48
59.1 3.84
59.2 2.88
59.3 2.28
59.4 2.52
59.5 3
59.6 3
59.7 3
59.8 3
59.9 3
60 3
60.1 3
60.2 3
60.3 3
60.4 3
60.5 3
60.6 3
60.7 3
60.8 3
60.9 2.88
61 2.16
61.1 2.16
61.2 2.88
61.3 3
61.4 3
61.5 3
61.6 3
61.7 3
61.8 3
61.9 3
62 3
62.1 3
62.2 2.88
62.3 2.88
62.4 2.76
62.5 3.24
62.6 3
62.7 2.4
62.8 2.28
62.9 2.28
63 3
63.1 3
63.2 2.88
63.3 3
63.4 3
63.5 3
63.6 3
63.7 3
63.8 2.88
63.9 3
64 3
64.1 2.88
64.2 2.88
64.3 3.12
64.4 3
64.5 2.28
64.6 2.16
64.7 2.52
64.8 2.88
64.9 3
65 3
65.1 3
65.2 3
65.3 3
65.4 2.88
65.5 0
65.6 0
65.7 0
65.8 0.36
65.9 0
66 1.92
66.1 3
66.2 3
66.3 3
66.4 3
66.5 3.48
66.6 3.84
66.7 3.72
66.8 3.24
66.9 2.52
67 3.36
67.1 3.36
67.2 3.36
67.3 3.36
67.4 3.48
67.5 3.36
67.6 3.48
67.7 3.48
67.8 3.36
67.9 3.48
68 3.48
68.1 3.48
68.2 3.48
68.3 4.32
68.4 4.32
68.5 3.12
68.6 2.64
68.7 3
68.8 3.48
68.9 3.48
69 3.48
69.1 3.12
69.2 3.12
69.3 3.36
69.4 3.48
69.5 3.48
69.6 3.12
69.7 3
69.8 3.24
69.9 3.24
70 3.6
70.1 2.88
70.2 2.76
70.3 2.64
70.4 2.64
70.5 3.36
70.6 2.76
70.7 2.88
70.8 3.48
70.9 3.48
71 3.48
71.1 3.48
71.2 0.84
71.3 3.48
71.4 3.48
71.5 3.48
71.6 3.48
71.7 3.48
71.8 3.96
71.9 3.36
72 2.64
72.1 2.64
72.2 2.88
72.3 3.36
72.4 3.48
72.5 3.36
72.6 3.12
72.7 3.24
72.8 3.48
72.9 3.36
73 3.48
73.1 3.12
73.2 3.36
73.3 3.24
73.4 3.12
73.5 3.6
73.6 3
73.7 3.24
73.8 2.52
73.9 2.52
74 3.36
74.1 3.48
74.2 3.36
74.3 3.48
74.4 3
74.5 3.48
74.6 3.48
74.7 3.36
74.8 3.24
74.9 3.36
75 3.24
75.1 3.12
75.2 3.24
75.3 3.36
75.4 3.48
75.5 2.64
75.6 2.52
75.7 2.88
75.8 3.36
75.9 3.48
76 3.36
76.1 3.36
76.2 3.36
76.3 3.12
76.4 3.24
76.5 0.36
76.6 0
76.7 0
76.8 0
76.9 0.36
77 0
77.1 3.12
77.2 3.36
77.3 3.36
77.4 3.36
77.5 3.36
77.6 3.36
77.7 3.36
77.8 3.36
77.9 3.36
78 3.84
78.1 4.2
78.2 3.48
78.3 2.52
78.4 2.76
78.5 3.36
78.6 3.36
78.7 3.36
78.8 3.48
78.9 3.36
79 3.36
79.1 3.36
79.2 3.48
79.3 3.36
79.4 3.36
79.5 3.36
79.6 3.48
79.7 3.36
79.8 4.2
79.9 4.2
80 2.88
80.1 2.64
80.2 3
80.3 3.36
80.4 3.48
80.5 3.36
80.6 3.48
80.7 3.48
80.8 3.36
80.9 3.48
81 3.36
81.1 3.48
81.2 3.48
81.3 3.36
81.4 3.48
81.5 3.96
81.6 4.2
81.7 3.48
81.8 2.52
81.9 2.76
82 3.48
82.1 3.36
82.2 3.48
82.3 3.48
82.4 3.36
82.5 3.48
82.6 3.36
82.7 3.48
82.8 3.24
82.9 3.24
83 3.24
83.1 3.36
83.2 3.36
83.3 3.36
83.4 3.24
83.5 2.4
83.6 2.64
83.7 3.12
83.8 3.48
83.9 3.36
84 3.48
84.1 3.48
84.2 3.36
84.3 3.48
84.4 3.36
84.5 3.48
84.6 3.24
84.7 3.24
84.8 2.76
84.9 3.36
85 3.48
85.1 3.24
85.2 2.64
85.3 2.52
85.4 2.64
85.5 3.36
85.6 3.36
85.7 3.36
85.8 3.24
85.9 3.36
86 3.36
86.1 3.36
86.2 3.24
86.3 3.36
86.4 3.36
86.5 3.24
86.6 3.36
86.7 3.24
86.8 3.48
86.9 3.12
87 2.28
87.1 2.52
87.2 3
87.3 3.24
87.4 3.36
87.5 2.88
87.6 0
87.7 0
87.8 0
87.9 0.36
88 0
88.1 1.92
88.2 3.24
88.3 3.36
88.4 3.24
88.5 3.36
88.6 3.36
88.7 3.24
88.8 3.36
88.9 3.24
89 3.6
89.1 4.2
89.2 3.84
89.3 2.52
89.4 2.52
89.5 3.24
89.6 3.36
89.7 3.36
89.8 3.36
89.9 3.48
90 3.36
90.1 3.36
90.2 3.36
90.3 3.36
90.4 3.36
90.5 3.36
90.6 3.36
90.7 3.36
90.8 4.2
90.9 4.2
91 3
91.1 2.52
91.2 3
91.3 3.36
91.4 3.36
91.5 3.36
91.6 3.48
91.7 3.36
91.8 3.36
91.9 3.36
92 3.36
92.1 3.36
92.2 3.36
92.3 3.36
92.4 3.36
92.5 3.84
92.6 4.2
92.7 3.12
92.8 2.52
92.9 2.64
93 3.36
93.1 3.36
93.2 3.36
93.3 3.36
93.4 3.36
93.5 3.24
93.6 3.36
93.7 3.36
93.8 3.12
93.9 3.24
94 3.12
94.1 3.24
94.2 3.36
94.3 3.24
94.4 3.12
94.5 2.4
94.6 2.4
94.7 3.24
94.8 3.24
94.9 3.36
95 3.36
95.1 3.36
95.2 3.36
95.3 3.36
95.4 3.24
95.5 3.36
95.6 3.24
95.7 3.12
95.8 3.12
95.9 2.88
96 3.48
96.1 3.12
96.2 2.52
96.3 2.52
96.4 2.64
96.5 3.24
96.6 3.24
96.7 3.36
96.8 3.24
96.9 3.24
97 3.24
97.1 3.24
97.2 3.24
97.3 3.36
97.4 3.24
97.5 3.24
97.6 3.24
97.7 3.48
97.8 3.12
97.9 2.88
98 2.4
98.1 2.4
98.2 3.24
98.3 3.24
98.4 3.36
98.5 3.24
98.6 0.12
98.7 0
98.8 0
98.9 0.36
99 0
99.1 1.2
99.2 3.36
99.3 3.24
99.4 3.24
99.5 3.36
99.6 3.24
99.7 3.24
99.8 3.36
99.9 3.24
100 3.36
