0.200158 10
0.402811 11
0.407617 13
0.412424 15
0.41723 17
0.422037 19
0.604305 21
0.609111 23
0.611514 25
0.615119 27
0.617522 29
0.621127 31
0.62353 33
0.625934 35
0.628337 37
0.805799 39
0.808202 41
0.810605 43
0.813008 45
0.816613 47
0.819016 49
0.821419 51
0.823823 53
0.826226 55
0.828629 57
0.832234 59
0.834637 61
0.83704 63
0.839443 65
0.841847 67
0.84425 69
0.847855 71
0.850258 73
1.00729 75
1.0097 77
1.0121 79
1.0145 81
1.01811 83
1.02051 85
1.02291 87
1.02652 89
1.02892 91
1.03132 93
1.03493 95
1.03733 97
1.03974 99
1.04214 101
1.04454 103
1.04695 105
1.04935 107
1.05175 109
1.05415 111
1.05656 113
1.06016 115
1.06257 117
1.06497 119
1.06737 121
1.07098 123
1.07338 125
1.07578 127
1.07939 129
1.08179 131
1.08419 133
1.0878 135
1.0902 137
1.09261 139
1.09501 141
1.09741 143
1.09982 145
1.20879 147
1.21119 149
1.21479 151
1.2172 153
1.2208 155
1.22321 157
1.22681 159
1.22921 161
1.23282 163
1.23522 165
1.23883 167
1.24123 169
1.24483 171
1.24724 173
1.25084 175
1.25325 177
1.25685 179
1.25925 181
1.26166 183
1.26526 185
1.26887 187
1.27127 189
1.27487 191
1.27728 193
1.27968 195
1.28329 197
1.28569 199
1.28809 201
1.2917 203
1.2941 205
1.2977 207
1.30011 209
1.30371 211
1.30612 213
1.30972 215
1.31212 217
1.31573 219
1.31813 221
1.32053 223
1.32414 225
1.32774 227
1.33015 229
1.33375 231
1.33616 233
1.33976 235
1.34216 237
1.34577 239
1.34817 241
1.35178 243
1.35418 245
1.35658 247
1.35899 249
1.36139 251
1.36379 253
1.3674 255
1.3698 257
1.37341 259
1.37581 261
1.37941 263
1.38182 265
1.38542 267
1.38782 269
1.39023 271
1.39263 273
1.39503 275
1.39744 277
1.39984 279
1.40224 281
1.40465 283
1.40705 285
1.40945 287
1.41186 289
1.48275 291
1.48515 293
1.48876 295
1.49116 297
1.49597 299
1.49837 301
1.50318 303
1.50558 305
1.51039 307
1.51279 309
1.5164 311
1.5188 313
1.52361 315
1.52601 317
1.53081 319
1.53322 321
1.53802 323
1.54043 325
1.54403 327
1.54764 329
1.55244 331
1.55485 333
1.55845 335
1.56085 337
1.56566 339
1.56927 341
1.57287 343
1.57527 345
1.58008 347
1.58248 349
1.58729 351
1.58969 353
1.5945 355
1.5969 357
1.60171 359
1.60411 361
1.60772 363
1.61012 365
1.61613 367
1.61853 369
1.62334 371
1.62574 373
1.63055 375
1.63295 377
1.63776 379
1.64016 381
1.64377 383
1.64737 385
1.65097 387
1.65338 389
1.65818 391
1.66179 393
1.66539 395
1.6678 397
1.6726 399
1.67501 401
1.67861 403
1.68101 405
1.68342 407
1.68582 409
1.68943 411
1.69303 413
1.69664 415
1.69904 417
1.70264 419
1.70505 421
1.70745 423
1.70985 425
1.71588 424
1.71829 423.392
1.71949 421.087
1.72069 417.782
1.72189 417.478
1.72309 415.173
1.7243 414
1.7267 411
1.7279 410
1.73151 407
1.73271 406
1.73391 403
1.73631 399.245
1.73751 398
1.73992 395
1.74232 394
1.74352 391
1.74472 387
1.74592 386
1.74833 383.317
1.74953 382
1.75193 379
1.75434 378
1.75554 375
1.75674 371
1.75794 370
1.75914 367.388
1.76034 366
1.76155 363
1.76275 362
1.76395 359
1.76515 358
1.76635 355
1.76755 354.46
1.76996 351
1.77116 350
1.77356 347
1.77596 346
1.77717 343
1.77837 339
1.77957 338.532
1.78197 335
1.78317 334
1.78558 331
1.78798 330
1.78918 327
1.79038 323
1.79159 322.603
1.79279 319
1.79399 318
1.79519 315
1.79639 314
1.79759 311
1.79879 310
1.8 307.675
1.8012 306
1.8024 303
1.8036 302
1.8048 299
1.806 298
1.80721 296
1.80961 294
1.81201 292
1.81442 290
1.8805 288
1.88291 286
1.91415 276
1.93698 273
1.94779 262
1.95861 235
1.97423 224
1.97543 213
1.97663 194
1.98264 193
1.98504 191
1.98985 189
1.99225 187
1.99706 185
1.99946 183
2.00427 181
2.00667 179
2.01148 177
2.01388 175
2.01749 172
2.01989 170
2.0259 169
2.0283 167
2.03311 165
2.03551 163
2.04032 161
2.04272 159
2.04753 157
2.04993 155
2.05113 152
2.05714 151
2.06074 148
2.06555 146
2.07036 144
2.07156 141
2.07516 138
2.07757 136
2.07997 134
2.08237 132
2.08598 131
2.08838 129
2.09319 127
2.09559 125
2.09679 122
2.1028 121
2.104 118
2.1064 116
2.11001 115
2.11241 113
2.11722 111
2.11962 168
2.12203 169
2.12323 168
2.12443 169
2.14365 168
2.14486 169
2.14606 168
2.14726 169
2.14846 168
2.14966 169
2.15086 168
2.15207 169
2.21695 168
2.21815 169
2.21935 168
2.22056 169
2.22416 168
2.22536 169
2.23618 168
2.23858 169
2.2506 168
2.27823 169
2.29385 168
2.30947 169
2.33231 168
2.33591 169
2.33831 168
2.34192 169
2.34432 168
2.35033 169
2.35393 168
2.35634 169
2.35994 168
2.36595 169
2.36835 168
2.37196 169
2.37436 168
2.38157 169
2.38397 168
2.38758 169
2.38998 168
2.39599 169
2.39959 168
2.402 169
2.4044 168
2.40921 169
2.41161 168
2.41281 169
2.41762 168
2.42002 169
2.42122 168
2.42243 169
2.42363 168
2.42843 169
2.43084 168
2.43204 169
2.43324 168
2.43805 169
2.43925 170
2.44045 171
2.44526 172
2.44646 173
2.44766 174
2.45247 175
2.45367 176
2.45487 177
2.45967 178
2.46088 179
2.46568 180
2.47409 181
2.4753 182
2.4801 183
2.4813 184
2.48251 185
2.48371 186
2.48491 187
2.48611 188
2.48731 189
2.48851 190
2.48971 191
2.49092 192
2.49212 193
2.49332 194
2.49813 195
2.49933 196
2.50053 197
2.50534 198
2.50654 199
2.50774 200
2.50894 201
2.51014 202
2.51134 203
2.51255 204
2.51375 205
2.51495 206
2.51615 207
2.51735 208
2.52096 209
2.52456 210
2.52576 211
2.52696 212
2.52817 213
2.52937 214
2.53057 215
2.54739 216
2.54859 217
2.54979 218
2.551 219
2.5522 220
2.5534 221
2.5546 222
2.5558 223
2.62069 224
2.62189 225
2.62309 226
2.62429 227
2.6279 228
2.6291 229
2.64112 230
2.64232 231
2.68197 232
2.84899 233
2.85019 234
2.8514 235
2.8562 236
2.8574 237
2.85861 238
2.86341 239
2.86461 240
2.86942 241
2.87783 242
2.87903 243
2.88384 244
2.88504 245
2.88624 246
2.88744 247
2.88865 248
2.88985 249
2.89105 250
2.89225 251
2.89345 252
2.89465 253
2.89586 254
2.89706 255
2.90186 256
2.90307 257
2.90427 258
2.90907 259
2.91027 260
2.91148 261
2.91268 262
2.91388 263
2.91508 264
2.91628 265
2.91869 262
3.11962 1
3.51348 9
3.87035 17
3.87155 25
3.87276 30
3.87396 34
3.87516 37
3.87636 42
3.87756 65
3.87876 70
3.87997 85
4.07187 86
4.07307 87
4.07427 89
4.07547 90
4.07668 91
4.07788 92
4.07908 93
4.08028 94
4.08148 95
4.08268 96
4.08389 97
4.08509 99
4.08629 100
4.08749 101
4.08869 102
4.08989 103
4.0911 104
4.0923 105
4.0935 106
4.0947 107
4.0959 109
4.0971 110
4.09831 112
4.09951 113
4.10071 114
4.10191 115
4.10311 116
4.10431 117
4.10551 118
4.10672 120
4.10792 121
4.10912 122
4.11032 124
4.11152 125
4.11272 126
4.11393 127
4.11513 128
4.11633 129
4.11753 131
4.11873 132
4.11993 133
4.12114 134
4.12234 136
4.12354 137
4.12474 138
4.12594 139
4.12714 140
4.12835 142
4.12955 143
4.13075 144
4.13195 145
4.13315 146
4.13435 147
4.13555 148
4.13676 149
4.13796 182
4.13916 185
4.15238 186
4.16319 187
4.276 188
4.28321 189
4.2844 190
4.2856 191
4.28679 192
4.29039 193
4.2928 194
4.2952 195
4.30241 196
4.32764 197
4.35288 198
4.37811 199
4.40214 200
4.42737 201
4.45141 202
4.47664 203
4.50187 204
4.53552 205
4.56195 206
4.58719 207
4.61362 208
4.64006 209
4.66529 210
4.69173 211
4.71816 212
4.7434 213
4.76983 214
4.79627 215
4.8227 216
4.84793 217
4.87437 218
4.9008 219
4.92724 220
4.95247 221
4.97891 222
5.00414 223
5.03058 224
5.05701 225
5.08345 226
5.10868 227
5.13512 228
5.16155 229
5.18679 230
5.21322 231
5.23966 232
5.26609 233
5.29132 234
5.31776 235
5.34299 236
5.36943 237
5.39586 238
5.4223 239
5.44753 240
5.47397 241
5.4992 242
5.52564 243
5.55207 244
5.57851 245
5.60374 246
5.63018 247
5.65661 248
5.68305 249
5.70948 250
5.73592 251
5.76235 252
5.78879 253
5.81522 254
5.84166 255
5.86929 256
5.89453 257
5.91976 258
5.9462 259
5.97143 260
5.99666 261
6.0219 262
6.04833 263
6.07357 264
6.0988 265
6.12524 266
6.15047 267
6.1769 268
6.20334 269
6.22857 270
6.25501 271
6.28144 272
6.30668 273
6.33311 274
6.35955 275
6.38598 276
6.41122 277
6.43765 278
6.46409 279
6.48932 280
6.51576 281
6.54219 282
6.56742 283
6.59386 284
6.62029 285
6.64673 286
6.67196 287
6.6984 288
6.72483 289
6.75007 290
6.7765 291
6.80294 292
6.82937 293
6.85461 294
6.88104 295
6.90748 296
6.93271 297
6.95915 298
6.98558 299
7.01202 300
7.03725 301
7.06368 302
7.09012 303
7.11535 304
7.14179 305
7.16822 306
7.19346 307
7.21989 308
7.24633 309
7.27276 310
7.298 311
7.32443 312
7.35087 313
7.3761 314
7.40254 315
7.42897 316
7.45541 317
7.48064 318
7.50828 319
7.53471 320
7.56115 321
7.58758 322
7.61402 323
7.62724 322
7.62844 321.391
7.63085 321.086
7.63205 320.782
7.63325 320.477
7.63445 320.173
7.63565 319.868
7.63686 319.564
7.63806 319.259
7.63926 318
7.64046 317
7.64166 316
7.64286 315
7.64407 314
7.64527 313
7.64647 312
7.64767 311
7.64887 310.214
7.65007 309
7.65127 308
7.65248 307
7.65488 306
7.65609 305
7.65729 304
7.65849 302
7.65969 301
7.6609 300.17
7.6621 299
7.6645 298
7.6657 297
7.6669 296
7.6681 295
7.66931 294
7.67051 293
7.67171 292
7.67291 291.126
7.67411 290
7.67531 289
7.67652 288
7.67772 287
7.67892 286
7.68012 285
7.68132 284
7.68252 283
7.68373 282.081
7.68493 281
7.68613 280
7.68853 279
7.68973 278
7.69094 277
7.69214 276
7.69334 275
7.69454 274
7.69574 273.037
7.69694 272
7.69814 271
7.69935 270
7.70175 269
7.70296 268
7.70416 267
7.70536 264
7.70656 263
7.70777 262
7.70897 261
7.71017 260
7.71137 259
7.71257 258
7.71377 257
7.71498 256
7.71618 255
7.71858 254
7.71978 253
7.72098 252
7.72218 251
7.72339 250
7.72459 249
7.72579 248
7.72699 247
7.72819 246
7.72939 245
7.7306 244
7.7318 243
7.733 242
7.7342 241
7.7354 240
7.73781 239
7.73901 238
7.74021 237
7.74141 236
7.74261 235
7.74381 234
7.74502 233
7.74622 232
7.74742 231
7.74862 230
7.74982 229
7.75102 228
7.75222 227
7.75343 226
7.76304 225
7.78347 224
7.84114 223
7.88801 222
7.94688 221
7.97572 220
8.02138 219
8.031 226
8.31455 227
8.31695 228
8.31936 229
8.32296 230
8.32536 231
8.32777 232
8.33017 233
8.33498 234
8.38544 235
8.4299 236
8.46595 237
8.5056 238
8.53925 239
8.5741 240
8.60774 241
8.63898 242
8.67022 243
8.70147 244
8.73271 245
8.76395 246
8.79519 247
8.82643 248
8.85287 249
8.88171 250
8.91054 251
8.93938 252
8.96702 253
8.99946 254
9.0271 255
9.05594 256
9.08718 257
9.11722 258
9.14846 259
9.1809 260
9.21215 261
9.24459 262
9.27343 263
9.30827 264
9.34192 265
9.37556 266
9.40921 267
9.44165 268
9.4753 269
9.50894 270
9.54499 271
9.57863 272
9.61468 273
9.64953 274
9.68558 275
9.72042 276
9.75647 277
9.79012 278
9.82977 279
9.86582 280
9.90787 281
9.94752 282
9.98958 283
10.0292 284
10.0713 285
10.1097 286
10.1518 287
10.1914 288
10.2383 289
10.2804 290
10.3272 291
10.3753 292
10.4222 293
10.469 294
10.5159 295
10.5663 296
10.6156 297
10.6661 298
10.7165 299
10.767 300
10.8199 301
10.8776 302
10.9412 303
11.0025 304
11.0626 305
11.1227 306
11.1972 307
11.2693 308
11.3498 309
11.4279 310
11.5084 311
11.5949 312
11.691 313
11.7932 314
11.8352 313
11.8364 312.387
11.8376 312.079
11.8389 311.773
11.8413 311.465
11.8425 311.159
11.8437 310.852
11.8449 310.545
11.8461 310.238
11.8473 309
11.8485 308
11.8497 307
11.8509 306
11.8521 305
11.8533 304
11.8545 303
11.8569 302
11.8581 301
11.8593 300
11.8605 299
11.8617 298
11.8629 297
11.8641 296
11.8653 295
11.8665 294
11.8677 293
11.8701 292
11.8713 291.441
11.8725 290
11.8737 288
11.8749 287
11.8761 286
11.8773 285
11.8785 284
11.8797 283
11.8809 282
11.8821 281.195
11.8845 280
11.8857 279
11.8869 278
11.8881 277
11.8893 276
11.8905 275
11.8917 274
11.8929 273
11.8941 272
11.8953 271
11.8977 270
11.8989 269
11.9001 268
11.9013 267
11.9025 266
11.9037 265
11.9049 264
11.9061 263
11.9073 262.398
11.9086 261
11.911 260
11.9122 259
11.9134 258
11.9146 257
11.9158 255
11.917 254
11.9182 253
11.9194 252.153
11.9206 251
11.9218 250
11.923 249
11.9242 248
11.9266 247
11.9278 246
11.929 245
11.9302 244
11.9314 243
11.9326 242
11.9338 241
11.935 240
11.9362 239
11.9374 238
11.9398 237
11.941 236
11.9422 235
11.9434 234
11.9446 233.356
11.9458 232
11.947 231
11.9482 230
11.9494 229
11.9506 228
11.953 227
11.9542 226
11.9554 225
11.9566 224.111
11.9578 223
11.959 222
11.9602 221
11.9614 220
11.9626 219
12.0023 218
12.0275 217
12.0984 216
12.1453 215
12.1897 214
12.239 219
12.4889 220
12.4913 221
12.4937 222
12.4973 223
12.4997 224
12.5682 225
12.6295 226
12.6884 227
12.7497 228
12.7929 229
12.841 230
12.8914 231
12.9431 232
12.9936 233
13.0452 234
13.0957 235
13.1498 236
13.2003 237
13.2543 238
13.3048 239
13.3589 240
13.4129 241
13.4658 242
13.5259 243
13.5848 244
13.6497 245
13.7133 246
13.7806 247
13.8455 248
13.9116 249
13.9765 250
14.0438 251
14.1267 252
14.2132 253
14.2961 254
14.3826 255
14.4655 256
14.5521 257
14.6698 258
14.7888 259
14.9065 260
15.0255 261
15.1901 262
15.3307 263
15.5133 264
15.7885 265
16.0625 266
18.5041 267
18.8562 268
19.1037 269
19.3008 270
19.4666 271
19.6132 272
19.7454 273
19.8631 274
19.9689 275
20.0722 276
20.2536 277
20.339 278
20.4832 277
20.4844 276.386
20.4856 276.079
20.4868 275.772
20.4892 275.465
20.4904 275.157
20.4916 274.85
20.494 273.544
20.4952 273.236
20.4964 272.929
20.4976 271
20.5 270
20.5012 269
20.5024 268
20.5036 267
20.506 266
20.5072 265
20.5084 264
20.5096 263
20.512 262.541
20.5132 262.235
20.5144 261
20.5156 260
20.5168 259
20.518 258
20.5204 257
20.5216 256
20.5228 255
20.524 254
20.5264 253
20.5276 252
20.5288 251
20.5312 249
20.5324 248
20.5336 247
20.5348 246
20.5372 245
20.5385 244
20.5397 243
20.5409 242
20.5433 241
20.5445 240.153
20.5457 239
20.5469 238
20.5493 237
20.5505 236
20.5517 235
20.5529 234
20.5553 233
20.5565 232
20.5577 231
20.5601 229
20.5613 228
20.5625 227
20.5637 226
20.5661 225
20.5673 224
20.5685 223
20.5697 222
20.5709 221
20.5721 220
20.5733 219
20.5757 218.071
20.5769 217
20.5781 216
20.5793 215
20.5805 214
20.5817 213
20.5829 212
20.5853 211
20.5865 210
20.5877 209
20.5889 208
20.5901 207
20.5913 206
20.5937 205
20.5949 204
20.5961 203
20.5973 202
20.5985 201
20.5997 200
20.6009 199
20.6021 198
20.6045 197
20.6057 196
20.6069 195
20.6081 194
20.9025 195
20.9049 196
20.9085 197
20.9109 198
20.9145 199
20.9169 200
20.9193 201
20.9229 202
20.9253 203
20.935 204
20.995 205
21.0563 206
21.1068 207
21.15 208
21.1945 209
21.233 210
21.2714 211
21.3099 212
21.3483 213
21.3832 214
21.4144 215
21.4504 216
21.4853 217
21.5213 218
21.5562 219
21.591 220
21.6259 221
21.6607 222
21.6956 223
21.7316 224
21.7665 225
21.8013 226
21.8398 227
21.8746 228
21.9131 229
21.9479 230
21.9864 231
22.0212 232
22.0597 233
22.0945 234
22.1317 235
22.1702 236
22.2087 237
22.2531 238
22.2904 239
22.3312 240
22.3757 241
22.4201 242
22.4634 243
22.5078 244
22.5511 245
22.5956 246
22.6388 247
22.6917 248
22.7362 249
22.7878 250
22.8443 251
22.896 252
22.9512 253
23.0065 254
23.0606 255
23.1171 256
23.1699 257
23.23 258
23.2925 259
23.3538 260
23.4199 261
23.498 262
23.5605 263
23.6374 264
23.7155 265
23.7972 266
23.8933 267
23.975 268
24.0771 269
24.1769 270
24.285 271
24.4136 272
24.4857 271
24.4869 270.387
24.4881 270.081
24.4893 269.774
24.4917 269.468
24.4929 269.161
24.4941 268.854
24.4953 268.548
24.4977 268.241
24.4989 267.934
24.5001 266
24.5013 265
24.5037 264
24.5049 263
24.5073 262
24.5085 261
24.5097 260
24.5109 259
24.5133 258
24.5145 257.393
24.5157 257.086
24.5169 256
24.5193 255
24.5205 254
24.5217 253
24.5229 252
24.5253 251
24.5265 250
24.5277 249
24.5289 248
24.5314 247
24.5326 246.238
24.5338 245
24.535 244
24.5374 243
24.5386 242
24.5398 241
24.541 240
24.5434 239
24.5446 238
24.5458 237
24.547 236
24.5494 235.39
24.5506 234
24.5518 233
24.553 232
24.5554 231
24.5566 230
24.5578 229
24.559 228
24.5614 227
24.5626 226
24.5638 225
24.565 224
24.5674 223
24.5686 222
24.5698 221
24.571 220
24.5734 219
24.5746 218
24.5758 217
24.577 216
24.5794 215
24.5806 214
24.5818 213
24.583 212
24.5842 210
24.5854 209
24.5878 208
24.589 207
24.5902 206
24.5914 205
24.5938 204
24.595 203
24.5962 202.151
24.5974 201
24.5999 200
24.6011 199
24.6023 198
24.6035 197
24.6059 196
24.6071 195
24.6083 194
24.6095 193
24.6119 192
24.6131 191.303
24.6143 190
24.6936 189
24.7897 188
24.8222 187
24.8894 190
25.1321 191
25.1345 192
25.1382 193
25.1418 194
25.1442 195
25.1982 196
25.2835 197
25.3544 198
25.4085 199
25.4686 200
25.5323 201
25.6008 202
25.6584 203
25.7113 204
25.7702 205
25.8267 206
25.8892 207
25.9504 208
26.0141 209
26.0754 210
26.1499 211
26.216 212
26.2821 213
26.3482 214
26.4167 215
26.49 216
26.5632 217
26.6474 218
26.7231 219
26.8156 220
26.9117 221
27.003 222
27.1052 223
27.2241 224
27.3515 225
27.4777 226
27.6134 227
27.7997 228
27.9944 229
28.2142 230
28.4594 229
28.4606 228.388
28.463 228.082
28.4642 227.776
28.4666 227.47
28.4678 227.164
28.4702 226.858
28.4714 226.552
28.4738 226.246
28.4762 225.94
28.4774 225.634
28.4798 224.328
28.481 223
28.4834 222
28.4846 221
28.487 220
28.4906 219
28.4918 218
28.4942 216
28.4954 215
28.4978 214
28.4991 213
28.5015 212
28.5039 211
28.5051 210.52
28.5075 208
28.5087 207
28.5111 206
28.5123 205
28.5147 204
28.5159 203
28.5183 202
28.5195 201
28.5219 200
28.5255 199
28.5267 198
28.5279 196.018
28.5291 195.712
28.5315 194
28.5327 193
28.5351 192
28.5363 191
28.5387 190
28.5399 189
28.5423 188
28.5435 187
28.5459 186
28.5471 185
28.5495 184
28.5507 183.21
28.5531 182
28.5543 181
28.5567 180
28.5591 179
28.5603 178
28.5627 176
28.5639 175
28.5663 174
28.5675 173
28.5699 172
28.5711 171
28.5735 170
28.5748 169.403
28.5772 168
28.5796 167
28.5808 166
28.5832 164
28.5844 163
28.5868 162
28.588 161
28.6 160
28.8379 161
28.8968 162
28.8992 163
28.9028 164
28.9064 165
28.91 166
28.934 167
29.0349 168
29.1166 169
29.2008 170
29.2741 171
29.3486 172
29.4279 173
29.4964 174
29.5672 175
29.6285 176
29.7066 177
29.7715 178
29.852 179
29.9313 180
30.0106 181
30.0923 182
30.1729 183
30.2558 184
30.3399 185
30.4468 186
30.561 187
30.6727 188
30.7917 189
30.919 190
31.0933 191
31.2591 192
31.4417 193
31.6977 194
31.9921 195
33.446 194
33.4496 193.381
33.4508 193.071
33.4544 191.762
33.4556 191.452
33.458 191.142
33.4592 190.833
33.4617 190.523
33.4629 190.213
33.4653 189.904
33.4665 189.594
33.4689 189.285
33.4701 188.975
33.4725 188.665
33.4737 188.356
33.4761 187
33.4773 186
33.4797 185
33.4809 184
33.4833 183
33.4845 182
33.4869 181
33.4881 180
33.4905 179
33.4917 178
33.4941 177
33.4953 176
33.4977 175
33.4989 174
33.5013 173.313
33.5025 172
33.5037 171
33.5049 170
33.5073 169
33.5085 168
33.5109 167
33.5121 166
33.5145 165
33.5157 164
33.5181 163
33.5193 162
33.5217 161
33.5229 160
33.5253 159
33.5265 158.27
33.5289 157
33.5301 156
33.5325 155
33.5337 154
33.5361 153
33.5374 152
33.5398 151
33.541 150
33.5434 149
33.5446 148
33.547 147
33.5482 146
33.5506 145
33.5518 144
33.5542 143.227
33.5554 142
33.5578 141
33.559 140
33.5614 139
33.5626 138
33.565 137
33.5662 136
33.8173 137
33.8221 138
33.8269 139
33.8317 140
33.8654 141
33.869 142
33.8726 143
33.8762 144
33.8798 145
33.8834 146
33.8954 147
33.9279 148
33.9651 149
34.0168 150
34.1189 151
34.1982 152
34.2595 153
34.316 154
34.3761 155
34.4301 156
34.4866 157
34.5371 158
34.5899 159
34.6404 160
34.6909 161
34.7401 162
34.7906 163
34.8351 164
34.8903 165
34.9444 166
34.9997 167
35.055 168
35.1114 169
35.1679 170
35.2244 171
35.2809 172
35.3385 173
35.395 174
35.4563 175
35.5128 176
35.5909 177
35.6558 178
35.7387 179
35.8144 180
35.8877 181
35.955 182
36.0379 183
36.1124 184
36.2109 185
36.3046 186
36.3971 187
36.5269 188
36.6603 189
36.7901 190
36.9258 191
37.1157 190
37.1169 189.378
37.1205 189.068
37.1217 188.757
37.1241 188.446
37.1253 188.135
37.1289 187.824
37.1301 187.513
37.1337 187.202
37.1349 186.892
37.1373 186.581
37.1385 186.27
37.1409 185.959
37.1421 185.648
37.1457 185.337
37.147 184
37.1506 183
37.1518 182
37.1542 181
37.1554 180
37.159 179
37.1602 178
37.1638 177
37.165 176
37.1674 175
37.1686 174
37.1722 173
37.1746 172
37.177 171
37.1794 169.06
37.1806 168
37.1842 167
37.1854 166
37.1878 165
37.189 164
37.1926 163
37.1938 162
37.1974 161
37.1986 160
37.201 158
37.2022 157
37.2058 156
37.207 155
37.2094 154
37.2107 153
37.2143 152.472
37.2155 151
37.2191 150
37.2203 149
37.2227 148
37.2239 147
37.2275 146
37.2287 145
37.2311 144
37.2323 143
37.2347 142
37.2359 141
37.2395 140
37.2407 139
37.2431 138
37.2443 137.195
37.2479 136
37.2491 135
37.2527 134
37.2539 133
37.338 132
37.3452 131
37.5062 130
37.5183 133
37.8451 134
37.8499 135
37.8535 136
37.8583 137
37.9184 138
37.9905 139
38.095 140
38.1635 141
38.2296 142
38.3125 143
38.3942 144
38.4819 145
38.5612 146
38.6489 147
38.7355 148
38.8316 149
38.9145 150
39.0094 151
39.0971 152
39.1945 153
39.311 154
39.4168 155
39.5405 156
39.6715 157
39.8181 158
40.0031 159
40.2038 160
40.2603 159
40.2615 158.383
40.2639 158.075
40.2651 157.766
40.2687 157.457
40.2699 157.148
40.2747 156.84
40.2759 156.531
40.2795 156.222
40.2807 155.914
40.2855 155.605
40.2903 155.297
40.2915 154.988
40.2964 153.68
40.3 153.371
40.306 153.062
40.3072 151.753
40.312 150.445
40.3156 149
40.3168 148
40.3228 146
40.3264 145
40.3276 144
40.3324 142
40.3348 141
40.3396 140
40.3408 138
40.3444 136
40.3456 135
40.3492 134
40.3504 133
40.3552 132
40.3588 131
40.36 130
40.3649 128
40.3661 127.244
40.3697 126
40.3745 125
40.3757 124
40.3817 122
40.3853 121
40.3865 120
40.3913 118
40.3961 117
40.3973 116
40.4021 114
40.4069 113
40.4105 112
40.4117 111
40.4153 109
40.443 108
40.4538 107
40.4574 106
40.4682 105
40.473 104
40.4826 103
40.4922 102
40.4994 101
40.6388 112
40.8046 113
40.8094 114
40.8142 115
40.8755 116
40.9668 117
41.0642 118
41.1423 119
41.2204 120
41.2973 121
41.3886 122
41.4739 123
41.5592 124
41.6602 125
41.7575 126
41.8764 127
41.9894 128
42.1096 129
42.2297 130
42.3499 131
42.5229 132
42.6767 133
42.8077 132
42.8125 131.378
42.8185 131.067
42.8197 129.756
42.8257 128.445
42.8317 128.134
42.8353 127.823
42.8401 126.512
42.8462 125.2
42.8474 123.89
42.8534 122.578
42.8582 122.267
42.8594 121.956
42.863 120.645
42.8642 120.334
42.8678 120.023
42.869 119.711
42.8714 119.401
42.8738 119.089
42.8762 118.778
42.8774 118.467
42.881 118.156
42.8834 117
42.887 116
42.8882 115
42.8918 114
42.893 113
42.8966 112
42.8978 111
42.9014 110
42.9026 109
42.9062 108
42.9074 107
42.911 106
42.9122 105
42.917 104
42.9183 103
42.9195 102
42.9231 101
42.9243 100
42.9279 99
42.9291 98
42.9339 97
42.9351 96.1381
42.9399 95
42.9411 94
42.9447 93
43.2054 94
43.2114 95
43.2174 96
43.2703 97
43.376 98
43.4722 99
43.6067 100
43.7041 101
43.8026 102
43.93 103
44.0321 104
44.1366 105
44.2652 106
44.3674 107
44.4947 108
44.5704 109
44.7251 110
44.8977 111
45.1586 112
45.459 113
47.986 112
47.992 110.374
47.998 109.061
48.0016 107.748
48.004 106.435
48.0076 105.122
48.0088 104.809
48.0136 104.496
48.0148 104.183
48.0196 103.87
48.0208 103.557
48.0245 103.244
48.0257 102.931
48.0305 102.617
48.0317 102.305
48.0353 101.992
48.0365 101.679
48.0413 101.365
48.0425 101.052
48.0473 100.74
48.0485 100.426
48.0521 100.113
48.0533 99.8004
48.0569 99.4876
48.0593 99.174
48.0629 98
48.0641 97
48.0689 96
48.0701 95
48.0749 94
48.0761 93
48.0797 92
48.0809 91
48.0857 90
48.0869 89
48.0917 88
48.0929 87
48.0965 86
48.0978 85
48.1026 84
48.1038 83
48.1086 82
48.1098 81
48.1146 80
48.1158 79
48.3657 80
48.3741 81
48.3813 82
48.3897 83
48.3969 84
48.4053 85
48.451 86
48.4907 87
48.5375 88
48.5904 89
48.6505 90
48.6985 91
48.7754 92
48.8199 93
48.9004 94
49.071 95
49.1395 96
49.2405 97
49.3606 98
49.4507 99
49.5409 100
49.6358 101
49.7355 102
49.8509 103
49.9554 104
50.0659 105
50.1945 106
50.3171 107
50.4348 108
50.6079 109
50.7617 110
50.9671 111
51.2003 112
51.3853 111
51.3865 110.369
51.3937 110.053
51.3949 109.737
51.4009 109.421
51.4033 109.106
51.4093 108.79
51.4105 108.474
51.4178 108.158
51.419 107.843
51.425 107.527
51.4274 107.211
51.4334 106.895
51.4346 106.579
51.4406 106.264
51.4418 105.948
51.4466 105.632
51.4478 105.316
51.4538 105
51.455 104.684
51.461 104.369
51.4622 104.053
51.4682 103.737
51.4694 103.421
51.4754 103.106
51.4766 102.79
51.4826 101
51.4838 100
51.4899 99
51.4911 98
51.4947 97
51.4959 96
51.5019 95
51.5031 94
51.5091 93
51.5103 92
51.5175 91
51.5187 90
51.5235 89
51.5247 88
51.5319 87
51.5331 86
51.5391 85
51.5403 84
51.5475 83
51.5487 82
51.5547 81
51.5559 80
51.5619 79
51.5656 78
51.5728 77
51.58 76
51.6112 75
51.6184 74
51.6256 72
51.6305 71
51.6377 70
51.6449 69
51.6521 68
51.6581 67
51.6593 66
51.6641 65
51.7386 64
51.7458 63
51.753 62
51.7602 61
51.7662 60
51.7746 59
51.7807 58
51.7831 57
51.7975 56
51.8251 55
51.9164 56
51.9212 57
51.9441 58
51.9489 59
51.9537 60
51.9573 61
51.9633 62
51.9681 63
51.9729 64
51.9789 65
51.9813 66
51.9849 67
51.9873 68
52.057 69
52.063 70
52.069 71
52.0762 72
52.0811 73
52.0883 74
52.0943 75
52.0967 76
52.1087 77
52.1339 78
52.3709 1
53.0957 2
53.3 4
53.5139 6
53.5163 8
53.7686 10
53.771 12
53.7758 14
53.7782 16
53.9825 18
53.9849 20
53.9897 22
53.9921 24
53.9993 26
54.0017 28
54.0065 30
54.0089 32
54.2156 34
54.218 36
54.2228 38
54.2252 40
54.2324 42
54.2348 44
54.2396 46
54.242 48
54.2516 50
54.254 52
54.2588 54
54.2612 55
54.2685 56
54.2709 57
54.5112 58
54.5616 59
54.6085 60
54.8813 61
54.9474 62
55.231 60
55.2358 58.3439
55.243 58.0159
55.2478 56.6878
55.2574 55.3598
55.2622 54.0318
55.2694 52.7037
55.273 51.375
55.285 50.047
55.2898 48.7189
55.2971 47.3909
55.3019 45.0628
55.3115 43
55.3163 42
55.3235 41
55.3283 40
55.3427 39
55.3463 38
55.3511 37
55.3583 36
55.3631 35
55.4088 33
55.4196 32
55.4208 21
55.6107 20
55.6203 26
55.6299 27
55.6419 26
55.6467 27
55.6563 26
55.6659 27
55.6768 26
55.6816 27
55.6936 26
55.6996 27
55.7044 26
55.7164 27
55.7212 26
55.726 27
55.732 26
55.7368 27
55.7825 26
55.7945 27
55.7969 26
55.988 27
55.9988 26
56 27
56.0012 26
56.0024 27
56.0048 26
56.006 27
56.0072 26
56.0168 27
56.018 26
56.036 27
56.0372 26
56.0577 27
56.0589 26
56.0757 27
56.0769 26
56.0961 27
56.0973 43
56.0973 44
56.1285 45
56.3905 44
56.3917 43.3198
56.4025 42.9793
56.4037 42.6388
56.4049 42.2983
56.4061 41.9579
56.4085 41.6174
56.4097 41.2769
56.4205 40.9365
56.4398 40.596
56.453 40.2555
56.4542 38.9151
56.4554 37.5746
56.4566 37.2341
56.4578 36.8936
56.459 36.5539
56.4602 36.2134
56.4614 35.8729
56.4626 35.5325
56.4638 35.192
56.465 34.8515
56.4662 34.511
56.4674 34.1706
56.4686 33.8301
56.4698 33.4896
56.471 33.1492
56.4722 32.8087
56.4734 31
56.6581 32
56.6653 33
56.8704 34
57.0743 35
57.277 36
57.4809 37
57.6944 38
60.4516 39
60.8558 40
61.0573 41
61.26 42
61.4615 43
61.5202 44
61.6642 45
61.8669 46
61.9005 47
62.0684 48
62.0708 49
62.1597 50
62.2699 51
62.3262 52
62.4726 53
62.475 54
62.5421 55
62.6753 56
62.6777 57
62.7378 58
62.8768 59
62.8792 60
62.9248 61
63.0795 62
63.0819 63
63.1431 64
63.2809 65
63.2906 66
63.3398 67
63.3663 68
63.4909 69
63.5173 70
63.5521 71
63.5762 72
63.6887 73
63.7056 74
63.7404 75
63.762 76
63.7861 77
63.8986 78
63.9155 79
63.9479 80
63.9671 81
63.9864 82
64.0929 83
64.1098 84
64.1386 85
64.1566 86
64.1758 87
64.1975 88
64.3028 89
64.3173 90
64.3413 91
64.3593 92
64.3785 93
64.3954 94
64.4959 95
64.5103 96
64.5248 97
64.5464 98
64.5656 99
64.5824 100
64.6017 101
64.6986 102
64.713 103
64.7275 104
64.7479 105
64.7647 106
64.7839 107
64.8032 108
64.9001 109
64.9049 110
64.9217 111
64.9362 112
64.953 113
64.9722 114
64.9902 115
65.0095 116
65.0287 117
65.1148 118
65.1292 119
65.1461 120
65.1605 121
65.1797 122
65.1941 123
65.2134 124
65.2302 125
65.3067 126
65.3211 127
65.3355 128
65.3524 129
65.3668 130
65.3836 131
65.4004 132
65.4172 133
65.4365 134
65.5058 135
65.5154 136
65.5322 137
65.5466 138
65.5635 139
65.5779 140
65.5947 141
65.6139 142
65.632 143
65.6488 144
65.7085 145
65.7205 146
65.7373 147
65.7517 148
65.7686 149
65.7854 150
65.8022 151
65.8166 152
65.8359 153
65.8527 154
65.8719 155
65.916 156
65.9316 157
65.9484 158
65.9629 159
65.9797 160
65.9965 161
66.0133 162
66.0301 163
66.047 164
66.0638 165
66.083 166
66.1127 167
66.1271 168
66.1439 169
66.1607 170
66.1776 171
66.1944 172
66.2112 173
66.228 174
66.2449 175
66.2629 176
66.2797 177
66.2941 178
66.3109 179
66.3298 180
66.3442 181
66.361 182
66.3779 183
66.3947 184
66.4115 185
66.4283 186
66.4451 187
66.462 188
66.4788 189
66.4956 190
66.5124 191
66.5269 192
66.5413 193
66.5581 194
66.5737 195
66.5905 196
66.6074 197
66.6242 198
66.641 199
66.6578 200
66.6746 201
66.6891 202
66.7035 203
66.7203 204
66.7347 205
66.7516 206
66.766 207
66.7828 208
66.7972 209
66.814 210
66.8285 211
66.8453 212
66.8597 213
66.8765 214
66.8909 215
66.909 216
66.9234 217
66.9378 218
66.9498 219
66.9642 220
66.9787 221
66.9955 222
67.0099 223
67.0267 224
67.0411 225
67.0556 226
67.07 227
67.0844 228
67.0988 229
67.1132 230
67.1277 231
67.1421 232
67.1565 233
67.1709 234
67.1853 235
67.1997 236
67.2142 237
67.2286 238
67.243 239
67.2574 240
67.2718 241
67.2863 242
67.3007 243
67.3163 244
67.3307 245
67.3451 246
67.3572 247
67.3716 248
67.3836 249
67.398 250
67.41 251
67.4244 252
67.4389 253
67.4533 254
67.4653 255
67.4773 256
67.4917 257
67.5038 258
67.5182 259
67.5302 260
67.5446 261
67.5566 262
67.571 263
67.5831 264
67.5975 265
67.6095 266
67.6239 267
67.6359 268
67.6503 269
67.6624 270
67.6768 271
67.6888 272
67.7032 273
67.7164 274
67.7285 275
67.7405 276
67.7549 277
67.7669 278
67.7813 279
67.7933 280
67.803 281
67.815 282
67.827 283
67.839 284
67.851 285
67.863 286
67.8775 287
67.8895 288
67.9015 289
67.9135 290
67.9255 291
67.9375 292
67.9495 293
67.9616 294
67.9736 295
67.9856 296
67.9976 297
68.0096 298
68.0216 299
68.0337 300
68.0469 301
68.0589 302
68.0709 303
68.0829 304
68.0949 305
68.107 306
68.119 307
68.131 308
68.143 309
68.155 310
68.167 311
68.1791 312
68.1911 313
68.2031 314
68.2151 315
68.2271 316
68.2391 317
68.2487 318
68.2584 319
68.2704 320
68.2824 321
68.2944 322
68.3064 323
68.316 324
68.3256 325
68.3377 326
68.3473 327
68.3593 328
68.3689 329
68.3821 330
68.3941 331
68.4038 332
68.4134 333
68.4254 334
68.435 335
68.447 336
68.4566 337
68.4686 338
68.4783 339
68.4903 340
68.4999 341
68.5119 342
68.5215 343
68.5335 344
68.5431 345
68.5552 346
68.5648 347
68.5768 348
68.5864 349
68.5984 350
68.608 351
68.62 352
68.6297 353
68.6417 354
68.6513 355
68.6633 356
68.6729 357
68.6849 358
68.6945 359
68.7078 360
68.7174 361
68.7294 362
68.739 363
68.751 364
68.7606 365
68.7726 366
68.7823 367
68.7943 368
68.8039 369
68.8159 370
68.8255 371
68.8375 372
68.8471 373
68.8544 372
68.8556 371.392
68.8568 371.088
68.858 370.785
68.8592 370.481
68.8604 370.176
68.8616 369.872
68.8628 368
68.864 366
68.8652 365
68.8664 364
68.8676 363
68.8688 362
68.87 361.282
68.8712 360.978
68.8724 359
68.8736 358
68.8748 357
68.876 355
68.8772 354
68.8784 353
68.8796 352.387
68.8808 352.084
68.882 351
68.8832 350
68.8844 349
68.8856 347
68.8868 346
68.888 345
68.8892 344
68.8904 343.189
68.8916 342
68.8928 341
68.894 340
68.8952 339
68.8964 338
68.8976 336
68.8988 335
68.9 334.294
68.9012 333
68.9024 332
68.9036 331
68.9048 330
68.906 329
68.9072 327
68.9084 326
68.9096 325.4
68.9109 324
68.9121 323
68.9133 322
68.9145 321
68.9157 320
68.9169 319
68.9181 318
68.9193 316
68.9205 315
68.9217 314
68.9229 313
68.9241 312
68.9253 311
68.9265 310
68.9277 309
68.9289 307
68.9301 306
68.9313 305
68.9325 304
68.9337 303
68.9349 302
68.9361 301
68.9373 300.02
68.9385 299
68.9397 298
68.9409 296
68.9421 295
68.9433 294
68.9445 293
68.9457 292
68.9469 291.126
68.9481 290
68.9493 289
68.9505 287
68.9517 286
68.9529 285
68.9541 284
68.9553 283
68.9565 282.231
68.9577 281
68.9589 280
68.9601 279
68.9613 278
68.9625 276
68.9637 275
68.9649 274
68.9661 273.337
68.9673 272
68.9685 271
68.9697 270
68.9709 269
68.9721 267
68.9733 266
68.9745 265
68.9757 264.443
68.9769 263
68.9781 262
68.9793 261
68.9841 260
68.9938 259
69.0058 258
69.0166 257
69.0202 256
69.0274 255
69.037 254
69.049 253
69.0586 252
69.0707 251
69.0803 250
69.0923 249
69.1019 248
69.1247 247
69.1368 246
69.1464 245
69.1584 244
69.168 243
69.18 242
69.1896 241
69.2016 240
69.2113 239
69.2233 238
69.2329 237
69.2449 236
69.2545 235
69.2581 261
69.5393 262
69.5417 263
69.5441 264
69.5465 265
69.5489 266
69.5513 267
69.5801 268
69.6186 269
69.657 270
69.6931 271
69.7291 272
69.7628 273
69.794 274
69.8228 275
69.8553 276
69.8841 277
69.913 278
69.9394 279
69.9682 280
69.9947 281
70.0235 282
70.0499 283
70.0788 284
70.1052 285
70.1317 286
70.1569 287
70.1833 288
70.2098 289
70.2362 290
70.2626 291
70.2891 292
70.3155 293
70.3419 294
70.3684 295
70.396 296
70.4224 297
70.4513 298
70.4777 299
70.5066 300
70.5354 301
70.5666 302
70.5931 303
70.6243 304
70.6543 305
70.6856 306
70.7144 307
70.7457 308
70.7745 309
70.8058 310
70.8346 311
70.8658 312
70.8983 313
70.9295 314
70.9608 315
70.992 316
71.0232 317
71.0545 318
71.0881 319
71.1194 320
71.1566 321
71.1903 322
71.2263 323
71.26 324
71.296 325
71.3296 326
71.3657 327
71.4005 328
71.439 329
71.4774 330
71.5183 331
71.5568 332
71.5976 333
71.6373 334
71.6781 335
71.7166 336
71.7598 337
71.8007 338
71.8463 339
71.8908 340
71.9365 341
71.9797 342
72.0254 343
72.0758 344
72.1251 343
72.1263 341.387
72.1275 341.081
72.1287 340.775
72.1299 340.468
72.1311 340.162
72.1323 339.856
72.1335 339.55
72.1347 338
72.1359 337
72.1371 336
72.1383 335
72.1395 334
72.1407 333
72.1419 332
72.1431 331.178
72.1443 330.872
72.1455 329
72.1468 328
72.148 327
72.1492 326
72.1504 325
72.1516 324
72.1528 323
72.154 322.501
72.1552 321
72.1564 320
72.1576 319
72.1588 318
72.16 317
72.1612 316
72.1624 315
72.1636 314.13
72.1648 313.823
72.166 312
72.1672 310
72.1684 309
72.1696 308
72.1708 307
72.172 306
72.1732 305
72.1744 304.452
72.1756 303
72.1768 302
72.178 301
72.1792 300
72.1804 299
72.1816 298
72.1828 297
72.184 296.081
72.1852 295.774
72.1864 294
72.1876 293
72.1888 292
72.19 291
72.1912 290
72.1924 289
72.1936 288
72.1948 287.403
72.196 286
72.1972 285
72.1984 284
72.1996 283
72.2008 282
72.202 281
72.2032 280
72.2044 279.032
72.2056 278.726
72.2068 277
72.208 275
72.2092 274
72.2104 273
72.2116 272
72.2128 271
72.214 270
72.2153 269.354
72.2165 268
72.2177 267
72.2189 266
72.2201 265
72.2213 264
72.2225 263
72.2237 262
72.2249 261
72.2261 260.677
72.2273 259
72.2285 258
72.2297 257
72.2309 256
72.2321 255
72.2333 254
72.2345 253
72.2357 252.306
72.2369 251
72.2381 250
72.2393 249
72.2405 248
72.2417 247
72.2429 246
72.2441 245
72.2453 244
72.2465 243.628
72.2477 242
72.2489 241
72.2501 240
72.2537 239
72.3438 238
72.3655 237
72.3871 236
72.4327 235
72.4832 234
72.5277 240
72.7668 241
72.7692 242
72.7716 243
72.774 244
72.7764 245
72.8461 246
72.9134 247
72.965 248
73.0251 249
73.0732 250
73.1236 251
73.1729 252
73.2234 253
73.2738 254
73.3219 255
73.3688 256
73.412 257
73.4625 258
73.5081 259
73.5598 260
73.6055 261
73.6559 262
73.7088 263
73.7605 264
73.8134 265
73.8662 266
73.9191 267
73.9732 268
74.026 269
74.0789 270
74.1426 271
74.2003 272
74.2652 273
74.33 274
74.3961 275
74.461 276
74.5283 277
74.6112 278
74.6953 279
74.777 280
74.8624 281
74.9465 282
75.0354 283
75.1447 284
75.2577 285
75.3742 286
75.4872 287
75.6614 288
75.8356 289
76.0087 290
76.273 291
76.5362 292
78.9886 293
79.3419 294
79.5882 295
79.7865 296
79.9511 297
80.0965 298
80.2287 299
80.3453 300
80.4534 301
80.5555 302
80.6493 303
80.8235 304
80.9016 305
81.0374 306
81.1599 307
81.2537 308
81.3438 309
81.4351 310
81.4928 311
81.5673 312
81.6418 313
81.7055 314
81.7679 315
81.8304 316
81.8929 317
81.9458 318
82.0023 319
82.0551 320
82.1104 321
82.1585 322
82.2077 323
82.2558 324
82.3039 325
82.3495 326
82.3916 327
82.4348 328
82.4781 329
82.5214 330
82.5646 331
82.6019 332
82.6403 333
82.6812 334
82.7196 335
82.7605 336
82.7917 337
82.829 338
82.865 339
82.9011 340
82.9371 341
82.9732 342
83.0044 343
83.0392 344
83.0729 345
83.1065 346
83.127 345
83.1282 344.391
83.1294 344.086
83.1306 343.782
83.1318 343.477
83.133 343.173
83.1342 342.868
83.1354 342.564
83.1366 341
83.1378 340
83.139 339
83.1402 338
83.1414 337
83.1426 336
83.1438 335
83.145 334.24
83.1462 333
83.1474 332
83.1486 331
83.1498 330
83.151 329
83.1522 328
83.1534 327
83.1546 326
83.1558 325.613
83.157 324
83.1582 323
83.1594 322
83.1606 321
83.1618 320
83.163 319
83.1642 318
83.1654 317.289
83.1666 316
83.1678 314
83.169 313
83.1702 312
83.1714 311
83.1726 310
83.1738 309
83.175 308
83.1762 307.662
83.1774 306
83.1786 305
83.1798 304
83.181 303
83.1822 302
83.1834 301
83.1846 300
83.1859 299.339
83.1871 298
83.1883 297
83.1895 296
83.1907 295
83.1919 294
83.1931 293
83.1943 292
83.1955 291.016
83.1967 290.711
83.1979 289
83.1991 287
83.2003 286
83.2015 285
83.2027 284
83.2039 283
83.2051 282
83.2063 281.388
83.2075 280
83.2087 279
83.2099 278
83.2111 277
83.2123 276
83.2147 275
83.2159 274
83.2171 273.065
83.2183 272.76
83.2195 271
83.2207 270
83.2219 269
83.2231 268
83.2243 267
83.2255 266
83.2267 265
83.2279 264.437
83.2291 263
83.2303 262
83.2315 261
83.2327 260
83.2339 259
83.2351 258
83.2363 256
83.2375 255.114
83.2387 254.809
83.2399 253
83.2411 252
83.2423 251
83.2435 250
83.2447 249
83.2459 248
83.2471 247
83.2483 246.486
83.2495 245
83.2507 244
83.2519 243
83.2531 242
83.2724 241
83.3084 240
83.3445 239
83.3805 238
83.4118 237
83.4466 236
83.4803 235
83.5139 234
83.5307 242
83.7974 243
83.7999 244
83.8023 245
83.8047 246
83.8071 247
83.8095 248
83.8119 249
83.8527 250
83.896 251
83.9332 252
83.9717 253
84.0077 254
84.0414 255
84.075 256
84.1075 257
84.1363 258
84.1675 259
84.1964 260
84.2276 261
84.2565 262
84.2841 263
84.3129 264
84.3418 265
84.3706 266
84.3995 267
84.4283 268
84.4583 269
84.4872 270
84.516 271
84.5448 272
84.5737 273
84.6037 274
84.6326 275
84.6614 276
84.6926 277
84.7215 278
84.7527 279
84.7828 280
84.814 281
84.8428 282
84.8741 283
84.9029 284
84.9342 285
84.963 286
84.9954 287
85.0267 288
85.0579 289
85.0892 290
85.1204 291
85.1517 292
85.1877 293
85.2201 294
85.2538 295
85.2898 296
85.3235 297
85.3595 298
85.3932 299
85.4304 300
85.4665 301
85.5025 302
85.5386 303
85.577 304
85.6179 305
85.6575 306
85.6984 307
85.7392 308
85.7801 309
85.8209 310
85.863 311
85.9063 312
85.9519 313
85.9976 314
86.0456 315
86.0925 316
86.1406 317
86.1862 318
86.2343 319
86.2884 320
86.3436 321
86.3965 322
86.4518 323
86.5083 324
86.5635 325
86.6284 326
86.6945 327
86.7594 328
86.8255 329
86.8904 330
86.9601 331
87.0382 332
87.1175 333
87.198 334
87.2773 335
87.377 336
87.4792 337
87.5801 338
87.6173 337
87.6185 336.389
87.6197 336.083
87.6209 335.777
87.6222 335.471
87.6234 335.165
87.6246 334.859
87.6258 334.553
87.627 333
87.6282 332
87.6294 331
87.6306 330
87.6318 329
87.633 328
87.6342 327
87.6354 326.081
87.6366 325.776
87.6378 324
87.639 323
87.6402 322
87.6414 321
87.6426 320
87.6438 319
87.645 318
87.6462 317.304
87.6474 316.998
87.6486 315
87.6498 314
87.651 313
87.6522 312
87.6534 311
87.6546 310
87.6558 309
87.657 308.526
87.6582 307
87.6594 306
87.6606 305
87.6618 304
87.663 303
87.6642 302
87.6654 301
87.6666 300.054
87.6678 299.748
87.669 298
87.6702 297
87.6714 296
87.6726 295
87.6738 294
87.675 293
87.6762 292
87.6774 291.276
87.6786 290.97
87.6798 289
87.681 288
87.6822 287
87.6834 286
87.6846 284
87.6858 283
87.687 282
87.6882 281.499
87.6894 280
87.6906 279
87.6919 278
87.6931 277
87.6943 276
87.6955 275
87.6967 274
87.6979 273.027
87.6991 272.721
87.7003 271
87.7015 270
87.7027 269
87.7039 268
87.7051 267
87.7063 266
87.7075 265
87.7087 264.249
87.7099 263.943
87.7111 262
87.7123 261
87.7135 260
87.7147 259
87.7159 258
87.7171 257
87.7183 256
87.7195 255.471
87.7207 254
87.7219 253
87.7231 252
87.7243 251
87.7255 250
87.7267 249
87.7279 248
87.7291 247
87.7303 246.693
87.7315 245
87.7327 244
87.7339 243
87.7351 242
87.7363 241
87.7375 240
87.7387 239
87.7399 238.222
87.7411 237.916
87.7423 236
87.7844 235
87.9875 234
88.0199 236
88.2722 237
88.2746 238
88.277 239
88.2794 240
88.2866 241
88.3587 242
88.4248 243
88.4753 244
88.5342 245
88.5822 246
88.6327 247
88.682 248
88.7324 249
88.7805 250
88.831 251
88.8802 252
88.9307 253
88.9812 254
89.0328 255
89.0761 256
89.1265 257
89.177 258
89.2311 259
89.2816 260
89.3344 261
89.3849 262
89.439 263
89.4894 264
89.5471 265
89.6084 266
89.6709 267
89.7358 268
89.7994 269
89.8643 270
89.9292 271
89.9977 272
90.077 273
90.1599 274
90.2416 275
90.3245 276
90.4062 277
90.5084 278
90.6021 279
90.7139 280
90.8268 281
90.9506 282
91.1104 283
91.2798 284
91.4516 285
91.746 286
91.9695 287
94.4604 288
94.8149 289
95.0612 290
95.2583 291
95.4253 292
95.5695 293
95.7005 294
95.8183 295
95.9276 296
96.0285 297
96.1223 298
96.2124 299
96.3854 300
96.5236 301
96.6269 302
96.7255 303
96.8084 304
96.8997 305
96.9718 306
97.0463 307
97.1196 308
97.1821 309
97.2422 310
97.3046 311
97.3659 312
97.4188 313
97.4717 314
97.5245 315
97.5798 316
97.6279 317
97.6747 318
97.7204 319
97.7685 320
97.8165 321
97.8598 322
97.9006 323
97.9415 324
97.9859 325
98.0292 326
98.0701 327
98.1061 328
98.1446 329
98.183 330
98.2239 331
98.2635 332
98.2996 333
98.3356 334
98.3717 335
98.4077 336
98.4438 337
98.4774 338
98.511 339
98.5459 340
98.5795 341
98.6132 342
98.6444 343
98.6757 344
98.7069 345
98.7381 346
98.7694 347
98.8006 348
98.8151 347
98.8163 346.389
98.8175 346.083
98.8187 345.778
98.8199 345.472
98.8211 345.166
98.8223 344.86
98.8235 344.555
98.8247 343
98.8259 342
98.8271 341
98.8283 340
98.8295 339
98.8307 338
98.8319 337
98.8331 336.256
98.8343 335
98.8355 334
98.8367 333
98.8379 332
98.8403 331
98.8415 330
98.8427 329
98.8439 327
98.8451 326.652
98.8463 325
98.8475 324
98.8487 323
98.8499 322
98.8511 320
98.8523 319
98.8535 318
98.8547 317.354
98.8559 316
98.8571 315
98.8583 314
98.8595 313
98.8607 312
98.8619 311
98.8631 310
98.8643 309.055
98.8655 308.749
98.8667 307
98.8679 306
98.8691 305
98.8703 304
98.8715 303
98.8727 302
98.8739 301
98.8751 300.451
98.8764 299
98.8776 298
98.8788 297
98.88 296
98.8812 295
98.8824 294
98.8836 293
98.8848 291.153
98.886 290.847
98.8872 289
98.8884 288
98.8896 287
98.8908 286
98.892 285
98.8932 284
98.8944 283
98.8956 282.549
98.8968 281
98.898 280
98.8992 279
98.9004 278
98.9016 277
98.9028 276
98.904 275
98.9052 274.25
98.9064 273
98.9076 272
98.9088 271
98.91 270
98.9112 269
98.9124 268
98.9136 267
98.9148 266
98.916 265.646
98.9172 264
98.9184 262
98.9196 261
98.9208 260
98.922 259
98.9232 258
98.9244 257
98.9256 256.348
98.9268 255
98.928 254
98.9292 253
98.9304 252
98.9316 251
98.9328 250
98.934 249
98.9352 248.05
98.9364 247.744
98.9376 246
98.9388 245
98.94 244
98.9412 243
98.9869 242
99.0205 241
99.0518 240
99.083 239
99.1143 238
99.1359 237
99.1455 236
99.1768 235
99.208 234
99.2188 243
99.4903 244
99.4927 245
99.4952 246
99.4976 247
99.5 248
99.5024 249
99.5048 250
99.5504 251
99.5937 252
99.6333 253
99.6694 254
99.703 255
99.7367 256
99.7703 257
99.7992 258
99.8304 259
99.8592 260
99.8905 261
99.9205 262
99.947 263
99.9758 264
