0.200111 10
0.401609 11
0.406416 13
0.411222 15
0.416029 17
0.420835 19
0.619926 21
0.631942 23
0.644626 25
0.658467 27
0.672307 29
0.686148 31
0.699989 33
0.71383 35
0.804597 37
0.831032 39
0.852661 41
0.855064 43
0.862942 45
0.876783 47
0.8896 49
0.900587 51
0.945602 53
0.954147 55
0.962692 57
0.971237 59
0.979782 61
1.00609 63
1.02532 65
1.05896 67
1.07819 69
1.10222 71
1.10462 73
1.10703 75
1.10943 77
1.11183 79
1.11423 81
1.11664 83
1.11904 85
1.12252 87
1.13106 89
1.13961 91
1.14802 93
1.15579 95
1.163 97
1.16997 99
1.1765 101
1.18281 103
1.18875 105
1.19469 107
1.20063 109
1.20657 111
1.2196 113
1.23162 115
1.24363 117
1.25565 119
1.26766 121
1.28208 123
1.2965 125
1.30852 127
1.32294 129
1.33255 131
1.34457 133
1.3662 135
1.37821 137
1.41426 139
1.41666 141
1.41907 143
1.42147 145
1.42387 147
1.42628 149
1.42868 151
1.43108 153
1.45992 155
1.46232 157
1.46473 159
1.46713 161
1.46953 163
1.47194 165
1.47434 167
1.47674 169
1.47915 171
1.48155 173
1.49236 175
1.49957 177
1.50798 179
1.51519 181
1.5224 183
1.52961 185
1.53682 187
1.54644 189
1.65698 191
1.72548 190
1.72548 189
1.72548 190
1.7351 189
1.74713 188
1.76875 187
1.78077 186
1.81682 185
1.90333 184
1.90454 183
1.90574 182
1.91775 180
1.92016 181
1.92136 182
1.92256 183
1.92376 184
1.92496 185
1.92616 186
1.92737 185
1.92737 186
1.92857 187
1.92977 188
1.93097 189
1.93217 190
1.93337 191
1.93458 192
1.93578 193
1.93818 194
1.93938 193
1.93938 194
1.94058 193
1.94058 194
1.94179 195
1.94299 196
1.94419 197
1.94539 198
1.94659 199
1.94899 200
1.9502 199
1.9502 200
1.9514 199
1.9514 200
1.9526 201
1.9538 202
1.955 203
1.9562 204
1.95741 205
1.95981 206
1.96101 205
1.96101 206
1.96221 205
1.96221 206
1.96341 207
1.96462 208
1.96582 209
1.96702 210
1.96822 211
1.96942 210
1.96942 211
1.97062 212
1.97183 213
1.97303 214
1.98024 215
1.98144 216
1.98745 217
1.98865 218
1.99466 219
1.99586 220
2.00187 221
2.00307 222
2.00907 223
2.01028 224
2.01508 225
2.01628 226
2.02349 227
2.0247 228
2.0307 229
2.03191 230
2.03791 231
2.03911 232
2.04512 233
2.04632 234
2.05233 235
2.05353 236
2.05834 237
2.05954 238
2.06315 239
2.06435 240
2.06675 241
2.06795 242
2.07276 243
2.07396 244
2.09078 245
2.09199 246
2.09799 247
2.11842 248
2.12563 247
2.12563 248
2.12923 247
2.12923 248
2.13044 249
2.13164 250
2.13284 249
2.13284 250
2.13644 249
2.13644 250
2.14005 249
2.14005 250
2.15327 249
2.15327 250
2.15567 251
2.16889 252
2.18211 253
2.19412 254
2.23978 253
2.23978 254
2.24098 253
2.24098 254
2.24219 253
2.24219 254
2.2542 253
2.2542 254
2.2554 253
2.2554 254
2.26622 253
2.26622 254
2.27583 255
2.28304 254
2.28304 255
2.28424 254
2.28424 255
2.28544 256
2.28664 257
2.28785 258
2.28905 259
2.29746 258
2.29746 259
2.29986 258
2.29986 259
2.30106 260
2.30227 261
2.30347 262
2.30467 263
2.30587 264
2.30707 265
2.30827 266
2.31068 267
2.31427 266
2.31427 267
2.31547 266
2.31547 267
2.32268 268
2.32388 269
2.32507 2.96614e+06
2.44404 384
2.44404 383
2.44404 384
2.45126 383
2.45847 382
2.46448 381
2.46929 380
2.47289 379
2.4789 378
2.49692 377
2.50413 376
2.53417 373
2.54018 372
2.54259 371
2.56542 370
2.57863 369
2.59185 368
2.60387 367
2.69519 366
2.69639 365
2.69879 364
2.70961 363
2.71201 362
2.71441 361
2.71682 360
2.71922 359
2.72042 358
2.72283 357
2.73124 356
2.73364 355
2.73604 354
2.73724 353
2.73965 352
2.74085 351
2.74325 350
2.74566 349
2.74686 348
2.74686 349
2.74806 350
2.74926 349
2.74926 350
2.75046 349
2.75046 350
2.75166 351
2.75287 350
2.75287 351
2.75407 350
2.75407 351
2.75527 352
2.75647 351
2.75647 352
2.75767 351
2.75767 352
2.75887 351
2.75887 352
2.76007 353
2.76128 352
2.76128 353
2.76248 352
2.76248 353
2.76368 354
2.76488 353
2.76488 354
2.76608 353
2.76608 354
2.76728 353
2.76728 354
2.76849 355
2.76969 354
2.76969 355
2.77089 354
2.77089 355
2.77209 354
2.77209 355
2.77329 356
2.77449 355
2.77449 356
2.7757 355
2.7757 356
2.7769 355
2.7769 356
2.7781 357
2.7793 356
2.7793 357
2.7805 356
2.7805 357
2.7817 356
2.7817 357
2.78291 356
2.78291 357
2.78411 358
2.78531 357
2.78531 358
2.78651 357
2.78651 358
2.78771 357
2.78771 358
2.78891 357
2.78891 358
2.79011 359
2.79132 358
2.79132 359
2.79252 358
2.79252 359
2.79372 358
2.79372 359
2.79492 358
2.79492 359
2.79612 358
2.79612 359
2.79732 360
2.79853 359
2.79853 360
2.79973 359
2.79973 360
2.80093 359
2.80093 360
2.80213 359
2.80213 360
2.80333 359
2.80333 360
2.80453 359
2.80453 360
2.80574 359
2.80574 360
2.80694 361
2.80814 360
2.80814 361
2.80934 360
2.80934 361
2.81054 360
2.81054 361
2.81174 360
2.81174 361
2.81295 360
2.81295 361
2.81415 360
2.81415 361
2.81535 360
2.81535 361
2.81655 360
2.81655 361
2.81775 360
2.81775 361
2.81895 360
2.81895 361
2.82015 362
2.82136 361
2.82136 362
2.82256 361
2.82256 362
2.82376 361
2.82376 362
2.82496 361
2.82496 362
2.82616 361
2.82616 362
2.82736 361
2.82736 362
2.82857 361
2.82857 362
2.82977 361
2.82977 362
2.83097 361
2.83097 362
2.83217 361
2.83217 362
2.83337 361
2.83337 362
2.83457 361
2.83457 362
2.83578 361
2.83578 362
2.83698 361
2.83698 362
2.83818 363
2.83938 362
2.83938 363
2.84058 362
2.84058 363
2.84178 362
2.84178 363
2.84299 362
2.84299 363
2.84419 362
2.84419 363
2.84539 362
2.84539 363
2.84659 362
2.84659 363
2.84779 362
2.84779 363
2.8526 362
2.8526 363
2.8538 362
2.8538 363
2.855 362
2.855 363
2.85981 364
2.86101 365
2.86221 364
2.86221 365
2.86582 366
2.86702 367
2.86822 366
2.86822 367
2.87062 368
2.87182 369
2.87303 368
2.87303 369
2.87423 370
2.87543 371
2.87663 370
2.87663 371
2.88023 372
2.88144 373
2.88264 372
2.88264 373
2.89826 374
2.89946 375
2.90066 374
2.90066 375
2.90547 376
2.90667 377
2.90787 376
2.90787 377
2.92229 378
2.92349 379
2.9259 380
2.9271 381
2.93551 382
2.93671 383
2.93791 382
2.93791 383
2.93911 382
2.93911 383
2.94031 382
2.94031 383
2.94152 384
2.94272 385
2.94392 384
2.94392 385
2.94512 386
2.94632 385
2.94632 386
2.94752 387
2.94873 388
2.94993 389
2.96074 390
2.96194 391
2.96315 392
2.96435 393
2.96555 394
2.96675 395
2.96795 396
2.96915 395
2.96915 396
2.98237 395
2.98237 396
2.99559 395
2.99559 396
3.0076 395
3.0076 396
3.09893 395
3.09893 396
3.10013 395
3.10013 396
3.10253 395
3.10253 396
3.11335 395
3.11335 396
3.11575 395
3.11575 396
3.11815 395
3.11815 396
3.12055 395
3.12055 396
3.12296 395
3.12296 396
3.12416 395
3.12416 396
3.12656 395
3.12656 396
3.13497 395
3.13497 396
3.13738 395
3.13738 396
3.13978 395
3.13978 396
3.14098 395
3.14098 396
3.14339 395
3.14339 396
3.14459 395
3.14459 396
3.14699 395
3.14699 396
3.14939 395
3.14939 396
3.15059 395
3.15059 396
3.1518 397
3.1554 396
3.1554 397
3.15901 396
3.15901 397
3.16261 396
3.16261 397
3.16742 396
3.16742 397
3.17102 396
3.17102 397
3.17583 396
3.17583 397
3.18063 396
3.18063 397
3.18544 396
3.18544 397
3.19145 396
3.19145 397
3.19746 396
3.19746 397
3.20467 396
3.20467 397
3.21428 396
3.21428 397
3.2275 396
3.2275 397
3.24552 396
3.24552 397
3.25634 396
3.25634 397
3.25874 398
3.27075 397
3.27075 398
3.27556 397
3.27556 398
3.27917 397
3.27917 398
3.28517 397
3.28517 398
3.3032 397
3.3032 398
3.31041 397
3.31041 398
3.32723 397
3.32723 398
3.33083 397
3.33083 398
3.33204 399
3.34045 398
3.34045 399
3.34165 400
3.34285 401
3.34405 400
3.34405 401
3.35367 402
3.36568 401
3.36568 402
3.36929 401
3.36929 402
3.37049 401
3.37049 402
3.37169 401
3.37169 402
3.37289 401
3.37289 402
3.37409 401
3.37409 402
3.37529 401
3.37529 402
3.43682 1
3.43778 2
3.43778 4
3.43898 5
3.44018 6
3.44138 7
3.44258 8
3.44379 9
3.44739 10
3.44859 11
3.44979 12
3.45099 13
3.4522 14
3.4534 15
3.4546 16
3.4558 17
3.457 18
3.4582 19
3.45941 20
3.46061 21
3.46181 22
3.46301 23
3.46421 24
3.46541 25
3.46662 26
3.46782 27
3.46902 28
3.47022 29
3.47142 30
3.47262 31
3.47383 32
3.47503 33
3.47623 34
3.47743 35
3.47863 36
3.47983 37
3.48103 38
3.48224 39
3.48344 40
3.48464 41
3.48704 42
3.48824 43
3.48945 44
3.49065 45
3.49185 46
3.49305 47
3.49425 48
3.49545 49
3.49666 50
3.49786 51
3.49906 52
3.50026 53
3.50146 54
3.50266 55
3.50387 56
3.50507 57
3.50627 58
3.50747 59
3.50867 60
3.50987 61
3.51107 62
3.51228 63
3.51468 64
3.51588 65
3.51708 66
3.51828 67
3.51949 68
3.52069 69
3.52189 70
3.52309 71
3.52429 72
3.52549 73
3.5267 74
3.5279 75
3.5291 76
3.5303 77
3.5315 78
3.5327 79
3.53391 80
3.53511 81
3.53631 82
3.53751 83
3.53871 84
3.53991 85
3.54111 86
3.54232 87
3.54352 88
3.54472 89
3.54592 90
3.54712 91
3.54832 92
3.54953 93
3.55073 94
3.55193 95
3.55313 96
3.55433 97
3.55553 98
3.55674 99
3.55794 100
3.55914 101
3.56034 102
3.56154 103
3.56274 104
3.56395 105
3.56515 106
3.56635 107
3.56755 108
3.56875 109
3.56995 110
3.57115 111
3.57236 112
3.57356 113
3.57476 114
3.57596 115
3.57716 116
3.57836 117
3.57957 118
3.58077 119
3.58197 120
3.58317 121
3.58437 122
3.58557 123
3.58678 124
3.58798 125
3.58918 34.3895
3.73577 32.3895
4.78785 32.0449
5.3442 34.0449
5.56048 32.0449
5.78158 32.549
7.07089 34.549
7.28478 32.549
7.59359 32.587
7.68733 26
7.68733 25
7.68733 26
7.71737 25
8.02858 26
8.0382 27
8.0394 28
8.0406 29
8.0418 30
8.043 29
8.043 30
8.0442 31
8.04539 32.587
8.04539 140.883
8.04539 32.587
8.77236 34.587
8.98384 32.587
9.2518 33.5642
10.2011 31.4648
10.2011 4
10.2299 6
10.2299 4
10.2599 6
10.2599 4
10.2876 6
10.2876 4
10.3176 6
10.3176 4
10.3465 6
10.3465 4
10.3741 6
10.3741 4
10.4041 6
10.4041 4
10.433 6
10.433 4
10.4606 6
10.4606 4
10.4906 6
10.4906 4
10.5183 6
10.5183 4
10.5471 6
10.5471 4
10.5772 6
10.5772 4
10.9196 33.5642
10.9196 35.5642
10.9497 37.5642
11.3005 39.5642
11.3282 41.5642
11.3594 43.5642
11.3918 45.5642
11.4207 47.5642
11.4531 49.5642
11.4844 51.5642
11.5144 53.5642
11.5457 55.5642
11.5769 57.5642
11.6069 57.9302
11.6995 59.9302
12.1849 61.2279
12.2294 37
12.2294 36
12.2294 37
12.4397 38
12.4505 39
12.4625 40
12.4733 41
12.4841 42
12.4961 43
12.5081 44
12.519 45
12.5298 46
12.531 61.2279
12.531 140.883
12.531 71.3343
12.6259 71.2417
12.6487 69.8073
12.6716 68.5532
12.6956 67.4779
12.7184 66.5366
12.7412 65.7134
12.7641 64.9931
12.7893 64.4075
12.8145 63.9399
12.8362 63.5304
12.8578 63.1506
12.8806 62.8177
12.9047 62.5711
12.9263 62.355
12.9515 62.2113
12.9732 62.0849
12.996 61.9751
13.02 61.9233
13.0416 61.8557
13.0645 61.8191
13.0885 61.8087
14.2324 63.8087
14.6866 65.8087
14.7035 65.8888
14.7599 67.8888
14.7792 68.3467
14.8549 70.3467
14.8717 71.1347
14.9282 73.1347
14.9474 73.6581
15.1072 71.6581
15.1589 71.8688
15.1949 73.8688
15.2105 75.2127
15.3091 77.2127
15.3235 77.8646
15.404 79.8646
15.4184 80.7017
17.2797 82.7017
17.5993 80.7017
17.7195 82.7017
17.7339 82.7818
17.7892 84.7818
17.8036 85.5283
17.8589 87.5283
17.8733 88.2417
17.9286 90.2417
17.943 90.9227
19.8319 92.9227
20.1611 90.9227
20.2837 91.7535
20.3462 93.7535
20.3582 94.8515
20.4075 96.607
20.4699 98.607
20.482 99.3881
20.5192 101.388
20.53 102.153
21.0311 101.82
21.0443 101.388
21.0587 101.048
21.0719 100.751
21.0864 100.567
21.0996 100.406
21.114 100.304
21.1272 100.252
21.1404 100.207
21.1536 100.13
21.1681 101.359
21.1801 101.432
21.1849 101.056
21.1909 100.454
21.2077 100.084
21.2257 99.9537
21.2402 99.9171
21.2666 99.8916
22.3673 101.892
22.6737 99.8916
22.8143 100.519
22.8587 102.519
22.8719 102.55
22.9056 104.53
22.9476 104.845
22.9597 106.845
22.9705 108.065
23.0041 109.957
23.0486 111.148
24.4028 70
24.4028 69
24.4028 70
24.4544 71
24.4605 72
24.4665 73
24.4725 74
24.4785 75
24.4845 76
24.4905 77
24.4965 78
24.5025 79
24.5061 80
24.5121 81
24.5181 82
24.5241 83
24.5302 84
24.5362 85
24.5422 86
24.5482 87
24.5542 88
24.5602 89
24.5662 90
24.5722 91
24.5782 92
24.5866 93
24.5926 94
24.5986 93
24.5986 94
24.6047 95
24.6107 96
24.6167 97
24.6227 98
24.6287 99
24.6347 100
24.6407 101
24.6443 102
24.6503 103
24.6563 104
24.6623 105
24.6683 106
24.6743 107
24.6804 108
24.6864 109
24.6924 110
24.6972 111
24.702 111.148
24.8065 110.148
24.8065 111.148
24.8125 112.148
24.8185 113.148
24.9207 140.883
24.9207 113.148
25.1261 114.51
25.1466 115.913
25.1658 117.314
25.1754 118.014
25.1946 119.213
25.2151 119.301
25.2187 120.491
25.2211 122.055
25.2259 124.055
25.2367 124.942
25.2655 126.942
25.2751 128.818
25.3136 130.818
25.3232 131.308
25.3629 133.308
25.3725 134.705
25.4109 136.705
25.4205 137.091
25.5094 138.933
25.6536 140.235
25.7053 142.235
25.7125 142.948
25.7378 144.635
25.7786 146.635
25.7882 147.756
25.805 145.756
25.8207 145.868
25.8363 146.357
25.8447 148.357
25.8519 149.891
25.9084 151.891
25.9156 152.911
26.0261 154.911
26.0333 155.781
26.0874 157.781
26.0946 158.69
26.1415 159.513
27.8826 161.513
28.195 159.513
28.3584 161.513
28.3656 162.512
28.3921 164.512
28.4005 164.591
28.4197 166.591
28.4269 166.646
28.4534 96
28.4534 95
28.4534 96
28.4654 97
28.469 98
28.4726 99
28.475 100
28.4786 101
28.4822 102
28.4858 103
28.4882 104
28.4894 105
28.493 106
28.4966 107
28.5002 108
28.5026 109
28.5062 110
28.5098 111
28.5135 112
28.5171 113
28.5207 114
28.5231 115
28.5243 116
28.5303 117
28.5339 118
28.5375 117
28.5375 118
28.5411 119
28.5447 120
28.5483 121
28.5519 122
28.5555 123
28.5579 124
28.5615 125
28.5651 126
28.5687 127
28.5723 126
28.5723 127
28.576 128
28.5784 129
28.582 130
28.5856 131
28.5892 132
28.5928 133
28.5952 134
28.5988 135
28.6048 136
28.6084 137
28.6144 138
28.6192 139
28.6252 140
28.6288 141
28.6348 142
28.6384 143
28.6444 144
28.648 145
28.6541 146
28.6577 147
28.6637 148
28.6673 149
28.6733 150
28.6769 151
28.6829 152
28.6865 153
28.6925 154
28.6961 155
28.7021 156
28.7057 157
28.7117 158
28.7153 159
28.7189 160
28.725 161
28.7286 162
28.7346 163
28.7382 164
28.743 165
28.7478 166
28.7514 167
28.7574 168
28.761 169
28.7646 170
28.7706 171
28.7742 172
28.7802 173
28.7838 174
28.7886 175
28.7934 176
28.797 177
28.8007 177.091
28.8331 176.091
28.8331 177.091
28.8691 176.091
28.8691 177.091
28.8811 140.883
28.8811 141.883
28.8835 143.883
28.8859 145.883
28.892 147.883
28.9004 149.883
28.9076 151.883
28.916 153.883
28.9244 155.883
28.9316 157.883
28.9388 159.883
28.9472 161.883
28.9556 163.883
28.9616 165.883
28.9701 167.883
28.9773 169.883
28.9857 171.883
28.9929 173.883
29.0013 175.883
29.0085 177.091
29.2524 177.041
29.2596 176.995
29.3053 178.476
29.4074 179.71
30.3531 181.71
30.6619 179.71
30.7568 180.986
30.7833 182.986
30.7881 183.272
30.8205 184.913
30.8446 186.913
30.8494 187.134
30.8686 189.134
30.8758 189.945
30.9046 191.945
30.9118 193.371
30.9371 193.62
30.9563 194.479
30.9863 196.479
30.9923 197.175
31.0116 199.175
31.0164 199.223
32.7443 201.223
33.0543 199.223
33.1624 201.223
33.1672 202.083
33.1841 202.789
33.1961 204.018
33.2129 204.696
33.2393 206.579
33.273 208.579
33.2778 209.681
33.2946 210.278
33.3235 212.095
33.3451 212.653
33.3787 214.653
33.3835 215.663
33.4052 217.416
33.4328 111
33.4328 110
33.4328 111
33.7596 112
33.7632 113
33.7668 114
33.7681 115
33.7717 116
33.7753 117
33.7789 118
33.7801 119
33.7837 120
33.7873 121
33.7885 122
33.7921 123
33.7957 124
33.7969 217.416
33.7969 140.883
33.7969 141.883
33.8017 143.883
33.8089 145.883
33.8125 147.883
33.8161 149.883
33.8209 151.883
33.8257 153.883
33.8305 155.883
33.8353 157.883
33.8377 159.883
33.8401 161.883
33.8425 163.883
33.8449 165.883
33.8473 167.883
33.8498 169.883
33.8522 171.883
33.8546 173.883
33.857 175.883
33.8594 177.883
33.8618 179.883
33.8642 181.883
33.8714 183.883
33.8786 185.883
33.8858 187.883
33.8906 189.883
33.8978 191.883
33.905 193.883
33.9122 195.883
33.9194 197.883
33.9267 199.883
33.9339 201.883
33.9411 203.883
33.9483 205.883
33.9555 207.883
33.9603 209.883
33.9675 211.883
33.9747 213.883
33.9819 215.883
33.9891 217.883
33.9963 219.307
34.0036 219.059
34.0096 218.753
34.0156 218.486
34.0228 218.34
34.03 218.213
34.0348 217.925
34.0408 217.762
34.0468 217.618
34.0516 217.492
34.0576 217.383
34.0636 217.287
34.0684 217.203
34.0805 217.142
34.0973 217.113
34.1081 217.074
34.1141 217.017
34.1345 216.878
34.1369 216.314
34.1393 215.555
34.1417 214.626
34.1441 213.548
34.1502 212.604
34.1598 212.133
34.1694 212.073
34.1802 212.054
35.1667 214.054
35.4599 212.054
35.6437 214.054
35.6485 214.611
35.663 215.054
35.6798 216.852
35.7038 218.626
35.7242 220.378
35.7507 221.419
35.7699 222.44
35.7927 222.763
35.8168 224.763
35.8216 225.788
35.8384 226.747
37.2383 153
37.2383 152
37.2383 153
37.2635 154
37.2647 155
37.2683 156
37.2707 157
37.2731 158
37.2767 159
37.2779 160
37.2815 161
37.2851 162
37.2863 163
37.2899 164
37.2935 165
37.2947 166
37.2984 167
37.302 168
37.3056 169
37.3068 168
37.3068 169
37.3104 170
37.314 171
37.3152 172
37.3188 173
37.32 174
37.3236 175
37.3272 176
37.3308 177
37.332 178
37.3356 179
37.3368 180
37.3392 181
37.3428 182
37.344 183
37.3476 184
37.3488 185
37.3524 186
37.356 187
37.3572 188
37.3608 189
37.362 190
37.3656 191
37.3693 192
37.3705 193
37.3741 194
37.3753 195
37.3789 196
37.3825 197
37.3837 198
37.3873 199
37.3885 200
37.3921 201
37.3957 202
37.3969 203
37.4005 204
37.4017 205
37.4053 206
37.4089 207
37.4101 208
37.4137 209
37.4149 210
37.4185 211
37.4221 212
37.4233 213
37.4269 214
37.4281 215
37.4317 216
37.4353 217
37.4365 218
37.4401 219
37.4413 220
37.445 221
37.4486 222
37.4498 223
37.4534 224
37.4546 225
37.4582 226
37.4618 226.747
37.5279 227.747
37.5291 228.747
37.5867 227.747
37.5867 228.747
37.6432 228.806
37.648 140.883
37.648 141.883
37.654 143.883
37.6588 145.883
37.6636 147.883
37.6708 149.883
37.6756 151.883
37.6805 153.883
37.6853 155.883
37.6901 157.883
37.6961 159.883
37.7009 161.883
37.7069 163.883
37.7117 165.883
37.7165 167.883
37.7225 169.883
37.7273 171.883
37.7321 173.883
37.7381 175.883
37.7429 177.883
37.7489 179.883
37.7538 181.883
37.7586 183.883
37.7646 185.883
37.7694 187.883
37.7754 189.883
37.7802 191.883
37.785 193.883
37.791 195.883
37.7958 197.883
37.8018 199.883
37.8066 201.883
37.8114 203.883
37.8174 205.883
37.8234 207.883
37.8282 209.883
37.8331 211.883
37.8379 213.883
37.8439 215.883
37.8487 217.883
37.8547 219.883
37.8631 221.883
37.8679 223.883
37.8727 225.883
37.8763 227.883
37.8811 228.256
37.8847 228.572
37.8883 229.182
37.8931 230.465
37.8955 231.117
37.9027 231.599
37.9052 232.294
37.9076 234.294
37.91 235.501
37.9124 236.269
37.9148 237.06
37.9196 237.782
37.9244 239.782
37.9292 239.872
37.9388 240.498
37.9424 241.231
37.9484 243.231
37.952 243.325
37.958 244.68
37.9616 245.427
37.976 246.03
37.9869 248.03
37.9917 249.419
37.9965 249.421
38.0061 250.2
38.0145 252.149
38.0193 252.938
38.0289 254.938
38.0337 255.635
38.0469 255.74
38.0517 256.215
38.0566 258.215
38.0614 259.656
38.0758 260.39
38.1034 262.39
38.1082 262.894
38.1226 263.584
38.1467 265.584
38.1503 266.041
38.1695 266.691
39.7893 268.691
40.0837 266.691
40.2663 187
40.2663 186
40.2663 187
40.2675 186
40.2711 185
40.2819 184
40.3384 183
40.3516 182
40.3636 181
40.4177 180
40.4285 179
40.4934 180
40.497 181
40.4982 182
40.5018 183
40.503 184
40.5066 185
40.5102 186
40.5114 187
40.5151 188
40.5163 189
40.5199 190
40.5211 191
40.5247 192
40.5283 193
40.5295 194
40.5331 195
40.5343 196
40.5379 197
40.5391 198
40.5427 199
40.5463 200
40.5475 201
40.5511 202
40.5547 203
40.5559 204
40.5595 205
40.5607 206
40.5643 207
40.5655 208
40.5691 209
40.5703 210
40.5739 211
40.5775 212
40.5787 213
40.5823 214
40.5835 215
40.5871 216
40.5883 217
40.5932 218
40.5944 219
40.598 220
40.5992 221
40.6028 222
40.6064 223
40.6076 224
40.6112 225
40.6124 226
40.616 227
40.6172 228
40.6208 229
40.622 230
40.6256 231
40.6268 232
40.6304 233
40.6316 234
40.6328 235
40.6376 236
40.64 237
40.6424 238
40.6436 237
40.6436 238
40.6448 237
40.6448 238
40.6484 237
40.6484 238
40.6496 239
40.652 240
40.6544 241
40.6556 240
40.6556 241
40.658 242
40.6592 243
40.6616 244
40.6628 245
40.6653 246
40.6677 247
40.6689 248
40.6713 249
40.6725 250
40.6749 251
40.6761 252
40.6773 253
40.6785 254
40.6797 255
40.6809 256
40.6821 257
40.6833 258
40.6845 259
40.6857 258
40.6857 259
40.6869 260
40.6881 261
40.6893 262
40.6905 263
40.6917 262
40.6917 263
40.6929 264
40.6941 265
40.6953 266
40.6965 265
40.6965 266
40.6977 267
40.6989 268
40.7001 269
40.7013 270
40.7025 271
40.7037 272
40.7049 273
40.7061 274
40.7073 275
40.7085 276
40.7097 277
40.7109 278
40.7121 279
40.7133 280
40.7145 281
40.7157 282
40.7169 283
40.7181 284
40.7193 285
40.7205 286
40.7229 287
40.7253 288
40.7277 287
40.7277 288
40.7289 289
40.7313 290
40.7337 291
40.7361 292
40.7385 140.883
40.7385 141.883
40.7421 143.883
40.7457 145.883
40.7493 147.883
40.7529 149.883
40.7565 151.883
40.7602 153.883
40.765 155.883
40.7674 157.883
40.771 159.883
40.7758 161.883
40.7794 163.883
40.7842 165.883
40.7878 167.883
40.7902 169.883
40.795 171.883
40.7998 173.883
40.8034 175.883
40.8082 177.883
40.813 179.883
40.8178 181.883
40.8226 183.883
40.8274 185.883
40.831 187.883
40.8371 189.883
40.8407 191.883
40.8443 193.883
40.8491 195.883
40.8539 197.883
40.8587 199.883
40.8635 201.883
40.8683 203.883
40.8731 205.883
40.8779 207.883
40.8827 209.883
40.8863 211.883
40.8911 213.883
40.8959 215.883
40.8995 217.883
40.9043 219.883
40.9104 221.883
40.914 223.883
40.9188 225.883
40.9236 227.883
40.9272 229.883
40.932 231.883
40.9368 233.883
40.9416 235.883
40.9464 237.883
40.95 239.883
40.9536 241.883
40.9596 243.883
40.9764 245.883
40.98 247.883
40.9849 249.883
40.9897 251.883
40.9933 253.883
40.9969 255.883
41.0005 257.883
41.0041 259.883
41.0089 261.883
41.0113 263.883
41.0137 265.883
41.0161 267.883
41.0185 269.883
41.0209 271.883
41.0233 273.883
41.0257 275.883
41.0281 277.883
41.0305 279.883
41.0329 281.883
41.0353 283.883
41.0389 285.883
41.0437 287.883
41.0473 289.883
41.0509 291.883
41.0594 292.853
42.1576 294.853
42.4508 292.853
42.6455 293.222
42.6647 295.222
42.6671 295.352
42.6791 297.352
42.6839 297.468
42.7128 298.054
42.732 299.226
42.75 300.383
42.78 300.901
42.7945 302.021
42.8041 304.021
42.8065 304.657
42.8209 305.759
42.8269 307.539
42.8365 308.624
42.8449 310.42
42.8497 312.42
42.8521 313.301
43.4674 314.624
43.4938 315.596
43.6224 316.354
44.1811 182.651
44.1811 4
44.1835 6
44.1835 4
44.1859 6
44.1859 4
44.1907 6
44.1907 4
44.1955 6
44.1955 4
44.1979 6
44.1979 4
44.2027 6
44.2027 4
44.2075 6
44.2075 4
44.2099 6
44.2099 4
44.2148 6
44.2148 4
44.2196 6
44.2196 4
44.222 6
44.222 4
44.2244 6
44.2244 4
44.2268 6
44.2268 4
44.2292 6
44.2292 4
44.2316 6
44.2316 4
44.2364 6
44.2364 4
44.2388 6
44.2388 4
44.2436 6
44.2436 4
44.2484 6
44.2484 4
44.2508 6
44.2508 4
44.2556 6
44.2556 4
44.2616 6
44.2616 4
44.264 6
44.264 4
44.2688 6
44.2688 4
44.2736 6
44.2736 4
44.276 6
44.276 4
44.2808 6
44.2808 4
44.2856 6
44.2856 4
44.2881 6
44.2881 4
44.2929 6
44.2929 4
44.2953 6
44.2953 4
44.3001 6
44.3001 4
44.3025 6
44.3025 4
44.3073 6
44.3073 4
44.3121 6
44.3121 4
44.3145 6
44.3145 4
44.3193 6
44.3193 4
44.3241 6
44.3241 4
44.3265 6
44.3265 4
44.3313 6
44.3313 4
44.3337 6
44.3337 4
44.3385 6
44.3385 4
44.3433 6
44.3433 4
44.3457 6
44.3457 4
44.3505 6
44.3505 4
44.3529 6
44.3529 4
44.3577 6
44.3577 4
44.3626 6
44.3626 4
44.3686 6
44.3686 4
44.371 6
44.371 4
44.3758 6
44.3758 4
44.3782 6
44.3782 4
44.383 6
44.383 4
44.3878 6
44.3878 4
44.3902 6
44.3902 4
44.395 6
44.395 4
44.3986 6
44.3986 4
44.4022 6
44.4022 4
44.407 6
44.407 4
44.4094 6
44.4094 4
44.4142 6
44.4142 4
44.4166 6
44.4166 4
44.4214 6
44.4214 4
44.4262 6
44.4262 4
44.4286 6
44.4286 4
44.4334 6
44.4334 4
44.4383 6
44.4383 4
44.4407 6
44.4407 4
44.4455 6
44.4455 4
44.4479 6
44.4479 4
44.4527 6
44.4527 4
44.4551 6
44.4551 4
44.4599 6
44.4599 4
44.4623 6
44.4623 4
44.4671 6
44.4671 4
44.4719 6
44.4719 4
44.4779 6
44.4779 4
44.4803 6
44.4803 4
44.4851 6
44.4851 4
44.4875 6
44.4875 4
44.4923 6
44.4923 4
44.4971 6
44.4971 4
44.4995 6
44.4995 4
44.5019 6
44.5019 4
44.5067 6
44.5067 4
44.5091 6
44.5091 4
44.514 6
44.514 4
44.5164 6
44.5164 4
44.7173 316.354
44.7173 318.354
44.7227 320.354
44.9207 318.613
44.9255 306.55
44.9315 296.394
44.9387 287.906
44.9435 280.613
44.9507 274.63
44.9555 269.661
44.9628 265.713
44.97 262.657
44.9748 260.115
44.982 258.424
44.9868 257.077
44.994 256.298
44.9988 255.749
45.447 257.749
45.6861 255.749
46.0598 255.786
46.067 256.666
47.3551 258.666
47.5931 256.666
47.7613 257.282
47.7853 258.166
47.7997 259.041
47.8166 259.904
47.8478 260.024
47.855 261.599
47.8694 262.43
47.8862 263.252
47.9175 263.309
47.9319 264.106
47.9391 265.657
47.9668 265.671
47.9716 266.44
47.9776 267.213
47.9812 269.213
47.9836 269.534
47.9932 270.285
48.0028 270.319
48.0184 270.354
48.594 271.613
48.6012 271.758
48.6084 271.905
48.6541 272.698
48.7802 273.207
49.2657 275.207
49.506 273.207
49.78 274.767
49.804 276.767
49.8064 277.162
49.8461 277.807
49.8629 278.544
49.8905 279.155
51.1738 281.155
51.2519 245
51.2519 244
51.2519 245
51.2796 244
51.3012 245
51.3024 246
51.3036 247
51.3048 248
51.3084 249
51.3096 250
51.3108 251
51.312 252
51.3132 253
51.3168 254
51.318 255
51.3192 256
51.3204 257
51.3216 258
51.3252 259
51.3264 260
51.3276 261
51.3288 262
51.33 263
51.3312 264
51.3325 265
51.3361 266
51.3373 267
51.3385 268
51.3397 269
51.3433 270
51.3445 271
51.3457 272
51.3469 273
51.3505 274
51.3517 275
51.3529 276
51.3541 277
51.3553 278
51.3589 279
51.3601 280
51.3637 281
51.3649 281.155
51.4118 279.155
51.4514 278.155
51.4514 279.155
51.4875 278.155
51.4875 279.155
51.4995 278.155
51.4995 279.155
51.5848 278.155
51.5848 279.155
51.622 278.155
51.622 279.155
51.6413 278.155
51.6413 279.155
51.6437 279.961
51.6461 280.961
51.6473 281.121
51.6533 282.121
51.6545 282.281
51.6557 281.281
51.6557 282.281
51.6833 281.281
51.6833 282.281
51.7098 283.115
51.7122 284.115
51.7134 284.278
51.7206 285.278
51.7218 285.442
51.729 286.442
51.7302 286.606
51.7398 287.606
51.741 287.769
51.747 288.769
51.7482 288.932
51.7566 287.932
51.7566 288.932
51.7614 289.932
51.7626 290.096
51.765 291.096
51.7674 292.096
51.7686 292.423
51.7758 293.423
51.7771 293.587
51.7855 292.587
51.7855 293.587
51.7903 293.894
51.7939 294.751
51.7987 295.751
51.7999 295.914
51.8059 296.914
51.8071 297.078
51.8131 298.078
51.8155 299.078
51.8167 299.405
51.8455 298.405
51.8455 299.405
51.8708 298.405
51.8708 299.405
51.8768 298.405
51.8768 299.405
51.9273 298.405
51.9273 299.405
51.9525 298.405
51.9525 299.405
51.9657 140.883
51.9657 141.883
51.9669 142.883
51.9693 143.883
51.9705 194
52.0294 195
52.0306 196
52.0318 197
52.0342 198
52.0354 199
52.0366 200
52.0378 201
52.039 202
52.0414 203
52.0426 204
52.0438 205
52.045 206
52.0462 207
52.0486 208
52.0498 209
52.051 210
52.0522 211
52.0534 212
52.0546 213
52.0558 214
52.0582 215
52.0594 216
52.0606 217
52.0618 218
52.0642 219
52.0654 220
52.0666 221
52.0678 222
52.0702 223
52.0714 224
52.0726 223
52.0726 224
52.0738 225
52.075 226
52.0774 227
52.0786 228
52.0798 229
52.0822 230
52.0834 231
52.0846 232
52.0858 233
52.087 234
52.0895 235
52.0907 236
52.0919 237
52.0931 238
52.0955 239
52.0979 240
52.0991 241
52.1003 240
52.1003 241
52.1027 243
52.1051 245
52.1075 247
52.1111 249
52.1135 251
52.1171 253
52.1195 255
52.1219 257
52.1255 259
52.1279 261
52.1315 263
52.1351 265
52.1387 267
52.1411 269
52.1447 271
52.1483 273
52.1519 275
52.1555 277
52.1591 279
52.1615 281
52.1663 283
52.1687 285
52.1724 287
52.176 289
52.1784 291
52.1808 293
52.1832 295
52.1856 297
52.188 299
52.1904 299.405
52.2685 140.883
52.2685 142.883
52.2721 144.883
52.2745 146.883
52.2781 148.883
52.2817 150.883
52.2865 152.883
52.2889 154.883
52.2937 156.883
52.2961 158.883
52.2997 160.883
52.3033 162.883
52.3069 164.883
52.3105 166.883
52.3129 168.883
52.3177 170.883
52.3202 172.883
52.325 174.883
52.3274 176.883
52.331 178.883
52.3334 180.883
52.3358 182.883
52.3394 184.883
52.3418 186.883
52.3454 188.883
52.3478 190.883
52.3502 192.883
52.3538 194.883
52.3562 196.883
52.3598 198.883
52.3622 200.883
52.3658 202.883
52.3682 204.883
52.3718 206.883
52.3754 208.883
52.3778 210.883
52.3802 212.883
52.3838 214.883
52.3862 216.883
52.391 218.883
52.3934 220.883
52.3959 222.883
52.3983 224.883
52.4007 226.883
52.4031 228.883
52.4067 230.883
52.4091 232.883
52.4115 234.883
52.4151 236.883
52.4175 238.883
52.4199 240.883
52.4223 242.883
52.4259 244.883
52.4283 246.883
52.4307 248.883
52.4343 250.883
52.4367 252.883
52.4403 254.883
52.4427 256.883
52.4463 258.883
52.4487 260.883
52.4523 262.883
52.4547 264.883
52.4583 266.883
52.4607 268.883
52.4643 270.883
52.4679 272.883
52.4704 274.883
52.474 276.883
52.4764 278.883
52.4788 280.883
52.4836 282.883
52.486 284.883
52.4884 286.883
52.492 288.883
52.4944 290.883
52.498 292.883
52.5004 294.883
52.5028 296.883
52.5052 298.883
52.5076 300.883
52.51 302.883
52.5124 304.883
52.5148 306.883
52.5172 308.883
52.5196 310.883
52.522 312.883
52.5244 314.883
52.5268 316.883
52.5292 318.883
52.5316 319.874
52.5388 320.433
52.5509 320.985
52.5773 322.595
52.5917 323.631
52.6037 324.137
52.6181 325.131
52.9077 325.119
52.9101 324.507
52.9125 323.802
52.9149 323.015
52.9173 322.327
52.9197 321.555
52.9222 321.049
52.9246 320.436
52.927 319.731
52.9294 319.113
52.9318 318.403
52.9342 317.782
52.9366 317.068
52.939 316.274
52.9414 315.579
52.9438 314.801
52.9462 314.12
52.9486 313.355
52.951 312.515
52.9534 311.781
52.9558 310.968
52.9582 310.257
52.9606 309.465
52.963 308.772
52.9654 308.166
52.9678 307.465
52.9702 306.852
52.9726 306.146
52.975 305.528
52.9774 304.818
52.9798 304.026
52.9822 303.334
52.9846 302.558
52.987 302.135
52.9894 301.37
52.9918 300.531
52.9942 299.797
52.9967 299.307
52.9991 298.596
53.0015 297.803
53.0039 296.939
53.0063 296.183
53.0087 295.522
53.0111 294.943
53.0135 294.267
53.0159 293.504
53.0183 292.838
53.0207 292.084
53.0231 291.424
53.0255 290.677
53.0279 289.853
53.0303 289.132
53.0327 288.331
53.0351 287.631
53.0375 286.847
53.0402 286.161
53.0431 288.161
53.0461 288.055
53.049 287.594
53.052 287.02
53.0549 286.689
53.0579 286.398
53.0608 286.144
53.0637 285.923
53.0667 285.728
53.0696 285.558
53.0726 285.409
53.0755 285.279
53.0785 285.165
53.0814 285.066
53.0844 284.978
53.0873 284.902
53.0902 284.835
53.0932 284.776
53.0961 284.725
53.0991 284.681
53.102 284.831
53.105 284.797
53.1079 284.767
53.1108 284.763
53.1138 284.74
53.1167 284.72
53.1197 284.702
53.1226 284.687
53.1256 284.673
53.1285 284.662
53.1315 284.651
53.1344 284.642
53.1373 284.635
53.1403 284.673
53.1432 284.667
53.1462 284.662
53.1491 284.657
53.1521 284.677
53.155 284.674
53.1579 284.671
53.1609 284.668
53.1638 284.69
53.1668 284.688
53.1697 284.686
53.1727 284.684
53.1756 284.709
53.1786 284.707
53.1815 284.706
53.1844 284.705
53.1874 284.704
53.1903 284.704
53.1933 284.732
53.1962 284.731
53.2021 284.731
53.205 284.777
53.208 284.606
53.2168 284.664
53.2197 284.671
53.2459 284.64
53.2627 286.64
53.2651 287.471
53.2747 289.471
53.2771 291.088
53.2868 293.088
53.2892 294.698
53.3012 296.698
53.3036 298.299
53.3132 298.497
53.3252 300.497
53.3276 302.044
53.3372 304.044
53.3396 305.583
53.3492 307.583
53.3516 309.114
53.3613 311.114
53.3637 312.637
53.3709 314.637
53.3733 315.357
53.3829 317.357
53.3853 318.856
53.3949 320.856
53.3973 322.346
53.4069 324.346
53.4093 325.823
53.4189 327.823
53.4213 329.272
53.4309 331.272
53.4333 332.703
53.443 334.703
53.4454 336.126
53.455 338.126
53.4574 339.539
53.5078 340.845
53.5175 340.887
53.5247 338.887
53.7722 339.453
53.7794 341.453
53.7818 342.638
54.9606 344.638
55.0207 343
55.0207 342
55.0207 343
55.2057 342.638
55.2237 341.638
55.2237 342.638
55.2346 341.638
55.2346 342.638
55.2394 341.638
55.2394 342.638
55.2466 341.638
55.2466 342.638
55.2514 341.638
55.2514 342.638
55.261 341.638
55.261 342.638
55.2658 341.638
55.2658 342.638
55.2742 341.638
55.2742 342.638
55.2766 341.638
55.2766 342.638
55.2886 341.638
55.2886 342.638
55.2934 341.638
55.2934 342.638
55.3007 341.638
55.3007 342.638
55.3055 341.638
55.3055 342.638
55.3151 341.638
55.3151 342.638
55.3199 341.638
55.3199 342.638
55.3271 341.638
55.3271 342.638
55.3319 341.638
55.3319 342.638
55.3475 341.638
55.3475 342.638
55.3499 341.638
55.3499 342.638
55.3547 341.638
55.3547 342.638
55.3619 341.638
55.3619 342.638
55.3667 341.638
55.3667 342.638
55.3716 341.638
55.3716 342.638
55.3764 341.638
55.3764 342.638
55.3812 341.638
55.3812 342.638
55.386 341.638
55.386 342.638
55.3908 341.638
55.3908 342.638
55.3956 341.638
55.3956 342.638
55.4004 341.638
55.4004 342.638
55.4052 341.638
55.4052 342.638
55.4112 341.638
55.4112 342.638
55.6143 341.638
55.6143 342.638
55.6239 341.638
55.6239 342.638
55.6275 341.638
55.6275 342.638
55.6335 341.638
55.6335 342.638
55.6371 341.638
55.6371 342.638
55.6455 341.638
55.6455 342.638
55.6503 341.638
55.6503 342.638
55.6587 341.638
55.6587 342.638
55.6599 341.638
55.6599 342.638
55.6707 341.638
55.6707 342.638
55.6744 341.638
55.6744 342.638
55.6804 341.638
55.6804 342.638
55.6852 341.638
55.6852 342.638
55.6924 341.638
55.6924 342.638
55.6972 341.638
55.6972 342.638
55.7056 341.638
55.7056 342.638
55.7092 341.638
55.7092 342.638
55.7224 341.638
55.7224 342.638
55.7248 341.638
55.7248 342.638
55.7296 341.638
55.7296 342.638
55.7356 341.638
55.7356 342.638
55.7404 341.638
55.7404 342.638
55.7452 341.638
55.7452 342.638
55.7501 341.638
55.7501 342.638
55.7549 341.638
55.7549 342.638
55.7597 341.638
55.7597 342.638
55.7645 341.638
55.7645 342.638
55.7693 341.638
55.7693 342.638
55.7741 341.638
55.7741 342.638
55.7789 341.638
55.7789 342.638
55.7861 341.638
55.7861 342.638
56.0147 1
56.0156 2
56.0156 4
56.0192 5
56.0204 6
56.0216 7
56.0228 8
56.024 9
56.0252 10
56.0264 11
56.0276 12
56.0288 13
56.03 14
56.0312 15
56.0324 16
56.0336 17
56.0348 18
56.0384 19
56.0396 20
56.0408 21
56.042 22
56.0432 23
56.0444 24
56.0456 25
56.0469 26
56.0481 27
56.0493 28
56.0505 3.02624
56.0505 4
56.0517 3.02624
56.0517 4
56.0529 3.02624
56.0529 4
56.0541 3.03522
56.0541 4
56.0553 3.0442
56.0553 4
56.0565 3.05318
56.0565 4
56.0601 3.06285
56.0601 4
56.0613 3.07113
56.0613 4
56.0625 3.0808
56.0625 4
56.0637 3.08909
56.0637 4
56.0649 3.09876
56.0649 4
56.0661 3.10704
56.0661 4
56.0673 3.11671
56.0673 4
56.0685 3.12569
56.0685 4
56.0697 3.13467
56.0697 4
56.0709 3.14365
56.0709 4
56.0721 3.15262
56.0721 4
56.0733 3.1616
56.0733 4
56.0745 3.17127
56.0745 4
56.0781 3.17956
56.0781 4
56.0793 3.18923
56.0793 4
56.0805 3.19751
56.0805 4
56.0817 3.20718
56.0817 4
56.0829 3.21547
56.0829 4
56.0841 3.22445
56.0841 4
56.0853 3.23412
56.0853 4
56.0865 3.2424
56.0865 4
56.0877 3.25207
56.0877 4
56.0889 3.26036
56.0889 4
56.0901 3.27003
56.0901 4
56.0913 3.27901
56.0913 4
56.0925 3.28798
56.0925 4
56.0937 3.29696
56.0937 4
56.0949 3.30594
56.0949 4
56.0985 3.31492
56.0985 4
56.0997 3.3239
56.0997 4
56.1009 3.33287
56.1009 4
56.1021 3.34254
56.1021 4
56.1033 3.35083
56.1033 4
56.1045 3.3605
56.1045 4
56.1057 3.36878
56.1057 4
56.1069 3.37845
56.1069 4
56.1081 3.38743
56.1081 4
56.1093 3.39641
56.1093 4
56.1105 3.40539
56.1105 4
56.1117 3.41436
56.1117 4
56.1129 3.42334
56.1129 4
56.1141 3.43232
56.1141 4
56.1177 3.4413
56.1177 4
56.1189 3.45097
56.1189 4
56.1201 3.45925
56.1201 4
56.1213 3.46823
56.1213 4
56.1226 3.47721
56.1226 4
56.1238 3.48619
56.1238 4
56.125 3.49586
56.125 4
56.1262 3.50414
56.1262 4
56.1298 3.51381
56.1298 4
56.131 3.5221
56.131 4
56.1322 3.53177
56.1322 4
56.1334 3.54006
56.1334 4
56.1346 3.54972
56.1346 4
56.1358 3.5587
56.1358 4
56.137 3.56768
56.137 4
56.1382 3.57666
56.1382 4
56.1394 3.58564
56.1394 4
56.1418 3.59461
56.1418 4
56.143 3.60428
56.143 4
56.1442 3.61257
56.1442 4
56.1454 3.62224
56.1454 4
56.1466 3.63052
56.1466 4
56.1478 3.64019
56.1478 4
56.149 3.64848
56.149 4
56.1502 3.65815
56.1502 4
56.1514 3.66713
56.1514 4
56.1526 3.6761
56.1526 4
56.1538 3.68508
56.1538 4
56.155 3.69337
56.155 4
56.1562 3.70304
56.1562 4
56.1574 3.71202
56.1574 4
56.1586 3.72099
56.1586 4
56.1598 3.72997
56.1598 4
56.161 3.73895
56.161 4
56.1622 3.74793
56.1622 4
56.1634 3.75691
56.1634 4
56.1646 3.76588
56.1646 4
56.1658 3.77555
56.1658 4
56.167 3.78384
56.167 4
56.1682 3.79351
56.1682 4
56.1694 3.8018
56.1694 4
56.1706 3.81146
56.1706 4
56.1718 3.82044
56.1718 4
56.173 3.82942
56.173 4
56.1742 3.8384
56.1742 4
56.1754 3.84738
56.1754 4
56.1766 3.85635
56.1766 4
56.1778 3.86533
56.1778 4
56.179 3.87431
56.179 4
56.1802 3.88398
56.1802 4
56.1814 3.89227
56.1814 4
56.1826 3.90193
56.1826 4
56.1838 3.91022
56.1838 4
56.185 3.9192
56.185 4
56.1862 3.92887
56.1862 4
56.1874 3.93715
56.1874 4
56.1886 3.94682
56.1886 4
56.1898 3.95511
56.1898 4
56.191 3.96478
56.191 4
56.1922 3.97307
56.1922 4
56.1934 3.98273
56.1934 4
56.1946 3.99171
56.1946 4
56.1958 4.00069
56.1995 4.00967
56.2007 4.01865
56.2019 4.02762
56.2031 4.03729
56.2043 4.04558
56.2055 4.05525
56.2067 4.06354
56.2079 4.0732
56.2091 4.08149
56.2103 4.09116
56.2115 4.10014
56.2127 4.10912
56.2139 4.11809
56.2151 4.12707
56.2163 4.13605
56.2175 4.14572
56.2187 4.15401
56.2199 4.16298
56.2211 4.17196
56.2223 4.18094
56.2235 4.18992
56.2247 4.1989
56.2259 4.20856
56.2271 4.21685
56.2283 4.22652
56.2295 4.23481
56.2307 4.24448
56.2319 4.25345
56.2331 4.26243
56.2343 4.27141
56.2355 4.28039
56.2367 4.28936
56.2379 4.29834
56.2391 4.30732
56.2403 4.31699
56.2415 4.32528
56.2427 4.33494
56.2439 4.34323
56.2451 4.3529
56.2463 4.36188
56.2475 4.37086
56.2487 4.37983
56.2499 4.38812
56.2511 4.39779
56.2523 4.40608
56.2535 4.41575
56.2547 4.42472
56.2559 4.4337
56.2571 4.44268
56.2583 4.45166
56.2595 4.46064
56.2607 4.4703
56.2619 4.47859
56.2631 4.48826
56.2643 4.49655
56.2655 4.50622
56.2667 4.5145
56.2679 4.52417
56.2691 4.53315
56.2703 4.54213
56.2715 4.5511
56.2728 4.56008
56.274 4.56906
56.2752 4.57873
56.2764 4.58702
56.2776 4.59669
56.2788 4.60497
56.28 4.61395
56.2812 4.62293
56.2824 4.63191
56.2836 4.64157
56.2848 4.64986
56.286 4.65953
56.2872 4.66782
56.2884 4.67749
56.2896 4.68646
56.2908 4.69544
56.292 4.70442
56.2932 4.7134
56.2944 4.72238
56.2956 4.73135
56.2968 4.74033
56.298 4.75
56.2992 4.75829
56.3004 4.76796
56.3016 4.77624
56.3028 4.78591
56.304 4.79489
56.3052 4.80387
56.3064 4.81285
56.3076 4.82182
56.3088 4.8308
56.31 4.83978
56.3112 4.84876
56.3124 4.85773
56.3136 4.86671
56.3148 4.87569
56.316 4.88467
56.3172 4.89365
56.3184 4.90331
56.3196 4.9116
56.3208 4.92127
56.322 4.92956
56.3232 4.93923
56.3244 4.94751
56.3256 4.95718
56.3268 4.96616
56.328 4.97514
56.3292 4.98412
56.3304 4.99309
56.3316 5.00207
56.3328 5.01174
56.334 5.02003
56.3352 5.0297
56.3364 5.03798
56.3376 5.04765
56.3388 5.05594
56.34 5.06561
56.3412 5.07459
56.3424 5.08287
56.3436 5.09254
56.3448 5.10083
56.346 5.1105
56.3473 5.11948
56.3485 5.12845
56.3497 5.13743
56.3509 5.14641
56.3521 5.15539
56.3533 5.16436
56.3545 5.17334
56.3557 5.18301
56.3569 5.1913
56.3581 5.20097
56.3593 5.20925
56.3605 5.21892
56.3617 5.2279
56.3629 5.23688
56.3641 5.24586
56.3653 5.25483
56.3665 5.26381
56.3677 5.27279
56.3689 5.28177
56.3701 5.29144
56.3713 5.29972
56.3725 5.3087
56.3737 5.31768
56.3749 5.32666
56.3761 5.33633
56.3773 5.34461
56.3785 5.35428
56.3797 5.36257
56.3809 5.37224
56.3821 5.38052
56.3833 5.39019
56.3845 5.39917
56.3857 5.40815
56.3869 5.41713
56.3881 5.4261
56.3893 5.43508
56.3929 5.44475
56.3941 5.45304
56.3953 5.46271
56.3965 5.47099
56.3977 5.48066
56.3989 5.48895
56.4001 5.49862
56.4013 5.5076
56.4073 5.51657
56.4109 5.52555
56.4121 5.53453
56.4133 5.54351
56.4145 5.55249
56.4157 5.56146
56.4169 5.57044
56.4181 5.57942
56.8156 7.57942
60.0299 6.61188
60.3434 6.61257
63.4273 4.57666
63.4273 4
63.6781 4.57666
63.6781 4
63.9288 344.638
63.9288 5.83494
66.4461 5.37017
67.1018 6.37017
67.5067 7.37017
69.696 7.98204
72.5337 8.7279
73.9407 5.64434
73.9407 4
74.3312 344.638
74.3312 7.8529
75.7413 8.8529
75.9828 9.8529
76.4545 9.86671
80.6517 8.04696
81.5426 9.04696
81.8502 9.52072
83.5367 10.6512
84.4307 6.10635
84.4307 4
84.7731 344.638
84.7731 8.66575
86.0354 9.66575
86.2468 10.6657
86.6368 10.7859
86.9721 11.3978
88.2181 2
88.2181 1
88.2181 2
88.3635 3
88.3635 4
88.5041 11.3978
88.5041 140.883
88.5041 9.41436
89.9496 9.40539
90.3185 9.37638
90.685 9.35843
91.0527 9.35014
91.4156 9.34461
91.7809 9.34323
92.1438 6.25207
93.0587 7.25207
93.412 8.25207
93.7641 8.15608
99.0391 8.83909
99.3005 8.94475
