0 0
0.1 0
0.2 0
0.3 0
0.4 0
0.5 0
0.6 0
0.7 0
0.8 0
0.9 0
1 0
1.1 0
1.2 0
1.3 55
1.4 67
1.5 69
1.6 69
1.7 68
1.8 26
1.9 12
2 46
2.1 69
2.2 68
2.3 68
2.4 69
2.5 69
2.6 68
2.7 68
2.8 69
2.9 69
3 68
3.1 65
3.2 56
3.3 54
3.4 36
3.5 29
3.6 36
3.7 0
3.8 0
3.9 0
4 0
4.1 0
4.2 0
4.3 0
4.4 0
4.5 0
4.6 0
4.7 0
4.8 0
4.9 0
5 0
5.1 0
5.2 0
5.3 0
5.4 0
5.5 0
5.6 0
5.7 2
5.8 4
5.9 7
6 12
6.1 18
6.2 21
6.3 27
6.4 31
6.5 36
6.6 39
6.7 43
6.8 49
6.9 52
7 56
7.1 59
7.2 66
7.3 68
7.4 67
7.5 67
7.6 67
7.7 27
7.8 0
7.9 0
8 0
8.1 0
8.2 0
8.3 0
8.4 0
8.5 0
8.6 0
8.7 0
8.8 0
8.9 6
9 10
9.1 13
9.2 13
9.3 13
9.4 19
9.5 24
9.6 28
9.7 31
9.8 33
9.9 37
10 41
10.1 43
10.2 45
10.3 42
10.4 37
10.5 33
10.6 31
10.7 33
10.8 36
10.9 39
11 40
11.1 50
11.2 57
11.3 67
11.4 67
11.5 66
11.6 68
11.7 68
11.8 67
11.9 33
12 0
12.1 0
12.2 0
12.3 0
12.4 0
12.5 0
12.6 0
12.7 0
12.8 0
12.9 0
13 0
13.1 0
13.2 0
13.3 0
13.4 0
13.5 2
13.6 6
13.7 6
13.8 8
13.9 9
14 13
14.1 13
14.2 13
14.3 16
14.4 21
14.5 25
14.6 27
14.7 28
14.8 30
14.9 33
15 35
15.1 38
15.2 35
15.3 33
15.4 32
15.5 31
15.6 35
15.7 38
15.8 40
15.9 40
16 41
16.1 41
16.2 42
16.3 43
16.4 41
16.5 42
16.6 43
16.7 44
16.8 41
16.9 42
17 41
17.1 42
17.2 43
17.3 41
17.4 45
17.5 49
17.6 53
17.7 49
17.8 43
17.9 38
18 38
18.1 43
18.2 47
18.3 47
18.4 48
18.5 48
18.6 51
18.7 49
18.8 50
18.9 51
19 52
19.1 51
19.2 53
19.3 53
19.4 55
19.5 53
19.6 54
19.7 56
19.8 57
19.9 60
20 64
20.1 67
20.2 67
20.3 63
20.4 57
20.5 51
20.6 0
20.7 0
20.8 0
20.9 0
21 0
21.1 0
21.2 0
21.3 0
21.4 0
21.5 0
21.6 0
21.7 2
21.8 7
21.9 8
22 14
22.1 16
22.2 19
22.3 21
22.4 25
22.5 33
22.6 40
22.7 45
22.8 42
22.9 36
23 35
23.1 38
23.2 45
23.3 52
23.4 55
23.5 58
23.6 59
23.7 63
23.8 64
23.9 67
24 68
24.1 68
24.2 67
24.3 68
24.4 69
24.5 66
24.6 6
24.7 0
24.8 0
24.9 0
25 0
25.1 0
25.2 0
25.3 0
25.4 3
25.5 11
25.6 15
25.7 21
25.8 27
25.9 24
26 18
26.1 16
26.2 18
26.3 25
26.4 31
26.5 32
26.6 38
26.7 38
26.8 42
26.9 43
27 45
27.1 48
27.2 50
27.3 51
27.4 52
27.5 54
27.6 53
27.7 56
27.8 56
27.9 58
28 65
28.1 67
28.2 68
28.3 62
28.4 52
28.5 35
28.6 0
28.7 0
28.8 0
28.9 0
29 0
29.1 0
29.2 0
29.3 0
29.4 0
29.5 0
29.6 0
29.7 0
29.8 0
29.9 0
30 3
30.1 3
30.2 7
30.3 8
30.4 12
30.5 21
30.6 31
30.7 35
30.8 25
30.9 15
31 13
31.1 20
31.2 27
31.3 31
31.4 31
31.5 36
31.6 38
31.7 40
31.8 41
31.9 42
32 43
32.1 44
32.2 45
32.3 45
32.4 46
32.5 47
32.6 47
32.7 46
32.8 50
32.9 58
33 66
33.1 65
33.2 53
33.3 43
33.4 36
33.5 23
33.6 0
33.7 0
33.8 0
33.9 0
34 0
34.1 0
34.2 0
34.3 0
34.4 0
34.5 0
34.6 0
34.7 3
34.8 4
34.9 9
35 13
35.1 16
35.2 22
35.3 34
35.4 44
35.5 50
35.6 41
35.7 32
35.8 24
35.9 29
36 38
36.1 47
36.2 49
36.3 53
36.4 57
36.5 63
36.6 64
36.7 66
36.8 67
36.9 69
37 68
37.1 67
37.2 43
37.3 14
37.4 15
37.5 15
37.6 1
37.7 9
37.8 19
37.9 18
38 0
38.1 0
38.2 1
38.3 10
38.4 15
38.5 19
38.6 26
38.7 30
38.8 33
38.9 37
39 40
39.1 42
39.2 47
39.3 49
39.4 52
39.5 54
39.6 57
39.7 60
39.8 60
39.9 68
40 68
40.1 68
40.2 56
40.3 40
40.4 0
40.5 0
40.6 0
40.7 5
40.8 0
40.9 0
41 10
41.1 2
41.2 5
41.3 12
41.4 15
41.5 16
41.6 20
41.7 21
41.8 24
41.9 28
42 32
42.1 32
42.2 37
42.3 54
42.4 69
42.5 64
42.6 51
42.7 36
42.8 28
42.9 15
43 2
43.1 11
43.2 7
43.3 0
43.4 5
43.5 8
43.6 0
43.7 3
43.8 9
43.9 8
44 7
44.1 13
44.2 9
44.3 0
44.4 0
44.5 0
44.6 0
44.7 0
44.8 0
44.9 0
45 0
45.1 0
45.2 0
45.3 0
45.4 1
45.5 10
45.6 30
45.7 50
45.8 36
45.9 21
46 17
46.1 17
46.2 24
46.3 27
46.4 26
46.5 30
46.6 32
46.7 34
46.8 34
46.9 37
47 37
47.1 37
47.2 39
47.3 39
47.4 44
47.5 58
47.6 68
47.7 55
47.8 40
47.9 30
48 27
48.1 15
48.2 12
48.3 11
48.4 12
48.5 4
48.6 7
48.7 9
48.8 9
48.9 14
49 16
49.1 17
49.2 20
49.3 26
49.4 42
49.5 57
49.6 52
49.7 37
49.8 28
49.9 27
50 35
50.1 41
50.2 42
50.3 46
50.4 52
50.5 56
50.6 57
50.7 61
50.8 64
50.9 68
51 67
51.1 68
51.2 67
51.3 67
51.4 68
51.5 50
51.6 16
51.7 1
51.8 0
51.9 0
52 0
52.1 0
52.2 2
52.3 12
52.4 0
52.5 0
52.6 0
52.7 0
52.8 0
52.9 0
53 0
53.1 0
53.2 0
53.3 0
53.4 0
53.5 0
53.6 0
53.7 0
53.8 0
53.9 0
54 0
54.1 0
54.2 0
54.3 13
54.4 13
54.5 18
54.6 61
54.7 68
54.8 68
54.9 69
55 68
55.1 68
55.2 63
55.3 49
55.4 43
55.5 46
55.6 46
55.7 62
55.8 68
55.9 67
56 68
56.1 38
56.2 0
56.3 0
56.4 0
56.5 0
56.6 0
56.7 0
56.8 0
56.9 0
57 0
57.1 0
57.2 0
57.3 0
57.4 0
57.5 0
57.6 0
57.7 0
57.8 0
57.9 0
58 0
58.1 0
58.2 0
58.3 0
58.4 0
58.5 0
58.6 0
58.7 0
58.8 0
58.9 0
59 0
59.1 0
59.2 0
59.3 0
59.4 0
59.5 0
59.6 0
59.7 0
59.8 0
59.9 0
60 0
60.1 0
60.2 0
60.3 0
60.4 0
60.5 0
60.6 0
60.7 0
60.8 0
60.9 0
61 0
61.1 0
61.2 0
61.3 0
61.4 0
61.5 0
61.6 0
61.7 0
61.8 0
61.9 0
62 0
62.1 0
62.2 0
62.3 0
62.4 0
62.5 0
62.6 0
62.7 0
62.8 0
62.9 0
63 0
63.1 0
63.2 0
63.3 0
63.4 0
63.5 0
63.6 0
63.7 0
63.8 0
63.9 0
64 0
64.1 0
64.2 0
64.3 0
64.4 0
64.5 0
64.6 0
64.7 0
64.8 0
64.9 0
65 0
65.1 0
65.2 0
65.3 0
65.4 0
65.5 0
65.6 0
65.7 0
65.8 0
65.9 0
66 0
66.1 0
66.2 0
66.3 0
66.4 0
66.5 0
66.6 0
66.7 0
66.8 0
66.9 0
67 0
67.1 0
67.2 0
67.3 0
67.4 0
67.5 0
67.6 0
67.7 5
67.8 12
67.9 21
68 28
68.1 36
68.2 45
68.3 55
68.4 63
68.5 67
68.6 68
68.7 69
68.8 68
68.9 43
69 0
69.1 0
69.2 0
69.3 0
69.4 0
69.5 0
69.6 2
69.7 2
69.8 6
69.9 10
70 13
70.1 18
70.2 20
70.3 26
70.4 28
70.5 33
70.6 35
70.7 38
70.8 43
70.9 45
71 49
71.1 52
71.2 53
71.3 58
71.4 60
71.5 64
71.6 65
71.7 67
71.8 68
71.9 67
72 68
72.1 67
72.2 18
72.3 0
72.4 0
72.5 0
72.6 0
72.7 0
72.8 0
72.9 0
73 0
73.1 0
73.2 0
73.3 0
73.4 0
73.5 0
73.6 0
73.7 0
73.8 0
73.9 0
74 0
74.1 4
74.2 3
74.3 7
74.4 7
74.5 10
74.6 11
74.7 10
74.8 14
74.9 14
75 17
75.1 16
75.2 16
75.3 19
75.4 19
75.5 22
75.6 20
75.7 21
75.8 20
75.9 22
76 23
76.1 23
76.2 23
76.3 24
76.4 25
76.5 24
76.6 26
76.7 26
76.8 27
76.9 26
77 25
77.1 25
77.2 26
77.3 26
77.4 26
77.5 26
77.6 25
77.7 27
77.8 25
77.9 25
78 24
78.1 26
78.2 25
78.3 26
78.4 26
78.5 25
78.6 27
78.7 25
78.8 25
78.9 26
79 27
79.1 28
79.2 27
79.3 26
79.4 27
79.5 28
79.6 28
79.7 29
79.8 30
79.9 29
80 32
80.1 30
80.2 31
80.3 31
80.4 34
80.5 34
80.6 36
80.7 37
80.8 37
80.9 38
81 38
81.1 38
81.2 40
81.3 43
81.4 42
81.5 42
81.6 46
81.7 46
81.8 50
81.9 49
82 50
82.1 54
82.2 55
82.3 58
82.4 59
82.5 62
82.6 64
82.7 68
82.8 68
82.9 68
83 67
83.1 69
83.2 20
83.3 0
83.4 0
83.5 0
83.6 0
83.7 0
83.8 0
83.9 0
84 0
84.1 0
84.2 0
84.3 0
84.4 0
84.5 5
84.6 6
84.7 9
84.8 12
84.9 17
85 18
85.1 24
85.2 26
85.3 29
85.4 32
85.5 34
85.6 38
85.7 40
85.8 44
85.9 45
86 46
86.1 48
86.2 52
86.3 54
86.4 55
86.5 57
86.6 59
86.7 61
86.8 62
86.9 62
87 64
87.1 67
87.2 67
87.3 68
87.4 68
87.5 68
87.6 69
87.7 12
87.8 0
87.9 0
88 0
88.1 0
88.2 0
88.3 0
88.4 0
88.5 0
88.6 0
88.7 0
88.8 0
88.9 0
89 0
89.1 0
89.2 0
89.3 0
89.4 0
89.5 0
89.6 0
89.7 0
89.8 1
89.9 4
90 3
90.1 7
90.2 8
90.3 10
90.4 10
90.5 10
90.6 11
90.7 12
90.8 14
90.9 13
91 16
91.1 16
91.2 18
91.3 18
91.4 17
91.5 18
91.6 19
91.7 19
91.8 18
91.9 20
92 21
92.1 22
92.2 21
92.3 20
92.4 19
92.5 20
92.6 20
92.7 20
92.8 19
92.9 19
93 20
93.1 20
93.2 19
93.3 19
93.4 20
93.5 21
93.6 20
93.7 19
93.8 21
93.9 20
94 20
94.1 20
94.2 19
94.3 20
94.4 22
94.5 21
94.6 20
94.7 22
94.8 21
94.9 22
95 22
95.1 22
95.2 23
95.3 26
95.4 24
95.5 24
95.6 25
95.7 26
95.8 27
95.9 28
96 28
96.1 30
96.2 31
96.3 32
96.4 32
96.5 32
96.6 34
96.7 35
96.8 36
96.9 36
97 40
97.1 40
97.2 42
97.3 43
97.4 44
97.5 47
97.6 50
97.7 51
97.8 52
97.9 56
98 58
98.1 60
98.2 63
98.3 64
98.4 68
98.5 68
98.6 68
98.7 67
98.8 68
98.9 11
99 0
99.1 0
99.2 0
99.3 0
99.4 0
99.5 0
99.6 0
99.7 0
99.8 0
99.9 0
100 0
