0.1 0.00448
0.2 0
0.3 1.20416
0.4 0
0.5 2.16
0.6 0
0.7 4.32
0.8 0
0.9 8.64
1 0
1.1 17.28
1.2 0
1.3 14.88
1.4 17.28
1.5 5.28
1.6 13.44
1.7 14.4
1.8 2.64
1.9 1.8
2 2.52
2.1 6.6
2.2 9.96
2.3 1.2
2.4 2.4
2.5 5.04
2.6 3.24
2.7 1.08
2.8 0
2.9 2.76
3 3.48
3.1 1.08
3.2 0.12
3.3 0
3.4 0
3.5 0
3.6 1.08
3.7 0
3.8 0
3.9 10.2
4 0
4.1 6.24
4.2 16.2
4.3 3.48
4.4 10.32
4.5 10.08
4.6 8.88
4.7 9.84
4.8 9.6
4.9 9.48
5 9.84
5.1 9.6
5.2 9.6
5.3 9.84
5.4 9.6
5.5 9.84
5.6 9.48
5.7 9.6
5.8 9.6
5.9 9.6
6 9.84
6.1 9.84
6.2 9.48
6.3 9.84
6.4 9.6
6.5 9.6
6.6 9.84
6.7 9.6
6.8 9.48
6.9 9.84
7 9.6
7.1 9.84
7.2 9.6
7.3 9.6
7.4 9.48
7.5 9.84
7.6 9.36
7.7 3.36
7.8 4.2
7.9 9.36
8 9.24
8.1 9.24
8.2 9.36
8.3 9.12
8.4 10.2
8.5 9.36
8.6 9.72
8.7 9.48
8.8 9.84
8.9 9.48
9 9.6
9.1 9.48
9.2 9.48
9.3 9.48
9.4 9.48
9.5 9.72
9.6 9.72
9.7 9.48
9.8 9.48
9.9 9.36
10 9.48
10.1 9.6
10.2 9.48
10.3 9.36
10.4 9.36
10.5 9.36
10.6 9.6
10.7 10.32
10.8 10.08
10.9 10.32
11 9.48
11.1 10.32
11.2 10.32
11.3 9.96
11.4 9.24
11.5 9.24
11.6 9.6
11.7 9.24
11.8 9.24
11.9 3.96
12 3.36
12.1 9.12
12.2 9
12.3 8.4
12.4 8.88
12.5 9.6
12.6 9
12.7 9.12
12.8 9.12
12.9 9.36
13 9.12
13.1 9.12
13.2 9
13.3 9.36
13.4 9.12
13.5 9.12
13.6 9.12
13.7 9
13.8 9.36
13.9 9
14 9.12
14.1 9
14.2 9.24
14.3 9.12
14.4 9
14.5 9
14.6 9
14.7 9
14.8 8.76
14.9 8.64
15 8.76
15.1 8.76
15.2 8.76
15.3 8.64
15.4 8.52
15.5 8.4
15.6 9.24
15.7 8.88
15.8 8.52
15.9 8.64
16 8.64
16.1 8.76
16.2 8.64
16.3 8.4
16.4 8.64
16.5 8.64
16.6 8.64
16.7 8.4
16.8 8.64
16.9 8.64
17 8.4
17.1 8.64
17.2 8.4
17.3 8.64
17.4 8.64
17.5 8.4
17.6 8.64
17.7 8.4
17.8 8.4
17.9 8.16
18 8.4
18.1 8.88
18.2 8.64
18.3 8.64
18.4 8.4
18.5 8.4
18.6 8.52
18.7 8.4
18.8 8.4
18.9 8.52
19 8.16
19.1 8.4
19.2 8.52
19.3 8.4
19.4 8.52
19.5 8.52
19.6 8.4
19.7 8.52
19.8 8.52
19.9 8.28
20 8.52
20.1 8.76
20.2 8.16
20.3 8.28
20.4 8.28
20.5 7.32
20.6 0.12
20.7 7.92
20.8 8.64
20.9 6.72
21 9.48
21.1 8.28
21.2 8.28
21.3 8.64
21.4 8.76
21.5 8.28
21.6 8.76
21.7 8.52
21.8 8.4
21.9 8.52
22 8.52
22.1 8.52
22.2 8.4
22.3 8.76
22.4 8.4
22.5 8.4
22.6 8.52
22.7 8.4
22.8 8.16
22.9 8.16
23 7.8
23.1 8.4
23.2 8.88
23.3 8.64
23.4 8.28
23.5 8.16
23.6 8.28
23.7 8.28
23.8 8.16
23.9 8.04
24 8.04
24.1 8.04
24.2 8.04
24.3 8.04
24.4 8.16
24.5 7.56
24.6 0.12
24.7 6.72
24.8 7.92
24.9 8.04
25 6.24
25.1 7.8
25.2 8.28
25.3 7.08
25.4 7.8
25.5 7.68
25.6 7.32
25.7 7.44
25.8 7.2
25.9 7.44
26 7.08
26.1 6.96
26.2 7.32
26.3 7.92
26.4 7.56
26.5 7.2
26.6 7.32
26.7 7.32
26.8 7.32
26.9 7.08
27 7.32
27.1 7.08
27.2 7.08
27.3 7.32
27.4 7.08
27.5 7.08
27.6 6.96
27.7 7.32
27.8 7.08
27.9 6.96
28 7.08
28.1 6.96
28.2 7.2
28.3 6.84
28.4 6.48
28.5 4.8
28.6 0.72
28.7 7.56
28.8 7.32
28.9 4.92
29 7.2
29.1 7.08
29.2 6.12
29.3 7.2
29.4 6.84
29.5 6.72
29.6 6.84
29.7 6.84
29.8 6.72
29.9 6.84
30 6.84
30.1 6.96
30.2 6.6
30.3 6.84
30.4 6.6
30.5 6.84
30.6 6.84
30.7 6.6
30.8 6.12
30.9 6.24
31 6.12
31.1 7.08
31.2 6.96
31.3 6.6
31.4 6.24
31.5 6.6
31.6 6.48
31.7 6.36
31.8 6.24
31.9 6.48
32 6.36
32.1 6.24
32.2 6.24
32.3 6.24
32.4 6
32.5 6.24
32.6 6.24
32.7 6.24
32.8 6.24
32.9 6
33 6.24
33.1 6.24
33.2 5.76
33.3 5.52
33.4 5.76
33.5 3.84
33.6 2.16
33.7 6.48
33.8 5.88
33.9 5.4
34 6.72
34.1 6.12
34.2 5.76
34.3 6.36
34.4 6
34.5 6
34.6 6.24
34.7 6.24
34.8 6
34.9 6.24
35 6.24
35.1 5.88
35.2 6
35.3 6.24
35.4 6.24
35.5 5.88
35.6 5.52
35.7 5.64
35.8 5.64
35.9 6
36 6.36
36.1 6.36
36.2 5.88
36.3 6.12
36.4 6
36.5 5.76
36.6 5.64
36.7 5.88
36.8 5.88
36.9 5.52
37 5.64
37.1 5.76
37.2 1.92
37.3 2.52
37.4 5.52
37.5 5.4
37.6 2.88
37.7 5.52
37.8 5.4
37.9 5.16
38 4.32
38.1 5.16
38.2 5.4
38.3 5.4
38.4 5.28
38.5 5.16
38.6 5.4
38.7 5.16
38.8 4.92
38.9 5.16
39 5.16
39.1 5.04
39.2 4.92
39.3 4.8
39.4 4.92
39.5 5.16
39.6 4.68
39.7 5.16
39.8 4.56
39.9 4.92
40 4.8
40.1 4.92
40.2 4.56
40.3 3.84
40.4 0.24
40.5 3.36
40.6 5.28
40.7 4.8
40.8 3.12
40.9 5.04
41 5.4
41.1 3.24
41.2 4.92
41.3 4.8
41.4 3.96
41.5 4.44
41.6 4.68
41.7 4.2
41.8 4.44
41.9 4.44
42 4.68
42.1 3.84
42.2 4.44
42.3 4.44
42.4 4.44
42.5 4.32
42.6 3.72
42.7 3.96
42.8 3.6
42.9 2.04
43 2.52
43.1 4.68
43.2 3
43.3 2.88
43.4 4.2
43.5 3.96
43.6 2.88
43.7 3.96
43.8 4.2
43.9 3.24
44 3.96
44.1 3.96
44.2 3.72
44.3 3.72
44.4 4.2
44.5 3.72
44.6 9
44.7 4.08
44.8 8.52
44.9 4.44
45 5.52
45.1 5.52
45.2 3.96
45.3 4.8
45.4 4.56
45.5 3.96
45.6 4.32
45.7 4.32
45.8 3.6
45.9 3.36
46 3.6
46.1 3.84
46.2 4.08
46.3 4.08
46.4 3.6
46.5 4.08
46.6 3.84
46.7 3.6
46.8 3.6
46.9 3.84
47 3.84
47.1 3.6
47.2 3.6
47.3 3.84
47.4 3.6
47.5 3.6
47.6 3.6
47.7 3.84
47.8 3.12
47.9 3.12
48 2.64
48.1 1.8
48.2 3.12
48.3 3.24
48.4 3.36
48.5 2.52
48.6 3.6
48.7 3.36
48.8 3
48.9 3.48
49 3.72
49.1 2.76
49.2 3.72
49.3 3.72
49.4 3.24
49.5 3.48
49.6 3.48
49.7 3
49.8 3
49.9 3
50 4.2
50.1 3.72
50.2 3
50.3 3.36
50.4 3.96
50.5 3.48
50.6 3.12
50.7 3.48
50.8 3.48
50.9 3.36
51 3.24
51.1 3.12
51.2 3.36
51.3 3.72
51.4 2.64
51.5 1.8
51.6 0.72
51.7 2.4
51.8 1.68
51.9 1.68
52 2.4
52.1 2.28
52.2 1.8
52.3 2.52
52.4 1.8
52.5 0
52.6 0
52.7 0.12
52.8 0
52.9 0
53 0
53.1 0.24
53.2 0
53.3 0.48
53.4 0
53.5 0
53.6 0.96
53.7 0
53.8 1.92
53.9 0
54 2.4
54.1 1.44
54.2 0
54.3 6.84
54.4 0
54.5 0.96
54.6 5.28
54.7 0.84
54.8 0
54.9 3.12
55 3.48
55.1 0.48
55.2 0
55.3 0.96
55.4 1.08
55.5 0.36
55.6 0
55.7 2.16
55.8 0.96
55.9 0
56 0.48
56.1 3.84
56.2 0.96
56.3 0
56.4 0.12
56.5 3.6
56.6 0.12
56.7 3.84
56.8 0
56.9 3.96
57 0
57.1 4.2
57.2 0
57.3 4.2
57.4 0
57.5 4.2
57.6 0.24
57.7 3.96
57.8 0.48
57.9 3.6
58 0.96
58.1 3.36
58.2 1.2
58.3 3.12
58.4 1.44
58.5 2.88
58.6 1.68
58.7 2.64
58.8 1.92
58.9 2.4
59 2.16
59.1 1.92
59.2 2.64
59.3 1.92
59.4 2.64
59.5 1.68
59.6 2.88
59.7 1.44
59.8 3.12
59.9 1.2
60 3.36
60.1 0.96
60.2 3.6
60.3 0.72
60.4 3.84
60.5 0.84
60.6 3.84
60.7 0.72
60.8 3.84
60.9 0.84
61 3.84
61.1 1.08
61.2 3.84
61.3 1.08
61.4 3.84
61.5 1.32
61.6 3.96
61.7 1.32
61.8 4.08
61.9 1.08
62 4.44
62.1 1.44
62.2 4.44
62.3 1.56
62.4 4.68
62.5 1.68
62.6 4.92
62.7 1.92
62.8 4.92
62.9 2.16
63 5.16
63.1 2.4
63.2 5.16
63.3 2.16
63.4 6
63.5 1.8
63.6 6.84
63.7 1.56
63.8 7.68
63.9 1.32
64 8.4
64.1 1.08
64.2 9.48
64.3 0.72
64.4 9.6
64.5 1.56
64.6 9.96
64.7 1.92
64.8 10.2
64.9 2.28
65 10.92
65.1 3.12
65.2 10.56
65.3 4.32
65.4 10.32
65.5 5.64
65.6 10.44
65.7 6.84
65.8 10.08
65.9 8.52
66 9.6
66.1 10.2
66.2 9.6
66.3 10.56
66.4 10.56
66.5 10.56
66.6 10.56
66.7 10.8
66.8 10.92
66.9 10.56
67 10.68
67.1 10.92
67.2 10.92
67.3 10.56
67.4 10.8
67.5 10.92
67.6 11.04
67.7 10.68
67.8 10.8
67.9 11.04
68 10.92
68.1 11.04
68.2 10.8
68.3 11.16
68.4 10.92
68.5 11.28
68.6 10.92
68.7 11.16
68.8 10.92
68.9 6.6
69 2.04
69.1 9.84
69.2 9.96
69.3 12.96
69.4 10.08
69.5 9.84
69.6 10.8
69.7 10.2
69.8 10.44
69.9 10.2
70 10.56
70.1 10.2
70.2 10.32
70.3 10.56
70.4 10.32
70.5 10.44
70.6 10.32
70.7 10.2
70.8 10.44
70.9 10.32
71 10.44
71.1 10.2
71.2 10.44
71.3 10.2
71.4 10.08
71.5 10.44
71.6 10.2
71.7 10.32
71.8 10.08
71.9 10.2
72 10.32
72.1 10.32
72.2 2.88
72.3 4.92
72.4 9.84
72.5 9.96
72.6 10.68
72.7 9.96
72.8 10.32
72.9 10.2
73 10.08
73.1 10.32
73.2 10.08
73.3 10.08
73.4 10.08
73.5 10.32
73.6 10.08
73.7 10.32
73.8 10.08
73.9 10.32
74 10.08
74.1 10.08
74.2 9.96
74.3 10.32
74.4 10.08
74.5 10.2
74.6 9.96
74.7 10.08
74.8 10.2
74.9 9.96
75 10.2
75.1 9.96
75.2 9.96
75.3 10.2
75.4 9.96
75.5 10.2
75.6 9.84
75.7 10.2
75.8 9.84
75.9 9.96
76 10.08
76.1 9.96
76.2 10.08
76.3 9.96
76.4 9.84
76.5 9.84
76.6 10.2
76.7 9.84
76.8 10.08
76.9 9.84
77 10.08
77.1 9.84
77.2 9.84
77.3 9.84
77.4 10.08
77.5 9.84
77.6 10.08
77.7 9.84
77.8 9.84
77.9 10.08
78 9.84
78.1 9.84
78.2 9.84
78.3 10.08
78.4 9.84
78.5 10.08
78.6 9.84
78.7 9.84
78.8 10.08
78.9 9.84
79 9.96
79.1 10.08
79.2 9.84
79.3 10.08
79.4 9.96
79.5 9.84
79.6 9.96
79.7 10.08
79.8 9.96
79.9 9.84
80 10.2
80.1 9.96
80.2 10.08
80.3 9.96
80.4 9.96
80.5 9.96
80.6 10.2
80.7 9.96
80.8 10.08
80.9 9.96
81 9.96
81.1 10.2
81.2 9.96
81.3 10.2
81.4 9.96
81.5 10.32
81.6 9.96
81.7 9.96
81.8 10.32
81.9 10.08
82 10.2
82.1 10.08
82.2 10.08
82.3 10.32
82.4 10.2
82.5 10.32
82.6 10.08
82.7 10.2
82.8 10.2
82.9 10.32
83 10.44
83.1 10.2
83.2 3.36
83.3 4.56
83.4 10.08
83.5 9.84
83.6 10.8
83.7 9.96
83.8 10.2
83.9 10.68
84 10.08
84.1 10.2
84.2 10.56
84.3 10.2
84.4 10.56
84.5 10.2
84.6 10.2
84.7 10.56
84.8 10.2
84.9 10.2
85 10.32
85.1 10.44
85.2 10.2
85.3 10.44
85.4 10.2
85.5 10.08
85.6 10.44
85.7 10.2
85.8 10.32
85.9 10.08
86 10.44
86.1 10.08
86.2 10.08
86.3 10.08
86.4 10.32
86.5 9.96
86.6 10.32
86.7 10.08
86.8 9.96
86.9 10.32
87 9.96
87.1 9.96
87.2 10.08
87.3 10.2
87.4 9.96
87.5 9.96
87.6 10.2
87.7 2.16
87.8 5.52
87.9 10.08
88 9.96
88.1 9.96
88.2 9.96
88.3 10.44
88.4 9.96
88.5 10.32
88.6 10.08
88.7 10.08
88.8 10.32
88.9 10.08
89 10.08
89.1 10.08
89.2 10.32
89.3 10.08
89.4 10.08
89.5 10.32
89.6 9.96
89.7 10.32
89.8 10.08
89.9 9.96
90 10.08
90.1 10.2
90.2 9.96
90.3 10.2
90.4 9.96
90.5 10.2
90.6 9.96
90.7 9.96
90.8 9.96
90.9 9.96
91 10.2
91.1 9.84
91.2 10.2
91.3 9.96
91.4 10.08
91.5 9.96
91.6 9.84
91.7 9.84
91.8 9.96
91.9 10.08
92 9.96
92.1 10.08
92.2 9.84
92.3 10.08
92.4 9.84
92.5 9.84
92.6 9.84
92.7 10.08
92.8 10.08
92.9 9.84
93 9.84
93.1 10.08
93.2 10.08
93.3 9.84
93.4 9.84
93.5 10.08
93.6 9.84
93.7 10.08
93.8 9.84
93.9 9.84
94 10.08
94.1 10.08
94.2 9.84
94.3 9.84
94.4 10.08
94.5 9.96
94.6 10.08
94.7 9.84
94.8 9.84
94.9 10.2
95 10.08
95.1 9.96
95.2 9.84
95.3 9.96
95.4 10.08
95.5 10.2
95.6 9.96
95.7 9.84
95.8 10.2
95.9 9.96
96 10.2
96.1 9.96
96.2 9.96
96.3 10.2
96.4 10.2
96.5 9.84
96.6 9.96
96.7 10.2
96.8 9.96
96.9 10.32
97 9.96
97.1 9.96
97.2 10.32
97.3 10.2
97.4 10.08
97.5 10.08
97.6 10.32
97.7 10.08
97.8 10.32
97.9 10.08
98 10.2
98.1 10.32
98.2 10.44
98.3 10.2
98.4 10.08
98.5 10.44
98.6 10.2
98.7 10.44
98.8 10.2
98.9 2.28
99 5.76
99.1 10.08
99.2 9.84
99.3 11.04
99.4 9.84
99.5 10.68
99.6 10.32
99.7 10.08
99.8 10.56
99.9 10.2
100 10.44
