0.1 0.00448
0.2 0
0.3 1.20416
0.4 0
0.5 1.8
0.6 0.36
0.7 1.8
0.8 2.28
0.9 2.4
1 3.24
1.1 3.48
1.2 6.24
1.3 7.08
1.4 3
1.5 8.16
1.6 8.52
1.7 3.24
1.8 2.28
1.9 7.56
2 12.6
2.1 7.2
2.2 7.8
2.3 9.36
2.4 16.56
2.5 11.04
2.6 6.72
2.7 9
2.8 15.24
2.9 13.08
3 7.8
3.1 8.64
3.2 9.24
3.3 8.4
3.4 8.76
3.5 9.24
3.6 8.76
3.7 0
3.8 0
3.9 0.12
4 0.84
4.1 0.72
4.2 0.84
4.3 0.84
4.4 0.84
4.5 0.84
4.6 0.84
4.7 0.84
4.8 0.72
4.9 0.84
5 0.84
5.1 0.84
5.2 0.72
5.3 0.84
5.4 0.96
5.5 0.96
5.6 0.84
5.7 0.72
5.8 0.6
5.9 0.84
6 0.72
6.1 0.84
6.2 0.84
6.3 0.84
6.4 0.84
6.5 0.84
6.6 0.84
6.7 0.84
6.8 0.84
6.9 0.72
7 0.84
7.1 0.96
7.2 0.96
7.3 1.08
7.4 0.6
7.5 0.6
7.6 0.84
7.7 0.84
7.8 0.72
7.9 0.6
8 0.72
8.1 0.84
8.2 0.84
8.3 0.84
8.4 0.84
8.5 0.84
8.6 0.84
8.7 0.84
8.8 0.84
8.9 1.08
9 0.96
9.1 0.6
9.2 0.6
9.3 0.84
9.4 0.84
9.5 0.84
9.6 0.96
9.7 0.84
9.8 0.84
9.9 0.84
10 0.84
10.1 0.84
10.2 0.84
10.3 0.12
10.4 0
10.5 0
10.6 0.48
10.7 0
10.8 0
10.9 0
11 0.72
11.1 0.84
11.2 0.96
11.3 0.84
11.4 0.84
11.5 0.84
11.6 0.84
11.7 0.84
11.8 1.08
11.9 1.08
12 1.08
12.1 1.08
12.2 1.08
12.3 1.08
12.4 0.96
12.5 1.08
12.6 1.08
12.7 1.08
12.8 1.08
12.9 1.08
13 1.08
13.1 1.08
13.2 1.08
13.3 1.08
13.4 1.08
13.5 1.08
13.6 1.08
13.7 1.08
13.8 1.08
13.9 1.08
14 0.96
14.1 1.08
14.2 1.08
14.3 1.32
14.4 1.32
14.5 1.32
14.6 1.32
14.7 1.44
14.8 1.32
14.9 1.56
15 1.56
15.1 1.56
15.2 0.96
15.3 1.08
15.4 1.32
15.5 1.44
15.6 1.44
15.7 1.32
15.8 1.44
15.9 1.44
16 1.44
16.1 1.44
16.2 1.44
16.3 1.44
16.4 1.44
16.5 1.44
16.6 1.44
16.7 1.44
16.8 1.44
16.9 1.44
17 1.44
17.1 1.32
17.2 1.44
17.3 1.56
17.4 1.8
17.5 1.8
17.6 1.68
17.7 1.08
17.8 1.2
17.9 1.2
18 1.68
18.1 1.56
18.2 1.68
18.3 1.56
18.4 1.68
18.5 1.68
18.6 1.56
18.7 1.68
18.8 1.56
18.9 1.68
19 1.56
19.1 1.68
19.2 1.56
19.3 1.68
19.4 1.56
19.5 1.68
19.6 1.56
19.7 1.68
19.8 1.56
19.9 1.92
20 2.04
20.1 2.04
20.2 1.68
20.3 1.32
20.4 1.2
20.5 1.44
20.6 1.8
20.7 1.8
20.8 1.92
20.9 1.8
21 1.8
21.1 1.92
21.2 1.8
21.3 1.92
21.4 1.8
21.5 1.92
21.6 1.8
21.7 1.92
21.8 1.8
21.9 1.92
22 1.8
22.1 1.92
22.2 1.8
22.3 1.92
22.4 1.92
22.5 2.4
22.6 2.28
22.7 2.16
22.8 1.44
22.9 1.32
23 1.8
23.1 2.04
23.2 2.04
23.3 2.16
23.4 2.04
23.5 2.16
23.6 2.04
23.7 2.04
23.8 2.16
23.9 2.04
24 2.04
24.1 2.16
24.2 2.04
24.3 2.04
24.4 2.16
24.5 2.04
24.6 2.04
24.7 2.16
24.8 2.04
24.9 2.52
25 2.64
25.1 2.64
25.2 2.64
25.3 2.88
25.4 3.12
25.5 3.12
25.6 3.24
25.7 3.24
25.8 3.36
25.9 2.28
26 2.16
26.1 2.64
26.2 3.12
26.3 3
26.4 3
26.5 3.12
26.6 3
26.7 3
26.8 3
26.9 3.12
27 3
27.1 3
27.2 3
27.3 3.12
27.4 3
27.5 3
27.6 3
27.7 3.12
27.8 3
27.9 3.12
28 3.84
28.1 3.72
28.2 3.72
28.3 2.28
28.4 2.28
28.5 2.52
28.6 3.36
28.7 3.36
28.8 3.36
28.9 3.36
29 3.36
29.1 3.36
29.2 3.36
29.3 3.48
29.4 3.36
29.5 3.48
29.6 3.36
29.7 3.48
29.8 3.36
29.9 3.48
30 3.36
30.1 3.48
30.2 3.48
30.3 3.36
30.4 3.84
30.5 4.32
30.6 4.32
30.7 3.6
30.8 2.64
30.9 2.76
31 3.72
31.1 3.72
31.2 3.84
31.3 3.84
31.4 3.84
31.5 3.72
31.6 3.84
31.7 3.84
31.8 3.84
31.9 3.72
32 3.84
32.1 3.84
32.2 3.84
32.3 3.84
32.4 3.72
32.5 3.84
32.6 3.84
32.7 3.84
32.8 4.32
32.9 4.68
33 4.8
33.1 3.96
33.2 2.88
33.3 3
33.4 3.36
33.5 4.08
33.6 3.36
33.7 3.48
33.8 3.96
33.9 4.32
34 4.2
34.1 4.2
34.2 4.32
34.3 4.2
34.4 4.2
34.5 4.32
34.6 4.2
34.7 4.32
34.8 4.2
34.9 4.2
35 4.32
35.1 4.2
35.2 4.56
35.3 5.4
35.4 5.28
35.5 4.44
35.6 3.24
35.7 3.12
35.8 3.84
35.9 4.56
36 4.44
36.1 4.56
36.2 4.56
36.3 4.56
36.4 4.56
36.5 4.56
36.6 4.56
36.7 4.56
36.8 4.56
36.9 4.56
37 4.44
37.1 4.56
37.2 4.56
37.3 4.56
37.4 4.56
37.5 4.56
37.6 5.28
37.7 5.64
37.8 5.76
37.9 3.96
38 3.72
38.1 4.92
38.2 5.28
38.3 5.4
38.4 5.4
38.5 5.4
38.6 5.28
38.7 5.4
38.8 5.4
38.9 5.28
39 5.4
39.1 5.4
39.2 5.4
39.3 5.28
39.4 5.4
39.5 5.4
39.6 5.28
39.7 5.4
39.8 5.52
39.9 6.72
40 6.72
40.1 6.24
40.2 4.08
40.3 4.08
40.4 4.44
40.5 5.76
40.6 5.88
40.7 5.88
40.8 5.28
40.9 6
41 5.88
41.1 5.88
41.2 5.88
41.3 5.88
41.4 6
41.5 5.88
41.6 5.88
41.7 5.88
41.8 5.88
41.9 6
42 5.88
42.1 5.88
42.2 6.48
42.3 7.44
42.4 7.32
42.5 6
42.6 4.44
42.7 4.44
42.8 5.4
42.9 6.24
43 6.24
43.1 6.36
43.2 6.36
43.3 6.24
43.4 6.36
43.5 6.36
43.6 6.36
43.7 6.36
43.8 6.36
43.9 6.48
44 6.36
44.1 6.36
44.2 5.16
44.3 0
44.4 0
44.5 0
44.6 0.48
44.7 0
44.8 5.28
44.9 6.48
45 6.36
45.1 6.36
45.2 6.36
45.3 6.48
45.4 6.36
45.5 7.2
45.6 7.92
45.7 7.68
45.8 4.68
45.9 4.8
46 6.12
46.1 6.36
46.2 6.36
46.3 6.48
46.4 6.36
46.5 6.36
46.6 6.48
46.7 6.36
46.8 6.48
46.9 6.36
47 6.36
47.1 6.48
47.2 6.36
47.3 6.48
47.4 7.08
47.5 8.04
47.6 7.8
47.7 4.8
47.8 4.8
47.9 6
48 6.6
48.1 6.84
48.2 6.72
48.3 6.72
48.4 6.72
48.5 6.84
48.6 6.72
48.7 6.84
48.8 6.84
48.9 6.84
49 6.72
49.1 6.84
49.2 6.84
49.3 7.44
49.4 8.52
49.5 8.52
49.6 5.4
49.7 5.04
49.8 6.12
49.9 6.96
50 6.96
50.1 6.96
50.2 6.96
50.3 6.96
50.4 7.08
50.5 6.96
50.6 6.96
50.7 6.96
50.8 6.96
50.9 7.08
51 6.96
51.1 6.96
51.2 7.44
51.3 7.56
51.4 8.76
51.5 5.76
51.6 5.16
51.7 6.24
51.8 7.2
51.9 7.44
52 6.96
52.1 7.32
52.2 11.76
52.3 7.56
52.4 3.84
52.5 7.68
52.6 8.04
52.7 8.16
52.8 8.16
52.9 8.16
53 8.16
53.1 9.36
53.2 10.2
53.3 10.44
53.4 11.04
53.5 12.12
53.6 8.64
53.7 7.44
53.8 9.24
53.9 9.96
54 9.96
54.1 9.96
54.2 9.96
54.3 10.08
54.4 9.96
54.5 9.96
54.6 9.96
54.7 10.08
54.8 9.96
54.9 9.96
55 10.92
55.1 9.96
55.2 9
55.3 7.56
55.4 8.28
55.5 9.96
55.6 9.96
55.7 10.08
55.8 9.48
55.9 9.96
56 9.72
56.1 4.2
56.2 0
56.3 0
56.4 0
56.5 0.12
56.6 0
56.7 0.12
56.8 0
56.9 0.12
57 0
57.1 0.12
57.2 0.12
57.3 0
57.4 0.12
57.5 0.12
57.6 0
57.7 0.12
57.8 0.12
57.9 0
58 0.12
58.1 0
58.2 0.12
58.3 0.12
58.4 0
58.5 0.12
58.6 0.12
58.7 0
58.8 0.12
58.9 0.12
59 0
59.1 0.12
59.2 0
59.3 0.12
59.4 0.12
59.5 0
59.6 0.12
59.7 0.12
59.8 0
59.9 0.12
60 0.12
60.1 0
60.2 0.12
60.3 0
60.4 0.12
60.5 0
60.6 0
60.7 0
60.8 0.12
60.9 0
61 0
61.1 0.12
61.2 0
61.3 0.12
61.4 0
61.5 0
61.6 0.12
61.7 0
61.8 0.12
61.9 0
62 0
62.1 0.12
62.2 0
62.3 0.12
62.4 0
62.5 0
62.6 0.12
62.7 0
62.8 0.12
62.9 0
63 0
63.1 0.12
63.2 0
63.3 0.12
63.4 0
63.5 0
63.6 0.12
63.7 0
63.8 0
63.9 0.12
64 0
64.1 0
64.2 0.12
64.3 0
64.4 0
64.5 0.12
64.6 0
64.7 0
64.8 0.12
64.9 0
65 0
65.1 0.12
65.2 0
65.3 0
65.4 0
65.5 0.12
65.6 0
65.7 0
65.8 0.12
65.9 0
66 0
66.1 0.12
66.2 0
66.3 0
66.4 0.12
66.5 0
66.6 0
66.7 0.12
66.8 0
66.9 0
67 0
67.1 0.12
67.2 0
67.3 0
67.4 0
67.5 0.12
67.6 0
67.7 0
67.8 0.12
67.9 0
68 0
68.1 0.12
68.2 0
68.3 0
68.4 0.12
68.5 0
68.6 0
68.7 0.12
68.8 0
68.9 0
69 0.12
69.1 0
69.2 0
69.3 0.12
69.4 0
69.5 0
69.6 0.12
69.7 0
69.8 0
69.9 0.12
70 0
70.1 0.12
70.2 0
70.3 0.12
70.4 0
70.5 0
70.6 0.12
70.7 0
70.8 0.12
70.9 0
71 0
71.1 0.12
71.2 0
71.3 0.12
71.4 0
71.5 0.12
71.6 0
71.7 0
71.8 0.12
71.9 0
72 0.12
72.1 0
72.2 0.12
72.3 0
72.4 0
72.5 0.12
72.6 0
72.7 0.12
72.8 0
72.9 0.12
73 0
73.1 0.12
73.2 0
73.3 0.12
73.4 0
73.5 0.12
73.6 0
73.7 0.12
73.8 0
73.9 0.12
74 0
74.1 0.12
74.2 0
74.3 0.12
74.4 0
74.5 0.12
74.6 0
74.7 0
74.8 0.12
74.9 0
75 0.12
75.1 0
75.2 0.12
75.3 0
75.4 0
75.5 0.12
75.6 0
75.7 0.12
75.8 0
75.9 0
76 0.12
76.1 0
76.2 0.12
76.3 0.12
76.4 0
76.5 0.12
76.6 0
76.7 0.12
76.8 0
76.9 0.12
77 0
77.1 0.12
77.2 0
77.3 0.12
77.4 0
77.5 0.12
77.6 0
77.7 0.12
77.8 0
77.9 0.12
78 0
78.1 0.12
78.2 0.12
78.3 0
78.4 0.12
78.5 0
78.6 0.12
78.7 0
78.8 0.12
78.9 0
79 0.12
79.1 0
79.2 0.12
79.3 0
79.4 0.12
79.5 0
79.6 0.12
79.7 0
79.8 0.12
79.9 0
80 0.12
80.1 0
80.2 0.12
80.3 0.12
80.4 0
80.5 0.12
80.6 0
80.7 0.12
80.8 0
80.9 0
81 0.12
81.1 0
81.2 0
81.3 0.12
81.4 0
81.5 0
81.6 0.12
81.7 0
81.8 0.12
81.9 0
82 0.12
82.1 0
82.2 0.12
82.3 0
82.4 0
82.5 0.12
82.6 0
82.7 0.12
82.8 0
82.9 0.12
83 0
83.1 0.12
83.2 0
83.3 0.12
83.4 0
83.5 0.12
83.6 0
83.7 0.12
83.8 0.12
83.9 0
84 0.12
84.1 0
84.2 0.12
84.3 0.12
84.4 0
84.5 0.12
84.6 0
84.7 0.12
84.8 0
84.9 0.12
85 0
85.1 0.12
85.2 0
85.3 0.12
85.4 0
85.5 0.12
85.6 0
85.7 0.12
85.8 0
85.9 0.12
86 0
86.1 0.12
86.2 0
86.3 0.12
86.4 0
86.5 0.12
86.6 0.12
86.7 0
86.8 0.12
86.9 0
87 0.12
87.1 0.12
87.2 0
87.3 0.12
87.4 0.12
87.5 0.12
87.6 0
87.7 0.12
87.8 0.12
87.9 0
88 0.12
88.1 0.12
88.2 0
88.3 0.12
88.4 0.12
88.5 0
88.6 0.12
88.7 0
88.8 0.12
88.9 0
89 0.12
89.1 0.12
89.2 0
89.3 0.12
89.4 0
89.5 0.12
89.6 0
89.7 0.12
89.8 0
89.9 0.12
90 0.12
90.1 0
90.2 0.12
90.3 0
90.4 0.12
90.5 0
90.6 0.12
90.7 0
90.8 0.12
90.9 0.12
91 0
91.1 0.12
91.2 0
91.3 0.12
91.4 0
91.5 0.12
91.6 0
91.7 0.12
91.8 0.12
91.9 0
92 0.12
92.1 0
92.2 0.12
92.3 0
92.4 0
92.5 0
92.6 0.12
92.7 0
92.8 0
92.9 0.12
93 0
93.1 0
93.2 0
93.3 0.12
93.4 0
93.5 0
93.6 0.12
93.7 0
93.8 0.12
93.9 0
94 0
94.1 0.12
94.2 0
94.3 0
94.4 0.12
94.5 0
94.6 0
94.7 0.12
94.8 0
94.9 0
95 0.12
95.1 0
95.2 0
95.3 0.12
95.4 0
95.5 0
95.6 0.12
95.7 0
95.8 0
95.9 0.12
96 0
96.1 0
96.2 0.12
96.3 0
96.4 0
96.5 0.12
96.6 0
96.7 0.12
96.8 0
96.9 0
97 0.12
97.1 0
97.2 0
97.3 0.12
97.4 0
97.5 0
97.6 0.12
97.7 0
97.8 0
97.9 0.12
98 0
98.1 0
98.2 0.12
98.3 0
98.4 0
98.5 0.12
98.6 0
98.7 0
98.8 0.12
98.9 0
99 0
99.1 0.12
99.2 0
99.3 0
99.4 0.12
99.5 0
99.6 0.12
99.7 0
99.8 0
99.9 0.12
100 0
