0.2 0.00448
0.3 0
0.4 0.0208
0.5 0
0.6 0.03328
0.7 0.00416
0.8 0.02912
0.9 0.0416
1 0.01664
1.1 0.07904
1.2 0.03744
1.3 0.02496
1.4 0.12896
1.5 0.05408
1.6 0.04992
1.7 0.10176
1.8 0.38304
1.9 0.37696
2 0.17024
2.1 0.35264
2.2 0.44384
2.3 0.19616
2.4 0.1776
2.5 0.34048
2.6 0.456
2.7 0.50464
2.8 0.3648
2.9 0.32832
3 0.44992
3.1 0.51072
3.2 0.37696
3.3 0.34048
3.4 0.44992
3.5 0.50464
3.6 0.50464
3.7 0.50464
3.8 0.43456
3.9 0.19136
4 0
4.1 0.01664
4.2 0.00832
4.3 0.00832
4.4 0.00416
4.5 0.02496
4.6 0.01248
4.7 0.01664
4.8 0.01248
4.9 0.01248
5 0.01664
5.1 0.01248
5.2 0.01248
5.3 0.01248
5.4 0.01248
5.5 0.01664
5.6 0.01248
5.7 0.01664
5.8 0.01664
5.9 0.00832
6 0.01248
6.1 0.01248
6.2 0.01248
6.3 0.01248
6.4 0.01664
6.5 0.01248
6.6 0.01248
6.7 0.01664
6.8 0.01248
6.9 0.01248
7 0.01248
7.1 0.01664
7.2 0.01248
7.3 0.01248
7.4 0.01664
7.5 0.01664
7.6 0.0192
7.7 0.03264
7.8 0.0272
7.9 0.03808
8 0.05472
8.1 0.00832
8.2 0.01664
8.3 0.01248
8.4 0.01664
8.5 0.01248
8.6 0.01248
8.7 0.01248
8.8 0.01664
8.9 0.01248
9 0.01248
9.1 0.01664
9.2 0.01664
9.3 0.01248
9.4 0.01248
9.5 0.01248
9.6 0.01248
9.7 0.01664
9.8 0.01248
9.9 0.01664
10 0.01248
10.1 0.01248
10.2 0.01664
10.3 0.01248
10.4 0.01664
10.5 0.01248
10.6 0
10.7 0
10.8 0
10.9 0.00832
11 0
11.1 0
11.2 0
11.3 0.01664
11.4 0.01248
11.5 0.01248
11.6 0.01664
11.7 0.01248
11.8 0.01664
11.9 0.01248
12 0.01664
12.1 0.01664
12.2 0.0864
12.3 0.0432
12.4 0.0432
12.5 0.02688
12.6 0.0208
12.7 0.01664
12.8 0.01664
12.9 0.0208
13 0.01664
13.1 0.01664
13.2 0.0208
13.3 0.01664
13.4 0.01664
13.5 0.0208
13.6 0.01664
13.7 0.0208
13.8 0.01664
13.9 0.01664
14 0.0208
14.1 0.01664
14.2 0.01664
14.3 0.0208
14.4 0.01664
14.5 0.0208
14.6 0.0208
14.7 0.02496
14.8 0.0208
14.9 0.0208
15 0.02496
15.1 0.02496
15.2 0.02496
15.3 0.02496
15.4 0.02496
15.5 0.01664
15.6 0.0208
15.7 0.02496
15.8 0.02496
15.9 0.02496
16 0.0208
16.1 0.02496
16.2 0.02496
16.3 0.02496
16.4 0.02496
16.5 0.02496
16.6 0.02496
16.7 0.02496
16.8 0.02496
16.9 0.02496
17 0.02496
17.1 0.02496
17.2 0.02496
17.3 0.02496
17.4 0.02496
17.5 0.02496
17.6 0.02496
17.7 0.02912
17.8 0.03328
17.9 0.02496
18 0.0208
18.1 0.0208
18.2 0.02496
18.3 0.02912
18.4 0.02496
18.5 0.02912
18.6 0.02912
18.7 0.02496
18.8 0.02912
18.9 0.02912
19 0.02496
19.1 0.02912
19.2 0.02912
19.3 0.02912
19.4 0.02496
19.5 0.02912
19.6 0.02912
19.7 0.02496
19.8 0.02912
19.9 0.02912
20 0.02496
20.1 0.02912
20.2 0.03328
20.3 0.03328
20.4 0.03328
20.5 0.02912
20.6 0.02496
20.7 0.0208
20.8 0.05824
20.9 0.02912
21 0.03328
21.1 0.03328
21.2 0.02912
21.3 0.02912
21.4 0.03328
21.5 0.02912
21.6 0.03328
21.7 0.02912
21.8 0.03328
21.9 0.02912
22 0.03328
22.1 0.02912
22.2 0.03328
22.3 0.02912
22.4 0.02912
22.5 0.03328
22.6 0.02912
22.7 0.03744
22.8 0.03744
22.9 0.03744
23 0.03328
23.1 0.02496
23.2 0.02496
23.3 0.03328
23.4 0.03328
23.5 0.03328
23.6 0.03328
23.7 0.03744
23.8 0.03328
23.9 0.03744
24 0.03328
24.1 0.03744
24.2 0.03328
24.3 0.03872
24.4 0.0816
24.5 0.08352
24.6 0.09248
24.7 0.09248
24.8 0.09184
24.9 0.11008
25 0.03744
25.1 0.0416
25.2 0.04992
25.3 0.0416
25.4 0.04576
25.5 0.04576
25.6 0.04992
25.7 0.04992
25.8 0.05408
25.9 0.04992
26 0.05408
26.1 0.04992
26.2 0.03744
26.3 0.04576
26.4 0.05408
26.5 0.04576
26.6 0.04992
26.7 0.04992
26.8 0.04992
26.9 0.04992
27 0.04992
27.1 0.05408
27.2 0.04992
27.3 0.04992
27.4 0.05408
27.5 0.04992
27.6 0.05408
27.7 0.04992
27.8 0.05408
27.9 0.04992
28 0.04992
28.1 0.05408
28.2 0.05408
28.3 0.05824
28.4 0.11072
28.5 0.16448
28.6 0.1216
28.7 0.13376
28.8 0.216
28.9 0.05408
29 0.05408
29.1 0.07072
29.2 0.05408
29.3 0.05408
29.4 0.0624
29.5 0.05824
29.6 0.05408
29.7 0.05824
29.8 0.05824
29.9 0.05824
30 0.05824
30.1 0.05824
30.2 0.05824
30.3 0.05824
30.4 0.05824
30.5 0.05824
30.6 0.05824
30.7 0.06656
30.8 0.07072
30.9 0.06656
31 0.05408
31.1 0.04992
31.2 0.0624
31.3 0.0624
31.4 0.0624
31.5 0.05824
31.6 0.06656
31.7 0.06656
31.8 0.0624
31.9 0.0624
32 0.06656
32.1 0.06656
32.2 0.0624
32.3 0.06656
32.4 0.06656
32.5 0.0624
32.6 0.06656
32.7 0.06656
32.8 0.06656
32.9 0.06656
33 0.06656
33.1 0.07072
33.2 0.07904
33.3 0.07072
33.4 0.136
33.5 0.1344
33.6 0.1392
33.7 0.15776
33.8 0.104
33.9 0.05824
34 0.07072
34.1 0.07488
34.2 0.06656
34.3 0.07072
34.4 0.07488
34.5 0.07072
34.6 0.07072
34.7 0.07072
34.8 0.07072
34.9 0.07072
35 0.07072
35.1 0.07072
35.2 0.07072
35.3 0.07072
35.4 0.07072
35.5 0.0832
35.6 0.07904
35.7 0.07904
35.8 0.07072
35.9 0.0624
36 0.06656
36.1 0.07488
36.2 0.07072
36.3 0.07072
36.4 0.07072
36.5 0.07904
36.6 0.07488
36.7 0.07072
36.8 0.07904
36.9 0.07488
37 0.07488
37.1 0.0832
37.2 0.1408
37.3 0.20128
37.4 0.20672
37.5 0.33696
37.6 0.1232
37.7 0.07904
37.8 0.09152
37.9 0.09984
38 0.09152
38.1 0.07904
38.2 0.07904
38.3 0.08736
38.4 0.08736
38.5 0.0832
38.6 0.0832
38.7 0.08736
38.8 0.08736
38.9 0.08736
39 0.09152
39.1 0.08736
39.2 0.08736
39.3 0.09152
39.4 0.08736
39.5 0.09152
39.6 0.08736
39.7 0.09568
39.8 0.08736
39.9 0.09152
40 0.09152
40.1 0.09152
40.2 0.17792
40.3 0.32224
40.4 0.31616
40.5 0.23712
40.6 0.3264
40.7 0.20352
40.8 0.09152
40.9 0.07904
41 0.12064
41.1 0.09152
41.2 0.09152
41.3 0.10816
41.4 0.09568
41.5 0.09568
41.6 0.104
41.7 0.09984
41.8 0.09568
41.9 0.09568
42 0.104
42.1 0.09984
42.2 0.09568
42.3 0.09984
42.4 0.09984
42.5 0.10816
42.6 0.10816
42.7 0.11232
42.8 0.10816
42.9 0.09152
43 0.09152
43.1 0.12064
43.2 0.13312
43.3 0.09984
43.4 0.10816
43.5 0.1248
43.6 0.104
43.7 0.104
43.8 0.11648
43.9 0.10816
44 0.104
44.1 0.11232
44.2 0.10816
44.3 0.10816
44.4 0.10816
44.5 0.0208
44.6 0
44.7 0.00832
44.8 0
44.9 0.05824
45 0.07904
45.1 0.104
45.2 0.08736
45.3 0.09568
45.4 0.10816
45.5 0.09568
45.6 0.09984
45.7 0.10816
45.8 0.11648
45.9 0.11232
46 0.104
46.1 0.104
46.2 0.09984
46.3 0.11232
46.4 0.104
46.5 0.104
46.6 0.11232
46.7 0.10816
46.8 0.10816
46.9 0.10816
47 0.10816
47.1 0.11232
47.2 0.10816
47.3 0.10816
47.4 0.11232
47.5 0.10816
47.6 0.11232
47.7 0.11648
47.8 0.11648
47.9 0.12896
48 0.09568
48.1 0.10816
48.2 0.11648
48.3 0.1248
48.4 0.13312
48.5 0.11648
48.6 0.12064
48.7 0.1248
48.8 0.11232
48.9 0.11232
49 0.1248
49.1 0.11232
49.2 0.11232
49.3 0.11648
49.4 0.11648
49.5 0.11232
49.6 0.1248
49.7 0.1248
49.8 0.12064
49.9 0.104
50 0.10816
50.1 0.1248
50.2 0.11232
50.3 0.11232
50.4 0.11232
50.5 0.12064
50.6 0.11232
50.7 0.11648
50.8 0.11648
50.9 0.11648
51 0.11648
51.1 0.11648
51.2 0.20224
51.3 0.32096
51.4 0.31776
51.5 0.35872
51.6 0.38304
51.7 0.4256
51.8 0.41952
51.9 0.3696
52 0.33664
52.1 0.1456
52.2 0.12896
52.3 0.13312
52.4 0.14144
52.5 0.15392
52.6 0.12064
52.7 0.17056
52.8 0.17056
52.9 0.17472
53 0.15392
53.1 0.14144
53.2 0.15392
53.3 0.17472
53.4 0.17056
53.5 0.1664
53.6 0.17056
53.7 0.15808
53.8 0.17472
53.9 0.14976
54 0.16224
54.1 0.17472
54.2 0.104
54.3 0.17472
54.4 0.15392
54.5 0.08736
54.6 0.15808
54.7 0.17472
54.8 0.12064
54.9 0.11648
55 0.352
55.1 0.3984
55.2 0.40608
55.3 0.44384
55.4 0.4864
55.5 0.51072
55.6 0.43776
55.7 0.44992
55.8 0.50464
55.9 0.49248
56 0.41344
56.1 0.46208
56.2 0.50464
56.3 0.49248
56.4 0.16704
56.5 0
56.6 0
56.7 0
56.8 0.00416
56.9 0
57 0
57.1 0
57.2 0.00416
57.3 0
57.4 0
57.5 0.00416
57.6 0
57.7 0
57.8 0.00416
57.9 0
58 0
58.1 0.00416
58.2 0
58.3 0
58.4 0.00416
58.5 0
58.6 0
58.7 0.00416
58.8 0
58.9 0
59 0.00416
59.1 0
59.2 0
59.3 0
59.4 0.00416
59.5 0
59.6 0
59.7 0.00416
59.8 0
59.9 0
60 0.00416
60.1 0
60.2 0
60.3 0.00416
60.4 0
60.5 0
60.6 0
60.7 0.00416
60.8 0
60.9 0
61 0
61.1 0.00416
61.2 0
61.3 0
61.4 0.00416
61.5 0
61.6 0.00416
61.7 0
61.8 0
61.9 0.00416
62 0
62.1 0.00416
62.2 0
62.3 0
62.4 0.00416
62.5 0
62.6 0.00416
62.7 0
62.8 0
62.9 0.00416
63 0
63.1 0.00416
63.2 0
63.3 0
63.4 0.00416
63.5 0
63.6 0.00416
63.7 0
63.8 0
63.9 0.00416
64 0
64.1 0
64.2 0.00416
64.3 0
64.4 0
64.5 0.00416
64.6 0
64.7 0
64.8 0.00416
64.9 0
65 0
65.1 0.00416
65.2 0
65.3 0
65.4 0.00416
65.5 0
65.6 0
65.7 0
65.8 0.00416
65.9 0
66 0
66.1 0.00416
66.2 0
66.3 0
66.4 0.00416
66.5 0
66.6 0
66.7 0.00416
66.8 0
66.9 0
67 0
67.1 0.00416
67.2 0
67.3 0
67.4 0
67.5 0.00416
67.6 0
67.7 0
67.8 0
67.9 0.00416
68 0
68.1 0
68.2 0.00416
68.3 0
68.4 0
68.5 0.00416
68.6 0
68.7 0
68.8 0
68.9 0.00416
69 0
69.1 0
69.2 0.00416
69.3 0
69.4 0.00416
69.5 0
69.6 0.00416
69.7 0
69.8 0
69.9 0
70 0.00416
70.1 0
70.2 0
70.3 0.00416
70.4 0
70.5 0.00416
70.6 0
70.7 0
70.8 0.00416
70.9 0
71 0.00416
71.1 0
71.2 0
71.3 0.00416
71.4 0
71.5 0.00416
71.6 0
71.7 0
71.8 0.00416
71.9 0
72 0.00416
72.1 0
72.2 0
72.3 0.00416
72.4 0
72.5 0.00416
72.6 0
72.7 0
72.8 0
72.9 0.00416
73 0
73.1 0.00416
73.2 0
73.3 0
73.4 0
73.5 0.00416
73.6 0
73.7 0
73.8 0
73.9 0.00416
74 0
74.1 0
74.2 0
74.3 0.00416
74.4 0
74.5 0
74.6 0
74.7 0.00416
74.8 0
74.9 0
75 0.00416
75.1 0
75.2 0.00416
75.3 0
75.4 0
75.5 0.00416
75.6 0
75.7 0.00416
75.8 0
75.9 0.00416
76 0
76.1 0
76.2 0.00416
76.3 0
76.4 0.00416
76.5 0
76.6 0
76.7 0
76.8 0.00416
76.9 0
77 0
77.1 0
77.2 0.00416
77.3 0
77.4 0
77.5 0
77.6 0.00416
77.7 0
77.8 0
77.9 0.00416
78 0
78.1 0
78.2 0
78.3 0.00416
78.4 0
78.5 0
78.6 0
78.7 0.00416
78.8 0
78.9 0
79 0
79.1 0.00416
79.2 0
79.3 0
79.4 0
79.5 0.00416
79.6 0
79.7 0
79.8 0.00416
79.9 0
80 0
80.1 0
80.2 0.00416
80.3 0
80.4 0
80.5 0
80.6 0.00416
80.7 0
80.8 0
80.9 0
81 0.00416
81.1 0
81.2 0
81.3 0
81.4 0
81.5 0.00416
81.6 0
81.7 0
81.8 0.00416
81.9 0
82 0
82.1 0.00416
82.2 0
82.3 0.00416
82.4 0
82.5 0.00416
82.6 0
82.7 0.00416
82.8 0
82.9 0.00416
83 0
83.1 0
83.2 0.00416
83.3 0
83.4 0.00416
83.5 0.00416
83.6 0
83.7 0
83.8 0
83.9 0.00416
84 0.00416
84.1 0
84.2 0
84.3 0
84.4 0.00416
84.5 0
84.6 0
84.7 0.00416
84.8 0
84.9 0
85 0
85.1 0.00416
85.2 0
85.3 0.00416
85.4 0
85.5 0
85.6 0.00416
85.7 0
85.8 0.00416
85.9 0
86 0.00416
86.1 0
86.2 0.00416
86.3 0
86.4 0.00416
86.5 0
86.6 0.00416
86.7 0
86.8 0
86.9 0.00416
87 0
87.1 0
87.2 0
87.3 0.00416
87.4 0
87.5 0
87.6 0.00416
87.7 0
87.8 0
87.9 0.00416
88 0.0096
88.1 0
88.2 0.0048
88.3 0.0048
88.4 0
88.5 0.00416
88.6 0
88.7 0
88.8 0.00416
88.9 0
89 0
89.1 0
89.2 0.00416
89.3 0
89.4 0
89.5 0.00416
89.6 0
89.7 0
89.8 0
89.9 0.00416
90 0
90.1 0
90.2 0
90.3 0.00416
90.4 0
90.5 0
90.6 0.00416
90.7 0
90.8 0
90.9 0
91 0.00416
91.1 0
91.2 0
91.3 0
91.4 0.00416
91.5 0
91.6 0
91.7 0.00416
91.8 0
91.9 0
92 0
92.1 0.00416
92.2 0
92.3 0
92.4 0
92.5 0.00416
92.6 0
92.7 0
92.8 0
92.9 0
93 0.00416
93.1 0
93.2 0
93.3 0
93.4 0.00416
93.5 0
93.6 0
93.7 0.00416
93.8 0
93.9 0
94 0.00416
94.1 0
94.2 0
94.3 0.00416
94.4 0
94.5 0
94.6 0.00416
94.7 0
94.8 0
94.9 0.00416
95 0
95.1 0
95.2 0.00416
95.3 0
95.4 0.00416
95.5 0
95.6 0
95.7 0.00416
95.8 0
95.9 0
96 0.00416
96.1 0
96.2 0
96.3 0.00416
96.4 0
96.5 0
96.6 0.00416
96.7 0
96.8 0
96.9 0.00416
97 0
97.1 0
97.2 0.00416
97.3 0
97.4 0
97.5 0.00416
97.6 0
97.7 0
97.8 0.00416
97.9 0
98 0
98.1 0.00416
98.2 0
98.3 0
98.4 0.00416
98.5 0
98.6 0
98.7 0.00416
98.8 0
98.9 0
99 0.00416
99.1 0
99.2 0
99.3 0.00416
99.4 0
99.5 0
99.6 0
99.7 0
99.8 0.00416
99.9 0
100 0.00416
