0.2 0.00448
0.3 0
0.4 0.0208
0.5 0
0.6 0.03744
0.7 0
0.8 0.07488
0.9 0
1 0.14976
1.1 0
1.2 0.12896
1.3 0.14976
1.4 0.04576
1.5 0.11648
1.6 0.1248
1.7 0.36
1.8 0.1216
1.9 0.12768
2 0.3344
2.1 0.152
2.2 0.06688
2.3 0.1216
2.4 0.25536
2.5 0.16416
2.6 0.05472
2.7 0
2.8 0.13984
2.9 0.17632
3 0.05472
3.1 0
3.2 0.12768
3.3 0.16416
3.4 0.05472
3.5 0.00608
3.6 0
3.7 0
3.8 0.05472
3.9 0
4 0.14592
4.1 0.37088
4.2 0.09536
4.3 0.1664
4.4 0.1664
4.5 0.1456
4.6 0.16224
4.7 0.15808
4.8 0.15808
4.9 0.16224
5 0.15808
5.1 0.16224
5.2 0.15808
5.3 0.15808
5.4 0.16224
5.5 0.15808
5.6 0.15808
5.7 0.15808
5.8 0.15808
5.9 0.16224
6 0.16224
6.1 0.15808
6.2 0.16224
6.3 0.15808
6.4 0.15808
6.5 0.16224
6.6 0.15808
6.7 0.15808
6.8 0.16224
6.9 0.15808
7 0.16224
7.1 0.15808
7.2 0.15808
7.3 0.15808
7.4 0.16224
7.5 0.15392
7.6 0.34304
7.7 0.46752
7.8 0.48032
7.9 0.46208
8 0.4256
8.1 0.47424
8.2 0.41728
8.3 0.19008
8.4 0.15808
8.5 0.16224
8.6 0.15808
8.7 0.16224
8.8 0.15808
8.9 0.15808
9 0.15808
9.1 0.15808
9.2 0.15808
9.3 0.15808
9.4 0.16224
9.5 0.16224
9.6 0.15808
9.7 0.15808
9.8 0.15808
9.9 0.15808
10 0.16224
10.1 0.15808
10.2 0.15808
10.3 0.15808
10.4 0.15808
10.5 0.16224
10.6 0.17472
10.7 0.17056
10.8 0.17472
10.9 0.16224
11 0.17472
11.1 0.17472
11.2 0.17056
11.3 0.15808
11.4 0.15808
11.5 0.16224
11.6 0.15808
11.7 0.15808
11.8 0.3088
11.9 0.46176
12 0.46208
12.1 0.456
12.2 0.3952
12.3 0.45408
12.4 0.35328
12.5 0.15392
12.6 0.15392
12.7 0.15392
12.8 0.15808
12.9 0.15392
13 0.15392
13.1 0.15392
13.2 0.15808
13.3 0.15392
13.4 0.15392
13.5 0.15392
13.6 0.15392
13.7 0.15808
13.8 0.15392
13.9 0.15392
14 0.15392
14.1 0.15808
14.2 0.15392
14.3 0.15392
14.4 0.15392
14.5 0.15392
14.6 0.15392
14.7 0.14976
14.8 0.14976
14.9 0.14976
15 0.14976
15.1 0.14976
15.2 0.14976
15.3 0.1456
15.4 0.1456
15.5 0.15808
15.6 0.15392
15.7 0.1456
15.8 0.14976
15.9 0.14976
16 0.14976
16.1 0.14976
16.2 0.1456
16.3 0.14976
16.4 0.14976
16.5 0.14976
16.6 0.1456
16.7 0.14976
16.8 0.14976
16.9 0.1456
17 0.14976
17.1 0.1456
17.2 0.14976
17.3 0.14976
17.4 0.1456
17.5 0.14976
17.6 0.1456
17.7 0.1456
17.8 0.14144
17.9 0.1456
18 0.15392
18.1 0.14976
18.2 0.14976
18.3 0.1456
18.4 0.1456
18.5 0.1456
18.6 0.1456
18.7 0.1456
18.8 0.1456
18.9 0.14144
19 0.1456
19.1 0.1456
19.2 0.1456
19.3 0.1456
19.4 0.1456
19.5 0.1456
19.6 0.1456
19.7 0.1456
19.8 0.14144
19.9 0.1456
20 0.14976
20.1 0.14144
20.2 0.14144
20.3 0.14144
20.4 0.17984
20.5 0.408
20.6 0.43776
20.7 0.43776
20.8 0.33856
20.9 0.14624
21 0.14144
21.1 0.13728
21.2 0.1456
21.3 0.1456
21.4 0.13728
21.5 0.1456
21.6 0.14144
21.7 0.14144
21.8 0.14144
21.9 0.14144
22 0.14144
22.1 0.14144
22.2 0.1456
22.3 0.14144
22.4 0.14144
22.5 0.14144
22.6 0.14144
22.7 0.13728
22.8 0.13728
22.9 0.13312
23 0.14144
23.1 0.14976
23.2 0.1456
23.3 0.14144
23.4 0.13728
23.5 0.14144
23.6 0.14144
23.7 0.13728
23.8 0.13728
23.9 0.13728
24 0.13728
24.1 0.13728
24.2 0.13728
24.3 0.14144
24.4 0.16992
24.5 0.32992
24.6 0.36352
24.7 0.40128
24.8 0.38912
24.9 0.31616
25 0.35232
25.1 0.18752
25.2 0.12064
25.3 0.13312
25.4 0.12896
25.5 0.1248
25.6 0.1248
25.7 0.12064
25.8 0.1248
25.9 0.12064
26 0.11648
26.1 0.1248
26.2 0.13312
26.3 0.12896
26.4 0.12064
26.5 0.1248
26.6 0.1248
26.7 0.1248
26.8 0.12064
26.9 0.1248
27 0.12064
27.1 0.12064
27.2 0.1248
27.3 0.12064
27.4 0.12064
27.5 0.12064
27.6 0.1248
27.7 0.12064
27.8 0.12064
27.9 0.12064
28 0.12064
28.1 0.1248
28.2 0.11648
28.3 0.11232
28.4 0.18976
28.5 0.32832
28.6 0.38304
28.7 0.37088
28.8 0.2192
28.9 0.11648
29 0.12064
29.1 0.104
29.2 0.12064
29.3 0.11648
29.4 0.11232
29.5 0.11648
29.6 0.11648
29.7 0.11232
29.8 0.11648
29.9 0.11648
30 0.11648
30.1 0.11232
30.2 0.11648
30.3 0.11232
30.4 0.11648
30.5 0.11648
30.6 0.11232
30.7 0.104
30.8 0.10816
30.9 0.104
31 0.12064
31.1 0.12064
31.2 0.11232
31.3 0.10816
31.4 0.11232
31.5 0.11232
31.6 0.10816
31.7 0.10816
31.8 0.11232
31.9 0.10816
32 0.10816
32.1 0.10816
32.2 0.10816
32.3 0.104
32.4 0.10816
32.5 0.10816
32.6 0.10816
32.7 0.10816
32.8 0.104
32.9 0.10816
33 0.10816
33.1 0.09984
33.2 0.09568
33.3 0.09984
33.4 0.20832
33.5 0.30464
33.6 0.29376
33.7 0.26656
33.8 0.09504
33.9 0.11232
34 0.104
34.1 0.09568
34.2 0.10816
34.3 0.09984
34.4 0.09984
34.5 0.104
34.6 0.104
34.7 0.09984
34.8 0.104
34.9 0.104
35 0.09984
35.1 0.09984
35.2 0.104
35.3 0.104
35.4 0.09984
35.5 0.09152
35.6 0.09568
35.7 0.09568
35.8 0.09984
35.9 0.10816
36 0.10816
36.1 0.09984
36.2 0.104
36.3 0.09984
36.4 0.09984
36.5 0.09568
36.6 0.09984
36.7 0.09984
36.8 0.09568
36.9 0.09568
37 0.09984
37.1 0.21408
37.2 0.28576
37.3 0.27968
37.4 0.2736
37.5 0.12768
37.6 0.26752
37.7 0.216
37.8 0.1376
37.9 0.07072
38 0.08736
38.1 0.09152
38.2 0.09152
38.3 0.08736
38.4 0.08736
38.5 0.09152
38.6 0.08736
38.7 0.0832
38.8 0.08736
38.9 0.08736
39 0.0832
39.1 0.0832
39.2 0.0832
39.3 0.0832
39.4 0.08736
39.5 0.07904
39.6 0.08736
39.7 0.07904
39.8 0.0832
39.9 0.0832
40 0.0832
40.1 0.07904
40.2 0.12224
40.3 0.1824
40.4 0.18848
40.5 0.26752
40.6 0.17632
40.7 0.1536
40.8 0.08384
40.9 0.09152
41 0.05408
41.1 0.0832
41.2 0.07904
41.3 0.06656
41.4 0.07488
41.5 0.07904
41.6 0.07072
41.7 0.07488
41.8 0.07488
41.9 0.07904
42 0.06656
42.1 0.07488
42.2 0.07488
42.3 0.07488
42.4 0.07488
42.5 0.0624
42.6 0.06656
42.7 0.0624
42.8 0.184
42.9 0.23712
43 0.23712
43.1 0.15136
43.2 0.0464
43.3 0.07072
43.4 0.06656
43.5 0.04992
43.6 0.06656
43.7 0.07072
43.8 0.05408
43.9 0.06656
44 0.06656
44.1 0.0624
44.2 0.0624
44.3 0.07072
44.4 0.0624
44.5 0.15392
44.6 0.07072
44.7 0.1456
44.8 0.07488
44.9 0.09568
45 0.09568
45.1 0.06656
45.2 0.0832
45.3 0.07904
45.4 0.06656
45.5 0.07488
45.6 0.07488
45.7 0.0624
45.8 0.0624
45.9 0.05824
46 0.06656
46.1 0.07072
46.2 0.07072
46.3 0.0624
46.4 0.07072
46.5 0.06656
46.6 0.0624
46.7 0.06656
46.8 0.0624
46.9 0.06656
47 0.0624
47.1 0.0624
47.2 0.06656
47.3 0.0624
47.4 0.0624
47.5 0.0624
47.6 0.06656
47.7 0.05408
47.8 0.05408
47.9 0.06592
48 0.21888
48.1 0.19456
48.2 0.16416
48.3 0.104
48.4 0.03744
48.5 0.05824
48.6 0.05408
48.7 0.04992
48.8 0.05824
48.9 0.0624
49 0.04576
49.1 0.0624
49.2 0.0624
49.3 0.05408
49.4 0.05824
49.5 0.05824
49.6 0.04992
49.7 0.04992
49.8 0.04992
49.9 0.07072
50 0.0624
50.1 0.04992
50.2 0.05824
50.3 0.06656
50.4 0.05824
50.5 0.05408
50.6 0.05824
50.7 0.05824
50.8 0.05824
50.9 0.05408
51 0.05408
51.1 0.05824
51.2 0.0624
51.3 0.06624
51.4 0.1344
51.5 0.12352
51.6 0.1216
51.7 0.08512
51.8 0.08512
51.9 0.1216
52 0.11552
52.1 0.0912
52.2 0.12768
52.3 0.10944
52.4 0.0912
52.5 0.05472
52.6 0.16224
52.7 0
52.8 0
52.9 0
53 0.00416
53.1 0
53.2 0.00416
53.3 0
53.4 0
53.5 0.00832
53.6 0
53.7 0.01664
53.8 0
53.9 0.0208
54 0.01248
54.1 0
54.2 0.06656
54.3 0
54.4 0.01664
54.5 0.08736
54.6 0.01248
54.7 0
54.8 0.05408
54.9 0.05824
55 0.00896
55.1 0
55.2 0.07168
55.3 0.0608
55.4 0.01824
55.5 0
55.6 0.06688
55.7 0.05472
55.8 0
55.9 0.01824
56 0.08096
56.1 0.01792
56.2 0
56.3 0.0096
56.4 0.2336
56.5 0.00544
56.6 0.08736
56.7 0
56.8 0.06656
56.9 0
57 0.07072
57.1 0
57.2 0.07072
57.3 0
57.4 0.07072
57.5 0.00416
57.6 0.06656
57.7 0.00832
57.8 0.0624
57.9 0.01664
58 0.05824
58.1 0.0208
58.2 0.05408
58.3 0.02496
58.4 0.04992
58.5 0.02912
58.6 0.04576
58.7 0.03328
58.8 0.0416
58.9 0.03744
59 0.03744
59.1 0.0416
59.2 0.03328
59.3 0.04576
59.4 0.02912
59.5 0.04992
59.6 0.02496
59.7 0.05408
59.8 0.0208
59.9 0.05824
60 0.01664
60.1 0.0624
60.2 0.01248
60.3 0.06656
60.4 0.01248
60.5 0.06656
60.6 0.01248
60.7 0.06656
60.8 0.01248
60.9 0.06656
61 0.01664
61.1 0.06656
61.2 0.01664
61.3 0.06656
61.4 0.0208
61.5 0.06656
61.6 0.0208
61.7 0.07072
61.8 0.01664
61.9 0.07488
62 0.0208
62.1 0.07488
62.2 0.02496
62.3 0.07904
62.4 0.02496
62.5 0.0832
62.6 0.02912
62.7 0.0832
62.8 0.03328
62.9 0.08736
63 0.03744
63.1 0.08736
63.2 0.03328
63.3 0.09984
63.4 0.02912
63.5 0.11232
63.6 0.02496
63.7 0.1248
63.8 0.0208
63.9 0.13728
64 0.01664
64.1 0.15392
64.2 0.01248
64.3 0.15392
64.4 0.02496
64.5 0.16224
64.6 0.02912
64.7 0.1664
64.8 0.03744
64.9 0.17472
65 0.04992
65.1 0.17056
65.2 0.07072
65.3 0.1664
65.4 0.09152
65.5 0.1664
65.6 0.11232
65.7 0.16224
65.8 0.13728
65.9 0.15392
66 0.1664
66.1 0.15392
66.2 0.17056
66.3 0.17056
66.4 0.17056
66.5 0.17056
66.6 0.17472
66.7 0.17472
66.8 0.17056
66.9 0.17056
67 0.17472
67.1 0.17472
67.2 0.17056
67.3 0.17056
67.4 0.17472
67.5 0.17472
67.6 0.17056
67.7 0.17056
67.8 0.17472
67.9 0.17472
68 0.17056
68.1 0.17056
68.2 0.17472
68.3 0.17056
68.4 0.17472
68.5 0.17056
68.6 0.17472
68.7 0.17056
68.8 0.32
68.9 0.50464
69 0.49856
69.1 0.50464
69.2 0.49856
69.3 0.51072
69.4 0.49856
69.5 0.28608
69.6 0.17056
69.7 0.17472
69.8 0.17056
69.9 0.17472
70 0.17056
70.1 0.17056
70.2 0.17472
70.3 0.17056
70.4 0.17472
70.5 0.17056
70.6 0.17472
70.7 0.17056
70.8 0.17056
70.9 0.17472
71 0.17056
71.1 0.17472
71.2 0.17056
71.3 0.17056
71.4 0.17472
71.5 0.17472
71.6 0.17056
71.7 0.17056
71.8 0.17056
71.9 0.17472
72 0.17472
72.1 0.40544
72.2 0.50464
72.3 0.49856
72.4 0.51072
72.5 0.49856
72.6 0.488
72.7 0.32512
72.8 0.17472
72.9 0.17056
73 0.17472
73.1 0.17056
73.2 0.17056
73.3 0.17472
73.4 0.17056
73.5 0.17056
73.6 0.17472
73.7 0.17056
73.8 0.17472
73.9 0.17056
74 0.17056
74.1 0.17056
74.2 0.17472
74.3 0.17056
74.4 0.17472
74.5 0.17056
74.6 0.17056
74.7 0.17472
74.8 0.17056
74.9 0.17472
75 0.17056
75.1 0.17472
75.2 0.17056
75.3 0.17056
75.4 0.17472
75.5 0.17056
75.6 0.17472
75.7 0.17056
75.8 0.17056
75.9 0.17472
76 0.17056
76.1 0.17472
76.2 0.17056
76.3 0.17056
76.4 0.17056
76.5 0.17472
76.6 0.17056
76.7 0.17472
76.8 0.17056
76.9 0.17472
77 0.17056
77.1 0.17056
77.2 0.17056
77.3 0.17472
77.4 0.17056
77.5 0.17472
77.6 0.17056
77.7 0.17056
77.8 0.17472
77.9 0.17056
78 0.17056
78.1 0.17056
78.2 0.17472
78.3 0.17056
78.4 0.17472
78.5 0.17056
78.6 0.17056
78.7 0.17472
78.8 0.17056
78.9 0.17056
79 0.17472
79.1 0.17056
79.2 0.17472
79.3 0.17056
79.4 0.17056
79.5 0.17056
79.6 0.17472
79.7 0.17056
79.8 0.17056
79.9 0.17472
80 0.17056
80.1 0.17472
80.2 0.17056
80.3 0.17056
80.4 0.17056
80.5 0.17472
80.6 0.17056
80.7 0.17472
80.8 0.17056
80.9 0.17056
81 0.17472
81.1 0.17056
81.2 0.17472
81.3 0.17056
81.4 0.17472
81.5 0.17056
81.6 0.17056
81.7 0.17472
81.8 0.17056
81.9 0.17472
82 0.17056
82.1 0.17056
82.2 0.17472
82.3 0.17056
82.4 0.17472
82.5 0.17056
82.6 0.17056
82.7 0.17056
82.8 0.17472
82.9 0.17472
83 0.17056
83.1 0.36448
83.2 0.50464
83.3 0.50464
83.4 0.49856
83.5 0.49856
83.6 0.50464
83.7 0.44096
83.8 0.17056
83.9 0.17056
84 0.17056
84.1 0.17472
84.2 0.17056
84.3 0.17472
84.4 0.17056
84.5 0.17056
84.6 0.17472
84.7 0.17056
84.8 0.17056
84.9 0.17056
85 0.17472
85.1 0.17056
85.2 0.17472
85.3 0.17056
85.4 0.17056
85.5 0.17472
85.6 0.17056
85.7 0.17472
85.8 0.17056
85.9 0.17472
86 0.17056
86.1 0.17056
86.2 0.17056
86.3 0.17472
86.4 0.17056
86.5 0.17472
86.6 0.17056
86.7 0.17056
86.8 0.17472
86.9 0.17056
87 0.17056
87.1 0.17056
87.2 0.17472
87.3 0.17056
87.4 0.17056
87.5 0.17472
87.6 0.3712
87.7 0.46176
87.8 0.50464
87.9 0.50464
88 0.4368
88.1 0.3984
88.2 0.33312
88.3 0.17056
88.4 0.17472
88.5 0.17056
88.6 0.17056
88.7 0.17472
88.8 0.17056
88.9 0.17056
89 0.17056
89.1 0.17472
89.2 0.17056
89.3 0.17056
89.4 0.17472
89.5 0.17056
89.6 0.17472
89.7 0.17056
89.8 0.17056
89.9 0.17056
90 0.17472
90.1 0.17056
90.2 0.17472
90.3 0.17056
90.4 0.17472
90.5 0.17056
90.6 0.17056
90.7 0.17056
90.8 0.17056
90.9 0.17472
91 0.17056
91.1 0.17472
91.2 0.17056
91.3 0.17472
91.4 0.17056
91.5 0.17056
91.6 0.17056
91.7 0.17056
91.8 0.17472
91.9 0.17056
92 0.17472
92.1 0.17056
92.2 0.17472
92.3 0.17056
92.4 0.17056
92.5 0.17056
92.6 0.17472
92.7 0.17472
92.8 0.17056
92.9 0.17056
93 0.17472
93.1 0.17472
93.2 0.17056
93.3 0.17056
93.4 0.17472
93.5 0.17056
93.6 0.17472
93.7 0.17056
93.8 0.17056
93.9 0.17472
94 0.17472
94.1 0.17056
94.2 0.17056
94.3 0.17472
94.4 0.17056
94.5 0.17472
94.6 0.17056
94.7 0.17056
94.8 0.17472
94.9 0.17472
95 0.17056
95.1 0.17056
95.2 0.17056
95.3 0.17472
95.4 0.17472
95.5 0.17056
95.6 0.17056
95.7 0.17472
95.8 0.17056
95.9 0.17472
96 0.17056
96.1 0.17056
96.2 0.17472
96.3 0.17472
96.4 0.17056
96.5 0.17056
96.6 0.17472
96.7 0.17056
96.8 0.17472
96.9 0.17056
97 0.17056
97.1 0.17472
97.2 0.17472
97.3 0.17056
97.4 0.17056
97.5 0.17472
97.6 0.17056
97.7 0.17472
97.8 0.17056
97.9 0.17056
98 0.17472
98.1 0.17472
98.2 0.17056
98.3 0.17056
98.4 0.17472
98.5 0.17056
98.6 0.17472
98.7 0.17056
98.8 0.42528
98.9 0.50464
99 0.51072
99.1 0.49856
99.2 0.50464
99.3 0.49856
99.4 0.42688
99.5 0.17056
99.6 0.17056
99.7 0.17472
99.8 0.17056
99.9 0.17472
100 0.17472
