0.200158 10
0.402811 11
0.407617 13
0.412424 15
0.41723 17
0.422037 19
0.618146 21
0.631986 23
0.645827 25
0.659668 27
0.673509 29
0.68735 31
0.701191 33
0.715031 35
0.805799 37
0.819639 39
0.83348 41
0.847321 43
0.861162 45
0.875003 47
0.887887 49
0.899851 51
0.910205 53
0.945637 55
0.954226 57
0.962816 59
0.971405 61
0.979995 63
1.00729 65
1.01588 67
1.02447 69
1.03275 71
1.04103 73
1.04931 75
1.05759 77
1.06587 79
1.07414 81
1.08242 83
1.0907 85
1.09898 87
1.10726 89
1.11554 91
1.12382 93
1.1321 95
1.14038 97
1.14866 99
1.1565 101
1.16379 103
1.17083 105
1.17742 107
1.1838 109
1.1898 111
1.1958 113
1.2018 115
1.2078 117
1.21377 119
1.21972 121
1.22534 123
1.23055 125
1.23536 127
1.24016 129
1.24497 131
1.24978 133
1.25458 135
1.25939 137
1.2642 139
1.269 141
1.27381 143
1.27861 145
1.28342 147
1.28823 149
1.29303 151
1.29784 153
1.30265 155
1.30745 157
1.31226 159
1.31707 161
1.32187 163
1.32668 165
1.33149 167
1.33629 169
1.3411 171
1.3459 173
1.35071 175
1.35552 177
1.36032 179
1.36513 181
1.36994 183
1.37474 185
1.37955 187
1.38436 189
1.38916 191
1.39397 193
1.39877 195
1.40358 197
1.40839 199
1.41319 201
1.418 203
1.42281 205
1.42761 207
1.43242 209
1.43723 211
1.44203 213
1.44684 215
1.45165 217
1.45645 219
1.46126 221
1.46606 223
1.47087 225
1.47568 227
1.48048 229
1.48529 231
1.4901 233
1.4949 235
1.49971 237
1.50572 239
1.51052 241
1.51533 243
1.65952 245
1.66433 247
3.2216 247.942
3.81039 175.126
4.02067 173.126
5.40972 171.444
5.43855 173.444
5.64042 171.444
7.06552 173.444
7.26859 171.444
7.64109 172.204
8.68528 174.204
8.88955 172.204
9.23201 172.798
9.24642 173.483
9.25123 173.517
9.26565 173.551
9.28007 173.588
10.2041 120.965
10.2041 4
10.2089 6
10.2089 4
10.2137 6
10.2137 4
10.2185 6
10.2185 4
10.2233 6
10.2233 4
10.2281 6
10.2281 4
10.2329 6
10.2329 4
10.2377 6
10.2377 4
10.2438 6
10.2438 4
10.2486 6
10.2486 4
10.2534 6
10.2534 4
10.2582 6
10.2582 4
10.263 6
10.263 4
10.2678 6
10.2678 4
10.2726 6
10.2726 4
10.2774 6
10.2774 4
10.2822 6
10.2822 4
10.287 6
10.287 4
10.2918 6
10.2918 4
10.2966 6
10.2966 4
10.3014 6
10.3014 4
10.3062 6
10.3062 4
10.311 6
10.311 4
10.3158 6
10.3158 4
10.3207 6
10.3207 4
10.3255 6
10.3255 4
10.3303 6
10.3303 4
10.3351 6
10.3351 4
10.3399 6
10.3399 4
10.3447 6
10.3447 4
10.3495 6
10.3495 4
10.3543 6
10.3543 4
10.3591 6
10.3591 4
10.3639 6
10.3639 4
10.3687 6
10.3687 4
10.3735 6
10.3735 4
10.3783 6
10.3783 4
10.3831 6
10.3831 4
10.3879 6
10.3879 4
10.3928 6
10.3928 4
10.3976 6
10.3976 4
10.4024 6
10.4024 4
10.4072 6
10.4072 4
10.412 6
10.412 4
10.4168 6
10.4168 4
10.4216 6
10.4216 4
10.4264 6
10.4264 4
10.4312 6
10.4312 4
10.436 6
10.436 4
10.4408 6
10.4408 4
10.4456 6
10.4456 4
10.4504 6
10.4504 4
10.4552 6
10.4552 4
10.46 6
10.46 4
10.466 6
10.466 4
10.4709 6
10.4709 4
10.4757 6
10.4757 4
10.4805 6
10.4805 4
10.6772 173.588
10.6772 175.588
10.6844 177.588
10.8811 179.588
10.8859 181.588
10.8907 183.588
10.8955 185.588
10.9003 187.588
10.9051 189.588
10.9099 191.588
10.9147 193.588
10.9195 195.588
10.9243 196.617
10.9291 194.265
10.9339 192.102
10.9387 190.209
10.9435 188.658
10.9483 187.301
10.9531 186.114
10.958 184.97
10.9628 184.074
10.9676 183.29
10.9724 182.604
10.9772 182.003
10.982 181.479
10.9868 181.019
10.9928 180.722
10.9976 180.463
11.0024 180.34
11.0072 180.234
11.012 180.141
11.0168 179.954
11.0216 179.896
11.0264 179.845
11.0313 179.8
11.0361 179.761
11.0409 179.727
11.0457 179.697
11.0505 179.671
11.1274 181.671
11.3605 179.671
12.0166 176.698
12.2268 177.45
12.8216 179.45
13.0295 177.45
14.4991 179.45
14.6781 178.656
14.7069 176.656
15.7103 176.609
16.1705 178.609
16.3796 176.609
17.2676 176.071
17.7818 175.897
17.8455 177.897
18.0546 175.897
19.3992 175.088
19.5254 177.088
19.7356 175.088
20.0829 175.422
20.1033 176.093
20.1418 176.735
21.0526 120.27
21.0526 4
21.0574 6
21.0574 4
21.0622 6
21.0622 4
21.067 6
21.067 4
21.0718 6
21.0718 4
21.0766 6
21.0766 4
21.0814 6
21.0814 4
21.0874 6
21.0874 4
21.0922 6
21.0922 4
21.0971 6
21.0971 4
21.1019 6
21.1019 4
21.1067 6
21.1067 4
21.1115 6
21.1115 4
21.1163 6
21.1163 4
21.1211 6
21.1211 4
21.1259 6
21.1259 4
21.1307 6
21.1307 4
21.1355 6
21.1355 4
21.1403 6
21.1403 4
21.1451 6
21.1451 4
21.1499 6
21.1499 4
21.1559 6
21.1559 4
21.1607 6
21.1607 4
21.1655 6
21.1655 4
21.1704 6
21.1704 4
21.1752 6
21.1752 4
21.18 6
21.18 4
21.1848 6
21.1848 4
21.1896 6
21.1896 4
21.1944 6
21.1944 4
21.1992 6
21.1992 4
21.204 6
21.204 4
21.2088 6
21.2088 4
21.2136 6
21.2136 4
21.2184 6
21.2184 4
21.2244 6
21.2244 4
21.2292 6
21.2292 4
21.234 6
21.234 4
21.2388 6
21.2388 4
21.2437 6
21.2437 4
21.2485 6
21.2485 4
21.2533 6
21.2533 4
21.2581 6
21.2581 4
21.2629 6
21.2629 4
21.2677 6
21.2677 4
21.2725 6
21.2725 4
21.2773 6
21.2773 4
21.2821 6
21.2821 4
21.2881 6
21.2881 4
21.2929 6
21.2929 4
21.2977 6
21.2977 4
21.3025 6
21.3025 4
21.3073 6
21.3073 4
21.3121 6
21.3121 4
21.3169 6
21.3169 4
21.3218 6
21.3218 4
21.3242 6
21.3242 4
21.3266 6
21.3266 4
21.5281 176.735
21.5281 178.735
21.5329 180.735
21.732 182.735
21.7368 184.735
21.7416 186.735
21.7465 188.735
21.7513 190.735
21.7573 192.735
21.7621 193.443
21.7669 191.124
21.7717 189.096
21.7765 187.321
21.7813 185.768
21.7861 184.41
21.7909 183.22
21.7957 182.18
21.8005 181.27
21.8053 180.473
21.8102 179.776
21.815 179.063
21.821 178.646
21.8258 178.281
21.8306 177.961
21.8354 177.682
21.8402 177.438
21.845 177.224
21.8498 177.037
21.8546 176.873
21.8594 176.729
21.8642 176.604
21.869 176.494
21.8738 176.295
21.8786 176.224
21.8835 176.162
22.1827 178.162
22.4001 176.162
22.8399 173.961
23.7483 173.122
23.8565 175.122
24.0632 173.122
25.1842 172.422
25.5207 174.422
25.7298 172.422
26.4183 172.056
27.1873 174.056
27.3952 172.056
27.4829 172.84
28.8527 174.84
29.0606 172.84
29.1423 172.914
29.1615 173.75
30.5182 175.75
30.7248 173.75
30.8017 173.805
30.821 173.859
30.845 174.642
30.8943 174.718
31.8868 117.154
31.8868 4
31.8916 6
31.8916 4
31.8964 6
31.8964 4
31.9012 6
31.9012 4
31.906 6
31.906 4
31.9108 6
31.9108 4
31.9156 6
31.9156 4
31.9204 6
31.9204 4
31.9264 6
31.9264 4
31.9312 6
31.9312 4
31.936 6
31.936 4
31.9408 6
31.9408 4
31.9457 6
31.9457 4
31.9505 6
31.9505 4
31.9553 6
31.9553 4
31.9601 6
31.9601 4
31.9649 6
31.9649 4
31.9697 6
31.9697 4
31.9745 6
31.9745 4
31.9805 6
31.9805 4
31.9853 6
31.9853 4
31.9901 6
31.9901 4
31.9949 6
31.9949 4
31.9997 6
31.9997 4
32.0045 6
32.0045 4
32.0093 6
32.0093 4
32.0141 6
32.0141 4
32.0189 6
32.0189 4
32.0238 6
32.0238 4
32.0286 6
32.0286 4
32.0346 6
32.0346 4
32.0394 6
32.0394 4
32.0442 6
32.0442 4
32.049 6
32.049 4
32.0538 6
32.0538 4
32.0586 6
32.0586 4
32.0634 6
32.0634 4
32.0682 6
32.0682 4
32.073 6
32.073 4
32.0778 6
32.0778 4
32.0826 6
32.0826 4
32.0886 6
32.0886 4
32.0934 6
32.0934 4
32.0983 6
32.0983 4
32.1031 6
32.1031 4
32.1079 6
32.1079 4
32.1127 6
32.1127 4
32.1175 6
32.1175 4
32.1223 6
32.1223 4
32.1271 6
32.1271 4
32.1319 6
32.1319 4
32.1367 6
32.1367 4
32.1427 6
32.1427 4
32.1475 6
32.1475 4
32.1523 6
32.1523 4
32.1571 6
32.1571 4
32.3538 176.735
32.3538 178.735
32.3611 180.735
32.5577 182.735
32.5626 184.735
32.5675 186.735
32.5724 188.735
32.5781 190.735
32.5829 192.735
32.5877 194.735
32.5925 196.506
32.5973 193.626
32.6021 191.106
32.6069 188.798
32.6117 186.778
32.6177 185.114
32.6225 183.657
32.6273 182.486
32.6321 181.461
32.6369 180.461
32.6417 179.587
32.6466 178.821
32.6514 178.152
32.6562 177.566
32.6622 177.156
32.667 176.797
32.6718 176.483
32.6766 176.209
32.6814 175.968
32.6862 175.758
32.691 175.574
32.6958 175.31
32.7006 175.182
32.7066 175.173
32.7114 175.164
32.7162 175.157
32.7211 175.151
32.7259 175.043
32.7307 174.948
32.7355 174.865
33.4276 176.865
33.6247 175.269
33.6391 173.269
33.6727 174.265
33.7172 174.378
35.111 176.378
35.3225 174.378
36.3054 173.514
36.7933 175.514
37.006 173.514
37.3028 173.625
37.3412 174.205
38.4767 176.205
38.6882 174.205
39.0331 174.378
39.0379 175.032
39.0427 175.671
39.0523 176.345
40.159 178.345
40.3716 176.345
40.761 176.413
40.7766 177.025
40.7862 178.28
40.8006 178.943
41.8448 180.943
42.0551 178.943
42.5285 179.231
42.5381 180.398
42.5658 180.443
42.74 156.485
42.74 4
42.7448 6
42.7448 4
42.7508 6
42.7508 4
42.7556 6
42.7556 4
42.7604 6
42.7604 4
42.7652 6
42.7652 4
42.77 6
42.77 4
42.7748 6
42.7748 4
42.7796 6
42.7796 4
42.7845 6
42.7845 4
42.7893 6
42.7893 4
42.7941 6
42.7941 4
42.7989 6
42.7989 4
42.8037 6
42.8037 4
42.8085 6
42.8085 4
42.8145 6
42.8145 4
42.8193 6
42.8193 4
42.8241 6
42.8241 4
42.8289 6
42.8289 4
42.8337 6
42.8337 4
42.8385 6
42.8385 4
42.8433 6
42.8433 4
42.8481 6
42.8481 4
42.8529 6
42.8529 4
42.8578 6
42.8578 4
42.8626 6
42.8626 4
42.8674 6
42.8674 4
42.8722 6
42.8722 4
42.877 6
42.877 4
42.883 6
42.883 4
42.8878 6
42.8878 4
42.8926 6
42.8926 4
42.8974 6
42.8974 4
42.9022 6
42.9022 4
42.907 6
42.907 4
42.9118 6
42.9118 4
42.9166 6
42.9166 4
42.9214 6
42.9214 4
42.9262 6
42.9262 4
42.931 6
42.931 4
42.9359 6
42.9359 4
42.9407 6
42.9407 4
42.9455 6
42.9455 4
42.9503 6
42.9503 4
42.9551 6
42.9551 4
42.9611 6
42.9611 4
42.9659 6
42.9659 4
42.9707 6
42.9707 4
42.9755 6
42.9755 4
42.9803 6
42.9803 4
42.9851 6
42.9851 4
42.9899 6
42.9899 4
42.9947 6
42.9947 4
42.9995 6
42.9995 4
43.0043 6
43.0043 4
43.0092 6
43.0092 4
43.014 6
43.014 4
43.0188 6
43.0188 4
43.0236 6
43.0236 4
43.0284 6
43.0284 4
43.0332 6
43.0332 4
43.038 6
43.038 4
43.0428 6
43.0428 4
43.0488 6
43.0488 4
43.0536 6
43.0536 4
43.0584 6
43.0584 4
43.0632 6
43.0632 4
43.068 6
43.068 4
43.0728 6
43.0728 4
43.0776 6
43.0776 4
43.0825 6
43.0825 4
43.0873 6
43.0873 4
43.0921 6
43.0921 4
43.0969 6
43.0969 4
43.1017 6
43.1017 4
43.1065 6
43.1065 4
43.3055 180.443
43.3055 182.443
43.3103 184.443
43.5094 186.443
43.5141 188.443
43.5188 190.443
43.5237 192.443
43.5297 194.443
43.5345 196.443
43.5393 198.443
43.5441 200.443
43.5489 202.443
43.5537 204.443
43.5585 203.564
43.5633 200.599
43.5681 198.004
43.5729 195.734
43.5777 193.748
43.5825 192.01
43.5873 190.595
43.5921 189.357
43.597 188.168
43.6018 187.128
43.6066 186.323
43.6114 185.619
43.6174 185.11
43.6222 184.769
43.627 184.366
43.6318 184.013
43.6366 183.704
43.6414 183.54
43.6462 183.396
43.651 183.27
43.6558 183.16
43.6606 183.064
43.6654 182.98
43.6703 182.906
43.6799 182.878
43.6847 182.817
43.7676 184.817
43.9875 182.817
45.463 178.605
45.4775 180.605
45.6889 178.605
45.7646 180.108
47.1741 182.108
47.3868 180.108
48.8732 182.108
48.9933 180.75
49.0847 178.75
50.5734 180.75
50.7861 178.75
50.8582 178.685
51.137 178.773
52.2773 180.773
52.49 178.773
53.6892 138.318
53.6892 4
53.694 6
53.694 4
53.6988 6
53.6988 4
53.7036 6
53.7036 4
53.7084 6
53.7084 4
53.7144 6
53.7144 4
53.7192 6
53.7192 4
53.724 6
53.724 4
53.7288 6
53.7288 4
53.7337 6
53.7337 4
53.7385 6
53.7385 4
53.7433 6
53.7433 4
53.7481 6
53.7481 4
53.7529 6
53.7529 4
53.7577 6
53.7577 4
53.7625 6
53.7625 4
53.7673 6
53.7673 4
53.7721 6
53.7721 4
53.7769 6
53.7769 4
53.7817 6
53.7817 4
53.7865 6
53.7865 4
53.7913 6
53.7913 4
53.7961 6
53.7961 4
53.8009 6
53.8009 4
53.8057 6
53.8057 4
53.8106 6
53.8106 4
53.8154 6
53.8154 4
53.8202 6
53.8202 4
53.8262 6
53.8262 4
53.831 6
53.831 4
53.8358 6
53.8358 4
53.8406 6
53.8406 4
53.8454 6
53.8454 4
53.8502 6
53.8502 4
53.855 6
53.855 4
53.8598 6
53.8598 4
53.8646 6
53.8646 4
53.8694 6
53.8694 4
53.8742 6
53.8742 4
53.879 6
53.879 4
53.8839 6
53.8839 4
53.8887 6
53.8887 4
53.8935 6
53.8935 4
53.8983 6
53.8983 4
53.9031 6
53.9031 4
53.9079 6
53.9079 4
53.9127 6
53.9127 4
53.9175 6
53.9175 4
53.9223 6
53.9223 4
53.9271 6
53.9271 4
53.9331 6
53.9331 4
53.9379 6
53.9379 4
53.9427 6
53.9427 4
53.9475 6
53.9475 4
53.9523 6
53.9523 4
53.9571 6
53.9571 4
53.962 6
53.962 4
53.9668 6
53.9668 4
53.9716 6
53.9716 4
53.9764 6
53.9764 4
53.9812 6
53.9812 4
53.986 6
53.986 4
53.9908 6
53.9908 4
53.9956 6
53.9956 4
54.0004 6
54.0004 4
54.0052 6
54.0052 4
54.01 6
54.01 4
54.2091 180.443
54.2091 182.443
54.2139 184.443
54.413 186.443
54.4178 188.443
54.4227 190.443
54.4286 192.443
54.4334 194.443
54.4382 196.443
54.443 198.443
54.4479 200.443
54.4527 197.502
54.4575 194.69
54.4623 192.229
54.4671 190.077
54.4719 188.193
54.4767 186.545
54.4815 185.102
54.4863 183.84
54.4911 182.736
54.4959 181.666
54.5007 180.834
54.5055 180.106
54.5103 179.468
54.5151 178.911
54.5199 178.319
54.5248 177.801
54.5296 177.452
54.5356 177.25
54.5404 177.073
54.5452 176.919
54.55 176.68
54.5548 176.575
54.5596 176.482
54.5644 176.401
54.5692 176.331
54.574 176.269
54.5788 176.111
54.5836 176.077
54.5884 176.047
54.5932 176.02
54.5981 175.997
54.6029 175.874
54.6077 175.765
54.6269 175.691
54.6317 175.606
54.6617 177.606
54.9069 178.206
54.9213 176.206
56.3788 178.206
56.5867 176.206
57.6597 175.471
58.0418 177.471
58.2497 175.471
58.311 176.206
58.3543 177.017
59.7024 179.017
59.9091 177.017
59.9932 177.806
61.3619 179.806
61.5685 177.806
61.6659 178.489
63.0225 180.489
63.2327 178.489
63.3493 179.059
64.635 129.494
64.635 4
64.6398 6
64.6398 4
64.6446 6
64.6446 4
64.6494 6
64.6494 4
64.6542 6
64.6542 4
64.659 6
64.659 4
64.6639 6
64.6639 4
64.6687 6
64.6687 4
64.6735 6
64.6735 4
64.6783 6
64.6783 4
64.6831 6
64.6831 4
64.6879 6
64.6879 4
64.6927 6
64.6927 4
64.6975 6
64.6975 4
64.7023 6
64.7023 4
64.7071 6
64.7071 4
64.7119 6
64.7119 4
64.7167 6
64.7167 4
64.7215 6
64.7215 4
64.7263 6
64.7263 4
64.7311 6
64.7311 4
64.736 6
64.736 4
64.7408 6
64.7408 4
64.7456 6
64.7456 4
64.7504 6
64.7504 4
64.7552 6
64.7552 4
64.76 6
64.76 4
64.7648 6
64.7648 4
64.7696 6
64.7696 4
64.7744 6
64.7744 4
64.7792 6
64.7792 4
64.784 6
64.784 4
64.7888 6
64.7888 4
64.7936 6
64.7936 4
64.7984 6
64.7984 4
64.8032 6
64.8032 4
64.808 6
64.808 4
64.8129 6
64.8129 4
64.8177 6
64.8177 4
64.8225 6
64.8225 4
64.8273 6
64.8273 4
64.8321 6
64.8321 4
64.8369 6
64.8369 4
64.8417 6
64.8417 4
64.8465 6
64.8465 4
64.8513 6
64.8513 4
64.8561 6
64.8561 4
64.8609 6
64.8609 4
64.8657 6
64.8657 4
64.8705 6
64.8705 4
64.8753 6
64.8753 4
64.8801 6
64.8801 4
64.8837 6
64.8837 4
64.8886 6
64.8886 4
64.8934 6
64.8934 4
64.8982 6
64.8982 4
64.903 6
64.903 4
64.9078 6
64.9078 4
64.9126 6
64.9126 4
64.9174 6
64.9174 4
64.9222 6
64.9222 4
64.927 6
64.927 4
65.1237 180.443
65.1237 182.443
65.1309 184.443
65.3276 186.443
65.3323 188.443
65.337 190.443
65.3417 192.443
65.3465 194.443
65.3512 196.443
65.3559 198.443
65.3607 200.443
65.3655 202.443
65.3703 200.47
65.3751 197.718
65.3799 195.203
65.3847 193.003
65.3895 191.078
65.3943 189.499
65.3991 188.118
65.4039 186.804
65.4087 185.653
65.4136 184.753
65.4184 183.965
65.4232 183.276
65.428 182.672
65.4328 182.144
65.4376 181.682
65.4424 181.278
65.4472 181.03
65.452 180.814
65.4568 180.518
65.4616 180.259
65.4664 180.139
65.4712 180.033
65.476 179.941
65.4808 179.86
65.4856 179.789
65.4905 179.728
65.4953 179.673
65.5097 179.63
65.5145 179.588
65.9567 177.432
65.9855 179.432
66.1922 177.432
66.233 178.573
66.2547 180.379
67.6497 182.379
67.8588 180.379
68.0054 180.443
69.3236 182.443
69.5338 180.443
70.9974 182.443
71.2077 180.443
71.5417 178.586
72.67 180.586
72.8803 178.586
74.005 177.22
74.3438 179.22
74.5541 177.22
75.5178 166.448
75.5178 4
75.5226 6
75.5226 4
75.5274 6
75.5274 4
75.5322 6
75.5322 4
75.537 6
75.537 4
75.5418 6
75.5418 4
75.5466 6
75.5466 4
75.5515 6
75.5515 4
75.5563 6
75.5563 4
75.5611 6
75.5611 4
75.5659 6
75.5659 4
75.5707 6
75.5707 4
75.5755 6
75.5755 4
75.5803 6
75.5803 4
75.5851 6
75.5851 4
75.5899 6
75.5899 4
75.5947 6
75.5947 4
75.5995 6
75.5995 4
75.6055 6
75.6055 4
75.6103 6
75.6103 4
75.6151 6
75.6151 4
75.6199 6
75.6199 4
75.6248 6
75.6248 4
75.6296 6
75.6296 4
75.6344 6
75.6344 4
75.6392 6
75.6392 4
75.644 6
75.644 4
75.6488 6
75.6488 4
75.6536 6
75.6536 4
75.6584 6
75.6584 4
75.6632 6
75.6632 4
75.668 6
75.668 4
75.6728 6
75.6728 4
75.6776 6
75.6776 4
75.6824 6
75.6824 4
75.6872 6
75.6872 4
75.692 6
75.692 4
75.6968 6
75.6968 4
75.7029 6
75.7029 4
75.7077 6
75.7077 4
75.7125 6
75.7125 4
75.7173 6
75.7173 4
75.7221 6
75.7221 4
75.7269 6
75.7269 4
75.7317 6
75.7317 4
75.7365 6
75.7365 4
75.7413 6
75.7413 4
75.7461 6
75.7461 4
75.7509 6
75.7509 4
75.7557 6
75.7557 4
75.7605 6
75.7605 4
75.7653 6
75.7653 4
75.7701 6
75.7701 4
75.775 6
75.775 4
75.7798 6
75.7798 4
75.7846 6
75.7846 4
75.7894 6
75.7894 4
75.7942 6
75.7942 4
75.8002 6
75.8002 4
75.805 6
75.805 4
75.8098 6
75.8098 4
75.8146 6
75.8146 4
75.8194 6
75.8194 4
75.8242 6
75.8242 4
75.829 6
75.829 4
75.8338 6
75.8338 4
75.8386 6
75.8386 4
75.8434 6
75.8434 4
75.8482 6
75.8482 4
75.8531 6
75.8531 4
75.8579 6
75.8579 4
75.8627 6
75.8627 4
75.8675 6
75.8675 4
75.8723 6
75.8723 4
75.8771 6
75.8771 4
75.8819 6
75.8819 4
75.8867 6
75.8867 4
75.8915 6
75.8915 4
75.8975 6
75.8975 4
75.9023 6
75.9023 4
75.9071 6
75.9071 4
76.1062 180.443
76.1062 182.443
76.111 184.443
76.3101 186.443
76.3149 188.443
76.3198 190.443
76.3257 192.443
76.3305 194.443
76.3353 196.443
76.3401 198.443
76.3449 200.443
76.3497 202.443
76.3545 204.443
76.3593 202.423
76.3641 199.012
76.3689 195.923
76.3737 193.323
76.3785 191.048
76.3833 189.059
76.3882 187.317
76.393 185.69
76.3978 184.369
76.4038 183.318
76.4086 182.398
76.4134 181.593
76.4182 180.888
76.423 180.169
76.4278 179.642
76.4326 179.182
76.4374 178.778
76.4422 178.426
76.447 178.117
76.4518 177.847
76.4566 177.611
76.4615 177.405
76.4663 177.224
76.4711 177.065
76.4759 176.823
76.4819 176.818
76.4867 176.815
76.4915 176.811
76.4963 176.808
76.5011 176.806
76.5059 176.7
76.5299 176.639
76.554 176.607
76.9841 178.607
77.2076 176.607
77.6366 176.216
78.676 178.216
78.8851 176.216
79.7791 175.566
80.3534 177.566
80.5625 175.566
81.7845 174.815
82.0333 176.815
82.2436 174.815
82.5824 174.965
83.7131 176.965
83.9246 174.965
84.2827 175.032
85.399 177.032
85.6104 175.032
86.0202 175.096
86.5573 125.107
86.5573 4
86.5621 6
86.5621 4
86.5681 6
86.5681 4
86.5729 6
86.5729 4
86.5777 6
86.5777 4
86.5825 6
86.5825 4
86.5873 6
86.5873 4
86.5921 6
86.5921 4
86.5969 6
86.5969 4
86.6018 6
86.6018 4
86.6066 6
86.6066 4
86.6126 6
86.6126 4
86.6174 6
86.6174 4
86.6222 6
86.6222 4
86.627 6
86.627 4
86.6318 6
86.6318 4
86.6366 6
86.6366 4
86.6414 6
86.6414 4
86.6462 6
86.6462 4
86.651 6
86.651 4
86.6558 6
86.6558 4
86.6618 6
86.6618 4
86.6666 6
86.6666 4
86.6714 6
86.6714 4
86.6763 6
86.6763 4
86.6811 6
86.6811 4
86.6859 6
86.6859 4
86.6907 6
86.6907 4
86.6955 6
86.6955 4
86.7003 6
86.7003 4
86.7051 6
86.7051 4
86.7111 6
86.7111 4
86.7159 6
86.7159 4
86.7207 6
86.7207 4
86.7255 6
86.7255 4
86.7303 6
86.7303 4
86.7351 6
86.7351 4
86.7399 6
86.7399 4
86.7447 6
86.7447 4
86.7496 6
86.7496 4
86.7544 6
86.7544 4
86.7604 6
86.7604 4
86.7652 6
86.7652 4
86.77 6
86.77 4
86.7748 6
86.7748 4
86.7796 6
86.7796 4
86.7844 6
86.7844 4
86.7892 6
86.7892 4
86.794 6
86.794 4
86.7988 6
86.7988 4
86.8048 6
86.8048 4
86.8096 6
86.8096 4
86.8144 6
86.8144 4
86.8192 6
86.8192 4
86.8216 6
86.8216 4
86.824 6
86.824 4
86.8265 6
86.8265 4
86.8289 6
86.8289 4
86.8313 6
86.8313 4
86.8337 6
86.8337 4
87.0328 180.443
87.0328 182.443
87.0376 184.443
87.2367 186.443
87.2415 188.443
87.2475 190.443
87.2524 192.443
87.2572 194.443
87.262 196.443
87.2668 198.443
87.2716 200.372
87.2764 197.028
87.2812 194.104
87.286 191.441
87.292 189.318
87.2968 187.357
87.3016 185.744
87.3064 184.332
87.3112 183.097
87.316 182.017
87.3208 180.968
87.3257 180.051
87.3305 179.248
87.3353 178.546
87.3413 178.137
87.3461 177.779
87.3509 177.363
87.3557 176.999
87.3605 176.681
87.3653 176.402
87.3701 176.158
87.3749 175.945
87.3797 175.758
87.3845 175.595
87.3905 175.555
87.3953 175.52
87.4002 175.49
87.405 175.36
87.4098 175.349
87.4146 175.34
87.4194 175.331
87.4242 175.325
87.429 175.215
87.9072 177.215
88.1175 175.215
89.2698 174.934
89.5823 176.934
89.7949 174.934
90.1206 175.084
90.1398 175.738
91.2621 177.738
91.47 175.738
91.8653 175.875
92.9323 177.875
93.1402 175.875
94.6061 177.875
94.814 175.875
95.1649 175.331
95.3271 175.482
96.2848 177.482
96.4975 175.482
97.0274 175.61
97.0322 176.14
97.4335 162.357
97.4335 4
97.4383 6
97.4383 4
97.4443 6
97.4443 4
97.4491 6
97.4491 4
97.4539 6
97.4539 4
97.4587 6
97.4587 4
97.4636 6
97.4636 4
97.4684 6
97.4684 4
97.4732 6
97.4732 4
97.478 6
97.478 4
97.4828 6
97.4828 4
97.4876 6
97.4876 4
97.4936 6
97.4936 4
97.4984 6
97.4984 4
97.5032 6
97.5032 4
97.508 6
97.508 4
97.5128 6
97.5128 4
97.5176 6
97.5176 4
97.5224 6
97.5224 4
97.5272 6
97.5272 4
97.532 6
97.532 4
97.5368 6
97.5368 4
97.5429 6
97.5429 4
97.5477 6
97.5477 4
97.5525 6
97.5525 4
97.5573 6
97.5573 4
97.5621 6
97.5621 4
97.5669 6
97.5669 4
97.5717 6
97.5717 4
97.5765 6
97.5765 4
97.5813 6
97.5813 4
97.5861 6
97.5861 4
97.5921 6
97.5921 4
97.5969 6
97.5969 4
97.6017 6
97.6017 4
97.6065 6
97.6065 4
97.6113 6
97.6113 4
97.6162 6
97.6162 4
97.621 6
97.621 4
97.6258 6
97.6258 4
97.6306 6
97.6306 4
97.6366 6
97.6366 4
97.6414 6
97.6414 4
97.6462 6
97.6462 4
97.651 6
97.651 4
97.6558 6
97.6558 4
97.6606 6
97.6606 4
97.6654 6
97.6654 4
97.6702 6
97.6702 4
97.675 6
97.675 4
97.6798 6
97.6798 4
97.6858 6
97.6858 4
97.6907 6
97.6907 4
97.6955 6
97.6955 4
97.7003 6
97.7003 4
97.7051 6
97.7051 4
97.7099 6
97.7099 4
97.7147 6
97.7147 4
97.7195 6
97.7195 4
97.7243 6
97.7243 4
97.7291 6
97.7291 4
97.7351 6
97.7351 4
97.7399 6
97.7399 4
97.7447 6
97.7447 4
97.7495 6
97.7495 4
97.7543 6
97.7543 4
97.7591 6
97.7591 4
97.764 6
97.764 4
97.7688 6
97.7688 4
97.7736 6
97.7736 4
97.7784 6
97.7784 4
97.7844 6
97.7844 4
97.7892 6
97.7892 4
97.794 6
97.794 4
97.7964 6
97.7964 4
97.7988 6
97.7988 4
97.8012 6
97.8012 4
97.8036 6
97.8036 4
97.806 6
97.806 4
98.0075 180.443
98.0075 182.443
98.0124 184.443
98.2114 186.443
98.2163 188.443
98.2223 190.443
98.2271 192.443
98.2319 194.443
98.2367 196.443
98.2415 198.443
98.2463 200.443
98.2511 202.443
98.2559 204.115
98.2607 200.419
98.2655 197.185
98.2715 194.459
98.2763 192.073
98.2812 189.985
98.286 188.055
98.2908 186.47
98.2956 185.083
98.3004 183.869
98.3052 182.807
98.31 181.774
98.316 180.974
98.3208 180.378
98.3256 179.855
98.3304 179.398
98.3352 178.999
98.34 178.648
98.3448 178.239
98.3496 177.984
98.3544 177.761
98.3593 177.566
98.3653 177.499
98.3701 177.44
98.3749 177.285
98.3797 177.253
98.3845 177.224
98.3893 177.2
98.3941 177.178
98.3989 177.056
98.4037 176.949
98.6801 178.949
98.894 176.949
99.8048 173.632
