0.200111 10
0.401609 11
0.406416 13
0.411222 15
0.416029 17
0.420835 19
0.616944 21
0.630785 23
0.644626 25
0.658467 27
0.672307 29
0.686148 31
0.699989 33
0.71383 35
0.804597 37
0.818438 39
0.832279 41
0.846119 43
0.85996 45
0.873801 47
0.886619 49
0.898521 51
0.908821 53
0.94407 55
0.952615 57
0.96116 59
0.969705 61
0.97825 63
1.00609 65
1.01464 67
1.02318 69
1.03146 71
1.03974 73
1.04802 75
1.0563 77
1.06458 79
1.07285 81
1.08113 83
1.08941 85
1.09769 87
1.10597 89
1.11425 91
1.12253 93
1.13081 95
1.13909 97
1.14736 99
1.15521 101
1.16249 103
1.16952 105
1.17611 107
1.18248 109
1.18847 111
1.19447 113
1.20046 115
1.20646 117
1.21243 119
1.21838 121
1.224 123
1.22935 125
1.23416 127
1.23896 129
1.24377 131
1.24857 133
1.25338 135
1.25819 137
1.26299 139
1.2678 141
1.27261 143
1.27741 145
1.28222 147
1.28703 149
1.29183 151
1.29664 153
1.30145 155
1.30625 157
1.31106 159
1.31586 161
1.32067 163
1.32548 165
1.33028 167
1.33509 169
1.3399 171
1.3447 173
1.34951 175
1.35432 177
1.35912 179
1.36393 181
1.36873 183
1.37354 185
1.37835 187
1.38315 189
1.38796 191
1.39277 193
1.39757 195
1.40238 197
1.40719 199
1.41199 201
1.4168 203
1.42161 205
1.42641 207
1.43122 209
1.43602 211
1.44083 213
1.44564 215
1.45044 217
1.45525 219
1.46006 221
1.46486 223
1.46967 225
1.47448 227
1.47928 229
1.48409 231
1.48889 233
1.4937 235
1.49851 237
1.50331 239
1.50692 241
1.51173 243
1.51653 245
1.65592 247
1.66072 249
3.2192 249.589
3.81279 176.265
4.01466 174.265
5.40851 172.334
5.42293 174.334
5.6248 172.334
5.68008 173.126
7.04029 175.126
7.24216 173.126
7.31545 173.88
7.38154 174.527
8.65043 176.527
8.8511 174.527
8.94723 175.244
9.13227 175.439
10.2029 122.344
10.2029 4
10.2077 6
10.2077 4
10.2125 6
10.2125 4
10.2173 6
10.2173 4
10.2221 6
10.2221 4
10.2269 6
10.2269 4
10.2317 6
10.2317 4
10.2365 6
10.2365 4
10.2413 6
10.2413 4
10.245 6
10.245 4
10.2498 6
10.2498 4
10.2546 6
10.2546 4
10.2594 6
10.2594 4
10.2642 6
10.2642 4
10.269 6
10.269 4
10.2738 6
10.2738 4
10.2786 6
10.2786 4
10.2834 6
10.2834 4
10.2882 6
10.2882 4
10.293 6
10.293 4
10.2978 6
10.2978 4
10.3026 6
10.3026 4
10.3074 6
10.3074 4
10.3122 6
10.3122 4
10.317 6
10.317 4
10.3219 6
10.3219 4
10.3267 6
10.3267 4
10.3315 6
10.3315 4
10.3363 6
10.3363 4
10.3411 6
10.3411 4
10.3459 6
10.3459 4
10.3507 6
10.3507 4
10.3555 6
10.3555 4
10.3603 6
10.3603 4
10.3651 6
10.3651 4
10.3699 6
10.3699 4
10.3747 6
10.3747 4
10.3795 6
10.3795 4
10.3843 6
10.3843 4
10.3891 6
10.3891 4
10.394 6
10.394 4
10.3988 6
10.3988 4
10.4036 6
10.4036 4
10.4084 6
10.4084 4
10.4132 6
10.4132 4
10.418 6
10.418 4
10.4228 6
10.4228 4
10.4276 6
10.4276 4
10.4324 6
10.4324 4
10.4372 6
10.4372 4
10.442 6
10.442 4
10.4468 6
10.4468 4
10.4516 6
10.4516 4
10.4564 6
10.4564 4
10.4612 6
10.4612 4
10.4648 6
10.4648 4
10.4697 6
10.4697 4
10.4745 6
10.4745 4
10.4793 6
10.4793 4
10.6784 175.439
10.6784 177.439
10.6832 179.439
10.8823 181.439
10.8871 183.439
10.8919 185.439
10.8967 187.439
10.9015 189.439
10.9063 191.439
10.9111 193.439
10.9159 195.439
10.9207 194.068
10.9255 192.272
10.9303 190.7
10.9351 189.432
10.9399 188.215
10.9447 187.151
10.9495 186.22
10.9543 185.511
10.9592 184.892
10.964 184.242
10.9688 183.781
10.9736 183.378
10.9784 183.024
10.9832 182.822
10.988 182.538
10.9916 182.184
10.9964 181.873
11.0012 181.708
11.006 181.564
11.0108 181.331
11.0156 181.233
11.0204 181.148
11.0252 181.074
11.0349 181.045
11.0397 180.983
11.1214 182.983
11.3497 180.983
11.7823 178.747
12.8156 180.747
13.0259 178.747
13.9331 178.56
14.4883 180.56
14.6985 178.56
14.7826 179.279
16.1621 181.279
16.3712 179.279
17.8323 181.279
18.0426 179.279
18.1159 179.983
18.3442 180.176
19.4977 182.176
19.7056 180.176
19.7885 181.421
19.8113 182.112
19.9291 182.403
21.0418 124.376
21.0418 4
21.0466 6
21.0466 4
21.0514 6
21.0514 4
21.0562 6
21.0562 4
21.061 6
21.061 4
21.0658 6
21.0658 4
21.0706 6
21.0706 4
21.0754 6
21.0754 4
21.0802 6
21.0802 4
21.085 6
21.085 4
21.0886 6
21.0886 4
21.0935 6
21.0935 4
21.0983 6
21.0983 4
21.1031 6
21.1031 4
21.1079 6
21.1079 4
21.1127 6
21.1127 4
21.1175 6
21.1175 4
21.1223 6
21.1223 4
21.1271 6
21.1271 4
21.1319 6
21.1319 4
21.1367 6
21.1367 4
21.1415 6
21.1415 4
21.1463 6
21.1463 4
21.1511 6
21.1511 4
21.1547 6
21.1547 4
21.1595 6
21.1595 4
21.1643 6
21.1643 4
21.1692 6
21.1692 4
21.174 6
21.174 4
21.1788 6
21.1788 4
21.1836 6
21.1836 4
21.1884 6
21.1884 4
21.1932 6
21.1932 4
21.198 6
21.198 4
21.2028 6
21.2028 4
21.2076 6
21.2076 4
21.2124 6
21.2124 4
21.2172 6
21.2172 4
21.2208 6
21.2208 4
21.2256 6
21.2256 4
21.2304 6
21.2304 4
21.2352 6
21.2352 4
21.24 6
21.24 4
21.2449 6
21.2449 4
21.2497 6
21.2497 4
21.2545 6
21.2545 4
21.2593 6
21.2593 4
21.2641 6
21.2641 4
21.2689 6
21.2689 4
21.2737 6
21.2737 4
21.2785 6
21.2785 4
21.2833 6
21.2833 4
21.2869 6
21.2869 4
21.2917 6
21.2917 4
21.2965 6
21.2965 4
21.3013 6
21.3013 4
21.3061 6
21.3061 4
21.3109 6
21.3109 4
21.3157 6
21.3157 4
21.3206 6
21.3206 4
21.5196 182.403
21.5196 184.403
21.5244 186.403
21.7234 188.403
21.728 190.403
21.7332 192.403
21.738 194.403
21.7428 196.403
21.7477 198.403
21.7525 200.403
21.7561 198.035
21.7609 195.812
21.7657 193.867
21.7705 192.165
21.7753 190.783
21.7801 189.574
21.7849 188.408
21.7897 187.496
21.7945 186.698
21.7993 185.999
21.8041 185.495
21.809 184.947
21.8138 184.467
21.8186 184.155
21.8222 183.774
21.827 183.334
21.8318 183.055
21.8366 182.812
21.8414 182.706
21.8462 182.614
21.851 182.533
21.8558 182.463
21.8606 182.401
21.8654 182.347
21.8931 182.338
21.8979 182.292
21.9027 182.251
21.9075 182.216
22.167 184.216
22.3929 182.216
22.614 181.492
23.8433 183.492
24.0499 181.492
24.1052 181.881
24.1328 182.657
25.5195 184.657
25.7286 182.657
27.1981 184.657
27.4072 182.657
28.8684 184.657
29.0786 182.657
29.1736 182.54
30.2334 182.043
30.5386 184.043
30.7489 182.043
31.1394 182.307
31.9096 122.386
31.9096 4
31.9144 6
31.9144 4
31.9192 6
31.9192 4
31.924 6
31.924 4
31.9276 6
31.9276 4
31.9324 6
31.9324 4
31.9372 6
31.9372 4
31.942 6
31.942 4
31.9469 6
31.9469 4
31.9517 6
31.9517 4
31.9565 6
31.9565 4
31.9613 6
31.9613 4
31.9661 6
31.9661 4
31.9709 6
31.9709 4
31.9757 6
31.9757 4
31.9793 6
31.9793 4
31.9841 6
31.9841 4
31.9889 6
31.9889 4
31.9937 6
31.9937 4
31.9985 6
31.9985 4
32.0033 6
32.0033 4
32.0081 6
32.0081 4
32.0129 6
32.0129 4
32.0177 6
32.0177 4
32.0226 6
32.0226 4
32.0274 6
32.0274 4
32.0322 6
32.0322 4
32.0358 6
32.0358 4
32.0406 6
32.0406 4
32.0454 6
32.0454 4
32.0502 6
32.0502 4
32.055 6
32.055 4
32.0598 6
32.0598 4
32.0646 6
32.0646 4
32.0694 6
32.0694 4
32.0742 6
32.0742 4
32.079 6
32.079 4
32.0838 6
32.0838 4
32.0874 6
32.0874 4
32.0922 6
32.0922 4
32.0971 6
32.0971 4
32.1019 6
32.1019 4
32.1067 6
32.1067 4
32.1115 6
32.1115 4
32.1163 6
32.1163 4
32.1211 6
32.1211 4
32.1259 6
32.1259 4
32.1307 6
32.1307 4
32.1355 6
32.1355 4
32.1391 6
32.1391 4
32.1439 6
32.1439 4
32.1487 6
32.1487 4
32.1535 6
32.1535 4
32.1583 6
32.1583 4
32.1619 6
32.1619 4
32.1643 6
32.1643 4
32.1667 6
32.1667 4
32.1691 6
32.1691 4
32.1716 6
32.1716 4
32.373 182.403
32.373 184.403
32.3776 186.403
32.5769 188.403
32.5817 190.403
32.5865 192.403
32.5913 194.403
32.5961 196.403
32.6009 198.403
32.6057 199.968
32.6105 197.81
32.6141 195.922
32.6189 194.162
32.6237 192.621
32.6285 191.382
32.6333 190.297
32.6381 189.456
32.6429 188.613
32.6478 187.874
32.6526 187.336
32.6574 186.866
32.661 186.238
32.6658 185.796
32.6706 185.41
32.6754 185.18
32.6802 184.979
32.685 184.803
32.6898 184.649
32.6946 184.515
32.6994 184.505
32.7042 184.497
32.7078 184.273
32.7126 184.185
32.7174 184.108
32.7223 184.041
32.7319 184.026
32.7547 184.024
33.4432 186.024
33.6499 184.024
34.6076 181.673
34.622 182.187
35.105 184.187
35.3117 182.187
36.7728 184.187
36.9795 182.187
37.0468 182.52
37.066 183.238
38.4359 185.238
38.6425 183.238
38.7411 184.477
38.7819 184.986
40.1037 186.986
40.3104 184.986
40.5327 185.24
41.7643 187.24
41.9722 185.24
42.7592 161.01
42.7592 4
42.764 6
42.764 4
42.7688 6
42.7688 4
42.7736 6
42.7736 4
42.7784 6
42.7784 4
42.7833 6
42.7833 4
42.7881 6
42.7881 4
42.7929 6
42.7929 4
42.7977 6
42.7977 4
42.8025 6
42.8025 4
42.8073 6
42.8073 4
42.8121 6
42.8121 4
42.8157 6
42.8157 4
42.8205 6
42.8205 4
42.8253 6
42.8253 4
42.8301 6
42.8301 4
42.8349 6
42.8349 4
42.8397 6
42.8397 4
42.8445 6
42.8445 4
42.8493 6
42.8493 4
42.8541 6
42.8541 4
42.859 6
42.859 4
42.8638 6
42.8638 4
42.8686 6
42.8686 4
42.8734 6
42.8734 4
42.8782 6
42.8782 4
42.8818 6
42.8818 4
42.8866 6
42.8866 4
42.8914 6
42.8914 4
42.8962 6
42.8962 4
42.901 6
42.901 4
42.9058 6
42.9058 4
42.9106 6
42.9106 4
42.9154 6
42.9154 4
42.9202 6
42.9202 4
42.925 6
42.925 4
42.9298 6
42.9298 4
42.9347 6
42.9347 4
42.9395 6
42.9395 4
42.9443 6
42.9443 4
42.9491 6
42.9491 4
42.9539 6
42.9539 4
42.9575 6
42.9575 4
42.9623 6
42.9623 4
42.9671 6
42.9671 4
42.9719 6
42.9719 4
42.9767 6
42.9767 4
42.9815 6
42.9815 4
42.9863 6
42.9863 4
42.9911 6
42.9911 4
42.9959 6
42.9959 4
43.0007 6
43.0007 4
43.0055 6
43.0055 4
43.0104 6
43.0104 4
43.0152 6
43.0152 4
43.02 6
43.02 4
43.0248 6
43.0248 4
43.0296 6
43.0296 4
43.0344 6
43.0344 4
43.0392 6
43.0392 4
43.044 6
43.044 4
43.0476 6
43.0476 4
43.0524 6
43.0524 4
43.0572 6
43.0572 4
43.062 6
43.062 4
43.0668 6
43.0668 4
43.0716 6
43.0716 4
43.0764 6
43.0764 4
43.0812 6
43.0812 4
43.0861 6
43.0861 4
43.0909 6
43.0909 4
43.0957 6
43.0957 4
43.1005 6
43.1005 4
43.1053 6
43.1053 4
43.1089 6
43.1089 4
43.1113 6
43.1113 4
43.1137 6
43.1137 4
43.1161 6
43.1161 4
43.3152 185.24
43.3152 187.24
43.3199 189.24
43.5201 191.24
43.5249 193.24
43.5285 195.24
43.5333 197.24
43.5381 199.24
43.5429 201.24
43.5477 203.24
43.5525 205.24
43.5573 207.24
43.5621 209.24
43.5669 211.24
43.5717 212.606
43.5765 209.128
43.5813 206.194
43.5861 203.627
43.5909 201.381
43.5958 199.416
43.6006 197.696
43.6054 196.3
43.6102 195.079
43.6138 193.901
43.6186 192.871
43.6234 191.969
43.6282 191.289
43.633 190.695
43.6378 190.174
43.6426 189.718
43.6474 189.429
43.6522 189.176
43.657 188.954
43.6618 188.76
43.6666 188.59
43.6715 188.551
43.6763 188.517
43.6811 188.487
43.6859 188.461
43.6907 188.437
43.7135 188.423
43.7808 190.423
43.9514 190.397
43.9947 188.397
45.2131 182.743
45.4883 184.743
45.6998 182.743
46.917 182.281
47.1753 184.281
47.3856 182.281
48.4106 181.376
48.86 183.376
49.0714 181.376
50.267 181.222
50.5578 183.222
50.7681 181.222
50.8907 181.917
51.0529 182.336
52.2521 184.336
52.4624 182.336
52.6017 183.182
53.718 141.441
53.718 4
53.7228 6
53.7228 4
53.7276 6
53.7276 4
53.7324 6
53.7324 4
53.7373 6
53.7373 4
53.7421 6
53.7421 4
53.7469 6
53.7469 4
53.7517 6
53.7517 4
53.7565 6
53.7565 4
53.7613 6
53.7613 4
53.7661 6
53.7661 4
53.7709 6
53.7709 4
53.7757 6
53.7757 4
53.7805 6
53.7805 4
53.7853 6
53.7853 4
53.7901 6
53.7901 4
53.7949 6
53.7949 4
53.7997 6
53.7997 4
53.8045 6
53.8045 4
53.8094 6
53.8094 4
53.8142 6
53.8142 4
53.819 6
53.819 4
53.8226 6
53.8226 4
53.8274 6
53.8274 4
53.8322 6
53.8322 4
53.837 6
53.837 4
53.8418 6
53.8418 4
53.8466 6
53.8466 4
53.8514 6
53.8514 4
53.8562 6
53.8562 4
53.861 6
53.861 4
53.8658 6
53.8658 4
53.8706 6
53.8706 4
53.8754 6
53.8754 4
53.8802 6
53.8802 4
53.8851 6
53.8851 4
53.8899 6
53.8899 4
53.8947 6
53.8947 4
53.8995 6
53.8995 4
53.9043 6
53.9043 4
53.9091 6
53.9091 4
53.9139 6
53.9139 4
53.9187 6
53.9187 4
53.9235 6
53.9235 4
53.9283 6
53.9283 4
53.9319 6
53.9319 4
53.9367 6
53.9367 4
53.9415 6
53.9415 4
53.9463 6
53.9463 4
53.9511 6
53.9511 4
53.9559 6
53.9559 4
53.9608 6
53.9608 4
53.9656 6
53.9656 4
53.9704 6
53.9704 4
53.9752 6
53.9752 4
53.98 6
53.98 4
53.9848 6
53.9848 4
53.9896 6
53.9896 4
53.9944 6
53.9944 4
53.9992 6
53.9992 4
54.004 6
54.004 4
54.0088 6
54.0088 4
54.0124 6
54.0124 4
54.0148 6
54.0148 4
54.0172 6
54.0172 4
54.0196 6
54.0196 4
54.022 6
54.022 4
54.0244 6
54.0244 4
54.2235 185.24
54.2235 187.24
54.2283 189.24
54.4274 191.24
54.4322 193.24
54.437 195.24
54.4418 197.24
54.4467 199.24
54.4515 201.24
54.4563 203.24
54.4611 205.24
54.4659 207.24
54.4707 205.434
54.4755 202.104
54.4803 199.191
54.4851 196.642
54.4899 194.412
54.4947 192.461
54.4995 190.753
54.5043 189.259
54.5091 188.058
54.5139 186.901
54.5187 185.888
54.5236 185.108
54.5284 184.425
54.5332 183.828
54.5368 183.094
54.5416 182.557
54.5464 182.088
54.5512 181.677
54.556 181.317
54.5608 181.003
54.5656 180.727
54.5704 180.486
54.5752 180.382
54.58 180.29
54.5848 180.104
54.5896 180.047
54.5944 179.997
54.5993 179.953
54.6041 179.915
54.6089 179.882
54.6137 179.853
54.6185 179.827
54.6509 179.796
54.6557 179.777
54.6605 179.761
54.6653 179.747
54.6701 179.735
54.675 179.724
54.6798 181.714
54.6846 181.706
54.6894 181.699
54.9153 179.699
55.5485 178.423
56.38 180.423
56.4557 180.293
56.5903 178.293
58.0575 180.293
58.2665 178.293
58.4023 178.22
59.1425 178.032
59.7277 180.032
59.9344 178.032
61.1924 177.979
61.3895 179.979
61.5962 177.979
63.0501 179.979
63.1078 179.928
63.258 177.928
64.6915 128.981
64.6915 4
64.6963 6
64.6963 4
64.7011 6
64.7011 4
64.7059 6
64.7059 4
64.7107 6
64.7107 4
64.7155 6
64.7155 4
64.7203 6
64.7203 4
64.7251 6
64.7251 4
64.7299 6
64.7299 4
64.7347 6
64.7347 4
64.7396 6
64.7396 4
64.7444 6
64.7444 4
64.7492 6
64.7492 4
64.754 6
64.754 4
64.7588 6
64.7588 4
64.7636 6
64.7636 4
64.7684 6
64.7684 4
64.7732 6
64.7732 4
64.778 6
64.778 4
64.7828 6
64.7828 4
64.7876 6
64.7876 4
64.7924 6
64.7924 4
64.7972 6
64.7972 4
64.802 6
64.802 4
64.8068 6
64.8068 4
64.8117 6
64.8117 4
64.8165 6
64.8165 4
64.8213 6
64.8213 4
64.8261 6
64.8261 4
64.8309 6
64.8309 4
64.8357 6
64.8357 4
64.8405 6
64.8405 4
64.8453 6
64.8453 4
64.8501 6
64.8501 4
64.8549 6
64.8549 4
64.8597 6
64.8597 4
64.8645 6
64.8645 4
64.8693 6
64.8693 4
64.8741 6
64.8741 4
64.8789 6
64.8789 4
64.8849 6
64.8849 4
64.8898 6
64.8898 4
64.8946 6
64.8946 4
64.8994 6
64.8994 4
64.9042 6
64.9042 4
64.909 6
64.909 4
64.9138 6
64.9138 4
64.9186 6
64.9186 4
64.9234 6
64.9234 4
64.9282 6
64.9282 4
64.9318 6
64.9318 4
64.9342 6
64.9342 4
64.9366 6
64.9366 4
64.939 6
64.939 4
64.9414 6
64.9414 4
64.9438 6
64.9438 4
64.9462 6
64.9462 4
64.9486 6
64.9486 4
64.951 6
64.951 4
64.9534 6
64.9534 4
64.9558 6
64.9558 4
64.9582 6
64.9582 4
65.1573 185.24
65.1573 187.24
65.1621 189.24
65.3619 191.24
65.3667 193.24
65.3715 195.24
65.3763 197.24
65.3811 199.24
65.3859 201.24
65.3907 203.24
65.3955 204.347
65.4003 201.108
65.4051 198.38
65.4099 195.887
65.4148 193.706
65.4196 191.798
65.4244 190.233
65.4292 188.865
65.434 187.561
65.4388 186.526
65.4436 185.621
65.4484 184.829
65.4532 184.136
65.458 183.635
65.4628 183.091
65.4676 182.615
65.4724 182.199
65.4772 181.94
65.482 181.714
65.4869 181.41
65.4917 181.25
65.4965 181.11
65.5013 180.988
65.5061 180.881
65.5109 180.787
65.5157 180.704
65.5205 180.633
65.5253 180.57
65.5349 180.559
65.5397 180.506
66.0348 182.506
66.2451 180.506
66.5034 182.506
66.507 183.01
66.5202 183.805
66.5298 184.734
67.7146 186.734
67.9261 184.734
68.277 185.732
68.2866 186.441
68.2914 186.581
68.3106 186.726
68.3298 186.876
69.3908 188.876
69.5987 186.876
71.0575 188.876
71.2653 186.876
72.032 185.974
72.7349 187.974
72.9428 185.974
74.1095 182.409
74.4111 184.409
74.619 182.409
75.5406 170.439
75.5406 4
75.5454 6
75.5454 4
75.5503 6
75.5503 4
75.5551 6
75.5551 4
75.5599 6
75.5599 4
75.5647 6
75.5647 4
75.5695 6
75.5695 4
75.5743 6
75.5743 4
75.5791 6
75.5791 4
75.5839 6
75.5839 4
75.5887 6
75.5887 4
75.5935 6
75.5935 4
75.5983 6
75.5983 4
75.6019 6
75.6019 4
75.6067 6
75.6067 4
75.6115 6
75.6115 4
75.6163 6
75.6163 4
75.6211 6
75.6211 4
75.626 6
75.626 4
75.6308 6
75.6308 4
75.6356 6
75.6356 4
75.6404 6
75.6404 4
75.6452 6
75.6452 4
75.65 6
75.65 4
75.6548 6
75.6548 4
75.6596 6
75.6596 4
75.6644 6
75.6644 4
75.6692 6
75.6692 4
75.674 6
75.674 4
75.6788 6
75.6788 4
75.6836 6
75.6836 4
75.6884 6
75.6884 4
75.6932 6
75.6932 4
75.698 6
75.698 4
75.7017 6
75.7017 4
75.7065 6
75.7065 4
75.7113 6
75.7113 4
75.7161 6
75.7161 4
75.7209 6
75.7209 4
75.7257 6
75.7257 4
75.7305 6
75.7305 4
75.7353 6
75.7353 4
75.7401 6
75.7401 4
75.7449 6
75.7449 4
75.7497 6
75.7497 4
75.7545 6
75.7545 4
75.7593 6
75.7593 4
75.7641 6
75.7641 4
75.7689 6
75.7689 4
75.7737 6
75.7737 4
75.7786 6
75.7786 4
75.7834 6
75.7834 4
75.7882 6
75.7882 4
75.793 6
75.793 4
75.7978 6
75.7978 4
75.8014 6
75.8014 4
75.8062 6
75.8062 4
75.811 6
75.811 4
75.8158 6
75.8158 4
75.8206 6
75.8206 4
75.8254 6
75.8254 4
75.8302 6
75.8302 4
75.835 6
75.835 4
75.8398 6
75.8398 4
75.8446 6
75.8446 4
75.8494 6
75.8494 4
75.8543 6
75.8543 4
75.8591 6
75.8591 4
75.8639 6
75.8639 4
75.8687 6
75.8687 4
75.8735 6
75.8735 4
75.8783 6
75.8783 4
75.8831 6
75.8831 4
75.8879 6
75.8879 4
75.8927 6
75.8927 4
75.8963 6
75.8963 4
75.9011 6
75.9011 4
75.9059 6
75.9059 4
75.9095 6
75.9095 4
75.9119 6
75.9119 4
75.9143 6
75.9143 4
75.9167 6
75.9167 4
75.9191 6
75.9191 4
76.1206 185.24
76.1206 187.24
76.1252 189.24
76.3245 191.24
76.3293 193.24
76.3341 195.24
76.3389 197.24
76.3437 199.24
76.3485 201.24
76.3533 203.24
76.3581 205.24
76.3629 207.24
76.3677 209.24
76.3725 207.96
76.3773 204.505
76.3821 201.588
76.387 198.93
76.3918 196.604
76.3966 194.675
76.4002 192.88
76.405 191.203
76.4098 189.843
76.4146 188.652
76.4194 187.61
76.4242 186.806
76.429 186.102
76.4338 185.378
76.4386 184.853
76.4434 184.393
76.4482 183.991
76.453 183.745
76.4578 183.424
76.4627 183.143
76.4675 183.003
76.4723 182.882
76.4771 182.775
76.4807 182.575
76.4855 182.4
76.4903 182.247
76.4951 182.219
76.4999 182.088
76.5047 181.974
76.5239 181.89
76.9974 183.89
77.2125 181.89
78.3384 180.052
78.67 182.052
78.8791 180.052
79.3225 179.81
80.3426 181.81
80.5517 179.81
80.6358 180.383
82.0128 182.383
82.2207 180.383
82.294 181.961
83.6879 183.961
83.8958 181.961
83.9871 182.49
84.0099 183.175
85.3665 185.175
85.578 183.175
85.6825 183.617
85.7763 183.912
86.5249 131.11
86.5249 4
86.5297 6
86.5297 4
86.5345 6
86.5345 4
86.5393 6
86.5393 4
86.5441 6
86.5441 4
86.5489 6
86.5489 4
86.5537 6
86.5537 4
86.5585 6
86.5585 4
86.5633 6
86.5633 4
86.5669 6
86.5669 4
86.5717 6
86.5717 4
86.5765 6
86.5765 4
86.5813 6
86.5813 4
86.5861 6
86.5861 4
86.5909 6
86.5909 4
86.5957 6
86.5957 4
86.6006 6
86.6006 4
86.6054 6
86.6054 4
86.6102 6
86.6102 4
86.6138 6
86.6138 4
86.6186 6
86.6186 4
86.6234 6
86.6234 4
86.6282 6
86.6282 4
86.633 6
86.633 4
86.6378 6
86.6378 4
86.6426 6
86.6426 4
86.6474 6
86.6474 4
86.6522 6
86.6522 4
86.657 6
86.657 4
86.6606 6
86.6606 4
86.6654 6
86.6654 4
86.6702 6
86.6702 4
86.6751 6
86.6751 4
86.6799 6
86.6799 4
86.6847 6
86.6847 4
86.6895 6
86.6895 4
86.6943 6
86.6943 4
86.6991 6
86.6991 4
86.7039 6
86.7039 4
86.7075 6
86.7075 4
86.7123 6
86.7123 4
86.7171 6
86.7171 4
86.7219 6
86.7219 4
86.7267 6
86.7267 4
86.7315 6
86.7315 4
86.7363 6
86.7363 4
86.7411 6
86.7411 4
86.7459 6
86.7459 4
86.7508 6
86.7508 4
86.7556 6
86.7556 4
86.7592 6
86.7592 4
86.764 6
86.764 4
86.7688 6
86.7688 4
86.7736 6
86.7736 4
86.7784 6
86.7784 4
86.7832 6
86.7832 4
86.788 6
86.788 4
86.7928 6
86.7928 4
86.7976 6
86.7976 4
86.8024 6
86.8024 4
86.806 6
86.806 4
86.8108 6
86.8108 4
86.8156 6
86.8156 4
87.0123 185.24
87.0123 187.24
87.0194 189.24
87.2161 191.24
87.2208 193.24
87.2254 195.24
87.23 197.24
87.2354 199.24
87.2403 201.24
87.2439 203.24
87.2488 205.24
87.2536 207.24
87.2584 204.649
87.2632 201.858
87.268 199.308
87.2728 197.184
87.2776 195.327
87.2824 193.702
87.2872 192.387
87.2908 191.021
87.2956 189.934
87.3004 188.982
87.3052 188.15
87.31 187.529
87.3148 186.878
87.3196 186.309
87.3245 185.919
87.3293 185.577
87.3341 185.387
87.3389 185.112
87.3425 184.763
87.3473 184.566
87.3521 184.394
87.3569 184.135
87.3617 184.017
87.3665 183.913
87.3809 183.851
87.3893 183.79
87.3941 183.715
87.399 183.648
87.4038 183.591
87.8772 185.591
88.0887 183.591
88.1692 183.985
88.2581 184.297
89.5486 186.297
89.7589 184.297
89.867 184.856
91.2188 186.856
91.4291 184.856
91.667 184.881
92.8939 186.881
93.1041 184.881
94.5653 186.881
94.7756 184.881
95.07 184.297
96.2367 186.297
96.4434 184.297
96.6849 184.391
97.4083 170.067
97.4083 4
97.4131 6
97.4131 4
97.4179 6
97.4179 4
97.4227 6
97.4227 4
97.4275 6
97.4275 4
97.4323 6
97.4323 4
97.4371 6
97.4371 4
97.4407 6
97.4407 4
97.4455 6
97.4455 4
97.4503 6
97.4503 4
97.4551 6
97.4551 4
97.4599 6
97.4599 4
97.4648 6
97.4648 4
97.4696 6
97.4696 4
97.4744 6
97.4744 4
97.4792 6
97.4792 4
97.484 6
97.484 4
97.4888 6
97.4888 4
97.4924 6
97.4924 4
97.4972 6
97.4972 4
97.502 6
97.502 4
97.5068 6
97.5068 4
97.5116 6
97.5116 4
97.5164 6
97.5164 4
97.5212 6
97.5212 4
97.526 6
97.526 4
97.5308 6
97.5308 4
97.5356 6
97.5356 4
97.5393 6
97.5393 4
97.5441 6
97.5441 4
97.5489 6
97.5489 4
97.5537 6
97.5537 4
97.5585 6
97.5585 4
97.5633 6
97.5633 4
97.5681 6
97.5681 4
97.5729 6
97.5729 4
97.5777 6
97.5777 4
97.5825 6
97.5825 4
97.5873 6
97.5873 4
97.5909 6
97.5909 4
97.5957 6
97.5957 4
97.6005 6
97.6005 4
97.6053 6
97.6053 4
97.6101 6
97.6101 4
97.615 6
97.615 4
97.6198 6
97.6198 4
97.6246 6
97.6246 4
97.6294 6
97.6294 4
97.6342 6
97.6342 4
97.6378 6
97.6378 4
97.6426 6
97.6426 4
97.6474 6
97.6474 4
97.6522 6
97.6522 4
97.657 6
97.657 4
97.6618 6
97.6618 4
97.6666 6
97.6666 4
97.6714 6
97.6714 4
97.6762 6
97.6762 4
97.681 6
97.681 4
97.6846 6
97.6846 4
97.6895 6
97.6895 4
97.6943 6
97.6943 4
97.6991 6
97.6991 4
97.7039 6
97.7039 4
97.7087 6
97.7087 4
97.7135 6
97.7135 4
97.7183 6
97.7183 4
97.7231 6
97.7231 4
97.7279 6
97.7279 4
97.7327 6
97.7327 4
97.7363 6
97.7363 4
97.7411 6
97.7411 4
97.7459 6
97.7459 4
97.7507 6
97.7507 4
97.7555 6
97.7555 4
97.7603 6
97.7603 4
97.7652 6
97.7652 4
97.77 6
97.77 4
97.7748 6
97.7748 4
97.7796 6
97.7796 4
97.7832 6
97.7832 4
97.788 6
97.788 4
97.7928 6
97.7928 4
97.9918 185.24
97.9918 187.24
97.9966 189.24
98.1956 191.24
98.2002 193.24
98.2048 195.24
98.2102 197.24
98.215 199.24
98.2187 201.24
98.2235 203.24
98.2283 205.24
98.2331 207.24
98.2379 209.24
98.2427 210.555
98.2475 207.125
98.2523 204.124
98.2571 201.606
98.2619 199.295
98.2667 197.381
98.2703 195.598
98.2751 194.038
98.2799 192.673
98.2848 191.479
98.2896 190.541
98.2944 189.722
98.2992 189.005
98.304 188.378
98.3088 187.829
98.3136 187.456
98.3172 187.023
98.322 186.643
98.3268 186.311
98.3316 186.02
98.3364 185.874
98.3412 185.747
98.346 185.635
98.3508 185.538
98.3557 185.452
98.3641 185.407
98.3689 185.229
98.3737 185.182
98.3785 185.142
98.6645 187.142
98.8807 185.142
99.5464 183.936
