0.1 0.00448
0.2 0
0.3 1.20416
0.4 0
0.5 1.8
0.6 0.36
0.7 1.8
0.8 2.28
0.9 2.76
1 3.24
1.1 5.76
1.2 7.2
1.3 9.36
1.4 10.56
1.5 9.96
1.6 5.88
1.7 5.52
1.8 5.04
1.9 4.92
2 4.92
2.1 5.04
2.2 4.8
2.3 5.04
2.4 5.04
2.5 5.04
2.6 5.04
2.7 4.8
2.8 5.04
2.9 4.92
3 4.92
3.1 5.04
3.2 5.04
3.3 2.4
3.4 1.68
3.5 1.8
3.6 1.8
3.7 1.68
3.8 1.8
3.9 5.64
4 6.36
4.1 4.32
4.2 3.84
4.3 4.68
4.4 5.04
4.5 5.04
4.6 5.04
4.7 5.04
4.8 5.04
4.9 5.04
5 5.04
5.1 5.04
5.2 5.04
5.3 5.04
5.4 5.04
5.5 5.76
5.6 6.24
5.7 4.8
5.8 3.72
5.9 4.44
6 5.04
6.1 4.92
6.2 5.04
6.3 4.92
6.4 5.04
6.5 5.04
6.6 4.92
6.7 5.04
6.8 5.04
6.9 4.92
7 5.04
7.1 5.4
7.2 6.24
7.3 5.4
7.4 3.84
7.5 4.08
7.6 4.92
7.7 5.04
7.8 5.04
7.9 5.04
8 5.04
8.1 4.92
8.2 5.04
8.3 5.04
8.4 5.04
8.5 5.04
8.6 4.92
8.7 5.28
8.8 6.24
8.9 6
9 3.84
9.1 3.84
9.2 5.04
9.3 5.04
9.4 5.04
9.5 5.04
9.6 5.04
9.7 5.04
9.8 5.04
9.9 5.04
10 5.16
10.1 5.04
10.2 5.04
10.3 0.24
10.4 0
10.5 0.36
10.6 0
10.7 1.2
10.8 5.04
10.9 5.04
11 5.16
11.1 5.04
11.2 5.88
11.3 6.36
11.4 5.4
11.5 3.72
11.6 4.2
11.7 5.04
11.8 5.04
11.9 5.04
12 5.16
12.1 4.92
12.2 5.04
12.3 4.92
12.4 5.04
12.5 4.92
12.6 5.04
12.7 5.04
12.8 4.92
12.9 6
13 6.24
13.1 4.44
13.2 3.84
13.3 4.44
13.4 5.04
13.5 4.92
13.6 5.04
13.7 4.92
13.8 5.04
13.9 5.04
14 4.92
14.1 5.04
14.2 4.92
14.3 5.04
14.4 5.04
14.5 4.92
14.6 6.24
14.7 6.24
14.8 3.96
14.9 3.72
15 4.8
15.1 4.92
15.2 4.92
15.3 5.04
15.4 4.92
15.5 5.04
15.6 4.92
15.7 5.04
15.8 4.92
15.9 4.92
16 5.04
16.1 4.92
16.2 5.4
16.3 6.12
16.4 5.76
16.5 3.72
16.6 3.84
16.7 5.04
16.8 4.92
16.9 5.04
17 4.92
17.1 4.92
17.2 5.04
17.3 4.92
17.4 4.92
17.5 5.04
17.6 4.92
17.7 4.92
17.8 5.04
17.9 5.52
18 6.24
18.1 5.04
18.2 3.72
18.3 4.2
18.4 4.92
18.5 4.92
18.6 4.92
18.7 5.04
18.8 4.92
18.9 4.92
19 4.92
19.1 5.04
19.2 4.92
19.3 4.92
19.4 4.92
19.5 4.92
19.6 5.88
19.7 6.12
19.8 4.56
19.9 3.72
20 4.32
20.1 4.92
20.2 5.04
20.3 4.92
20.4 5.04
20.5 4.92
20.6 4.92
20.7 5.04
20.8 4.92
20.9 5.04
21 4.92
21.1 2.64
21.2 0
21.3 0
21.4 0.48
21.5 0
21.6 3.6
21.7 5.04
21.8 4.92
21.9 5.04
22 4.92
22.1 5.04
22.2 5.16
22.3 6.12
22.4 6.24
22.5 3.72
22.6 3.72
22.7 4.92
22.8 4.92
22.9 4.92
23 4.92
23.1 4.92
23.2 4.92
23.3 4.92
23.4 4.92
23.5 4.92
23.6 4.8
23.7 4.92
23.8 4.92
23.9 5.4
24 6.12
24.1 5.28
24.2 3.6
24.3 3.96
24.4 4.92
24.5 4.92
24.6 4.8
24.7 4.92
24.8 4.92
24.9 4.92
25 4.8
25.1 4.92
25.2 4.92
25.3 4.8
25.4 4.92
25.5 4.8
25.6 5.88
25.7 6
25.8 4.44
25.9 3.6
26 4.44
26.1 4.8
26.2 4.92
26.3 4.8
26.4 4.92
26.5 4.8
26.6 4.92
26.7 4.8
26.8 4.8
26.9 4.92
27 4.8
27.1 4.92
27.2 4.92
27.3 6.12
27.4 6
27.5 3.6
27.6 3.72
27.7 4.8
27.8 4.8
27.9 4.92
28 4.8
28.1 4.92
28.2 4.92
28.3 4.8
28.4 4.92
28.5 4.92
28.6 4.8
28.7 4.92
28.8 4.92
28.9 5.4
29 6.12
29.1 5.04
29.2 3.72
29.3 3.96
29.4 4.92
29.5 4.92
29.6 4.92
29.7 4.92
29.8 4.92
29.9 4.8
30 4.92
30.1 4.92
30.2 4.92
30.3 4.92
30.4 4.92
30.5 4.92
30.6 5.88
30.7 6.12
30.8 4.32
30.9 3.6
31 4.56
31.1 4.92
31.2 4.92
31.3 4.92
31.4 4.92
31.5 4.92
31.6 4.92
31.7 4.92
31.8 4.92
31.9 4.32
32 0
32.1 0
32.2 0.36
32.3 0
32.4 2.28
32.5 5.04
32.6 4.92
32.7 4.92
32.8 4.92
32.9 4.92
33 4.92
33.1 4.92
33.2 4.92
33.3 4.92
33.4 4.92
33.5 5.88
33.6 6.12
33.7 4.68
33.8 3.72
33.9 4.2
34 4.92
34.1 4.92
34.2 4.92
34.3 4.92
34.4 4.92
34.5 4.92
34.6 4.92
34.7 4.92
34.8 4.92
34.9 4.92
35 4.92
35.1 4.92
35.2 6
35.3 6.12
35.4 4.32
35.5 3.72
35.6 4.44
35.7 4.92
35.8 4.92
35.9 4.92
36 4.92
36.1 4.92
36.2 4.92
36.3 4.92
36.4 4.92
36.5 4.92
36.6 4.8
36.7 4.92
36.8 4.92
36.9 6.12
37 6.12
37.1 3.84
37.2 3.72
37.3 4.68
37.4 4.92
37.5 4.92
37.6 4.92
37.7 4.92
37.8 4.92
37.9 4.8
38 4.92
38.1 4.92
38.2 4.92
38.3 4.92
38.4 4.92
38.5 5.16
38.6 6.12
38.7 5.88
38.8 3.72
38.9 3.72
39 4.92
39.1 4.92
39.2 4.92
39.3 5.04
39.4 4.92
39.5 5.04
39.6 4.92
39.7 5.04
39.8 4.92
39.9 5.04
40 4.92
40.1 4.92
40.2 5.52
40.3 6.24
40.4 5.52
40.5 3.72
40.6 3.96
40.7 4.92
40.8 5.04
40.9 5.04
41 5.04
41.1 5.04
41.2 5.04
41.3 5.04
41.4 5.04
41.5 5.04
41.6 5.16
41.7 5.04
41.8 5.04
41.9 5.64
42 6.36
42.1 5.16
42.2 3.84
42.3 4.2
42.4 5.04
42.5 5.04
42.6 5.04
42.7 5.16
42.8 2.04
42.9 0
43 0
43.1 0
43.2 0.48
43.3 0
43.4 4.92
43.5 5.04
43.6 5.04
43.7 5.16
43.8 5.52
43.9 6.36
44 6
44.1 3.84
44.2 3.84
44.3 5.04
44.4 5.16
44.5 5.04
44.6 5.04
44.7 5.16
44.8 5.04
44.9 5.16
45 5.04
45.1 5.16
45.2 5.04
45.3 5.04
45.4 5.16
45.5 5.28
45.6 6.24
45.7 6
45.8 3.72
45.9 3.72
46 5.04
46.1 5.04
46.2 4.92
46.3 5.04
46.4 5.04
46.5 5.04
46.6 5.04
46.7 4.92
46.8 5.04
46.9 5.04
47 5.04
47.1 4.92
47.2 5.4
47.3 6.24
47.4 6
47.5 3.72
47.6 3.84
47.7 5.04
47.8 4.92
47.9 5.04
48 5.04
48.1 5.04
48.2 5.04
48.3 4.92
48.4 5.04
48.5 5.04
48.6 5.04
48.7 5.04
48.8 4.92
48.9 5.4
49 6.24
49.1 5.88
49.2 3.72
49.3 3.72
49.4 4.92
49.5 5.04
49.6 4.92
49.7 5.04
49.8 4.92
49.9 5.04
50 4.92
50.1 5.04
50.2 4.92
50.3 5.04
50.4 4.92
50.5 5.04
50.6 5.28
50.7 6.24
50.8 5.88
50.9 3.72
51 3.72
51.1 4.92
51.2 4.92
51.3 5.04
51.4 4.92
51.5 5.04
51.6 4.92
51.7 5.04
51.8 4.92
51.9 5.04
52 4.92
52.1 5.04
52.2 4.92
52.3 5.28
52.4 6.24
52.5 6
52.6 3.72
52.7 3.72
52.8 4.92
52.9 5.04
53 4.92
53.1 4.92
53.2 5.04
53.3 4.92
53.4 5.04
53.5 4.92
53.6 5.04
53.7 4.44
53.8 0
53.9 0
54 0
54.1 0.48
54.2 0
54.3 4.56
54.4 5.04
54.5 4.92
54.6 5.04
54.7 5.4
54.8 6.24
54.9 6.24
55 4.32
55.1 3.72
55.2 4.56
55.3 5.04
55.4 4.92
55.5 5.04
55.6 5.04
55.7 4.92
55.8 5.04
55.9 4.92
56 5.04
56.1 5.04
56.2 4.92
56.3 5.04
56.4 5.16
56.5 6.24
56.6 6
56.7 3.72
56.8 3.84
56.9 4.92
57 5.04
57.1 5.04
57.2 4.92
57.3 5.04
57.4 5.04
57.5 4.92
57.6 5.04
57.7 4.92
57.8 5.04
57.9 4.92
58 5.04
58.1 5.64
58.2 6.24
58.3 4.92
58.4 3.72
58.5 4.32
58.6 5.04
58.7 5.04
58.8 5.04
58.9 4.92
59 5.04
59.1 5.04
59.2 5.04
59.3 5.04
59.4 4.92
59.5 5.04
59.6 5.04
59.7 5.04
59.8 6.24
59.9 6.24
60 4.08
60.1 3.72
60.2 4.8
60.3 5.04
60.4 5.04
60.5 5.04
60.6 5.04
60.7 5.04
60.8 5.04
60.9 5.04
61 5.04
61.1 5.04
61.2 5.04
61.3 5.04
61.4 5.52
61.5 6.24
61.6 5.52
61.7 3.84
61.8 4.08
61.9 5.04
62 5.04
62.1 5.04
62.2 5.04
62.3 5.04
62.4 5.16
62.5 5.04
62.6 5.04
62.7 5.04
62.8 5.04
62.9 5.04
63 5.16
63.1 6
63.2 6.36
63.3 4.56
63.4 3.84
63.5 4.56
63.6 5.04
63.7 5.16
63.8 5.04
63.9 5.04
64 5.04
64.1 5.16
64.2 5.04
64.3 5.04
64.4 5.16
64.5 5.04
64.6 5.04
64.7 1.8
64.8 0
64.9 0
65 0.36
65.1 0
65.2 3.96
65.3 5.04
65.4 5.04
65.5 5.16
65.6 5.04
65.7 5.04
65.8 5.16
65.9 5.04
66 5.16
66.1 6.36
66.2 6
66.3 3.84
66.4 3.84
66.5 5.04
66.6 5.16
66.7 5.04
66.8 5.16
66.9 5.04
67 5.16
67.1 5.04
67.2 5.16
67.3 5.04
67.4 5.16
67.5 5.04
67.6 5.16
67.7 5.64
67.8 6.48
67.9 5.28
68 3.84
68.1 4.2
68.2 5.16
68.3 5.04
68.4 5.16
68.5 5.04
68.6 5.16
68.7 5.04
68.8 5.16
68.9 5.04
69 5.16
69.1 5.04
69.2 5.16
69.3 5.04
69.4 6.12
69.5 6.36
69.6 4.68
69.7 3.84
69.8 4.56
69.9 5.04
70 5.16
70.1 5.04
70.2 5.16
70.3 5.04
70.4 5.16
70.5 5.04
70.6 5.16
70.7 5.16
70.8 5.04
70.9 5.16
71 5.04
71.1 6.36
71.2 6.36
71.3 3.84
71.4 3.84
71.5 4.92
71.6 5.04
71.7 5.04
71.8 5.04
71.9 5.04
72 5.04
72.1 5.04
72.2 5.04
72.3 5.04
72.4 5.04
72.5 5.16
72.6 5.04
72.7 5.28
72.8 5.04
72.9 4.44
73 3.84
73.1 3.84
73.2 5.04
73.3 5.04
73.4 5.04
73.5 5.04
73.6 5.16
73.7 5.04
73.8 5.04
73.9 5.04
74 5.04
74.1 5.04
74.2 4.92
74.3 5.04
74.4 5.76
74.5 4.8
74.6 4.2
74.7 3.84
74.8 4.2
74.9 4.92
75 5.04
75.1 5.04
75.2 5.04
75.3 4.92
75.4 5.04
75.5 5.04
75.6 0.84
75.7 0
75.8 0
75.9 0
76 0.48
76.1 0
76.2 4.68
76.3 5.04
76.4 4.92
76.5 5.04
76.6 4.92
76.7 5.04
76.8 4.92
76.9 5.04
77 5.16
77.1 6.24
77.2 6.24
77.3 3.96
77.4 3.72
77.5 4.68
77.6 5.04
77.7 4.92
77.8 5.04
77.9 4.92
78 5.04
78.1 4.92
78.2 4.92
78.3 5.04
78.4 4.92
78.5 5.04
78.6 4.92
78.7 5.28
78.8 6.24
78.9 5.88
79 3.72
79.1 3.72
79.2 4.92
79.3 5.04
79.4 4.92
79.5 5.04
79.6 4.92
79.7 4.92
79.8 5.04
79.9 4.92
80 4.92
80.1 5.04
80.2 4.92
80.3 4.92
80.4 5.52
80.5 6.24
80.6 5.28
80.7 3.72
80.8 3.96
80.9 4.92
81 5.04
81.1 4.92
81.2 4.92
81.3 4.92
81.4 5.04
81.5 4.92
81.6 4.92
81.7 4.92
81.8 5.04
81.9 4.92
82 4.92
82.1 5.76
82.2 6.12
82.3 4.8
82.4 3.72
82.5 4.2
82.6 4.92
82.7 4.92
82.8 5.04
82.9 4.92
83 4.92
83.1 4.92
83.2 4.92
83.3 4.92
83.4 4.92
83.5 4.92
83.6 4.92
83.7 4.92
83.8 6
83.9 6.24
84 4.32
84.1 3.6
84.2 4.56
84.3 4.92
84.4 4.92
84.5 4.92
84.6 4.92
84.7 4.92
84.8 5.04
84.9 4.92
85 4.92
85.1 4.92
85.2 4.92
85.3 4.92
85.4 4.92
85.5 6.12
85.6 6.24
85.7 3.96
85.8 3.72
85.9 4.56
86 4.92
86.1 5.04
86.2 4.92
86.3 4.92
86.4 4.92
86.5 4.92
86.6 2.88
86.7 0
86.8 0
86.9 0.36
87 0
87.1 3.36
87.2 4.92
87.3 4.92
87.4 5.04
87.5 4.92
87.6 4.92
87.7 4.92
87.8 4.92
87.9 4.92
88 6.12
88.1 6.12
88.2 4.2
88.3 3.72
88.4 4.56
88.5 4.92
88.6 4.92
88.7 4.92
88.8 5.04
88.9 4.92
89 4.92
89.1 4.92
89.2 4.92
89.3 4.92
89.4 4.92
89.5 4.92
89.6 5.16
89.7 6.12
89.8 6.12
89.9 3.72
90 3.6
90.1 4.92
90.2 4.92
90.3 4.92
90.4 5.04
90.5 4.92
90.6 4.92
90.7 4.92
90.8 5.04
90.9 4.92
91 4.92
91.1 4.92
91.2 5.04
91.3 5.4
91.4 6.12
91.5 5.52
91.6 3.72
91.7 3.96
91.8 4.92
91.9 4.92
92 4.92
92.1 5.04
92.2 4.92
92.3 4.92
92.4 5.04
92.5 4.92
92.6 4.92
92.7 4.92
92.8 5.04
92.9 4.92
93 5.76
93.1 6.24
93.2 4.68
93.3 3.72
93.4 4.32
93.5 5.04
93.6 4.92
93.7 4.92
93.8 5.04
93.9 4.92
94 4.92
94.1 4.92
94.2 5.04
94.3 4.92
94.4 4.92
94.5 5.04
94.6 4.92
94.7 6.12
94.8 6.12
94.9 4.2
95 3.72
95.1 4.68
95.2 4.92
95.3 4.92
95.4 4.92
95.5 4.92
95.6 5.04
95.7 4.92
95.8 4.92
95.9 4.92
96 4.92
96.1 5.04
96.2 4.92
96.3 5.04
96.4 6.24
96.5 6.12
96.6 3.72
96.7 3.72
96.8 4.8
96.9 5.04
97 4.92
97.1 4.92
97.2 4.92
97.3 5.04
97.4 4.92
97.5 1.68
97.6 0
97.7 0
97.8 0
97.9 0.48
98 0
98.1 4.68
98.2 4.92
98.3 4.92
98.4 5.04
98.5 4.92
98.6 5.04
98.7 5.16
98.8 6.12
98.9 6.12
99 3.72
99.1 3.72
99.2 4.92
99.3 4.92
99.4 4.92
99.5 5.04
99.6 4.92
99.7 4.92
99.8 5.04
99.9 4.8
100 4.92
