0.2 0.00448
0.3 0
0.4 0.0208
0.5 0
0.6 0.03328
0.7 0.00416
0.8 0.03328
0.9 0.03744
1 0.04992
1.1 0.05408
1.2 0.0832
1.3 0.08736
1.4 0.08736
1.5 0.08736
1.6 0.08736
1.7 0.0832
1.8 0.08736
1.9 0.08736
2 0.08736
2.1 0.08736
2.2 0.08736
2.3 0.08736
2.4 0.0832
2.5 0.08736
2.6 0.08736
2.7 0.08736
2.8 0.08736
2.9 0.08736
3 0.08736
3.1 0.08736
3.2 0.08736
3.3 0.08736
3.4 0.0832
3.5 0.08736
3.6 0.08736
3.7 0.08736
3.8 0.08736
3.9 0.0832
4 0.08736
4.1 0.08736
4.2 0.08736
4.3 0.08736
4.4 0.08736
4.5 0.08736
4.6 0.08736
4.7 0.0832
4.8 0.08736
4.9 0.08736
5 0.08736
5.1 0.08736
5.2 0.08736
5.3 0.08736
5.4 0.08736
5.5 0.0832
5.6 0.09152
5.7 0.0832
5.8 0.08736
5.9 0.0832
6 0.09152
6.1 0.08736
6.2 0.0832
6.3 0.09152
6.4 0.0832
6.5 0.08736
6.6 0.08736
6.7 0.08736
6.8 0.08736
6.9 0.08736
7 0.08736
7.1 0.08736
7.2 0.08736
7.3 0.08736
7.4 0.08736
7.5 0.0832
7.6 0.08736
7.7 0.08736
7.8 0.08736
7.9 0.08736
8 0.08736
8.1 0.08736
8.2 0.08736
8.3 0.08736
8.4 0.08736
8.5 0.08736
8.6 0.08736
8.7 0.08736
8.8 0.08736
8.9 0.09152
9 0.08736
9.1 0.07904
9.2 0.0832
9.3 0.09152
9.4 0.09152
9.5 0.08736
9.6 0.0832
9.7 0.08736
9.8 0.08736
9.9 0.08736
10 0.08736
10.1 0.08736
10.2 0.08736
10.3 0.08736
10.4 0.07072
10.5 0
10.6 0.00832
10.7 0
10.8 0.01664
10.9 0.08736
11 0.08736
11.1 0.08736
11.2 0.08736
11.3 0.08736
11.4 0.08736
11.5 0.08736
11.6 0.0832
11.7 0.08736
11.8 0.08736
11.9 0.08736
12 0.08736
12.1 0.08736
12.2 0.08736
12.3 0.08736
12.4 0.08736
12.5 0.0832
12.6 0.08736
12.7 0.08736
12.8 0.08736
12.9 0.08736
13 0.08736
13.1 0.08736
13.2 0.08736
13.3 0.08736
13.4 0.08736
13.5 0.08736
13.6 0.08736
13.7 0.08736
13.8 0.08736
13.9 0.0832
14 0.08736
14.1 0.08736
14.2 0.08736
14.3 0.08736
14.4 0.08736
14.5 0.08736
14.6 0.08736
14.7 0.08736
14.8 0.08736
14.9 0.0832
15 0.08736
15.1 0.09152
15.2 0.0832
15.3 0.08736
15.4 0.09152
15.5 0.08736
15.6 0.08736
15.7 0.0832
15.8 0.08736
15.9 0.09152
16 0.08736
16.1 0.0832
16.2 0.08736
16.3 0.09152
16.4 0.08736
16.5 0.08736
16.6 0.0832
16.7 0.08736
16.8 0.09152
16.9 0.08736
17 0.0832
17.1 0.08736
17.2 0.09152
17.3 0.08736
17.4 0.08736
17.5 0.0832
17.6 0.08736
17.7 0.09152
17.8 0.08736
17.9 0.08736
18 0.08736
18.1 0.08736
18.2 0.08736
18.3 0.08736
18.4 0.08736
18.5 0.08736
18.6 0.08736
18.7 0.08736
18.8 0.08736
18.9 0.08736
19 0.09152
19.1 0.08736
19.2 0.08736
19.3 0.08736
19.4 0.08736
19.5 0.08736
19.6 0.08736
19.7 0.09152
19.8 0.08736
19.9 0.09152
20 0.07904
20.1 0.09152
20.2 0.08736
20.3 0.08736
20.4 0.09152
20.5 0.08736
20.6 0.08736
20.7 0.08736
20.8 0.09152
20.9 0.08736
21 0.08736
21.1 0.08736
21.2 0.08736
21.3 0.0208
21.4 0
21.5 0.00832
21.6 0
21.7 0.07072
21.8 0.08736
21.9 0.08736
22 0.08736
22.1 0.08736
22.2 0.09152
22.3 0.08736
22.4 0.08736
22.5 0.09152
22.6 0.0832
22.7 0.08736
22.8 0.09152
22.9 0.08736
23 0.08736
23.1 0.09152
23.2 0.08736
23.3 0.08736
23.4 0.08736
23.5 0.09152
23.6 0.08736
23.7 0.08736
23.8 0.09152
23.9 0.08736
24 0.08736
24.1 0.09152
24.2 0.08736
24.3 0.08736
24.4 0.08736
24.5 0.09152
24.6 0.08736
24.7 0.09152
24.8 0.08736
24.9 0.08736
25 0.09152
25.1 0.08736
25.2 0.09152
25.3 0.08736
25.4 0.08736
25.5 0.09152
25.6 0.08736
25.7 0.09152
25.8 0.08736
25.9 0.09152
26 0.08736
26.1 0.08736
26.2 0.09152
26.3 0.08736
26.4 0.09152
26.5 0.08736
26.6 0.09152
26.7 0.08736
26.8 0.08736
26.9 0.09152
27 0.09152
27.1 0.08736
27.2 0.08736
27.3 0.09152
27.4 0.08736
27.5 0.08736
27.6 0.09152
27.7 0.09152
27.8 0.08736
27.9 0.09152
28 0.08736
28.1 0.08736
28.2 0.09152
28.3 0.08736
28.4 0.09152
28.5 0.08736
28.6 0.08736
28.7 0.09152
28.8 0.08736
28.9 0.09152
29 0.08736
29.1 0.08736
29.2 0.09152
29.3 0.09152
29.4 0.08736
29.5 0.08736
29.6 0.09152
29.7 0.08736
29.8 0.08736
29.9 0.09152
30 0.08736
30.1 0.08736
30.2 0.09152
30.3 0.08736
30.4 0.08736
30.5 0.09152
30.6 0.08736
30.7 0.08736
30.8 0.08736
30.9 0.09152
31 0.09152
31.1 0.08736
31.2 0.08736
31.3 0.08736
31.4 0.09152
31.5 0.08736
31.6 0.08736
31.7 0.08736
31.8 0.09152
31.9 0.08736
32 0.08736
32.1 0.07488
32.2 0
32.3 0.00832
32.4 0
32.5 0.0208
32.6 0.09152
32.7 0.08736
32.8 0.08736
32.9 0.09152
33 0.08736
33.1 0.09152
33.2 0.08736
33.3 0.08736
33.4 0.09152
33.5 0.08736
33.6 0.08736
33.7 0.08736
33.8 0.09152
33.9 0.09152
34 0.08736
34.1 0.08736
34.2 0.09152
34.3 0.08736
34.4 0.08736
34.5 0.09152
34.6 0.08736
34.7 0.09152
34.8 0.08736
34.9 0.08736
35 0.08736
35.1 0.09152
35.2 0.08736
35.3 0.08736
35.4 0.09152
35.5 0.08736
35.6 0.08736
35.7 0.08736
35.8 0.08736
35.9 0.09152
36 0.08736
36.1 0.08736
36.2 0.09152
36.3 0.08736
36.4 0.08736
36.5 0.09152
36.6 0.08736
36.7 0.08736
36.8 0.08736
36.9 0.09152
37 0.09152
37.1 0.08736
37.2 0.0832
37.3 0.08736
37.4 0.09568
37.5 0.08736
37.6 0.08736
37.7 0.09152
37.8 0.08736
37.9 0.08736
38 0.09152
38.1 0.08736
38.2 0.08736
38.3 0.09152
38.4 0.08736
38.5 0.08736
38.6 0.09152
38.7 0.09152
38.8 0.09152
38.9 0.07904
39 0.08736
39.1 0.09568
39.2 0.08736
39.3 0.08736
39.4 0.09152
39.5 0.08736
39.6 0.09152
39.7 0.08736
39.8 0.08736
39.9 0.08736
40 0.09152
40.1 0.08736
40.2 0.08736
40.3 0.09152
40.4 0.09152
40.5 0.09152
40.6 0.07904
40.7 0.0832
40.8 0.09568
40.9 0.08736
41 0.09152
41.1 0.08736
41.2 0.08736
41.3 0.08736
41.4 0.09152
41.5 0.08736
41.6 0.08736
41.7 0.08736
41.8 0.08736
41.9 0.09152
42 0.08736
42.1 0.09568
42.2 0.08736
42.3 0.07904
42.4 0.07904
42.5 0.09568
42.6 0.09152
42.7 0.08736
42.8 0.08736
42.9 0.08736
43 0.08736
43.1 0.02496
43.2 0
43.3 0.00832
43.4 0
43.5 0.07072
43.6 0.09152
43.7 0.08736
43.8 0.08736
43.9 0.08736
44 0.08736
44.1 0.08736
44.2 0.08736
44.3 0.08736
44.4 0.08736
44.5 0.08736
44.6 0.08736
44.7 0.09152
44.8 0.08736
44.9 0.08736
45 0.08736
45.1 0.08736
45.2 0.08736
45.3 0.08736
45.4 0.08736
45.5 0.08736
45.6 0.08736
45.7 0.0832
45.8 0.08736
45.9 0.08736
46 0.09152
46.1 0.0832
46.2 0.08736
46.3 0.08736
46.4 0.08736
46.5 0.08736
46.6 0.08736
46.7 0.08736
46.8 0.08736
46.9 0.08736
47 0.08736
47.1 0.08736
47.2 0.0832
47.3 0.09152
47.4 0.0832
47.5 0.08736
47.6 0.08736
47.7 0.08736
47.8 0.08736
47.9 0.08736
48 0.08736
48.1 0.0832
48.2 0.09152
48.3 0.0832
48.4 0.08736
48.5 0.08736
48.6 0.08736
48.7 0.08736
48.8 0.08736
48.9 0.08736
49 0.0832
49.1 0.09152
49.2 0.08736
49.3 0.0832
49.4 0.08736
49.5 0.08736
49.6 0.08736
49.7 0.08736
49.8 0.08736
49.9 0.08736
50 0.08736
50.1 0.08736
50.2 0.0832
50.3 0.08736
50.4 0.08736
50.5 0.08736
50.6 0.08736
50.7 0.08736
50.8 0.08736
50.9 0.08736
51 0.08736
51.1 0.0832
51.2 0.08736
51.3 0.09152
51.4 0.08736
51.5 0.08736
51.6 0.08736
51.7 0.0832
51.8 0.09152
51.9 0.08736
52 0.08736
52.1 0.0832
52.2 0.08736
52.3 0.09152
52.4 0.0832
52.5 0.09152
52.6 0.08736
52.7 0.08736
52.8 0.0832
52.9 0.08736
53 0.08736
53.1 0.08736
53.2 0.09152
53.3 0.08736
53.4 0.08736
53.5 0.0832
53.6 0.09152
53.7 0.08736
53.8 0.08736
53.9 0.08736
54 0.03328
54.1 0
54.2 0.00832
54.3 0
54.4 0.06656
54.5 0.08736
54.6 0.08736
54.7 0.08736
54.8 0.0832
54.9 0.08736
55 0.08736
55.1 0.08736
55.2 0.08736
55.3 0.08736
55.4 0.08736
55.5 0.08736
55.6 0.08736
55.7 0.08736
55.8 0.08736
55.9 0.08736
56 0.08736
56.1 0.08736
56.2 0.08736
56.3 0.08736
56.4 0.08736
56.5 0.08736
56.6 0.08736
56.7 0.0832
56.8 0.08736
56.9 0.09152
57 0.0832
57.1 0.08736
57.2 0.08736
57.3 0.08736
57.4 0.08736
57.5 0.08736
57.6 0.08736
57.7 0.08736
57.8 0.08736
57.9 0.08736
58 0.08736
58.1 0.0832
58.2 0.08736
58.3 0.08736
58.4 0.08736
58.5 0.09152
58.6 0.0832
58.7 0.08736
58.8 0.08736
58.9 0.08736
59 0.08736
59.1 0.0832
59.2 0.08736
59.3 0.08736
59.4 0.08736
59.5 0.08736
59.6 0.08736
59.7 0.08736
59.8 0.0832
59.9 0.08736
60 0.0832
60.1 0.08736
60.2 0.09568
60.3 0.0832
60.4 0.0832
60.5 0.08736
60.6 0.08736
60.7 0.08736
60.8 0.08736
60.9 0.0832
61 0.08736
61.1 0.08736
61.2 0.08736
61.3 0.08736
61.4 0.08736
61.5 0.0832
61.6 0.0832
61.7 0.08736
61.8 0.09152
61.9 0.08736
62 0.0832
62.1 0.08736
62.2 0.08736
62.3 0.08736
62.4 0.0832
62.5 0.08736
62.6 0.08736
62.7 0.0832
62.8 0.08736
62.9 0.08736
63 0.08736
63.1 0.0832
63.2 0.08736
63.3 0.0832
63.4 0.08736
63.5 0.09152
63.6 0.08736
63.7 0.0832
63.8 0.08736
63.9 0.0832
64 0.08736
64.1 0.08736
64.2 0.0832
64.3 0.08736
64.4 0.08736
64.5 0.0832
64.6 0.08736
64.7 0.08736
64.8 0.08736
64.9 0.07488
65 0
65.1 0.00832
65.2 0
65.3 0.03328
65.4 0.08736
65.5 0.08736
65.6 0.08736
65.7 0.08736
65.8 0.0832
65.9 0.08736
66 0.08736
66.1 0.08736
66.2 0.0832
66.3 0.0832
66.4 0.09984
66.5 0.08736
66.6 0.07904
66.7 0.08736
66.8 0.08736
66.9 0.08736
67 0.08736
67.1 0.08736
67.2 0.08736
67.3 0.08736
67.4 0.08736
67.5 0.08736
67.6 0.08736
67.7 0.08736
67.8 0.08736
67.9 0.0832
68 0.08736
68.1 0.09152
68.2 0.09568
68.3 0.0832
68.4 0.0832
68.5 0.08736
68.6 0.09152
68.7 0.08736
68.8 0.08736
68.9 0.08736
69 0.08736
69.1 0.08736
69.2 0.08736
69.3 0.08736
69.4 0.08736
69.5 0.09152
69.6 0.07904
69.7 0.08736
69.8 0.08736
69.9 0.104
70 0.08736
70.1 0.07904
70.2 0.08736
70.3 0.09152
70.4 0.08736
70.5 0.08736
70.6 0.08736
70.7 0.08736
70.8 0.08736
70.9 0.08736
71 0.08736
71.1 0.09152
71.2 0.08736
71.3 0.0832
71.4 0.0832
71.5 0.08736
71.6 0.104
71.7 0.08736
71.8 0.07904
71.9 0.09152
72 0.08736
72.1 0.08736
72.2 0.08736
72.3 0.09152
72.4 0.08736
72.5 0.08736
72.6 0.08736
72.7 0.08736
72.8 0.09152
72.9 0.08736
73 0.08736
73.1 0.08736
73.2 0.08736
73.3 0.09568
73.4 0.08736
73.5 0.07904
73.6 0.09152
73.7 0.08736
73.8 0.08736
73.9 0.08736
74 0.09152
74.1 0.08736
74.2 0.08736
74.3 0.08736
74.4 0.08736
74.5 0.08736
74.6 0.08736
74.7 0.08736
74.8 0.09152
74.9 0.09152
75 0.09152
75.1 0.07904
75.2 0.08736
75.3 0.08736
75.4 0.08736
75.5 0.08736
75.6 0.08736
75.7 0.08736
75.8 0.08736
75.9 0.02912
76 0
76.1 0.00832
76.2 0
76.3 0.06656
76.4 0.09152
76.5 0.08736
76.6 0.08736
76.7 0.08736
76.8 0.08736
76.9 0.08736
77 0.08736
77.1 0.08736
77.2 0.08736
77.3 0.08736
77.4 0.09152
77.5 0.08736
77.6 0.08736
77.7 0.08736
77.8 0.08736
77.9 0.08736
78 0.08736
78.1 0.08736
78.2 0.09152
78.3 0.08736
78.4 0.08736
78.5 0.08736
78.6 0.08736
78.7 0.08736
78.8 0.08736
78.9 0.08736
79 0.08736
79.1 0.08736
79.2 0.08736
79.3 0.08736
79.4 0.08736
79.5 0.08736
79.6 0.08736
79.7 0.08736
79.8 0.08736
79.9 0.08736
80 0.08736
80.1 0.08736
80.2 0.08736
80.3 0.08736
80.4 0.09152
80.5 0.08736
80.6 0.08736
80.7 0.08736
80.8 0.0832
80.9 0.09152
81 0.08736
81.1 0.08736
81.2 0.08736
81.3 0.08736
81.4 0.08736
81.5 0.08736
81.6 0.08736
81.7 0.09152
81.8 0.08736
81.9 0.08736
82 0.08736
82.1 0.08736
82.2 0.09152
82.3 0.08736
82.4 0.08736
82.5 0.0832
82.6 0.09152
82.7 0.08736
82.8 0.08736
82.9 0.08736
83 0.09152
83.1 0.08736
83.2 0.08736
83.3 0.08736
83.4 0.08736
83.5 0.09152
83.6 0.08736
83.7 0.08736
83.8 0.08736
83.9 0.09152
84 0.09152
84.1 0.08736
84.2 0.0832
84.3 0.09152
84.4 0.08736
84.5 0.08736
84.6 0.09152
84.7 0.08736
84.8 0.08736
84.9 0.08736
85 0.09152
85.1 0.08736
85.2 0.08736
85.3 0.08736
85.4 0.09152
85.5 0.08736
85.6 0.09152
85.7 0.08736
85.8 0.09152
85.9 0.0832
86 0.09152
86.1 0.08736
86.2 0.08736
86.3 0.09152
86.4 0.08736
86.5 0.08736
86.6 0.09152
86.7 0.08736
86.8 0.01664
86.9 0
87 0.00832
87.1 0
87.2 0.07488
87.3 0.09152
87.4 0.08736
87.5 0.08736
87.6 0.09152
87.7 0.08736
87.8 0.08736
87.9 0.09152
88 0.08736
88.1 0.09152
88.2 0.08736
88.3 0.0832
88.4 0.09152
88.5 0.09152
88.6 0.08736
88.7 0.09152
88.8 0.08736
88.9 0.08736
89 0.09152
89.1 0.08736
89.2 0.08736
89.3 0.09152
89.4 0.08736
89.5 0.08736
89.6 0.09152
89.7 0.09152
89.8 0.09152
89.9 0.08736
90 0.07904
90.1 0.09152
90.2 0.09152
90.3 0.09152
90.4 0.08736
90.5 0.08736
90.6 0.09152
90.7 0.08736
90.8 0.08736
90.9 0.09152
91 0.08736
91.1 0.09152
91.2 0.08736
91.3 0.08736
91.4 0.09152
91.5 0.09152
91.6 0.09152
91.7 0.07904
91.8 0.08736
91.9 0.09568
92 0.08736
92.1 0.08736
92.2 0.09152
92.3 0.08736
92.4 0.08736
92.5 0.09152
92.6 0.08736
92.7 0.08736
92.8 0.09152
92.9 0.08736
93 0.09152
93.1 0.08736
93.2 0.09152
93.3 0.09152
93.4 0.07904
93.5 0.08736
93.6 0.09568
93.7 0.08736
93.8 0.09152
93.9 0.08736
94 0.08736
94.1 0.09152
94.2 0.08736
94.3 0.08736
94.4 0.09152
94.5 0.08736
94.6 0.08736
94.7 0.09152
94.8 0.08736
94.9 0.09152
95 0.09152
95.1 0.07904
95.2 0.09152
95.3 0.09152
95.4 0.08736
95.5 0.09152
95.6 0.08736
95.7 0.08736
95.8 0.08736
95.9 0.09152
96 0.08736
96.1 0.09152
96.2 0.08736
96.3 0.08736
96.4 0.09152
96.5 0.08736
96.6 0.09568
96.7 0.08736
96.8 0.07904
96.9 0.08736
97 0.09568
97.1 0.08736
97.2 0.08736
97.3 0.09152
97.4 0.08736
97.5 0.08736
97.6 0.09152
97.7 0.0832
97.8 0
97.9 0.00832
98 0
98.1 0.00416
98.2 0.09152
98.3 0.08736
98.4 0.08736
98.5 0.09152
98.6 0.08736
98.7 0.08736
98.8 0.09152
98.9 0.08736
99 0.09152
99.1 0.0832
99.2 0.09152
99.3 0.08736
99.4 0.09152
99.5 0.08736
99.6 0.08736
99.7 0.09152
99.8 0.08736
99.9 0.08736
100 0.09152
