0.1 0.00448
0.2 0
0.3 1.20416
0.4 0
0.5 1.8
0.6 0.36
0.7 1.8
0.8 2.28
0.9 2.76
1 3.36
1.1 5.76
1.2 7.2
1.3 9.36
1.4 10.56
1.5 9.96
1.6 6.24
1.7 5.52
1.8 4.8
1.9 5.04
2 5.04
2.1 5.04
2.2 5.04
2.3 5.04
2.4 4.92
2.5 4.92
2.6 5.04
2.7 5.04
2.8 5.04
2.9 5.04
3 5.04
3.1 5.04
3.2 4.92
3.3 2.28
3.4 1.8
3.5 1.8
3.6 1.68
3.7 1.8
3.8 1.8
3.9 5.64
4 6.36
4.1 4.2
4.2 3.84
4.3 4.8
4.4 5.16
4.5 5.04
4.6 5.04
4.7 5.16
4.8 5.04
4.9 5.04
5 5.16
5.1 5.04
5.2 5.04
5.3 5.16
5.4 5.04
5.5 6
5.6 6.24
5.7 4.44
5.8 3.72
5.9 4.68
6 5.04
6.1 5.04
6.2 5.04
6.3 5.04
6.4 5.04
6.5 5.04
6.6 5.16
6.7 5.04
6.8 5.04
6.9 5.04
7 5.04
7.1 5.76
7.2 6.24
7.3 4.92
7.4 3.72
7.5 4.56
7.6 5.04
7.7 5.16
7.8 5.04
7.9 5.16
8 5.04
8.1 5.04
8.2 5.16
8.3 5.04
8.4 5.04
8.5 5.16
8.6 5.04
8.7 5.76
8.8 6.36
8.9 5.16
9 3.72
9.1 4.44
9.2 5.16
9.3 5.04
9.4 5.16
9.5 5.16
9.6 5.04
9.7 5.16
9.8 5.04
9.9 5.16
10 5.16
10.1 5.04
10.2 5.16
10.3 0.12
10.4 0
10.5 0.48
10.6 0
10.7 1.2
10.8 5.04
10.9 5.16
11 5.16
11.1 5.04
11.2 6.12
11.3 6.36
11.4 5.16
11.5 3.84
11.6 4.32
11.7 5.16
11.8 5.04
11.9 5.04
12 5.16
12.1 5.04
12.2 5.04
12.3 5.04
12.4 5.04
12.5 5.04
12.6 5.04
12.7 5.04
12.8 5.04
12.9 6.12
13 6.24
13.1 4.56
13.2 3.72
13.3 4.56
13.4 5.16
13.5 5.04
13.6 5.04
13.7 5.04
13.8 5.04
13.9 5.04
14 5.04
14.1 5.04
14.2 5.04
14.3 5.04
14.4 5.04
14.5 5.16
14.6 6.36
14.7 6.24
14.8 3.72
14.9 3.84
15 4.92
15.1 5.04
15.2 5.16
15.3 5.04
15.4 5.04
15.5 5.04
15.6 5.04
15.7 5.16
15.8 5.04
15.9 5.04
16 5.04
16.1 5.04
16.2 5.52
16.3 6.36
16.4 5.64
16.5 3.84
16.6 3.96
16.7 5.16
16.8 5.04
16.9 5.04
17 5.04
17.1 5.04
17.2 5.04
17.3 5.16
17.4 5.04
17.5 5.04
17.6 5.04
17.7 5.04
17.8 5.16
17.9 5.88
18 6.36
18.1 4.8
18.2 3.84
18.3 4.44
18.4 5.16
18.5 5.04
18.6 5.04
18.7 5.16
18.8 5.04
18.9 5.16
19 5.04
19.1 5.04
19.2 5.16
19.3 5.04
19.4 5.16
19.5 5.04
19.6 6.36
19.7 6.36
19.8 3.96
19.9 3.96
20 4.92
20.1 5.04
20.2 5.16
20.3 5.16
20.4 5.16
20.5 5.16
20.6 5.16
20.7 5.16
20.8 5.16
20.9 5.16
21 5.16
21.1 2.16
21.2 0
21.3 0
21.4 0.48
21.5 0
21.6 4.2
21.7 5.16
21.8 5.16
21.9 5.16
22 5.16
22.1 5.16
22.2 5.52
22.3 6.48
22.4 6.24
22.5 3.84
22.6 3.96
22.7 5.04
22.8 5.16
22.9 5.16
23 5.16
23.1 5.04
23.2 5.16
23.3 5.16
23.4 5.16
23.5 5.04
23.6 5.16
23.7 5.16
23.8 5.16
23.9 5.88
24 6.36
24.1 5.16
24.2 3.84
24.3 4.44
24.4 5.16
24.5 5.16
24.6 5.16
24.7 5.16
24.8 5.16
24.9 5.16
25 5.16
25.1 5.16
25.2 5.16
25.3 5.16
25.4 5.16
25.5 5.16
25.6 6.24
25.7 6.48
25.8 4.56
25.9 3.96
26 4.56
26.1 5.28
26.2 5.16
26.3 5.16
26.4 5.16
26.5 5.16
26.6 5.16
26.7 5.16
26.8 5.16
26.9 5.16
27 5.16
27.1 5.16
27.2 5.16
27.3 6.48
27.4 6.48
27.5 4.08
27.6 3.84
27.7 5.04
27.8 5.16
27.9 5.16
28 5.16
28.1 5.16
28.2 5.16
28.3 5.16
28.4 5.16
28.5 5.16
28.6 5.16
28.7 5.16
28.8 5.16
28.9 5.64
29 6.48
29.1 5.88
29.2 3.84
29.3 4.08
29.4 5.16
29.5 5.16
29.6 5.16
29.7 5.16
29.8 5.16
29.9 5.16
30 5.16
30.1 5.16
30.2 5.16
30.3 5.16
30.4 5.16
30.5 5.16
30.6 5.88
30.7 6.48
30.8 5.16
30.9 3.84
31 4.32
31.1 5.16
31.2 5.16
31.3 5.16
31.4 5.16
31.5 5.16
31.6 5.16
31.7 5.16
31.8 5.16
31.9 5.16
32 0.48
32.1 0
32.2 0.48
32.3 0
32.4 1.44
32.5 5.28
32.6 5.16
32.7 5.16
32.8 5.28
32.9 5.16
33 5.16
33.1 5.28
33.2 5.16
33.3 5.16
33.4 5.28
33.5 5.88
33.6 6.48
33.7 5.28
33.8 3.84
33.9 4.44
34 5.16
34.1 5.28
34.2 5.16
34.3 5.16
34.4 5.28
34.5 5.16
34.6 5.16
34.7 5.16
34.8 5.16
34.9 5.16
35 5.16
35.1 5.16
35.2 6.36
35.3 6.48
35.4 4.2
35.5 3.84
35.6 4.8
35.7 5.16
35.8 5.16
35.9 5.16
36 5.16
36.1 5.16
36.2 5.04
36.3 5.16
36.4 5.16
36.5 5.16
36.6 5.16
36.7 5.16
36.8 5.52
36.9 6.36
37 6
37.1 3.84
37.2 4.08
37.3 5.16
37.4 5.16
37.5 5.16
37.6 5.16
37.7 5.16
37.8 5.28
37.9 5.16
38 5.16
38.1 5.16
38.2 5.16
38.3 5.16
38.4 5.16
38.5 6
38.6 6.48
38.7 5.04
38.8 3.84
38.9 4.56
39 5.28
39.1 5.16
39.2 5.28
39.3 5.16
39.4 5.28
39.5 5.16
39.6 5.28
39.7 5.28
39.8 5.16
39.9 5.28
40 5.16
40.1 5.28
40.2 6.48
40.3 6.48
40.4 4.2
40.5 3.96
40.6 5.04
40.7 5.16
40.8 5.28
40.9 5.16
41 5.28
41.1 5.28
41.2 5.16
41.3 5.28
41.4 5.28
41.5 5.16
41.6 5.28
41.7 5.28
41.8 5.64
41.9 6.48
42 5.88
42.1 3.96
42.2 4.2
42.3 5.16
42.4 5.28
42.5 5.28
42.6 5.16
42.7 5.28
42.8 3.12
42.9 0
43 0
43.1 0
43.2 0.36
43.3 0
43.4 4.56
43.5 5.16
43.6 5.28
43.7 5.16
43.8 5.52
43.9 6.48
44 6.48
44.1 3.96
44.2 3.84
44.3 5.16
44.4 5.28
44.5 5.16
44.6 5.28
44.7 5.28
44.8 5.16
44.9 5.28
45 5.28
45.1 5.16
45.2 5.28
45.3 5.04
45.4 5.16
45.5 5.16
45.6 6.36
45.7 6.36
45.8 3.72
45.9 3.84
46 4.92
46.1 5.04
46.2 5.04
46.3 5.16
46.4 5.04
46.5 5.04
46.6 5.04
46.7 5.16
46.8 5.04
46.9 5.04
47 5.16
47.1 5.04
47.2 5.28
47.3 6.36
47.4 6
47.5 3.84
47.6 3.72
47.7 5.16
47.8 5.04
47.9 5.04
48 5.04
48.1 5.04
48.2 5.16
48.3 5.04
48.4 5.04
48.5 5.04
48.6 5.04
48.7 5.04
48.8 5.04
48.9 5.52
49 6.24
49.1 5.64
49.2 3.72
49.3 3.96
49.4 5.04
49.5 5.04
49.6 5.04
49.7 5.04
49.8 5.04
49.9 5.04
50 5.04
50.1 5.04
50.2 5.04
50.3 5.04
50.4 5.04
50.5 5.04
50.6 5.52
50.7 6.36
50.8 5.4
50.9 3.84
51 3.96
51.1 5.04
51.2 5.04
51.3 5.04
51.4 5.16
51.5 5.04
51.6 5.04
51.7 5.04
51.8 5.04
51.9 5.16
52 5.04
52.1 5.04
52.2 5.04
52.3 5.64
52.4 6.36
52.5 5.4
52.6 3.84
52.7 4.08
52.8 5.16
52.9 5.04
53 5.04
53.1 5.16
53.2 5.04
53.3 5.16
53.4 5.04
53.5 5.04
53.6 5.16
53.7 5.04
53.8 0.96
53.9 0
54 0
54.1 0.36
54.2 0
54.3 3.96
54.4 5.04
54.5 5.16
54.6 5.04
54.7 5.28
54.8 6.36
54.9 6.36
55 4.32
55.1 3.84
55.2 4.68
55.3 5.16
55.4 5.04
55.5 5.16
55.6 5.04
55.7 5.04
55.8 5.04
55.9 5.04
56 5.04
56.1 5.04
56.2 5.04
56.3 5.04
56.4 5.28
56.5 6.36
56.6 6.12
56.7 3.84
56.8 3.72
56.9 5.04
57 5.04
57.1 5.04
57.2 5.04
57.3 5.04
57.4 5.04
57.5 5.04
57.6 5.04
57.7 5.04
57.8 5.04
57.9 5.04
58 5.04
58.1 5.64
58.2 6.24
58.3 5.52
58.4 3.72
58.5 4.2
58.6 5.04
58.7 5.04
58.8 5.04
58.9 5.04
59 5.04
59.1 5.04
59.2 5.04
59.3 5.04
59.4 5.04
59.5 5.04
59.6 5.04
59.7 5.04
59.8 5.88
59.9 6.36
60 4.68
60.1 3.72
60.2 4.44
60.3 5.04
60.4 5.04
60.5 5.04
60.6 5.04
60.7 5.04
60.8 5.04
60.9 5.04
61 5.04
61.1 5.04
61.2 5.04
61.3 5.04
61.4 5.16
61.5 6.36
61.6 6.12
61.7 3.84
61.8 3.72
61.9 5.04
62 5.04
62.1 5.04
62.2 5.04
62.3 5.04
62.4 5.04
62.5 4.92
62.6 5.04
62.7 5.04
62.8 5.04
62.9 5.04
63 5.04
63.1 5.76
63.2 6.24
63.3 5.28
63.4 3.72
63.5 4.2
63.6 5.04
63.7 5.04
63.8 5.04
63.9 4.92
64 5.04
64.1 5.04
64.2 5.04
64.3 5.04
64.4 5.04
64.5 5.04
64.6 5.04
64.7 4.68
64.8 0
64.9 0
65 0.36
65.1 0
65.2 2.28
65.3 5.04
65.4 5.04
65.5 5.04
65.6 5.16
65.7 5.04
65.8 5.04
65.9 5.16
66 5.04
66.1 5.88
66.2 6.36
66.3 4.92
66.4 3.84
66.5 4.44
66.6 5.16
66.7 5.16
66.8 5.28
66.9 5.16
67 5.16
67.1 5.16
67.2 5.28
67.3 5.16
67.4 5.16
67.5 5.28
67.6 5.16
67.7 5.16
67.8 6.36
67.9 6.48
68 4.56
68.1 3.96
68.2 4.68
68.3 5.16
68.4 5.28
68.5 5.28
68.6 5.28
68.7 5.28
68.8 5.16
68.9 5.28
69 5.28
69.1 5.28
69.2 5.28
69.3 5.28
69.4 5.28
69.5 6.6
69.6 6.6
69.7 3.96
69.8 3.96
69.9 5.04
70 5.28
70.1 5.28
70.2 5.28
70.3 5.28
70.4 5.28
70.5 5.16
70.6 5.28
70.7 5.28
70.8 5.28
70.9 5.28
71 5.28
71.1 5.76
71.2 6.6
71.3 5.4
71.4 3.96
71.5 4.32
71.6 5.16
71.7 5.28
71.8 5.28
71.9 5.28
72 5.28
72.1 5.16
72.2 5.28
72.3 5.28
72.4 5.16
72.5 5.28
72.6 5.28
72.7 5.16
72.8 5.52
72.9 5.16
73 4.2
73.1 3.84
73.2 4.56
73.3 5.28
73.4 5.16
73.5 5.28
73.6 5.16
73.7 5.28
73.8 5.28
73.9 5.16
74 5.28
74.1 5.28
74.2 5.04
74.3 5.16
74.4 5.16
74.5 5.76
74.6 5.04
74.7 3.96
74.8 3.84
74.9 4.68
75 5.16
75.1 5.16
75.2 5.16
75.3 5.04
75.4 5.16
75.5 5.16
75.6 2.04
75.7 0
75.8 0
75.9 0
76 0.48
76.1 0
76.2 4.08
76.3 5.16
76.4 5.16
76.5 5.16
76.6 5.16
76.7 5.04
76.8 5.16
76.9 5.16
77 5.16
77.1 6.36
77.2 6.48
77.3 4.08
77.4 3.96
77.5 4.8
77.6 5.16
77.7 5.16
77.8 5.04
77.9 5.16
78 5.16
78.1 5.16
78.2 5.04
78.3 5.16
78.4 5.16
78.5 5.04
78.6 5.04
78.7 5.52
78.8 6.24
78.9 5.88
79 3.84
79.1 3.96
79.2 5.04
79.3 5.04
79.4 5.16
79.5 5.04
79.6 5.04
79.7 5.04
79.8 5.16
79.9 5.04
80 5.04
80.1 5.16
80.2 5.04
80.3 5.04
80.4 5.76
80.5 6.36
80.6 5.16
80.7 3.72
80.8 4.44
80.9 5.04
81 5.04
81.1 5.16
81.2 5.04
81.3 5.16
81.4 5.04
81.5 5.04
81.6 5.16
81.7 5.04
81.8 5.16
81.9 5.04
82 5.04
82.1 6.24
82.2 6.36
82.3 4.32
82.4 3.84
82.5 4.8
82.6 5.16
82.7 5.04
82.8 5.16
82.9 5.16
83 5.16
83.1 5.04
83.2 5.16
83.3 5.16
83.4 5.16
83.5 5.16
83.6 5.04
83.7 5.28
83.8 6.48
83.9 6.36
84 3.84
84.1 3.84
84.2 5.04
84.3 5.16
84.4 5.28
84.5 5.16
84.6 5.16
84.7 5.16
84.8 5.16
84.9 5.16
85 5.16
85.1 5.16
85.2 5.16
85.3 5.16
85.4 5.64
85.5 6.48
85.6 5.88
85.7 3.84
85.8 4.08
85.9 5.16
86 5.28
86.1 5.16
86.2 5.16
86.3 5.16
86.4 5.28
86.5 5.16
86.6 1.32
86.7 0
86.8 0
86.9 0.36
87 0
87.1 4.56
87.2 5.28
87.3 5.16
87.4 5.16
87.5 5.16
87.6 5.28
87.7 5.16
87.8 5.16
87.9 5.52
88 6.48
88.1 6.24
88.2 3.84
88.3 3.96
88.4 5.16
88.5 5.28
88.6 5.16
88.7 5.28
88.8 5.16
88.9 5.28
89 5.16
89.1 5.16
89.2 5.28
89.3 5.16
89.4 5.28
89.5 5.16
89.6 5.88
89.7 6.48
89.8 5.52
89.9 3.84
90 4.32
90.1 5.28
90.2 5.28
90.3 5.16
90.4 5.28
90.5 5.16
90.6 5.28
90.7 5.16
90.8 5.28
90.9 5.16
91 5.28
91.1 5.28
91.2 5.16
91.3 6.36
91.4 6.48
91.5 4.68
91.6 3.96
91.7 4.68
91.8 5.16
91.9 5.28
92 5.28
92.1 5.16
92.2 5.28
92.3 5.16
92.4 5.28
92.5 5.16
92.6 5.28
92.7 5.28
92.8 5.16
92.9 5.28
93 6.6
93.1 6.48
93.2 4.08
93.3 3.84
93.4 5.04
93.5 5.28
93.6 5.16
93.7 5.28
93.8 5.28
93.9 5.16
94 5.28
94.1 5.16
94.2 5.28
94.3 5.16
94.4 5.28
94.5 5.16
94.6 5.76
94.7 6.48
94.8 5.88
94.9 3.96
95 4.08
95.1 5.28
95.2 5.16
95.3 5.16
95.4 5.28
95.5 5.16
95.6 5.28
95.7 5.16
95.8 5.28
95.9 5.16
96 5.16
96.1 5.28
96.2 5.16
96.3 6
96.4 6.6
96.5 5.04
96.6 3.84
96.7 4.56
96.8 5.16
96.9 5.28
97 5.16
97.1 5.28
97.2 5.16
97.3 5.28
97.4 5.16
97.5 0.48
97.6 0
97.7 0
97.8 0.48
97.9 0
98 0.48
98.1 5.28
98.2 5.16
98.3 5.16
98.4 5.28
98.5 5.16
98.6 5.28
98.7 5.64
98.8 6.48
98.9 6
99 3.96
99.1 4.08
99.2 5.16
99.3 5.28
99.4 5.16
99.5 5.16
99.6 5.28
99.7 5.16
99.8 5.16
99.9 5.16
100 5.16
