0.200111 10
0.401609 11
0.406416 13
0.411222 15
0.416029 17
0.420835 19
0.616944 21
0.630785 23
0.644626 25
0.658467 27
0.672307 29
0.686148 31
0.699989 33
0.71383 35
0.804597 37
0.818438 39
0.832279 41
0.846119 43
0.85996 45
0.873801 47
0.886619 49
0.898521 51
0.908821 53
0.94407 55
0.952615 57
0.96116 59
0.969705 61
0.97825 63
1.00609 65
1.01464 67
1.02318 69
1.03146 71
1.03974 73
1.04802 75
1.0563 77
1.06458 79
1.07285 81
1.08113 83
1.08941 85
1.09769 87
1.10597 89
1.11425 91
1.12253 93
1.13081 95
1.13909 97
1.14736 99
1.15521 101
1.16249 103
1.16952 105
1.17611 107
1.18248 109
1.18847 111
1.19447 113
1.20046 115
1.20646 117
1.21243 119
1.21838 121
1.224 123
1.22935 125
1.23416 127
1.23896 129
1.24377 131
1.24857 133
1.25338 135
1.25819 137
1.26299 139
1.2678 141
1.27261 143
1.27741 145
1.28222 147
1.28703 149
1.29183 151
1.29664 153
1.30145 155
1.30625 157
1.31106 159
1.31586 161
1.32067 163
1.32548 165
1.33028 167
1.33509 169
1.3399 171
1.3447 173
1.34951 175
1.35432 177
1.35912 179
1.36393 181
1.36873 183
1.37354 185
1.37835 187
1.38315 189
1.38796 191
1.39277 193
1.39757 195
1.40238 197
1.40719 199
1.41199 201
1.4168 203
1.42161 205
1.42641 207
1.43122 209
1.43602 211
1.44083 213
1.44564 215
1.45044 217
1.45525 219
1.46006 221
1.46486 223
1.46967 225
1.47448 227
1.47928 229
1.48409 231
1.48889 233
1.4937 235
1.49851 237
1.50331 239
1.50692 241
1.51173 243
1.51653 245
1.65592 247
1.66072 249
1.91547 248
1.91547 247
1.91547 248
1.92028 247
1.9251 246
1.9299 245
1.93471 244
1.93952 243
1.94432 242
1.94913 241
1.95394 240
1.95874 239
1.96355 238
1.96836 237
1.97076 238
1.97196 239
1.97316 238
1.97316 239
1.97557 240
1.97677 241
1.97797 240
1.97797 241
1.98037 242
1.98157 243
1.98278 242
1.98278 243
1.98518 244
1.98638 245
1.98758 244
1.98758 245
1.98998 246
1.99119 247
1.99239 246
1.99239 247
1.99599 248
2.0008 249
2.00561 246
2.00561 247
2.00921 244
2.00921 245
2.01282 242
2.01282 243
2.01402 241
2.01402 242
2.01762 243
2.01882 244
2.02243 245
2.02363 246
2.02723 247
2.02844 248
2.03204 249
2.03324 250
2.03685 251
2.03805 252
2.04165 253
2.04286 254
2.04646 255
2.04766 256
2.05127 257
2.05247 258
2.05607 259
2.05727 260
2.06088 261
2.06208 262
2.06569 263
2.15821 260
2.15821 261
2.16181 258
2.16181 259
2.16302 260
2.16662 261
2.16782 262
2.17143 263
2.40213 262
2.40213 263
2.40694 262
2.40694 263
2.41175 262
2.41175 263
2.41655 262
2.41655 263
2.42136 262
2.42136 263
2.42617 262
2.42617 263
2.43097 262
2.43097 263
2.43578 262
2.43578 263
2.44058 262
2.44058 263
2.44539 262
2.44539 263
2.4502 262
2.4502 263
2.455 262
2.455 263
2.46101 262
2.46101 263
2.46582 262
2.46582 263
2.46822 260
2.46822 261
2.46942 262
2.47062 261
2.47062 262
2.47303 259
2.47303 260
2.47423 261
2.47543 260
2.47543 261
2.47783 258
2.47783 259
2.47904 258
2.47904 259
2.48024 258
2.48024 259
2.48384 257
2.48384 258
2.49706 257
2.49706 258
2.50066 257
2.50066 258
2.50187 257
2.50187 258
2.50547 257
2.50547 258
2.50667 257
2.50667 258
2.51028 256
2.51028 257
2.51148 255
2.51148 256
2.51508 255
2.51508 256
2.51629 255
2.51629 256
2.51989 255
2.51989 256
2.52109 255
2.52109 256
2.5247 255
2.5247 256
2.5259 255
2.5259 256
2.5295 255
2.5295 256
2.5307 255
2.5307 256
2.53431 255
2.53431 256
2.53551 255
2.53551 256
2.53912 255
2.53912 256
2.54032 255
2.54032 256
2.54392 255
2.54392 256
2.54512 255
2.54512 256
2.54873 255
2.54873 256
2.54993 255
2.54993 256
2.55354 255
2.55354 256
2.55834 255
2.55834 256
2.56315 255
2.56315 256
2.56795 254
2.56795 255
2.57276 254
2.57276 255
2.57757 254
2.57757 255
2.58237 254
2.58237 255
2.58718 254
2.58718 255
2.59199 254
2.59199 255
2.59559 254
2.59559 255
2.59679 254
2.59679 255
2.6004 256
2.6016 257
2.6052 258
2.60641 259
2.61001 260
2.61121 261
2.61482 262
2.61602 263
2.64486 262
2.64486 263
2.64606 262
2.64606 263
2.64966 262
2.64966 263
2.65086 262
2.65086 263
2.65928 262
2.65928 263
2.66769 262
2.66769 263
2.94406 264
2.94526 264.906
2.95247 263.906
2.95247 264.906
2.95367 263.906
2.95367 264.906
2.95487 263.906
2.95487 264.906
2.95847 263.906
2.95847 264.906
2.95968 263.906
2.95968 264.906
2.96088 263.906
2.96088 264.906
2.96448 263.906
2.96448 264.906
2.96568 263.906
2.96568 264.906
2.96689 263.906
2.96689 264.906
2.96929 263.906
2.96929 264.906
2.97049 263.906
2.97049 264.906
2.97169 263.906
2.97169 264.906
2.9741 263.906
2.9741 264.906
2.9753 263.906
2.9753 264.906
2.9765 263.906
2.9765 264.906
2.9777 263.906
2.9777 264.906
2.9789 263.906
2.9789 264.906
2.9813 263.906
2.9813 264.906
2.98731 263.906
2.98731 264.906
2.98972 263.906
2.98972 264.906
2.99572 263.906
2.99572 264.906
2.99933 263.906
2.99933 264.906
3.00534 263.906
3.00534 264.906
3.00894 263.906
3.00894 264.906
3.01014 265.906
3.01495 264.906
3.01495 265.906
3.01735 266.906
3.01855 265.906
3.01855 266.906
3.01976 267.906
3.02456 266.906
3.02456 267.906
3.02697 268.559
3.0558 267.559
3.0558 268.559
3.06542 267.559
3.06542 268.559
3.08224 267.559
3.08224 268.559
3.08825 269.092
3.08945 269.741
3.09305 268.741
3.09305 269.741
3.09426 270.741
3.09666 270.923
3.09786 269.923
3.09786 270.923
3.09906 271.923
3.10146 272.104
3.10267 271.104
3.10267 272.104
3.10387 273.104
3.10627 273.287
3.10747 272.287
3.10747 273.287
3.11108 273.948
3.14112 272.948
3.14112 273.948
3.15313 272.948
3.15313 273.948
3.40213 1
3.40307 2
3.40307 4
3.40427 5
3.40667 6
3.40787 7
3.40907 8
3.41148 9
3.41268 10
3.41388 11
3.41628 12
3.41749 13
3.41869 14
3.42109 15
3.42229 16
3.42349 17
3.4259 18
3.4271 19
3.4283 20
3.4307 21
3.4319 22
3.43311 23
3.43431 24
3.43551 25
3.43671 26
3.43791 27
3.44032 28
3.44272 29
3.44512 30
3.44753 31
3.44993 32
3.45233 33
3.45474 34
3.45714 35
3.45954 36
3.46194 37
3.46435 38
3.46555 39
3.46795 40
3.47036 41
3.47276 42
3.47516 43
3.47757 44
3.47997 45
3.48237 46
3.48478 47
3.48718 48
3.48958 49
3.49198 50
3.49319 51
3.49559 52
3.49799 53
3.5004 54
3.5028 55
3.5052 56
3.50761 57
3.51001 58
3.51241 59
3.51482 60
3.51602 61
3.51842 62
3.52082 63
3.52323 64
3.52563 65
3.52803 66
3.53044 67
3.53284 68
3.53524 69
3.53765 70
3.54005 71
3.54125 72
3.54365 73
3.54606 74
3.54846 75
3.55086 76
3.55327 77
3.55567 78
3.55807 79
3.56048 80
3.56288 81
3.56408 82
3.56648 83
3.56889 84
3.57129 85
3.57369 86
3.5761 87
3.5785 88
3.5809 89
3.58331 90
3.58571 91
3.59071 92
3.59692 93
3.60314 94
3.60434 95
3.61086 96
3.61206 97
3.6133 98
3.61502 99
3.61774 100
3.62014 101
3.62134 102
3.62374 103
3.62615 104
3.62855 105
3.63095 106
3.63216 107
3.63336 108
3.63576 109
3.63696 110
3.63816 111
3.63936 112
3.64057 113
3.64297 114
3.64417 115
3.64657 116
3.64898 117
3.65018 118
3.65256 119
3.77519 121
3.77999 123
3.7848 73.6616
3.80964 74.7307
3.8145 75.712
3.86608 77.712
3.87038 79.712
3.87468 81.712
3.87898 83.712
3.88327 85.712
3.88757 87.712
3.89213 89.712
3.89617 91.712
3.90047 93.712
3.90477 95.712
3.90906 97.712
3.91336 99.712
3.91766 101.712
3.92196 103.712
3.92626 105.712
3.93056 107.712
3.93485 109.712
3.93915 111.712
3.94345 113.712
3.94775 115.712
3.95205 117.712
3.95634 119.712
3.96064 121.712
3.96494 123.712
3.96924 125.712
3.97354 127.712
3.97784 129.712
3.98213 131.712
4.03007 133.712
4.04021 135.712
4.05152 137.712
4.06283 139.712
4.07394 141.712
4.08406 143.712
4.09328 145.712
4.10175 147.712
4.10957 149.712
4.11685 151.712
4.12365 153.712
4.13012 155.712
4.13631 157.712
4.14232 159.712
4.14901 161.712
4.15353 163.712
4.15892 165.712
4.1641 167.712
4.1691 169.712
4.17398 171.712
4.17874 173.712
4.18345 175.092
4.83722 177.092
5.06204 179.092
5.0658 180.957
5.08086 182.957
5.08462 184.823
5.10056 186.823
5.10343 188.689
5.11848 190.689
5.12224 192.555
5.1373 194.555
5.14106 196.421
5.15611 198.421
5.16039 200.286
5.17492 202.286
5.17868 204.152
5.19374 206.152
5.1975 208.018
5.21255 210.018
5.21631 211.883
5.23136 213.883
5.23512 215.749
5.2689 215.834
5.27258 215.918
5.27626 216.003
5.28362 216.172
5.28722 216.338
5.29082 216.503
5.29442 216.67
5.29802 216.836
5.30162 218.836
5.30518 220.722
5.31222 221.353
5.35351 223.353
5.35689 225.202
5.38004 227.202
5.38329 228.753
5.40264 230.753
5.40582 232.09
5.4185 232.299
5.42162 234.299
5.42474 236.184
5.43718 236.327
5.44025 238.327
5.44331 240.214
5.45558 240.689
5.45864 242.689
5.46171 244.584
5.47397 246.584
5.47703 248.151
5.48928 248.174
5.49562 250.174
5.49845 251.669
5.50754 251.747
5.51054 252.423
5.51353 254.423
5.51652 256.318
5.53145 256.454
5.53444 258.454
5.53742 260.352
5.55534 260.409
5.55827 262.409
5.5612 264.307
5.58173 264.635
5.58462 266.635
5.58847 268.539
5.61051 268.862
5.61335 270.862
5.6162 272.771
5.63928 274.771
5.64168 275.113
5.65245 275.568
5.65794 275.704
5.66068 276.133
5.66337 276.622
5.66607 278.622
5.66876 280.53
5.68814 282.53
5.69054 283.213
5.70067 284.002
5.70328 284.292
5.7059 286.292
5.70852 288.198
5.72403 288.63
5.7266 290.63
5.72917 292.541
5.74238 294.541
5.74479 295.017
5.75455 295.523
5.75707 296.171
5.7596 298.171
5.76211 300.079
5.77454 300.34
5.77703 302.34
5.78063 304.252
5.79025 305.87
5.80226 305.886
5.80467 306.588
5.80707 307.294
5.80947 309.294
5.81188 311.193
5.82389 311.609
5.8275 313.609
5.8299 315.515
5.83951 316.438
5.85633 316.737
5.85874 317.249
5.86114 317.763
5.86354 319.763
5.86595 321.648
5.88397 323.267
5.9032 325.267
5.9056 326.462
5.92362 326.863
5.94045 328.596
5.96448 330.596
5.96808 330.79
5.97529 328.79
6.01975 330.573
6.06782 330.807
6.10987 331.026
6.12549 331.095
6.17956 331.362
6.22763 331.608
7.38357 333.608
7.58424 331.608
8.52989 330.358
8.99131 332.358
9.19318 330.358
10.2013 212.584
10.2013 4
10.2037 6
10.2037 4
10.2061 6
10.2061 4
10.2085 6
10.2085 4
10.2121 6
10.2121 4
10.2145 6
10.2145 4
10.2169 6
10.2169 4
10.2193 6
10.2193 4
10.2217 6
10.2217 4
10.2242 6
10.2242 4
10.2266 6
10.2266 4
10.229 6
10.229 4
10.2314 6
10.2314 4
10.2338 6
10.2338 4
10.2374 6
10.2374 4
10.2398 6
10.2398 4
10.2422 6
10.2422 4
10.2446 6
10.2446 4
10.247 6
10.247 4
10.2494 6
10.2494 4
10.2518 6
10.2518 4
10.2542 6
10.2542 4
10.2566 6
10.2566 4
10.259 6
10.259 4
10.2614 6
10.2614 4
10.265 6
10.265 4
10.2674 6
10.2674 4
10.2698 6
10.2698 4
10.2722 6
10.2722 4
10.2746 6
10.2746 4
10.277 6
10.277 4
10.2794 6
10.2794 4
10.2818 6
10.2818 4
10.2842 6
10.2842 4
10.2866 6
10.2866 4
10.289 6
10.289 4
10.2926 6
10.2926 4
10.295 6
10.295 4
10.2974 6
10.2974 4
10.2999 6
10.2999 4
10.3023 6
10.3023 4
10.3047 6
10.3047 4
10.3071 6
10.3071 4
10.3095 6
10.3095 4
10.3119 6
10.3119 4
10.3143 6
10.3143 4
10.3167 6
10.3167 4
10.3203 6
10.3203 4
10.3227 6
10.3227 4
10.3251 6
10.3251 4
10.3275 6
10.3275 4
10.3299 6
10.3299 4
10.3323 6
10.3323 4
10.3347 6
10.3347 4
10.3371 6
10.3371 4
10.3395 6
10.3395 4
10.3419 6
10.3419 4
10.3443 6
10.3443 4
10.3479 6
10.3479 4
10.3503 6
10.3503 4
10.3527 6
10.3527 4
10.3551 6
10.3551 4
10.3575 6
10.3575 4
10.3599 6
10.3599 4
10.3623 6
10.3623 4
10.3647 6
10.3647 4
10.3671 6
10.3671 4
10.3695 6
10.3695 4
10.3719 6
10.3719 4
10.3756 6
10.3756 4
10.378 6
10.378 4
10.3804 6
10.3804 4
10.3828 6
10.3828 4
10.3852 6
10.3852 4
10.3876 6
10.3876 4
10.39 6
10.39 4
10.3924 6
10.3924 4
10.3948 6
10.3948 4
10.3972 6
10.3972 4
10.4008 6
10.4008 4
10.4032 6
10.4032 4
10.4056 6
10.4056 4
10.408 6
10.408 4
10.4104 6
10.4104 4
10.4128 6
10.4128 4
10.4152 6
10.4152 4
10.4176 6
10.4176 4
10.42 6
10.42 4
10.4224 6
10.4224 4
10.4248 6
10.4248 4
10.4284 6
10.4284 4
10.4308 6
10.4308 4
10.4332 6
10.4332 4
10.4356 6
10.4356 4
10.438 6
10.438 4
10.4404 6
10.4404 4
10.4428 6
10.4428 4
10.4452 6
10.4452 4
10.4476 6
10.4476 4
10.4501 6
10.4501 4
10.4525 6
10.4525 4
10.4561 6
10.4561 4
10.4585 6
10.4585 4
10.4609 6
10.4609 4
10.6612 330.358
10.6612 332.358
10.6648 334.358
10.8639 336.358
10.8664 338.358
10.8689 340.358
10.8714 342.358
10.8738 344.358
10.8774 346.358
10.8798 348.358
10.8822 350.358
10.8846 352.358
10.887 352.43
10.8894 350.211
10.8918 348.069
10.8943 346.396
10.8967 344.73
10.8991 343.474
10.9015 342.173
10.9039 341.035
10.9063 340.039
10.9099 339.37
10.9123 338.785
10.9147 338.272
10.9171 337.823
10.9195 337.431
10.9219 336.886
10.9243 336.61
10.9267 336.168
10.9291 335.983
10.9315 335.618
10.9339 335.3
10.9363 335.222
10.9387 334.953
10.9615 334.925
10.9639 334.693
10.9663 334.692
10.9688 334.489
11.0865 336.489
11.3028 334.489
11.9697 333.851
12.7375 335.851
12.943 333.851
14.0196 327.837
14.3777 329.837
14.5832 327.837
15.0085 323.747
16.0155 325.747
16.2209 323.747
17.6533 325.747
17.8575 323.747
18.9029 315.552
19.1865 315.985
19.2886 317.985
19.4929 315.985
20.9264 317.985
20.9709 316.01
20.9709 4
20.9733 6
20.9733 4
20.9769 6
20.9769 4
20.9793 6
20.9793 4
20.9817 6
20.9817 4
20.9841 6
20.9841 4
20.9865 6
20.9865 4
20.9901 6
20.9901 4
20.9925 6
20.9925 4
20.9949 6
20.9949 4
20.9973 6
20.9973 4
20.9997 6
20.9997 4
21.0021 6
21.0021 4
21.0057 6
21.0057 4
21.0081 6
21.0081 4
21.0105 6
21.0105 4
21.0129 6
21.0129 4
21.0153 6
21.0153 4
21.0189 6
21.0189 4
21.0213 6
21.0213 4
21.0237 6
21.0237 4
21.0261 6
21.0261 4
21.0285 6
21.0285 4
21.0322 6
21.0322 4
21.0346 6
21.0346 4
21.037 6
21.037 4
21.0394 6
21.0394 4
21.0418 6
21.0418 4
21.0442 6
21.0442 4
21.0478 6
21.0478 4
21.0502 6
21.0502 4
21.0526 6
21.0526 4
21.055 6
21.055 4
21.0574 6
21.0574 4
21.061 6
21.061 4
21.0634 6
21.0634 4
21.0658 6
21.0658 4
21.0682 6
21.0682 4
21.0706 6
21.0706 4
21.073 6
21.073 4
21.0766 6
21.0766 4
21.079 6
21.079 4
21.0814 6
21.0814 4
21.0838 6
21.0838 4
21.0862 6
21.0862 4
21.0898 6
21.0898 4
21.0922 6
21.0922 4
21.0946 6
21.0946 4
21.097 6
21.097 4
21.1006 6
21.1006 4
21.103 6
21.103 4
21.1054 6
21.1054 4
21.1079 6
21.1079 4
21.1115 6
21.1115 4
21.1139 6
21.1139 4
21.1163 6
21.1163 4
21.1187 6
21.1187 4
21.1223 6
21.1223 4
21.1247 6
21.1247 4
21.1271 6
21.1271 4
21.1295 6
21.1295 4
21.1331 6
21.1331 4
21.1355 6
21.1355 4
21.1379 6
21.1379 4
21.1403 6
21.1403 4
21.1439 6
21.1439 4
21.1463 6
21.1463 4
21.1487 6
21.1487 4
21.1511 6
21.1511 4
21.1547 6
21.1547 4
21.1571 6
21.1571 4
21.1595 6
21.1595 4
21.1619 6
21.1619 4
21.1655 6
21.1655 4
21.1679 6
21.1679 4
21.1703 6
21.1703 4
21.1727 6
21.1727 4
21.1763 6
21.1763 4
21.1787 6
21.1787 4
21.1812 6
21.1812 4
21.1836 6
21.1836 4
21.1872 6
21.1872 4
21.1896 6
21.1896 4
21.192 6
21.192 4
21.1944 6
21.1944 4
21.198 6
21.198 4
21.2004 6
21.2004 4
21.2028 6
21.2028 4
21.2052 6
21.2052 4
21.2088 6
21.2088 4
21.2112 6
21.2112 4
21.2136 6
21.2136 4
21.216 6
21.216 4
21.2196 6
21.2196 4
21.222 6
21.222 4
21.2244 6
21.2244 4
21.2268 6
21.2268 4
21.2304 6
21.2304 4
21.2328 6
21.2328 4
21.2352 6
21.2352 4
21.2388 6
21.2388 4
21.2412 6
21.2412 4
21.2436 6
21.2436 4
21.246 6
21.246 4
21.2496 6
21.2496 4
21.252 6
21.252 4
21.2544 6
21.2544 4
21.2569 6
21.2569 4
21.2605 6
21.2605 4
21.2629 6
21.2629 4
21.2653 6
21.2653 4
21.2677 6
21.2677 4
21.2713 6
21.2713 4
21.2737 6
21.2737 4
21.2761 6
21.2761 4
21.2785 6
21.2785 4
21.2821 6
21.2821 4
21.2845 6
21.2845 4
21.2869 6
21.2869 4
21.2893 6
21.2893 4
21.2929 6
21.2929 4
21.2953 6
21.2953 4
21.2977 6
21.2977 4
21.3001 6
21.3001 4
21.3037 6
21.3037 4
21.3061 6
21.3061 4
21.3085 6
21.3085 4
21.3109 6
21.3109 4
21.3145 6
21.3145 4
21.3169 6
21.3169 4
21.3193 6
21.3193 4
21.3229 6
21.3229 4
21.3253 6
21.3253 4
21.3277 6
21.3277 4
21.3301 6
21.3301 4
21.3338 6
21.3338 4
21.3362 6
21.3362 4
21.3386 6
21.3386 4
21.341 6
21.341 4
21.3446 6
21.3446 4
21.347 6
21.347 4
21.3494 6
21.3494 4
21.3518 6
21.3518 4
21.3542 6
21.3542 4
21.3578 6
21.3578 4
21.3602 6
21.3602 4
21.3626 6
21.3626 4
21.365 6
21.365 4
21.3674 6
21.3674 4
21.371 6
21.371 4
21.3734 6
21.3734 4
21.3758 6
21.3758 4
21.3782 6
21.3782 4
21.3806 6
21.3806 4
21.3842 6
21.3842 4
21.3866 6
21.3866 4
21.389 6
21.389 4
21.3914 6
21.3914 4
21.5905 330.358
21.5905 332.358
21.5942 334.358
21.7944 336.358
21.7968 338.358
21.7992 340.358
21.8016 342.358
21.8052 344.358
21.8076 346.358
21.81 348.358
21.8124 350.358
21.816 352.358
21.8184 354.358
21.8209 356.358
21.8245 358.358
21.8269 360.358
21.8293 362.358
21.8317 360.382
21.8353 355.237
21.8377 350.544
21.8401 346.438
21.8425 342.845
21.8461 339.892
21.8485 337.308
21.8509 334.856
21.8545 332.902
21.8569 331.192
21.8593 329.695
21.8617 328.195
21.8653 327.264
21.8677 326.259
21.8701 325.57
21.8725 324.776
21.8761 324.272
21.8785 323.831
21.8809 323.255
21.8845 322.941
21.8869 322.667
21.8893 322.427
21.8917 322.217
21.8978 322.039
21.9026 321.903
21.911 321.834
22.2498 323.834
22.4601 319.137
23.9164 321.137
24.1267 319.137
24.8765 312.342
25.5879 314.342
25.7969 312.342
26.8099 311.521
27.2569 313.521
27.4648 311.521
28.9271 313.521
29.1362 311.521
29.433 307.637
30.5973 309.637
30.8052 307.637
31.6331 291.7
31.9131 293.7
31.9131 4
31.9167 6
31.9167 4
31.9191 6
31.9191 4
31.9227 6
31.9227 4
31.9251 6
31.9251 4
31.9287 6
31.9287 4
31.9323 6
31.9323 4
31.9347 6
31.9347 4
31.9383 6
31.9383 4
31.9407 6
31.9407 4
31.9443 6
31.9443 4
31.9467 6
31.9467 4
31.9503 6
31.9503 4
31.9527 6
31.9527 4
31.9563 6
31.9563 4
31.96 6
31.96 4
31.9624 6
31.9624 4
31.966 6
31.966 4
31.9684 6
31.9684 4
31.972 6
31.972 4
31.9744 6
31.9744 4
31.978 6
31.978 4
31.9816 6
31.9816 4
31.984 6
31.984 4
31.9876 6
31.9876 4
31.99 6
31.99 4
31.9924 6
31.9924 4
31.996 6
31.996 4
31.9996 6
31.9996 4
32.002 6
32.002 4
32.0044 6
32.0044 4
32.0068 6
32.0068 4
32.0092 6
32.0092 4
32.0116 6
32.0116 4
32.014 6
32.014 4
32.0164 6
32.0164 4
32.02 6
32.02 4
32.0224 6
32.0224 4
32.0248 6
32.0248 4
32.0284 6
32.0284 4
32.0308 6
32.0308 4
32.0333 6
32.0333 4
32.0369 6
32.0369 4
32.0393 6
32.0393 4
32.0417 6
32.0417 4
32.0453 6
32.0453 4
32.0477 6
32.0477 4
32.0501 6
32.0501 4
32.0537 6
32.0537 4
32.0561 6
32.0561 4
32.0585 6
32.0585 4
32.0621 6
32.0621 4
32.0645 6
32.0645 4
32.0669 6
32.0669 4
32.0705 6
32.0705 4
32.0729 6
32.0729 4
32.0753 6
32.0753 4
32.0789 6
32.0789 4
32.0813 6
32.0813 4
32.0873 6
32.0873 4
32.0897 6
32.0897 4
32.0933 6
32.0933 4
32.0957 6
32.0957 4
32.0993 6
32.0993 4
32.1017 6
32.1017 4
32.1041 6
32.1041 4
32.1078 6
32.1078 4
32.1102 6
32.1102 4
32.1126 6
32.1126 4
32.1162 6
32.1162 4
32.1186 6
32.1186 4
32.121 6
32.121 4
32.1246 6
32.1246 4
32.127 6
32.127 4
32.1294 6
32.1294 4
32.133 6
32.133 4
32.1354 6
32.1354 4
32.1378 6
32.1378 4
32.1414 6
32.1414 4
32.1438 6
32.1438 4
32.1462 6
32.1462 4
32.1498 6
32.1498 4
32.1522 6
32.1522 4
32.1546 6
32.1546 4
32.1582 6
32.1582 4
32.1606 6
32.1606 4
32.163 6
32.163 4
32.1666 6
32.1666 4
32.169 6
32.169 4
32.1714 6
32.1714 4
32.175 6
32.175 4
32.1774 6
32.1774 4
32.1798 6
32.1798 4
32.1835 6
32.1835 4
32.1859 6
32.1859 4
32.1883 6
32.1883 4
32.1919 6
32.1919 4
32.1943 6
32.1943 4
32.1967 6
32.1967 4
32.2003 6
32.2003 4
32.2027 6
32.2027 4
32.2063 6
32.2063 4
32.2087 6
32.2087 4
32.2123 6
32.2123 4
32.2147 6
32.2147 4
32.2183 6
32.2183 4
32.2207 6
32.2207 4
32.2243 6
32.2243 4
32.2267 6
32.2267 4
32.2303 6
32.2303 4
32.2327 6
32.2327 4
32.2363 6
32.2363 4
32.2387 6
32.2387 4
32.2411 6
32.2411 4
32.2447 6
32.2447 4
32.2471 6
32.2471 4
32.2507 6
32.2507 4
32.2531 6
32.2531 4
32.2567 6
32.2567 4
32.2592 6
32.2592 4
32.2628 6
32.2628 4
32.2652 6
32.2652 4
32.2688 6
32.2688 4
32.2712 6
32.2712 4
32.2748 6
32.2748 4
32.2772 6
32.2772 4
32.2808 6
32.2808 4
32.2832 6
32.2832 4
32.2868 6
32.2868 4
32.2892 6
32.2892 4
32.2916 6
32.2916 4
32.2952 6
32.2952 4
32.2976 6
32.2976 4
32.3012 6
32.3012 4
32.3036 6
32.3036 4
32.3072 6
32.3072 4
32.3096 6
32.3096 4
32.3132 6
32.3132 4
32.3156 6
32.3156 4
32.3192 6
32.3192 4
32.3216 6
32.3216 4
32.3252 6
32.3252 4
32.3276 6
32.3276 4
32.3312 6
32.3312 4
32.3337 6
32.3337 4
32.5327 330.358
32.5327 332.358
32.5366 334.358
32.7357 336.358
32.7386 338.358
32.7422 340.358
32.7446 342.358
32.7482 344.358
32.7506 346.358
32.7542 348.358
32.7566 350.358
32.7602 352.358
32.7626 354.358
32.7662 354.671
32.7686 346.159
32.771 338.711
32.7746 332.194
32.777 326.492
32.7806 321.502
32.783 317.136
32.7866 313.316
32.789 310.146
32.7927 307.372
32.7951 304.945
32.7987 302.822
32.8011 300.963
32.8035 299.165
32.8071 297.764
32.8095 296.365
32.8131 295.314
32.8155 294.394
32.8191 293.762
32.8215 293.036
32.8251 292.574
32.8275 291.997
32.8311 291.664
32.8335 291.2
32.8359 290.622
32.8395 290.289
32.8419 289.825
32.8455 289.764
32.8479 289.537
32.8515 289.512
32.8539 289.318
32.8599 289.15
32.866 289.021
32.8684 288.887
32.872 288.771
33.6025 290.771
33.8092 288.771
33.832 284.977
35.2643 286.977
35.4722 284.977
36.2304 280.691
36.3278 281.2
36.9262 283.2
37.134 281.2
38.5916 283.2
38.7995 281.2
40.2534 283.2
40.4601 281.2
40.7617 278.356
41.9104 280.356
42.1171 278.356
42.8741 280.356
42.8741 4
42.8777 6
42.8777 4
42.8801 6
42.8801 4
42.8837 6
42.8837 4
42.8873 6
42.8873 4
42.8897 6
42.8897 4
42.8933 6
42.8933 4
42.8969 6
42.8969 4
42.9005 6
42.9005 4
42.9029 6
42.9029 4
42.9065 6
42.9065 4
42.9101 6
42.9101 4
42.9137 6
42.9137 4
42.9173 6
42.9173 4
42.9197 6
42.9197 4
42.9233 6
42.9233 4
42.9269 6
42.9269 4
42.9306 6
42.9306 4
42.9342 6
42.9342 4
42.9378 6
42.9378 4
42.9402 6
42.9402 4
42.9438 6
42.9438 4
42.9474 6
42.9474 4
42.9498 6
42.9498 4
42.9534 6
42.9534 4
42.9558 6
42.9558 4
42.9594 6
42.9594 4
42.963 6
42.963 4
42.9654 6
42.9654 4
42.969 6
42.969 4
42.9726 6
42.9726 4
42.975 6
42.975 4
42.9786 6
42.9786 4
42.9822 6
42.9822 4
42.9858 6
42.9858 4
42.9882 6
42.9882 4
42.9918 6
42.9918 4
42.9942 6
42.9942 4
42.9978 6
42.9978 4
43.0014 6
43.0014 4
43.0039 6
43.0039 4
43.0075 6
43.0075 4
43.0111 6
43.0111 4
43.0147 6
43.0147 4
43.0183 6
43.0183 4
43.0207 6
43.0207 4
43.0243 6
43.0243 4
43.0279 6
43.0279 4
43.0315 6
43.0315 4
43.0351 6
43.0351 4
43.0375 6
43.0375 4
43.0411 6
43.0411 4
43.0447 6
43.0447 4
43.0483 6
43.0483 4
43.0519 6
43.0519 4
43.0543 6
43.0543 4
43.0579 6
43.0579 4
43.0615 6
43.0615 4
43.0639 6
43.0639 4
43.0675 6
43.0675 4
43.0711 6
43.0711 4
43.0747 6
43.0747 4
43.0784 6
43.0784 4
43.0808 6
43.0808 4
43.0844 6
43.0844 4
43.088 6
43.088 4
43.0916 6
43.0916 4
43.094 6
43.094 4
43.0976 6
43.0976 4
43.1012 6
43.1012 4
43.1048 6
43.1048 4
43.1072 6
43.1072 4
43.1108 6
43.1108 4
43.1144 6
43.1144 4
43.118 6
43.118 4
43.1204 6
43.1204 4
43.124 6
43.124 4
43.1276 6
43.1276 4
43.1312 6
43.1312 4
43.1336 6
43.1336 4
43.136 6
43.136 4
43.1384 6
43.1384 4
43.142 6
43.142 4
43.1444 6
43.1444 4
43.148 6
43.148 4
43.1504 6
43.1504 4
43.1541 6
43.1541 4
43.1565 6
43.1565 4
43.1601 6
43.1601 4
43.1625 6
43.1625 4
43.1661 6
43.1661 4
43.1685 6
43.1685 4
43.1721 6
43.1721 4
43.1745 6
43.1745 4
43.1781 6
43.1781 4
43.1805 6
43.1805 4
43.1841 6
43.1841 4
43.1877 6
43.1877 4
43.1901 6
43.1901 4
43.1937 6
43.1937 4
43.1961 6
43.1961 4
43.1997 6
43.1997 4
43.2021 6
43.2021 4
43.2057 6
43.2057 4
43.2081 6
43.2081 4
43.2117 6
43.2117 4
43.2141 6
43.2141 4
43.2177 6
43.2177 4
43.2201 6
43.2201 4
43.2237 6
43.2237 4
43.2261 6
43.2261 4
43.2298 6
43.2298 4
43.2322 6
43.2322 4
43.2358 6
43.2358 4
43.2394 6
43.2394 4
43.2418 6
43.2418 4
43.2454 6
43.2454 4
43.2478 6
43.2478 4
43.2514 6
43.2514 4
43.2538 6
43.2538 4
43.2574 6
43.2574 4
43.2598 6
43.2598 4
43.2634 6
43.2634 4
43.2658 6
43.2658 4
43.2694 6
43.2694 4
43.2718 6
43.2718 4
43.2754 6
43.2754 4
43.2778 6
43.2778 4
43.2814 6
43.2814 4
43.2838 6
43.2838 4
43.2874 6
43.2874 4
43.2898 6
43.2898 4
43.2934 6
43.2934 4
43.2958 6
43.2958 4
43.2994 6
43.2994 4
43.3018 6
43.3018 4
43.3055 6
43.3055 4
43.3079 6
43.3079 4
43.3115 6
43.3115 4
43.5109 330.358
43.5109 332.358
43.5145 334.358
43.714 336.358
43.7171 338.358
43.7202 340.358
43.7233 342.358
43.7264 344.358
43.7295 346.358
43.7326 348.358
43.7357 346.336
43.7389 336.284
43.742 327.488
43.7451 319.792
43.7482 313.058
43.7513 307.166
43.7544 302.01
43.7575 297.499
43.7606 293.552
43.7637 290.097
43.7669 287.075
43.77 284.431
43.7731 282.117
43.7762 280.093
43.7793 278.321
43.7824 276.771
43.7855 275.414
43.7886 274.228
43.7918 273.189
43.7949 272.281
43.7985 271.646
43.8021 271.091
43.8057 270.606
43.8081 270.18
43.8117 269.809
43.8153 269.644
43.8177 269.339
43.8213 269.233
43.8249 269.14
43.8273 269.059
43.8309 268.827
43.8345 268.785
43.9571 270.785
44.165 268.785
44.3897 269.459
44.4017 270.163
44.4137 270.855
44.4293 271.534
45.6093 273.534
45.816 271.534
47.2627 273.534
47.4694 271.534
48.117 269.088
48.9185 271.088
49.1252 269.088
49.911 254.097
50.5671 256.097
50.775 254.097
52.2229 256.097
52.4284 254.097
52.4981 250.247
53.7309 248.476
53.8378 250.476
53.8378 4
53.8414 6
53.8414 4
53.8451 6
53.8451 4
53.8487 6
53.8487 4
53.8523 6
53.8523 4
53.8559 6
53.8559 4
53.8595 6
53.8595 4
53.8619 6
53.8619 4
53.8655 6
53.8655 4
53.8691 6
53.8691 4
53.8727 6
53.8727 4
53.8763 6
53.8763 4
53.8799 6
53.8799 4
53.8835 6
53.8835 4
53.8871 6
53.8871 4
53.8895 6
53.8895 4
53.8931 6
53.8931 4
53.8967 6
53.8967 4
53.9003 6
53.9003 4
53.9039 6
53.9039 4
53.9075 6
53.9075 4
53.9111 6
53.9111 4
53.9147 6
53.9147 4
53.9183 6
53.9183 4
53.9208 6
53.9208 4
53.9244 6
53.9244 4
53.928 6
53.928 4
53.9316 6
53.9316 4
53.9352 6
53.9352 4
53.9388 6
53.9388 4
53.9424 6
53.9424 4
53.946 6
53.946 4
53.9496 6
53.9496 4
53.9532 6
53.9532 4
53.9568 6
53.9568 4
53.9604 6
53.9604 4
53.964 6
53.964 4
53.9676 6
53.9676 4
53.9712 6
53.9712 4
53.9748 6
53.9748 4
53.9784 6
53.9784 4
53.9832 6
53.9832 4
53.9868 6
53.9868 4
53.9904 6
53.9904 4
53.9941 6
53.9941 4
53.9977 6
53.9977 4
54.0013 6
54.0013 4
54.0049 6
54.0049 4
54.0085 6
54.0085 4
54.0121 6
54.0121 4
54.0157 6
54.0157 4
54.0205 6
54.0205 4
54.0241 6
54.0241 4
54.0277 6
54.0277 4
54.0313 6
54.0313 4
54.0349 6
54.0349 4
54.0385 6
54.0385 4
54.0421 6
54.0421 4
54.0457 6
54.0457 4
54.0493 6
54.0493 4
54.0529 6
54.0529 4
54.0577 6
54.0577 4
54.0613 6
54.0613 4
54.0649 6
54.0649 4
54.0685 6
54.0685 4
54.0722 6
54.0722 4
54.0758 6
54.0758 4
54.0794 6
54.0794 4
54.083 6
54.083 4
54.0866 6
54.0866 4
54.0902 6
54.0902 4
54.095 6
54.095 4
54.0986 6
54.0986 4
54.1022 6
54.1022 4
54.1058 6
54.1058 4
54.1094 6
54.1094 4
54.113 6
54.113 4
54.1166 6
54.1166 4
54.1202 6
54.1202 4
54.1238 6
54.1238 4
54.1274 6
54.1274 4
54.131 6
54.131 4
54.1346 6
54.1346 4
54.1382 6
54.1382 4
54.1418 6
54.1418 4
54.1455 6
54.1455 4
54.1479 6
54.1479 4
54.1515 6
54.1515 4
54.1551 6
54.1551 4
54.1587 6
54.1587 4
54.1623 6
54.1623 4
54.1659 6
54.1659 4
54.1695 6
54.1695 4
54.1719 6
54.1719 4
54.1755 6
54.1755 4
54.1791 6
54.1791 4
54.1815 6
54.1815 4
54.1839 6
54.1839 4
54.1875 6
54.1875 4
54.1899 6
54.1899 4
54.1935 6
54.1935 4
54.1971 6
54.1971 4
54.1995 6
54.1995 4
54.2031 6
54.2031 4
54.2067 6
54.2067 4
54.2103 6
54.2103 4
54.2127 6
54.2127 4
54.2163 6
54.2163 4
54.22 6
54.22 4
54.2224 6
54.2224 4
54.226 6
54.226 4
54.2296 6
54.2296 4
54.232 6
54.232 4
54.2356 6
54.2356 4
54.2392 6
54.2392 4
54.2416 6
54.2416 4
54.2452 6
54.2452 4
54.2488 6
54.2488 4
54.2512 6
54.2512 4
54.2548 6
54.2548 4
54.2584 6
54.2584 4
54.2608 6
54.2608 4
54.2644 6
54.2644 4
54.268 6
54.268 4
54.4676 330.358
54.4676 332.358
54.4712 334.358
54.6708 336.358
54.6741 338.358
54.6775 340.358
54.6809 342.358
54.6843 344.358
54.6877 339.689
54.691 328.058
54.6944 317.733
54.6978 308.698
54.7012 300.94
54.7045 294.005
54.7079 287.936
54.7113 282.626
54.7147 277.979
54.718 274.061
54.7221 270.634
54.7257 267.634
54.7294 265.158
54.733 262.843
54.7354 260.818
54.739 258.897
54.7426 257.365
54.7462 256.172
54.7498 254.981
54.7534 254.086
54.757 253.155
54.7606 252.488
54.7642 252.053
54.7678 251.524
54.7714 251.21
54.7738 250.787
54.7774 250.416
54.781 250.24
54.7846 249.938
54.7882 249.822
54.7918 249.72
54.7954 249.631
54.918 251.631
55.1271 249.631
55.8432 248.057
56.5798 250.057
56.7865 248.057
58.2416 250.057
58.3354 247.242
58.4483 245.242
59.9046 247.242
60.1125 245.242
61.3874 240.605
61.5713 242.605
61.7803 240.605
63.2355 242.605
63.4446 240.605
64.0309 237.395
64.7988 239.395
64.7988 4
64.8024 6
64.8024 4
64.806 6
64.806 4
64.8096 6
64.8096 4
64.8132 6
64.8132 4
64.818 6
64.818 4
64.8216 6
64.8216 4
64.8252 6
64.8252 4
64.8288 6
64.8288 4
64.8324 6
64.8324 4
64.836 6
64.836 4
64.8396 6
64.8396 4
64.8432 6
64.8432 4
64.8468 6
64.8468 4
64.8504 6
64.8504 4
64.854 6
64.854 4
64.8576 6
64.8576 4
64.8624 6
64.8624 4
64.866 6
64.866 4
64.8697 6
64.8697 4
64.8733 6
64.8733 4
64.8769 6
64.8769 4
64.8805 6
64.8805 4
64.8841 6
64.8841 4
64.8877 6
64.8877 4
64.8913 6
64.8913 4
64.8949 6
64.8949 4
64.8985 6
64.8985 4
64.9033 6
64.9033 4
64.9069 6
64.9069 4
64.9105 6
64.9105 4
64.9141 6
64.9141 4
64.9177 6
64.9177 4
64.9213 6
64.9213 4
64.9249 6
64.9249 4
64.9285 6
64.9285 4
64.9321 6
64.9321 4
64.9357 6
64.9357 4
64.9393 6
64.9393 4
64.943 6
64.943 4
64.9478 6
64.9478 4
64.9514 6
64.9514 4
64.955 6
64.955 4
64.9586 6
64.9586 4
64.9622 6
64.9622 4
64.9658 6
64.9658 4
64.9694 6
64.9694 4
64.973 6
64.973 4
64.9766 6
64.9766 4
64.9802 6
64.9802 4
64.9838 6
64.9838 4
64.9874 6
64.9874 4
64.9922 6
64.9922 4
64.9958 6
64.9958 4
64.9994 6
64.9994 4
65.003 6
65.003 4
65.0066 6
65.0066 4
65.0102 6
65.0102 4
65.0138 6
65.0138 4
65.0174 6
65.0174 4
65.0211 6
65.0211 4
65.0247 6
65.0247 4
65.0283 6
65.0283 4
65.0331 6
65.0331 4
65.0367 6
65.0367 4
65.0403 6
65.0403 4
65.0439 6
65.0439 4
65.0475 6
65.0475 4
65.0511 6
65.0511 4
65.0547 6
65.0547 4
65.0583 6
65.0583 4
65.0619 6
65.0619 4
65.0655 6
65.0655 4
65.0691 6
65.0691 4
65.0727 6
65.0727 4
65.0775 6
65.0775 4
65.0811 6
65.0811 4
65.0847 6
65.0847 4
65.0883 6
65.0883 4
65.0919 6
65.0919 4
65.0956 6
65.0956 4
65.0992 6
65.0992 4
65.1028 6
65.1028 4
65.1064 6
65.1064 4
65.11 6
65.11 4
65.1136 6
65.1136 4
65.1172 6
65.1172 4
65.122 6
65.122 4
65.1256 6
65.1256 4
65.1292 6
65.1292 4
65.1328 6
65.1328 4
65.1364 6
65.1364 4
65.14 6
65.14 4
65.1436 6
65.1436 4
65.1484 6
65.1484 4
65.152 6
65.152 4
65.1556 6
65.1556 4
65.1592 6
65.1592 4
65.1628 6
65.1628 4
65.1664 6
65.1664 4
65.1701 6
65.1701 4
65.1749 6
65.1749 4
65.1785 6
65.1785 4
65.1821 6
65.1821 4
65.1857 6
65.1857 4
65.1893 6
65.1893 4
65.1929 6
65.1929 4
65.1965 6
65.1965 4
65.2001 6
65.2001 4
65.2037 6
65.2037 4
65.2073 6
65.2073 4
65.2121 6
65.2121 4
65.2157 6
65.2157 4
65.2193 6
65.2193 4
65.2229 6
65.2229 4
65.2265 6
65.2265 4
65.2301 6
65.2301 4
65.2349 6
65.2349 4
65.4316 330.358
65.4316 332.358
65.4382 334.358
65.6349 336.358
65.6385 338.358
65.642 340.358
65.6456 342.358
65.6491 344.358
65.6527 346.358
65.6562 335.056
65.6598 322.352
65.6633 311.237
65.6669 301.51
65.6704 293
65.674 285.553
65.6776 279.038
65.6811 273.477
65.6847 268.471
65.6882 264.231
65.692 260.381
65.6956 257.012
65.6992 254.204
65.7028 251.607
65.7076 249.616
65.7112 247.874
65.7148 246.349
65.7184 245.015
65.722 243.989
65.7256 242.95
65.7292 242.041
65.7329 241.246
65.7365 240.55
65.7401 240.081
65.7437 239.531
65.7485 239.331
65.7521 239.155
65.7557 239.002
65.7593 238.868
65.7629 238.61
65.7665 238.525
65.7701 238.45
65.7737 238.385
65.7773 238.328
65.7809 238.278
66.3072 240.278
66.5175 238.278
66.5547 234.797
66.616 236.797
66.6196 237.158
66.6268 238.189
66.6401 240.189
66.6437 240.266
66.6509 241.256
66.6761 242.132
66.6857 243.074
66.6965 245.039
66.711 245.945
66.7218 246.835
66.7362 247.709
66.7566 248.57
67.9762 250.57
68.1853 248.57
69.6465 250.57
69.8543 248.57
71.0427 231.415
71.3143 233.415
71.533 231.415
72.9929 233.415
73.202 231.415
73.2765 220.01
74.6655 222.01
74.8734 220.01
75.7686 219.128
75.7842 209.939
75.7842 4
75.789 6
75.789 4
75.7926 6
75.7926 4
75.7963 6
75.7963 4
75.7999 6
75.7999 4
75.8047 6
75.8047 4
75.8083 6
75.8083 4
75.8119 6
75.8119 4
75.8167 6
75.8167 4
75.8203 6
75.8203 4
75.8239 6
75.8239 4
75.8275 6
75.8275 4
75.8323 6
75.8323 4
75.8359 6
75.8359 4
75.8395 6
75.8395 4
75.8443 6
75.8443 4
75.8479 6
75.8479 4
75.8515 6
75.8515 4
75.8551 6
75.8551 4
75.8599 6
75.8599 4
75.8635 6
75.8635 4
75.8671 6
75.8671 4
75.8708 6
75.8708 4
75.8756 6
75.8756 4
75.8792 6
75.8792 4
75.8828 6
75.8828 4
75.8876 6
75.8876 4
75.8912 6
75.8912 4
75.8948 6
75.8948 4
75.8984 6
75.8984 4
75.9032 6
75.9032 4
75.9068 6
75.9068 4
75.9104 6
75.9104 4
75.9152 6
75.9152 4
75.9188 6
75.9188 4
75.9224 6
75.9224 4
75.926 6
75.926 4
75.9308 6
75.9308 4
75.9344 6
75.9344 4
75.938 6
75.938 4
75.9416 6
75.9416 4
75.9465 6
75.9465 4
75.9501 6
75.9501 4
75.9537 6
75.9537 4
75.9585 6
75.9585 4
75.9621 6
75.9621 4
75.9657 6
75.9657 4
75.9693 6
75.9693 4
75.9741 6
75.9741 4
75.9777 6
75.9777 4
75.9813 6
75.9813 4
75.9861 6
75.9861 4
75.9897 6
75.9897 4
75.9933 6
75.9933 4
75.9969 6
75.9969 4
76.0017 6
76.0017 4
76.0053 6
76.0053 4
76.0089 6
76.0089 4
76.0125 6
76.0125 4
76.0173 6
76.0173 4
76.021 6
76.021 4
76.0246 6
76.0246 4
76.0294 6
76.0294 4
76.033 6
76.033 4
76.0366 6
76.0366 4
76.0402 6
76.0402 4
76.045 6
76.045 4
76.0486 6
76.0486 4
76.0522 6
76.0522 4
76.057 6
76.057 4
76.0606 6
76.0606 4
76.0642 6
76.0642 4
76.0678 6
76.0678 4
76.0726 6
76.0726 4
76.0762 6
76.0762 4
76.0798 6
76.0798 4
76.0834 6
76.0834 4
76.0882 6
76.0882 4
76.0918 6
76.0918 4
76.0955 6
76.0955 4
76.1003 6
76.1003 4
76.1039 6
76.1039 4
76.1075 6
76.1075 4
76.1111 6
76.1111 4
76.1159 6
76.1159 4
76.1195 6
76.1195 4
76.1231 6
76.1231 4
76.1267 6
76.1267 4
76.1315 6
76.1315 4
76.1351 6
76.1351 4
76.1387 6
76.1387 4
76.1435 6
76.1435 4
76.1471 6
76.1471 4
76.1507 6
76.1507 4
76.1543 6
76.1543 4
76.1591 6
76.1591 4
76.1627 6
76.1627 4
76.1663 6
76.1663 4
76.1712 6
76.1712 4
76.1748 6
76.1748 4
76.1784 6
76.1784 4
76.182 6
76.182 4
76.1868 6
76.1868 4
76.3854 330.358
76.3854 332.358
76.3902 334.358
76.5888 336.358
76.5927 337.171
76.5966 321.859
76.6004 308.461
76.6043 296.867
76.6082 286.722
76.6121 277.846
76.6159 269.95
76.6198 263.041
76.6237 256.995
76.6276 251.705
76.6314 247.206
76.6353 243.269
76.6392 239.824
76.643 236.809
76.6481 234.301
76.6517 231.977
76.6553 229.943
76.6589 228.035
76.6637 226.624
76.6673 225.388
76.6709 224.178
76.6745 223.119
76.6793 222.323
76.6829 221.496
76.6865 220.772
76.6913 220.269
76.6949 219.828
76.6985 219.442
76.7021 219.104
76.7069 218.809
76.7105 218.55
76.7141 218.325
76.7189 218.127
76.7226 217.954
76.7262 217.932
76.7298 217.782
76.7346 217.782
76.7382 217.781
76.7418 217.651
76.7538 217.563
77.0061 215.457
77.2585 217.457
77.4651 215.457
77.524 216.351
77.5384 217.731
77.5565 219.084
77.5709 220.408
77.5901 220.605
77.6298 220.982
78.9263 222.982
79.1366 220.982
80.5929 222.982
80.7071 219.346
80.8008 217.346
82.2571 219.346
82.465 217.346
83.7447 212.247
83.9213 214.247
84.1316 212.247
85.165 213.229
85.5868 215.229
85.7934 213.229
86.7559 210.749
86.7559 4
86.7595 6
86.7595 4
86.7643 6
86.7643 4
86.7679 6
86.7679 4
86.7727 6
86.7727 4
86.7763 6
86.7763 4
86.7811 6
86.7811 4
86.7848 6
86.7848 4
86.7884 6
86.7884 4
86.7932 6
86.7932 4
86.7968 6
86.7968 4
86.8016 6
86.8016 4
86.8052 6
86.8052 4
86.81 6
86.81 4
86.8136 6
86.8136 4
86.8172 6
86.8172 4
86.822 6
86.822 4
86.8256 6
86.8256 4
86.8304 6
86.8304 4
86.834 6
86.834 4
86.8388 6
86.8388 4
86.8424 6
86.8424 4
86.8472 6
86.8472 4
86.8508 6
86.8508 4
86.8556 6
86.8556 4
86.8593 6
86.8593 4
86.8641 6
86.8641 4
86.8677 6
86.8677 4
86.8725 6
86.8725 4
86.8761 6
86.8761 4
86.8797 6
86.8797 4
86.8845 6
86.8845 4
86.8881 6
86.8881 4
86.8929 6
86.8929 4
86.8965 6
86.8965 4
86.9001 6
86.9001 4
86.9049 6
86.9049 4
86.9085 6
86.9085 4
86.9133 6
86.9133 4
86.9169 6
86.9169 4
86.9217 6
86.9217 4
86.9253 6
86.9253 4
86.9289 6
86.9289 4
86.9338 6
86.9338 4
86.9374 6
86.9374 4
86.9422 6
86.9422 4
86.9458 6
86.9458 4
86.9506 6
86.9506 4
86.9542 6
86.9542 4
86.9578 6
86.9578 4
86.9626 6
86.9626 4
86.9662 6
86.9662 4
86.971 6
86.971 4
86.9746 6
86.9746 4
86.9794 6
86.9794 4
86.983 6
86.983 4
86.9866 6
86.9866 4
86.9914 6
86.9914 4
86.995 6
86.995 4
86.9998 6
86.9998 4
87.0034 6
87.0034 4
87.0082 6
87.0082 4
87.0119 6
87.0119 4
87.0155 6
87.0155 4
87.0203 6
87.0203 4
87.0239 6
87.0239 4
87.0287 6
87.0287 4
87.0323 6
87.0323 4
87.0371 6
87.0371 4
87.0407 6
87.0407 4
87.0443 6
87.0443 4
87.0491 6
87.0491 4
87.0527 6
87.0527 4
87.0575 6
87.0575 4
87.0611 6
87.0611 4
87.0647 6
87.0647 4
87.0695 6
87.0695 4
87.0731 6
87.0731 4
87.0779 6
87.0779 4
87.0815 6
87.0815 4
87.0864 6
87.0864 4
87.09 6
87.09 4
87.0936 6
87.0936 4
87.0984 6
87.0984 4
87.102 6
87.102 4
87.1068 6
87.1068 4
87.1104 6
87.1104 4
87.1152 6
87.1152 4
87.1188 6
87.1188 4
87.1224 6
87.1224 4
87.1272 6
87.1272 4
87.1308 6
87.1308 4
87.1356 6
87.1356 4
87.1392 6
87.1392 4
87.144 6
87.144 4
87.1476 6
87.1476 4
87.1512 6
87.1512 4
87.156 6
87.156 4
87.1597 6
87.1597 4
87.1645 6
87.1645 4
87.1681 6
87.1681 4
87.1729 6
87.1729 4
87.1765 6
87.1765 4
87.3763 330.358
87.3763 332.358
87.3803 334.358
87.5798 336.358
87.5838 338.358
87.5877 324.272
87.5917 310.039
87.5956 297.584
87.5996 286.686
87.6035 277.151
87.6075 268.807
87.6114 261.633
87.6154 255.356
87.6198 249.863
87.6234 245.057
87.6282 240.978
87.6318 237.282
87.6366 234.175
87.6402 231.456
87.645 229.204
87.6486 227.106
87.6522 225.271
87.657 223.792
87.6606 222.372
87.6654 221.255
87.669 220.278
87.6738 219.423
87.6774 218.674
87.6823 218.146
87.6859 217.557
87.6895 217.043
87.6943 216.718
87.6979 216.434
87.7027 216.313
87.7063 216.206
87.7147 216.142
87.7183 216.057
87.7267 216.028
88.2554 218.028
88.4657 216.028
88.4777 215.916
89.606 214.233
89.9449 216.233
90.1539 214.233
91.6319 216.233
91.8434 214.233
92.2135 211.22
93.319 213.22
93.5316 211.22
94.8546 208.061
95.0048 210.061
95.2139 208.061
96.2677 208.459
96.687 210.459
96.8961 208.459
97.7312 207.739
97.7312 4
97.7348 6
97.7348 4
97.7384 6
97.7384 4
97.742 6
97.742 4
97.7457 6
97.7457 4
97.7493 6
97.7493 4
97.7541 6
97.7541 4
97.7577 6
97.7577 4
97.7613 6
97.7613 4
97.7649 6
97.7649 4
97.7685 6
97.7685 4
97.7721 6
97.7721 4
97.7769 6
97.7769 4
97.7805 6
97.7805 4
97.7841 6
97.7841 4
97.7877 6
97.7877 4
97.7913 6
97.7913 4
97.7961 6
97.7961 4
97.8009 6
97.8009 4
97.8045 6
97.8045 4
97.8093 6
97.8093 4
97.8129 6
97.8129 4
97.8177 6
97.8177 4
97.8214 6
97.8214 4
97.8262 6
97.8262 4
97.8298 6
97.8298 4
97.8346 6
97.8346 4
97.8382 6
97.8382 4
97.843 6
97.843 4
97.8466 6
97.8466 4
97.8514 6
97.8514 4
97.8562 6
97.8562 4
97.8598 6
97.8598 4
97.8646 6
97.8646 4
97.8682 6
97.8682 4
97.873 6
97.873 4
97.8766 6
97.8766 4
97.8814 6
97.8814 4
97.885 6
97.885 4
97.8898 6
97.8898 4
97.8946 6
97.8946 4
97.8983 6
97.8983 4
97.9031 6
97.9031 4
97.9067 6
97.9067 4
97.9115 6
97.9115 4
97.9151 6
97.9151 4
97.9199 6
97.9199 4
97.9235 6
97.9235 4
97.9283 6
97.9283 4
97.9331 6
97.9331 4
97.9367 6
97.9367 4
97.9415 6
97.9415 4
97.9451 6
97.9451 4
97.9499 6
97.9499 4
97.9547 6
97.9547 4
97.9583 6
97.9583 4
97.9631 6
97.9631 4
97.9679 6
97.9679 4
97.9716 6
97.9716 4
97.9764 6
97.9764 4
97.9812 6
97.9812 4
97.9848 6
97.9848 4
97.9896 6
97.9896 4
97.9932 6
97.9932 4
97.998 6
97.998 4
98.0016 6
98.0016 4
98.0064 6
98.0064 4
98.01 6
98.01 4
98.0148 6
98.0148 4
98.0196 6
98.0196 4
98.0232 6
98.0232 4
98.028 6
98.028 4
98.0316 6
98.0316 4
98.0364 6
98.0364 4
98.04 6
98.04 4
98.0448 6
98.0448 4
98.0485 6
98.0485 4
98.0533 6
98.0533 4
98.0581 6
98.0581 4
98.0617 6
98.0617 4
98.0665 6
98.0665 4
98.0701 6
98.0701 4
98.0749 6
98.0749 4
98.0785 6
98.0785 4
98.0833 6
98.0833 4
98.0869 6
98.0869 4
98.0917 6
98.0917 4
98.0965 6
98.0965 4
98.1001 6
98.1001 4
98.1049 6
98.1049 4
98.1085 6
98.1085 4
98.1133 6
98.1133 4
98.1169 6
98.1169 4
98.1218 6
98.1218 4
98.1254 6
98.1254 4
98.1302 6
98.1302 4
98.135 6
98.135 4
98.1386 6
98.1386 4
98.1434 6
98.1434 4
98.147 6
98.147 4
98.3449 330.358
98.3449 332.358
98.3505 334.358
98.5484 336.358
98.5525 338.358
98.5566 340.358
98.5607 325.458
98.5647 310.253
98.5688 296.95
98.5729 285.309
98.577 275.124
98.5811 266.334
98.5852 258.642
98.5893 251.912
98.5941 246.146
98.5977 240.978
98.6025 236.579
98.6073 232.729
98.6109 229.238
98.6157 226.307
98.6193 223.741
98.6241 221.619
98.6277 219.639
98.6325 218.03
98.6373 216.744
98.6409 215.496
98.6457 214.526
98.6493 213.678
98.6541 213.059
98.6577 212.271
98.6625 211.705
98.6662 211.21
98.671 210.776
98.6758 210.519
98.6794 210.294
98.6842 210.22
98.6878 210.033
98.6926 209.991
98.6962 209.955
98.701 209.923
99.0182 211.923
99.2285 209.923
99.3943 210.418
99.4099 210.782
99.4304 212.782
99.434 213.003
99.446 213.327
99.4616 214.565
99.4772 215.781
99.4929 216.977
