0 0
0.1 0
0.2 0
0.3 0
0.4 0
0.5 0
0.6 0
0.7 0
0.8 0
0.9 0
1 0
1.1 0
1.2 0
1.3 16
1.4 110
1.5 138
1.6 138
1.7 138
1.8 136
1.9 136
2 138
2.1 138
2.2 137
2.3 137
2.4 137
2.5 133
2.6 138
2.7 137
2.8 137
2.9 137
3 108
3.1 54
3.2 1
3.3 0
3.4 0
3.5 0
3.6 0
3.7 0
3.8 0
3.9 0
4 0
4.1 0
4.2 0
4.3 0
4.4 0
4.5 0
4.6 0
4.7 0
4.8 0
4.9 0
5 0
5.1 0
5.2 0
5.3 0
5.4 0
5.5 0
5.6 0
5.7 0
5.8 0
5.9 0
6 0
6.1 0
6.2 0
6.3 0
6.4 0
6.5 0
6.6 0
6.7 0
6.8 0
6.9 0
7 0
7.1 0
7.2 0
7.3 0
7.4 0
7.5 0
7.6 0
7.7 0
7.8 0
7.9 0
8 0
8.1 0
8.2 0
8.3 0
8.4 0
8.5 0
8.6 0
8.7 0
8.8 0
8.9 0
9 0
9.1 0
9.2 0
9.3 0
9.4 0
9.5 0
9.6 0
9.7 0
9.8 0
9.9 0
10 0
10.1 0
10.2 0
10.3 0
10.4 0
10.5 0
10.6 0
10.7 0
10.8 0
10.9 0
11 0
11.1 0
11.2 0
11.3 0
11.4 0
11.5 0
11.6 0
11.7 0
11.8 0
11.9 0
12 0
12.1 0
12.2 0
12.3 0
12.4 0
12.5 0
12.6 0
12.7 0
12.8 0
12.9 0
13 0
13.1 0
13.2 0
13.3 0
13.4 0
13.5 0
13.6 0
13.7 0
13.8 0
13.9 0
14 0
14.1 0
14.2 0
14.3 0
14.4 0
14.5 21
14.6 42
14.7 26
14.8 11
14.9 14
15 18
15.1 21
15.2 23
15.3 26
15.4 28
15.5 32
15.6 35
15.7 38
15.8 41
15.9 43
16 46
16.1 64
16.2 89
16.3 77
16.4 59
16.5 54
16.6 55
16.7 58
16.8 60
16.9 63
17 66
17.1 71
17.2 73
17.3 76
17.4 79
17.5 82
17.6 85
17.7 89
17.8 90
17.9 83
18 67
18.1 55
18.2 60
18.3 65
18.4 69
18.5 70
18.6 71
18.7 74
18.8 78
18.9 82
19 80
19.1 82
19.2 83
19.3 84
19.4 87
19.5 86
19.6 68
19.7 51
19.8 52
19.9 53
20 54
20.1 56
20.2 60
20.3 65
20.4 69
20.5 70
20.6 71
20.7 71
20.8 73
20.9 77
21 71
21.1 0
21.2 0
21.3 0
21.4 0
21.5 0
21.6 0
21.7 0
21.8 0
21.9 0
22 0
22.1 0
22.2 0
22.3 0
22.4 0
22.5 0
22.6 0
22.7 0
22.8 0
22.9 0
23 0
23.1 0
23.2 0
23.3 0
23.4 0
23.5 0
23.6 0
23.7 0
23.8 0
23.9 0
24 7
24.1 30
24.2 30
24.3 18
24.4 15
24.5 17
24.6 17
24.7 21
24.8 27
24.9 31
25 34
25.1 37
25.2 41
25.3 45
25.4 48
25.5 51
25.6 54
25.7 77
25.8 94
25.9 77
26 63
26.1 66
26.2 70
26.3 70
26.4 69
26.5 73
26.6 77
26.7 82
26.8 86
26.9 91
27 96
27.1 100
27.2 102
27.3 104
27.4 105
27.5 100
27.6 87
27.7 75
27.8 81
27.9 89
28 93
28.1 95
28.2 95
28.3 95
28.4 96
28.5 100
28.6 104
28.7 106
28.8 107
28.9 107
29 111
29.1 111
29.2 103
29.3 89
29.4 85
29.5 89
29.6 95
29.7 104
29.8 107
29.9 104
30 102
30.1 99
30.2 98
30.3 101
30.4 103
30.5 106
30.6 106
30.7 108
30.8 109
30.9 95
31 82
31.1 83
31.2 88
31.3 92
31.4 100
31.5 109
31.6 108
31.7 90
31.8 86
31.9 85
32 20
32.1 0
32.2 0
32.3 0
32.4 0
32.5 0
32.6 0
32.7 0
32.8 0
32.9 0
33 0
33.1 0
33.2 0
33.3 0
33.4 0
33.5 0
33.6 0
33.7 0
33.8 0
33.9 0
34 0
34.1 0
34.2 0
34.3 0
34.4 0
34.5 0
34.6 0
34.7 0
34.8 0
34.9 0
35 0
35.1 0
35.2 0
35.3 0
35.4 11
35.5 29
35.6 20
35.7 7
35.8 5
35.9 6
36 9
36.1 15
36.2 20
36.3 22
36.4 26
36.5 29
36.6 34
36.7 36
36.8 40
36.9 44
37 58
37.1 79
37.2 78
37.3 70
37.4 70
37.5 69
37.6 67
37.7 69
37.8 73
37.9 78
38 84
38.1 88
38.2 93
38.3 98
38.4 101
38.5 101
38.6 103
38.7 106
38.8 108
38.9 95
39 85
39.1 87
39.2 89
39.3 88
39.4 87
39.5 88
39.6 90
39.7 96
39.8 102
39.9 104
40 105
40.1 106
40.2 108
40.3 111
40.4 111
40.5 106
40.6 95
40.7 87
40.8 92
40.9 98
41 97
41.1 92
41.2 89
41.3 91
41.4 93
41.5 99
41.6 103
41.7 103
41.8 104
41.9 104
42 108
42.1 108
42.2 99
42.3 86
42.4 86
42.5 92
42.6 99
42.7 105
42.8 100
42.9 87
43 24
43.1 0
43.2 0
43.3 0
43.4 0
43.5 0
43.6 0
43.7 0
43.8 0
43.9 0
44 0
44.1 0
44.2 0
44.3 0
44.4 0
44.5 0
44.6 0
44.7 0
44.8 0
44.9 0
45 0
45.1 0
45.2 0
45.3 0
45.4 0
45.5 0
45.6 0
45.7 11
45.8 34
45.9 32
46 23
46.1 24
46.2 31
46.3 37
46.4 44
46.5 51
46.6 64
46.7 78
46.8 80
46.9 81
47 85
47.1 92
47.2 96
47.3 106
47.4 110
47.5 109
47.6 100
47.7 92
47.8 97
47.9 103
48 110
48.1 109
48.2 109
48.3 114
48.4 115
48.5 112
48.6 104
48.7 99
48.8 98
48.9 100
49 107
49.1 111
49.2 106
49.3 97
49.4 96
49.5 100
49.6 105
49.7 108
49.8 108
49.9 110
50 97
50.1 99
50.2 100
50.3 95
50.4 84
50.5 81
50.6 84
50.7 86
50.8 87
50.9 75
51 64
51.1 67
51.2 71
51.3 72
51.4 76
51.5 80
51.6 82
51.7 85
51.8 90
51.9 99
52 99
52.1 94
52.2 88
52.3 87
52.4 85
52.5 78
52.6 65
52.7 61
52.8 64
52.9 66
53 68
53.1 70
53.2 74
53.3 76
53.4 79
53.5 82
53.6 89
53.7 98
53.8 95
53.9 58
54 0
54.1 0
54.2 0
54.3 0
54.4 0
54.5 0
54.6 0
54.7 0
54.8 0
54.9 0
55 0
55.1 0
55.2 0
55.3 0
55.4 0
55.5 0
55.6 0
55.7 0
55.8 0
55.9 0
56 0
56.1 0
56.2 0
56.3 0
56.4 0
56.5 0
56.6 0
56.7 0
56.8 18
56.9 14
57 2
57.1 0
57.2 0
57.3 2
57.4 8
57.5 12
57.6 19
57.7 25
57.8 31
57.9 37
58 42
58.1 47
58.2 53
58.3 66
58.4 85
58.5 89
58.6 88
58.7 84
58.8 81
58.9 78
59 83
59.1 87
59.2 93
59.3 97
59.4 103
59.5 108
59.6 109
59.7 111
59.8 111
59.9 111
60 113
60.1 113
60.2 106
60.3 95
60.4 94
60.5 91
60.6 89
60.7 91
60.8 91
60.9 97
61 103
61.1 107
61.2 109
61.3 111
61.4 110
61.5 107
61.6 108
61.7 108
61.8 106
61.9 96
62 86
62.1 90
62.2 87
62.3 85
62.4 84
62.5 85
62.6 88
62.7 93
62.8 97
62.9 101
63 102
63.1 104
63.2 106
63.3 109
63.4 108
63.5 102
63.6 92
63.7 90
63.8 90
63.9 90
64 87
64.1 78
64.2 81
64.3 82
64.4 86
64.5 89
64.6 94
64.7 96
64.8 98
64.9 50
65 0
65.1 0
65.2 0
65.3 0
65.4 0
65.5 0
65.6 0
65.7 0
65.8 0
65.9 0
66 0
66.1 0
66.2 0
66.3 0
66.4 0
66.5 0
66.6 0
66.7 0
66.8 0
66.9 0
67 0
67.1 0
67.2 6
67.3 16
67.4 25
67.5 34
67.6 43
67.7 55
67.8 73
67.9 90
68 93
68.1 108
68.2 108
68.3 103
68.4 98
68.5 106
68.6 110
68.7 119
68.8 124
68.9 124
69 128
69.1 129
69.2 129
69.3 128
69.4 128
69.5 130
69.6 130
69.7 127
69.8 119
69.9 111
70 106
70.1 105
70.2 113
70.3 117
70.4 126
70.5 123
70.6 126
70.7 128
70.8 129
70.9 129
71 128
71.1 112
71.2 113
71.3 112
71.4 111
71.5 104
71.6 82
71.7 73
71.8 70
71.9 74
72 80
72.1 84
72.2 88
72.3 93
72.4 97
72.5 101
72.6 103
72.7 105
72.8 107
72.9 109
73 110
73.1 112
73.2 103
73.3 82
73.4 67
73.5 66
73.6 68
73.7 70
73.8 72
73.9 73
74 74
74.1 76
74.2 78
74.3 79
74.4 81
74.5 83
74.6 85
74.7 95
74.8 100
74.9 91
75 71
75.1 56
75.2 57
75.3 59
75.4 62
75.5 64
75.6 65
75.7 66
75.8 65
75.9 15
76 0
76.1 0
76.2 0
76.3 0
76.4 0
76.5 0
76.6 0
76.7 0
76.8 0
76.9 0
77 0
77.1 0
77.2 0
77.3 0
77.4 0
77.5 0
77.6 0
77.7 0
77.8 0
77.9 0
78 0
78.1 0
78.2 0
78.3 0
78.4 0
78.5 0
78.6 0
78.7 0
78.8 0
78.9 0
79 0
79.1 12
79.2 23
79.3 20
79.4 9
79.5 6
79.6 12
79.7 16
79.8 23
79.9 28
80 35
80.1 39
80.2 46
80.3 52
80.4 58
80.5 64
80.6 69
80.7 88
80.8 98
80.9 100
81 84
81.1 77
81.2 76
81.3 81
81.4 86
81.5 91
81.6 95
81.7 101
81.8 103
81.9 105
82 105
82.1 105
82.2 105
82.3 108
82.4 107
82.5 106
82.6 96
82.7 84
82.8 79
82.9 78
83 83
83.1 85
83.2 91
83.3 94
83.4 100
83.5 104
83.6 105
83.7 105
83.8 100
83.9 100
84 101
84.1 101
84.2 94
84.3 86
84.4 77
84.5 71
84.6 66
84.7 70
84.8 73
84.9 77
85 81
85.1 83
85.2 87
85.3 91
85.4 95
85.5 96
85.6 99
85.7 101
85.8 102
85.9 93
86 82
86.1 78
86.2 72
86.3 68
86.4 70
86.5 73
86.6 77
86.7 80
86.8 67
86.9 6
87 0
87.1 0
87.2 0
87.3 0
87.4 0
87.5 0
87.6 0
87.7 0
87.8 0
87.9 0
88 0
88.1 0
88.2 0
88.3 0
88.4 0
88.5 0
88.6 0
88.7 0
88.8 0
88.9 0
89 0
89.1 0
89.2 0
89.3 0
89.4 0
89.5 0
89.6 0
89.7 0
89.8 0
89.9 0
90 9
90.1 29
90.2 47
90.3 44
90.4 29
90.5 24
90.6 29
90.7 34
90.8 39
90.9 43
91 48
91.1 54
91.2 60
91.3 64
91.4 70
91.5 75
91.6 80
91.7 94
91.8 104
91.9 110
92 101
92.1 87
92.2 82
92.3 85
92.4 89
92.5 92
92.6 96
92.7 100
92.8 105
92.9 107
93 109
93.1 109
93.2 109
93.3 110
93.4 111
93.5 112
93.6 106
93.7 97
93.8 86
93.9 80
94 80
94.1 85
94.2 88
94.3 93
94.4 98
94.5 101
94.6 105
94.7 108
94.8 110
94.9 106
95 105
95.1 109
95.2 109
95.3 101
95.4 92
95.5 82
95.6 76
95.7 73
95.8 75
95.9 79
96 82
96.1 86
96.2 90
96.3 92
96.4 96
96.5 100
96.6 101
96.7 102
96.8 106
96.9 107
97 98
97.1 89
97.2 82
97.3 76
97.4 71
97.5 75
97.6 76
97.7 80
97.8 55
97.9 0
98 0
98.1 0
98.2 0
98.3 0
98.4 0
98.5 0
98.6 0
98.7 0
98.8 0
98.9 0
99 0
99.1 0
99.2 0
99.3 0
99.4 0
99.5 0
99.6 0
99.7 0
99.8 0
99.9 0
100 0
