0.1 0.00448
0.2 0
0.3 1.20416
0.4 0
0.5 1.8
0.6 0.36
0.7 1.8
0.8 2.28
0.9 2.76
1 3.24
1.1 5.76
1.2 7.2
1.3 9.36
1.4 10.56
1.5 9.96
1.6 5.88
1.7 5.52
1.8 5.04
1.9 4.92
2 4.08
2.1 10.56
2.2 5.64
2.3 5.04
2.4 4.8
2.5 1.44
2.6 8.28
2.7 5.16
2.8 5.04
2.9 4.56
3 1.44
3.1 1.68
3.2 1.8
3.3 1.8
3.4 1.68
3.5 4.08
3.6 0.36
3.7 0.12
3.8 0.12
3.9 0.24
4 0.12
4.1 0.24
4.2 0.24
4.3 0.12
4.4 0.24
4.5 0.24
4.6 0.12
4.7 0.24
4.8 0.24
4.9 0.24
5 0.12
5.1 0.24
5.2 0.24
5.3 0.24
5.4 0.24
5.5 0.24
5.6 0.24
5.7 0.24
5.8 0.24
5.9 0.36
6 0.24
6.1 0.24
6.2 0.24
6.3 0.36
6.4 0.24
6.5 0.24
6.6 0.36
6.7 0.24
6.8 0.24
6.9 0.36
7 0.24
7.1 0.24
7.2 0.36
7.3 0.24
7.4 0.24
7.5 0.36
7.6 0.24
7.7 0.36
7.8 0.24
7.9 0.24
8 0.36
8.1 0.24
8.2 0.36
8.3 0.36
8.4 0.36
8.5 0.36
8.6 0.36
8.7 0.36
8.8 0.36
8.9 0.36
9 0.36
9.1 0.48
9.2 0.36
9.3 0.36
9.4 0.36
9.5 0.36
9.6 0.48
9.7 0.36
9.8 0.48
9.9 0.36
10 0.48
10.1 0.48
10.2 0.48
10.3 0
10.4 0.12
10.5 0.24
10.6 0.12
10.7 0.36
10.8 0.36
10.9 0.36
11 0.48
11.1 0.36
11.2 0.36
11.3 0.48
11.4 0.48
11.5 0.36
11.6 0.48
11.7 0.48
11.8 0.48
11.9 0.6
12 0.48
12.1 0.48
12.2 0.6
12.3 0.48
12.4 0.6
12.5 0.48
12.6 0.6
12.7 0.72
12.8 0.6
12.9 0.6
13 0.72
13.1 0.72
13.2 0.72
13.3 0.72
13.4 0.72
13.5 0.84
13.6 0.84
13.7 0.96
13.8 0.84
13.9 0.84
14 0.96
14.1 1.08
14.2 0.96
14.3 0.96
14.4 0.6
14.5 0.72
14.6 0.84
14.7 0.96
14.8 0.84
14.9 0.96
15 0.96
15.1 0.84
15.2 0.96
15.3 0.96
15.4 0.96
15.5 0.96
15.6 0.96
15.7 0.96
15.8 0.96
15.9 0.84
16 0.96
16.1 1.08
16.2 1.2
16.3 1.2
16.4 0.84
16.5 0.72
16.6 0.72
16.7 0.96
16.8 0.96
16.9 0.96
17 0.96
17.1 0.96
17.2 0.96
17.3 0.96
17.4 1.08
17.5 0.96
17.6 0.96
17.7 0.96
17.8 0.96
17.9 0.96
18 0.96
18.1 0.96
18.2 1.2
18.3 1.2
18.4 1.08
18.5 0.72
18.6 0.72
18.7 0.96
18.8 1.08
18.9 1.08
19 1.08
19.1 1.08
19.2 1.08
19.3 1.08
19.4 1.08
19.5 1.08
19.6 1.08
19.7 1.08
19.8 0.96
19.9 1.08
20 1.08
20.1 1.08
20.2 1.2
20.3 1.44
20.4 1.44
20.5 0.96
20.6 0.84
20.7 0.84
20.8 1.2
20.9 1.2
21 1.2
21.1 1.08
21.2 1.2
21.3 1.2
21.4 1.2
21.5 1.2
21.6 1.2
21.7 1.32
21.8 1.2
21.9 1.2
22 1.32
22.1 1.2
22.2 1.44
22.3 1.56
22.4 1.56
22.5 1.44
22.6 1.56
22.7 1.08
22.8 0.96
22.9 1.2
23 1.44
23.1 1.32
23.2 1.44
23.3 1.44
23.4 1.32
23.5 1.44
23.6 1.32
23.7 1.44
23.8 1.32
23.9 1.44
24 1.32
24.1 1.44
24.2 1.56
24.3 1.68
24.4 1.56
24.5 1.08
24.6 0.96
24.7 1.44
24.8 1.56
24.9 1.44
25 1.56
25.1 1.56
25.2 1.44
25.3 1.56
25.4 1.44
25.5 1.56
25.6 1.56
25.7 1.44
25.8 1.56
25.9 1.44
26 1.68
26.1 1.92
26.2 1.44
26.3 1.08
26.4 1.08
26.5 1.56
26.6 1.68
26.7 1.68
26.8 1.68
26.9 1.68
27 1.68
27.1 1.68
27.2 1.68
27.3 1.68
27.4 1.68
27.5 1.68
27.6 1.68
27.7 1.68
27.8 1.8
27.9 1.92
28 1.68
28.1 1.32
28.2 1.32
28.3 1.68
28.4 1.68
28.5 1.8
28.6 1.8
28.7 1.8
28.8 1.8
28.9 1.8
29 1.68
29.1 1.8
29.2 1.8
29.3 1.8
29.4 1.8
29.5 1.8
29.6 1.92
29.7 2.28
29.8 1.8
29.9 1.32
30 1.44
30.1 1.8
30.2 1.8
30.3 1.92
30.4 1.8
30.5 1.8
30.6 1.92
30.7 1.8
30.8 1.8
30.9 1.92
31 1.8
31.1 1.8
31.2 1.92
31.3 1.8
31.4 2.16
31.5 2.28
31.6 1.56
31.7 1.44
31.8 1.56
31.9 1.8
32 0.24
32.1 0
32.2 0
32.3 0
32.4 0.48
32.5 0
32.6 1.44
32.7 1.92
32.8 1.92
32.9 1.8
33 1.92
33.1 1.92
33.2 1.92
33.3 2.04
33.4 2.28
33.5 2.4
33.6 2.4
33.7 2.52
33.8 2.76
33.9 1.92
34 1.68
34.1 1.92
34.2 2.28
34.3 2.16
34.4 2.28
34.5 2.16
34.6 2.28
34.7 2.16
34.8 2.28
34.9 2.16
35 2.16
35.1 2.28
35.2 2.16
35.3 2.28
35.4 2.16
35.5 2.88
35.6 2.76
35.7 1.8
35.8 1.68
35.9 2.04
36 2.16
36.1 2.4
36.2 2.4
36.3 2.28
36.4 2.4
36.5 2.28
36.6 2.4
36.7 2.28
36.8 2.4
36.9 2.4
37 2.28
37.1 2.4
37.2 2.52
37.3 2.88
37.4 2.88
37.5 1.68
37.6 1.8
37.7 2.28
37.8 2.4
37.9 2.52
38 2.52
38.1 2.52
38.2 2.52
38.3 2.52
38.4 2.52
38.5 2.52
38.6 2.52
38.7 2.52
38.8 2.52
38.9 2.52
39 2.88
39.1 2.4
39.2 2.04
39.3 1.92
39.4 1.92
39.5 2.64
39.6 2.64
39.7 2.52
39.8 2.64
39.9 2.52
40 2.64
40.1 2.64
40.2 2.52
40.3 2.64
40.4 2.52
40.5 2.64
40.6 2.52
40.7 2.64
40.8 2.64
40.9 2.64
41 1.92
41.1 1.92
41.2 2.4
41.3 2.64
41.4 2.64
41.5 2.52
41.6 2.64
41.7 2.64
41.8 2.64
41.9 2.64
42 2.52
42.1 2.64
42.2 2.64
42.3 2.64
42.4 2.52
42.5 2.88
42.6 2.76
42.7 2.76
42.8 1.92
42.9 1.92
43 2.64
43.1 2.64
43.2 2.64
43.3 0
43.4 0.24
43.5 0.12
43.6 0.24
43.7 2.64
43.8 2.76
43.9 2.64
44 2.64
44.1 2.76
44.2 2.64
44.3 2.64
44.4 2.64
44.5 2.76
44.6 2.64
44.7 2.76
44.8 3.36
44.9 3.36
45 2.76
45.1 2.16
45.2 2.28
45.3 3
45.4 3
45.5 3
45.6 3
45.7 3
45.8 3
45.9 3
46 3
46.1 3
46.2 3
46.3 3
46.4 3
46.5 3
46.6 3.84
46.7 3.72
46.8 2.4
46.9 2.16
47 2.88
47.1 3
47.2 3
47.3 3
47.4 3.12
47.5 3
47.6 3
47.7 3
47.8 2.76
47.9 3
48 3
48.1 3
48.2 3
48.3 3.36
48.4 2.76
48.5 2.52
48.6 2.28
48.7 2.28
48.8 3.12
48.9 3
49 3
49.1 3.12
49.2 3
49.3 3
49.4 2.88
49.5 2.88
49.6 2.88
49.7 3.12
49.8 3
49.9 3
50 3
50.1 3.12
50.2 3.12
50.3 2.16
50.4 2.28
50.5 2.76
50.6 3
50.7 3.12
50.8 3
50.9 3.12
51 3
51.1 3.12
51.2 3
51.3 3.12
51.4 3.12
51.5 3
51.6 3.12
51.7 3.12
51.8 3.24
51.9 3.96
52 2.64
52.1 2.4
52.2 2.28
52.3 3
52.4 3.12
52.5 3.12
52.6 3.12
52.7 3.12
52.8 3
52.9 3.12
53 3.12
53.1 3.12
53.2 3.12
53.3 3.24
53.4 3.12
53.5 3.12
53.6 3.72
53.7 3.84
53.8 2.52
53.9 2.28
54 2.64
54.1 0.72
54.2 0
54.3 0
54.4 0.48
54.5 0
54.6 2.64
54.7 3.24
54.8 3.24
54.9 3.24
55 3.24
55.1 4.08
55.2 4.08
55.3 2.64
55.4 2.4
55.5 3
55.6 3.36
55.7 3.48
55.8 3.36
55.9 3.48
56 3.36
56.1 3.36
56.2 3.48
56.3 3.36
56.4 3.48
56.5 3.36
56.6 3.36
56.7 3.48
56.8 4.08
56.9 4.32
57 3
57.1 2.64
57.2 3
57.3 3.36
57.4 3.6
57.5 3.72
57.6 3.6
57.7 3.6
57.8 3.6
57.9 3.6
58 3.6
58.1 3.6
58.2 3.6
58.3 3.6
58.4 3.6
58.5 4.08
58.6 4.44
58.7 3.6
58.8 2.64
58.9 2.88
59 3.6
59.1 3.72
59.2 3.72
59.3 3.72
59.4 3.6
59.5 3.72
59.6 3.72
59.7 3.72
59.8 3.48
59.9 3.48
60 3.6
60.1 3.6
60.2 3.84
60.3 3.48
60.4 3.12
60.5 2.88
60.6 2.76
60.7 3.6
60.8 3.72
60.9 3.72
61 3.72
61.1 3.72
61.2 3.72
61.3 3.6
61.4 3.6
61.5 3.48
61.6 3.48
61.7 3.72
61.8 3.6
61.9 3.6
62 3.72
62.1 3.6
62.2 2.76
62.3 2.76
62.4 3.36
62.5 3.72
62.6 3.72
62.7 3.72
62.8 3.72
62.9 3.72
63 3.6
63.1 3.72
63.2 3.72
63.3 3.6
63.4 3.48
63.5 3.72
63.6 3.6
63.7 3.84
63.8 3.36
63.9 3
64 2.76
64.1 3
64.2 3.72
64.3 3.6
64.4 3.72
64.5 3.6
64.6 3.72
64.7 3.72
64.8 3.6
64.9 3.72
65 1.56
65.1 0
65.2 0
65.3 0.36
65.4 0
65.5 0.48
65.6 3.72
65.7 3.72
65.8 3.6
65.9 3.72
66 3.96
66.1 4.68
66.2 4.56
66.3 2.76
66.4 3.24
66.5 4.08
66.6 3.96
66.7 4.08
66.8 3.96
66.9 4.08
67 3.96
67.1 4.08
67.2 4.08
67.3 4.08
67.4 4.08
67.5 4.08
67.6 4.08
67.7 4.44
67.8 5.04
67.9 4.8
68 3
68.1 3.12
68.2 3.96
68.3 4.08
68.4 4.08
68.5 4.08
68.6 3.48
68.7 4.08
68.8 4.08
68.9 4.08
69 3.72
69.1 3.6
69.2 3.6
69.3 3.96
69.4 4.08
69.5 3.72
69.6 3.6
69.7 3
69.8 3
69.9 3.6
70 4.08
70.1 4.08
70.2 3.96
70.3 3.36
70.4 4.08
70.5 4.08
70.6 4.08
70.7 3.6
70.8 3.36
70.9 3.84
71 4.08
71.1 3.96
71.2 3.72
71.3 3.48
71.4 3.36
71.5 3
71.6 3.24
71.7 4.08
71.8 3.96
71.9 3.96
72 3.96
72.1 3.96
72.2 3.96
72.3 3.96
72.4 3.96
72.5 3.96
72.6 4.08
72.7 3.96
72.8 3.96
72.9 4.08
73 3.72
73.1 3.96
73.2 2.88
73.3 2.88
73.4 3.84
73.5 3.96
73.6 3.96
73.7 3.96
73.8 3.96
73.9 3.96
74 3.96
74.1 3.96
74.2 3.96
74.3 3.96
74.4 3.96
74.5 3.96
74.6 3.96
74.7 4.68
74.8 4.2
74.9 3.12
75 3
75.1 3.48
75.2 3.96
75.3 3.96
75.4 3.96
75.5 3.96
75.6 3.96
75.7 3.96
75.8 3.96
75.9 3.96
76 1.2
76.1 0
76.2 0
76.3 0.36
76.4 0
76.5 2.4
76.6 3.96
76.7 3.96
76.8 3.96
76.9 3.96
77 3.96
77.1 3.96
77.2 3.96
77.3 3.96
77.4 4.56
77.5 4.92
77.6 4.32
77.7 2.88
77.8 3.24
77.9 4.32
78 4.32
78.1 4.2
78.2 4.32
78.3 4.32
78.4 4.32
78.5 4.32
78.6 4.32
78.7 4.2
78.8 4.32
78.9 4.32
79 4.32
79.1 4.8
79.2 5.4
79.3 4.56
79.4 3.24
79.5 3.48
79.6 4.32
79.7 4.32
79.8 4.32
79.9 4.44
80 4.44
80.1 4.32
80.2 4.44
80.3 4.32
80.4 4.44
80.5 4.44
80.6 4.32
80.7 4.44
80.8 5.04
80.9 5.28
81 3.48
81.1 3.36
81.2 3.6
81.3 4.44
81.4 4.44
81.5 4.32
81.6 4.44
81.7 4.32
81.8 4.44
81.9 4.32
82 4.2
82.1 4.08
82.2 4.2
82.3 4.32
82.4 4.32
82.5 4.32
82.6 4.2
82.7 3.6
82.8 3.24
82.9 3.72
83 4.32
83.1 4.44
83.2 4.44
83.3 4.32
83.4 4.44
83.5 4.32
83.6 4.44
83.7 4.2
83.8 4.08
83.9 4.2
84 4.08
84.1 4.2
84.2 4.56
84.3 4.2
84.4 3.6
84.5 3.24
84.6 3.48
84.7 4.44
84.8 4.32
84.9 4.32
85 4.44
85.1 4.32
85.2 4.32
85.3 4.32
85.4 4.44
85.5 4.32
85.6 4.32
85.7 4.2
85.8 4.2
85.9 4.44
86 4.32
86.1 3.48
86.2 3.12
86.3 3.6
86.4 4.32
86.5 4.32
86.6 4.32
86.7 4.32
86.8 4.32
86.9 2.28
87 0
87.1 0
87.2 0
87.3 0.36
87.4 0
87.5 3.72
87.6 4.32
87.7 4.32
87.8 4.44
87.9 4.32
88 4.32
88.1 4.44
88.2 4.32
88.3 4.32
88.4 5.04
88.5 5.52
88.6 4.32
88.7 3.24
88.8 3.6
88.9 4.44
89 4.44
89.1 4.56
89.2 4.44
89.3 4.44
89.4 4.44
89.5 4.56
89.6 4.44
89.7 4.44
89.8 4.56
89.9 4.44
90 4.44
90.1 5.04
90.2 5.52
90.3 5.04
90.4 3.36
90.5 3.48
90.6 4.44
90.7 4.44
90.8 4.68
90.9 4.56
91 4.56
91.1 4.68
91.2 4.56
91.3 4.56
91.4 4.56
91.5 4.68
91.6 4.56
91.7 4.56
91.8 4.92
91.9 5.76
92 4.08
92.1 3.36
92.2 3.48
92.3 4.44
92.4 4.56
92.5 4.68
92.6 4.56
92.7 4.56
92.8 4.68
92.9 4.56
93 4.56
93.1 4.44
93.2 4.32
93.3 4.44
93.4 4.44
93.5 4.44
93.6 4.68
93.7 4.32
93.8 3.36
93.9 3.48
94 4.2
94.1 4.68
94.2 4.56
94.3 4.56
94.4 4.68
94.5 4.56
94.6 4.56
94.7 4.68
94.8 4.56
94.9 4.32
95 4.32
95.1 4.44
95.2 4.56
95.3 4.68
95.4 4.56
95.5 3.36
95.6 3.36
95.7 3.84
95.8 4.56
95.9 4.56
96 4.56
96.1 4.56
96.2 4.56
96.3 4.56
96.4 4.44
96.5 4.56
96.6 4.56
96.7 4.56
96.8 4.56
96.9 4.32
97 4.68
97.1 4.44
97.2 3.72
97.3 3.36
97.4 3.6
97.5 4.56
97.6 4.56
97.7 4.56
97.8 4.56
97.9 0.48
98 0
98.1 0
98.2 0.48
98.3 0
98.4 0.6
98.5 4.56
98.6 4.68
98.7 4.56
98.8 4.68
98.9 4.56
99 4.56
99.1 4.68
99.2 4.56
99.3 4.68
99.4 5.76
99.5 5.76
99.6 3.72
99.7 3.48
99.8 4.92
99.9 5.4
100 5.28
