0.2 0.00448
0.3 0
0.4 0.0208
0.5 0
0.6 0.03328
0.7 0.00416
0.8 0.03328
0.9 0.03744
1 0.04992
1.1 0.05408
1.2 0.0832
1.3 0.08736
1.4 0.08736
1.5 0.08736
1.6 0.08736
1.7 0.0832
1.8 0.08736
1.9 0.32288
2 0.2432
2.1 0.23712
2.2 0.25536
2.3 0.26144
2.4 0.32224
2.5 0.20064
2.6 0.25536
2.7 0.25536
2.8 0.2736
2.9 0.40736
3 0.21888
3.1 0.24928
3.2 0.25536
3.3 0.29184
3.4 0.31008
3.5 0.2432
3.6 0.25184
3.7 0.1664
3.8 0.09152
3.9 0.0832
4 0.02912
4.1 0.07488
4.2 0.08736
4.3 0.09152
4.4 0.08736
4.5 0.08736
4.6 0.08736
4.7 0.09152
4.8 0.08736
4.9 0.08736
5 0.09984
5.1 0.11232
5.2 0.11232
5.3 0.1248
5.4 0.13312
5.5 0.14144
5.6 0.14976
5.7 0.1664
5.8 0.1664
5.9 0.17056
6 0.1664
6.1 0.17056
6.2 0.1664
6.3 0.17056
6.4 0.1664
6.5 0.1664
6.6 0.17056
6.7 0.17056
6.8 0.1664
6.9 0.1664
7 0.17056
7.1 0.1664
7.2 0.17056
7.3 0.1664
7.4 0.1664
7.5 0.17056
7.6 0.17056
7.7 0.1664
7.8 0.17056
7.9 0.1664
8 0.1664
8.1 0.17056
8.2 0.1664
8.3 0.1664
8.4 0.17056
8.5 0.1664
8.6 0.1664
8.7 0.1664
8.8 0.1664
8.9 0.1664
9 0.1664
9.1 0.1664
9.2 0.1664
9.3 0.17056
9.4 0.1664
9.5 0.1664
9.6 0.16224
9.7 0.17056
9.8 0.1664
9.9 0.16224
10 0.1664
10.1 0.1664
10.2 0.1664
10.3 0.16224
10.4 0.104
10.5 0
10.6 0.00832
10.7 0
10.8 0.0624
10.9 0.1664
11 0.1664
11.1 0.1664
11.2 0.1664
11.3 0.1664
11.4 0.17056
11.5 0.16224
11.6 0.16224
11.7 0.1664
11.8 0.1664
11.9 0.1664
12 0.16224
12.1 0.16224
12.2 0.1664
12.3 0.16224
12.4 0.1664
12.5 0.16224
12.6 0.16224
12.7 0.1664
12.8 0.16224
12.9 0.16224
13 0.16224
13.1 0.1664
13.2 0.16224
13.3 0.15808
13.4 0.15808
13.5 0.16224
13.6 0.16224
13.7 0.15808
13.8 0.15808
13.9 0.15808
14 0.15808
14.1 0.15808
14.2 0.15808
14.3 0.15808
14.4 0.15392
14.5 0.15808
14.6 0.16224
14.7 0.1664
14.8 0.16224
14.9 0.15392
15 0.15808
15.1 0.15392
15.2 0.15808
15.3 0.15808
15.4 0.15808
15.5 0.15808
15.6 0.15808
15.7 0.15392
15.8 0.15808
15.9 0.15808
16 0.15808
16.1 0.15392
16.2 0.15808
16.3 0.15808
16.4 0.15808
16.5 0.15808
16.6 0.14976
16.7 0.15392
16.8 0.16224
16.9 0.15808
17 0.15808
17.1 0.15808
17.2 0.15808
17.3 0.15392
17.4 0.15808
17.5 0.15392
17.6 0.15808
17.7 0.15808
17.8 0.15808
17.9 0.15392
18 0.15808
18.1 0.15808
18.2 0.15392
18.3 0.15392
18.4 0.15392
18.5 0.15392
18.6 0.15392
18.7 0.15392
18.8 0.15808
18.9 0.16224
19 0.15808
19.1 0.15392
19.2 0.15808
19.3 0.15392
19.4 0.15392
19.5 0.15392
19.6 0.15392
19.7 0.15808
19.8 0.15392
19.9 0.14976
20 0.14976
20.1 0.15392
20.2 0.15392
20.3 0.15808
20.4 0.15392
20.5 0.15392
20.6 0.14976
20.7 0.14976
20.8 0.15808
20.9 0.15808
21 0.15392
21.1 0.15392
21.2 0.15392
21.3 0.1456
21.4 0
21.5 0.00832
21.6 0
21.7 0.01248
21.8 0.14976
21.9 0.15392
22 0.15392
22.1 0.14976
22.2 0.15392
22.3 0.15392
22.4 0.1456
22.5 0.15392
22.6 0.14976
22.7 0.14976
22.8 0.1456
22.9 0.15392
23 0.15392
23.1 0.14976
23.2 0.14976
23.3 0.14976
23.4 0.14976
23.5 0.14976
23.6 0.14976
23.7 0.15392
23.8 0.14976
23.9 0.14976
24 0.14976
24.1 0.14976
24.2 0.15392
24.3 0.15392
24.4 0.15392
24.5 0.13728
24.6 0.14144
24.7 0.15392
24.8 0.15392
24.9 0.15392
25 0.14976
25.1 0.14976
25.2 0.1456
25.3 0.1456
25.4 0.14976
25.5 0.14976
25.6 0.1456
25.7 0.14976
25.8 0.1456
25.9 0.14976
26 0.15392
26.1 0.14976
26.2 0.1456
26.3 0.13728
26.4 0.14144
26.5 0.14976
26.6 0.15392
26.7 0.15392
26.8 0.14976
26.9 0.1456
27 0.1456
27.1 0.1456
27.2 0.1456
27.3 0.1456
27.4 0.1456
27.5 0.14144
27.6 0.1456
27.7 0.1456
27.8 0.1456
27.9 0.13728
28 0.13728
28.1 0.1456
28.2 0.14144
28.3 0.14144
28.4 0.15392
28.5 0.14976
28.6 0.14976
28.7 0.14144
28.8 0.14144
28.9 0.1456
29 0.14144
29.1 0.1456
29.2 0.14144
29.3 0.14144
29.4 0.14144
29.5 0.14144
29.6 0.13728
29.7 0.14144
29.8 0.14144
29.9 0.14144
30 0.14144
30.1 0.13728
30.2 0.1456
30.3 0.14976
30.4 0.1456
30.5 0.14144
30.6 0.14144
30.7 0.14144
30.8 0.14144
30.9 0.14144
31 0.14144
31.1 0.14144
31.2 0.13728
31.3 0.13728
31.4 0.14144
31.5 0.14144
31.6 0.14144
31.7 0.14144
31.8 0.13728
31.9 0.13728
32 0.1456
32.1 0.1456
32.2 0.14144
32.3 0.04992
32.4 0
32.5 0.00832
32.6 0
32.7 0.09152
32.8 0.14144
32.9 0.14144
33 0.14144
33.1 0.14144
33.2 0.14144
33.3 0.14144
33.4 0.13728
33.5 0.13312
33.6 0.13728
33.7 0.13312
33.8 0.13728
33.9 0.13728
34 0.14144
34.1 0.12896
34.2 0.14144
34.3 0.13312
34.4 0.13728
34.5 0.13728
34.6 0.13728
34.7 0.13312
34.8 0.13728
34.9 0.13728
35 0.13728
35.1 0.13312
35.2 0.13728
35.3 0.13728
35.4 0.13728
35.5 0.13728
35.6 0.14144
35.7 0.13728
35.8 0.1248
35.9 0.1248
36 0.1456
36.1 0.14144
36.2 0.13312
36.3 0.13728
36.4 0.13312
36.5 0.13312
36.6 0.13312
36.7 0.13728
36.8 0.13312
36.9 0.13312
37 0.13312
37.1 0.13312
37.2 0.13728
37.3 0.14144
37.4 0.13728
37.5 0.13312
37.6 0.11648
37.7 0.1248
37.8 0.14144
37.9 0.14144
38 0.13312
38.1 0.13728
38.2 0.12896
38.3 0.13312
38.4 0.13312
38.5 0.13312
38.6 0.12896
38.7 0.13312
38.8 0.12896
38.9 0.12896
39 0.13312
39.1 0.12896
39.2 0.1248
39.3 0.12064
39.4 0.12896
39.5 0.13312
39.6 0.14144
39.7 0.14144
39.8 0.12896
39.9 0.12896
40 0.12896
40.1 0.13312
40.2 0.12896
40.3 0.12896
40.4 0.12896
40.5 0.12896
40.6 0.12896
40.7 0.12896
40.8 0.12896
40.9 0.12064
41 0.1248
41.1 0.1248
41.2 0.13312
41.3 0.13728
41.4 0.13728
41.5 0.13312
41.6 0.12896
41.7 0.12896
41.8 0.12896
41.9 0.12896
42 0.12896
42.1 0.12896
42.2 0.12896
42.3 0.12896
42.4 0.12896
42.5 0.1248
42.6 0.12064
42.7 0.1248
42.8 0.12896
42.9 0.12896
43 0.1248
43.1 0.13728
43.2 0.13728
43.3 0.01664
43.4 0
43.5 0.00832
43.6 0
43.7 0.11648
43.8 0.12896
43.9 0.12896
44 0.1248
44.1 0.13312
44.2 0.13728
44.3 0.13312
44.4 0.1248
44.5 0.11648
44.6 0.12896
44.7 0.12896
44.8 0.12896
44.9 0.1248
45 0.12064
45.1 0.12064
45.2 0.12896
45.3 0.13728
45.4 0.13312
45.5 0.1248
45.6 0.1248
45.7 0.1248
45.8 0.1248
45.9 0.12896
46 0.13312
46.1 0.12896
46.2 0.11648
46.3 0.11648
46.4 0.1248
46.5 0.1248
46.6 0.1248
46.7 0.1248
46.8 0.1248
46.9 0.11648
47 0.11648
47.1 0.12896
47.2 0.13728
47.3 0.12896
47.4 0.1248
47.5 0.12064
47.6 0.1248
47.7 0.12896
47.8 0.12064
47.9 0.11232
48 0.11648
48.1 0.1248
48.2 0.12896
48.3 0.1248
48.4 0.12064
48.5 0.11648
48.6 0.1248
48.7 0.12064
48.8 0.1248
48.9 0.12896
49 0.13312
49.1 0.12064
49.2 0.12064
49.3 0.1248
49.4 0.1248
49.5 0.12064
49.6 0.11232
49.7 0.12064
49.8 0.1248
49.9 0.12896
50 0.12064
50.1 0.12064
50.2 0.12064
50.3 0.11232
50.4 0.1248
50.5 0.12064
50.6 0.1248
50.7 0.12896
50.8 0.12896
50.9 0.12064
51 0.12064
51.1 0.1248
51.2 0.10816
51.3 0.11232
51.4 0.1248
51.5 0.12064
51.6 0.12064
51.7 0.1248
51.8 0.12064
51.9 0.12064
52 0.12064
52.1 0.12064
52.2 0.11648
52.3 0.11648
52.4 0.12896
52.5 0.12896
52.6 0.1248
52.7 0.11648
52.8 0.11648
52.9 0.10816
53 0.11648
53.1 0.1248
53.2 0.12064
53.3 0.12064
53.4 0.12064
53.5 0.12064
53.6 0.12064
53.7 0.11648
53.8 0.12064
53.9 0.11648
54 0.11232
54.1 0.1248
54.2 0.08736
54.3 0
54.4 0.00832
54.5 0
54.6 0.03744
54.7 0.12064
54.8 0.12064
54.9 0.11648
55 0.12064
55.1 0.12064
55.2 0.1248
55.3 0.11648
55.4 0.104
55.5 0.12064
55.6 0.1248
55.7 0.12064
55.8 0.11648
55.9 0.11648
56 0.11648
56.1 0.11648
56.2 0.11648
56.3 0.11648
56.4 0.11648
56.5 0.11648
56.6 0.11648
56.7 0.11648
56.8 0.12064
56.9 0.1248
57 0.12064
57.1 0.09984
57.2 0.104
57.3 0.1248
57.4 0.1248
57.5 0.11648
57.6 0.11232
57.7 0.11648
57.8 0.11232
57.9 0.11648
58 0.11648
58.1 0.11232
58.2 0.11648
58.3 0.11232
58.4 0.11648
58.5 0.11232
58.6 0.12064
58.7 0.1248
58.8 0.10816
58.9 0.09568
59 0.09984
59.1 0.1248
59.2 0.1248
59.3 0.11648
59.4 0.11232
59.5 0.11232
59.6 0.11232
59.7 0.11232
59.8 0.11232
59.9 0.11232
60 0.10816
60.1 0.11232
60.2 0.11232
60.3 0.11232
60.4 0.11232
60.5 0.104
60.6 0.104
60.7 0.10816
60.8 0.1248
60.9 0.1248
61 0.11648
61.1 0.10816
61.2 0.11232
61.3 0.11232
61.4 0.11232
61.5 0.11232
61.6 0.10816
61.7 0.11232
61.8 0.10816
61.9 0.11232
62 0.11232
62.1 0.11232
62.2 0.09984
62.3 0.09984
62.4 0.11232
62.5 0.12064
62.6 0.1248
62.7 0.11648
62.8 0.10816
62.9 0.11232
63 0.11232
63.1 0.11232
63.2 0.11232
63.3 0.11232
63.4 0.10816
63.5 0.11232
63.6 0.11232
63.7 0.10816
63.8 0.11232
63.9 0.09984
64 0.09984
64.1 0.11648
64.2 0.11648
64.3 0.1248
64.4 0.11648
64.5 0.11232
64.6 0.11232
64.7 0.11232
64.8 0.11232
64.9 0.11232
65 0.11232
65.1 0.10816
65.2 0.0416
65.3 0
65.4 0.00832
65.5 0
65.6 0.07904
65.7 0.10816
65.8 0.11648
65.9 0.10816
66 0.11232
66.1 0.11232
66.2 0.104
66.3 0.104
66.4 0.10816
66.5 0.1248
66.6 0.12064
66.7 0.12064
66.8 0.09568
66.9 0.09984
67 0.10816
67.1 0.11232
67.2 0.10816
67.3 0.10816
67.4 0.11232
67.5 0.10816
67.6 0.11232
67.7 0.10816
67.8 0.10816
67.9 0.11232
68 0.104
68.1 0.09984
68.2 0.09984
68.3 0.12064
68.4 0.1248
68.5 0.12064
68.6 0.09568
68.7 0.09568
68.8 0.10816
68.9 0.11648
69 0.10816
69.1 0.11232
69.2 0.09984
69.3 0.104
69.4 0.11648
69.5 0.10816
69.6 0.10816
69.7 0.104
69.8 0.104
69.9 0.11232
70 0.10816
70.1 0.12064
70.2 0.11648
70.3 0.09568
70.4 0.09984
70.5 0.10816
70.6 0.11232
70.7 0.11648
70.8 0.104
70.9 0.104
71 0.104
71.1 0.11232
71.2 0.11648
71.3 0.104
71.4 0.104
71.5 0.09152
71.6 0.11232
71.7 0.11232
71.8 0.11232
71.9 0.10816
72 0.09568
72.1 0.09984
72.2 0.10816
72.3 0.10816
72.4 0.10816
72.5 0.10816
72.6 0.10816
72.7 0.10816
72.8 0.10816
72.9 0.104
73 0.10816
73.1 0.104
73.2 0.104
73.3 0.10816
73.4 0.10816
73.5 0.10816
73.6 0.11232
73.7 0.09568
73.8 0.104
73.9 0.104
74 0.10816
74.1 0.104
74.2 0.10816
74.3 0.104
74.4 0.10816
74.5 0.104
74.6 0.104
74.7 0.10816
74.8 0.104
74.9 0.10816
75 0.09984
75.1 0.09984
75.2 0.11232
75.3 0.10816
75.4 0.09984
75.5 0.10816
75.6 0.104
75.7 0.10816
75.8 0.104
75.9 0.104
76 0.104
76.1 0.09568
76.2 0
76.3 0.00832
76.4 0
76.5 0.01248
76.6 0.10816
76.7 0.104
76.8 0.104
76.9 0.10816
77 0.104
77.1 0.10816
77.2 0.104
77.3 0.104
77.4 0.10816
77.5 0.11232
77.6 0.104
77.7 0.09152
77.8 0.09984
77.9 0.11648
78 0.104
78.1 0.104
78.2 0.104
78.3 0.104
78.4 0.09984
78.5 0.104
78.6 0.104
78.7 0.09984
78.8 0.104
78.9 0.104
79 0.104
79.1 0.09984
79.2 0.11232
79.3 0.10816
79.4 0.09984
79.5 0.07904
79.6 0.104
79.7 0.11648
79.8 0.09984
79.9 0.104
80 0.104
80.1 0.09984
80.2 0.104
80.3 0.09984
80.4 0.104
80.5 0.09984
80.6 0.104
80.7 0.09984
80.8 0.104
80.9 0.09984
81 0.11232
81.1 0.104
81.2 0.07904
81.3 0.09152
81.4 0.11232
81.5 0.10816
81.6 0.104
81.7 0.09984
81.8 0.09984
81.9 0.104
82 0.09984
82.1 0.09984
82.2 0.09984
82.3 0.09984
82.4 0.09984
82.5 0.09984
82.6 0.09984
82.7 0.09984
82.8 0.104
82.9 0.08736
83 0.09568
83.1 0.11232
83.2 0.11232
83.3 0.09984
83.4 0.09984
83.5 0.09984
83.6 0.104
83.7 0.09984
83.8 0.09984
83.9 0.09984
84 0.09984
84.1 0.09568
84.2 0.104
84.3 0.09984
84.4 0.09984
84.5 0.09568
84.6 0.08736
84.7 0.09984
84.8 0.11232
84.9 0.10816
85 0.104
85.1 0.09984
85.2 0.09984
85.3 0.09984
85.4 0.09984
85.5 0.104
85.6 0.09984
85.7 0.09984
85.8 0.09984
85.9 0.09984
86 0.09984
86.1 0.104
86.2 0.08736
86.3 0.09152
86.4 0.104
86.5 0.11648
86.6 0.10816
86.7 0.09984
86.8 0.09984
86.9 0.104
87 0.09984
87.1 0.07904
87.2 0
87.3 0.00832
87.4 0
87.5 0.02496
87.6 0.09984
87.7 0.09984
87.8 0.09984
87.9 0.104
88 0.09984
88.1 0.09984
88.2 0.09984
88.3 0.104
88.4 0.09984
88.5 0.10816
88.6 0.104
88.7 0.09152
88.8 0.08736
88.9 0.10816
89 0.104
89.1 0.09984
89.2 0.09984
89.3 0.09984
89.4 0.09984
89.5 0.09984
89.6 0.09984
89.7 0.09984
89.8 0.09984
89.9 0.09984
90 0.09984
90.1 0.09984
90.2 0.09984
90.3 0.10816
90.4 0.09984
90.5 0.0832
90.6 0.09152
90.7 0.10816
90.8 0.09984
90.9 0.09984
91 0.09984
91.1 0.09984
91.2 0.09568
91.3 0.09984
91.4 0.09984
91.5 0.09568
91.6 0.09984
91.7 0.09568
91.8 0.09984
91.9 0.09984
92 0.09984
92.1 0.104
92.2 0.08736
92.3 0.0832
92.4 0.09568
92.5 0.11232
92.6 0.09984
92.7 0.09984
92.8 0.09568
92.9 0.09568
93 0.09568
93.1 0.09984
93.2 0.09568
93.3 0.09568
93.4 0.09568
93.5 0.09568
93.6 0.09984
93.7 0.09568
93.8 0.09568
93.9 0.09152
94 0.09152
94.1 0.09568
94.2 0.10816
94.3 0.104
94.4 0.09568
94.5 0.09984
94.6 0.09568
94.7 0.09984
94.8 0.09568
94.9 0.09984
95 0.09152
95.1 0.09568
95.2 0.09984
95.3 0.09152
95.4 0.09984
95.5 0.09568
95.6 0.08736
95.7 0.08736
95.8 0.09984
95.9 0.10816
96 0.104
96.1 0.09984
96.2 0.09568
96.3 0.09984
96.4 0.09568
96.5 0.09568
96.6 0.09984
96.7 0.09568
96.8 0.09984
96.9 0.09568
97 0.09568
97.1 0.09568
97.2 0.09984
97.3 0.08736
97.4 0.0832
97.5 0.09984
97.6 0.11232
97.7 0.104
97.8 0.09984
97.9 0.09568
98 0.09568
98.1 0.04992
98.2 0
98.3 0.00832
98.4 0
98.5 0.05408
98.6 0.09568
98.7 0.09984
98.8 0.09568
98.9 0.09568
99 0.09984
99.1 0.09568
99.2 0.09984
99.3 0.10816
99.4 0.104
99.5 0.0832
99.6 0.07488
99.7 0.08736
99.8 0.11232
99.9 0.10816
100 0.09568
