0.1 0.00448
0.2 0
0.3 1.20416
0.4 0
0.5 1.8
0.6 0.36
0.7 1.8
0.8 2.28
0.9 2.76
1 3.36
1.1 5.76
1.2 7.2
1.3 9.36
1.4 10.56
1.5 9.96
1.6 6.24
1.7 5.52
1.8 4.8
1.9 5.04
2 8.88
2.1 7.92
2.2 5.4
2.3 5.04
2.4 5.16
2.5 7.08
2.6 7.2
2.7 5.76
2.8 5.04
2.9 5.4
3 4.32
3.1 1.92
3.2 1.92
3.3 1.92
3.4 1.92
3.5 6.48
3.6 4.8
3.7 5.4
3.8 4.68
3.9 1.68
4 4.32
4.1 5.16
4.2 5.04
4.3 5.16
4.4 5.04
4.5 5.16
4.6 5.04
4.7 5.16
4.8 5.04
4.9 5.88
5 6.48
5.1 6.36
5.2 7.2
5.3 7.68
5.4 8.16
5.5 8.76
5.6 9.48
5.7 10.08
5.8 10.92
5.9 11.52
6 10.92
6.1 7.32
6.2 7.92
6.3 9.84
6.4 9.72
6.5 9.84
6.6 9.84
6.7 9.72
6.8 9.84
6.9 9.84
7 9.72
7.1 9.84
7.2 9.84
7.3 9.72
7.4 10.2
7.5 12.24
7.6 11.52
7.7 7.32
7.8 7.68
7.9 9.84
8 9.72
8.1 9.84
8.2 9.84
8.3 9.72
8.4 9.84
8.5 9.84
8.6 9.72
8.7 9.84
8.8 9.72
8.9 9.72
9 9.96
9.1 12.24
9.2 11.88
9.3 7.32
9.4 7.44
9.5 9.84
9.6 9.72
9.7 9.72
9.8 9.84
9.9 9.72
10 9.72
10.1 9.84
10.2 9.72
10.3 0.12
10.4 0
10.5 0.48
10.6 0
10.7 3.84
10.8 9.72
10.9 9.6
11 9.72
11.1 10.08
11.2 12.12
11.3 12.12
11.4 7.44
11.5 7.2
11.6 9.6
11.7 9.6
11.8 9.72
11.9 9.72
12 9.72
12.1 9.6
12.2 9.72
12.3 9.72
12.4 9.6
12.5 9.72
12.6 9.72
12.7 9.6
12.8 11.16
12.9 12.12
13 9.36
13.1 7.2
13.2 8.52
13.3 9.72
13.4 9.6
13.5 9.72
13.6 9.72
13.7 9.6
13.8 9.72
13.9 9.72
14 9.6
14.1 9.6
14.2 9.48
14.3 9.48
14.4 9.96
14.5 11.88
14.6 11.16
14.7 7.08
14.8 7.44
14.9 9.48
15 9.6
15.1 9.36
15.2 9.36
15.3 9.36
15.4 9.36
15.5 9.36
15.6 9.48
15.7 9.36
15.8 9.36
15.9 9.36
16 9.36
16.1 11.4
16.2 11.4
16.3 7.32
16.4 6.96
16.5 8.76
16.6 9.48
16.7 9.36
16.8 9.36
16.9 9.36
17 9.36
17.1 9.48
17.2 9.36
17.3 9.36
17.4 9.36
17.5 9.36
17.6 9.36
17.7 9.6
17.8 9.12
17.9 7.92
18 7.08
18.1 7.8
18.2 9.48
18.3 9.36
18.4 9.36
18.5 9.36
18.6 9.36
18.7 9.48
18.8 9.36
18.9 9.36
19 8.64
19.1 9.24
19.2 9
19.3 9.24
19.4 8.88
19.5 8.52
19.6 6.96
19.7 6.84
19.8 9.12
19.9 9.24
20 9.12
20.1 9.12
20.2 9.12
20.3 9.24
20.4 9.12
20.5 9.12
20.6 9.12
20.7 9.24
20.8 9.12
20.9 9.12
21 7.2
21.1 0
21.2 0
21.3 0
21.4 0.36
21.5 0
21.6 0.96
21.7 9.12
21.8 9.12
21.9 9.24
22 9.12
22.1 9.12
22.2 9.12
22.3 10.32
22.4 11.4
22.5 9.72
22.6 6.72
22.7 7.56
22.8 9.12
22.9 9
23 9.12
23.1 9
23.2 9.12
23.3 9.12
23.4 9
23.5 9.12
23.6 9.12
23.7 9
23.8 9.12
23.9 9
24 11.04
24.1 11.28
24.2 8.04
24.3 6.84
24.4 8.28
24.5 9
24.6 9.12
24.7 9.12
24.8 9
24.9 9
25 8.88
25.1 8.88
25.2 8.88
25.3 8.88
25.4 8.88
25.5 8.88
25.6 9.24
25.7 11.04
25.8 9.96
25.9 6.6
26 6.72
26.1 8.76
26.2 8.88
26.3 8.88
26.4 8.88
26.5 8.88
26.6 8.88
26.7 8.76
26.8 8.88
26.9 8.88
27 8.88
27.1 8.88
27.2 8.4
27.3 8.64
27.4 8.4
27.5 7.56
27.6 6.6
27.7 7.2
27.8 8.88
27.9 8.88
28 8.88
28.1 8.88
28.2 8.76
28.3 8.28
28.4 8.28
28.5 8.76
28.6 8.64
28.7 8.52
28.8 8.28
28.9 8.28
29 8.52
29.1 8.28
29.2 6.96
29.3 6.72
29.4 7.8
29.5 8.88
29.6 8.64
29.7 8.76
29.8 8.4
29.9 8.4
30 8.16
30.1 8.04
30.2 7.92
30.3 8.52
30.4 8.64
30.5 8.28
30.6 8.16
30.7 8.4
30.8 8.16
30.9 6.48
31 6.6
31.1 8.4
31.2 8.76
31.3 8.76
31.4 8.64
31.5 8.64
31.6 8.4
31.7 6.24
31.8 8.16
31.9 7.8
32 1.08
32.1 0
32.2 0
32.3 0
32.4 0.36
32.5 0
32.6 5.64
32.7 8.28
32.8 8.28
32.9 8.28
33 8.28
33.1 8.28
33.2 8.28
33.3 8.28
33.4 8.28
33.5 8.28
33.6 8.28
33.7 10.32
33.8 10.32
33.9 6.6
34 6.12
34.1 7.8
34.2 8.16
34.3 8.16
34.4 8.16
34.5 8.16
34.6 8.16
34.7 8.16
34.8 8.16
34.9 8.16
35 8.16
35.1 8.28
35.2 8.16
35.3 8.88
35.4 10.2
35.5 9.12
35.6 6.12
35.7 6.48
35.8 8.16
35.9 8.16
36 8.16
36.1 8.16
36.2 8.28
36.3 8.04
36.4 8.04
36.5 8.04
36.6 8.04
36.7 8.16
36.8 8.04
36.9 8.04
37 9.48
37.1 10.08
37.2 7.2
37.3 6
37.4 7.2
37.5 8.16
37.6 8.04
37.7 8.04
37.8 8.04
37.9 8.04
38 8.04
38.1 8.16
38.2 8.04
38.3 8.04
38.4 7.68
38.5 7.68
38.6 7.8
38.7 7.68
38.8 7.44
38.9 5.88
39 6.12
39.1 7.92
39.2 8.04
39.3 8.04
39.4 8.04
39.5 7.44
39.6 7.56
39.7 8.16
39.8 8.04
39.9 7.68
40 7.44
40.1 7.56
40.2 7.56
40.3 7.8
40.4 7.44
40.5 6.6
40.6 6.12
40.7 6.6
40.8 8.04
40.9 7.92
41 8.04
41.1 7.32
41.2 7.32
41.3 7.56
41.4 7.8
41.5 7.92
41.6 7.8
41.7 7.44
41.8 7.44
41.9 7.56
42 7.68
42.1 7.44
42.2 6.12
42.3 6
42.4 7.44
42.5 7.92
42.6 8.04
42.7 7.92
42.8 7.44
42.9 5.52
43 0
43.1 0
43.2 0
43.3 0
43.4 0.48
43.5 0
43.6 6.96
43.7 7.68
43.8 7.68
43.9 7.8
44 8.52
44.1 9.6
44.2 8.28
44.3 5.76
44.4 6.36
44.5 7.8
44.6 7.8
44.7 7.8
44.8 7.8
44.9 7.8
45 7.8
45.1 7.8
45.2 7.8
45.3 7.8
45.4 7.8
45.5 7.8
45.6 7.68
45.7 9.6
45.8 9.72
45.9 6.48
46 5.88
46.1 7.32
46.2 7.8
46.3 7.8
46.4 7.8
46.5 7.8
46.6 7.8
46.7 7.8
46.8 7.8
46.9 7.8
47 7.68
47.1 7.8
47.2 7.68
47.3 8.04
47.4 7.44
47.5 6.6
47.6 5.76
47.7 6.36
47.8 7.8
47.9 7.68
48 7.8
48.1 6.72
48.2 7.08
48.3 7.32
48.4 7.2
48.5 7.08
48.6 6.72
48.7 7.2
48.8 6.84
48.9 7.2
49 7.8
49.1 7.56
49.2 6
49.3 5.88
49.4 7.08
49.5 7.68
49.6 7.8
49.7 7.2
49.8 6.84
49.9 7.32
50 5.4
50.1 7.2
50.2 6.96
50.3 6.96
50.4 6.48
50.5 7.08
50.6 7.32
50.7 7.2
50.8 6.84
50.9 5.4
51 5.76
51.1 7.32
51.2 7.32
51.3 7.2
51.4 7.32
51.5 7.32
51.6 7.2
51.7 7.32
51.8 7.32
51.9 7.2
52 7.08
52.1 7.08
52.2 6.96
52.3 6.84
52.4 6.72
52.5 5.88
52.6 5.4
52.7 6.48
52.8 7.2
52.9 7.2
53 7.08
53.1 7.2
53.2 7.2
53.3 7.2
53.4 7.08
53.5 7.2
53.6 7.2
53.7 7.2
53.8 6.84
53.9 2.64
54 0
54.1 0
54.2 0
54.3 0.48
54.4 0
54.5 2.4
54.6 7.08
54.7 7.08
54.8 7.08
54.9 7.2
55 8.52
55.1 8.88
55.2 6.36
55.3 5.28
55.4 6.48
55.5 7.08
55.6 7.08
55.7 7.08
55.8 7.2
55.9 7.08
56 6.96
56.1 7.08
56.2 7.08
56.3 7.08
56.4 7.08
56.5 7.08
56.6 7.32
56.7 8.88
56.8 8.28
56.9 5.4
57 5.28
57.1 7.08
57.2 7.08
57.3 7.08
57.4 6.96
57.5 7.08
57.6 7.08
57.7 7.08
57.8 7.08
57.9 7.08
58 7.08
58.1 6.96
58.2 7.08
58.3 8.04
58.4 8.76
58.5 6.12
58.6 5.28
58.7 6
58.8 6.96
58.9 6.96
59 6.96
59.1 6.6
59.2 7.08
59.3 6.96
59.4 6.96
59.5 6.72
59.6 6.48
59.7 6.48
59.8 6.6
59.9 6.48
60 6.6
60.1 6.36
60.2 5.16
60.3 5.28
60.4 6.6
60.5 6.96
60.6 6.96
60.7 6.6
60.8 6.24
60.9 6.96
61 7.08
61.1 6.96
61.2 6.36
61.3 6.48
61.4 6
61.5 6.48
61.6 6.6
61.7 6.36
61.8 5.88
61.9 5.16
62 5.28
62.1 6.84
62.2 6.84
62.3 6.96
62.4 6.48
62.5 6.48
62.6 6.6
62.7 6.84
62.8 6.96
62.9 6.72
63 6.48
63.1 6.48
63.2 6.48
63.3 6.72
63.4 6.36
63.5 5.52
63.6 5.04
63.7 6
63.8 6.84
63.9 6.84
64 6.84
64.1 5.76
64.2 6.72
64.3 6.72
64.4 6.72
64.5 6.72
64.6 6.72
64.7 6.72
64.8 6.36
64.9 0
65 0
65.1 0
65.2 0
65.3 0.36
65.4 0
65.5 4.68
65.6 6.72
65.7 6.72
65.8 6.84
65.9 6.72
66 6.72
66.1 6.84
66.2 6.72
66.3 6.72
66.4 8.28
66.5 8.52
66.6 5.64
66.7 5.04
66.8 6.6
66.9 7.08
67 6.96
67.1 7.08
67.2 7.08
67.3 7.08
67.4 6.96
67.5 7.08
67.6 7.08
67.7 7.08
67.8 6.96
67.9 7.08
68 7.44
68.1 8.76
68.2 5.64
68.3 5.28
68.4 5.4
68.5 7.08
68.6 6.96
68.7 7.08
68.8 6.24
68.9 6.12
69 6.6
69.1 6.48
69.2 6.36
69.3 5.88
69.4 6
69.5 6.6
69.6 6.36
69.7 6.48
69.8 6
69.9 5.4
70 5.28
70.1 6
70.2 6.96
70.3 7.08
70.4 6.96
70.5 5.64
70.6 6.36
70.7 6.48
70.8 6.6
70.9 6.12
71 6
71.1 3.96
71.2 6.36
71.3 6.6
71.4 6.48
71.5 5.88
71.6 4.2
71.7 4.92
71.8 5.76
71.9 6.6
72 6.6
72.1 6.48
72.2 6.6
72.3 6.48
72.4 6.6
72.5 6.6
72.6 6.12
72.7 6.24
72.8 6.24
72.9 6.24
73 6.24
73.1 6.24
73.2 6.12
73.3 4.2
73.4 4.68
73.5 6
73.6 6.24
73.7 6.24
73.8 6.24
73.9 6.24
74 6.24
74.1 6.24
74.2 6.12
74.3 6.24
74.4 6.24
74.5 6.24
74.6 6.24
74.7 6.72
74.8 6.12
74.9 5.52
75 4.68
75.1 4.92
75.2 6.24
75.3 6.24
75.4 6.24
75.5 6.24
75.6 6.24
75.7 6.24
75.8 5.16
75.9 0
76 0
76.1 0
76.2 0.48
76.3 0
76.4 0.96
76.5 6.24
76.6 6.12
76.7 6.24
76.8 6.24
76.9 6.12
77 6.24
77.1 6.12
77.2 6.12
77.3 6.84
77.4 7.56
77.5 6.72
77.6 4.56
77.7 5.28
77.8 6.36
77.9 6.24
78 6.36
78.1 6.24
78.2 6.36
78.3 6.24
78.4 6.36
78.5 6.24
78.6 6.24
78.7 6.36
78.8 6.24
78.9 6.36
79 7.44
79.1 7.8
79.2 5.88
79.3 4.8
79.4 5.52
79.5 6.36
79.6 6.24
79.7 6.36
79.8 6.24
79.9 6.36
80 6.24
80.1 6.36
80.2 6.24
80.3 6.36
80.4 6.24
80.5 6.36
80.6 6.36
80.7 7.92
80.8 6
80.9 4.44
81 4.68
81.1 6.12
81.2 6.12
81.3 6.24
81.4 6.12
81.5 6.24
81.6 6.12
81.7 6.24
81.8 5.88
81.9 5.88
82 5.76
82.1 5.88
82.2 5.76
82.3 6
82.4 5.76
82.5 5.28
82.6 4.56
82.7 5.16
82.8 6.12
82.9 6.24
83 6.12
83.1 5.88
83.2 6.24
83.3 6.24
83.4 6.12
83.5 5.88
83.6 5.88
83.7 5.88
83.8 5.16
83.9 5.88
84 6
84.1 5.76
84.2 4.68
84.3 4.56
84.4 5.4
84.5 6
84.6 6.12
84.7 6
84.8 6
84.9 6.12
85 6
85.1 6
85.2 6.12
85.3 6
85.4 6.12
85.5 5.88
85.6 6.12
85.7 5.76
85.8 5.64
85.9 4.56
86 4.56
86.1 6
86.2 6
86.3 6.12
86.4 6.12
86.5 5.88
86.6 6.12
86.7 6.12
86.8 3.36
86.9 0
87 0
87.1 0
87.2 0.48
87.3 0
87.4 1.44
87.5 6.12
87.6 6.12
87.7 6
87.8 6.12
87.9 6
88 6.12
88.1 6.12
88.2 6
88.3 6.72
88.4 7.68
88.5 6.48
88.6 4.56
88.7 4.92
88.8 6.12
88.9 6
89 6.12
89.1 6
89.2 6.12
89.3 6
89.4 6.12
89.5 6.12
89.6 6
89.7 6
89.8 6
89.9 6.12
90 6.84
90.1 7.44
90.2 6.24
90.3 4.44
90.4 5.04
90.5 6
90.6 6.12
90.7 6
90.8 6
90.9 6
91 6
91.1 6
91.2 6.12
91.3 6
91.4 6
91.5 6
91.6 6
91.7 7.08
91.8 6.36
91.9 4.8
92 4.56
92.1 5.16
92.2 6
92.3 6
92.4 5.88
92.5 5.64
92.6 5.88
92.7 6
92.8 5.88
92.9 5.64
93 5.64
93.1 5.52
93.2 5.64
93.3 5.64
93.4 5.76
93.5 5.52
93.6 4.68
93.7 4.44
93.8 5.28
93.9 5.88
94 6
94.1 5.88
94.2 5.76
94.3 6
94.4 5.88
94.5 5.88
94.6 5.88
94.7 5.64
94.8 5.64
94.9 5.28
95 5.52
95.1 5.76
95.2 5.52
95.3 4.32
95.4 4.44
95.5 5.4
95.6 5.88
95.7 5.76
95.8 5.88
95.9 5.88
96 5.76
96.1 5.88
96.2 5.88
96.3 5.76
96.4 5.88
96.5 5.88
96.6 5.64
96.7 5.76
96.8 5.76
96.9 5.4
97 4.32
97.1 4.44
97.2 5.64
97.3 5.88
97.4 5.88
97.5 5.88
97.6 5.64
97.7 5.88
97.8 1.8
97.9 0
98 0
98.1 0
98.2 0.36
98.3 0
98.4 3.24
98.5 5.88
98.6 5.88
98.7 5.88
98.8 5.88
98.9 5.88
99 5.88
99.1 7.08
99.2 7.32
99.3 5.28
99.4 4.44
99.5 5.4
99.6 6
99.7 6.12
99.8 6.12
99.9 6
100 6.12
