0.2 0.00448
0.3 0
0.4 0.0208
0.5 0
0.6 0.02912
0.7 0.00832
0.8 0.03328
0.9 0.03744
1 0.04992
1.1 0.05408
1.2 0.0832
1.3 0.08736
1.4 0.08736
1.5 0.0832
1.6 0.08736
1.7 0.08736
1.8 0.08736
1.9 0.14016
2 0.26144
2.1 0.26752
2.2 0.25536
2.3 0.2432
2.4 0.1824
2.5 0.304
2.6 0.24928
2.7 0.25536
2.8 0.23104
2.9 0.09728
3 0.28576
3.1 0.26144
3.2 0.24928
3.3 0.2128
3.4 0.19456
3.5 0.21888
3.6 0.16864
3.7 0.03328
3.8 0
3.9 0.00416
4 0.00416
4.1 0
4.2 0.00416
4.3 0.00416
4.4 0.00416
4.5 0.00416
4.6 0.00416
4.7 0
4.8 0.00416
4.9 0.00416
5 0.00416
5.1 0.00416
5.2 0.00416
5.3 0.00416
5.4 0.00416
5.5 0.00416
5.6 0.00416
5.7 0.00416
5.8 0.00416
5.9 0.00416
6 0.00416
6.1 0.00416
6.2 0.00416
6.3 0.00416
6.4 0.00832
6.5 0.00416
6.6 0.00416
6.7 0.00416
6.8 0.00416
6.9 0.00416
7 0.00416
7.1 0.00832
7.2 0.00416
7.3 0.00416
7.4 0.00416
7.5 0.00416
7.6 0.00416
7.7 0.00416
7.8 0.00416
7.9 0.00832
8 0.00416
8.1 0.00416
8.2 0.00416
8.3 0.00832
8.4 0.00416
8.5 0.00832
8.6 0.00416
8.7 0.00832
8.8 0.00416
8.9 0.00832
9 0.00416
9.1 0.00832
9.2 0.00416
9.3 0.00416
9.4 0.00832
9.5 0.00832
9.6 0.00832
9.7 0.00416
9.8 0.00832
9.9 0.00832
10 0.00416
10.1 0.00832
10.2 0.00832
10.3 0.00832
10.4 0.00416
10.5 0.00416
10.6 0.00416
10.7 0
10.8 0.00832
10.9 0.00416
11 0.00832
11.1 0.00416
11.2 0.00832
11.3 0.00416
11.4 0.00832
11.5 0.00832
11.6 0.00832
11.7 0.00832
11.8 0.00832
11.9 0.00832
12 0.00832
12.1 0.00832
12.2 0.00832
12.3 0.01248
12.4 0.00832
12.5 0.00832
12.6 0.00832
12.7 0.00832
12.8 0.01248
12.9 0.00832
13 0.01248
13.1 0.00832
13.2 0.01248
13.3 0.01248
13.4 0.01248
13.5 0.01248
13.6 0.01248
13.7 0.01664
13.8 0.01248
13.9 0.01664
14 0.01248
14.1 0.01664
14.2 0.01248
14.3 0.01664
14.4 0.01664
14.5 0.01664
14.6 0.01248
14.7 0.00832
14.8 0.00832
14.9 0.01664
15 0.0208
15.1 0.01664
15.2 0.01664
15.3 0.01248
15.4 0.01664
15.5 0.01664
15.6 0.01248
15.7 0.01664
15.8 0.01664
15.9 0.01664
16 0.01664
16.1 0.01664
16.2 0.01248
16.3 0.01664
16.4 0.01664
16.5 0.01248
16.6 0.02496
16.7 0.01664
16.8 0.01664
16.9 0.01248
17 0.01664
17.1 0.01248
17.2 0.01664
17.3 0.01664
17.4 0.01664
17.5 0.01664
17.6 0.01664
17.7 0.01664
17.8 0.01664
17.9 0.01664
18 0.01248
18.1 0.0208
18.2 0.01664
18.3 0.0208
18.4 0.01664
18.5 0.0208
18.6 0.0208
18.7 0.01664
18.8 0.01248
18.9 0.01248
19 0.01664
19.1 0.01664
19.2 0.01664
19.3 0.0208
19.4 0.01664
19.5 0.0208
19.6 0.01664
19.7 0.01664
19.8 0.0208
19.9 0.02496
20 0.0208
20.1 0.01664
20.2 0.0208
20.3 0.01664
20.4 0.01664
20.5 0.0208
20.6 0.02496
20.7 0.0208
20.8 0.01664
20.9 0.01664
21 0.01664
21.1 0.01664
21.2 0.0208
21.3 0.02912
21.4 0.05408
21.5 0.0208
21.6 0.0208
21.7 0.0208
21.8 0.0208
21.9 0.0208
22 0.0208
22.1 0.0208
22.2 0.0208
22.3 0.0208
22.4 0.02496
22.5 0.0208
22.6 0.0208
22.7 0.02496
22.8 0.02912
22.9 0.0208
23 0.01664
23.1 0.02496
23.2 0.0208
23.3 0.02496
23.4 0.0208
23.5 0.02496
23.6 0.0208
23.7 0.02496
23.8 0.0208
23.9 0.02496
24 0.0208
24.1 0.02496
24.2 0.01664
24.3 0.0208
24.4 0.0208
24.5 0.03328
24.6 0.03328
24.7 0.01664
24.8 0.0208
24.9 0.0208
25 0.02496
25.1 0.0208
25.2 0.02496
25.3 0.02912
25.4 0.02496
25.5 0.02496
25.6 0.02496
25.7 0.02496
25.8 0.02496
25.9 0.02496
26 0.0208
26.1 0.0208
26.2 0.02912
26.3 0.03328
26.4 0.03328
26.5 0.0208
26.6 0.0208
26.7 0.0208
26.8 0.02496
26.9 0.02496
27 0.02912
27.1 0.02496
27.2 0.02912
27.3 0.02912
27.4 0.02496
27.5 0.02912
27.6 0.02912
27.7 0.02912
27.8 0.02912
27.9 0.03328
28 0.03328
28.1 0.02912
28.2 0.03328
28.3 0.02912
28.4 0.0208
28.5 0.02496
28.6 0.02496
28.7 0.02912
28.8 0.02912
28.9 0.02912
29 0.02912
29.1 0.03328
29.2 0.02912
29.3 0.02912
29.4 0.03328
29.5 0.03328
29.6 0.03328
29.7 0.03328
29.8 0.02912
29.9 0.03328
30 0.03328
30.1 0.03744
30.2 0.02496
30.3 0.02496
30.4 0.02912
30.5 0.02912
30.6 0.03328
30.7 0.02912
30.8 0.03328
30.9 0.02912
31 0.03328
31.1 0.02912
31.2 0.03744
31.3 0.03744
31.4 0.03328
31.5 0.02912
31.6 0.02912
31.7 0.03328
31.8 0.03744
31.9 0.03744
32 0.02496
32.1 0.02496
32.2 0.03328
32.3 0.01248
32.4 0
32.5 0.00832
32.6 0
32.7 0.02496
32.8 0.02912
32.9 0.03328
33 0.03328
33.1 0.03328
33.2 0.02912
33.3 0.03328
33.4 0.03328
33.5 0.03744
33.6 0.03744
33.7 0.0416
33.8 0.03328
33.9 0.03744
34 0.03328
34.1 0.0416
34.2 0.03328
34.3 0.03744
34.4 0.03744
34.5 0.03744
34.6 0.03744
34.7 0.03744
34.8 0.03328
34.9 0.03744
35 0.03744
35.1 0.03744
35.2 0.03744
35.3 0.03744
35.4 0.03744
35.5 0.03328
35.6 0.03328
35.7 0.03328
35.8 0.04992
35.9 0.04576
36 0.02912
36.1 0.03328
36.2 0.03744
36.3 0.03744
36.4 0.03744
36.5 0.0416
36.6 0.03744
36.7 0.0416
36.8 0.03744
36.9 0.03744
37 0.0416
37.1 0.03744
37.2 0.03744
37.3 0.03328
37.4 0.03328
37.5 0.0416
37.6 0.05824
37.7 0.04992
37.8 0.02912
37.9 0.03328
38 0.03744
38.1 0.03744
38.2 0.0416
38.3 0.0416
38.4 0.0416
38.5 0.0416
38.6 0.0416
38.7 0.0416
38.8 0.0416
38.9 0.04576
39 0.0416
39.1 0.0416
39.2 0.04992
39.3 0.04992
39.4 0.04576
39.5 0.03744
39.6 0.03328
39.7 0.03328
39.8 0.0416
39.9 0.04576
40 0.0416
40.1 0.0416
40.2 0.0416
40.3 0.04576
40.4 0.04576
40.5 0.0416
40.6 0.04576
40.7 0.0416
40.8 0.04576
40.9 0.05408
41 0.04992
41.1 0.04576
41.2 0.0416
41.3 0.03744
41.4 0.03328
41.5 0.0416
41.6 0.0416
41.7 0.04576
41.8 0.0416
41.9 0.04576
42 0.0416
42.1 0.04576
42.2 0.04576
42.3 0.0416
42.4 0.04576
42.5 0.04992
42.6 0.05408
42.7 0.04576
42.8 0.0416
42.9 0.04576
43 0.04992
43.1 0.03744
43.2 0.03328
43.3 0.14976
43.4 0
43.5 0.00416
43.6 0.00416
43.7 0.00416
43.8 0.0416
43.9 0.04576
44 0.04576
44.1 0.0416
44.2 0.03744
44.3 0.03744
44.4 0.04992
44.5 0.05408
44.6 0.04576
44.7 0.04576
44.8 0.0416
44.9 0.04992
45 0.05408
45.1 0.04992
45.2 0.0416
45.3 0.03744
45.4 0.0416
45.5 0.04992
45.6 0.04576
45.7 0.04992
45.8 0.04576
45.9 0.04576
46 0.03744
46.1 0.04576
46.2 0.05824
46.3 0.05408
46.4 0.04992
46.5 0.04576
46.6 0.04992
46.7 0.04576
46.8 0.04992
46.9 0.05824
47 0.05408
47.1 0.04576
47.2 0.03744
47.3 0.04576
47.4 0.04576
47.5 0.04992
47.6 0.04992
47.7 0.04576
47.8 0.05408
47.9 0.05824
48 0.05824
48.1 0.04576
48.2 0.04576
48.3 0.04992
48.4 0.04992
48.5 0.05408
48.6 0.04992
48.7 0.05408
48.8 0.04992
48.9 0.0416
49 0.0416
49.1 0.04992
49.2 0.05408
49.3 0.04576
49.4 0.04992
49.5 0.05408
49.6 0.05824
49.7 0.05408
49.8 0.04576
49.9 0.04992
50 0.04992
50.1 0.05408
50.2 0.04992
50.3 0.05824
50.4 0.05408
50.5 0.04992
50.6 0.04992
50.7 0.0416
50.8 0.04576
50.9 0.05408
51 0.04992
51.1 0.04992
51.2 0.0624
51.3 0.0624
51.4 0.04992
51.5 0.04992
51.6 0.04992
51.7 0.05408
51.8 0.04992
51.9 0.05408
52 0.04992
52.1 0.04992
52.2 0.0624
52.3 0.05408
52.4 0.04576
52.5 0.0416
52.6 0.04992
52.7 0.05408
52.8 0.05824
52.9 0.0624
53 0.05824
53.1 0.04992
53.2 0.05408
53.3 0.04992
53.4 0.05408
53.5 0.05408
53.6 0.04992
53.7 0.05408
53.8 0.05408
53.9 0.05824
54 0.05824
54.1 0.04992
54.2 0.08736
54.3 0.02912
54.4 0
54.5 0.00832
54.6 0
54.7 0.0416
54.8 0.05408
54.9 0.05408
55 0.05408
55.1 0.04992
55.2 0.04992
55.3 0.05824
55.4 0.07072
55.5 0.04992
55.6 0.04576
55.7 0.05824
55.8 0.05408
55.9 0.05824
56 0.05408
56.1 0.05824
56.2 0.05408
56.3 0.05824
56.4 0.05408
56.5 0.05824
56.6 0.05824
56.7 0.05408
56.8 0.05408
56.9 0.04992
57 0.04992
57.1 0.07488
57.2 0.06656
57.3 0.04992
57.4 0.04992
57.5 0.05824
57.6 0.05824
57.7 0.05824
57.8 0.05824
57.9 0.05824
58 0.05824
58.1 0.05824
58.2 0.05824
58.3 0.05824
58.4 0.05824
58.5 0.05824
58.6 0.05408
58.7 0.04992
58.8 0.0624
58.9 0.07904
59 0.07072
59.1 0.04992
59.2 0.04576
59.3 0.0624
59.4 0.05824
59.5 0.0624
59.6 0.05824
59.7 0.0624
59.8 0.05824
59.9 0.0624
60 0.0624
60.1 0.0624
60.2 0.0624
60.3 0.05824
60.4 0.0624
60.5 0.06656
60.6 0.07072
60.7 0.06656
60.8 0.04576
60.9 0.04992
61 0.05824
61.1 0.06656
61.2 0.05824
61.3 0.0624
61.4 0.05824
61.5 0.0624
61.6 0.0624
61.7 0.0624
61.8 0.0624
61.9 0.0624
62 0.0624
62.1 0.0624
62.2 0.07072
62.3 0.07072
62.4 0.0624
62.5 0.05408
62.6 0.04992
62.7 0.05408
62.8 0.0624
62.9 0.0624
63 0.0624
63.1 0.05824
63.2 0.0624
63.3 0.0624
63.4 0.0624
63.5 0.0624
63.6 0.0624
63.7 0.0624
63.8 0.0624
63.9 0.07488
64 0.07072
64.1 0.05824
64.2 0.05408
64.3 0.04992
64.4 0.05408
64.5 0.0624
64.6 0.0624
64.7 0.0624
64.8 0.05824
64.9 0.0624
65 0.05824
65.1 0.0624
65.2 0.11648
65.3 0
65.4 0.00832
65.5 0
65.6 0.00416
65.7 0.0624
65.8 0.0624
65.9 0.0624
66 0.05824
66.1 0.0624
66.2 0.07072
66.3 0.07072
66.4 0.0624
66.5 0.04576
66.6 0.05408
66.7 0.05408
66.8 0.07488
66.9 0.07488
67 0.06656
67.1 0.0624
67.2 0.0624
67.3 0.0624
67.4 0.0624
67.5 0.0624
67.6 0.06656
67.7 0.0624
67.8 0.0624
67.9 0.0624
68 0.07072
68.1 0.07072
68.2 0.07488
68.3 0.05408
68.4 0.04576
68.5 0.05408
68.6 0.07488
68.7 0.07904
68.8 0.06656
68.9 0.05824
69 0.0624
69.1 0.0624
69.2 0.07072
69.3 0.06656
69.4 0.0624
69.5 0.0624
69.6 0.0624
69.7 0.07072
69.8 0.07072
69.9 0.05824
70 0.06656
70.1 0.04992
70.2 0.05824
70.3 0.07904
70.4 0.07488
70.5 0.0624
70.6 0.05824
70.7 0.0624
70.8 0.06656
70.9 0.07072
71 0.06656
71.1 0.05824
71.2 0.0624
71.3 0.06656
71.4 0.07072
71.5 0.07904
71.6 0.0624
71.7 0.05824
71.8 0.0624
71.9 0.06656
72 0.07488
72.1 0.07488
72.2 0.0624
72.3 0.06656
72.4 0.06656
72.5 0.0624
72.6 0.06656
72.7 0.06656
72.8 0.0624
72.9 0.06656
73 0.07072
73.1 0.06656
73.2 0.06656
73.3 0.06656
73.4 0.06656
73.5 0.0624
73.6 0.0624
73.7 0.07904
73.8 0.06656
73.9 0.07072
74 0.06656
74.1 0.06656
74.2 0.06656
74.3 0.06656
74.4 0.06656
74.5 0.07072
74.6 0.06656
74.7 0.06656
74.8 0.06656
74.9 0.06656
75 0.07488
75.1 0.07072
75.2 0.0624
75.3 0.06656
75.4 0.07072
75.5 0.06656
75.6 0.06656
75.7 0.06656
75.8 0.07072
75.9 0.06656
76 0.06656
76.1 0.0832
76.2 0.07488
76.3 0
76.4 0.00832
76.5 0
76.6 0.03744
76.7 0.06656
76.8 0.07072
76.9 0.06656
77 0.06656
77.1 0.06656
77.2 0.07072
77.3 0.06656
77.4 0.06656
77.5 0.0624
77.6 0.06656
77.7 0.0832
77.8 0.07072
77.9 0.05824
78 0.06656
78.1 0.07072
78.2 0.07072
78.3 0.07072
78.4 0.07072
78.5 0.07072
78.6 0.06656
78.7 0.07072
78.8 0.07072
78.9 0.07072
79 0.07072
79.1 0.07072
79.2 0.0624
79.3 0.0624
79.4 0.07488
79.5 0.09152
79.6 0.07072
79.7 0.05824
79.8 0.07072
79.9 0.07072
80 0.07072
80.1 0.07072
80.2 0.07072
80.3 0.07072
80.4 0.07072
80.5 0.07072
80.6 0.07488
80.7 0.07072
80.8 0.07072
80.9 0.07072
81 0.0624
81.1 0.07072
81.2 0.09152
81.3 0.07904
81.4 0.0624
81.5 0.06656
81.6 0.07072
81.7 0.07072
81.8 0.07072
81.9 0.07488
82 0.07072
82.1 0.07488
82.2 0.07072
82.3 0.07488
82.4 0.07072
82.5 0.07488
82.6 0.07072
82.7 0.07488
82.8 0.07072
82.9 0.0832
83 0.07904
83.1 0.05824
83.2 0.0624
83.3 0.07488
83.4 0.07072
83.5 0.07488
83.6 0.07072
83.7 0.07072
83.8 0.07488
83.9 0.07488
84 0.07072
84.1 0.07488
84.2 0.07488
84.3 0.07072
84.4 0.07072
84.5 0.07904
84.6 0.08736
84.7 0.07072
84.8 0.0624
84.9 0.0624
85 0.07072
85.1 0.07488
85.2 0.07072
85.3 0.07488
85.4 0.07072
85.5 0.07488
85.6 0.07072
85.7 0.07072
85.8 0.07488
85.9 0.07488
86 0.07072
86.1 0.07072
86.2 0.0832
86.3 0.0832
86.4 0.07072
86.5 0.05824
86.6 0.0624
86.7 0.07072
86.8 0.07488
86.9 0.07072
87 0.07488
87.1 0.09152
87.2 0.03328
87.3 0
87.4 0.00832
87.5 0
87.6 0.05824
87.7 0.07488
87.8 0.07072
87.9 0.07072
88 0.07488
88.1 0.07072
88.2 0.07488
88.3 0.07072
88.4 0.07072
88.5 0.0624
88.6 0.07488
88.7 0.07904
88.8 0.0832
88.9 0.06656
89 0.06656
89.1 0.07488
89.2 0.07488
89.3 0.07072
89.4 0.07488
89.5 0.07488
89.6 0.07072
89.7 0.07488
89.8 0.07488
89.9 0.07072
90 0.07488
90.1 0.07488
90.2 0.07072
90.3 0.0624
90.4 0.07488
90.5 0.09152
90.6 0.0832
90.7 0.0624
90.8 0.07072
90.9 0.07488
91 0.07488
91.1 0.07488
91.2 0.07488
91.3 0.07488
91.4 0.07488
91.5 0.07488
91.6 0.07488
91.7 0.07488
91.8 0.07488
91.9 0.07488
92 0.07072
92.1 0.06656
92.2 0.08736
92.3 0.09152
92.4 0.07488
92.5 0.0624
92.6 0.07072
92.7 0.07904
92.8 0.07488
92.9 0.07488
93 0.07904
93.1 0.07488
93.2 0.07488
93.3 0.07904
93.4 0.07488
93.5 0.07904
93.6 0.07488
93.7 0.07488
93.8 0.07904
93.9 0.07904
94 0.08736
94.1 0.07488
94.2 0.0624
94.3 0.07072
94.4 0.07488
94.5 0.07904
94.6 0.07488
94.7 0.07488
94.8 0.07488
94.9 0.07488
95 0.07904
95.1 0.07904
95.2 0.07488
95.3 0.07904
95.4 0.07488
95.5 0.07904
95.6 0.0832
95.7 0.08736
95.8 0.07488
95.9 0.0624
96 0.06656
96.1 0.07488
96.2 0.07904
96.3 0.07488
96.4 0.07488
96.5 0.07488
96.6 0.07488
96.7 0.07904
96.8 0.07488
96.9 0.07488
97 0.07904
97.1 0.07488
97.2 0.07488
97.3 0.08736
97.4 0.08736
97.5 0.07488
97.6 0.0624
97.7 0.06656
97.8 0.07488
97.9 0.07488
98 0.07488
98.1 0.104
98.2 0
98.3 0.00832
98.4 0
98.5 0.00832
98.6 0.07488
98.7 0.07488
98.8 0.07904
98.9 0.07488
99 0.07488
99.1 0.07904
99.2 0.07072
99.3 0.06656
99.4 0.06656
99.5 0.09152
99.6 0.09568
99.7 0.08736
99.8 0.0624
99.9 0.06656
100 0.0832
