0.0201578 10
0.042811 11
0.0476174 13
0.0524238 15
0.0572302 17
0.0620366 19
0.0680446 21
0.072851 23
0.0764558 25
0.0824638 27
0.0860686 29
0.0920766 31
0.0956814 33
0.101689 35
0.105294 37
0.111302 39
0.113705 41
0.120915 43
0.123318 45
0.128125 47
0.131729 49
0.140141 51
0.142544 53
0.14735 55
0.150955 57
0.159366 59
0.161769 61
0.166576 63
0.168979 65
0.173785 67
0.176189 69
0.180995 71
0.183398 73
0.188205 75
0.190608 77
0.193011 79
0.195414 81
0.202624 83
0.205027 85
0.20743 87
0.209833 89
0.21464 91
0.250688 92
0.284333 93
0.313171 94
0.342009 95
0.375654 96
0.409299 97
0.440541 98
0.466976 99
0.495814 100
0.529459 101
0.565507 102
0.594345 103
0.620781 104
0.649619 105
0.679659 106
0.709699 107
0.738537 108
0.766174 109
0.795013 110
0.823851 111
0.852689 112
0.881528 113
0.910366 114
0.939205 115
0.968043 116
0.996881 117
1.02572 118
1.05456 119
1.0834 120
1.11224 121
1.14107 122
1.16991 123
1.19755 124
1.22759 125
1.25523 126
1.28527 127
1.3141 128
1.34174 129
1.37058 130
1.39942 131
1.42826 132
1.45709 133
1.48593 134
1.51477 135
1.54361 136
1.57245 137
1.60129 138
1.63012 139
1.65896 140
1.6878 141
1.71664 142
1.74548 143
1.77432 144
1.80195 145
1.83079 146
1.85843 147
1.88246 148
1.90649 149
1.93173 150
1.95816 151
1.9846 152
2.01103 153
2.03747 154
2.0639 155
2.09034 156
2.11677 157
2.14201 158
2.16844 159
2.19488 160
2.22131 161
2.24535 160
2.24655 159.374
2.24775 159.061
2.24896 158.749
2.25016 158.436
2.25136 158.123
2.25376 157.81
2.25496 157.497
2.25617 157.184
2.25737 156.872
2.25857 156.559
2.25977 156.246
2.26097 155.933
2.26217 155.62
2.26338 155.307
2.26458 154.994
2.26578 154.682
2.26818 154.369
2.26939 153
2.27059 152
2.27179 150
2.273 149
2.2742 148
2.2754 147
2.2766 146
2.2778 145
2.28021 144
2.28141 143
2.28261 142
2.28381 141
2.28501 140
2.28621 139
2.28742 138
2.28862 137
2.28982 136
2.29102 135.169
2.29222 134
2.29462 133
2.29583 132
2.29704 131
2.29824 129
2.29944 128
2.30064 127
2.30184 126
2.30304 125
2.30425 124
2.30665 123
2.30785 122
2.30905 121
2.31025 120
2.31145 119
2.31266 118
2.31386 117
2.31506 116
2.31626 115
2.31746 114
2.31866 113
2.32107 112
2.32467 111
2.35111 110
2.38956 109
2.40278 108
2.42921 107
2.44603 112
2.57098 113
2.63827 114
2.69234 115
2.738 116
2.78606 117
2.83773 118
2.87618 119
2.91223 120
2.95669 121
2.99634 122
3.0372 123
3.07925 124
3.12251 125
3.16457 126
3.20302 127
3.25589 128
3.29915 129
3.34961 130
3.39407 131
3.44574 132
3.49381 133
3.54908 134
3.59354 135
3.65001 136
3.7125 137
3.76537 138
3.82425 139
3.88793 140
3.9432 141
4.00088 142
4.06216 143
4.12224 144
4.17992 145
4.24721 146
4.32652 147
4.3914 148
4.48513 149
4.57645 150
4.67258 151
4.7639 152
4.86003 153
4.95375 154
5.05228 155
5.19768 156
5.34067 157
5.53893 158
5.73599 159
5.93305 160
6.16016 161
6.73213 160
6.73333 159.374
6.73453 159.061
6.73573 158.749
6.73693 158.436
6.73813 158.123
6.73934 157.81
6.74054 157.497
6.74174 157.184
6.74294 156.872
6.74414 156.559
6.74534 156.246
6.74655 155.933
6.74775 155.62
6.74895 155.307
6.75015 154.994
6.75135 154.682
6.75255 154.369
6.75375 153
6.75496 152
6.75616 151
6.75736 150
6.75856 149
6.75976 148
6.76096 147
6.76217 146
6.76337 145
6.76457 144
6.76577 143
6.76697 142
6.76817 141
6.76938 140
6.77058 139
6.77178 138
6.77298 137
6.77418 136.169
6.77538 135
6.77659 134
6.77779 133
6.77899 132
6.78019 131
6.78139 130
6.78259 129
6.78379 128
6.785 127
6.7862 126
6.7874 125
6.7886 124
6.7898 123
6.791 122
6.79221 121
6.79341 120
6.79461 119
6.79581 118
6.79701 117
6.79821 116
6.79942 115
6.80062 114
6.80182 113
6.80302 112
6.92918 113
6.946 114
6.97965 115
7.01449 116
7.04934 117
7.08539 118
7.13465 119
7.21036 120
7.27284 121
7.31249 122
7.36056 123
7.41102 124
7.46269 125
7.51316 126
7.56603 127
7.61289 128
7.65735 129
7.70902 130
7.75108 131
7.80515 132
7.846 133
7.90007 134
7.95535 135
8.01182 136
8.0671 137
8.12477 138
8.18125 139
8.23892 140
8.2966 141
8.35308 142
8.41316 143
8.47083 144
8.52971 145
8.60661 146
8.68232 147
8.76883 148
8.83372 149
8.92504 150
9.01996 151
9.11129 152
9.20621 153
9.29994 154
9.41048 155
9.55588 156
9.68445 157
9.88031 158
10.0774 159
10.272 160
10.5196 161
13.2328 162
13.5884 163
13.818 162
13.8192 161.382
13.8204 161.073
13.8216 160.764
13.8228 160.455
13.824 160.146
13.8252 159.837
13.8264 159.528
13.8276 159.218
13.8288 158.91
13.83 158.6
13.8312 158.291
13.8324 157.982
13.8336 157.673
13.8348 157.364
13.836 157.055
13.8372 156.746
13.8384 155
13.8396 154
13.8408 153
13.842 152
13.8432 151
13.8444 150
13.8456 149
13.8468 148
13.848 147
13.8504 146
13.8516 145
13.8528 144
13.854 143
13.8552 142
13.8564 141
13.8576 140
13.8588 139.077
13.86 138.767
13.8612 137
13.8624 136
13.8636 135
13.8648 134
13.866 133
13.8672 132
13.8684 131
13.8696 130
13.8708 129
13.872 128
13.8732 127
13.8744 126
13.8756 125
13.8768 124
13.878 123
13.8792 122
13.8804 121.098
13.8816 120.789
13.8828 119
13.884 118
13.8853 117
13.8877 116
13.8889 115
13.8901 114
14.0186 115
14.0354 116
14.0679 117
14.1027 118
14.1376 119
14.1748 120
14.2121 121
14.2493 122
14.2866 123
14.3238 124
14.3635 125
14.4031 126
14.444 127
14.4836 128
14.5257 129
14.5702 130
14.6134 131
14.6579 132
14.7023 133
14.748 134
14.7973 135
14.8453 136
14.8946 137
14.9451 138
14.9967 139
15.052 140
15.1289 141
15.2214 142
15.3043 143
15.3933 144
15.4762 145
15.5435 146
15.618 147
15.6937 148
15.7754 149
15.8475 150
15.94 151
16.0349 152
16.1298 153
16.2248 154
16.3197 155
16.417 156
16.5131 157
16.6453 158
16.8075 159
17.0034 160
17.2029 161
17.4047 162
17.609 163
17.8169 162
17.8181 161.382
17.8193 161.073
17.8205 160.764
17.8217 160.455
17.8229 160.146
17.8241 159.837
17.8253 159.528
17.8265 159.218
17.8277 158.91
17.8289 158.6
17.8301 158.291
17.8313 157.982
17.8325 157.673
17.8337 157.364
17.8349 157.055
17.8361 156.746
17.8373 155
17.8385 154
17.8397 153
17.8421 152
17.8433 151
17.8445 150
17.8457 149
17.8469 148
17.8481 147
17.8493 146
17.8505 145
17.8517 144
17.8529 143
17.8541 142
17.8553 141
17.8565 140
17.8577 139.077
17.8589 138.767
17.8601 137
17.8613 136
17.8625 135
17.8637 134
17.8649 133
17.8662 132
17.8674 131
17.8686 130
17.8698 129
17.871 128
17.8722 127
17.8734 126
17.8746 125
17.877 124
17.8782 123
17.8794 122
17.8806 121.098
17.8818 120.789
17.883 119
17.8842 118
17.8854 117
17.8866 116
17.8878 115
17.889 114
18.0187 115
18.0356 116
18.068 117
18.1377 118
18.1822 119
18.2495 120
18.2867 121
18.3324 122
18.3816 123
18.4321 124
18.485 125
18.5222 126
18.5703 127
18.6123 128
18.652 129
18.7025 130
18.7481 131
18.7878 132
18.843 133
18.8947 134
18.938 135
18.9956 136
19.0509 137
19.093 138
19.1507 139
19.2083 140
19.266 141
19.3261 142
19.3838 143
19.4438 144
19.5039 145
19.564 146
19.6241 147
19.6962 148
19.7743 149
19.8392 150
19.9317 151
20.0278 152
20.1227 153
20.2189 154
20.315 155
20.4135 156
20.5121 157
20.6442 158
20.8113 159
20.9122 160
21.0191 159
21.0204 158.383
21.0216 158.075
21.0228 157.766
21.024 157.457
21.0252 157.148
21.0264 156.84
21.0276 156.531
21.0288 156.222
21.03 155.914
21.0324 155.605
21.0336 155.297
21.0348 154.988
21.036 154.68
21.0372 154.371
21.0384 154.062
21.0396 153.753
21.0408 153.445
21.042 152
21.0432 151
21.0444 150
21.0456 149
21.0468 148
21.048 147
21.0492 146
21.0504 145
21.0528 144
21.054 143
21.0552 142
21.0564 140
21.0576 139
21.0588 138
21.06 137
21.0612 136
21.0624 135
21.0636 134.244
21.0648 133
21.066 132
21.0672 131
21.0684 130
21.0696 129
21.072 128
21.0732 127
21.0744 126
21.0756 125
21.0768 124
21.078 123
21.0792 122
21.0804 121
21.0816 120
21.0828 119
21.084 118
21.0852 117
21.0864 116.044
21.0876 115
21.0901 114
21.0913 113
21.0925 112
21.1333 111
21.2198 112
21.2799 113
21.3207 114
21.4301 115
21.4926 116
21.5551 117
21.6199 118
21.698 119
21.7737 120
21.8531 121
21.9324 122
22.0153 123
22.0946 124
22.1787 125
22.2616 126
22.3529 127
22.4623 128
22.58 129
22.699 130
22.8552 131
22.9741 132
23.164 133
23.3575 134
23.5593 135
23.8201 136
24.0292 135
24.0304 134.377
24.0328 134.066
24.034 133.754
24.0352 133.443
24.0364 133.131
24.0388 132.819
24.04 132.508
24.0412 132.196
24.0436 131.885
24.0448 131.573
24.0472 130.261
24.0484 129.95
24.0496 129.638
24.0508 129.327
24.0532 129.015
24.0544 128.703
24.0556 128.392
24.0568 128.08
24.0592 127.769
24.0604 127.457
24.0616 126
24.0628 125
24.0652 124
24.0664 123
24.0676 122
24.0688 121
24.0712 120
24.0724 119
24.0736 118
24.0748 117
24.0772 116
24.0784 115
24.0796 114
24.0808 113
24.0832 112
24.0844 111
24.0856 110
24.0868 109
24.0892 108
24.0904 107
24.0916 106.07
24.0929 105.758
24.0953 104
24.0965 103
24.0977 102
24.0989 101
24.1013 100
24.1025 99
24.1037 98
24.1049 97
24.1073 96
24.1085 95
24.243 96
24.2659 97
24.3019 98
24.3692 99
24.4437 100
24.5062 101
24.5518 102
24.5939 103
24.6456 104
24.6984 105
24.7549 106
24.809 107
24.8679 108
24.9255 109
24.9844 110
25.0433 111
25.0914 112
25.1526 113
25.2175 114
25.2788 115
25.3377 116
25.399 117
25.4627 118
25.5275 119
25.5912 120
25.6585 121
25.7258 122
25.7991 123
25.8688 122
25.87 121.376
25.8724 121.064
25.8736 120.752
25.876 120.441
25.8772 120.128
25.8784 119.816
25.8796 119.504
25.882 119.193
25.8832 118.881
25.8856 118.568
25.8868 118.256
25.8892 117.944
25.8904 117.633
25.8928 117.32
25.894 117.008
25.8964 116.696
25.8976 116.385
25.8988 116.073
25.9 115.76
25.9025 115.448
25.9037 115.136
25.9061 114.825
25.9073 113
25.9097 112
25.9109 111
25.9133 110
25.9145 109
25.9169 108
25.9181 107
25.9193 106
25.9205 105
25.9229 104
25.9241 103
25.9265 102
25.9277 101
25.9289 100
25.9325 99
25.9337 98
25.9349 95
25.9373 94
25.9385 93
25.9397 92
25.9421 91
25.9433 90
25.9457 89.261
25.9469 88.9489
25.9493 87
25.9505 86
26.0094 85
26.0118 84
26.0695 86
26.1716 87
26.2533 88
26.3639 89
26.4408 90
26.5201 91
26.6018 92
26.6919 93
26.7856 94
26.8854 95
26.9959 96
27.1161 97
27.229 98
27.3876 99
27.5222 100
27.7205 101
27.9223 102
27.9344 101
27.9368 99.366
27.938 99.0483
27.9416 98.7314
27.9452 98.4137
27.9464 98.0967
27.9488 96.779
27.95 96.462
27.9536 96.1443
27.9572 95.8273
27.9584 95.5097
27.9608 94.1927
27.962 93.875
27.9656 93.558
27.9692 93.241
27.9704 92.9233
27.9728 91.6064
27.974 91.2887
27.9764 90.9717
27.9776 90.654
27.9812 90.337
27.9824 90.0193
27.9848 89.7023
27.9884 89.3847
27.9896 89.0677
27.9933 87.75
27.9945 87.433
27.9981 87.116
28.0005 86
28.0017 85
28.0053 83
28.0065 82
28.0101 81
28.0137 80
28.0149 79
28.0173 77
28.0185 76
28.0221 75
28.0245 74
28.0257 73
28.0293 71
28.0413 70
28.0533 69
28.0641 68
28.1278 71
28.236 72
28.3525 73
28.4366 74
28.5195 75
28.6229 76
28.7226 77
28.8295 78
28.9317 79
29.0819 80
29.2092 81
29.3799 82
29.5625 83
29.7572 84
29.9518 85
30.1886 86
30.2667 85
30.2703 84.364
30.2715 84.0456
30.2763 82.7279
30.2799 82.4095
30.2811 82.0912
30.2859 80.7728
30.2895 80.4551
30.2907 80.1367
30.2955 78.8184
30.2991 78.5
30.3003 78.1823
30.3051 76.864
30.3087 76.5456
30.3099 76.2279
30.3147 74.9095
30.3183 74.5912
30.3195 74.2728
30.3244 72.9551
30.328 72.6367
30.3292 72.3184
30.334 71
30.3376 70.6823
30.3388 70.364
30.3436 69.0456
30.3472 68.7279
30.3484 68.4095
30.352 67.0912
30.3556 66.7728
30.3568 66.4551
30.3616 65.1367
30.3652 64.8184
30.3664 64.5
30.3712 63.1823
30.3748 62
30.376 61
30.3796 60
30.5382 61
30.5983 62
30.692 63
30.7689 64
30.8602 65
30.9203 66
30.9744 67
31.0501 68
31.1198 69
31.1871 70
31.2736 71
31.3433 72
31.4322 73
31.4851 72
31.4911 69.3605
31.4959 69.0401
31.4995 68.7203
31.5007 67.4006
31.5055 66.0801
31.5103 65.7604
31.5115 65.4406
31.5151 64.1202
31.5163 63.8004
31.5199 63.4807
31.5211 63.1602
31.5248 62.8405
31.526 62.52
31.5296 62.2003
31.5308 61.8805
31.5344 61.5601
31.5356 61.2403
31.5392 60.9206
31.5404 60.6001
31.5416 60.2804
31.5452 59.9606
31.5464 59.6402
31.55 59.3204
31.5512 59
31.556 58.6802
31.5572 58.3605
31.5608 58.0401
31.562 57.7203
31.5656 57.4006
31.5668 57.0801
31.5692 56.7604
31.5704 56.4406
31.574 56.1202
31.5752 55.8004
31.5788 55.4807
31.5812 55.1602
31.5848 54.8405
31.586 54.52
31.5896 54.2003
31.5908 53
31.5956 52
31.5969 51
31.6881 52
31.7675 53
31.9369 54
32.0943 55
32.188 56
32.3586 57
32.5365 58
32.6446 59
32.8165 60
33.0003 61
33.3307 62
33.6035 61
33.6047 60.3439
33.6095 60.0159
33.6107 59.6878
33.6167 59.3598
33.6179 59.0318
33.6227 58.7037
33.6239 58.375
33.6299 58.047
33.6311 57.7189
33.6384 57.3909
33.6444 57.0628
33.6516 56.7348
33.6588 55.4068
33.6648 54.0787
33.6708 52.75
33.678 51.422
33.684 50.0939
33.6912 48.7659
33.6972 47.4378
33.7045 46.1098
33.7117 44.7818
33.7189 43
33.7249 42
33.7321 41
33.7345 40
33.7417 39
33.7477 38
33.7549 37
33.7621 36
33.7693 35
33.7741 34
33.7754 33
33.7802 32
33.7994 41
33.8366 42
33.8402 41
33.8486 42
33.8523 41
33.8607 42
33.8655 41
33.8763 42
33.8811 41
33.8883 42
33.8907 41
33.8967 42
33.9027 41
33.9099 42
33.9159 41
33.9231 42
33.928 41
33.9292 42
33.934 41
33.9364 42
33.94 41
33.9424 43
33.9424 44
33.9892 45
34.0565 46
34.131 47
34.2728 48
34.3557 49
34.4434 50
34.5311 51
34.5504 50
34.5564 48.3211
34.5588 47.9814
34.5672 47.6416
34.5756 46.3025
34.5768 45.9627
34.5852 44.6229
34.5864 44.2831
34.596 43.9441
34.5972 43.6043
34.6057 43.2645
34.6069 42.9247
34.6177 42.5849
34.6189 42.2459
34.6285 41.9061
34.6297 41.5663
34.6345 41.2265
34.6357 40.8874
34.6441 40.5477
34.6453 40.2079
34.6465 39.8681
34.6549 39.5283
34.6561 39.1892
34.6657 38.8494
34.6681 38.5097
34.6705 38.1699
34.6778 37.8308
34.679 37.491
34.6874 35
34.7018 34
34.7174 33
34.7426 32
34.7438 31
34.7679 32
34.7763 33
34.7871 34
34.8568 32
34.858 30
34.8688 27
34.8928 28
34.8988 29
34.9109 30
34.9313 31
34.9337 32
35.0082 33
35.0094 34
35.0106 35
35.5311 1
35.988 2
36.074 4
36.1581 6
36.1605 8
36.2422 10
36.2446 12
36.2494 14
36.2518 16
36.3335 18
36.3359 20
36.3407 22
36.3431 24
36.4633 25
36.5126 26
36.658 27
36.8106 28
36.974 29
37.0653 30
37.1747 28
37.1759 27.3128
37.1771 26.9689
37.1999 26.625
37.2011 26.2818
37.2095 23.9378
37.2107 23.5939
37.2119 23.25
37.2131 22.9068
37.2191 21
37.4042 22
37.4414 23
37.6361 24
37.7947 25
37.9629 26
38.0362 27
38.2441 28
38.4267 29
38.7584 30
41.4788 31
41.8224 32
42.0736 33
42.2754 34
42.4365 35
42.5831 36
42.72 37
42.8294 38
42.9387 39
43.0421 40
43.137 41
43.2259 42
43.3064 43
43.3917 44
43.4698 45
43.5371 46
43.602 47
43.6741 48
43.7378 49
43.7967 50
43.8568 51
43.9168 52
43.9745 53
44.0298 54
44.1355 55
44.186 56
44.2845 57
44.335 58
44.3855 57
44.3867 56.3336
44.3879 56
44.3915 55.6671
44.3927 55.3336
44.3951 55
44.3963 54.6671
44.4023 54.3336
44.4035 54
44.4119 53.6671
44.4131 53.3336
44.4215 53
44.4227 52.6671
44.4239 52.3336
44.4251 52
44.4335 51.6671
44.4347 51.3336
44.4419 51
44.4431 50.6671
44.4503 50.3336
44.4516 50
44.4576 49.6671
44.4636 49.3336
44.4648 49
44.4732 47.6671
44.4744 47.3336
44.484 47
44.4852 46.6671
44.4864 46.3336
44.4924 46
44.4936 45.6671
44.502 45.3336
44.5032 45
44.5104 44.6671
44.5116 44.3336
44.5152 44
44.5164 43.6671
44.5225 43.3336
44.5237 43
44.5273 42.6671
44.5285 42.3336
44.5357 42
44.5369 41.6671
44.5381 40
44.5933 39
44.6642 40
44.77 41
44.7928 42
44.8721 43
44.9118 44
45.0235 45
45.1112 46
45.1941 47
45.2891 48
45.3828 49
45.5017 50
45.6183 51
45.7493 52
45.8502 53
46.0401 54
46.2263 55
46.3573 56
46.5459 57
46.9016 58
47.9242 57
47.9254 56.3336
47.9314 56
47.9326 55.6671
47.9362 55.3336
47.9374 55
47.941 54.6671
47.9422 54.3336
47.9458 54
47.947 53.6671
47.9518 53.3336
47.953 53
47.9578 52.6671
47.959 52.3336
47.9626 52
47.9638 51.6671
47.9686 51.3336
47.9698 51
47.9746 50.6671
47.9758 50.3336
47.9794 50
47.9807 49.6671
47.9855 49.3336
47.9867 49
47.9915 48.6671
47.9927 48.3336
47.9963 48
47.9975 47.6671
48.0023 47.3336
48.0035 47
48.0083 46.6671
48.0095 46.3336
48.0131 46
48.0143 45.6671
48.0191 45.3336
48.0203 45
48.0263 44.6671
48.0287 44.3336
48.0347 44
48.0359 43.6671
48.0407 43.3336
48.0419 43
48.0491 42.6671
48.0503 42.3336
48.0564 42
48.0576 41.6671
48.0636 40
48.1044 41
48.114 42
48.1765 43
48.2462 44
48.3267 45
48.3988 46
48.4889 47
48.5718 48
48.6692 49
48.7677 50
48.8758 51
48.9984 52
49.1258 53
49.2712 54
49.4358 55
49.5043 54
49.5055 52.3336
49.5115 51
49.5127 50.6671
49.5151 50.3336
49.5163 50
49.5211 49.6671
49.5223 49.3336
49.5283 49
49.5295 48.6671
49.5343 48.3336
49.5355 48
49.5403 47.6671
49.5415 47.3336
49.5464 47
49.5488 46.6671
49.5536 46.3336
49.5548 46
49.5584 45.6671
49.5596 45.3336
49.5644 45
49.5656 44.6671
49.5704 44.3336
49.5716 44
49.5764 43.6671
49.5788 43.3336
49.5836 43
49.5848 42.6671
49.5908 42.3336
49.592 42
49.5992 41.6671
49.6004 41.3336
49.6076 41
49.6088 40.6671
49.616 40.3336
49.6172 40
49.6184 39.6671
49.6245 38
49.6941 39
49.7422 40
49.8732 41
50.0186 42
50.188 43
50.3814 44
50.6326 45
50.9834 46
52.6597 45
52.6609 44.3336
52.6669 44
52.6681 43.6671
52.6741 43.3336
52.6753 43
52.6801 42.6671
52.6813 42.3336
52.6861 42
52.6885 41.6671
52.6933 41.3336
52.6945 41
52.7005 40.6671
52.7017 40.3336
52.7065 40
52.7077 39.6671
52.7138 39.3336
52.715 39
52.7198 38.6671
52.721 38.3336
52.7282 38
52.7294 37.6671
52.7342 37.3336
52.7366 37
52.7414 36.6671
52.7426 36.3336
52.7498 36
52.751 35.6671
52.757 35.3336
52.7582 35
52.7666 34.6671
52.7678 34.3336
52.7774 34
52.7786 33.6671
52.7871 32
52.8375 33
52.8507 34
52.93 35
53.0202 36
53.1211 37
53.2244 38
53.3242 39
53.4515 40
53.5717 41
53.7243 42
53.8865 43
54.0836 44
54.2314 42
54.2374 40.3046
54.2386 39.9572
54.247 39.6091
54.2482 39.261
54.253 38.9137
54.2542 38.5656
54.2602 38.2175
54.2614 37.8702
54.2674 37.5221
54.2686 37.174
54.2758 36.8267
54.277 36.4786
54.2782 36.1305
54.2843 35.7831
54.2855 35.4351
54.2903 35.087
54.2915 34.7396
54.2975 34.3916
54.2987 34.0435
54.3059 33.6961
54.3071 33.3481
54.3131 33
54.3143 32.6526
54.3215 32.3046
54.3227 31.9572
54.3311 30
54.4272 31
54.4897 32
54.6387 33
54.8069 34
55.004 35
55.2431 36
55.5964 37
55.8103 36
55.8115 35.2825
55.8199 33.9233
55.8211 33.5642
55.8271 33.2058
55.8283 32.8467
55.8355 32.4876
55.8367 32.1285
55.8451 31.7693
55.8463 31.4109
55.8547 31.0518
55.8559 30.6927
55.8644 30.3336
55.8656 29.9744
55.874 29.616
55.8752 29.2569
55.8836 28.8978
55.8848 28.5387
55.8908 28.1796
55.892 27.8211
55.9028 27.462
55.904 27.1029
55.9172 26.7438
55.9184 25
55.9977 26
56.023 27
56.1143 28
56.2176 29
56.3209 30
56.4507 31
56.5709 32
56.7127 33
56.8965 34
57.1056 35
57.3531 36
57.7028 37
60.4208 38
60.7741 39
61.0216 40
61.2187 41
61.3845 42
61.5275 43
61.6633 44
61.775 45
61.888 46
61.9877 47
62.079 48
62.1667 49
62.2544 50
62.3326 51
62.4095 52
62.484 53
62.5536 54
62.6209 55
62.6822 56
62.7459 57
62.8048 58
62.8661 59
62.9225 60
62.9766 61
63.0295 62
63.0848 63
63.1352 64
63.1809 65
63.235 66
63.277 67
63.3263 68
63.3719 69
63.4164 70
63.4597 71
63.4993 72
63.5438 73
63.5834 74
63.6243 75
63.6663 76
63.7012 77
63.742 78
63.7793 79
63.8153 80
63.8514 81
63.8886 82
63.9259 83
63.9595 84
63.992 85
64.0268 86
64.0941 87
64.1446 88
64.1974 89
64.2551 90
64.302 91
64.3284 92
64.3705 93
64.4161 94
64.4594 95
64.4894 96
64.5087 97
64.5423 98
64.5783 99
64.6168 100
64.6552 101
64.6745 102
64.6937 103
64.7249 104
64.7586 105
64.7874 106
64.8235 107
64.8523 108
64.8715 109
64.8884 110
64.9172 111
64.946 112
64.9821 113
65.0109 114
65.0398 115
65.059 116
65.0758 117
65.0974 118
65.1239 119
65.1479 120
65.1864 121
65.1948 120
65.196 119.366
65.1996 119.049
65.2008 118.732
65.202 118.415
65.2032 118.098
65.2068 117.781
65.208 117.464
65.2116 117.146
65.2128 116.829
65.214 116.512
65.2164 116.195
65.2176 115.878
65.2212 115.561
65.2224 115.244
65.226 114.927
65.2272 114.61
65.2284 114.293
65.2296 113.976
65.2332 113.659
65.2344 113.342
65.2368 113.025
65.238 112.708
65.2404 112.391
65.2416 111
65.2428 110
65.2464 109
65.2477 108
65.2489 107
65.2501 105
65.2513 104
65.2525 103
65.2537 102
65.2549 101
65.2561 100
65.2573 99
65.2585 98
65.2597 97
65.2609 96
65.2621 95
65.2633 94
65.2645 93
65.2657 92
65.2669 90
65.2681 89
65.2693 88
65.2705 87
65.2717 86.1271
65.2729 85
65.2741 84
65.2837 83
65.3955 84
65.4447 85
65.4831 86
65.5288 87
65.5949 88
65.6586 89
65.709 90
65.7535 91
65.8016 92
65.8592 93
65.9169 94
65.9674 95
66.0335 96
66.0876 97
66.1356 98
66.1921 99
66.2498 100
66.3002 101
66.3675 102
66.4336 103
66.4973 104
66.5778 105
66.6415 106
66.7316 107
66.7917 108
66.8758 109
66.9683 110
67.0536 111
67.1474 112
67.2363 113
67.3264 114
67.4562 115
67.5355 116
67.6797 117
67.8491 118
68.039 119
68.2216 118
68.2228 117.372
68.2252 117.058
68.2276 116.744
68.2288 116.43
68.2312 115.116
68.2324 114.802
68.2348 114.488
68.236 114.174
68.2384 113.86
68.2396 113.546
68.242 113.232
68.2444 111.918
68.2469 110.604
68.2481 110.289
68.2505 108.976
68.2517 108.662
68.2529 108.347
68.2541 108.033
68.2565 107.72
68.2601 107.405
68.2613 107.091
68.2637 105.777
68.2649 105.463
68.2661 104
68.2673 103
68.2697 102
68.2709 101
68.2733 100
68.2745 99
68.2769 98
68.2781 97
68.2793 96
68.2817 94
68.2829 93
68.2841 92
68.2853 91
68.2877 90
68.2889 89
68.2913 88
68.2925 87
68.2937 86
68.2949 85
68.2973 84
68.2985 83
68.4499 84
68.4739 85
68.552 86
68.6938 87
68.7707 88
68.856 89
68.945 90
69.0231 91
69.1396 92
69.2502 93
69.3487 94
69.4953 95
69.6227 96
69.7969 97
69.9819 98
70.1694 99
70.358 100
70.6044 101
70.7894 100
70.7906 99.3598
70.793 99.0394
70.7966 98.7189
70.7978 98.3985
70.8002 97.078
70.8014 96.7576
70.8051 96.4372
70.8063 96.1167
70.8075 95.7963
70.8099 95.4758
70.8123 95.1554
70.8135 94.8356
70.8171 93.5152
70.8195 93.1948
70.8207 92.8743
70.8243 91.5539
70.8255 91.2334
70.8279 90.913
70.8291 90.5925
70.8327 90.2721
70.8351 89.9517
70.8363 89.6312
70.8399 88.3108
70.8411 87.9903
70.8435 87.6706
70.8447 87.3501
70.8471 87.0297
70.8483 86.7093
70.8495 85
70.8507 84
70.8531 83
70.8543 82
70.8567 81
70.8579 80
70.8603 79
70.8615 78
70.8639 77
70.8651 76
70.8675 75
70.8687 74
70.8711 73
70.8723 72
70.8748 71
70.876 70
71.0105 71
71.0153 72
71.061 73
71.1571 74
71.2088 75
71.2616 76
71.3157 77
71.3938 78
71.4719 79
71.5464 80
71.6053 81
71.675 82
71.7435 83
71.7976 84
71.8829 85
71.9514 86
72.0391 87
72.0932 88
72.1833 89
72.2734 90
72.3671 91
72.4632 92
72.563 93
72.6603 94
72.7648 95
72.873 94
72.8742 93.3612
72.8778 93.0414
72.879 92.7217
72.8826 92.4026
72.8838 92.0829
72.8862 91.7631
72.8874 91.4434
72.891 91.1243
72.8922 90.8046
72.8958 90.4848
72.897 90.1651
72.8994 89.846
72.9006 89.5262
72.9042 89.2065
72.9054 88.8867
72.909 88.5677
72.9102 88.2479
72.9126 87.9282
72.9139 87.6084
72.9175 87.2887
72.9187 86.9696
72.9223 86.6499
72.9235 86.3301
72.9259 86.0104
72.9271 85.6913
72.9307 85.3715
72.9319 85.0518
72.9355 84.732
72.9367 84.413
72.9391 84.0932
72.9403 83
72.9439 82
72.9451 81
72.9487 80
72.9499 79
72.9523 78
72.9535 77
72.9571 76
72.9583 75
72.9619 74
72.9631 73
72.9655 72
72.9667 71
72.9679 70
72.9715 69
72.9751 68
72.9763 67
72.9799 66
72.9884 65
73.0028 64
73.0112 63
73.0196 62
73.028 61
73.0364 60
73.0496 59
73.0617 58
73.0641 57
73.0725 56
73.0749 66
73.2215 67
73.3116 68
73.4329 69
73.5134 70
73.6264 71
73.7345 72
73.8355 73
73.9809 74
74.1118 75
74.2945 76
74.3918 77
74.5805 78
74.7775 79
74.9926 78
74.995 77.3584
74.9986 77.0373
74.9998 76.7162
75.0034 76.3957
75.0046 76.0746
75.0094 75.7535
75.0106 75.4323
75.0142 75.1112
75.0154 74.7907
75.0191 74.4696
75.0215 74.1485
75.0251 73.8273
75.0263 73.5062
75.0299 73.1858
75.0311 72.8646
75.0359 72.5435
75.0371 72.2224
75.0407 71.9012
75.0419 71.5808
75.0455 71.2597
75.0467 70.9385
75.0503 70.6174
75.0515 70.297
75.0563 69.9758
75.0575 69.6547
75.0611 69.3336
75.0623 69.0124
75.0659 68.692
75.0671 68.3709
75.0707 68.0497
75.0719 67.7286
75.0767 67.4075
75.0803 67.087
75.0815 66.7659
75.0864 65.4448
75.0876 65.1236
75.0912 64
75.0924 63
75.096 62
75.0972 61
75.102 60
75.1032 59
75.108 58
75.1092 57
75.114 56
75.1152 55
75.1308 54
75.1404 53
75.1452 52
75.1561 51
75.1609 50
75.1717 49
75.1849 48
75.1861 47
75.1897 46
75.1945 55
75.2065 54
75.2714 55
75.3687 56
75.4156 57
75.5093 58
75.6763 59
75.8385 60
75.9395 61
76.1149 62
76.2315 63
76.2771 62
76.2783 60.3543
76.2844 59.0311
76.2856 58.7079
76.2904 58.3847
76.2916 58.0622
76.2952 57.739
76.2964 57.4157
76.3 57.0925
76.3012 56.7693
76.306 56.4468
76.3072 56.1236
76.3108 55.8004
76.3132 55.4772
76.3144 55.154
76.318 54.8308
76.3192 54.5083
76.3228 54.1851
76.324 53.8619
76.3288 53.5387
76.33 53.2155
76.3348 52.893
76.336 52.5698
76.3408 52.2465
76.342 51.9233
76.3456 51.6001
76.3468 51.2769
76.3528 50.9544
76.354 50.6312
76.3577 50.308
76.3589 49.9848
76.3637 49.6616
76.3649 49.3391
76.3685 49.0159
76.3697 48.6927
76.3745 48.3695
76.3757 48.0463
76.3805 47.7238
76.3829 47.4006
76.3865 47.0773
76.3877 46.7541
76.3913 46.4309
76.3925 46.1077
76.3973 45.7852
76.3985 44
76.4658 45
76.5403 46
76.7085 47
76.8803 48
77.0485 49
77.2264 50
77.4018 51
77.5833 52
77.8897 53
78.3078 51
78.3151 49.346
78.3223 48.0186
78.3307 46.6913
78.3379 45.364
78.3439 44.0366
78.3511 42.7093
78.3643 41.3819
78.3727 40.0546
78.3799 37
78.3872 36
78.3884 35
78.3932 34
78.4821 37
78.5806 38
78.6142 39
78.6851 40
78.7668 41
78.8497 42
78.9423 43
79.0372 44
79.173 45
79.4085 40
79.4169 35.3198
79.4205 33.9793
79.4277 31
79.4289 30
79.4349 29
79.5827 31
79.6548 32
79.7485 33
79.8879 34
80.0538 35
80.2604 36
80.5031 37
80.8588 38
81.2301 37
81.2313 36.3004
81.2554 35.9503
81.2578 35.6001
81.3551 33.25
81.3563 31.9006
81.3635 14
81.4152 18
81.5161 19
81.5245 18
81.5269 19
81.5353 18
81.5377 19
81.5449 18
81.5473 19
81.5558 18
81.5582 19
81.569 18
81.5714 19
81.575 18
81.5834 19
81.5846 18
81.587 19
81.5882 18
81.5894 19
81.6062 18
81.6194 19
81.6206 26
81.6206 27
81.6675 28
81.7708 29
81.8718 30
81.9811 31
82.0989 32
82.2202 33
82.3007 28
82.3128 27.3149
82.314 26.9717
82.3212 26.6291
82.3224 26.2859
82.3332 25.9434
82.3344 25.6001
82.3476 25.2576
82.3488 24.9144
82.3596 23
82.5387 24
82.6841 25
82.8607 26
83.1202 27
83.4687 28
84.114 26
84.1224 17
84.2858 18
84.2942 19
84.2978 18
84.305 19
84.3074 18
84.3182 19
84.3206 18
84.3315 19
84.3339 18
84.3435 19
84.3471 20
84.454 21
84.5561 22
84.6727 23
84.8085 24
84.9755 25
85.1678 26
85.4237 27
85.8251 26
85.8659 25.2417
85.8671 13
85.8755 12
85.9981 14
86.0377 15
86.0473 14
86.0497 15
86.0582 14
86.0606 15
86.0714 14
86.0738 15
86.0846 14
86.087 15
86.0966 14
86.1002 15
86.1723 14
86.1735 18
86.1735 19
86.391 20
86.5796 21
86.9389 22
87.583 14
87.762 15
87.8077 16
87.9242 17
88.0408 18
88.2727 19
88.4169 20
88.6596 21
89.0081 22
89.27 21
89.2712 20.25
89.2833 18.875
89.2845 18.5
89.2953 18.125
89.2965 17.75
89.3085 17.375
89.3097 17
89.3193 16.625
89.3205 15
89.4683 16
89.5764 17
89.7218 18
89.8696 19
90.0631 20
90.3166 21
90.6675 22
91.8198 17
91.821 16.25
91.833 15
92.0349 16
92.1358 17
92.286 18
92.4699 19
92.6309 20
92.894 21
93.2377 22
94.3035 16
94.3047 15
94.5282 16
94.6292 17
94.7589 18
94.9704 19
95.1266 20
95.4042 21
95.7298 22
95.9906 21
95.9918 20.25
96.005 19.875
96.0062 19.5
96.0146 19.125
96.0158 18.75
96.0326 18.375
96.0338 18
96.0615 17.625
96.0627 17.25
96.0987 16.875
96.1011 15
96.1768 16
96.2838 17
96.464 18
96.5878 19
96.8353 14
96.8365 13
97.0432 14
97.251 15
97.632 16
