0.0201114 10
0.0416094 11
0.0464158 13
0.0512222 15
0.0560286 17
0.060835 19
0.0704478 21
0.0752542 23
0.0800606 25
0.084867 27
0.0896734 29
0.450153 29.0511
1.64935 17.7058
2.35829 12.9151
2.40997 12
2.40997 11
2.40997 12
2.55295 12.9151
2.55295 11.3218
2.55295 10.4779
2.90502 12.4779
2.94828 10.4779
3.33159 12.4779
3.40128 10.4503
3.77618 7.86326
3.83025 9.86326
3.8615 7.86326
4.37458 7.56008
4.40342 9.56008
4.43586 7.56008
4.92972 9.56008
4.96697 7.56008
5.38152 9.56008
5.50528 7.04213
5.92825 8.48757
5.9703 6.48757
6.46056 8.48757
6.57591 6.48757
6.85588 6.37224
7.02531 8.37224
7.08419 6.37224
7.50355 8.37224
7.56242 6.37224
7.73305 6.15746
8.01423 8.15746
8.08512 6.15746
8.57297 8.15746
8.64386 6.15746
8.78085 6.0732
9.15935 8.0732
9.23505 6.0732
9.43932 6.04558
9.76976 8.04558
9.84667 6.04558
10.0569 8.04558
10.0569 4
10.1591 6
10.1591 4
10.2336 6
10.2336 4
10.391 12.9151
10.391 14.9151
10.4691 15.172
10.8981 17.172
11.5782 16.6043
12.2366 16.5635
14.0306 16.1713
14.0547 18.1333
14.1292 18.1229
14.2049 17.8564
14.2722 17.6112
14.3394 17.4151
14.4043 17.25
14.4704 17.1112
14.5377 17.009
14.605 16.9378
14.6711 16.8874
14.736 16.8439
14.8021 16.8184
14.8694 16.8149
16.1815 16.0912
16.3101 16.1333
18.0608 17.7797
18.5066 17.7293
18.5667 17.6367
18.6256 17.5552
18.688 17.518
18.7469 17.4793
18.807 17.4586
19.7671 19.4586
19.8284 19.759
20.637 21.759
20.6851 22.7914
21.0708 24.7914
21.1093 25.4917
21.2366 25.8564
21.2787 27.2314
21.3135 27.7493
21.3808 27.6146
21.4097 27.2169
21.4421 26.8688
21.4745 26.5912
21.5034 26.3343
21.5346 26.1236
21.5635 26.1554
21.5935 25.9917
21.6247 25.8764
21.6548 26.0256
21.686 28.0256
21.7161 29.7079
21.7449 29.6326
21.7749 29.5829
21.8038 29.5401
21.8627 29.529
21.8867 29.509
21.9107 29.4917
21.9624 31.4917
21.9864 31.7548
22.1763 31.9116
22.1991 32.0704
22.2231 34.0704
22.2448 35.6519
22.4599 37.6519
22.4791 38.047
22.5932 38.6291
22.6149 40.6291
22.6341 42.1436
22.8095 44.1436
22.8263 44.2604
22.9213 46.2604
22.9369 47.6478
23.0739 49.6478
23.0883 50.511
23.188 52.511
23.2 52.7686
23.2938 54.7686
23.3082 55.7541
23.3959 53.7541
23.4079 55.7541
23.4199 57.0041
23.5041 59.0041
23.5161 59.6229
23.5966 61.6229
23.611 62.183
24.368 64.183
24.38 65.5463
24.3908 65.386
24.4028 65.0069
24.4101 64.4959
24.4185 63.9137
24.4305 63.4047
24.4425 62.9593
24.4557 62.6146
24.4677 62.3128
24.4798 62.0932
24.4918 61.9019
24.5038 61.7334
24.5158 61.587
24.529 61.5477
24.5386 63.424
24.5506 63.3612
24.5603 63.2604
24.5723 63.2175
24.5819 63.0456
24.5951 63.0297
24.7273 63.1526
24.7669 64.0249
24.7934 64.4178
24.8138 66.4178
24.8234 68.0062
24.8522 69.8612
24.9556 71.8612
24.9628 73.3536
24.9724 74.2562
25.0265 75.0193
25.0613 73.0193
25.0854 75.0193
25.0938 75.4993
25.1514 77.4993
25.1587 77.9151
25.1935 79.9151
25.2007 80.2707
25.2476 81.616
26.1572 83.616
26.2401 85.1796
26.3326 87.1796
26.3374 89.0884
26.3663 91.0884
26.3735 92.4309
26.3879 93.1008
26.4348 93.7251
26.4636 94.9468
26.502 95.5704
26.5093 97.5704
26.5141 99.261
26.5213 100.588
26.5609 100.952
26.5874 101.929
26.6042 102.575
26.6246 100.575
26.6366 102.132
26.6847 104.132
26.6895 105.601
26.7195 106.367
26.7604 108.367
26.7652 108.403
26.8 109.724
27.7 111.724
27.8574 109.724
27.9271 110.273
27.944 110.885
27.9512 112.885
27.9548 113.911
27.9788 114.15
27.98 64
27.98 63
27.98 64
28.1266 65
28.129 66
28.1314 67
28.1338 68
28.1362 69
28.1386 70
28.141 71
28.1446 72
28.1458 73
28.1482 74
28.1506 75
28.1543 76
28.1566 114.15
28.1566 11.3218
28.1566 12.3218
28.1615 14.3218
28.1675 16.3218
28.1711 18.3218
28.1735 20.3218
28.1759 22.3218
28.1783 24.3218
28.1807 26.3218
28.1843 28.3218
28.1891 30.3218
28.1939 32.3218
28.1987 34.3218
28.2035 36.3218
28.2083 38.3218
28.2143 40.3218
28.2203 42.3218
28.2263 44.3218
28.2311 46.3218
28.2384 48.3218
28.2432 50.3218
28.2492 52.3218
28.2552 54.3218
28.2612 56.3218
28.266 58.3218
28.272 60.3218
28.278 62.3218
28.2852 64.3218
28.2936 66.3218
28.2984 68.3218
28.3044 70.3218
28.3092 72.3218
28.3141 74.3218
28.3393 76.3218
28.3465 78.3218
28.3513 80.3218
28.3561 82.3218
28.3621 84.3218
28.3693 86.3218
28.3741 88.3218
28.3789 90.3218
28.3862 92.3218
28.391 94.3218
28.3958 96.3218
28.4006 98.3218
28.4078 100.322
28.4126 102.322
28.4186 104.322
28.4246 106.322
28.4294 108.322
28.4342 110.322
28.4414 112.322
28.4462 112.687
28.451 112.677
28.8992 114.677
29.0422 112.677
29.1372 114.664
29.1588 116.247
29.1732 116.361
29.202 118.361
29.2068 118.573
29.2165 120.038
30.0299 122.038
30.1729 120.038
30.2691 120.088
30.2775 120.757
30.2823 122.757
30.2847 123.449
30.3015 125.449
30.3039 126.141
30.3207 128.141
30.3231 128.833
30.34 130.833
30.3424 131.525
30.3544 133.47
30.37 134.217
30.3736 136.217
30.3784 136.909
31.1655 138.909
31.306 136.909
31.4394 137.294
31.4586 138.461
31.4707 139.601
31.4779 141.184
31.4875 143.184
31.4899 143.908
31.5019 144.985
31.5079 146.037
31.8083 146.066
31.8167 146.458
31.8191 146.633
31.8311 147.106
31.8359 147.217
31.8492 147.586
31.8576 147.622
31.9621 147.658
31.991 147.664
32.0823 148.239
32.1051 148.701
32.2962 150.701
32.4367 148.701
32.5088 149.122
32.5161 151.056
32.5329 152.188
32.599 152.715
32.6182 154.715
32.6206 155.555
33.4257 157.555
33.5687 155.555
33.6576 156.635
33.6612 158.635
33.6636 159.343
33.6672 160.251
33.6792 162.251
33.6816 162.974
33.6876 163.829
33.6936 165.698
33.7056 167.698
33.708 168.422
33.7201 170.422
33.7225 171.146
33.7357 173.146
33.7381 173.869
33.7441 175.589
33.7561 177.589
33.7585 178.297
33.7705 180.297
33.7729 181.005
34.5576 183.005
34.6501 142
34.6501 141
34.6501 142
34.8183 143
34.8195 144
34.8207 145
34.8219 146
34.8231 147
34.8243 148
34.8255 149
34.8267 150
34.8279 151
34.8291 152
34.8303 153
34.8327 154
34.8339 155
34.8351 156
34.8363 157
34.8375 158
34.8388 159
34.84 160
34.8412 161
34.8424 162
34.8436 163
34.8448 164
34.846 165
34.8472 166
34.8484 167
34.8496 168
34.8508 169
34.852 183.005
34.852 11.3218
34.852 12.3218
34.8544 14.3218
34.8592 16.3218
34.8616 18.3218
34.864 20.3218
34.8664 22.3218
34.87 24.3218
34.8736 26.3218
34.876 28.3218
34.8796 30.3218
34.882 32.3218
34.8844 34.3218
34.8868 36.3218
34.8892 38.3218
34.8916 40.3218
34.8964 42.3218
34.9 44.3218
34.9024 46.3218
34.9072 48.3218
34.9096 50.3218
34.9144 52.3218
34.9168 54.3218
34.9205 56.3218
34.9241 58.3218
34.9277 60.3218
34.9301 62.3218
34.9349 64.3218
34.9373 66.3218
34.9409 68.3218
34.9433 70.3218
34.9457 72.3218
34.9481 74.3218
34.9517 76.3218
34.9541 78.3218
34.9577 80.3218
34.9601 82.3218
34.9637 84.3218
34.9661 86.3218
34.9685 88.3218
34.9709 90.3218
34.9733 92.3218
34.9769 94.3218
34.9793 96.3218
34.9817 98.3218
34.9841 100.322
34.9865 102.322
34.9889 104.322
34.9925 106.322
34.995 108.322
34.9974 110.322
34.9998 112.322
35.0022 114.322
35.0046 116.322
35.007 118.322
35.0274 120.322
35.031 122.322
35.0346 124.322
35.037 126.322
35.0406 128.322
35.043 130.322
35.0454 132.322
35.0478 134.322
35.0514 136.322
35.0538 138.322
35.0574 140.322
35.0598 142.322
35.0634 144.322
35.0658 146.322
35.0682 148.322
35.0707 150.322
35.0731 152.322
35.0767 154.322
35.0791 155.351
35.0815 154.273
35.0839 153.153
35.0863 152.351
35.0887 151.471
35.0923 150.879
35.0947 150.183
35.0971 149.575
35.0995 148.865
35.1019 148.244
35.1043 147.701
35.1127 147.628
35.1151 147.517
35.4888 149.517
35.5909 147.517
35.7123 147.673
35.7195 149.673
35.7219 150.416
35.7315 151.955
35.7411 153.16
35.7435 154.384
35.746 155.345
35.7508 156.631
35.7556 158.631
35.758 159.267
35.7628 160.411
35.8937 160.327
35.8962 160.037
35.8986 159.784
35.901 159.369
35.9034 159.006
35.9058 158.688
35.9082 158.41
35.9106 158.167
35.913 157.761
35.9154 157.599
35.9178 157.264
35.9202 156.971
35.9226 156.714
35.925 156.296
35.9274 156.124
35.9298 155.78
35.9322 155.883
35.9346 155.618
35.937 155.387
35.9394 155.185
35.9418 155.668
35.9442 155.494
35.9466 155.209
35.949 154.959
35.9514 154.74
35.9538 154.354
35.9562 154.211
35.9586 153.891
35.961 153.61
35.9634 153.891
35.9658 153.48
35.9682 153.316
35.9707 152.977
35.9731 152.68
35.9755 152.421
35.9779 151.998
35.9803 151.823
35.9827 151.475
35.9851 151.171
35.9875 150.904
35.9899 150.475
35.9923 150.296
35.9947 149.943
35.9971 149.829
35.9995 149.535
36.0019 149.081
36.0043 148.88
36.0067 148.557
36.0091 148.427
36.0115 148.119
36.0139 147.653
36.0163 147.44
36.0187 147.059
36.0211 146.921
36.0235 146.604
36.0259 146.131
36.0283 145.914
36.0307 145.527
36.0331 145.385
36.0355 145.218
36.0379 144.974
36.0403 144.764
36.0427 144.353
36.0452 144.189
36.0476 143.85
36.05 143.553
36.0524 143.294
36.0548 143.066
36.0572 142.867
36.0596 142.693
36.062 142.345
36.0644 142.534
36.0668 142.316
36.0692 142.131
36.0716 141.976
36.0764 142.026
36.0788 142.045
36.11 141.867
36.1124 141.709
36.1148 141.374
36.1172 141.279
36.1196 140.998
36.1221 140.949
36.1245 140.709
36.1269 140.5
36.1293 140.316
36.1317 140.155
36.1341 140.015
36.1365 139.695
36.1389 139.415
36.1413 139.17
36.1437 138.956
36.1461 138.768
36.1485 138.604
36.1509 138.263
36.1533 138.162
36.1557 137.876
36.1629 139.876
36.1653 140.982
36.2542 142.982
36.2566 143.363
36.3456 141.363
36.95 143.363
37.0353 141.363
37.6385 143.363
37.725 141.363
38.0638 125.468
38.333 127.468
38.4195 125.468
39.0263 127.468
39.1152 125.468
39.5334 122.582
39.7184 124.582
39.805 122.582
40.0717 119.338
40.4154 121.338
40.5043 119.338
41.1099 121.338
41.1964 119.338
41.8032 121.338
41.8056 119.206
41.8897 117.206
42.3151 116.827
42.4989 118.827
42.5855 116.827
43.1923 118.827
43.28 116.827
43.775 114.195
43.8808 116.195
43.9685 114.195
44.5417 112
44.5417 111
44.5417 112
44.5777 108.687
44.6582 106.687
44.7231 114.195
44.7231 11.3218
44.7231 12.3218
44.7279 14.3218
44.7303 16.3218
44.7351 18.3218
44.7375 20.3218
44.7399 22.3218
44.7447 24.3218
44.7471 26.3218
44.7519 28.3218
44.7543 30.3218
44.7604 32.3218
44.7652 34.3218
44.7688 36.3218
44.7724 38.3218
44.7748 40.3218
44.7796 42.3218
44.782 44.3218
44.7844 46.3218
44.788 48.3218
44.7904 50.3218
44.794 52.3218
44.7988 54.3218
44.8012 56.3218
44.8036 58.3218
44.8072 60.3218
44.8096 62.3218
44.8132 64.3218
44.8156 66.3218
44.8192 68.3218
44.8228 70.3218
44.8252 72.3218
44.8276 74.3218
44.83 76.3218
44.8349 78.3218
44.8397 80.3218
44.8421 82.3218
44.8457 84.3218
44.8493 86.3218
44.8529 88.3218
44.8553 90.3218
44.8601 92.3218
44.8625 94.3218
44.8661 96.3218
44.8697 98.3218
44.8733 100.322
44.8781 102.322
44.8805 104.322
44.8841 106.322
44.9142 106.687
45.265 108.687
45.3515 106.687
45.551 105.432
45.7312 102.102
45.9523 104.102
46.0377 102.102
46.1578 104.102
46.1578 4
46.1602 6
46.1602 4
46.1626 6
46.1626 4
46.1674 6
46.1674 4
46.1698 6
46.1698 4
46.1746 6
46.1746 4
46.177 6
46.177 4
46.1794 6
46.1794 4
46.1843 6
46.1843 4
46.1891 6
46.1891 4
46.1915 6
46.1915 4
46.1963 6
46.1963 4
46.1987 6
46.1987 4
46.2011 6
46.2011 4
46.2059 6
46.2059 4
46.2083 6
46.2083 4
46.2131 6
46.2131 4
46.2155 6
46.2155 4
46.2179 6
46.2179 4
46.2227 6
46.2227 4
46.2287 6
46.2287 4
46.2335 6
46.2335 4
46.2383 6
46.2383 4
46.2407 6
46.2407 4
46.2455 6
46.2455 4
46.2503 6
46.2503 4
46.2527 6
46.2527 4
46.2575 6
46.2575 4
46.26 6
46.26 4
46.2648 6
46.2648 4
46.2696 6
46.2696 4
46.2744 6
46.2744 4
46.2792 6
46.2792 4
46.2816 6
46.2816 4
46.2864 6
46.2864 4
46.2888 6
46.2888 4
46.296 6
46.296 4
46.2984 6
46.2984 4
46.3032 6
46.3032 4
46.308 6
46.308 4
46.3104 6
46.3104 4
46.3128 6
46.3128 4
46.3176 6
46.3176 4
46.32 6
46.32 4
46.3248 6
46.3248 4
46.3272 6
46.3272 4
46.332 6
46.332 4
46.3981 6
46.3981 4
46.4029 6
46.4029 4
46.4714 6
46.4714 4
46.4762 6
46.4762 4
46.5435 114.195
46.5435 116.195
46.5483 118.195
46.6156 120.195
46.6216 122.195
46.6264 124.195
46.6336 126.195
46.6385 125.561
46.6433 122.446
46.6505 120.153
46.6553 118.434
46.6625 117.363
46.6673 116.713
46.6745 116.576
46.8475 118.576
46.8884 116.55
46.9485 114.55
47.2525 109.137
47.4736 109.168
47.6418 111.168
47.7403 109.168
47.8521 109.855
47.8701 110.525
48.2246 111.591
48.2822 111.613
48.3135 112.724
48.4336 114.724
48.531 112.724
48.5382 114.023
48.6499 114.682
48.6992 116.001
49.2147 118.001
49.3144 116.001
49.4971 99
49.4971 98
49.4971 99
49.604 100
49.6052 101
49.6064 102
49.61 103
49.6112 104
49.6124 105
49.6136 106
49.6148 107
49.6196 108
49.6208 109
49.622 110
49.6232 111
49.6268 112
49.628 113
49.6292 114
49.6304 115
49.6316 116
49.6353 116.572
49.6785 11.3218
49.6785 12.3218
49.6809 14.3218
49.6845 16.3218
49.6881 18.3218
49.6917 20.3218
49.6965 22.3218
49.6989 24.3218
49.7025 26.3218
49.7061 28.3218
49.7085 30.3218
49.7134 32.3218
49.7158 34.3218
49.7194 36.3218
49.723 38.3218
49.7254 40.3218
49.7302 42.3218
49.7338 44.3218
49.7362 46.3218
49.7398 48.3218
49.7446 50.3218
49.747 52.3218
49.7506 54.3218
49.753 56.3218
49.7566 58.3218
49.7602 60.3218
49.7638 62.3218
49.7662 64.3218
49.7698 66.3218
49.7722 68.3218
49.7758 70.3218
49.7782 72.3218
49.7806 74.3218
49.7854 76.3218
49.7878 78.3218
49.7915 80.3218
49.7939 82.3218
49.7975 84.3218
49.8011 86.3218
49.8035 88.3218
49.8071 90.3218
49.8107 92.3218
49.8143 94.3218
49.8191 96.3218
49.8227 98.3218
49.8263 100.322
49.8299 102.322
49.8323 104.322
49.8347 106.322
49.8383 108.322
49.8419 110.322
49.8684 112.322
49.8708 114.322
49.8756 116.322
49.878 116.572
50.0041 118.572
50.1051 116.572
50.7912 118.572
50.8885 116.572
50.9967 116.921
51.0159 117.595
51.0591 119.512
51.5818 121.512
51.6804 119.512
51.8174 119.831
51.8318 120.403
51.863 121.506
52.3773 123.506
52.4758 121.506
52.6296 122.037
52.9312 122.948
52.9457 122.997
52.9541 123.027
52.9565 123.037
52.9661 124.159
52.9769 124.189
52.9865 124.204
52.9997 125.318
53.1631 127.318
53.2605 125.318
53.2905 125.584
53.3674 125.6
53.3818 126.144
53.3939 126.675
53.4287 126.907
53.9478 128.907
54.0487 126.907
54.5053 127.968
54.5714 127.986
54.6351 129.084
54.7108 130.351
54.7348 132.351
54.8322 130.351
54.9523 130.471
54.9667 130.944
54.9788 131.405
54.9944 131.853
55.0064 132.29
55.0208 132.716
55.5183 134.716
55.6168 132.716
55.8031 114
55.8031 113
55.8031 114
55.8175 115
55.8187 116
55.8223 117
55.8235 118
55.8247 119
55.8259 120
55.8295 121
55.8307 122
55.8319 123
55.8331 124
55.8343 125
55.8379 126
55.8391 127
55.8403 128
55.8415 129
55.8427 130
55.8439 131
55.8475 132
55.8487 132.716
55.9821 11.3218
55.9821 12.3218
55.9845 14.3218
55.9869 16.3218
55.9917 18.3218
55.9941 20.3218
55.9965 22.3218
56.0001 24.3218
56.0025 26.3218
56.0061 28.3218
56.0085 30.3218
56.0109 32.3218
56.0157 34.3218
56.0181 36.3218
56.0205 38.3218
56.0242 40.3218
56.0266 42.3218
56.029 44.3218
56.0326 46.3218
56.035 48.3218
56.0374 50.3218
56.041 52.3218
56.0434 54.3218
56.0458 56.3218
56.0494 58.3218
56.053 60.3218
56.0554 62.3218
56.0578 64.3218
56.0614 66.3218
56.0638 68.3218
56.0674 70.3218
56.0698 72.3218
56.0722 74.3218
56.0746 76.3218
56.0794 78.3218
56.0818 80.3218
56.0842 82.3218
56.0866 84.3218
56.089 86.3218
56.0914 88.3218
56.0938 90.3218
56.0962 92.3218
56.1011 94.3218
56.1035 96.3218
56.1059 98.3218
56.1083 100.322
56.1107 102.322
56.1155 104.322
56.1179 106.322
56.1203 108.322
56.1227 110.322
56.1275 112.322
56.1299 114.322
56.1323 116.322
56.1347 118.322
56.1395 120.322
56.1419 122.322
56.1443 124.322
56.1479 126.322
56.1515 128.322
56.1695 130.322
56.1744 132.322
56.1768 132.716
56.3005 134.716
56.4003 132.716
56.6766 96.799
56.6766 4
56.679 6
56.679 4
56.6838 6
56.6838 4
56.6862 6
56.6862 4
56.691 6
56.691 4
56.6934 6
56.6934 4
56.6958 6
56.6958 4
56.7007 6
56.7007 4
56.7031 6
56.7031 4
56.7079 6
56.7079 4
56.7103 6
56.7103 4
56.7163 6
56.7163 4
56.7187 6
56.7187 4
56.7211 6
56.7211 4
56.7259 6
56.7259 4
56.7283 6
56.7283 4
56.7307 6
56.7307 4
56.7331 6
56.7331 4
56.7355 6
56.7355 4
56.7403 6
56.7403 4
56.7427 6
56.7427 4
56.7475 6
56.7475 4
56.7499 6
56.7499 4
56.7523 6
56.7523 4
56.7571 6
56.7571 4
56.7595 6
56.7595 4
56.7631 6
56.7631 4
56.7667 6
56.7667 4
56.7691 6
56.7691 4
56.7715 6
56.7715 4
56.7764 6
56.7764 4
56.7788 6
56.7788 4
56.7812 6
56.7812 4
56.7836 6
56.7836 4
56.7884 6
56.7884 4
56.7908 6
56.7908 4
56.7932 6
56.7932 4
56.7956 6
56.7956 4
56.8004 6
56.8004 4
56.8028 6
56.8028 4
56.8052 6
56.8052 4
56.8076 6
56.8076 4
56.8124 6
56.8124 4
56.8148 6
56.8148 4
56.8196 6
56.8196 4
56.822 6
56.822 4
56.8641 6
56.8641 4
56.8665 6
56.8665 4
56.9073 6
56.9073 4
56.9121 6
56.9121 4
56.9518 6
56.9518 4
56.959 6
56.959 4
56.9974 6
56.9974 4
57.0047 6
57.0047 4
57.0431 132.716
57.0431 105.102
57.0503 100.168
57.0888 90.6575
57.0936 87.2645
57.0984 84.6064
57.1032 82.5925
57.108 80.9855
57.1128 79.8909
57.12 79.7106
57.1248 79.7093
57.3567 81.7093
57.4168 79.7093
57.6511 74.4834
57.847 76.4834
57.9071 74.4834
58.33 76.4834
58.3925 74.4834
58.8179 76.4834
58.878 74.4834
58.9693 72.7776
59.3009 74.7776
59.361 72.7776
59.7864 74.7776
59.8464 72.7776
60.2454 72.1941
60.2718 74.1941
60.3319 72.1941
60.7633 74.1941
60.8257 72.1941
61.2583 74.1941
61.3184 72.1941
61.7474 74.1941
61.8087 72.1941
61.8303 70.3778
62.234 72.3778
62.2508 70.0836
62.2965 68.0836
62.7315 70.0836
62.7952 68.0836
63.134 67.1119
63.2314 69.1119
63.2938 67.1119
63.4585 64.4344
63.73 66.4344
63.7949 64.4344
63.9727 57.6512
64.2407 59.6512
64.3344 57.6512
64.7658 59.6512
64.8295 57.6512
65.0914 53.8315
65.22 51
65.22 50
65.22 51
65.3017 52
65.3029 53
65.3065 54
65.3077 55
65.3185 55.8315
65.3642 53.8315
65.4159 11.3218
65.4159 12.3218
65.4207 14.3218
65.4267 16.3218
65.4315 18.3218
65.4351 20.3218
65.4639 22.3218
65.4687 24.3218
65.4747 26.3218
65.4807 28.3218
65.4868 30.3218
65.494 32.3218
65.4988 34.3218
65.5036 36.3218
65.5096 38.3218
65.5168 40.3218
65.5216 42.3218
65.5264 44.3218
65.5348 46.3218
65.5408 48.3218
65.5456 49.0863
65.8148 51.0863
65.8797 49.0863
65.9554 40.7141
66.3387 42.7141
66.4 40.7141
66.8554 42.7141
66.9191 40.7141
67.1281 42.7141
67.1281 4
67.1378 6
67.1378 4
67.1486 6
67.1486 4
67.1582 6
67.1582 4
67.1678 6
67.1678 4
67.1966 6
67.1966 4
67.2038 6
67.2038 4
67.211 6
67.211 4
67.2183 6
67.2183 4
67.2231 6
67.2231 4
67.2303 6
67.2303 4
67.2387 6
67.2387 4
67.2435 6
67.2435 4
67.2507 6
67.2507 4
67.2579 6
67.2579 4
67.2651 6
67.2651 4
67.2723 6
67.2723 4
67.2795 6
67.2795 4
67.2916 6
67.2916 4
67.3012 6
67.3012 4
67.4333 6
67.4333 4
67.443 6
67.443 4
67.5763 53.8315
67.5763 55.8315
67.5859 57.8315
67.7229 59.8315
67.7325 61.8315
67.7422 63.8315
67.7542 65.8315
67.7638 67.8315
67.7758 69.8315
67.7854 71.8315
67.7974 73.8315
67.807 75.8315
67.8191 77.8315
67.8287 79.8315
67.8407 80.2258
67.9044 82.2258
68.0666 80.2258
68.2036 82.2258
68.2108 82.3508
68.23 84.3508
68.2372 84.875
68.2492 86.7106
68.2576 88.7106
68.2624 89.7376
68.5869 91.404
68.5929 91.5401
68.6169 91.2479
68.6253 90.9979
68.6325 90.7797
68.6398 90.52
68.6494 90.4979
68.6566 90.4102
68.6638 90.3336
68.671 90.1982
68.6782 90.1485
68.6854 90.0359
68.6926 89.9378
68.826 89.893
68.8332 89.8812
68.8404 89.8702
69.1853 91.8702
69.3932 93.672
69.4124 94.8267
69.4208 92.8267
69.452 94.8267
69.4568 95.7224
69.4785 96.7327
69.5097 98.7327
69.5145 99.5083
69.5542 101.508
69.559 102.248
69.6022 103.055
70.4758 105.055
70.6356 103.055
70.6476 103.215
70.7005 103.955
70.7293 105.84
70.7558 107.68
70.7798 109.68
70.7834 110.086
70.8086 111.086
70.8111 111.587
70.8147 55
70.8147 54
70.8147 55
70.9348 56
70.9384 57
70.942 58
70.9456 59
70.9492 60
70.9528 61
70.954 62
70.96 63
70.9637 64
70.9649 65
70.9697 66
70.9721 67
70.9745 68
70.9769 69
70.9793 70
70.9805 71
70.9841 72
70.9865 73
70.9889 74
70.9901 111.587
70.9901 11.3218
70.9901 12.3218
70.9937 14.3218
70.9985 16.3218
71.0033 18.3218
71.0069 20.3218
71.0117 22.3218
71.0177 24.3218
71.0201 26.3218
71.0225 28.3218
71.0249 30.3218
71.0273 32.3218
71.0345 34.3218
71.0418 36.3218
71.049 38.3218
71.0562 40.3218
71.0634 42.3218
71.0706 44.3218
71.0778 46.3218
71.085 48.3218
71.091 50.3218
71.097 52.3218
71.1042 54.3218
71.109 56.3218
71.1162 58.3218
71.1223 60.3218
71.1271 62.3218
71.1319 64.3218
71.1379 66.3218
71.1607 68.3218
71.1703 70.3218
71.1763 72.3218
71.1823 74.3218
71.1907 76.3218
71.1956 78.3218
71.2028 80.3218
71.2076 82.3218
71.2148 84.3218
71.2208 86.3218
71.2268 88.3218
71.2316 90.3218
71.2388 92.3218
71.2436 94.3218
71.2484 96.3218
71.2556 98.3218
71.2604 100.322
71.2677 101.059
71.2725 100.884
71.6666 102.884
71.8036 100.884
71.8985 102.698
71.9213 103.1
71.9502 105.1
71.955 105.412
71.967 107.412
71.9718 107.695
72.7672 109.695
72.9066 107.695
73.004 109.695
73.0088 110.083
73.0208 111.472
73.0424 113.472
73.0472 114.068
73.0592 114.699
73.0628 115.699
73.0653 116.699
73.0665 68
73.0665 67
73.0665 68
73.1674 69
73.171 70
73.1734 71
73.1758 72
73.1782 73
73.1806 74
73.183 75
73.1866 76
73.1902 77
73.1926 78
73.1938 79
73.1974 80
73.1998 81
73.2022 82
73.2046 83
73.2058 84
73.2082 85
73.2118 86
73.2143 87
73.2154 116.699
73.2154 11.3218
73.2154 12.3218
73.2203 14.3218
73.2359 16.3218
73.2407 18.3218
73.2455 20.3218
73.2491 22.3218
73.2539 24.3218
73.2575 26.3218
73.2623 28.3218
73.2671 30.3218
73.2707 32.3218
73.2755 34.3218
73.2803 36.3218
73.2863 38.3218
73.2899 40.3218
73.2923 42.3218
73.2948 44.3218
73.2984 46.3218
73.3032 48.3218
73.308 50.3218
73.3128 52.3218
73.3176 54.3218
73.3224 56.3218
73.3284 58.3218
73.3332 60.3218
73.3368 62.3218
73.3428 64.3218
73.3476 66.3218
73.3524 68.3218
73.3572 70.3218
73.362 72.3218
73.3656 74.3218
73.3717 76.3218
73.4149 78.3218
73.4173 80.3218
73.4221 82.3218
73.4293 84.3218
73.4317 86.3218
73.4377 88.3218
73.4425 90.3218
73.4474 92.3218
73.4522 94.3218
73.457 96.3218
73.4618 98.3218
73.4666 100.322
73.4714 102.322
73.4762 104.322
73.481 106.322
73.4858 108.322
73.4906 110.322
73.4954 112.322
73.5002 114.322
73.5074 116.322
73.5146 118.322
73.5219 118.373
73.8523 120.373
73.9833 118.373
74.1094 118.738
74.1263 119.999
74.1479 121.229
74.1719 122.43
74.9037 124.43
75.0335 122.43
75.1272 122.658
75.1416 124.658
75.144 125.161
75.1536 126.575
75.162 127.664
75.1729 129.445
75.1825 131.445
75.1873 131.933
75.1969 132.671
75.2029 133.418
75.2077 135.418
75.2101 135.936
75.2173 137.678
75.2341 138.454
75.9491 140.454
76.0801 138.454
76.175 138.534
76.2134 140.534
76.2158 140.552
76.2495 142.552
76.2519 142.581
76.2651 143.49
76.2795 145.188
76.5691 146.881
76.6881 148.171
76.9957 150.171
77.1267 148.171
77.1675 148.526
77.1843 149.53
77.2336 150.427
77.2456 151.34
77.272 152.23
77.2841 153.097
77.2961 153.942
77.3129 154.766
78.0471 156.766
78.1805 154.766
78.2946 156.766
78.297 156.969
78.309 158.969
78.3114 159.501
78.3174 161.116
78.3331 161.454
78.3343 106
78.3343 105
78.3343 106
78.4785 107
78.4797 108
78.4809 109
78.4833 110
78.4845 111
78.4857 112
78.4869 113
78.4881 114
78.4893 115
78.4905 116
78.4917 117
78.4941 118
78.4953 119
78.4965 120
78.4977 121
78.4989 122
78.5001 123
78.5013 124
78.5025 125
78.5037 161.454
78.5037 11.3218
78.5037 12.3218
78.5061 14.3218
78.5097 16.3218
78.5133 18.3218
78.5157 20.3218
78.5181 22.3218
78.5205 24.3218
78.5229 26.3218
78.5253 28.3218
78.5277 30.3218
78.5313 32.3218
78.5337 34.3218
78.5361 36.3218
78.5397 38.3218
78.5421 40.3218
78.5457 42.3218
78.5481 44.3218
78.5518 46.3218
78.5554 48.3218
78.559 50.3218
78.5626 52.3218
78.5662 54.3218
78.5698 56.3218
78.5722 58.3218
78.577 60.3218
78.5794 62.3218
78.5842 64.3218
78.5866 66.3218
78.5914 68.3218
78.5962 70.3218
78.5986 72.3218
78.6034 74.3218
78.6058 76.3218
78.6106 78.3218
78.613 80.3218
78.6178 82.3218
78.6202 84.3218
78.625 86.3218
78.6299 88.3218
78.6323 90.3218
78.6347 92.3218
78.6371 94.3218
78.6419 96.3218
78.6443 98.3218
78.6479 100.322
78.6551 102.322
78.6575 104.322
78.6599 106.322
78.6623 108.322
78.6659 110.322
78.6683 112.322
78.6707 114.322
78.6863 116.322
78.6911 118.322
78.6959 120.322
78.6983 122.322
78.7007 124.322
78.7056 126.322
78.708 128.322
78.7128 130.322
78.7164 132.322
78.72 134.322
78.7224 136.322
78.7272 138.322
78.7296 140.322
78.7356 142.322
78.738 144.322
78.7404 146.322
78.7452 148.322
78.7476 150.322
78.7524 152.322
78.7548 154.322
78.7572 156.322
78.762 158.322
78.7644 160.322
78.768 162.322
78.7716 164.322
78.7764 166.322
78.7813 168.14
79.0853 170.14
79.2114 168.14
79.3797 117
79.3797 116
79.3797 117
79.4025 116
79.4638 117
79.465 118
79.4662 119
79.4698 120
79.471 121
79.4722 122
79.4734 123
79.4746 124
79.4758 125
79.477 126
79.4782 127
79.4794 128
79.483 129
79.4842 130
79.4854 131
79.4866 132
79.4902 133
79.4914 134
79.4926 135
79.4938 136
79.4974 137
79.4986 138
79.4998 139
79.501 140
79.5022 141
79.5058 142
79.507 143
79.5082 144
79.5094 145
79.5106 146
79.5142 147
79.5154 148
79.5167 149
79.5179 150
79.5215 151
79.5227 152
79.5239 153
79.5251 154
79.5263 155
79.5275 156
79.5311 157
79.5323 158
79.5335 159
79.5347 160
79.5359 161
79.5371 162
79.5383 163
79.5395 164
79.5407 165
79.5419 166
79.5431 167
79.5443 168
79.5455 169
79.5467 170
79.5479 171
79.5491 172
79.5503 172.065
79.5575 171.065
79.5575 172.065
79.5779 11.3218
79.5779 12.3218
79.5803 14.3218
79.5839 16.3218
79.5863 18.3218
79.5887 20.3218
79.5911 22.3218
79.5935 24.3218
79.5959 26.3218
79.5983 28.3218
79.6019 30.3218
79.6044 32.3218
79.6092 34.3218
79.6116 36.3218
79.614 38.3218
79.6188 40.3218
79.6212 42.3218
79.6236 44.3218
79.6284 46.3218
79.6308 48.3218
79.6344 50.3218
79.638 52.3218
79.6404 54.3218
79.6452 56.3218
79.6476 58.3218
79.65 60.3218
79.6524 62.3218
79.6572 64.3218
79.6596 66.3218
79.6632 68.3218
79.6668 70.3218
79.6692 72.3218
79.674 74.3218
79.6764 76.3218
79.6789 78.3218
79.6837 80.3218
79.6861 82.3218
79.6885 84.3218
79.6933 86.3218
79.6957 88.3218
79.7005 90.3218
79.7029 92.3218
79.7053 94.3218
79.7089 96.3218
79.7125 98.3218
79.7149 100.322
79.7173 102.322
79.7197 104.322
79.7221 106.322
79.7245 108.322
79.7269 110.322
79.7305 112.322
79.7341 114.322
79.7365 116.322
79.7389 118.322
79.7413 120.322
79.7437 122.322
79.7461 124.322
79.7497 126.322
79.7521 128.322
79.7738 130.322
79.7786 132.322
79.781 134.322
79.7834 136.322
79.7882 138.322
79.7906 140.322
79.793 142.322
79.7978 144.322
79.8002 146.322
79.8026 148.322
79.8074 150.322
79.8098 152.322
79.8122 154.322
79.817 156.322
79.8194 158.322
79.8218 160.322
79.8266 162.322
79.8291 164.322
79.8315 166.322
79.8339 168.322
79.8363 167.765
79.8387 166.9
79.8411 166.143
79.8459 165.648
79.8483 165.215
79.8507 164.669
79.8531 164.191
79.8555 163.605
79.8579 163.092
79.8603 162.643
80.0766 164.643
80.1943 162.643
81.027 164.643
81.146 162.643
81.1556 158.276
81.2337 158.945
81.2481 135
81.2481 134
81.2481 135
81.2602 134
81.2614 133
81.3575 134
81.3587 135
81.3599 136
81.3611 137
81.3623 138
81.3659 139
81.3671 140
81.3683 141
81.3695 142
81.3707 143
81.3719 144
81.3755 145
81.3767 146
81.3779 147
81.3791 148
81.3803 149
81.3839 150
81.3851 151
81.3863 152
81.3875 153
81.3888 154
81.39 155
81.3936 156
81.3948 157
81.396 158
81.3972 159
81.3984 160
81.3996 161
81.4008 162
81.402 163
81.4056 164
81.408 165
81.4092 166
81.4104 167
81.4116 168
81.4128 169
81.414 170
81.4164 171
81.4176 172
81.4188 173
81.42 174
81.4212 175
81.4224 176
81.4236 177
81.4248 178
81.426 179
81.4272 178
81.4272 179
81.4284 179.726
81.4356 178.726
81.4356 179.726
81.4368 11.3218
81.4368 12.3218
81.4392 14.3218
81.4416 16.3218
81.444 18.3218
81.4464 20.3218
81.4488 22.3218
81.4512 24.3218
81.4536 26.3218
81.456 28.3218
81.4584 30.3218
81.4608 32.3218
81.4632 34.3218
81.4656 36.3218
81.468 38.3218
81.4704 40.3218
81.4728 42.3218
81.4752 44.3218
81.4776 46.3218
81.48 48.3218
81.4825 50.3218
81.4849 52.3218
81.4873 54.3218
81.4897 56.3218
81.4921 58.3218
81.4945 60.3218
81.4969 62.3218
81.4993 64.3218
81.5017 66.3218
81.5041 68.3218
81.5065 70.3218
81.5089 72.3218
81.5113 74.3218
81.5137 76.3218
81.5173 78.3218
81.5197 80.3218
81.5221 82.3218
81.5257 84.3218
81.5293 86.3218
81.5317 88.3218
81.5341 90.3218
81.5389 92.3218
81.5413 94.3218
81.5437 96.3218
81.5485 98.3218
81.5509 100.322
81.5533 102.322
81.557 104.322
81.5606 106.322
81.563 108.322
81.5654 110.322
81.5678 112.322
81.5726 114.322
81.5762 116.322
81.5786 118.322
81.581 120.322
81.5858 122.322
81.5918 124.322
81.5942 126.322
81.5966 128.322
81.599 130.322
81.6014 132.322
81.6038 134.322
81.6074 136.322
81.6098 138.322
81.6122 140.322
81.6146 142.322
81.617 144.322
81.6218 146.322
81.6242 148.322
81.6266 150.322
81.629 152.322
81.6339 154.322
81.6363 156.322
81.6387 158.322
81.6411 160.322
81.6459 162.322
81.6483 164.322
81.6507 166.322
81.6531 168.322
81.6579 170.322
81.6603 172.322
81.6627 174.232
81.6651 173.367
81.6699 172.981
81.6723 172.644
81.6747 172.164
81.6771 171.93
81.6795 171.538
81.6915 171.45
81.9763 173.45
82.0905 171.45
82.2647 135
82.2647 134
82.2647 135
82.2659 136
82.2671 137
82.2683 138
82.2695 139
82.2707 140
82.2719 141
82.2731 142
82.2743 143
82.2755 142
82.2755 143
82.2767 144
82.2779 145
82.2791 146
82.2803 147
82.2815 148
82.2827 149
82.2839 150
82.2851 149
82.2851 150
82.2863 151
82.2875 152
82.2887 153
82.29 154
82.2912 155
82.2924 156
82.2936 157
82.2948 158
82.296 157
82.296 158
82.2972 159
82.302 160
82.3032 161
82.3044 162
82.3056 163
82.3068 164
82.308 165
82.3092 166
82.3104 167
82.3116 168
82.3152 169
82.3164 170
82.3176 171
82.3188 171.45
82.457 170.45
82.457 171.45
82.4678 170.45
82.4678 171.45
82.4762 170.45
82.4762 171.45
82.4858 11.3218
82.4858 12.3218
82.4894 14.3218
82.4942 16.3218
82.4966 18.3218
82.499 20.3218
82.5014 22.3218
82.5038 24.3218
82.5062 26.3218
82.5086 28.3218
82.511 30.3218
82.5158 32.3218
82.5182 34.3218
82.5206 36.3218
82.523 38.3218
82.5266 40.3218
82.529 42.3218
82.5314 44.3218
82.5339 46.3218
82.5363 48.3218
82.5399 50.3218
82.5423 52.3218
82.5447 54.3218
82.5471 56.3218
82.5495 58.3218
82.5531 60.3218
82.5555 62.3218
82.5579 64.3218
82.5627 66.3218
82.5651 68.3218
82.5675 70.3218
82.5699 72.3218
82.5723 74.3218
82.5747 76.3218
82.5771 78.3218
82.5795 80.3218
82.5819 82.3218
82.5843 84.3218
82.5879 86.3218
82.5915 88.3218
82.5939 90.3218
82.5975 92.3218
82.6023 94.3218
82.6047 96.3218
82.6072 98.3218
82.6108 100.322
82.6144 102.322
82.6168 104.322
82.6192 106.322
82.6216 108.322
82.6264 110.322
82.6288 112.322
82.6312 114.322
82.6336 116.322
82.6384 118.322
82.6408 120.322
82.6432 122.322
82.6456 124.322
82.6504 126.322
82.6528 128.322
82.6552 130.322
82.6576 132.322
82.66 134.322
82.6624 136.322
82.6648 138.322
82.6672 140.322
82.6696 142.322
82.672 144.322
82.6744 146.322
82.6768 148.322
82.6792 150.322
82.6816 152.322
82.6961 154.322
82.6985 156.322
82.7009 158.322
82.7057 160.322
82.7081 162.322
82.7105 164.322
82.7129 166.322
82.7177 168.322
82.7201 170.322
82.7249 171.45
82.8847 173.45
82.928 167.137
82.9977 165.137
83.7919 167.137
83.9049 165.137
84.0311 138
84.0311 137
84.0311 138
84.0479 136
84.0623 135
84.0779 134
84.0948 133
84.1104 132
84.1957 133
84.1969 134
84.1981 135
84.1993 136
84.2005 137
84.2017 138
84.2053 139
84.2065 140
84.2077 141
84.2089 142
84.2101 141
84.2101 142
84.2113 143
84.2125 144
84.2137 145
84.2149 146
84.2161 147
84.2173 148
84.2185 149
84.2197 150
84.2209 151
84.2233 152
84.2245 153
84.2257 154
84.2269 153
84.2269 154
84.2281 153
84.2281 154
84.2293 155
84.2305 156
84.2317 157
84.2329 158
84.2341 159
84.2353 160
84.2365 161
84.2377 162
84.2389 161
84.2389 162
84.2401 163
84.2413 164
84.2426 165
84.2438 166
84.245 167
84.2462 168
84.2474 169
84.2486 170
84.2498 171
84.251 172
84.2522 171
84.2522 172
84.2534 172.319
84.2678 171.319
84.2678 172.319
84.281 11.3218
84.281 12.3218
84.2846 14.3218
84.2882 16.3218
84.2906 18.3218
84.293 20.3218
84.2966 22.3218
84.3002 24.3218
84.3026 26.3218
84.3062 28.3218
84.3098 30.3218
84.3122 32.3218
84.3146 34.3218
84.317 36.3218
84.3218 38.3218
84.3242 40.3218
84.3266 42.3218
84.329 44.3218
84.3326 46.3218
84.3363 48.3218
84.3387 50.3218
84.3411 52.3218
84.3447 54.3218
84.3483 56.3218
84.3507 58.3218
84.3531 60.3218
84.3555 62.3218
84.3579 64.3218
84.3627 66.3218
84.3651 68.3218
84.3675 70.3218
84.3699 72.3218
84.3723 74.3218
84.3747 76.3218
84.3771 78.3218
84.3795 80.3218
84.3843 82.3218
84.3867 84.3218
84.3891 86.3218
84.3915 88.3218
84.3939 90.3218
84.3963 92.3218
84.3987 94.3218
84.4023 96.3218
84.4047 98.3218
84.4071 100.322
84.4096 102.322
84.412 104.322
84.4144 106.322
84.4168 108.322
84.4192 110.322
84.4216 112.322
84.424 114.322
84.4264 116.322
84.4288 118.322
84.4312 120.322
84.4336 122.322
84.436 124.322
84.4384 126.322
84.4408 128.322
84.4432 130.322
84.4456 132.322
84.448 134.322
84.4504 136.322
84.4528 138.322
84.4756 140.322
84.478 142.322
84.4804 144.322
84.4828 146.322
84.4853 148.322
84.4877 150.322
84.4925 152.322
84.4949 154.322
84.4973 156.322
84.4997 158.322
84.5021 160.322
84.5045 162.322
84.5069 164.322
84.5093 166.322
84.5117 168.322
84.5141 170.322
84.5165 172.319
84.5237 171.916
84.5261 170.885
84.5285 169.796
84.5309 168.655
84.5333 167.844
84.5357 166.948
84.5381 166.163
84.5405 165.477
84.5429 164.689
84.5453 164
84.5477 163.396
84.5501 162.869
84.5525 162.22
84.5585 162.213
84.6895 164.213
84.7953 162.213
85.5427 164.213
85.6496 162.213
85.7578 143
85.7578 142
85.7578 143
85.7674 142
85.777 141
85.7866 140
85.7974 139
85.807 138
85.8166 137
85.8227 138
85.8239 139
85.8263 140
85.8275 139
85.8275 140
85.8287 141
85.8299 142
85.8311 143
85.8323 144
85.8335 145
85.8347 146
85.8359 147
85.8371 148
85.8383 149
85.8395 150
85.8407 151
85.8419 152
85.8431 153
85.8443 154
85.8455 155
85.8467 156
85.8479 157
85.8491 158
85.8503 159
85.8515 160
85.8527 161
85.8539 162
85.8551 163
85.8563 164
85.8575 165
85.8587 166
85.8599 166.351
85.9368 165.351
85.9368 166.351
85.9464 165.351
85.9464 166.351
85.9548 165.351
85.9548 166.351
85.9632 165.351
85.9632 166.351
85.9729 165.351
85.9729 166.351
85.9813 165.351
85.9813 166.351
85.9909 165.351
85.9909 166.351
86.0017 11.3218
86.0017 12.3218
86.0041 14.3218
86.0065 16.3218
86.0089 18.3218
86.0113 20.3218
86.0137 22.3218
86.0161 24.3218
86.0185 26.3218
86.0209 28.3218
86.0233 30.3218
86.0257 32.3218
86.0281 34.3218
86.0305 36.3218
86.0329 38.3218
86.0353 40.3218
86.0389 42.3218
86.0413 44.3218
86.0437 46.3218
86.0461 48.3218
86.0509 50.3218
86.0533 52.3218
86.0557 54.3218
86.0593 56.3218
86.063 58.3218
86.0654 60.3218
86.0678 62.3218
86.0702 64.3218
86.075 66.3218
86.0774 68.3218
86.0798 70.3218
86.0822 72.3218
86.0858 74.3218
86.0894 76.3218
86.0918 78.3218
86.0942 80.3218
86.0978 82.3218
86.1014 84.3218
86.1038 86.3218
86.1062 88.3218
86.1086 90.3218
86.111 92.3218
86.1134 94.3218
86.1158 96.3218
86.1182 98.3218
86.1206 100.322
86.123 102.322
86.1254 104.322
86.1278 106.322
86.1302 108.322
86.1326 110.322
86.135 112.322
86.1375 114.322
86.1399 116.322
86.1423 118.322
86.1447 120.322
86.1471 122.322
86.1495 124.322
86.1519 126.322
86.1543 128.322
86.1567 130.322
86.1591 132.322
86.1615 134.322
86.1639 136.322
86.1663 138.322
86.1687 140.322
86.1711 142.322
86.1771 144.322
86.1891 146.322
86.1939 148.322
86.1963 150.322
86.1987 152.322
86.2011 154.322
86.2035 156.322
86.2083 158.322
86.2107 160.322
86.2132 162.322
86.2156 164.322
86.218 166.322
86.2204 166.351
86.403 168.351
86.5087 166.351
87.2549 168.351
87.3607 166.351
87.47 152
87.47 151
87.47 152
87.4773 151
87.4857 150
87.4929 149
87.5013 148
87.5085 147
87.5169 146
87.5241 145
87.5325 144
87.5397 143
87.5482 142
87.5554 141
87.5638 140
87.5806 141
87.5818 142
87.5854 143
87.5866 144
87.5878 145
87.589 146
87.5902 147
87.5914 148
87.5926 149
87.5938 150
87.5974 151
87.5986 152
87.5998 153
87.601 154
87.6022 155
87.6034 156
87.6046 157
87.6082 158
87.6094 159
87.6106 160
87.6118 161
87.613 162
87.6142 163
87.6154 164
87.6166 165
87.6178 165.055
87.6551 164.055
87.6551 165.055
87.6623 164.055
87.6623 165.055
87.6707 164.055
87.6707 165.055
87.6767 164.055
87.6767 165.055
87.6851 164.055
87.6851 165.055
87.6911 164.055
87.6911 165.055
87.6996 164.055
87.6996 165.055
87.7056 164.055
87.7056 165.055
87.714 164.055
87.714 165.055
87.72 164.055
87.72 165.055
87.7284 164.055
87.7284 165.055
87.7344 164.055
87.7344 165.055
87.7428 166.351
87.7428 11.3218
87.7428 12.3218
87.7452 14.3218
87.7476 16.3218
87.7524 18.3218
87.7548 20.3218
87.7572 22.3218
87.7596 24.3218
87.7632 26.3218
87.7668 28.3218
87.7692 30.3218
87.7716 32.3218
87.774 34.3218
87.7788 36.3218
87.7812 38.3218
87.7836 40.3218
87.786 42.3218
87.7897 44.3218
87.7933 46.3218
87.7957 48.3218
87.7981 50.3218
87.8005 52.3218
87.8029 54.3218
87.8065 56.3218
87.8101 58.3218
87.8125 60.3218
87.8149 62.3218
87.8185 64.3218
87.8221 66.3218
87.8245 68.3218
87.8269 70.3218
87.8293 72.3218
87.8317 74.3218
87.8353 76.3218
87.8389 78.3218
87.8413 80.3218
87.8437 82.3218
87.8461 84.3218
87.8485 86.3218
87.8509 88.3218
87.8533 90.3218
87.8557 92.3218
87.8581 94.3218
87.8605 96.3218
87.8629 98.3218
87.8654 100.322
87.8678 102.322
87.8702 104.322
87.8726 106.322
87.875 108.322
87.8774 110.322
87.8798 112.322
87.8822 114.322
87.8846 116.322
87.887 118.322
87.8894 120.322
87.8918 122.322
87.8942 124.322
87.8966 126.322
87.899 128.322
87.9014 130.322
87.9038 132.322
87.9062 134.322
87.9086 136.322
87.911 138.322
87.9134 140.322
87.9158 142.322
87.9182 144.322
87.9206 146.322
87.9399 148.322
87.9435 150.322
87.9471 152.322
87.9495 154.322
87.9519 156.322
87.9543 158.322
87.9567 160.322
87.9591 162.322
87.9615 164.322
87.9639 165.055
88.0192 165.046
88.0216 164.47
88.024 163.965
88.1021 165.965
88.2066 163.965
88.948 165.965
89.0537 163.965
89.2051 157.957
89.2124 158.2
89.2148 142
89.2148 141
89.2148 142
89.2184 141
89.2268 140
89.2352 139
89.2436 138
89.252 137
89.3914 138
89.3926 139
89.3938 140
89.395 141
89.3986 142
89.401 143
89.4022 144
89.4034 143
89.4034 144
89.4046 145
89.4058 146
89.407 145
89.407 146
89.4082 147
89.4094 148
89.4106 149
89.4118 150
89.413 151
89.4142 150
89.4142 151
89.4154 152
89.4166 153
89.4178 154
89.419 155
89.4202 156
89.4214 157
89.4226 156
89.4226 157
89.4238 158
89.425 158.736
89.4298 157.736
89.4298 158.736
89.437 11.3218
89.437 12.3218
89.4394 14.3218
89.4419 16.3218
89.4443 18.3218
89.4479 20.3218
89.4503 22.3218
89.4527 24.3218
89.4563 26.3218
89.4587 28.3218
89.4611 30.3218
89.4635 32.3218
89.4659 34.3218
89.4695 36.3218
89.4719 38.3218
89.4743 40.3218
89.4767 42.3218
89.4803 44.3218
89.4827 46.3218
89.4851 48.3218
89.4875 50.3218
89.4899 52.3218
89.4947 54.3218
89.4971 56.3218
89.4995 58.3218
89.5019 60.3218
89.5043 62.3218
89.5067 64.3218
89.5091 66.3218
89.5115 68.3218
89.5139 70.3218
89.5188 72.3218
89.5212 74.3218
89.5236 76.3218
89.526 78.3218
89.5284 80.3218
89.5332 82.3218
89.5356 84.3218
89.538 86.3218
89.5404 88.3218
89.5428 90.3218
89.5452 92.3218
89.5476 94.3218
89.55 96.3218
89.5548 98.3218
89.5572 100.322
89.5596 102.322
89.562 104.322
89.5644 106.322
89.5668 108.322
89.5692 110.322
89.5716 112.322
89.574 114.322
89.5776 116.322
89.5812 118.322
89.5848 120.322
89.5872 122.322
89.5896 124.322
89.5921 126.322
89.5945 128.322
89.5969 130.322
89.5993 132.322
89.6017 134.322
89.6041 136.322
89.6065 138.322
89.6089 140.322
89.6113 142.322
89.6137 144.322
89.6257 146.322
89.6281 148.322
89.6305 150.322
89.6329 152.322
89.6377 154.322
89.6401 156.322
89.6425 158.322
89.6449 158.736
89.7951 160.736
89.8997 158.736
90.6362 160.736
90.742 158.736
90.8357 154.512
90.8441 154.843
90.8922 156.843
90.8946 157.066
91.4858 159.066
91.5915 157.066
91.7658 133
91.7658 132
91.7658 133
91.779 132
91.791 131
91.9316 132
91.9328 133
91.934 134
91.9352 135
91.9364 136
91.9376 137
91.9388 138
91.94 139
91.9412 140
91.9424 139
91.9424 140
91.9436 141
91.9448 142
91.946 143
91.9472 144
91.9484 145
91.9496 146
91.9508 147
91.952 148
91.9532 149
91.9544 148
91.9544 149
91.9556 150
91.9568 151
91.958 152
91.9592 153
91.9604 154
91.9616 155
91.9628 156
91.964 157
91.9652 157.066
91.9652 11.3218
91.9652 12.3218
91.9676 14.3218
91.97 16.3218
91.9724 18.3218
91.9748 20.3218
91.9772 22.3218
91.9832 24.3218
91.9856 26.3218
91.988 28.3218
91.9904 30.3218
91.9928 32.3218
91.9965 34.3218
91.9989 36.3218
92.0013 38.3218
92.0037 40.3218
92.0061 42.3218
92.0097 44.3218
92.0121 46.3218
92.0145 48.3218
92.0169 50.3218
92.0193 52.3218
92.0241 54.3218
92.0265 56.3218
92.0289 58.3218
92.0313 60.3218
92.0337 62.3218
92.0385 64.3218
92.0409 66.3218
92.0433 68.3218
92.0457 70.3218
92.0481 72.3218
92.0505 74.3218
92.0553 76.3218
92.0577 78.3218
92.0601 80.3218
92.0625 82.3218
92.0649 84.3218
92.0673 86.3218
92.0698 88.3218
92.0722 90.3218
92.077 92.3218
92.0794 94.3218
92.0818 96.3218
92.0842 98.3218
92.0866 100.322
92.089 102.322
92.0938 104.322
92.0962 106.322
92.0986 108.322
92.101 110.322
92.1034 112.322
92.1058 114.322
92.1082 116.322
92.1106 118.322
92.113 120.322
92.1154 122.322
92.1178 124.322
92.1202 126.322
92.1226 128.322
92.125 130.322
92.1274 132.322
92.1298 134.322
92.1322 136.322
92.1346 138.322
92.1479 140.322
92.1503 142.322
92.1551 144.322
92.1575 146.322
92.1599 148.322
92.1623 150.322
92.1647 152.322
92.1671 154.322
92.1695 156.322
92.1719 158.322
92.1767 160.322
92.1791 160.61
92.2224 160.376
92.2248 159.787
92.2272 159.271
92.2296 158.82
92.232 158.24
92.2344 157.731
92.3293 159.731
92.4338 157.731
93.1632 159.731
93.2665 157.731
93.3747 154.404
93.4312 156
93.9935 158
94.0968 156
94.2338 137
94.2338 136
94.2338 137
94.2447 136
94.2555 135
94.2675 134
94.2783 133
94.3156 134
94.3168 135
94.318 136
94.3192 137
94.3204 138
94.3216 139
94.324 140
94.3264 141
94.3276 142
94.3288 143
94.33 144
94.3312 145
94.3324 146
94.3336 147
94.3348 148
94.336 149
94.3396 150
94.3408 151
94.342 152
94.3432 153
94.3444 154
94.3456 155
94.3468 156
94.348 157
94.3492 158
94.3504 158.565
94.4129 157.565
94.4129 158.565
94.4237 157.565
94.4237 158.565
94.4333 157.565
94.4333 158.565
94.4429 157.565
94.4429 158.565
94.4537 11.3218
94.4537 12.3218
94.4561 14.3218
94.4597 16.3218
94.4633 18.3218
94.4657 20.3218
94.4681 22.3218
94.4705 24.3218
94.473 26.3218
94.4754 28.3218
94.479 30.3218
94.4814 32.3218
94.4838 34.3218
94.4862 36.3218
94.4886 38.3218
94.491 40.3218
94.4934 42.3218
94.4958 44.3218
94.4994 46.3218
94.503 48.3218
94.5054 50.3218
94.5078 52.3218
94.5102 54.3218
94.5138 56.3218
94.5174 58.3218
94.5198 60.3218
94.5222 62.3218
94.5246 64.3218
94.527 66.3218
94.5318 68.3218
94.5342 70.3218
94.5366 72.3218
94.539 74.3218
94.5438 76.3218
94.5462 78.3218
94.5487 80.3218
94.5511 82.3218
94.5559 84.3218
94.5583 86.3218
94.5607 88.3218
94.5631 90.3218
94.5655 92.3218
94.5679 94.3218
94.5703 96.3218
94.5727 98.3218
94.5751 100.322
94.5799 102.322
94.5823 104.322
94.5847 106.322
94.5871 108.322
94.5895 110.322
94.5919 112.322
94.5943 114.322
94.5967 116.322
94.5991 118.322
94.6015 120.322
94.6039 122.322
94.6063 124.322
94.6087 126.322
94.6111 128.322
94.6135 130.322
94.6159 132.322
94.6183 134.322
94.6207 136.322
94.6232 138.322
94.6256 140.322
94.628 142.322
94.6412 144.322
94.646 146.322
94.6484 148.322
94.6508 150.322
94.6532 152.322
94.6556 154.322
94.6604 156.322
94.6628 158.322
94.6652 158.565
94.8274 160.565
94.932 158.565
95.6589 160.565
95.7623 158.565
96.0074 156.242
96.2802 156.479
96.2874 156.724
96.309 158.707
96.4916 160.707
96.595 158.707
96.7308 159.732
96.7752 136
96.7752 135
96.7752 136
96.7848 135
96.7945 134
96.9459 135
96.9471 136
96.9483 137
96.9495 138
96.9507 139
96.9519 140
96.9531 139
96.9531 140
96.9543 141
96.9555 142
96.9567 143
96.9579 144
96.9591 145
96.9603 146
96.9615 147
96.9627 146
96.9627 147
96.9639 148
96.9651 149
96.9663 150
96.9675 151
96.9687 152
96.9699 153
96.9711 159.732
96.9711 11.3218
96.9711 12.3218
96.9735 14.3218
96.9759 16.3218
96.9783 18.3218
96.9807 20.3218
96.9831 22.3218
96.9855 24.3218
96.9879 26.3218
96.9903 28.3218
96.9927 30.3218
96.9951 32.3218
96.9975 34.3218
96.9999 36.3218
97.0023 38.3218
97.0059 40.3218
97.0095 42.3218
97.0131 44.3218
97.0155 46.3218
97.0179 48.3218
97.0203 50.3218
97.0227 52.3218
97.0251 54.3218
97.03 56.3218
97.0324 58.3218
97.0348 60.3218
97.0372 62.3218
97.0396 64.3218
97.0444 66.3218
97.0468 68.3218
97.0492 70.3218
97.0516 72.3218
97.054 74.3218
97.0564 76.3218
97.0588 78.3218
97.0612 80.3218
97.0636 82.3218
97.066 84.3218
97.0696 86.3218
97.0732 88.3218
97.0756 90.3218
97.078 92.3218
97.0828 94.3218
97.0852 96.3218
97.0876 98.3218
97.09 100.322
97.0924 102.322
97.0948 104.322
97.0972 106.322
97.1021 108.322
97.1045 110.322
97.1069 112.322
97.1093 114.322
97.1117 116.322
97.1141 118.322
97.1165 120.322
97.1189 122.322
97.1213 124.322
97.1237 126.322
97.1261 128.322
97.1285 130.322
97.1309 132.322
97.1333 134.322
97.1357 136.322
97.1381 138.322
97.1405 140.322
97.1429 142.322
97.1549 144.322
97.1573 146.322
97.1597 148.322
97.1621 150.322
97.1645 152.322
97.1669 154.322
97.1693 156.322
97.1729 158.322
97.1766 160.322
97.179 162.322
97.1814 162.369
97.3231 164.369
97.4277 162.369
98.1522 164.369
98.2556 162.369
98.383 158.373
98.4454 158.584
98.9838 160.584
99.0871 158.584
99.2073 160.121
99.2313 160.503
99.8105 162.503
99.9138 160.503
