0 0
0.1 0
0.2 0
0.3 4
0.4 6
0.5 8
0.6 5
0.7 9
0.8 13
0.9 18
1 21
1.1 26
1.2 31
1.3 32
1.4 37
1.5 42
1.6 45
1.7 44
1.8 37
1.9 42
2 49
2.1 50
2.2 49
2.3 20
2.4 1
2.5 0
2.6 5
2.7 5
2.8 8
2.9 9
3 14
3.1 15
3.2 18
3.3 18
3.4 23
3.5 23
3.6 25
3.7 27
3.8 27
3.9 27
4 30
4.1 31
4.2 33
4.3 34
4.4 36
4.5 36
4.6 37
4.7 38
4.8 39
4.9 41
5 42
5.1 43
5.2 44
5.3 43
5.4 45
5.5 46
5.6 46
5.7 46
5.8 46
5.9 47
6 46
6.1 47
6.2 47
6.3 49
6.4 48
6.5 49
6.6 48
6.7 46
6.8 4
6.9 0
7 1
7.1 4
7.2 5
7.3 8
7.4 10
7.5 11
7.6 14
7.7 16
7.8 18
7.9 20
8 21
8.1 23
8.2 25
8.3 27
8.4 29
8.5 30
8.6 31
8.7 33
8.8 35
8.9 35
9 36
9.1 37
9.2 38
9.3 39
9.4 40
9.5 43
9.6 43
9.7 44
9.8 44
9.9 45
10 44
10.1 44
10.2 44
10.3 46
10.4 44
10.5 45
10.6 47
10.7 47
10.8 47
10.9 46
11 48
11.1 49
11.2 48
11.3 48
11.4 48
11.5 49
11.6 49
11.7 48
11.8 48
11.9 48
12 48
12.1 48
12.2 48
12.3 48
12.4 48
12.5 48
12.6 48
12.7 47
12.8 47
12.9 48
13 47
13.1 47
13.2 49
13.3 49
13.4 48
13.5 50
13.6 50
13.7 49
13.8 50
13.9 1
14 1
14.1 3
14.2 7
14.3 10
14.4 12
14.5 15
14.6 17
14.7 18
14.8 21
14.9 24
15 26
15.1 28
15.2 29
15.3 28
15.4 30
15.5 31
15.6 33
15.7 35
15.8 36
15.9 38
16 39
16.1 39
16.2 40
16.3 41
16.4 42
16.5 44
16.6 44
16.7 45
16.8 45
16.9 47
17 47
17.1 48
17.2 48
17.3 49
17.4 48
17.5 48
17.6 48
17.7 50
17.8 50
17.9 2
18 2
18.1 3
18.2 5
18.3 7
18.4 9
18.5 11
18.6 14
18.7 16
18.8 19
18.9 21
19 23
19.1 26
19.2 26
19.3 29
19.4 31
19.5 31
19.6 34
19.7 36
19.8 36
19.9 38
20 40
20.1 41
20.2 41
20.3 44
20.4 44
20.5 46
20.6 47
20.7 48
20.8 50
20.9 49
21 48
21.1 3
21.2 4
21.3 4
21.4 5
21.5 7
21.6 8
21.7 12
21.8 14
21.9 15
22 16
22.1 20
22.2 21
22.3 25
22.4 27
22.5 28
22.6 30
22.7 31
22.8 35
22.9 37
23 40
23.1 42
23.2 45
23.3 47
23.4 49
23.5 44
23.6 44
23.7 49
23.8 48
23.9 49
24 49
24.1 18
24.2 11
24.3 4
24.4 6
24.5 8
24.6 14
24.7 21
24.8 24
24.9 29
25 36
25.1 37
25.2 31
25.3 37
25.4 41
25.5 46
25.6 49
25.7 51
25.8 49
25.9 45
26 15
26.1 15
26.2 9
26.3 14
26.4 20
26.5 27
26.6 34
26.7 31
26.8 27
26.9 32
27 35
27.1 38
27.2 41
27.3 42
27.4 43
27.5 46
27.6 47
27.7 48
27.8 49
27.9 46
28 25
28.1 12
28.2 0
28.3 0
28.4 7
28.5 12
28.6 16
28.7 18
28.8 23
28.9 23
29 36
29.1 34
29.2 22
29.3 30
29.4 35
29.5 37
29.6 40
29.7 42
29.8 43
29.9 46
30 46
30.1 50
30.2 49
30.3 29
30.4 18
30.5 21
30.6 24
30.7 21
30.8 27
30.9 27
31 31
31.1 33
31.2 39
31.3 50
31.4 39
31.5 28
31.6 21
31.7 22
31.8 21
31.9 19
32 21
32.1 20
32.2 24
32.3 23
32.4 40
32.5 35
32.6 24
32.7 29
32.8 32
32.9 38
33 41
33.1 45
33.2 45
33.3 48
33.4 50
33.5 50
33.6 46
33.7 17
33.8 13
33.9 22
34 35
34.1 34
34.2 43
34.3 47
34.4 50
34.5 49
34.6 50
34.7 46
34.8 25
34.9 0
35 0
35.1 0
35.2 0
35.3 0
35.4 0
35.5 0
35.6 0
35.7 0
35.8 0
35.9 0
36 0
36.1 0
36.2 0
36.3 0
36.4 0
36.5 10
36.6 17
36.7 40
36.8 47
36.9 48
37 48
37.1 41
37.2 38
37.3 42
37.4 43
37.5 44
37.6 45
37.7 47
37.8 38
37.9 46
38 49
38.1 30
38.2 32
38.3 30
38.4 35
38.5 20
38.6 22
38.7 27
38.8 34
38.9 34
39 35
39.1 37
39.2 26
39.3 26
39.4 34
39.5 34
39.6 31
39.7 33
39.8 35
39.9 23
40 23
40.1 29
40.2 30
40.3 30
40.4 29
40.5 32
40.6 20
40.7 19
40.8 22
40.9 25
41 26
41.1 30
41.2 30
41.3 17
41.4 20
41.5 23
41.6 26
41.7 26
41.8 29
41.9 29
42 16
42.1 20
42.2 23
42.3 27
42.4 29
42.5 31
42.6 31
42.7 22
42.8 26
42.9 31
43 36
43.1 36
43.2 39
43.3 36
43.4 34
43.5 39
43.6 43
43.7 45
43.8 45
43.9 48
44 47
44.1 41
44.2 49
44.3 50
44.4 46
44.5 37
44.6 29
44.7 21
44.8 0
44.9 0
45 0
45.1 8
45.2 19
45.3 27
45.4 28
45.5 26
45.6 34
45.7 36
45.8 33
45.9 36
46 37
46.1 30
46.2 4
46.3 0
46.4 0
46.5 0
46.6 0
46.7 0
46.8 13
46.9 32
47 39
47.1 34
47.2 42
47.3 42
47.4 45
47.5 44
47.6 44
47.7 50
47.8 40
47.9 34
48 27
48.1 21
48.2 18
48.3 17
48.4 16
48.5 27
48.6 25
48.7 19
48.8 26
48.9 26
49 34
49.1 34
49.2 39
49.3 51
49.4 35
49.5 33
49.6 22
49.7 7
49.8 0
49.9 0
50 0
50.1 12
50.2 4
50.3 5
50.4 8
50.5 13
50.6 15
50.7 18
50.8 20
50.9 34
51 20
51.1 22
51.2 25
51.3 27
51.4 29
51.5 33
51.6 35
51.7 44
51.8 31
51.9 32
52 35
52.1 37
52.2 38
52.3 40
52.4 44
52.5 45
52.6 32
52.7 29
52.8 23
52.9 23
53 19
53.1 21
53.2 28
53.3 32
53.4 22
53.5 25
53.6 30
53.7 32
53.8 35
53.9 39
54 49
54.1 43
54.2 34
54.3 30
54.4 24
54.5 24
54.6 23
54.7 23
54.8 34
54.9 29
55 24
55.1 29
55.2 29
55.3 33
55.4 34
55.5 37
55.6 51
55.7 34
55.8 29
55.9 26
56 14
56.1 0
56.2 0
56.3 0
56.4 10
56.5 0
56.6 1
56.7 0
56.8 0
56.9 0
57 0
57.1 0
57.2 0
57.3 0
57.4 0
57.5 0
57.6 0
57.7 0
57.8 0
57.9 0
58 0
58.1 0
58.2 0
58.3 0
58.4 0
58.5 0
58.6 0
58.7 0
58.8 0
58.9 0
59 0
59.1 0
59.2 0
59.3 0
59.4 0
59.5 0
59.6 0
59.7 0
59.8 0
59.9 0
60 0
60.1 0
60.2 0
60.3 0
60.4 0
60.5 0
60.6 0
60.7 0
60.8 0
60.9 0
61 0
61.1 0
61.2 0
61.3 0
61.4 0
61.5 0
61.6 0
61.7 0
61.8 0
61.9 0
62 0
62.1 0
62.2 1
62.3 0
62.4 0
62.5 0
62.6 2
62.7 4
62.8 6
62.9 5
63 9
63.1 12
63.2 13
63.3 15
63.4 15
63.5 15
63.6 19
63.7 21
63.8 23
63.9 25
64 22
64.1 25
64.2 27
64.3 29
64.4 26
64.5 33
64.6 37
64.7 41
64.8 45
64.9 48
65 49
65.1 48
65.2 48
65.3 16
65.4 16
65.5 0
65.6 9
65.7 18
65.8 21
65.9 23
66 14
66.1 18
66.2 18
66.3 22
66.4 25
66.5 24
66.6 25
66.7 25
66.8 30
66.9 32
67 31
67.1 32
67.2 21
67.3 0
67.4 0
67.5 0
67.6 4
67.7 28
67.8 35
67.9 43
68 50
68.1 47
68.2 39
68.3 6
68.4 13
68.5 8
68.6 7
68.7 9
68.8 10
68.9 12
69 15
69.1 16
69.2 18
69.3 26
69.4 32
69.5 27
69.6 25
69.7 32
69.8 34
69.9 36
70 38
70.1 38
70.2 39
70.3 40
70.4 41
70.5 43
70.6 49
70.7 43
70.8 31
70.9 8
71 3
71.1 0
71.2 1
71.3 7
71.4 11
71.5 14
71.6 17
71.7 22
71.8 36
71.9 26
72 23
72.1 32
72.2 36
72.3 41
72.4 43
72.5 46
72.6 48
72.7 49
72.8 50
72.9 48
73 16
73.1 14
73.2 13
73.3 0
73.4 0
73.5 5
73.6 17
73.7 22
73.8 24
73.9 34
74 44
74.1 31
74.2 30
74.3 37
74.4 41
74.5 45
74.6 45
74.7 48
74.8 50
74.9 49
75 49
75.1 32
75.2 18
75.3 15
75.4 21
75.5 22
75.6 26
75.7 29
75.8 30
75.9 32
76 40
76.1 48
76.2 33
76.3 29
76.4 23
76.5 21
76.6 19
76.7 17
76.8 20
76.9 21
77 22
77.1 37
77.2 31
77.3 20
77.4 25
77.5 29
77.6 35
77.7 37
77.8 40
77.9 44
78 46
78.1 51
78.2 47
78.3 30
78.4 20
78.5 24
78.6 0
78.7 0
78.8 4
78.9 18
79 29
79.1 36
79.2 50
79.3 37
79.4 27
79.5 29
79.6 13
79.7 0
79.8 0
79.9 1
80 3
80.1 20
80.2 42
80.3 26
80.4 26
80.5 31
80.6 38
80.7 40
80.8 43
80.9 46
81 50
81.1 51
81.2 41
81.3 21
81.4 20
81.5 0
81.6 0
81.7 0
81.8 7
81.9 20
82 34
82.1 49
82.2 35
82.3 40
82.4 43
82.5 38
82.6 0
82.7 0
82.8 0
82.9 14
83 38
83.1 22
83.2 23
83.3 27
83.4 32
83.5 34
83.6 39
83.7 42
83.8 46
83.9 51
84 36
84.1 25
84.2 30
84.3 16
84.4 0
84.5 0
84.6 0
84.7 0
84.8 21
84.9 14
85 19
85.1 24
85.2 35
85.3 34
85.4 46
85.5 49
85.6 51
85.7 41
85.8 27
85.9 29
86 30
86.1 0
86.2 0
86.3 0
86.4 0
86.5 19
86.6 17
86.7 14
86.8 22
86.9 30
87 31
87.1 41
87.2 43
87.3 50
87.4 43
87.5 35
87.6 33
87.7 35
87.8 0
87.9 0
88 0
88.1 0
88.2 17
88.3 1
88.4 3
88.5 13
88.6 18
88.7 22
88.8 31
88.9 31
89 48
89.1 44
89.2 38
89.3 35
89.4 33
89.5 0
89.6 0
89.7 0
89.8 0
89.9 9
90 0
90.1 0
90.2 2
90.3 7
90.4 10
90.5 15
90.6 18
90.7 32
90.8 32
90.9 25
91 27
91.1 31
91.2 34
91.3 34
91.4 35
91.5 39
91.6 48
91.7 32
91.8 26
91.9 27
92 0
92.1 0
92.2 0
92.3 0
92.4 1
92.5 1
92.6 0
92.7 4
92.8 9
92.9 12
93 19
93.1 22
93.2 30
93.3 43
93.4 28
93.5 33
93.6 34
93.7 38
93.8 41
93.9 43
94 46
94.1 48
94.2 33
94.3 27
94.4 31
94.5 0
94.6 0
94.7 0
94.8 0
94.9 7
95 2
95.1 0
95.2 7
95.3 11
95.4 13
95.5 22
95.6 26
95.7 36
95.8 46
95.9 33
96 37
96.1 32
96.2 34
96.3 32
96.4 36
96.5 37
96.6 48
96.7 30
96.8 29
96.9 29
97 3
97.1 0
97.2 0
97.3 0
97.4 3
97.5 0
97.6 0
97.7 0
97.8 6
97.9 7
98 13
98.1 19
98.2 29
98.3 36
98.4 22
98.5 26
98.6 26
98.7 28
98.8 27
98.9 29
99 34
99.1 49
99.2 32
99.3 31
99.4 34
99.5 35
99.6 38
99.7 38
99.8 39
99.9 51
100 32
