0.1 0.06272
0.2 0.10816
0.3 0.12064
0.4 0.13312
0.5 0.13728
0.6 0.13312
0.7 0.1456
0.8 0.1456
0.9 0.14144
1 0.1456
1.1 0.1456
1.2 0.1456
1.3 0.14144
1.4 0.1456
1.5 0.1456
1.6 0.1456
1.7 0.14144
1.8 0.1456
1.9 0.16224
2 0.15808
2.1 0.15808
2.2 0.15808
2.3 0.3216
2.4 0.46816
2.5 0.43776
2.6 0.33248
2.7 0.15392
2.8 0.16224
2.9 0.16224
3 0.15392
3.1 0.1664
3.2 0.15808
3.3 0.16224
3.4 0.15808
3.5 0.15808
3.6 0.1664
3.7 0.15392
3.8 0.17056
3.9 0.15808
4 0.17056
4.1 0.15808
4.2 0.17056
4.3 0.1664
4.4 0.1664
4.5 0.1664
4.6 0.16224
4.7 0.17056
4.8 0.16224
4.9 0.17056
5 0.16224
5.1 0.17472
5.2 0.15808
5.3 0.17472
5.4 0.15808
5.5 0.17056
5.6 0.16224
5.7 0.17056
5.8 0.1664
5.9 0.1664
6 0.1664
6.1 0.17056
6.2 0.16224
6.3 0.17056
6.4 0.1664
6.5 0.17056
6.6 0.1664
6.7 0.16224
6.8 0.35488
6.9 0.384
7 0.20928
7.1 0.1664
7.2 0.16224
7.3 0.1664
7.4 0.1664
7.5 0.1664
7.6 0.1664
7.7 0.1664
7.8 0.17056
7.9 0.16224
8 0.17056
8.1 0.1664
8.2 0.1664
8.3 0.1664
8.4 0.1664
8.5 0.1664
8.6 0.17056
8.7 0.1664
8.8 0.1664
8.9 0.1664
9 0.1664
9.1 0.17056
9.2 0.1664
9.3 0.17056
9.4 0.16224
9.5 0.17056
9.6 0.17056
9.7 0.1664
9.8 0.1664
9.9 0.1664
10 0.1664
10.1 0.17056
10.2 0.1664
10.3 0.17056
10.4 0.17056
10.5 0.17056
10.6 0.17056
10.7 0.1664
10.8 0.1664
10.9 0.17056
11 0.17056
11.1 0.1664
11.2 0.1664
11.3 0.1664
11.4 0.17056
11.5 0.1664
11.6 0.1664
11.7 0.1664
11.8 0.1664
11.9 0.17056
12 0.1664
12.1 0.1664
12.2 0.1664
12.3 0.17056
12.4 0.1664
12.5 0.1664
12.6 0.17056
12.7 0.1664
12.8 0.1664
12.9 0.1664
13 0.17056
13.1 0.1664
13.2 0.1664
13.3 0.17056
13.4 0.1664
13.5 0.1664
13.6 0.1664
13.7 0.17056
13.8 0.1664
13.9 0.37792
14 0.384
14.1 0.18752
14.2 0.1664
14.3 0.1664
14.4 0.1664
14.5 0.1664
14.6 0.1664
14.7 0.1664
14.8 0.1664
14.9 0.1664
15 0.17056
15.1 0.1664
15.2 0.1664
15.3 0.1664
15.4 0.1664
15.5 0.1664
15.6 0.1664
15.7 0.1664
15.8 0.1664
15.9 0.17056
16 0.1664
16.1 0.1664
16.2 0.1664
16.3 0.1664
16.4 0.1664
16.5 0.1664
16.6 0.1664
16.7 0.1664
16.8 0.17056
16.9 0.1664
17 0.1664
17.1 0.1664
17.2 0.1664
17.3 0.17056
17.4 0.1664
17.5 0.1664
17.6 0.1664
17.7 0.1664
17.8 0.1664
17.9 0.38272
18 0.384
18.1 0.17856
18.2 0.17056
18.3 0.1664
18.4 0.1664
18.5 0.16224
18.6 0.17056
18.7 0.1664
18.8 0.16224
18.9 0.1664
19 0.1664
19.1 0.1664
19.2 0.1664
19.3 0.1664
19.4 0.1664
19.5 0.1664
19.6 0.1664
19.7 0.1664
19.8 0.1664
19.9 0.1664
20 0.1664
20.1 0.16224
20.2 0.1664
20.3 0.16224
20.4 0.1664
20.5 0.1664
20.6 0.16224
20.7 0.16224
20.8 0.1664
20.9 0.1664
21 0.16224
21.1 0.38688
21.2 0.464
21.3 0.3168
21.4 0.15808
21.5 0.15808
21.6 0.15808
21.7 0.16224
21.8 0.15808
21.9 0.15808
22 0.15808
22.1 0.15392
22.2 0.15392
22.3 0.15808
22.4 0.14976
22.5 0.15392
22.6 0.14976
22.7 0.15392
22.8 0.1456
22.9 0.14976
23 0.1456
23.1 0.1456
23.2 0.14144
23.3 0.14144
23.4 0.14144
23.5 0.13728
23.6 0.14144
23.7 0.1456
23.8 0.13728
23.9 0.14144
24 0.13728
24.1 0.3184
24.2 0.35904
24.3 0.1888
24.4 0.13728
24.5 0.13728
24.6 0.13728
24.7 0.13312
24.8 0.13312
24.9 0.12896
25 0.1248
25.1 0.1248
25.2 0.12064
25.3 0.12896
25.4 0.13312
25.5 0.1248
25.6 0.1248
25.7 0.1248
25.8 0.1248
25.9 0.19616
26 0.3152
26.1 0.29792
26.2 0.24032
26.3 0.11648
26.4 0.11232
26.5 0.11232
26.6 0.104
26.7 0.10816
26.8 0.09984
26.9 0.11648
27 0.10816
27.1 0.10816
27.2 0.10816
27.3 0.104
27.4 0.104
27.5 0.104
27.6 0.10816
27.7 0.104
27.8 0.104
27.9 0.104
28 0.22496
28.1 0.29184
28.2 0.23616
28.3 0.10944
28.4 0.11232
28.5 0.104
28.6 0.09984
28.7 0.09568
28.8 0.09568
28.9 0.09568
29 0.09568
29.1 0.08736
29.2 0.08736
29.3 0.09568
29.4 0.09568
29.5 0.09568
29.6 0.09152
29.7 0.08736
29.8 0.09152
29.9 0.08736
30 0.09152
30.1 0.08736
30.2 0.08736
30.3 0.1392
30.4 0.22496
30.5 0.23104
30.6 0.10048
30.7 0.06656
30.8 0.0832
30.9 0.07488
31 0.07904
31.1 0.07488
31.2 0.07488
31.3 0.0832
31.4 0.07072
31.5 0.08704
31.6 0.25536
31.7 0.16064
31.8 0.06656
31.9 0.0624
32 0.06656
32.1 0.06656
32.2 0.06656
32.3 0.06656
32.4 0.07072
32.5 0.0624
32.6 0.05824
32.7 0.07072
32.8 0.06656
32.9 0.07072
33 0.06656
33.1 0.06656
33.2 0.0624
33.3 0.0624
33.4 0.06656
33.5 0.0624
33.6 0.07392
33.7 0.09856
33.8 0.13376
33.9 0.10944
34 0.09056
34.1 0.03744
34.2 0.05824
34.3 0.04992
34.4 0.04992
34.5 0.04992
34.6 0.0944
34.7 0.12768
34.8 0.07904
34.9 0.06688
35 0.0912
35.1 0.14592
35.2 0.09728
35.3 0.11552
35.4 0.10336
35.5 0.09728
35.6 0.08512
35.7 0.0528
35.8 0
35.9 0
36 0.00416
36.1 0.00416
36.2 0.00832
36.3 0.01664
36.4 0.03328
36.5 0.04576
36.6 0.01664
36.7 0.0416
36.8 0.02496
36.9 0.02912
37 0.02912
37.1 0.02912
37.2 0.04448
37.3 0.08704
37.4 0.04576
37.5 0.02496
37.6 0.0208
37.7 0.02496
37.8 0.0208
37.9 0.02912
38 0.02912
38.1 0.0208
38.2 0.03328
38.3 0.02496
38.4 0.03744
38.5 0.02496
38.6 0.04576
38.7 0.02496
38.8 0.03744
38.9 0.02912
39 0.03744
39.1 0.02912
39.2 0.03744
39.3 0.03744
39.4 0.03328
39.5 0.03744
39.6 0.02912
39.7 0.0416
39.8 0.02496
39.9 0.0416
40 0.02912
40.1 0.0416
40.2 0.03328
40.3 0.03328
40.4 0.0416
40.5 0.02912
40.6 0.03744
40.7 0.03328
40.8 0.0416
40.9 0.03744
41 0.03328
41.1 0.0416
41.2 0.02912
41.3 0.03744
41.4 0.03744
41.5 0.03744
41.6 0.0416
41.7 0.02912
41.8 0.0416
41.9 0.03328
42 0.03744
42.1 0.0416
42.2 0.03744
42.3 0.0416
42.4 0.03744
42.5 0.0416
42.6 0.03744
42.7 0.0416
42.8 0.04576
42.9 0.03744
43 0.05408
43.1 0.03328
43.2 0.04992
43.3 0.0416
43.4 0.04576
43.5 0.04992
43.6 0.05408
43.7 0.0416
43.8 0.05408
43.9 0.04992
44 0.05824
44.1 0.04576
44.2 0.0624
44.3 0.05408
44.4 0.09024
44.5 0.12224
44.6 0.15712
44.7 0.09696
44.8 0.09344
44.9 0.0832
45 0.05408
45.1 0.06656
45.2 0.07072
45.3 0.05408
45.4 0.05824
45.5 0.05408
45.6 0.0624
45.7 0.05408
45.8 0.05408
45.9 0.05824
46 0.0624
46.1 0.05824
46.2 0.05824
46.3 0.07072
46.4 0.13728
46.5 0.1664
46.6 0.16224
46.7 0.104
46.8 0.0832
46.9 0.07488
47 0.07072
47.1 0.05824
47.2 0.06656
47.3 0.0624
47.4 0.0624
47.5 0.0624
47.6 0.0624
47.7 0.05824
47.8 0.06656
47.9 0.05408
48 0.1632
48.1 0.12416
48.2 0.04992
48.3 0.05408
48.4 0.05824
48.5 0.05408
48.6 0.0624
48.7 0.04576
48.8 0.07072
48.9 0.05408
49 0.0624
49.1 0.05824
49.2 0.05824
49.3 0.05824
49.4 0.05824
49.5 0.05984
49.6 0.19456
49.7 0.128
49.8 0.04992
49.9 0.07488
50 0.07488
50.1 0.05824
50.2 0.05408
50.3 0.0624
50.4 0.05408
50.5 0.0624
50.6 0.05824
50.7 0.05824
50.8 0.05824
50.9 0.05408
51 0.04992
51.1 0.05824
51.2 0.05408
51.3 0.05824
51.4 0.05408
51.5 0.05408
51.6 0.04992
51.7 0.05408
51.8 0.04992
51.9 0.04992
52 0.05408
52.1 0.05408
52.2 0.04992
52.3 0.05408
52.4 0.04576
52.5 0.05408
52.6 0.04576
52.7 0.09888
52.8 0.1152
52.9 0.05728
53 0.03744
53.1 0.04576
53.2 0.04576
53.3 0.0416
53.4 0.04576
53.5 0.04576
53.6 0.04576
53.7 0.04992
53.8 0.04576
53.9 0.04992
54 0.0416
54.1 0.04992
54.2 0.03744
54.3 0.12992
54.4 0.10336
54.5 0.04352
54.6 0.03744
54.7 0.0416
54.8 0.03744
54.9 0.03744
55 0.03744
55.1 0.0416
55.2 0.0416
55.3 0.0416
55.4 0.03744
55.5 0.0416
55.6 0.0416
55.7 0.0416
55.8 0.03456
55.9 0.11968
56 0.07968
56.1 0.02912
56.2 0.05408
56.3 0.05408
56.4 0.04992
56.5 0.03328
56.6 0.04576
56.7 0.04576
56.8 0.04576
56.9 0.14144
57 0.15392
57.1 0.14144
57.2 0.08736
57.3 0.06656
57.4 0.05824
57.5 0.05824
57.6 0.05824
57.7 0.04992
57.8 0.05824
57.9 0.05824
58 0.05824
58.1 0.05824
58.2 0.0624
58.3 0.05824
58.4 0.05408
58.5 0.05824
58.6 0.0624
58.7 0.05824
58.8 0.05824
58.9 0.05408
59 0.05824
59.1 0.0624
59.2 0.05824
59.3 0.05824
59.4 0.05824
59.5 0.0624
59.6 0.05824
59.7 0.0624
59.8 0.05824
59.9 0.05824
60 0.0624
60.1 0.05824
60.2 0.0624
60.3 0.05824
60.4 0.05824
60.5 0.0624
60.6 0.0624
60.7 0.0624
60.8 0.0624
60.9 0.05824
61 0.06656
61.1 0.05824
61.2 0.0624
61.3 0.06656
61.4 0.05824
61.5 0.07072
61.6 0.0624
61.7 0.0624
61.8 0.07072
61.9 0.0624
62 0.07072
62.1 0.07072
62.2 0.06656
62.3 0.07488
62.4 0.07488
62.5 0.07488
62.6 0.07488
62.7 0.07904
62.8 0.07488
62.9 0.07904
63 0.08736
63.1 0.07904
63.2 0.0832
63.3 0.09152
63.4 0.07488
63.5 0.09568
63.6 0.0832
63.7 0.09568
63.8 0.09984
63.9 0.0832
64 0.11232
64.1 0.0832
64.2 0.12064
64.3 0.09568
64.4 0.10816
64.5 0.11648
64.6 0.09984
64.7 0.1248
64.8 0.09568
64.9 0.1248
65 0.09568
65.1 0.13312
65.2 0.12704
65.3 0.37408
65.4 0.29184
65.5 0.17408
65.6 0.12896
65.7 0.11232
65.8 0.12064
65.9 0.104
66 0.11648
66.1 0.11648
66.2 0.1248
66.3 0.13312
66.4 0.11232
66.5 0.13312
66.6 0.12064
66.7 0.12896
66.8 0.1248
66.9 0.1248
67 0.13728
67.1 0.11232
67.2 0.14144
67.3 0.12064
67.4 0.17056
67.5 0.1664
67.6 0.1664
67.7 0.17056
67.8 0.13728
67.9 0.13312
68 0.1248
68.1 0.12896
68.2 0.11648
68.3 0.3216
68.4 0.37696
68.5 0.15552
68.6 0.11648
68.7 0.12064
68.8 0.11232
68.9 0.11648
69 0.12064
69.1 0.11648
69.2 0.11648
69.3 0.11648
69.4 0.11232
69.5 0.10816
69.6 0.10816
69.7 0.12064
69.8 0.10816
69.9 0.11232
70 0.10816
70.1 0.10816
70.2 0.10816
70.3 0.10816
70.4 0.10816
70.5 0.10816
70.6 0.10816
70.7 0.104
70.8 0.13824
70.9 0.31616
71 0.28416
71.1 0.09984
71.2 0.12064
71.3 0.10816
71.4 0.104
71.5 0.104
71.6 0.104
71.7 0.09984
71.8 0.104
71.9 0.09568
72 0.09568
72.1 0.10816
72.2 0.09984
72.3 0.09984
72.4 0.09568
72.5 0.09984
72.6 0.09568
72.7 0.09984
72.8 0.09568
72.9 0.14528
73 0.21632
73.1 0.21888
73.2 0.23712
73.3 0.09888
73.4 0.12064
73.5 0.09152
73.6 0.09568
73.7 0.09152
73.8 0.08736
73.9 0.08736
74 0.08736
74.1 0.07488
74.2 0.0832
74.3 0.08736
74.4 0.0832
74.5 0.08736
74.6 0.07904
74.7 0.0832
74.8 0.0832
74.9 0.07904
75 0.1056
75.1 0.19008
75.2 0.15616
75.3 0.1824
75.4 0.15168
75.5 0.06656
75.6 0.07072
75.7 0.07072
75.8 0.06656
75.9 0.07072
76 0.06656
76.1 0.07072
76.2 0.05824
76.3 0.11648
76.4 0.2128
76.5 0.11424
76.6 0.05824
76.7 0.05824
76.8 0.05408
76.9 0.05824
77 0.05824
77.1 0.0624
77.2 0.05408
77.3 0.04992
77.4 0.07072
77.5 0.05408
77.6 0.0624
77.7 0.05408
77.8 0.0624
77.9 0.05408
78 0.05824
78.1 0.05408
78.2 0.05824
78.3 0.0496
78.4 0.10336
78.5 0.13376
78.6 0.09184
78.7 0.06656
78.8 0.05824
78.9 0.05408
79 0.05824
79.1 0.04576
79.2 0.05408
79.3 0.0416
79.4 0.03712
79.5 0.13376
79.6 0.07904
79.7 0.07584
79.8 0.05824
79.9 0.05408
80 0.03744
80.1 0.05408
80.2 0.04576
80.3 0.02912
80.4 0.04576
80.5 0.0416
80.6 0.04576
80.7 0.03744
80.8 0.04576
80.9 0.03328
81 0.0416
81.1 0.03744
81.2 0.03744
81.3 0.03072
81.4 0.07904
81.5 0.01216
81.6 0.08832
81.7 0.04224
81.8 0.0416
81.9 0.0416
82 0.03328
82.1 0.03744
82.2 0.02496
82.3 0.03936
82.4 0.0816
82.5 0.0528
82.6 0.0352
82.7 0.0416
82.8 0.02912
82.9 0.0416
83 0.03328
83.1 0.02496
83.2 0.03744
83.3 0.02912
83.4 0.03328
83.5 0.02912
83.6 0.03328
83.7 0.02912
83.8 0.02912
83.9 0.02912
84 0.02912
84.1 0.00896
84.2 0.08704
84.3 0.03552
84.4 0.03648
84.5 0.0416
84.6 0.03744
84.7 0.03328
84.8 0.02496
84.9 0.03744
85 0.02496
85.1 0.02496
85.2 0.0416
85.3 0.01664
85.4 0.0416
85.5 0.0208
85.6 0.03328
85.7 0.0208
85.8 0.01376
85.9 0.06624
86 0.0176
86.1 0.05984
86.2 0.03392
86.3 0.03328
86.4 0.01664
86.5 0.02496
86.6 0.03744
86.7 0.0208
86.8 0.02496
86.9 0.03328
87 0.01248
87.1 0.03328
87.2 0.0208
87.3 0.02496
87.4 0.0208
87.5 0.01664
87.6 0.0384
87.7 0.0288
87.8 0.04736
87.9 0.00832
88 0.03328
88.1 0.03328
88.2 0.03744
88.3 0.0208
88.4 0.01664
88.5 0.03744
88.6 0.02496
88.7 0.01664
88.8 0.03744
88.9 0.01664
89 0.02912
89.1 0.01664
89.2 0.02496
89.3 0.05312
89.4 0.05984
89.5 0.01856
89.6 0.0208
89.7 0.03328
89.8 0.03328
89.9 0.02912
90 0.02912
90.1 0.02496
90.2 0.02912
90.3 0.02912
90.4 0.02912
90.5 0.02912
90.6 0.02496
90.7 0.02496
90.8 0.02496
90.9 0.02496
91 0.02496
91.1 0.02496
91.2 0.02912
91.3 0.02496
91.4 0.02496
91.5 0.02496
91.6 0.02496
91.7 0.0208
91.8 0.01792
91.9 0.0576
92 0.0336
92.1 0.02624
92.2 0.03328
92.3 0.03328
92.4 0.03328
92.5 0.02496
92.6 0.01664
92.7 0.03328
92.8 0.03328
92.9 0.0208
93 0.02912
93.1 0.02912
93.2 0.01664
93.3 0.02912
93.4 0.0208
93.5 0.02912
93.6 0.02496
93.7 0.02496
93.8 0.02496
93.9 0.0208
94 0.02496
94.1 0.02496
94.2 0.0208
94.3 0.02336
94.4 0.0576
94.5 0.024
94.6 0.02624
94.7 0.03328
94.8 0.03328
94.9 0.03328
95 0.0208
95.1 0.0208
95.2 0.03328
95.3 0.02912
95.4 0.0208
95.5 0.03328
95.6 0.02496
95.7 0.0208
95.8 0.02496
95.9 0.01664
96 0.04544
96.1 0.048
96.2 0.04192
96.3 0.01248
96.4 0.02496
96.5 0.01248
96.6 0.0208
96.7 0.01664
96.8 0.01248
96.9 0.0576
97 0.0192
97.1 0.03584
97.2 0.02912
97.3 0.02496
97.4 0.02496
97.5 0.01664
97.6 0.0208
97.7 0.02496
97.8 0.02496
97.9 0.01664
98 0.02496
98.1 0.02496
98.2 0.01248
98.3 0.02496
98.4 0.01248
98.5 0.02496
98.6 0.01664
98.7 0.0208
98.8 0.01664
98.9 0.01664
99 0.0208
99.1 0.01664
99.2 0.0208
99.3 0.01248
99.4 0.02496
99.5 0.01664
99.6 0.01664
99.7 0.01664
99.8 0.0208
99.9 0.01664
100 0.0208
