0.1 6.72864
0.2 11.52
0.3 8.64
0.4 8.04
0.5 8.4
0.6 8.04
0.7 8.52
0.8 8.88
0.9 8.76
1 8.88
1.1 8.52
1.2 8.88
1.3 8.76
1.4 8.88
1.5 8.52
1.6 8.76
1.7 8.88
1.8 8.76
1.9 9.6
2 9.6
2.1 9.84
2.2 9.36
2.3 5.76
2.4 7.2
2.5 9.24
2.6 9.72
2.7 9.12
2.8 9.6
2.9 9.6
3 9.24
3.1 9.84
3.2 9.36
3.3 9.72
3.4 9.6
3.5 9.36
3.6 9.6
3.7 9
3.8 10.08
3.9 9.36
4 9.96
4.1 9.36
4.2 10.08
4.3 9.48
4.4 10.08
4.5 9.72
4.6 9.72
4.7 9.72
4.8 9.72
4.9 9.72
5 9.48
5.1 9.96
5.2 9.48
5.3 10.08
5.4 9.24
5.5 10.08
5.6 9.24
5.7 9.84
5.8 9.72
5.9 9.6
6 9.72
6.1 9.6
6.2 9.96
6.3 9.6
6.4 9.6
6.5 9.6
6.6 9.84
6.7 9.6
6.8 4.32
6.9 9.24
7 9.72
7.1 10.2
7.2 9.48
7.3 9.84
7.4 9.84
7.5 10.08
7.6 9.6
7.7 9.84
7.8 9.84
7.9 9.84
8 10.08
8.1 9.84
8.2 9.84
8.3 9.84
8.4 9.72
8.5 10.08
8.6 9.72
8.7 9.84
8.8 9.72
8.9 9.72
9 9.96
9.1 9.72
9.2 9.72
9.3 10.08
9.4 9.6
9.5 9.72
9.6 9.72
9.7 9.72
9.8 9.84
9.9 9.72
10 9.6
10.1 9.96
10.2 9.6
10.3 9.96
10.4 9.84
10.5 9.6
10.6 9.96
10.7 9.84
10.8 9.84
10.9 9.6
11 9.6
11.1 9.84
11.2 9.6
11.3 9.6
11.4 9.84
11.5 9.6
11.6 9.6
11.7 9.6
11.8 9.6
11.9 9.84
12 9.6
12.1 9.6
12.2 9.6
12.3 9.84
12.4 9.6
12.5 9.6
12.6 9.84
12.7 9.6
12.8 9.6
12.9 9.84
13 9.6
13.1 9.6
13.2 9.6
13.3 9.72
13.4 9.84
13.5 9.6
13.6 9.72
13.7 9.84
13.8 9.6
13.9 3.96
14 9.6
14.1 9.72
14.2 10.2
14.3 9.96
14.4 9.84
14.5 9.96
14.6 9.84
14.7 10.08
14.8 9.96
14.9 9.84
15 9.84
15.1 9.72
15.2 9.72
15.3 9.72
15.4 9.84
15.5 9.72
15.6 9.72
15.7 9.84
15.8 9.72
15.9 9.72
16 9.72
16.1 9.96
16.2 9.72
16.3 9.72
16.4 9.72
16.5 9.72
16.6 9.72
16.7 9.72
16.8 9.6
16.9 9.96
17 9.6
17.1 9.72
17.2 9.6
17.3 9.72
17.4 9.84
17.5 9.72
17.6 9.6
17.7 9.72
17.8 9.6
17.9 4.08
18 9.6
18.1 9.6
18.2 10.08
18.3 9.84
18.4 9.84
18.5 9.84
18.6 9.6
18.7 9.84
18.8 10.2
18.9 9.6
19 9.84
19.1 9.84
19.2 9.72
19.3 9.84
19.4 9.84
19.5 9.72
19.6 9.84
19.7 9.84
19.8 9.72
19.9 9.72
20 9.72
20.1 9.48
20.2 9.72
20.3 9.48
20.4 9.72
20.5 9.48
20.6 9.72
20.7 9.72
20.8 9.36
20.9 9.48
21 9.72
21.1 3.84
21.2 9.36
21.3 9
21.4 9.48
21.5 9.6
21.6 9.24
21.7 9.36
21.8 9.24
21.9 9.24
22 9.24
22.1 9.12
22.2 9
22.3 9.24
22.4 9
22.5 8.76
22.6 9
22.7 8.76
22.8 8.64
22.9 8.52
23 8.76
23.1 8.16
23.2 8.52
23.3 8.16
23.4 8.28
23.5 7.92
23.6 8.04
23.7 8.64
23.8 7.92
23.9 8.04
24 7.92
24.1 4.2
24.2 7.2
24.3 7.32
24.4 8.16
24.5 7.8
24.6 8.52
24.7 7.92
24.8 7.56
24.9 7.68
25 7.68
25.1 7.44
25.2 7.32
25.3 7.44
25.4 7.92
25.5 7.32
25.6 7.44
25.7 7.32
25.8 7.44
25.9 6.36
26 3.72
26.1 6.84
26.2 6.36
26.3 6.84
26.4 6.84
26.5 6.36
26.6 6.36
26.7 6.24
26.8 6.12
26.9 6.84
27 6.36
27.1 6.24
27.2 6.12
27.3 6.36
27.4 6.12
27.5 6
27.6 6.12
27.7 6
27.8 6.36
27.9 5.76
28 4.32
28.1 4.08
28.2 5.4
28.3 6
28.4 6.6
28.5 6.12
28.6 5.64
28.7 5.88
28.8 5.64
28.9 5.4
29 5.64
29.1 5.4
29.2 5.04
29.3 5.64
29.4 5.64
29.5 5.28
29.6 5.64
29.7 5.04
29.8 5.4
29.9 5.04
30 5.4
30.1 5.04
30.2 5.16
30.3 3.96
30.4 3.24
30.5 4.8
30.6 4.56
30.7 3.96
30.8 4.92
30.9 4.44
31 4.8
31.1 4.44
31.2 4.8
31.3 4.68
31.4 4.2
31.5 3.6
31.6 3
31.7 3.96
31.8 3.96
31.9 3.6
32 3.96
32.1 3.72
32.2 4.2
32.3 4.08
32.4 3.96
32.5 3.6
32.6 3.48
32.7 4.2
32.8 3.84
32.9 4.44
33 3.6
33.1 3.96
33.2 3.84
33.3 3.6
33.4 3.72
33.5 3.6
33.6 3.72
33.7 1.56
33.8 3.48
33.9 2.28
34 3.96
34.1 2.28
34.2 3.48
34.3 2.76
34.4 3.24
34.5 3
34.6 2.16
34.7 1.68
34.8 1.68
34.9 1.2
35 1.8
35.1 2.28
35.2 2.28
35.3 2.16
35.4 2.04
35.5 1.92
35.6 0.6
35.7 0.12
35.8 0
35.9 0
36 0.24
36.1 0.48
36.2 0.96
36.3 1.92
36.4 2.88
36.5 2.28
36.6 1.08
36.7 3
36.8 1.44
36.9 1.8
37 1.56
37.1 2.04
37.2 0.72
37.3 1.8
37.4 0.84
37.5 1.92
37.6 0.96
37.7 1.8
37.8 1.32
37.9 1.68
38 1.56
38.1 1.56
38.2 1.68
38.3 1.8
38.4 1.92
38.5 1.8
38.6 1.92
38.7 2.16
38.8 2.28
38.9 1.44
39 2.4
39.1 1.68
39.2 2.16
39.3 1.44
39.4 2.4
39.5 2.16
39.6 1.68
39.7 2.16
39.8 1.92
39.9 2.16
40 1.68
40.1 2.4
40.2 1.92
40.3 2.16
40.4 1.92
40.5 1.92
40.6 2.4
40.7 1.68
40.8 2.4
40.9 2.16
41 1.92
41.1 2.4
41.2 1.68
41.3 2.16
41.4 2.16
41.5 2.28
41.6 2.16
41.7 1.92
41.8 2.4
41.9 2.04
42 1.92
42.1 2.52
42.2 2.4
42.3 2.52
42.4 2.16
42.5 2.52
42.6 2.28
42.7 2.4
42.8 2.52
42.9 2.52
43 3
43.1 2.28
43.2 3
43.3 2.28
43.4 3.12
43.5 3
43.6 3
43.7 2.88
43.8 3.6
43.9 2.52
44 3.84
44.1 2.76
44.2 3.84
44.3 3
44.4 3.48
44.5 1.92
44.6 2.88
44.7 2.28
44.8 3.36
44.9 3.96
45 3.72
45.1 4.2
45.2 4.32
45.3 3
45.4 3.72
45.5 2.88
45.6 3.72
45.7 3.24
45.8 3.48
45.9 3.48
46 3.6
46.1 3.24
46.2 3.36
46.3 4.2
46.4 7.8
46.5 9.12
46.6 9.72
46.7 6.24
46.8 5.04
46.9 4.32
47 4.2
47.1 3.36
47.2 4.08
47.3 3.36
47.4 3.84
47.5 3.36
47.6 3.84
47.7 3.36
47.8 3.6
47.9 3.36
48 2.76
48.1 2.64
48.2 3.12
48.3 3.24
48.4 3.36
48.5 3.48
48.6 3.48
48.7 3
48.8 3.96
48.9 3.24
49 3.96
49.1 3.12
49.2 3.72
49.3 3.48
49.4 3.36
49.5 2.76
49.6 2.52
49.7 2.64
49.8 3
49.9 4.44
50 4.08
50.1 3.48
50.2 3.48
50.3 3.6
50.4 3.24
50.5 3.6
50.6 3.36
50.7 3.48
50.8 3.12
50.9 3.36
51 3
51.1 3.12
51.2 3.36
51.3 3.36
51.4 2.88
51.5 3.36
51.6 2.88
51.7 3.12
51.8 2.88
51.9 2.88
52 3.12
52.1 3.12
52.2 2.88
52.3 2.88
52.4 2.88
52.5 3.12
52.6 2.64
52.7 2.28
52.8 2.04
52.9 2.64
53 2.28
53.1 2.76
53.2 2.76
53.3 2.52
53.4 2.52
53.5 3
53.6 2.76
53.7 2.88
53.8 2.76
53.9 2.76
54 2.64
54.1 3
54.2 2.16
54.3 2.16
54.4 1.68
54.5 2.4
54.6 2.16
54.7 2.28
54.8 2.4
54.9 2.28
55 2.16
55.1 2.76
55.2 2.16
55.3 2.52
55.4 2.16
55.5 2.4
55.6 2.52
55.7 2.16
55.8 2.16
55.9 1.56
56 1.92
56.1 1.8
56.2 3
56.3 3.24
56.4 2.76
56.5 2.28
56.6 3
56.7 2.4
56.8 2.76
56.9 7.8
57 8.88
57.1 8.4
57.2 5.16
57.3 3.84
57.4 3.72
57.5 3.36
57.6 3.12
57.7 3.12
57.8 3.48
57.9 3.36
58 3.12
58.1 3.6
58.2 3.36
58.3 3.36
58.4 3.36
58.5 3.12
58.6 3.6
58.7 3.6
58.8 3.12
58.9 3.36
59 3.36
59.1 3.36
59.2 3.6
59.3 3.36
59.4 3.36
59.5 3.36
59.6 3.6
59.7 3.6
59.8 3.36
59.9 3.36
60 3.36
60.1 3.6
60.2 3.36
60.3 3.6
60.4 3.36
60.5 3.48
60.6 3.84
60.7 3.6
60.8 3.48
60.9 3.6
61 3.6
61.1 3.72
61.2 3.6
61.3 3.72
61.4 3.72
61.5 3.84
61.6 3.72
61.7 3.96
61.8 3.96
61.9 3.72
62 4.44
62.1 3.96
62.2 4.2
62.3 4.2
62.4 4.44
62.5 4.8
62.6 4.2
62.7 5.04
62.8 4.44
62.9 4.56
63 5.28
63.1 4.8
63.2 5.04
63.3 5.28
63.4 4.8
63.5 6.12
63.6 4.8
63.7 5.76
63.8 6.12
63.9 5.16
64 6.84
64.1 5.04
64.2 7.2
64.3 5.16
64.4 7.08
64.5 6.6
64.6 6.6
64.7 7.44
64.8 5.88
64.9 7.92
65 5.88
65.1 8.28
65.2 5.88
65.3 4.2
65.4 5.88
65.5 6.48
65.6 7.44
65.7 6.84
65.8 7.2
65.9 6.24
66 6.96
66.1 6.96
66.2 7.44
66.3 7.56
66.4 6.96
66.5 7.92
66.6 7.08
66.7 7.56
66.8 7.2
66.9 7.56
67 7.8
67.1 6.84
67.2 8.28
67.3 6.84
67.4 9.96
67.5 9.72
67.6 9.48
67.7 10.2
67.8 8.16
67.9 7.8
68 7.2
68.1 7.56
68.2 6.72
68.3 3.36
68.4 7.56
68.5 6
68.6 6.84
68.7 7.08
68.8 6.84
68.9 6.84
69 6.84
69.1 6.84
69.2 6.84
69.3 6.84
69.4 6.84
69.5 6.12
69.6 6.24
69.7 7.08
69.8 6.36
69.9 6.48
70 6.36
70.1 6.24
70.2 6.6
70.3 6
70.4 6.36
70.5 6.24
70.6 6.48
70.7 6.12
70.8 5.28
70.9 3.48
71 6
71.1 5.88
71.2 6.84
71.3 6.48
71.4 6.24
71.5 6.12
71.6 6.12
71.7 6
71.8 6.24
71.9 5.64
72 5.64
72.1 6.48
72.2 5.88
72.3 6.12
72.4 5.64
72.5 5.88
72.6 5.64
72.7 5.88
72.8 5.4
72.9 5.16
73 2.52
73.1 5.4
73.2 4.68
73.3 5.04
73.4 6.6
73.5 5.64
73.6 5.88
73.7 5.4
73.8 5.16
73.9 5.16
74 4.92
74.1 4.56
74.2 4.92
74.3 5.16
74.4 4.92
74.5 5.04
74.6 4.68
74.7 4.8
74.8 4.92
74.9 4.56
75 4.56
75.1 2.76
75.2 3.72
75.3 3.48
75.4 4.44
75.5 3.96
75.6 4.2
75.7 4.44
75.8 3.6
75.9 4.2
76 3.96
76.1 4.08
76.2 3.48
76.3 3.48
76.4 2.76
76.5 3.24
76.6 3.24
76.7 3.12
76.8 3.72
76.9 3.48
77 3.36
77.1 3.72
77.2 3.12
77.3 3
77.4 3.84
77.5 3.24
77.6 3.96
77.7 3.12
77.8 3.6
77.9 3.24
78 3.36
78.1 3.12
78.2 3.12
78.3 2.64
78.4 1.56
78.5 3.24
78.6 2.52
78.7 4.08
78.8 3
78.9 3.72
79 3.48
79.1 2.76
79.2 3.24
79.3 2.4
79.4 1.8
79.5 2.16
79.6 1.8
79.7 2.64
79.8 3.48
79.9 3
80 2.16
80.1 3.48
80.2 2.64
80.3 2.04
80.4 2.4
80.5 2.4
80.6 2.76
80.7 2.16
80.8 2.4
80.9 2.28
81 2.4
81.1 2.16
81.2 2.16
81.3 0.84
81.4 1.08
81.5 1.08
81.6 2.16
81.7 2.88
81.8 3
81.9 2.28
82 2.28
82.1 2.28
82.2 1.44
82.3 1.8
82.4 1.2
82.5 1.68
82.6 1.32
82.7 2.52
82.8 1.68
82.9 2.52
83 1.92
83.1 1.68
83.2 2.04
83.3 1.68
83.4 1.92
83.5 1.8
83.6 1.92
83.7 1.68
83.8 1.92
83.9 1.68
84 1.68
84.1 0.36
84.2 1.68
84.3 0.96
84.4 1.68
84.5 2.52
84.6 2.28
84.7 1.56
84.8 1.44
84.9 2.52
85 1.56
85.1 1.68
85.2 2.28
85.3 0.96
85.4 2.4
85.5 1.32
85.6 1.92
85.7 1.2
85.8 0.72
85.9 0.96
86 0.84
86.1 1.2
86.2 2.16
86.3 1.68
86.4 1.32
86.5 1.68
86.6 2.28
86.7 0.96
86.8 1.68
86.9 1.68
87 0.84
87.1 2.16
87.2 0.96
87.3 1.68
87.4 0.96
87.5 1.2
87.6 0.72
87.7 0.96
87.8 1.08
87.9 0.84
88 2.04
88.1 2.04
88.2 2.16
88.3 0.84
88.4 1.44
88.5 2.04
88.6 1.44
88.7 1.32
88.8 1.92
88.9 0.96
89 1.68
89.1 1.08
89.2 1.44
89.3 0.84
89.4 1.32
89.5 0.72
89.6 1.32
89.7 1.92
89.8 1.8
89.9 2.04
90 1.68
90.1 1.08
90.2 2.16
90.3 1.68
90.4 1.56
90.5 1.68
90.6 1.68
90.7 1.32
90.8 1.44
90.9 1.44
91 1.68
91.1 1.44
91.2 1.68
91.3 1.2
91.4 1.44
91.5 1.44
91.6 1.44
91.7 1.44
91.8 0.48
91.9 1.44
92 0.84
92.1 1.32
92.2 2.04
92.3 1.8
92.4 1.68
92.5 1.8
92.6 1.2
92.7 2.04
92.8 1.68
92.9 1.32
93 1.92
93.1 1.44
93.2 1.2
93.3 1.8
93.4 0.96
93.5 1.68
93.6 1.2
93.7 1.68
93.8 1.44
93.9 1.44
94 1.44
94.1 1.2
94.2 1.44
94.3 0.48
94.4 1.56
94.5 0.48
94.6 1.32
94.7 2.04
94.8 2.04
94.9 1.92
95 1.32
95.1 1.2
95.2 2.04
95.3 1.44
95.4 1.2
95.5 2.04
95.6 1.44
95.7 1.44
95.8 1.56
95.9 0.96
96 1.44
96.1 0.6
96.2 1.32
96.3 0.84
96.4 1.44
96.5 1.08
96.6 1.32
96.7 0.96
96.8 0.72
96.9 1.08
97 0.48
97.1 1.44
97.2 1.68
97.3 1.8
97.4 1.2
97.5 0.96
97.6 1.44
97.7 1.32
97.8 1.44
97.9 0.96
98 1.44
98.1 1.44
98.2 0.96
98.3 1.2
98.4 0.72
98.5 1.44
98.6 0.96
98.7 1.2
98.8 0.96
98.9 1.2
99 1.2
99.1 0.96
99.2 0.96
99.3 0.96
99.4 1.2
99.5 0.96
99.6 1.2
99.7 0.96
99.8 0.96
99.9 0.96
100 1.2
