0.1 0.06688
0.2 0.06656
0.3 0.04992
0.4 0.0416
0.5 0.03328
0.6 0.0416
0.7 0.02912
0.8 0.02912
0.9 0.02912
1 0.02912
1.1 0.02912
1.2 0.02496
1.3 0.02912
1.4 0.02912
1.5 0.02912
1.6 0.02912
1.7 0.02912
1.8 0.02912
1.9 0.00832
2 0.01664
2.1 0.01248
2.2 0.01664
2.3 0.01664
2.4 0.02272
2.5 0.0528
2.6 0.00832
2.7 0.01664
2.8 0.01248
2.9 0.01248
3 0.01664
3.1 0.00832
3.2 0.01248
3.3 0.01248
3.4 0.01248
3.5 0.01664
3.6 0.00832
3.7 0.01664
3.8 0.00416
3.9 0.01664
4 0
4.1 0.01248
4.2 0.00416
4.3 0.00832
4.4 0.00832
4.5 0.00416
4.6 0.00832
4.7 0.00416
4.8 0.01248
4.9 0
5 0.01248
5.1 0
5.2 0.01248
5.3 0
5.4 0.01248
5.5 0.00416
5.6 0.01248
5.7 0
5.8 0.00832
5.9 0.00416
6 0.01248
6.1 0
6.2 0.00832
6.3 0.00416
6.4 0.00832
6.5 0.00416
6.6 0.00416
6.7 0.00832
6.8 0.00416
6.9 0.00832
7 0.00416
7.1 0.00832
7.2 0.00832
7.3 0.00416
7.4 0.00832
7.5 0.00832
7.6 0.00416
7.7 0.00832
7.8 0.00416
7.9 0.00832
8 0.00416
8.1 0.00832
8.2 0.00416
8.3 0.00832
8.4 0.00416
8.5 0.00832
8.6 0.00416
8.7 0.00416
8.8 0.00832
8.9 0.00416
9 0.00832
9.1 0.00416
9.2 0.00416
9.3 0.00416
9.4 0.00832
9.5 0.00416
9.6 0.00416
9.7 0.00832
9.8 0.00416
9.9 0.00416
10 0.00832
10.1 0.00416
10.2 0.00416
10.3 0.00416
10.4 0.00416
10.5 0.00416
10.6 0
10.7 0.00416
10.8 0.00832
10.9 0.00416
11 0.00416
11.1 0.00416
11.2 0.00416
11.3 0.00832
11.4 0.00416
11.5 0.00832
11.6 0.00416
11.7 0.00416
11.8 0.00832
11.9 0.00416
12 0.00416
12.1 0.00832
12.2 0.00416
12.3 0.00416
12.4 0.00832
12.5 0.00416
12.6 0.00416
12.7 0.00832
12.8 0.00416
12.9 0.00832
13 0.00416
13.1 0.00416
13.2 0.00832
13.3 0.00416
13.4 0.00416
13.5 0.00416
13.6 0.00832
13.7 0.00416
13.8 0.00416
13.9 0.00832
14 0.00416
14.1 0.00832
14.2 0.00832
14.3 0.00416
14.4 0.00832
14.5 0.00416
14.6 0.00832
14.7 0.00416
14.8 0.00832
14.9 0.00416
15 0.00832
15.1 0.00416
15.2 0.00832
15.3 0.00416
15.4 0.00832
15.5 0.00416
15.6 0.00832
15.7 0.00416
15.8 0.00832
15.9 0.00416
16 0.00832
16.1 0.00416
16.2 0.00832
16.3 0.00416
16.4 0.00832
16.5 0.00416
16.6 0.00832
16.7 0.00416
16.8 0.00832
16.9 0.00416
17 0.00832
17.1 0.00416
17.2 0.00416
17.3 0.00832
17.4 0.00416
17.5 0.00832
17.6 0.00416
17.7 0.00832
17.8 0.00416
17.9 0.00416
18 0.00832
18.1 0.00832
18.2 0.00832
18.3 0.00416
18.4 0.00832
18.5 0.00832
18.6 0.00416
18.7 0.00832
18.8 0.00832
18.9 0.00416
19 0.00832
19.1 0.00832
19.2 0.00416
19.3 0.00832
19.4 0.00832
19.5 0.00416
19.6 0.00832
19.7 0.00832
19.8 0.00416
19.9 0.00832
20 0.00832
20.1 0.00832
20.2 0.00832
20.3 0.00832
20.4 0.00832
20.5 0.00832
20.6 0.00832
20.7 0.00832
20.8 0.00832
20.9 0.00832
21 0.01248
21.1 0.01248
21.2 0.00832
21.3 0.01664
21.4 0.01664
21.5 0.01248
21.6 0.01248
21.7 0.01248
21.8 0.01664
21.9 0.01248
22 0.01664
22.1 0.0208
22.2 0.01664
22.3 0.01664
22.4 0.0208
22.5 0.0208
22.6 0.0208
22.7 0.02496
22.8 0.02496
22.9 0.02496
23 0.02496
23.1 0.02912
23.2 0.02912
23.3 0.03328
23.4 0.03328
23.5 0.03328
23.6 0.03328
23.7 0.02912
23.8 0.03328
23.9 0.03328
24 0.03328
24.1 0.03744
24.2 0.03328
24.3 0.05408
24.4 0.03328
24.5 0.03744
24.6 0.03744
24.7 0.03744
24.8 0.0416
24.9 0.04576
25 0.04576
25.1 0.04576
25.2 0.05408
25.3 0.0416
25.4 0.04576
25.5 0.04576
25.6 0.04576
25.7 0.04992
25.8 0.04992
25.9 0.04992
26 0.04992
26.1 0.07072
26.2 0.05408
26.3 0.05408
26.4 0.0624
26.5 0.0624
26.6 0.06656
26.7 0.06656
26.8 0.07072
26.9 0.05824
27 0.06656
27.1 0.0624
27.2 0.06656
27.3 0.06656
27.4 0.07072
27.5 0.06656
27.6 0.07072
27.7 0.06656
27.8 0.07072
27.9 0.06656
28 0.12608
28.1 0.168
28.2 0.13504
28.3 0.07072
28.4 0.05824
28.5 0.07072
28.6 0.07488
28.7 0.07488
28.8 0.07904
28.9 0.07904
29 0.07488
29.1 0.0832
29.2 0.08736
29.3 0.07488
29.4 0.07904
29.5 0.07904
29.6 0.0832
29.7 0.0832
29.8 0.0832
29.9 0.0832
30 0.0832
30.1 0.08736
30.2 0.0832
30.3 0.09984
30.4 0.09568
30.5 0.09152
30.6 0.09568
30.7 0.10816
30.8 0.09152
30.9 0.09568
31 0.09568
31.1 0.09568
31.2 0.09984
31.3 0.09152
31.4 0.09984
31.5 0.11232
31.6 0.08736
31.7 0.10816
31.8 0.10816
31.9 0.10816
32 0.10816
32.1 0.10816
32.2 0.104
32.3 0.104
32.4 0.104
32.5 0.11232
32.6 0.11232
32.7 0.104
32.8 0.10816
32.9 0.09984
33 0.10816
33.1 0.10816
33.2 0.10816
33.3 0.10816
33.4 0.10816
33.5 0.11232
33.6 0.11232
33.7 0.13312
33.8 0.12896
33.9 0.13728
34 0.10816
34.1 0.13728
34.2 0.11232
34.3 0.1248
34.4 0.12064
34.5 0.1248
34.6 0.12896
34.7 0.23776
34.8 0.3408
34.9 0.2416
35 0.14144
35.1 0.12064
35.2 0.14144
35.3 0.13312
35.4 0.13728
35.5 0.14144
35.6 0.14144
35.7 0.15808
35.8 0.17056
35.9 0.17056
36 0.17472
36.1 0.17056
36.2 0.16224
36.3 0.15808
36.4 0.13728
36.5 0.12896
36.6 0.15392
36.7 0.13312
36.8 0.1456
36.9 0.1456
37 0.1456
37.1 0.1456
37.2 0.14976
37.3 0.14144
37.4 0.15392
37.5 0.14976
37.6 0.14976
37.7 0.1456
37.8 0.15392
37.9 0.1456
38 0.14144
38.1 0.15392
38.2 0.14144
38.3 0.1456
38.4 0.13728
38.5 0.1456
38.6 0.12896
38.7 0.1456
38.8 0.13728
38.9 0.1456
39 0.13312
39.1 0.1456
39.2 0.13728
39.3 0.13728
39.4 0.13728
39.5 0.13728
39.6 0.14144
39.7 0.13312
39.8 0.1456
39.9 0.13312
40 0.1456
40.1 0.12896
40.2 0.14144
40.3 0.14144
40.4 0.12896
40.5 0.1456
40.6 0.13728
40.7 0.13728
40.8 0.13312
40.9 0.13312
41 0.14144
41.1 0.13312
41.2 0.14144
41.3 0.13728
41.4 0.13312
41.5 0.13728
41.6 0.13312
41.7 0.14144
41.8 0.13312
41.9 0.13728
42 0.13728
42.1 0.13312
42.2 0.13312
42.3 0.12896
42.4 0.13728
42.5 0.13312
42.6 0.13728
42.7 0.12896
42.8 0.12896
42.9 0.13312
43 0.12064
43.1 0.14144
43.2 0.12064
43.3 0.13312
43.4 0.1248
43.5 0.1248
43.6 0.12064
43.7 0.12896
43.8 0.12064
43.9 0.1248
44 0.11232
44.1 0.12896
44.2 0.10816
44.3 0.12064
44.4 0.11232
44.5 0.1248
44.6 0.22176
44.7 0.312
44.8 0.14656
44.9 0.09152
45 0.11648
45.1 0.10816
45.2 0.104
45.3 0.11648
45.4 0.11648
45.5 0.11648
45.6 0.11232
45.7 0.12064
45.8 0.11648
45.9 0.11232
46 0.11648
46.1 0.11232
46.2 0.11648
46.3 0.09984
46.4 0.03744
46.5 0.00832
46.6 0.00832
46.7 0.07072
46.8 0.08736
46.9 0.09984
47 0.104
47.1 0.11232
47.2 0.10816
47.3 0.10816
47.4 0.11232
47.5 0.11232
47.6 0.10816
47.7 0.11648
47.8 0.10816
47.9 0.11648
48 0.09984
48.1 0.12064
48.2 0.12064
48.3 0.12064
48.4 0.11648
48.5 0.11648
48.6 0.11232
48.7 0.1248
48.8 0.104
48.9 0.11648
49 0.11232
49.1 0.11232
49.2 0.12064
49.3 0.11232
49.4 0.11648
49.5 0.152
49.6 0.2496
49.7 0.2288
49.8 0.1248
49.9 0.09568
50 0.09984
50.1 0.11648
50.2 0.12064
50.3 0.10816
50.4 0.11648
50.5 0.11232
50.6 0.11648
50.7 0.11648
50.8 0.11232
50.9 0.11648
51 0.1248
51.1 0.11648
51.2 0.12064
51.3 0.11232
51.4 0.12064
51.5 0.11648
51.6 0.1248
51.7 0.12064
51.8 0.12064
51.9 0.1248
52 0.12064
52.1 0.11648
52.2 0.1248
52.3 0.12064
52.4 0.1248
52.5 0.12064
52.6 0.1248
52.7 0.12064
52.8 0.1248
52.9 0.13312
53 0.13312
53.1 0.1248
53.2 0.13312
53.3 0.12896
53.4 0.12896
53.5 0.1248
53.6 0.12896
53.7 0.1248
53.8 0.1248
53.9 0.1248
54 0.12896
54.1 0.1248
54.2 0.13312
54.3 0.1248
54.4 0.13312
54.5 0.13728
54.6 0.13312
54.7 0.13312
54.8 0.13312
54.9 0.13728
55 0.13728
55.1 0.12896
55.2 0.13312
55.3 0.13312
55.4 0.13312
55.5 0.13312
55.6 0.12896
55.7 0.13312
55.8 0.16256
55.9 0.2976
56 0.2672
56.1 0.1456
56.2 0.11648
56.3 0.12064
56.4 0.1248
56.5 0.14144
56.6 0.1248
56.7 0.1248
56.8 0.13312
56.9 0.02912
57 0.0208
57.1 0.02912
57.2 0.08736
57.3 0.104
57.4 0.11648
57.5 0.11648
57.6 0.11232
57.7 0.1248
57.8 0.11648
57.9 0.11232
58 0.11232
58.1 0.11648
58.2 0.11232
58.3 0.11648
58.4 0.11648
58.5 0.11232
58.6 0.11232
58.7 0.11648
58.8 0.11648
58.9 0.11648
59 0.11232
59.1 0.11232
59.2 0.11648
59.3 0.11232
59.4 0.11648
59.5 0.11232
59.6 0.11232
59.7 0.11232
59.8 0.11232
59.9 0.11648
60 0.11232
60.1 0.11232
60.2 0.11232
60.3 0.11232
60.4 0.11648
60.5 0.11232
60.6 0.11232
60.7 0.10816
60.8 0.11232
60.9 0.11232
61 0.10816
61.1 0.11232
61.2 0.11232
61.3 0.10816
61.4 0.11232
61.5 0.104
61.6 0.11232
61.7 0.10816
61.8 0.104
61.9 0.11232
62 0.09984
62.1 0.104
62.2 0.104
62.3 0.09984
62.4 0.09984
62.5 0.09568
62.6 0.09984
62.7 0.09152
62.8 0.09984
62.9 0.09152
63 0.08736
63.1 0.09568
63.2 0.09152
63.3 0.07904
63.4 0.09984
63.5 0.07488
63.6 0.09152
63.7 0.07488
63.8 0.07488
63.9 0.08736
64 0.0624
64.1 0.09152
64.2 0.05408
64.3 0.07488
64.4 0.0624
64.5 0.05824
64.6 0.07488
64.7 0.04576
64.8 0.07904
64.9 0.04992
65 0.07488
65.1 0.0416
65.2 0.07488
65.3 0.072
65.4 0.1728
65.5 0.06784
65.6 0.0416
65.7 0.0624
65.8 0.05408
65.9 0.06656
66 0.05824
66.1 0.05408
66.2 0.04576
66.3 0.0416
66.4 0.0624
66.5 0.0416
66.6 0.04992
66.7 0.04576
66.8 0.04992
66.9 0.04576
67 0.03744
67.1 0.05824
67.2 0.03328
67.3 0.05408
67.4 0
67.5 0.00832
67.6 0.00832
67.7 0
67.8 0.03744
67.9 0.03744
68 0.04576
68.1 0.04992
68.2 0.05408
68.3 0.05408
68.4 0.04576
68.5 0.07072
68.6 0.05824
68.7 0.04992
68.8 0.05824
68.9 0.05824
69 0.05408
69.1 0.05408
69.2 0.05824
69.3 0.05408
69.4 0.0624
69.5 0.06656
69.6 0.06656
69.7 0.04992
69.8 0.06656
69.9 0.0624
70 0.0624
70.1 0.06656
70.2 0.0624
70.3 0.06656
70.4 0.0624
70.5 0.06656
70.6 0.06656
70.7 0.06656
70.8 0.07968
70.9 0.1488
71 0.1408
71.1 0.07488
71.2 0.05408
71.3 0.0624
71.4 0.07072
71.5 0.07072
71.6 0.06656
71.7 0.07488
71.8 0.07072
71.9 0.07488
72 0.07904
72.1 0.0624
72.2 0.07488
72.3 0.07072
72.4 0.07904
72.5 0.07488
72.6 0.07488
72.7 0.07488
72.8 0.07904
72.9 0.07488
73 0.08736
73.1 0.16512
73.2 0.2112
73.3 0.0928
73.4 0.05408
73.5 0.0832
73.6 0.07488
73.7 0.07904
73.8 0.08736
73.9 0.08736
74 0.08736
74.1 0.09568
74.2 0.09152
74.3 0.0832
74.4 0.09152
74.5 0.08736
74.6 0.09152
74.7 0.08736
74.8 0.09568
74.9 0.09152
75 0.09152
75.1 0.09568
75.2 0.11648
75.3 0.11232
75.4 0.09984
75.5 0.104
75.6 0.09984
75.7 0.104
75.8 0.10816
75.9 0.09984
76 0.10816
76.1 0.104
76.2 0.11232
76.3 0.11232
76.4 0.09984
76.5 0.11648
76.6 0.11648
76.7 0.11648
76.8 0.12064
76.9 0.11232
77 0.11232
77.1 0.11648
77.2 0.11648
77.3 0.12064
77.4 0.104
77.5 0.12064
77.6 0.10816
77.7 0.12064
77.8 0.11232
77.9 0.11648
78 0.11648
78.1 0.11648
78.2 0.11648
78.3 0.13312
78.4 0.27872
78.5 0.28128
78.6 0.1248
78.7 0.10816
78.8 0.11648
78.9 0.11648
79 0.11648
79.1 0.1248
79.2 0.12064
79.3 0.13312
79.4 0.22144
79.5 0.33184
79.6 0.29536
79.7 0.12896
79.8 0.11648
79.9 0.11648
80 0.13312
80.1 0.12064
80.2 0.12896
80.3 0.14144
80.4 0.12896
80.5 0.13312
80.6 0.1248
80.7 0.13728
80.8 0.12896
80.9 0.13728
81 0.12896
81.1 0.13728
81.2 0.13728
81.3 0.3552
81.4 0.4256
81.5 0.24544
81.6 0.13728
81.7 0.13312
81.8 0.13312
81.9 0.12896
82 0.14144
82.1 0.13728
82.2 0.1456
82.3 0.27488
82.4 0.40128
82.5 0.35712
82.6 0.1456
82.7 0.13312
82.8 0.1456
82.9 0.12896
83 0.14144
83.1 0.14976
83.2 0.13312
83.3 0.14144
83.4 0.14144
83.5 0.1456
83.6 0.14144
83.7 0.14144
83.8 0.1456
83.9 0.1456
84 0.14144
84.1 0.41216
84.2 0.40736
84.3 0.37184
84.4 0.14976
84.5 0.13312
84.6 0.13312
84.7 0.14144
84.8 0.1456
84.9 0.13728
85 0.1456
85.1 0.14976
85.2 0.13312
85.3 0.15392
85.4 0.13312
85.5 0.15392
85.6 0.14144
85.7 0.14976
85.8 0.33504
85.9 0.43776
86 0.44512
86.1 0.14976
86.2 0.14144
86.3 0.14144
86.4 0.15392
86.5 0.14976
86.6 0.13728
86.7 0.15392
86.8 0.1456
86.9 0.14144
87 0.15808
87.1 0.14144
87.2 0.15392
87.3 0.1456
87.4 0.15392
87.5 0.28992
87.6 0.456
87.7 0.46816
87.8 0.24768
87.9 0.1664
88 0.14144
88.1 0.13728
88.2 0.13728
88.3 0.15392
88.4 0.15392
88.5 0.13312
88.6 0.14976
88.7 0.15808
88.8 0.13728
88.9 0.15392
89 0.14144
89.1 0.15808
89.2 0.14976
89.3 0.43552
89.4 0.43776
89.5 0.23872
89.6 0.15392
89.7 0.13728
89.8 0.14144
89.9 0.1456
90 0.14144
90.1 0.14976
90.2 0.14144
90.3 0.1456
90.4 0.1456
90.5 0.14144
90.6 0.14976
90.7 0.1456
90.8 0.14976
90.9 0.14976
91 0.14976
91.1 0.1456
91.2 0.1456
91.3 0.1456
91.4 0.14976
91.5 0.14976
91.6 0.1456
91.7 0.15392
91.8 0.28352
91.9 0.43776
92 0.31424
92.1 0.14976
92.2 0.14144
92.3 0.13728
92.4 0.1456
92.5 0.1456
92.6 0.15808
92.7 0.13728
92.8 0.14144
92.9 0.15392
93 0.14144
93.1 0.14144
93.2 0.15808
93.3 0.1456
93.4 0.14976
93.5 0.1456
93.6 0.14976
93.7 0.14976
93.8 0.1456
93.9 0.14976
94 0.14976
94.1 0.14976
94.2 0.15392
94.3 0.3888
94.4 0.43168
94.5 0.2896
94.6 0.15392
94.7 0.14144
94.8 0.13728
94.9 0.14144
95 0.14976
95.1 0.15808
95.2 0.13728
95.3 0.1456
95.4 0.14976
95.5 0.14144
95.6 0.1456
95.7 0.15392
95.8 0.1456
95.9 0.15808
96 0.1456
96.1 0.14976
96.2 0.15392
96.3 0.15808
96.4 0.14976
96.5 0.15808
96.6 0.15392
96.7 0.15808
96.8 0.2688
96.9 0.43776
97 0.34432
97.1 0.14976
97.2 0.14144
97.3 0.14976
97.4 0.1456
97.5 0.15808
97.6 0.14976
97.7 0.14976
97.8 0.14976
97.9 0.15808
98 0.1456
98.1 0.14976
98.2 0.16224
98.3 0.1456
98.4 0.16224
98.5 0.1456
98.6 0.15808
98.7 0.15392
98.8 0.15392
98.9 0.15808
99 0.14976
99.1 0.15808
99.2 0.15392
99.3 0.15808
99.4 0.14976
99.5 0.15392
99.6 0.15808
99.7 0.15808
99.8 0.14976
99.9 0.15808
100 0.16224
