0.1 6.48864
0.2 4.08
0.3 2.88
0.4 2.4
0.5 1.68
0.6 1.8
0.7 1.68
0.8 1.8
0.9 1.68
1 1.68
1.1 1.8
1.2 1.68
1.3 1.8
1.4 1.68
1.5 1.68
1.6 1.8
1.7 0.84
1.8 0.6
1.9 0.96
2 0.96
2.1 0.84
2.2 0.96
2.3 0.84
2.4 0.6
2.5 0.6
2.6 0.96
2.7 0.96
2.8 0.48
2.9 0.72
3 1.08
3.1 0.6
3.2 0.72
3.3 0.6
3.4 0.84
3.5 0.72
3.6 0.6
3.7 0.96
3.8 0.12
3.9 0.6
4 0.24
4.1 0.72
4.2 0.12
4.3 0.6
4.4 0.24
4.5 0.48
4.6 0.36
4.7 0.36
4.8 0.48
4.9 0.24
5 0.6
5.1 0.12
5.2 0.6
5.3 0.12
5.4 0.72
5.5 0.24
5.6 0.48
5.7 0.24
5.8 0.48
5.9 0.24
6 0.36
6.1 0.24
6.2 0.36
6.3 0.36
6.4 0.24
6.5 0.48
6.6 0.24
6.7 0.36
6.8 0.36
6.9 0.24
7 0.36
7.1 0.48
7.2 0.36
7.3 0.48
7.4 0.36
7.5 0.36
7.6 0.48
7.7 0.36
7.8 0.36
7.9 0.36
8 0.36
8.1 0.36
8.2 0.36
8.3 0.36
8.4 0.36
8.5 0.24
8.6 0.36
8.7 0.36
8.8 0.36
8.9 0.36
9 0.24
9.1 0.36
9.2 0.36
9.3 0.24
9.4 0.36
9.5 0.36
9.6 0.24
9.7 0.36
9.8 0.24
9.9 0.36
10 0.24
10.1 0.24
10.2 0.24
10.3 0.24
10.4 0.12
10.5 0.24
10.6 0.24
10.7 0.36
10.8 0.24
10.9 0.24
11 0.36
11.1 0.36
11.2 0.24
11.3 0.36
11.4 0.36
11.5 0.36
11.6 0.36
11.7 0.24
11.8 0.36
11.9 0.36
12 0.24
12.1 0.36
12.2 0.36
12.3 0.36
12.4 0.24
12.5 0.36
12.6 0.36
12.7 0.24
12.8 0.36
12.9 0.36
13 0.24
13.1 0.36
13.2 0.36
13.3 0.24
13.4 0.36
13.5 0.36
13.6 0.24
13.7 0.36
13.8 0.36
13.9 0.24
14 0.36
14.1 0.36
14.2 0.36
14.3 0.36
14.4 0.36
14.5 0.36
14.6 0.36
14.7 0.36
14.8 0.36
14.9 0.48
15 0.36
15.1 0.36
15.2 0.36
15.3 0.36
15.4 0.36
15.5 0.36
15.6 0.36
15.7 0.36
15.8 0.48
15.9 0.36
16 0.36
16.1 0.36
16.2 0.36
16.3 0.36
16.4 0.36
16.5 0.36
16.6 0.24
16.7 0.36
16.8 0.36
16.9 0.36
17 0.36
17.1 0.36
17.2 0.36
17.3 0.36
17.4 0.36
17.5 0.24
17.6 0.36
17.7 0.36
17.8 0.36
17.9 0.36
18 0.36
18.1 0.36
18.2 0.36
18.3 0.48
18.4 0.36
18.5 0.36
18.6 0.48
18.7 0.36
18.8 0.48
18.9 0.36
19 0.48
19.1 0.36
19.2 0.36
19.3 0.48
19.4 0.36
19.5 0.48
19.6 0.36
19.7 0.36
19.8 0.48
19.9 0.48
20 0.48
20.1 0.48
20.2 0.6
20.3 0.48
20.4 0.48
20.5 0.48
20.6 0.48
20.7 0.6
20.8 0.6
20.9 0.6
21 0.6
21.1 0.72
21.2 0.72
21.3 0.72
21.4 0.72
21.5 0.84
21.6 0.84
21.7 0.84
21.8 0.96
21.9 1.08
22 0.96
22.1 1.08
22.2 1.08
22.3 1.32
22.4 1.2
22.5 1.32
22.6 1.44
22.7 1.44
22.8 1.56
22.9 1.68
23 1.8
23.1 1.8
23.2 1.92
23.3 2.04
23.4 2.16
23.5 1.44
23.6 1.92
23.7 2.04
23.8 2.04
23.9 2.04
24 1.92
24.1 2.04
24.2 2.04
24.3 2.04
24.4 2.04
24.5 2.16
24.6 2.52
24.7 2.64
24.8 2.76
24.9 2.88
25 3.12
25.1 2.88
25.2 2.04
25.3 3
25.4 2.88
25.5 3
25.6 2.88
25.7 3
25.8 2.88
25.9 3
26 2.88
26.1 3
26.2 3.24
26.3 3.72
26.4 3.96
26.5 4.08
26.6 4.56
26.7 3.24
26.8 3.48
26.9 3.96
27 4.08
27.1 3.96
27.2 4.08
27.3 3.96
27.4 4.08
27.5 3.96
27.6 4.08
27.7 3.96
27.8 5.04
27.9 4.2
28 3.12
28.1 4.44
28.2 2.52
28.3 4.2
28.4 4.56
28.5 4.68
28.6 4.68
28.7 4.56
28.8 4.68
28.9 4.68
29 5.76
29.1 4.56
29.2 3.72
29.3 4.92
29.4 4.92
29.5 5.04
29.6 4.92
29.7 4.92
29.8 5.04
29.9 4.92
30 5.04
30.1 5.76
30.2 5.52
30.3 3.84
30.4 5.16
30.5 5.76
30.6 5.64
30.7 5.76
30.8 5.64
30.9 5.76
31 5.64
31.1 5.64
31.2 6.24
31.3 7.08
31.4 4.44
31.5 5.16
31.6 6
31.7 6.12
31.8 6.12
31.9 6.12
32 6.12
32.1 6.12
32.2 6.24
32.3 6.24
32.4 7.8
32.5 5.76
32.6 5.04
32.7 6.48
32.8 6.48
32.9 6.6
33 6.48
33.1 6.48
33.2 6.48
33.3 6.48
33.4 6.48
33.5 7.68
33.6 7.2
33.7 4.92
33.8 7.2
33.9 7.56
34 7.56
34.1 7.68
34.2 7.56
34.3 7.56
34.4 7.68
34.5 7.56
34.6 8.4
34.7 8.4
34.8 5.76
34.9 3.36
35 6.24
35.1 8.52
35.2 8.4
35.3 8.52
35.4 8.52
35.5 8.76
35.6 10.32
35.7 6.48
35.8 9
35.9 9.24
36 9.36
36.1 9.36
36.2 9.6
36.3 10.8
36.4 9.48
36.5 8.88
36.6 9.72
36.7 9.72
36.8 9.72
36.9 8.04
37 9.12
37.1 6.84
37.2 9.12
37.3 8.52
37.4 9.24
37.5 8.16
37.6 9
37.7 8.64
37.8 7.56
37.9 9.24
38 8.64
38.1 6.36
38.2 8.52
38.3 7.8
38.4 9
38.5 6.12
38.6 8.4
38.7 8.64
38.8 8.28
38.9 8.52
39 7.8
39.1 8.64
39.2 6.36
39.3 8.52
39.4 8.52
39.5 8.16
39.6 7.68
39.7 7.92
39.8 8.4
39.9 6.36
40 8.4
40.1 8.28
40.2 8.04
40.3 7.92
40.4 8.04
40.5 8.4
40.6 6
40.7 8.16
40.8 8.16
40.9 8.16
41 8.16
41.1 8.04
41.2 8.16
41.3 6.48
41.4 8.04
41.5 8.16
41.6 8.16
41.7 8.16
41.8 7.92
41.9 7.8
42 6.48
42.1 8.04
42.2 7.92
42.3 8.04
42.4 7.92
42.5 7.8
42.6 7.8
42.7 6.48
42.8 7.92
42.9 7.92
43 7.56
43.1 7.8
43.2 7.44
43.3 7.2
43.4 6.72
43.5 7.92
43.6 7.2
43.7 7.32
43.8 6.48
43.9 7.68
44 6.12
44.1 6.6
44.2 7.08
44.3 7.08
44.4 6.36
44.5 7.08
44.6 6.12
44.7 6.6
44.8 1.44
44.9 7.32
45 7.2
45.1 7.2
45.2 7.32
45.3 7.8
45.4 6.6
45.5 6.48
45.6 7.2
45.7 7.08
45.8 6.24
45.9 6.72
46 6.72
46.1 5.64
46.2 3.6
46.3 0
46.4 0.6
46.5 0.72
46.6 3.96
46.7 6.96
46.8 6.84
46.9 7.8
47 6.72
47.1 6
47.2 6.84
47.3 6.6
47.4 6.48
47.5 6.36
47.6 6.48
47.7 7.08
47.8 5.4
47.9 5.76
48 6.6
48.1 6.48
48.2 6.6
48.3 6.6
48.4 6.6
48.5 7.8
48.6 6.12
48.7 6.24
48.8 6.96
48.9 6.84
49 6.84
49.1 6.96
49.2 6.84
49.3 8.28
49.4 5.04
49.5 6.72
49.6 6.12
49.7 5.52
49.8 3.24
49.9 6.96
50 6.96
50.1 8.52
50.2 5.4
50.3 6.84
50.4 6.96
50.5 6.84
50.6 6.96
50.7 6.96
50.8 6.96
50.9 8.28
51 5.4
51.1 7.08
51.2 7.08
51.3 7.08
51.4 7.08
51.5 7.08
51.6 7.44
51.7 7.8
51.8 5.64
51.9 7.2
52 7.2
52.1 7.2
52.2 7.2
52.3 7.2
52.4 7.68
52.5 7.08
52.6 5.88
52.7 7.2
52.8 7.32
52.9 7.2
53 7.32
53.1 7.44
53.2 8.16
53.3 7.92
53.4 6.36
53.5 7.56
53.6 7.56
53.7 7.56
53.8 7.44
53.9 7.56
54 8.64
54.1 6.6
54.2 6.6
54.3 7.56
54.4 7.56
54.5 7.56
54.6 7.68
54.7 7.56
54.8 9
54.9 7.08
55 7.2
55.1 7.92
55.2 7.92
55.3 7.92
55.4 7.92
55.5 7.92
55.6 9.24
55.7 6
55.8 7.56
55.9 7.8
56 6.48
56.1 3.12
56.2 7.92
56.3 7.92
56.4 9.84
56.5 6
56.6 7.92
56.7 6
56.8 0
56.9 0.96
57 1.2
57.1 4.8
57.2 7.44
57.3 7.44
57.4 8.28
57.5 6
57.6 7.32
57.7 6.36
57.8 6.48
57.9 6.84
58 5.76
58.1 6.96
58.2 6.96
58.3 6.6
58.4 6.72
58.5 6
58.6 6.96
58.7 6.72
58.8 6.72
58.9 6.48
59 6.24
59.1 6.72
59.2 6.72
59.3 6.6
59.4 6.12
59.5 6.36
59.6 6.84
59.7 6.72
59.8 6.84
59.9 5.64
60 6.72
60.1 6.72
60.2 6.72
60.3 6.84
60.4 5.64
60.5 6.72
60.6 6.72
60.7 6.6
60.8 6.84
60.9 5.4
61 6.72
61.1 6.72
61.2 6.36
61.3 6.72
61.4 5.4
61.5 6.72
61.6 6.36
61.7 6.24
61.8 6.48
61.9 5.28
62 6.36
62.1 6
62.2 6
62.3 5.52
62.4 5.28
62.5 6
62.6 5.76
62.7 5.28
62.8 5.64
62.9 5.28
63 5.28
63.1 5.64
63.2 4.92
63.3 4.92
63.4 5.16
63.5 4.2
63.6 5.4
63.7 4.44
63.8 4.2
63.9 5.04
64 2.88
64.1 5.16
64.2 3
64.3 5.28
64.4 2.4
64.5 4.32
64.6 3.72
64.7 3
64.8 4.68
64.9 2.28
65 4.56
65.1 1.92
65.2 4.2
65.3 1.92
65.4 4.08
65.5 1.08
65.6 4.32
65.7 3.96
65.8 3.12
65.9 3.96
66 2.04
66.1 3.48
66.2 2.64
66.3 2.76
66.4 3.36
66.5 2.04
66.6 3.24
66.7 2.52
66.8 3
66.9 2.88
67 2.16
67.1 3.12
67.2 0.48
67.3 0.24
67.4 0.24
67.5 0.48
67.6 0.72
67.7 2.88
67.8 2.88
67.9 2.76
68 3.6
68.1 3.12
68.2 2.16
68.3 2.88
68.4 3.12
68.5 3.24
68.6 3.24
68.7 3.24
68.8 3.36
68.9 3.24
69 3.24
69.1 3.36
69.2 3.36
69.3 4.08
69.4 4.08
69.5 3
69.6 3.6
69.7 3.72
69.8 3.84
69.9 3.84
70 3.72
70.1 3.84
70.2 3.72
70.3 3.84
70.4 3.84
70.5 3.96
70.6 4.8
70.7 3.48
70.8 3
70.9 3.84
71 3.48
71.1 2.64
71.2 4.2
71.3 4.32
71.4 4.2
71.5 4.2
71.6 4.32
71.7 4.56
71.8 5.28
71.9 3.24
72 4.08
72.1 4.44
72.2 4.56
72.3 4.56
72.4 4.56
72.5 4.56
72.6 4.56
72.7 4.44
72.8 4.92
72.9 5.64
73 3.6
73.1 4.44
73.2 5.28
73.3 1.32
73.4 5.28
73.5 5.28
73.6 5.16
73.7 5.28
73.8 5.28
73.9 5.88
74 6.12
74.1 3.96
74.2 5.16
74.3 5.52
74.4 5.4
74.5 5.4
74.6 5.52
74.7 5.4
74.8 5.52
74.9 5.4
75 6.72
75.1 5.04
75.2 4.68
75.3 6.12
75.4 6.24
75.5 6.24
75.6 6.12
75.7 6.24
75.8 6.12
75.9 6.24
76 6.96
76.1 7.2
76.2 4.56
76.3 6.12
76.4 6.48
76.5 6.6
76.6 6.48
76.7 6.6
76.8 6.6
76.9 6.72
77 6.6
77.1 8.4
77.2 5.88
77.3 5.76
77.4 6.96
77.5 6.96
77.6 6.96
77.7 6.84
77.8 6.96
77.9 6.96
78 6.96
78.1 7.92
78.2 8.04
78.3 5.16
78.4 7.32
78.5 7.2
78.6 2.28
78.7 7.8
78.8 7.92
78.9 7.8
79 7.92
79.1 8.16
79.2 9.84
79.3 6.36
79.4 7.08
79.5 8.04
79.6 6.24
79.7 3.36
79.8 8.04
79.9 8.04
80 8.04
80.1 8.52
80.2 9.84
80.3 6.12
80.4 7.68
80.5 8.04
80.6 8.04
80.7 8.16
80.8 8.04
80.9 8.04
81 8.04
81.1 9.6
81.2 7.8
81.3 6.84
81.4 8.76
81.5 3.24
81.6 8.4
81.7 9
81.8 8.88
81.9 8.88
82 9.48
82.1 10.8
82.2 6.72
82.3 8.88
82.4 8.88
82.5 7.68
82.6 2.16
82.7 8.88
82.8 8.88
82.9 9.36
83 10.68
83.1 6.48
83.2 8.28
83.3 8.64
83.4 8.64
83.5 8.52
83.6 8.64
83.7 8.52
83.8 8.88
83.9 10.68
84 6.72
84.1 8.16
84.2 9
84.3 7.2
84.4 3
84.5 9
84.6 9
84.7 9.12
84.8 11.04
84.9 6.72
85 8.88
85.1 9
85.2 9
85.3 9
85.4 9
85.5 9
85.6 10.2
85.7 8.16
85.8 7.8
85.9 9.24
86 9.24
86.1 1.44
86.2 9.24
86.3 9.24
86.4 9.24
86.5 11.4
86.6 7.44
86.7 8.76
86.8 9.24
86.9 9.24
87 9.12
87.1 9.24
87.2 9.24
87.3 10.2
87.4 9.6
87.5 7.8
87.6 9.12
87.7 9.12
87.8 3.96
87.9 6.12
88 9.12
88.1 9.12
88.2 11.4
88.3 7.2
88.4 8.76
88.5 9.12
88.6 9.24
88.7 9.12
88.8 9.12
88.9 9.12
89 10.32
89.1 9.36
89.2 7.68
89.3 8.88
89.4 8.64
89.5 3.24
89.6 7.08
89.7 8.76
89.8 9
89.9 11.04
90 6.6
90.1 8.76
90.2 8.88
90.3 8.76
90.4 8.88
90.5 8.88
90.6 8.88
90.7 10.2
90.8 8.52
90.9 7.68
91 8.76
91.1 8.76
91.2 8.64
91.3 8.76
91.4 8.76
91.5 9
91.6 10.68
91.7 6.48
91.8 8.88
91.9 8.64
92 5.76
92.1 4.92
92.2 9
92.3 8.88
92.4 10.56
92.5 8.16
92.6 8.16
92.7 9
92.8 8.88
92.9 9
93 8.88
93.1 9
93.2 9.72
93.3 9.72
93.4 7.32
93.5 8.88
93.6 8.76
93.7 8.88
93.8 8.88
93.9 8.88
94 8.88
94.1 10.32
94.2 6.6
94.3 9
94.4 9
94.5 4.8
94.6 5.76
94.7 9
94.8 9
94.9 10.56
95 8.28
95.1 8.16
95.2 9
95.3 9
95.4 9
95.5 9
95.6 9
95.7 9.84
95.8 9.6
95.9 7.56
96 9
96.1 8.88
96.2 8.88
96.3 8.76
96.4 9
96.5 9.24
96.6 10.92
96.7 6.72
96.8 9.12
96.9 9
97 6.36
97.1 4.44
97.2 9.24
97.3 9.24
97.4 10.92
97.5 8.28
97.6 8.4
97.7 9.24
97.8 9.24
97.9 9.24
98 9.24
98.1 9.24
98.2 10.2
98.3 9.6
98.4 7.68
98.5 9
98.6 9
98.7 9
98.8 9
98.9 9
99 9.36
99.1 10.68
99.2 6.96
99.3 9.12
99.4 9.12
99.5 9.12
99.6 9.12
99.7 9.12
99.8 9.12
99.9 11.16
100 6.96
