0.200204 10
0.404115 11
0.416131 13
0.428147 15
0.440163 17
0.452179 19
0.620565 21
0.634405 23
0.648246 25
0.662087 27
0.675928 29
0.689769 31
0.70361 33
0.71745 35
0.807102 37
0.822058 39
0.835899 41
0.84974 43
0.863581 45
0.877422 47
0.891263 49
0.904537 51
0.916898 53
0.951745 55
0.963761 57
0.975777 59
0.987793 61
0.999809 63
1.01182 65
1.02504 67
1.03586 69
1.04787 71
1.05989 73
1.0719 75
1.08392 77
1.09594 79
1.10795 81
1.11997 83
1.13198 85
1.144 87
1.15602 89
1.16803 91
1.18005 93
1.19206 95
1.20408 97
1.2161 99
1.22811 101
1.4444 103
3.20234 104.211
3.80314 75.6581
4.00741 73.6581
5.43852 75.6581
5.62837 73.5773
5.64039 71.5773
5.78338 72.1146
5.83024 72.355
7.0739 74.355
7.28177 72.355
8.72009 74.355
8.92676 72.355
9.30046 71.808
10.2029 70.0898
10.2029 4
10.2149 6
10.2149 4
10.2269 6
10.2269 4
10.2401 6
10.2401 4
10.2521 6
10.2521 4
10.2641 6
10.2641 4
10.2762 6
10.2762 4
10.2882 6
10.2882 4
10.3002 6
10.3002 4
10.3122 6
10.3122 4
10.3242 6
10.3242 4
10.3386 6
10.3386 4
10.3507 6
10.3507 4
10.3627 6
10.3627 4
10.3759 6
10.3759 4
10.3879 6
10.3879 4
10.3999 6
10.3999 4
10.4119 6
10.4119 4
10.424 6
10.424 4
10.436 6
10.436 4
10.448 6
10.448 4
10.46 6
10.46 4
10.4732 6
10.4732 4
10.4852 6
10.4852 4
10.4985 6
10.4985 4
10.5105 6
10.5105 4
10.5225 6
10.5225 4
10.5345 6
10.5345 4
10.5465 6
10.5465 4
10.5585 6
10.5585 4
10.5718 6
10.5718 4
10.5838 6
10.5838 4
10.5958 6
10.5958 4
10.7913 71.808
10.7913 73.808
10.8033 75.808
10.9988 77.808
11.0108 79.808
11.0228 81.808
11.0348 83.808
11.048 85.808
11.0612 87.808
11.0733 89.808
11.0853 91.5242
11.0973 89.4772
11.1093 87.6858
11.1213 86.1609
11.1333 84.826
11.1453 83.6581
11.1574 82.636
11.1706 81.7838
11.1838 81.0794
11.197 80.547
11.209 78.8978
11.221 78.4965
11.2331 78.1457
11.2451 77.8384
11.2571 77.5698
11.2691 77.3343
11.2811 77.1285
11.2931 78.9482
11.3052 78.7907
11.3196 78.7348
11.3316 78.6858
11.3436 78.6436
11.3556 78.6064
11.3676 78.5732
11.3797 78.5449
11.3917 78.52
11.6044 76.52
12.7711 75.491
13.1652 77.491
13.3899 75.491
13.7108 75.5836
14.9568 77.5836
15.1815 75.5836
16.7484 77.5836
16.8481 76.9171
16.9719 74.9171
18.5556 76.9171
18.7815 74.8273
20.364 76.8273
20.5407 76.7155
20.5911 74.7155
21.115 74.9323
21.4058 64.5186
21.4058 4
21.4202 6
21.4202 4
21.4322 6
21.4322 4
21.4443 6
21.4443 4
21.4563 6
21.4563 4
21.4683 6
21.4683 4
21.4815 6
21.4815 4
21.4935 6
21.4935 4
21.5067 6
21.5067 4
21.5212 6
21.5212 4
21.5332 6
21.5332 4
21.5464 6
21.5464 4
21.5584 6
21.5584 4
21.5704 6
21.5704 4
21.5824 6
21.5824 4
21.5945 6
21.5945 4
21.6089 6
21.6089 4
21.6221 6
21.6221 4
21.6353 6
21.6353 4
21.6473 6
21.6473 4
21.6593 6
21.6593 4
21.6726 6
21.6726 4
21.6846 6
21.6846 4
21.6966 6
21.6966 4
21.7098 6
21.7098 4
21.7206 6
21.7206 4
21.729 6
21.729 4
21.7338 6
21.7338 4
21.7387 6
21.7387 4
21.7435 6
21.7435 4
21.9463 74.9323
21.9463 76.9323
21.9586 78.9323
22.1552 80.9323
22.1672 82.9323
22.1792 84.9323
22.1912 86.9323
22.2032 88.9323
22.2164 90.9323
22.2297 88.7852
22.2429 86.8874
22.2561 85.3087
22.2681 83.9275
22.2801 82.7189
22.2921 81.6202
22.3054 80.6996
22.3174 79.8943
22.3294 79.1899
22.3414 78.5732
22.3534 77.9931
22.3654 77.4855
22.3811 77.2044
22.3943 76.9993
22.4063 76.779
22.4183 76.5863
22.4303 76.4178
22.4423 76.2707
22.4556 76.1416
22.4676 76.0283
22.4796 75.9296
22.4916 75.8432
22.5048 75.7673
22.5168 75.701
22.6791 77.701
22.9614 75.701
24.4082 74.5394
24.5211 76.5394
24.747 74.5394
26.1781 73.8646
26.3295 75.8646
26.559 73.8646
26.8919 73.9523
26.9087 74.1802
26.9351 74.4102
26.9483 74.6416
26.9604 75.1091
26.9724 75.8218
26.9844 76.7866
28.1235 78.7866
28.347 76.7866
28.7988 77.0428
28.8108 77.4965
28.824 77.7251
28.8373 77.9551
28.8517 78.4199
29.8947 80.4199
30.1134 78.4199
31.679 80.4199
31.9073 78.4199
32.3531 78.7017
32.531 79.27
32.531 4
32.5454 6
32.5454 4
32.5574 6
32.5574 4
32.5682 6
32.5682 4
32.5802 6
32.5802 4
32.5935 6
32.5935 4
32.6067 6
32.6067 4
32.6187 6
32.6187 4
32.6307 6
32.6307 4
32.6427 6
32.6427 4
32.6547 6
32.6547 4
32.6668 6
32.6668 4
32.6788 6
32.6788 4
32.6908 6
32.6908 4
32.7016 6
32.7016 4
32.7136 6
32.7136 4
32.7256 6
32.7256 4
32.7377 6
32.7377 4
32.7497 6
32.7497 4
32.7629 6
32.7629 4
32.7749 6
32.7749 4
32.7869 6
32.7869 4
32.7989 6
32.7989 4
32.8109 6
32.8109 4
32.823 6
32.823 4
32.835 6
32.835 4
32.847 6
32.847 4
32.859 6
32.859 4
32.871 6
32.871 4
32.883 6
32.883 4
32.8939 6
32.8939 4
32.9023 6
32.9023 4
32.9095 6
32.9095 4
32.9155 6
32.9155 4
32.9203 6
32.9203 4
33.117 78.7017
33.117 80.7017
33.1287 82.7017
33.3255 84.7017
33.3373 86.7017
33.3493 88.7017
33.3625 90.7017
33.3745 92.7017
33.3854 94.7017
33.3974 96.7017
33.4094 98.7017
33.4214 97.3204
33.4334 94.7624
33.4454 92.5242
33.4575 90.5656
33.4695 88.8943
33.4815 87.4323
33.4935 86.1526
33.5043 84.991
33.5163 84.0166
33.5295 83.2065
33.5416 82.4979
33.5536 81.8778
33.5656 81.3778
33.5776 80.9406
33.5896 80.5573
33.6016 80.2224
33.6137 79.9717
33.6257 79.7528
33.6365 79.5186
33.6485 79.3135
33.6605 79.1761
33.6725 79.0566
33.6846 78.9517
33.6966 78.8605
34.3106 80.8605
34.5557 78.8605
35.2466 77.7583
36.1046 79.7583
36.3233 77.7583
37.8108 76.576
37.8721 78.576
38.092 76.576
39.6625 78.576
39.8764 77.8363
39.8884 75.8363
41.4685 77.8363
41.698 75.8363
41.9624 74.9358
43.2637 76.9358
43.4836 74.9358
43.7107 76.9358
43.7107 4
43.7239 6
43.7239 4
43.7359 6
43.7359 4
43.748 6
43.748 4
43.7576 6
43.7576 4
43.7684 6
43.7684 4
43.7792 6
43.7792 4
43.79 6
43.79 4
43.8032 6
43.8032 4
43.8152 6
43.8152 4
43.8297 6
43.8297 4
43.8405 6
43.8405 4
43.8537 6
43.8537 4
43.8645 6
43.8645 4
43.8753 6
43.8753 4
43.8861 6
43.8861 4
43.9006 6
43.9006 4
43.909 6
43.909 4
43.9198 6
43.9198 4
43.9306 6
43.9306 4
43.9426 6
43.9426 4
43.963 6
43.963 4
43.9763 6
43.9763 4
43.9883 6
43.9883 4
44.0003 6
44.0003 4
44.0123 6
44.0123 4
44.0279 6
44.0279 4
44.0411 6
44.0411 4
44.0544 6
44.0544 4
44.0676 6
44.0676 4
44.0832 6
44.0832 4
44.0988 6
44.0988 4
44.1108 6
44.1108 4
44.118 6
44.118 4
44.3123 78.7017
44.3123 80.7017
44.3257 82.7017
44.52 84.7017
44.5331 86.7017
44.5458 88.7017
44.5578 90.7017
44.5723 92.7017
44.5855 94.7017
44.5975 96.7017
44.6095 96.232
44.6215 93.1706
44.6347 90.5325
44.648 88.2238
44.6624 86.3225
44.6744 84.6195
44.6864 83.1291
44.7008 81.9047
44.7129 80.7942
44.7249 79.8218
44.7369 78.9309
44.7525 78.3108
44.7645 77.7286
44.7777 77.259
44.7898 76.808
44.8042 76.4931
44.8162 76.2169
44.8294 75.9758
44.8414 75.7652
44.8558 77.6202
44.8691 77.5331
44.8811 77.4565
44.8931 77.3501
44.9075 77.3363
44.9207 77.3246
44.9327 77.3142
44.9448 77.2652
44.958 77.2224
45.1442 75.2224
45.7787 73.4178
46.7171 75.4178
46.9382 73.4178
48.3789 72.9862
48.4991 74.9862
48.7214 72.9862
48.8896 73.1008
50.2811 75.1008
50.5046 73.1008
50.7233 73.241
52.0847 75.241
52.3094 73.241
52.6194 73.5235
53.8895 75.5235
54.1142 73.5235
54.9589 66.9427
54.9589 4
54.9709 6
54.9709 4
54.9841 6
54.9841 4
54.9973 6
54.9973 4
55.0118 6
55.0118 4
55.025 6
55.025 4
55.037 6
55.037 4
55.0502 6
55.0502 4
55.0646 6
55.0646 4
55.0767 6
55.0767 4
55.0899 6
55.0899 4
55.1019 6
55.1019 4
55.1163 6
55.1163 4
55.1307 6
55.1307 4
55.1427 6
55.1427 4
55.156 6
55.156 4
55.1692 6
55.1692 4
55.1824 6
55.1824 4
55.1956 6
55.1956 4
55.2088 6
55.2088 4
55.2208 6
55.2208 4
55.2365 6
55.2365 4
55.2485 6
55.2485 4
55.2617 6
55.2617 4
55.2713 6
55.2713 4
55.2809 6
55.2809 4
55.2905 6
55.2905 4
55.2953 6
55.2953 4
55.3001 6
55.3001 4
55.3026 6
55.3026 4
55.305 6
55.305 4
55.5104 78.7017
55.5104 80.7017
55.5231 82.7017
55.7182 84.7017
55.7326 86.7017
55.7459 88.7017
55.7579 90.7017
55.7699 92.7017
55.7831 90.4337
55.7987 88.1077
55.8108 86.0338
55.824 84.2576
55.836 82.6651
55.848 81.2707
55.8624 80.1298
55.8756 79.1319
55.8877 78.2189
55.9009 77.4199
55.9129 76.721
55.9273 76.1885
55.9417 75.7617
55.9537 75.3881
55.967 75.0615
55.979 74.7362
55.991 74.451
56.0066 74.3204
56.0186 74.1664
56.0306 76.0318
56.0439 75.9144
56.0571 75.8501
56.0703 75.8343
56.1087 75.7873
56.122 75.7783
56.301 73.7783
57.8607 75.7783
58.0541 74.5642
58.0806 72.5642
58.4122 72.8564
59.6342 74.8564
59.8565 72.8564
60.2134 73.1657
61.4198 75.1657
61.6397 73.1657
62.0242 73.23
63.1886 75.23
63.4109 73.23
64.9657 75.23
65.1892 73.23
66.1313 71.9448
66.1313 4
66.1457 6
66.1457 4
66.1589 6
66.1589 4
66.1709 6
66.1709 4
66.1842 6
66.1842 4
66.1986 6
66.1986 4
66.2118 6
66.2118 4
66.2238 6
66.2238 4
66.237 6
66.237 4
66.2503 6
66.2503 4
66.2647 6
66.2647 4
66.2767 6
66.2767 4
66.2899 6
66.2899 4
66.3031 6
66.3031 4
66.3163 6
66.3163 4
66.3284 6
66.3284 4
66.3428 6
66.3428 4
66.356 6
66.356 4
66.3692 6
66.3692 4
66.3812 6
66.3812 4
66.3944 6
66.3944 4
66.4077 6
66.4077 4
66.4221 6
66.4221 4
66.4341 6
66.4341 4
66.4473 6
66.4473 4
66.4605 6
66.4605 4
66.4725 6
66.4725 4
66.4798 6
66.4798 4
66.487 6
66.487 4
66.4942 6
66.4942 4
66.5026 6
66.5026 4
66.5086 6
66.5086 4
66.511 6
66.511 4
66.5134 6
66.5134 4
66.7188 78.7017
66.7188 80.7017
66.7314 82.7017
66.9275 84.7017
66.9407 86.7017
66.9539 88.7017
66.9672 90.7017
66.9804 92.7017
66.9936 94.5449
67.0056 91.7231
67.0188 89.2535
67.0308 87.0925
67.0441 85.2417
67.0585 83.7017
67.0717 82.3536
67.0837 81.1347
67.0969 80.1077
67.1089 79.1692
67.1222 78.4282
67.1354 77.779
67.1498 77.2507
67.163 76.8681
67.1762 76.5331
67.1882 76.2403
67.2015 75.9834
67.2135 75.7196
67.2267 75.5283
67.2399 75.3612
67.2519 75.2141
67.2651 75.1257
67.2796 75.0884
67.3048 75.0608
67.6821 77.0608
67.9224 75.0608
69.219 73.4268
69.4917 75.4268
69.7188 73.4268
71.3121 75.4268
71.544 73.4268
73.0989 73.2037
73.1398 75.2037
73.3717 73.2037
74.9758 75.2037
75.2053 73.2037
76.7986 75.2037
76.8263 74.8032
77.0281 72.8032
77.3057 74.8032
77.3057 4
77.3213 6
77.3213 4
77.3346 6
77.3346 4
77.3466 6
77.3466 4
77.3586 6
77.3586 4
77.373 6
77.373 4
77.3862 6
77.3862 4
77.3982 6
77.3982 4
77.4115 6
77.4115 4
77.4247 6
77.4247 4
77.4367 6
77.4367 4
77.4499 6
77.4499 4
77.4631 6
77.4631 4
77.4775 6
77.4775 4
77.4908 6
77.4908 4
77.5112 6
77.5112 4
77.5256 6
77.5256 4
77.5412 6
77.5412 4
77.5569 6
77.5569 4
77.5725 6
77.5725 4
77.5893 6
77.5893 4
77.6049 6
77.6049 4
77.6193 6
77.6193 4
77.635 6
77.635 4
77.6518 6
77.6518 4
77.6626 6
77.6626 4
77.6734 6
77.6734 4
77.6854 6
77.6854 4
77.6926 6
77.6926 4
77.6998 6
77.6998 4
77.7071 6
77.7071 4
77.9013 78.7017
77.9013 80.7017
77.9158 82.7017
78.1122 84.7017
78.1254 86.7017
78.1386 88.7017
78.1518 90.7017
78.1638 92.7017
78.1783 94.7017
78.1915 96.5407
78.2059 93.2756
78.2191 90.4579
78.2335 88.0304
78.248 85.9448
78.2612 84.1581
78.2732 82.5566
78.2864 81.1547
78.3008 79.9669
78.3152 79.0048
78.3273 77.0463
78.3405 76.2866
78.3537 75.6222
78.3693 75.1547
78.3813 74.7072
78.3946 74.3163
78.4078 73.9738
78.4222 73.75
78.4342 73.5166
78.4474 73.3115
78.4606 73.1326
78.4751 73.0518
78.4883 72.9814
78.5015 72.9192
78.5159 72.8646
78.5291 72.855
78.5424 72.8467
78.5556 72.8398
78.5688 72.8329
78.8956 74.8329
79.148 72.8329
79.4424 73.6126
80.7761 75.6126
81.0128 73.6126
81.4694 73.7258
82.6566 75.7258
82.8813 73.7258
84.4927 75.7258
84.7222 73.7258
86.2398 73.366
86.3612 75.366
86.5919 73.366
88.2309 75.366
88.4628 73.366
88.5817 75.366
88.5817 4
88.5925 6
88.5925 4
88.6046 6
88.6046 4
88.619 6
88.619 4
88.6322 6
88.6322 4
88.6454 6
88.6454 4
88.6574 6
88.6574 4
88.6694 6
88.6694 4
88.6827 6
88.6827 4
88.6971 6
88.6971 4
88.7079 6
88.7079 4
88.7175 6
88.7175 4
88.7283 6
88.7283 4
88.7355 6
88.7355 4
88.7487 6
88.7487 4
88.7596 6
88.7596 4
88.7728 6
88.7728 4
88.7824 6
88.7824 4
88.7944 6
88.7944 4
88.8064 6
88.8064 4
88.8172 6
88.8172 4
88.8256 6
88.8256 4
88.8329 6
88.8329 4
88.8425 6
88.8425 4
88.8485 6
88.8485 4
88.8557 6
88.8557 4
88.8653 6
88.8653 4
88.8725 6
88.8725 4
88.8869 6
88.8869 4
88.8977 6
88.8977 4
88.9062 6
88.9062 4
88.9122 6
88.9122 4
88.9182 6
88.9182 4
88.9206 6
88.9206 4
88.923 6
88.923 4
89.1286 78.7017
89.1286 80.7017
89.1416 82.7017
89.3373 84.7017
89.3517 86.7017
89.3649 88.7017
89.3781 90.7017
89.3913 92.7017
89.4046 90.625
89.4178 88.0235
89.4322 85.8232
89.4466 83.9365
89.4598 82.2859
89.473 80.8798
89.4863 79.6499
89.4995 78.5732
89.5139 77.6699
89.5259 76.8405
89.5391 76.154
89.5524 75.5525
89.5656 75.0269
89.5788 74.5663
89.5932 74.2023
89.6064 73.8833
89.6196 73.6043
89.6329 73.3605
89.6461 73.1851
89.6593 73.0325
89.6737 72.9365
89.6869 72.8529
89.7001 72.8177
89.7134 72.7873
89.7266 72.7604
89.7398 72.7376
90.1027 74.7376
90.3442 72.7376
90.5821 73.0843
90.6278 74.9164
91.9375 76.9164
92.1682 74.9164
93.7796 76.9164
94.0091 74.9164
94.8057 74.3343
95.6036 76.3343
95.8283 74.3343
97.4156 76.3343
97.6463 74.3343
97.7641 71.739
99.23 73.739
99.4571 71.739
99.51 72.4392
99.7239 72.7652
99.7479 74.7652
99.7479 4
99.7611 6
99.7611 4
99.7732 6
99.7732 4
99.7852 6
99.7852 4
99.7972 6
99.7972 4
99.8068 6
99.8068 4
99.8188 6
99.8188 4
99.8332 6
99.8332 4
99.8453 6
99.8453 4
99.8585 6
99.8585 4
99.8717 6
99.8717 4
99.8873 6
99.8873 4
99.9005 6
99.9005 4
99.9101 6
99.9101 4
99.9318 6
99.9318 4
99.9462 6
99.9462 4
99.963 6
99.963 4
99.9726 6
99.9726 4
99.9822 6
99.9822 4
99.9919 6
99.9919 4
