0.200251 10
0.406518 11
0.418534 13
0.43055 15
0.442566 17
0.454582 19
0.621853 21
0.635694 23
0.649534 25
0.663375 27
0.677216 29
0.691057 31
0.704898 33
0.718738 35
0.809506 37
0.823346 39
0.837187 41
0.851028 43
0.864869 45
0.87871 47
0.892551 49
0.905738 51
0.9181 53
0.955349 55
0.967365 57
0.979381 59
0.991397 61
1.00341 63
1.01543 65
1.02745 67
1.03946 69
1.05148 71
1.06349 73
1.07551 75
1.08753 77
1.09954 79
1.11156 81
1.12357 83
1.13559 85
1.14761 87
1.15962 89
1.17164 91
1.18365 93
1.19567 95
1.20769 97
1.2197 99
1.23172 101
1.42518 103
3.20955 103.989
3.80915 75.5041
4.03986 73.5041
5.48058 75.5041
5.62357 73.8564
5.68365 71.8564
7.13758 73.8564
7.1496 73.3405
7.34546 71.3405
7.70594 71.3633
7.80207 71.5773
7.81528 71.808
8.81381 73.808
9.02169 71.808
10.2041 70.221
10.2041 4
10.2161 6
10.2161 4
10.2293 6
10.2293 4
10.2413 6
10.2413 4
10.2533 6
10.2533 4
10.2653 6
10.2653 4
10.2774 6
10.2774 4
10.2894 6
10.2894 4
10.3014 6
10.3014 4
10.3146 6
10.3146 4
10.3278 6
10.3278 4
10.3398 6
10.3398 4
10.3531 6
10.3531 4
10.3651 6
10.3651 4
10.3771 6
10.3771 4
10.3891 6
10.3891 4
10.4011 6
10.4011 4
10.4131 6
10.4131 4
10.4252 6
10.4252 4
10.4372 6
10.4372 4
10.4492 6
10.4492 4
10.4624 6
10.4624 4
10.4756 6
10.4756 4
10.4876 6
10.4876 4
10.4997 6
10.4997 4
10.5117 6
10.5117 4
10.5237 6
10.5237 4
10.5369 6
10.5369 4
10.5489 6
10.5489 4
10.5609 6
10.5609 4
10.573 6
10.573 4
10.585 6
10.585 4
10.5982 6
10.5982 4
10.7925 71.808
10.7925 73.808
10.8057 75.808
11 77.808
11.0132 79.808
11.0252 81.808
11.0384 83.808
11.0504 85.808
11.0624 87.808
11.0745 89.808
11.0865 91.7776
11.0985 89.6989
11.1105 87.8798
11.1237 86.3301
11.1357 84.9744
11.149 83.8294
11.1622 82.9116
11.1742 82.1077
11.1862 81.4054
11.1982 80.7901
11.2102 80.2521
11.2223 79.8225
11.2343 79.4468
11.2463 79.1188
11.2583 78.8308
11.2703 78.5794
11.2835 78.4012
11.2967 80.2866
11.3088 80.1865
11.3208 80.0994
11.3328 80.0228
11.3448 79.9558
11.4325 79.9254
11.6152 77.9254
12.4947 76.7258
13.1676 78.7258
13.3887 76.7258
14.7429 76.5594
14.94 78.5594
15.1599 76.5594
15.3546 76.875
16.7208 78.875
16.9431 76.875
17.1089 77.4358
17.1702 77.7044
18.4919 79.7044
18.7106 77.7044
18.8512 77.9648
18.9077 78.721
18.9557 78.9365
19.0759 79.0932
20.3015 81.0932
20.5298 79.0932
21.3457 67.6374
21.3457 4
21.3577 6
21.3577 4
21.3698 6
21.3698 4
21.3818 6
21.3818 4
21.3938 6
21.3938 4
21.4046 6
21.4046 4
21.4166 6
21.4166 4
21.4298 6
21.4298 4
21.4419 6
21.4419 4
21.4539 6
21.4539 4
21.4659 6
21.4659 4
21.4779 6
21.4779 4
21.4899 6
21.4899 4
21.5031 6
21.5031 4
21.514 6
21.514 4
21.526 6
21.526 4
21.538 6
21.538 4
21.55 6
21.55 4
21.562 6
21.562 4
21.5752 6
21.5752 4
21.5873 6
21.5873 4
21.5993 6
21.5993 4
21.6113 6
21.6113 4
21.6233 6
21.6233 4
21.6341 6
21.6341 4
21.6461 6
21.6461 4
21.6581 6
21.6581 4
21.6702 6
21.6702 4
21.6822 6
21.6822 4
21.6942 6
21.6942 4
21.7062 6
21.7062 4
21.8957 79.0932
21.8957 81.0932
21.9136 83.0932
22.1031 85.0932
22.1149 87.0932
22.1267 89.0932
22.1384 91.0932
22.1504 93.0932
22.1624 95.0932
22.1744 97.0932
22.1864 94.7997
22.1984 92.3957
22.2104 90.3343
22.2224 88.5304
22.2345 86.9517
22.2465 85.5704
22.2585 84.4047
22.2705 83.384
22.2825 82.4917
22.2945 81.7106
22.3066 81.0269
22.3186 80.471
22.3306 79.9848
22.3426 79.5594
22.3558 79.23
22.369 79.0256
22.3799 78.8052
22.3919 78.6119
22.4039 78.4427
22.4159 78.2949
22.4279 78.1657
22.4399 78.0946
22.452 78.0331
22.464 77.9786
22.476 77.9316
22.6214 79.9316
22.8917 80.3985
22.9386 78.3985
22.9506 79.0318
24.4718 81.0318
24.6965 79.0318
24.8564 79.1298
24.902 79.6029
26.2454 81.6029
26.4689 79.6029
26.6143 79.768
26.6588 80.1941
26.7188 80.3301
28.0334 82.3301
28.2545 80.3301
29.8021 82.3301
30.0256 80.3301
30.7935 79.768
31.5661 81.768
31.7908 79.768
32.4817 81.491
32.4817 4
32.4925 6
32.4925 4
32.5033 6
32.5033 4
32.5142 6
32.5142 4
32.525 6
32.525 4
32.5346 6
32.5346 4
32.5466 6
32.5466 4
32.5586 6
32.5586 4
32.5706 6
32.5706 4
32.5814 6
32.5814 4
32.5923 6
32.5923 4
32.6043 6
32.6043 4
32.6163 6
32.6163 4
32.6271 6
32.6271 4
32.6403 6
32.6403 4
32.6523 6
32.6523 4
32.6632 6
32.6632 4
32.6752 6
32.6752 4
32.6872 6
32.6872 4
32.6992 6
32.6992 4
32.7112 6
32.7112 4
32.7232 6
32.7232 4
32.7352 6
32.7352 4
32.7461 6
32.7461 4
32.7581 6
32.7581 4
32.7701 6
32.7701 4
32.7821 6
32.7821 4
32.7941 6
32.7941 4
32.8061 6
32.8061 4
32.8182 6
32.8182 4
32.8302 6
32.8302 4
32.8398 6
32.8398 4
32.8518 6
32.8518 4
32.8638 6
32.8638 4
32.8758 6
32.8758 4
32.8866 6
32.8866 4
32.8975 6
32.8975 4
33.0939 79.768
33.0939 81.768
33.1054 83.768
33.3022 85.768
33.3127 87.768
33.3243 89.768
33.3361 91.768
33.3481 93.768
33.3601 95.768
33.3709 97.768
33.383 96.6941
33.3962 94.3108
33.4082 92.2693
33.4202 90.4827
33.4322 88.9192
33.4442 87.5946
33.4563 86.4351
33.4671 85.4213
33.4791 84.5338
33.4911 83.8004
33.5031 83.1588
33.5151 82.5974
33.5271 82.1492
33.5392 81.7576
33.5512 81.4579
33.562 81.1091
33.574 80.8902
33.586 80.6989
33.598 80.5318
33.6101 80.4282
33.6221 80.3377
33.6341 80.3018
33.6461 80.2707
33.6557 80.1568
33.6677 80.0573
33.6797 80.0131
34.2842 82.0131
34.5317 80.0131
35.2142 79.9247
36.0878 81.9247
36.3088 79.9247
37.4696 79.3239
37.8878 81.3239
38.1137 79.3239
39.6721 81.3239
39.8283 81.2894
39.8992 79.2894
41.4469 81.2894
41.6656 79.2894
42.7578 78.6319
43.2168 80.6319
43.4367 78.6319
43.6855 80.6319
43.6855 4
43.6975 6
43.6975 4
43.7071 6
43.7071 4
43.7167 6
43.7167 4
43.7275 6
43.7275 4
43.7371 6
43.7371 4
43.7492 6
43.7492 4
43.7624 6
43.7624 4
43.7756 6
43.7756 4
43.7888 6
43.7888 4
43.8008 6
43.8008 4
43.814 6
43.814 4
43.8273 6
43.8273 4
43.8381 6
43.8381 4
43.8477 6
43.8477 4
43.8609 6
43.8609 4
43.8705 6
43.8705 4
43.8801 6
43.8801 4
43.8921 6
43.8921 4
43.9018 6
43.9018 4
43.9246 6
43.9246 4
43.939 6
43.939 4
43.9498 6
43.9498 4
43.9618 6
43.9618 4
43.9751 6
43.9751 4
43.9859 6
43.9859 4
43.9991 6
43.9991 4
44.0111 6
44.0111 4
44.0231 6
44.0231 4
44.0363 6
44.0363 4
44.0496 6
44.0496 4
44.0616 6
44.0616 4
44.076 6
44.076 4
44.0904 6
44.0904 4
44.1 6
44.1 4
44.1084 6
44.1084 4
44.3074 79.768
44.3074 81.768
44.3192 83.768
44.515 85.768
44.5274 87.768
44.5386 89.768
44.5506 91.768
44.5627 93.768
44.5747 95.768
44.5867 97.768
44.5999 97.1865
44.6119 94.5746
44.6239 92.2894
44.6372 90.3743
44.6492 88.6989
44.6612 87.2756
44.6732 86.0304
44.6852 84.9399
44.6972 83.9869
44.7092 83.1948
44.7225 82.5442
44.7357 79.9282
44.7477 79.48
44.7597 79.087
44.7705 78.7438
44.7825 78.4434
44.7946 78.1809
44.8066 77.951
44.8186 77.7907
44.8306 79.6506
44.8438 79.5698
44.8679 79.5083
44.8799 79.4862
44.8919 79.4669
44.9039 79.4503
44.9159 79.4351
44.9279 79.422
45.161 77.422
46.311 76.5628
46.5813 76.7465
46.7159 78.7465
46.9394 76.7465
48.5003 78.7465
48.7238 76.7465
49.6238 76.7134
50.2799 78.7134
50.5034 76.7134
50.6824 77.2203
50.805 77.2714
52.0727 79.2714
52.2937 77.2714
52.5461 77.5262
52.6566 77.5546
53.8642 79.5546
54.0853 77.5546
54.9301 71.0062
54.9301 4
54.9421 6
54.9421 4
54.9541 6
54.9541 4
54.9673 6
54.9673 4
54.9805 6
54.9805 4
54.9925 6
54.9925 4
55.0058 6
55.0058 4
55.0166 6
55.0166 4
55.0298 6
55.0298 4
55.0418 6
55.0418 4
55.0538 6
55.0538 4
55.0658 6
55.0658 4
55.0791 6
55.0791 4
55.0911 6
55.0911 4
55.1031 6
55.1031 4
55.1151 6
55.1151 4
55.1271 6
55.1271 4
55.1415 6
55.1415 4
55.1536 6
55.1536 4
55.1656 6
55.1656 4
55.1776 6
55.1776 4
55.1908 6
55.1908 4
55.2016 6
55.2016 4
55.2136 6
55.2136 4
55.2257 6
55.2257 4
55.2389 6
55.2389 4
55.2509 6
55.2509 4
55.2629 6
55.2629 4
55.2725 6
55.2725 4
55.2833 6
55.2833 4
55.2893 6
55.2893 4
55.2941 6
55.2941 4
55.2989 6
55.2989 4
55.5017 79.768
55.5017 81.768
55.5138 83.768
55.7092 85.768
55.723 87.768
55.7351 89.768
55.7471 91.768
55.7591 93.768
55.7723 95.5905
55.7843 92.9523
55.7963 90.6436
55.8096 88.6651
55.8216 86.9344
55.8348 85.4606
55.8468 84.172
55.8588 83.0435
55.8708 82.0566
55.8841 81.2756
55.8961 80.5511
55.9081 79.9164
55.9189 79.279
55.9321 78.8039
55.9453 78.4296
55.9585 78.1436
55.9706 77.893
55.9826 77.674
55.9958 77.5235
56.0078 79.3916
56.0198 79.2769
56.0318 79.1761
56.0451 79.1291
56.0559 79.0055
56.0679 78.8971
56.0811 78.8854
56.0931 78.875
56.1436 78.6961
56.2962 76.6961
57.4858 75.6153
57.8595 77.6153
58.0854 75.6153
59.5994 74.817
59.6631 76.817
59.8854 74.817
61.4619 76.817
61.689 74.817
61.9641 74.7528
62.0687 74.9075
62.1552 74.9779
62.1684 75.2044
62.1816 75.6616
63.2619 77.6616
63.4878 75.6616
63.8999 76.0919
63.9852 76.2314
64.0117 76.4441
64.0261 76.875
65.0487 78.875
65.2709 76.875
65.724 76.9413
66.1037 75.8785
66.1037 4
66.1169 6
66.1169 4
66.1289 6
66.1289 4
66.1409 6
66.1409 4
66.1541 6
66.1541 4
66.1661 6
66.1661 4
66.1782 6
66.1782 4
66.1902 6
66.1902 4
66.2034 6
66.2034 4
66.2166 6
66.2166 4
66.2286 6
66.2286 4
66.2406 6
66.2406 4
66.2539 6
66.2539 4
66.2659 6
66.2659 4
66.2779 6
66.2779 4
66.2911 6
66.2911 4
66.3019 6
66.3019 4
66.3151 6
66.3151 4
66.3272 6
66.3272 4
66.3392 6
66.3392 4
66.3524 6
66.3524 4
66.3644 6
66.3644 4
66.3764 6
66.3764 4
66.3908 6
66.3908 4
66.4029 6
66.4029 4
66.4137 6
66.4137 4
66.4269 6
66.4269 4
66.4389 6
66.4389 4
66.4521 6
66.4521 4
66.4641 6
66.4641 4
66.4738 6
66.4738 4
66.481 6
66.481 4
66.4882 6
66.4882 4
66.4954 6
66.4954 4
66.5014 6
66.5014 4
66.6969 79.768
66.6969 81.768
66.709 83.768
66.9044 85.768
66.9175 87.768
66.9299 89.768
66.9419 91.768
66.9563 93.768
66.9684 95.768
66.9792 97.768
66.9924 98.4662
67.0044 95.518
67.0176 92.98
67.0296 90.759
67.0417 88.8156
67.0549 87.1568
67.0669 85.7051
67.0789 84.4344
67.0921 83.3646
67.1041 82.4282
67.1174 81.6506
67.1282 80.9289
67.1402 80.297
67.1534 79.7852
67.1654 79.3377
67.1786 78.9876
67.1919 78.7231
67.2039 78.491
67.2171 78.3709
67.2291 78.2659
67.2411 78.174
67.2543 78.0932
67.2664 78.0235
67.2784 77.9613
67.2916 77.9489
67.3036 77.9378
67.3156 77.9289
67.6653 79.9289
67.9068 77.9289
68.6145 76.3059
69.5013 78.3059
69.7308 76.3059
70.143 77.27
71.3205 79.27
71.5513 77.27
72.0079 77.4247
72.0487 77.6423
73.1446 79.6423
73.3765 77.6423
74.9746 79.6423
75.2041 77.6423
76.7542 76.2914
76.8047 78.2914
77.0366 76.2914
77.3177 78.2914
77.3177 4
77.3249 6
77.3249 4
77.3358 6
77.3358 4
77.3478 6
77.3478 4
77.3598 6
77.3598 4
77.3718 6
77.3718 4
77.3838 6
77.3838 4
77.3958 6
77.3958 4
77.4103 6
77.4103 4
77.4235 6
77.4235 4
77.4379 6
77.4379 4
77.4487 6
77.4487 4
77.4607 6
77.4607 4
77.4727 6
77.4727 4
77.486 6
77.486 4
77.4968 6
77.4968 4
77.5172 6
77.5172 4
77.5328 6
77.5328 4
77.5472 6
77.5472 4
77.5617 6
77.5617 4
77.5773 6
77.5773 4
77.5929 6
77.5929 4
77.6073 6
77.6073 4
77.6217 6
77.6217 4
77.6362 6
77.6362 4
77.6506 6
77.6506 4
77.6614 6
77.6614 4
77.6722 6
77.6722 4
77.683 6
77.683 4
77.6914 6
77.6914 4
77.6986 6
77.6986 4
77.7059 6
77.7059 4
77.7131 6
77.7131 4
77.9073 79.768
77.9073 81.768
77.9207 83.768
78.1158 85.768
78.1302 87.768
78.1434 89.768
78.1554 91.768
78.1687 93.768
78.1819 95.768
78.1951 97.768
78.2071 96.8191
78.2203 93.9164
78.2323 91.3771
78.2456 89.1948
78.2588 87.2859
78.272 85.6547
78.284 84.268
78.2972 83.0546
78.3104 82.0331
78.3225 81.0994
78.3357 80.3218
78.3489 79.6823
78.3609 79.0822
78.3741 78.6374
78.3861 78.2079
78.3994 77.8722
78.4126 77.5787
78.4246 77.3218
78.4378 77.0967
78.451 76.98
78.4642 76.8785
78.4775 76.8287
78.4895 76.7459
78.5027 76.7134
78.5147 76.6443
78.5267 76.5843
78.5399 76.5318
78.9004 78.5318
79.1383 76.5318
80.1152 76.4261
80.7533 78.4261
80.9792 76.4261
82.5665 78.4261
82.7912 76.4261
82.9318 75.5221
84.3941 77.5221
84.6176 75.5221
85.7375 74.4061
86.2038 76.4061
86.4297 74.4061
88.0326 76.4061
88.1131 75.3936
88.2621 73.3936
88.5361 73.8481
88.5445 75.8481
88.5445 4
88.5565 6
88.5565 4
88.5673 6
88.5673 4
88.5805 6
88.5805 4
88.5973 6
88.5973 4
88.6094 6
88.6094 4
88.6238 6
88.6238 4
88.637 6
88.637 4
88.6502 6
88.6502 4
88.661 6
88.661 4
88.6742 6
88.6742 4
88.6887 6
88.6887 4
88.7007 6
88.7007 4
88.7151 6
88.7151 4
88.7391 6
88.7391 4
88.756 6
88.756 4
88.7704 6
88.7704 4
88.7848 6
88.7848 4
88.8004 6
88.8004 4
88.8148 6
88.8148 4
88.8244 6
88.8244 4
88.8353 6
88.8353 4
88.8473 6
88.8473 4
88.8593 6
88.8593 4
88.8701 6
88.8701 4
88.8809 6
88.8809 4
88.8905 6
88.8905 4
88.9001 6
88.9001 4
88.9074 6
88.9074 4
88.911 6
88.911 4
88.9158 6
88.9158 4
89.1125 79.768
89.1125 81.768
89.1254 83.768
89.3205 85.768
89.3349 87.768
89.3481 89.768
89.3613 91.768
89.3745 93.768
89.3889 95.768
89.4022 94.7079
89.4154 91.6706
89.4286 89.0124
89.4418 86.6872
89.455 84.6906
89.4694 82.9827
89.4827 81.4883
89.4959 80.2189
89.5091 79.1464
89.5223 78.2086
89.5355 77.3881
89.5475 76.6312
89.562 76.0076
89.5752 75.5007
89.5884 75.0566
89.6016 74.6685
89.6148 74.3287
89.6281 74.0704
89.6425 73.8826
89.6557 73.7182
89.6689 73.5746
89.6821 73.4869
89.6953 73.4109
89.7086 73.3439
89.723 73.3239
90.0955 75.3239
90.3346 73.3239
90.6194 75.2079
91.9423 77.2079
92.1742 75.2079
93.7808 77.2079
94.0115 75.2079
94.7228 74.2383
95.6144 76.2383
95.8379 74.2383
97.4565 76.2383
97.6764 73.6975
97.6896 71.6975
98.139 72.1775
99.2901 74.1775
99.492 74.8985
99.5184 72.8985
99.7287 74.8985
99.7287 4
99.7443 6
99.7443 4
99.7575 6
99.7575 4
99.7696 6
99.7696 4
99.7816 6
99.7816 4
99.7936 6
99.7936 4
99.8044 6
99.8044 4
99.8164 6
99.8164 4
99.8272 6
99.8272 4
99.8368 6
99.8368 4
99.8489 6
99.8489 4
99.8597 6
99.8597 4
99.8693 6
99.8693 4
99.8813 6
99.8813 4
99.8909 6
99.8909 4
99.9029 6
99.9029 4
99.9113 6
99.9113 4
99.9234 6
99.9234 4
99.933 6
99.933 4
99.9426 6
99.9426 4
99.9546 6
99.9546 4
99.9654 6
99.9654 4
99.981 6
99.981 4
99.9907 6
99.9907 4
