0.1 0.00448
0.2 0
0.3 1.20416
0.4 0
0.5 1.68
0.6 0.48
0.7 1.56
0.8 2.4
0.9 2.64
1 3.12
1.1 4.68
1.2 4.08
1.3 2.64
1.4 2.16
1.5 2.04
1.6 2.04
1.7 2.04
1.8 2.04
1.9 1.8
2 1.8
2.1 1.92
2.2 2.16
2.3 1.92
2.4 1.92
2.5 2.04
2.6 1.8
2.7 1.92
2.8 2.16
2.9 1.92
3 1.92
3.1 1.92
3.2 1.92
3.3 0.84
3.4 0.72
3.5 0.72
3.6 0.72
3.7 0.72
3.8 0.72
3.9 1.92
4 2.52
4.1 2.16
4.2 1.56
4.3 1.56
4.4 2.04
4.5 2.04
4.6 2.04
4.7 2.04
4.8 2.04
4.9 2.04
5 2.04
5.1 2.04
5.2 2.04
5.3 2.04
5.4 1.92
5.5 2.04
5.6 2.52
5.7 2.52
5.8 1.68
5.9 1.56
6 1.92
6.1 1.92
6.2 2.16
6.3 2.04
6.4 2.04
6.5 2.16
6.6 2.04
6.7 2.16
6.8 2.04
6.9 2.04
7 2.16
7.1 2.04
7.2 2.4
7.3 2.52
7.4 2.04
7.5 1.56
7.6 1.8
7.7 2.16
7.8 2.04
7.9 2.04
8 2.16
8.1 2.04
8.2 2.16
8.3 2.04
8.4 2.16
8.5 2.04
8.6 2.16
8.7 2.04
8.8 2.16
8.9 2.64
9 2.52
9.1 1.56
9.2 1.56
9.3 2.04
9.4 2.16
9.5 2.04
9.6 2.16
9.7 2.04
9.8 2.16
9.9 2.04
10 2.16
10.1 2.04
10.2 2.04
10.3 0.12
10.4 0
10.5 0
10.6 0.36
10.7 0
10.8 0.48
10.9 2.04
11 2.16
11.1 2.04
11.2 2.16
11.3 2.04
11.4 2.52
11.5 2.64
11.6 2.52
11.7 1.68
11.8 1.56
11.9 1.92
12 2.04
12.1 2.04
12.2 2.04
12.3 2.04
12.4 2.16
12.5 2.04
12.6 2.04
12.7 2.04
12.8 2.04
12.9 2.04
13 2.04
13.1 2.04
13.2 2.16
13.3 2.52
13.4 2.64
13.5 1.56
13.6 1.56
13.7 1.92
13.8 2.04
13.9 2.04
14 2.04
14.1 2.04
14.2 2.04
14.3 2.04
14.4 2.04
14.5 2.04
14.6 2.04
14.7 2.04
14.8 2.04
14.9 2.04
15 2.04
15.1 2.64
15.2 2.52
15.3 1.56
15.4 1.56
15.5 1.92
15.6 2.04
15.7 1.92
15.8 2.16
15.9 2.04
16 2.04
16.1 2.04
16.2 2.04
16.3 2.04
16.4 2.04
16.5 2.04
16.6 2.04
16.7 2.04
16.8 2.16
16.9 2.52
17 2.52
17.1 1.56
17.2 1.56
17.3 1.92
17.4 2.04
17.5 2.04
17.6 2.04
17.7 2.04
17.8 2.16
17.9 2.04
18 2.04
18.1 2.04
18.2 2.04
18.3 2.04
18.4 2.04
18.5 2.04
18.6 2.28
18.7 2.52
18.8 2.52
18.9 1.56
19 1.56
19.1 1.92
19.2 2.04
19.3 2.16
19.4 2.04
19.5 2.04
19.6 2.04
19.7 2.04
19.8 2.04
19.9 2.04
20 2.16
20.1 2.04
20.2 2.04
20.3 2.04
20.4 2.28
20.5 2.64
20.6 2.28
20.7 1.56
20.8 1.56
20.9 2.04
21 2.04
21.1 2.04
21.2 2.16
21.3 2.04
21.4 0.96
21.5 0
21.6 0
21.7 0
21.8 0.48
21.9 0
22 1.92
22.1 2.04
22.2 2.04
22.3 2.04
22.4 2.16
22.5 2.04
22.6 2.04
22.7 2.28
22.8 2.52
22.9 2.52
23 2.16
23.1 1.44
23.2 1.68
23.3 2.04
23.4 2.16
23.5 2.04
23.6 2.04
23.7 2.04
23.8 2.04
23.9 2.04
24 2.04
24.1 2.04
24.2 2.04
24.3 2.04
24.4 2.04
24.5 2.16
24.6 2.52
24.7 2.52
24.8 1.56
24.9 1.56
25 1.92
25.1 2.04
25.2 2.04
25.3 2.04
25.4 2.04
25.5 2.04
25.6 2.04
25.7 2.04
25.8 2.04
25.9 2.04
26 2.04
26.1 2.04
26.2 2.04
26.3 2.4
26.4 2.52
26.5 2.16
26.6 1.44
26.7 1.68
26.8 2.04
26.9 2.16
27 2.04
27.1 2.04
27.2 2.04
27.3 2.16
27.4 2.04
27.5 2.04
27.6 2.04
27.7 2.16
27.8 2.04
27.9 2.04
28 2.04
28.1 2.64
28.2 2.52
28.3 1.92
28.4 1.56
28.5 1.8
28.6 2.04
28.7 2.16
28.8 2.04
28.9 2.16
29 2.04
29.1 2.16
29.2 2.04
29.3 2.16
29.4 2.04
29.5 2.04
29.6 2.16
29.7 2.04
29.8 2.16
29.9 2.64
30 2.64
30.1 1.68
30.2 1.56
30.3 1.92
30.4 2.16
30.5 2.04
30.6 2.16
30.7 2.04
30.8 2.16
30.9 2.04
31 2.16
31.1 2.04
31.2 2.16
31.3 2.04
31.4 2.16
31.5 2.04
31.6 2.4
31.7 2.52
31.8 1.8
31.9 1.56
32 1.56
32.1 2.16
32.2 2.04
32.3 2.16
32.4 2.04
32.5 2.16
32.6 0
32.7 0
32.8 0
32.9 0.12
33 0.24
33.1 0
33.2 2.16
33.3 2.16
33.4 2.04
33.5 2.16
33.6 2.04
33.7 2.16
33.8 2.16
33.9 2.04
34 2.16
34.1 2.16
34.2 2.04
34.3 2.16
34.4 2.64
34.5 2.76
34.6 1.8
34.7 1.56
34.8 1.8
34.9 2.16
35 2.16
35.1 2.04
35.2 2.16
35.3 2.04
35.4 2.16
35.5 2.16
35.6 2.04
35.7 2.16
35.8 2.16
35.9 2.04
36 2.16
36.1 2.28
36.2 2.64
36.3 2.52
36.4 1.56
36.5 1.56
36.6 2.04
36.7 2.16
36.8 2.16
36.9 2.16
37 2.04
37.1 2.16
37.2 2.16
37.3 2.16
37.4 2.16
37.5 2.16
37.6 2.04
37.7 2.16
37.8 2.16
37.9 2.52
38 2.64
38.1 2.16
38.2 1.56
38.3 1.8
38.4 2.04
38.5 2.16
38.6 2.16
38.7 2.16
38.8 2.16
38.9 2.16
39 2.16
39.1 2.16
39.2 2.16
39.3 2.16
39.4 2.16
39.5 2.16
39.6 2.04
39.7 2.76
39.8 2.64
39.9 1.8
40 1.68
40.1 1.92
40.2 2.16
40.3 2.16
40.4 2.16
40.5 2.16
40.6 2.04
40.7 2.16
40.8 2.16
40.9 2.16
41 2.16
41.1 2.16
41.2 2.16
41.3 2.16
41.4 2.28
41.5 2.76
41.6 2.16
41.7 1.56
41.8 1.68
41.9 2.16
42 2.16
42.1 2.16
42.2 2.16
42.3 2.04
42.4 2.16
42.5 2.16
42.6 2.16
42.7 2.16
42.8 2.16
42.9 2.16
43 2.16
43.1 2.04
43.2 2.4
43.3 2.16
43.4 1.56
43.5 1.68
43.6 1.68
43.7 2.16
43.8 0.96
43.9 0
44 0
44.1 0
44.2 0.36
44.3 0
44.4 1.56
44.5 2.16
44.6 2.16
44.7 2.16
44.8 2.16
44.9 2.28
45 2.76
45.1 2.64
45.2 2.28
45.3 1.56
45.4 1.68
45.5 2.16
45.6 2.16
45.7 2.04
45.8 2.16
45.9 2.16
46 2.04
46.1 2.16
46.2 2.04
46.3 2.16
46.4 2.04
46.5 2.16
46.6 2.04
46.7 2.16
46.8 2.4
46.9 2.64
47 2.28
47.1 1.56
47.2 1.56
47.3 2.16
47.4 2.04
47.5 2.16
47.6 2.16
47.7 2.04
47.8 2.16
47.9 2.04
48 2.16
48.1 2.04
48.2 2.16
48.3 2.04
48.4 2.16
48.5 2.04
48.6 2.52
48.7 2.64
48.8 2.16
48.9 1.56
49 1.68
49.1 2.04
49.2 2.16
49.3 2.04
49.4 2.16
49.5 2.04
49.6 2.16
49.7 2.04
49.8 2.16
49.9 2.04
50 2.16
50.1 2.04
50.2 2.16
50.3 2.04
50.4 2.4
50.5 2.64
50.6 2.28
50.7 1.68
50.8 1.56
50.9 2.04
51 2.16
51.1 2.16
51.2 2.04
51.3 2.16
51.4 2.16
51.5 2.16
51.6 2.16
51.7 2.16
51.8 2.16
51.9 2.04
52 2.16
52.1 2.16
52.2 2.4
52.3 2.64
52.4 2.64
52.5 1.56
52.6 1.56
52.7 2.04
52.8 2.16
52.9 2.16
53 2.16
53.1 2.28
53.2 2.16
53.3 2.28
53.4 2.16
53.5 2.28
53.6 2.16
53.7 2.16
53.8 2.28
53.9 2.16
54 2.52
54.1 2.76
54.2 2.52
54.3 1.68
54.4 1.56
54.5 2.28
54.6 2.16
54.7 2.28
54.8 2.16
54.9 2.16
55 0
55.1 0
55.2 0
55.3 0.48
55.4 0
55.5 0.36
55.6 2.16
55.7 2.28
55.8 2.16
55.9 2.28
56 2.16
56.1 2.76
56.2 2.76
56.3 2.64
56.4 1.68
56.5 1.68
56.6 2.16
56.7 2.28
56.8 2.16
56.9 2.28
57 2.16
57.1 2.16
57.2 2.28
57.3 2.16
57.4 2.28
57.5 2.16
57.6 2.28
57.7 2.16
57.8 2.16
57.9 2.52
58 2.76
58.1 2.16
58.2 1.68
58.3 1.8
58.4 2.16
58.5 2.28
58.6 2.16
58.7 2.16
58.8 2.28
58.9 2.16
59 2.16
59.1 2.28
59.2 2.16
59.3 2.16
59.4 2.28
59.5 2.16
59.6 2.16
59.7 2.76
59.8 2.76
59.9 1.92
60 1.68
60.1 1.92
60.2 2.28
60.3 2.28
60.4 2.28
60.5 2.16
60.6 2.28
60.7 2.28
60.8 2.28
60.9 2.16
61 2.28
61.1 2.28
61.2 2.28
61.3 2.16
61.4 2.52
61.5 2.76
61.6 2.64
61.7 1.68
61.8 1.68
61.9 2.28
62 2.28
62.1 2.28
62.2 2.4
62.3 2.28
62.4 2.28
62.5 2.28
62.6 2.28
62.7 2.28
62.8 2.4
62.9 2.28
63 2.28
63.1 2.28
63.2 2.64
63.3 2.88
63.4 2.52
63.5 1.8
63.6 1.68
63.7 2.4
63.8 2.28
63.9 2.28
64 2.4
64.1 2.28
64.2 2.4
64.3 2.28
64.4 2.28
64.5 2.4
64.6 2.28
64.7 2.4
64.8 2.28
64.9 2.28
65 2.88
65.1 2.88
65.2 2.04
65.3 1.8
65.4 1.92
65.5 2.28
65.6 2.4
65.7 2.4
65.8 2.28
65.9 2.4
66 2.4
66.1 0.84
66.2 0
66.3 0
66.4 0
66.5 0.48
66.6 0
66.7 0.96
66.8 2.28
66.9 2.4
67 2.4
67.1 2.28
67.2 2.4
67.3 2.28
67.4 2.4
67.5 2.4
67.6 2.28
67.7 2.88
67.8 3
67.9 2.4
68 1.8
68.1 1.92
68.2 2.4
68.3 2.4
68.4 2.4
68.5 2.4
68.6 2.4
68.7 2.28
68.8 2.4
68.9 2.4
69 2.4
69.1 2.4
69.2 2.4
69.3 2.4
69.4 2.52
69.5 3
69.6 2.88
69.7 1.8
69.8 1.8
69.9 2.4
70 2.52
70.1 2.52
70.2 2.52
70.3 2.4
70.4 2.52
70.5 2.52
70.6 2.52
70.7 2.52
70.8 2.4
70.9 2.52
71 2.52
71.1 2.52
71.2 2.88
71.3 3.12
71.4 2.52
71.5 1.92
71.6 2.04
71.7 2.52
71.8 2.64
71.9 2.64
72 2.64
72.1 2.52
72.2 2.64
72.3 2.64
72.4 2.64
72.5 2.64
72.6 2.64
72.7 2.52
72.8 2.64
72.9 2.64
73 3.24
73.1 3.24
73.2 1.8
73.3 2.04
73.4 2.28
73.5 2.64
73.6 2.64
73.7 2.64
73.8 2.28
73.9 2.52
74 2.64
74.1 2.64
74.2 2.64
74.3 2.64
74.4 2.64
74.5 2.52
74.6 2.64
74.7 2.76
74.8 2.52
74.9 2.16
75 1.92
75.1 2.04
75.2 2.64
75.3 2.64
75.4 2.64
75.5 2.28
75.6 2.28
75.7 2.64
75.8 2.64
75.9 2.64
76 2.64
76.1 2.64
76.2 2.64
76.3 2.52
76.4 2.52
76.5 2.76
76.6 2.4
76.7 2.16
76.8 1.92
76.9 2.28
77 2.64
77.1 2.64
77.2 2.64
77.3 0.12
77.4 0
77.5 0
77.6 0
77.7 0.48
77.8 0
77.9 1.44
78 2.64
78.1 2.64
78.2 2.52
78.3 2.52
78.4 2.64
78.5 2.52
78.6 2.52
78.7 2.64
78.8 2.64
78.9 3.12
79 3.24
79.1 2.52
79.2 2.04
79.3 2.16
79.4 2.76
79.5 2.76
79.6 2.64
79.7 2.76
79.8 2.64
79.9 2.76
80 2.64
80.1 2.76
80.2 2.64
80.3 2.76
80.4 2.64
80.5 2.76
80.6 2.64
80.7 3.36
80.8 3.36
80.9 2.4
81 2.04
81.1 2.4
81.2 2.88
81.3 2.76
81.4 2.76
81.5 2.88
81.6 2.76
81.7 2.88
81.8 2.76
81.9 2.88
82 2.76
82.1 2.88
82.2 2.76
82.3 2.88
82.4 2.88
82.5 3.48
82.6 3.48
82.7 2.28
82.8 2.16
82.9 2.52
83 2.88
83.1 2.88
83.2 2.88
83.3 2.64
83.4 2.88
83.5 2.88
83.6 2.88
83.7 2.88
83.8 2.88
83.9 2.76
84 2.76
84.1 2.76
84.2 3
84.3 2.64
84.4 2.4
84.5 2.16
84.6 2.16
84.7 2.88
84.8 2.88
84.9 2.88
85 2.4
85.1 2.4
85.2 2.88
85.3 2.88
85.4 2.88
85.5 2.88
85.6 2.88
85.7 2.64
85.8 2.76
85.9 2.76
86 3
86.1 2.64
86.2 2.28
86.3 2.16
86.4 2.28
86.5 2.88
86.6 2.88
86.7 2.88
86.8 2.28
86.9 2.52
87 2.88
87.1 2.88
87.2 2.88
87.3 2.88
87.4 2.88
87.5 2.76
87.6 2.88
87.7 2.76
87.8 3
87.9 2.76
88 1.56
88.1 2.04
88.2 2.4
88.3 2.64
88.4 1.68
88.5 0
88.6 0
88.7 0
88.8 0
88.9 0.48
89 0
89.1 2.52
89.2 2.76
89.3 2.76
89.4 2.64
89.5 2.76
89.6 2.76
89.7 2.76
89.8 2.64
89.9 2.76
90 3.12
90.1 3.48
90.2 2.88
90.3 2.04
90.4 2.88
90.5 3
90.6 3
90.7 2.88
90.8 3
90.9 2.88
91 3
91.1 3
91.2 3
91.3 3
91.4 3
91.5 3
91.6 3
91.7 3.6
91.8 3.84
91.9 2.52
92 2.16
92.1 2.76
92.2 3
92.3 3
92.4 3.12
92.5 3
92.6 3.12
92.7 3
92.8 3.12
92.9 3
93 3
93.1 3.12
93.2 3.12
93.3 3
93.4 3.24
93.5 2.76
93.6 2.52
93.7 2.28
93.8 2.28
93.9 3.12
94 3
94.1 3
94.2 2.28
94.3 2.28
94.4 3
94.5 3
94.6 3.12
94.7 3
94.8 2.52
94.9 2.88
95 2.76
95.1 2.88
95.2 3
95.3 2.52
95.4 2.16
95.5 2.28
95.6 2.76
95.7 3.12
95.8 3
95.9 2.52
96 2.4
96.1 2.88
96.2 2.76
96.3 3.12
96.4 3
96.5 2.88
96.6 2.76
96.7 2.76
96.8 2.88
96.9 3
97 2.76
97.1 2.28
97.2 2.28
97.3 2.4
97.4 3
97.5 3.12
97.6 2.88
97.7 2.4
97.8 2.52
97.9 1.8
98 2.64
98.1 2.76
98.2 2.88
98.3 2.76
98.4 2.76
98.5 2.76
98.6 2.76
98.7 3
98.8 2.76
98.9 2.04
99 2.04
99.1 2.52
99.2 2.76
99.3 2.76
99.4 2.76
99.5 2.76
99.6 0.24
99.7 0
99.8 0
99.9 0
100 0.36
