0.2 0.00448
0.3 0
0.4 0.0208
0.5 0
0.6 0.02912
0.7 0.00832
0.8 0.02912
0.9 0.03328
1 0.03328
1.1 0.03328
1.2 0.03328
1.3 0.03744
1.4 0.03328
1.5 0.03328
1.6 0.03744
1.7 0.03328
1.8 0.03328
1.9 0.02912
2 0.03328
2.1 0.03744
2.2 0.03328
2.3 0.03328
2.4 0.03744
2.5 0.02912
2.6 0.03328
2.7 0.03744
2.8 0.03328
2.9 0.03328
3 0.03328
3.1 0.03328
3.2 0.03328
3.3 0.03744
3.4 0.03328
3.5 0.03328
3.6 0.03744
3.7 0.02912
3.8 0.03744
3.9 0.03328
4 0.02912
4.1 0.03328
4.2 0.03744
4.3 0.03744
4.4 0.03328
4.5 0.03328
4.6 0.03328
4.7 0.03328
4.8 0.03328
4.9 0.03328
5 0.03744
5.1 0.03328
5.2 0.03328
5.3 0.03328
5.4 0.03328
5.5 0.03744
5.6 0.03328
5.7 0.02912
5.8 0.03328
5.9 0.03744
6 0.0416
6.1 0.02912
6.2 0.03328
6.3 0.03744
6.4 0.03328
6.5 0.03328
6.6 0.03744
6.7 0.03328
6.8 0.03744
6.9 0.03328
7 0.03744
7.1 0.03328
7.2 0.03744
7.3 0.03328
7.4 0.02912
7.5 0.03744
7.6 0.0416
7.7 0.03744
7.8 0.02912
7.9 0.03744
8 0.03328
8.1 0.03744
8.2 0.03328
8.3 0.03744
8.4 0.03328
8.5 0.03744
8.6 0.03328
8.7 0.03744
8.8 0.03328
8.9 0.03744
9 0.03328
9.1 0.03328
9.2 0.03328
9.3 0.04576
9.4 0.03328
9.5 0.02912
9.6 0.03744
9.7 0.03328
9.8 0.03744
9.9 0.03328
10 0.03744
10.1 0.03328
10.2 0.03744
10.3 0.03328
10.4 0.03744
10.5 0.03328
10.6 0
10.7 0.00832
10.8 0
10.9 0.00416
11 0.03744
11.1 0.03744
11.2 0.03328
11.3 0.03328
11.4 0.03744
11.5 0.03328
11.6 0.03744
11.7 0.03328
11.8 0.03744
11.9 0.03328
12 0.03328
12.1 0.03744
12.2 0.03328
12.3 0.03744
12.4 0.03328
12.5 0.03744
12.6 0.03328
12.7 0.03328
12.8 0.03744
12.9 0.03328
13 0.03744
13.1 0.03328
13.2 0.03744
13.3 0.03328
13.4 0.03328
13.5 0.03744
13.6 0.03328
13.7 0.03744
13.8 0.03328
13.9 0.03744
14 0.03328
14.1 0.03744
14.2 0.03328
14.3 0.03744
14.4 0.03328
14.5 0.03744
14.6 0.03328
14.7 0.03328
14.8 0.03744
14.9 0.03328
15 0.03744
15.1 0.03328
15.2 0.03328
15.3 0.03328
15.4 0.03744
15.5 0.03744
15.6 0.03328
15.7 0.03744
15.8 0.03328
15.9 0.03328
16 0.03744
16.1 0.03328
16.2 0.03744
16.3 0.03328
16.4 0.03328
16.5 0.03744
16.6 0.03328
16.7 0.03744
16.8 0.03328
16.9 0.03744
17 0.02912
17.1 0.03744
17.2 0.03328
17.3 0.0416
17.4 0.03328
17.5 0.03328
17.6 0.03744
17.7 0.03328
17.8 0.03744
17.9 0.03328
18 0.03744
18.1 0.03328
18.2 0.03328
18.3 0.03744
18.4 0.03328
18.5 0.03744
18.6 0.03328
18.7 0.03744
18.8 0.02912
18.9 0.03744
19 0.03744
19.1 0.03744
19.2 0.03328
19.3 0.03744
19.4 0.03328
19.5 0.03328
19.6 0.03744
19.7 0.03328
19.8 0.03744
19.9 0.03328
20 0.03328
20.1 0.03744
20.2 0.03328
20.3 0.03744
20.4 0.03328
20.5 0.03744
20.6 0.03328
20.7 0.03328
20.8 0.03328
20.9 0.0416
21 0.03328
21.1 0.03328
21.2 0.03328
21.3 0.03744
21.4 0.03328
21.5 0.03744
21.6 0.03328
21.7 0.00832
21.8 0
21.9 0.00832
22 0
22.1 0.02912
22.2 0.03744
22.3 0.03328
22.4 0.03744
22.5 0.03328
22.6 0.03328
22.7 0.03744
22.8 0.03328
22.9 0.03744
23 0.03328
23.1 0.03328
23.2 0.03744
23.3 0.03328
23.4 0.03328
23.5 0.03744
23.6 0.03328
23.7 0.03328
23.8 0.03744
23.9 0.03328
24 0.03328
24.1 0.03744
24.2 0.03328
24.3 0.03744
24.4 0.03328
24.5 0.03328
24.6 0.03744
24.7 0.03328
24.8 0.03744
24.9 0.03328
25 0.03328
25.1 0.03328
25.2 0.03744
25.3 0.03328
25.4 0.03328
25.5 0.03744
25.6 0.03328
25.7 0.03744
25.8 0.03328
25.9 0.03328
26 0.03744
26.1 0.03328
26.2 0.03328
26.3 0.03744
26.4 0.03328
26.5 0.03744
26.6 0.03744
26.7 0.03328
26.8 0.02912
26.9 0.03328
27 0.0416
27.1 0.03328
27.2 0.03744
27.3 0.03328
27.4 0.03328
27.5 0.03744
27.6 0.03328
27.7 0.03328
27.8 0.03744
27.9 0.03328
28 0.03744
28.1 0.03328
28.2 0.03744
28.3 0.03744
28.4 0.03744
28.5 0.03328
28.6 0.02912
28.7 0.03328
28.8 0.03744
28.9 0.03744
29 0.03328
29.1 0.03744
29.2 0.03328
29.3 0.03744
29.4 0.03328
29.5 0.03744
29.6 0.03328
29.7 0.03744
29.8 0.03328
29.9 0.03744
30 0.03328
30.1 0.03744
30.2 0.03744
30.3 0.03744
30.4 0.02912
30.5 0.02912
30.6 0.0416
30.7 0.03328
30.8 0.03744
30.9 0.03328
31 0.03744
31.1 0.03744
31.2 0.03328
31.3 0.03744
31.4 0.03328
31.5 0.03744
31.6 0.03328
31.7 0.03744
31.8 0.03744
31.9 0.03328
32 0.0416
32.1 0.03328
32.2 0.02496
32.3 0.03744
32.4 0.0416
32.5 0.03328
32.6 0.03744
32.7 0.03744
32.8 0.03744
32.9 0.00416
33 0
33.1 0.00832
33.2 0
33.3 0.03328
33.4 0.03744
33.5 0.03744
33.6 0.03328
33.7 0.03744
33.8 0.03328
33.9 0.03744
34 0.03744
34.1 0.03328
34.2 0.03744
34.3 0.03744
34.4 0.03328
34.5 0.03744
34.6 0.03744
34.7 0.03328
34.8 0.03328
34.9 0.03744
35 0.03744
35.1 0.03328
35.2 0.03744
35.3 0.03744
35.4 0.03328
35.5 0.03744
35.6 0.03744
35.7 0.03328
35.8 0.03744
35.9 0.03744
36 0.03328
36.1 0.03744
36.2 0.03328
36.3 0.0416
36.4 0.03744
36.5 0.03328
36.6 0.03328
36.7 0.03328
36.8 0.0416
36.9 0.03328
37 0.03744
37.1 0.03744
37.2 0.03328
37.3 0.03744
37.4 0.03328
37.5 0.03744
37.6 0.03744
37.7 0.03744
37.8 0.03328
37.9 0.03744
38 0.03744
38.1 0.03744
38.2 0.03744
38.3 0.03328
38.4 0.03328
38.5 0.03328
38.6 0.0416
38.7 0.03744
38.8 0.03328
38.9 0.03744
39 0.03328
39.1 0.03744
39.2 0.03744
39.3 0.03744
39.4 0.03328
39.5 0.03744
39.6 0.03744
39.7 0.03328
39.8 0.03744
39.9 0.03744
40 0.03744
40.1 0.03744
40.2 0.02912
40.3 0.03328
40.4 0.0416
40.5 0.03744
40.6 0.03328
40.7 0.03744
40.8 0.03328
40.9 0.03744
41 0.03744
41.1 0.03328
41.2 0.03744
41.3 0.03744
41.4 0.03328
41.5 0.03744
41.6 0.03328
41.7 0.03744
41.8 0.0416
41.9 0.03744
42 0.02496
42.1 0.03328
42.2 0.0416
42.3 0.03744
42.4 0.03744
42.5 0.03328
42.6 0.03744
42.7 0.03744
42.8 0.03328
42.9 0.03744
43 0.03328
43.1 0.03744
43.2 0.03744
43.3 0.03744
43.4 0.03328
43.5 0.03744
43.6 0.03744
43.7 0.03328
43.8 0.02912
43.9 0.03744
44 0.0416
44.1 0.02496
44.2 0
44.3 0.00832
44.4 0
44.5 0.02496
44.6 0.03744
44.7 0.03328
44.8 0.03744
44.9 0.03744
45 0.03328
45.1 0.03744
45.2 0.03328
45.3 0.03744
45.4 0.03744
45.5 0.03744
45.6 0.03328
45.7 0.03744
45.8 0.03744
45.9 0.03328
46 0.03744
46.1 0.03744
46.2 0.03328
46.3 0.03744
46.4 0.03744
46.5 0.03328
46.6 0.03744
46.7 0.03744
46.8 0.03328
46.9 0.03744
47 0.03328
47.1 0.03744
47.2 0.03744
47.3 0.03744
47.4 0.03328
47.5 0.03744
47.6 0.03744
47.7 0.03328
47.8 0.03744
47.9 0.03328
48 0.03744
48.1 0.03744
48.2 0.03744
48.3 0.03328
48.4 0.03744
48.5 0.03328
48.6 0.03744
48.7 0.03744
48.8 0.03328
48.9 0.03328
49 0.0416
49.1 0.03744
49.2 0.03328
49.3 0.03744
49.4 0.03328
49.5 0.03744
49.6 0.03328
49.7 0.03744
49.8 0.03744
49.9 0.03744
50 0.03328
50.1 0.03744
50.2 0.03328
50.3 0.03744
50.4 0.03744
50.5 0.03328
50.6 0.03328
50.7 0.03744
50.8 0.03744
50.9 0.0416
51 0.03328
51.1 0.03328
51.2 0.03744
51.3 0.03744
51.4 0.03328
51.5 0.03744
51.6 0.03744
51.7 0.03744
51.8 0.03744
51.9 0.03328
52 0.03744
52.1 0.03744
52.2 0.03744
52.3 0.03744
52.4 0.02912
52.5 0.03744
52.6 0.03744
52.7 0.04576
52.8 0.03744
52.9 0.02912
53 0.03744
53.1 0.03744
53.2 0.03744
53.3 0.03744
53.4 0.03744
53.5 0.03744
53.6 0.03744
53.7 0.03744
53.8 0.03744
53.9 0.03744
54 0.03744
54.1 0.03744
54.2 0.03328
54.3 0.03744
54.4 0.03744
54.5 0.04576
54.6 0.03744
54.7 0.03328
54.8 0.03744
54.9 0.03744
55 0.03744
55.1 0.03744
55.2 0.03744
55.3 0
55.4 0.00832
55.5 0
55.6 0.00416
55.7 0.03744
55.8 0.03744
55.9 0.03744
56 0.03744
56.1 0.03744
56.2 0.03744
56.3 0.03744
56.4 0.03744
56.5 0.03744
56.6 0.03328
56.7 0.0416
56.8 0.03744
56.9 0.03744
57 0.03744
57.1 0.03744
57.2 0.03744
57.3 0.03744
57.4 0.03744
57.5 0.03744
57.6 0.03744
57.7 0.03744
57.8 0.03744
57.9 0.03744
58 0.03744
58.1 0.03744
58.2 0.03744
58.3 0.03744
58.4 0.02912
58.5 0.0416
58.6 0.03744
58.7 0.03744
58.8 0.03744
58.9 0.03744
59 0.03744
59.1 0.03744
59.2 0.03744
59.3 0.03744
59.4 0.03744
59.5 0.03744
59.6 0.0416
59.7 0.03744
59.8 0.03744
59.9 0.0416
60 0.03744
60.1 0.03328
60.2 0.03328
60.3 0.0416
60.4 0.03744
60.5 0.0416
60.6 0.03744
60.7 0.03744
60.8 0.03744
60.9 0.0416
61 0.03744
61.1 0.03744
61.2 0.03744
61.3 0.03744
61.4 0.0416
61.5 0.03744
61.6 0.03744
61.7 0.04576
61.8 0.03744
61.9 0.03328
62 0.03328
62.1 0.0416
62.2 0.0416
62.3 0.03744
62.4 0.0416
62.5 0.03744
62.6 0.03744
62.7 0.0416
62.8 0.03744
62.9 0.0416
63 0.03744
63.1 0.03744
63.2 0.0416
63.3 0.03744
63.4 0.0416
63.5 0.0416
63.6 0.0416
63.7 0.03744
63.8 0.02912
63.9 0.0416
64 0.0416
64.1 0.0416
64.2 0.03744
64.3 0.0416
64.4 0.03744
64.5 0.0416
64.6 0.03744
64.7 0.0416
64.8 0.03744
64.9 0.03744
65 0.0416
65.1 0.03744
65.2 0.0416
65.3 0.0416
65.4 0.0416
65.5 0.03744
65.6 0.02912
65.7 0.03744
65.8 0.04576
65.9 0.0416
66 0.03744
66.1 0.0416
66.2 0.03744
66.3 0.0416
66.4 0.02912
66.5 0
66.6 0.00832
66.7 0
66.8 0.01248
66.9 0.0416
67 0.03744
67.1 0.0416
67.2 0.03744
67.3 0.0416
67.4 0.03744
67.5 0.0416
67.6 0.0416
67.7 0.03744
67.8 0.0416
67.9 0.0416
68 0.0416
68.1 0.02912
68.2 0.03744
68.3 0.04576
68.4 0.0416
68.5 0.0416
68.6 0.03744
68.7 0.0416
68.8 0.03744
68.9 0.0416
69 0.0416
69.1 0.03744
69.2 0.0416
69.3 0.0416
69.4 0.03744
69.5 0.0416
69.6 0.04576
69.7 0.04576
69.8 0.03744
69.9 0.03328
70 0.03328
70.1 0.04576
70.2 0.04576
70.3 0.0416
70.4 0.0416
70.5 0.0416
70.6 0.0416
70.7 0.0416
70.8 0.0416
70.9 0.0416
71 0.0416
71.1 0.04576
71.2 0.0416
71.3 0.0416
71.4 0.0416
71.5 0.04992
71.6 0.04576
71.7 0.03328
71.8 0.02912
71.9 0.03744
72 0.05408
72.1 0.04576
72.2 0.0416
72.3 0.04576
72.4 0.0416
72.5 0.0416
72.6 0.04576
72.7 0.04576
72.8 0.0416
72.9 0.0416
73 0.04576
73.1 0.0416
73.2 0.04576
73.3 0.04576
73.4 0.04992
73.5 0.03744
73.6 0.03328
73.7 0.02912
73.8 0.05408
73.9 0.04992
74 0.04576
74.1 0.04576
74.2 0.03744
74.3 0.0416
74.4 0.04576
74.5 0.0416
74.6 0.04576
74.7 0.0416
74.8 0.0416
74.9 0.04576
75 0.0416
75.1 0.04576
75.2 0.0416
75.3 0.03744
75.4 0.03328
75.5 0.0416
75.6 0.04992
75.7 0.05408
75.8 0.04992
75.9 0.03328
76 0.0416
76.1 0.04576
76.2 0.0416
76.3 0.04576
76.4 0.0416
76.5 0.0416
76.6 0.04576
76.7 0.0416
76.8 0.0416
76.9 0.04576
77 0.04576
77.1 0.03328
77.2 0.03744
77.3 0.0416
77.4 0.04992
77.5 0.04992
77.6 0.02912
77.7 0
77.8 0.00832
77.9 0
78 0.02496
78.1 0.0416
78.2 0.04576
78.3 0.0416
78.4 0.0416
78.5 0.04576
78.6 0.0416
78.7 0.0416
78.8 0.04576
78.9 0.0416
79 0.04992
79.1 0.04576
79.2 0.0416
79.3 0.03744
79.4 0.03744
79.5 0.04992
79.6 0.04992
79.7 0.04576
79.8 0.0416
79.9 0.04576
80 0.04576
80.1 0.04576
80.2 0.0416
80.3 0.04576
80.4 0.04576
80.5 0.04576
80.6 0.04576
80.7 0.0416
80.8 0.04576
80.9 0.05408
81 0.04992
81.1 0.0416
81.2 0.02912
81.3 0.03744
81.4 0.05408
81.5 0.04992
81.6 0.04576
81.7 0.04992
81.8 0.04576
81.9 0.04576
82 0.04576
82.1 0.04576
82.2 0.04576
82.3 0.04576
82.4 0.04576
82.5 0.04992
82.6 0.04576
82.7 0.04576
82.8 0.05408
82.9 0.05408
83 0.03744
83.1 0.03328
83.2 0.03328
83.3 0.05408
83.4 0.05408
83.5 0.04992
83.6 0.04992
83.7 0.0416
83.8 0.04992
83.9 0.04576
84 0.04992
84.1 0.04576
84.2 0.04576
84.3 0.04576
84.4 0.04576
84.5 0.04576
84.6 0.04992
84.7 0.04576
84.8 0.0416
84.9 0.03744
85 0.0416
85.1 0.05824
85.2 0.05824
85.3 0.04992
85.4 0.03744
85.5 0.04576
85.6 0.04576
85.7 0.04992
85.8 0.04576
85.9 0.04992
86 0.04576
86.1 0.04576
86.2 0.04576
86.3 0.04576
86.4 0.04992
86.5 0.04576
86.6 0.03744
86.7 0.03744
86.8 0.04576
86.9 0.05408
87 0.05824
87.1 0.04992
87.2 0.0416
87.3 0.04576
87.4 0.04576
87.5 0.04992
87.6 0.04992
87.7 0.04576
87.8 0.04992
87.9 0.04576
88 0.04576
88.1 0.04576
88.2 0.04992
88.3 0.04576
88.4 0.02912
88.5 0.03744
88.6 0.04992
88.7 0.04992
88.8 0.00832
88.9 0
89 0.00832
89.1 0
89.2 0.0416
89.3 0.04576
89.4 0.04576
89.5 0.04576
89.6 0.04576
89.7 0.04576
89.8 0.04576
89.9 0.04576
90 0.04576
90.1 0.04992
90.2 0.05408
90.3 0.04992
90.4 0.03328
90.5 0.03328
90.6 0.05408
90.7 0.0624
90.8 0.04576
90.9 0.04992
91 0.04576
91.1 0.04992
91.2 0.04576
91.3 0.04992
91.4 0.04992
91.5 0.04576
91.6 0.04992
91.7 0.04576
91.8 0.04992
91.9 0.05408
92 0.05408
92.1 0.05408
92.2 0.03744
92.3 0.03328
92.4 0.03744
92.5 0.04992
92.6 0.05824
92.7 0.05408
92.8 0.04992
92.9 0.04992
93 0.04992
93.1 0.04576
93.2 0.04992
93.3 0.04992
93.4 0.04992
93.5 0.04576
93.6 0.04992
93.7 0.04992
93.8 0.04992
93.9 0.04576
94 0.0416
94.1 0.0416
94.2 0.0416
94.3 0.04992
94.4 0.05408
94.5 0.05824
94.6 0.04576
94.7 0.0416
94.8 0.04992
94.9 0.04992
95 0.04992
95.1 0.04576
95.2 0.04576
95.3 0.04576
95.4 0.04992
95.5 0.04992
95.6 0.04992
95.7 0.0416
95.8 0.0416
95.9 0.0416
96 0.04992
96.1 0.04576
96.2 0.05408
96.3 0.05408
96.4 0.04992
96.5 0.04576
96.6 0.04992
96.7 0.04992
96.8 0.04576
96.9 0.04992
97 0.04576
97.1 0.04576
97.2 0.04576
97.3 0.05408
97.4 0.04576
97.5 0.0416
97.6 0.0416
97.7 0.04576
97.8 0.04992
97.9 0.04992
98 0.04992
98.1 0.05408
98.2 0.05408
98.3 0.03328
98.4 0.04992
98.5 0.04576
98.6 0.04576
98.7 0.04992
98.8 0.04576
98.9 0.04576
99 0.04992
99.1 0.04992
99.2 0.0416
99.3 0.03744
99.4 0.03744
99.5 0.04576
99.6 0.04576
99.7 0.04576
99.8 0.04576
99.9 0.03328
100 0.00416
