0.1 0.00448
0.2 0
0.3 1.20416
0.4 0
0.5 1.8
0.6 0.36
0.7 1.8
0.8 2.28
0.9 2.76
1 3.24
1.1 5.04
1.2 3.96
1.3 2.76
1.4 2.52
1.5 2.04
1.6 1.92
1.7 2.16
1.8 1.92
1.9 1.92
2 2.4
2.1 1.92
2.2 1.92
2.3 1.92
2.4 2.16
2.5 1.92
2.6 2.4
2.7 1.92
2.8 1.92
2.9 2.04
3 2.04
3.1 1.92
3.2 2.28
3.3 0.72
3.4 0.72
3.5 0.72
3.6 0.72
3.7 0.72
3.8 0.72
3.9 2.52
4 2.64
4.1 1.56
4.2 1.68
4.3 2.04
4.4 2.04
4.5 2.16
4.6 2.04
4.7 2.16
4.8 2.04
4.9 2.16
5 2.04
5.1 2.16
5.2 2.04
5.3 2.16
5.4 2.04
5.5 2.52
5.6 2.64
5.7 1.8
5.8 1.56
5.9 1.92
6 2.04
6.1 2.16
6.2 2.04
6.3 2.16
6.4 2.04
6.5 2.04
6.6 2.16
6.7 2.04
6.8 2.16
6.9 2.04
7 2.04
7.1 2.28
7.2 2.64
7.3 2.28
7.4 1.56
7.5 1.68
7.6 2.16
7.7 2.04
7.8 2.16
7.9 2.04
8 2.16
8.1 2.04
8.2 2.16
8.3 2.04
8.4 2.16
8.5 2.04
8.6 2.16
8.7 2.04
8.8 2.52
8.9 2.64
9 1.8
9.1 1.56
9.2 1.92
9.3 2.16
9.4 2.04
9.5 2.16
9.6 2.04
9.7 2.16
9.8 2.04
9.9 2.16
10 2.04
10.1 2.16
10.2 2.04
10.3 0.12
10.4 0
10.5 0
10.6 0.36
10.7 0
10.8 0.48
10.9 2.04
11 2.16
11.1 2.04
11.2 2.16
11.3 2.04
11.4 2.64
11.5 2.64
11.6 2.64
11.7 1.56
11.8 1.56
11.9 2.04
12 2.04
12.1 2.16
12.2 2.16
12.3 2.04
12.4 2.16
12.5 2.04
12.6 2.16
12.7 2.04
12.8 2.16
12.9 2.04
13 2.04
13.1 2.04
13.2 2.4
13.3 2.52
13.4 2.28
13.5 1.56
13.6 1.68
13.7 2.04
13.8 2.16
13.9 2.04
14 2.16
14.1 2.16
14.2 2.04
14.3 2.16
14.4 2.04
14.5 2.16
14.6 2.16
14.7 2.04
14.8 2.16
14.9 2.04
15 2.4
15.1 2.64
15.2 2.28
15.3 1.56
15.4 1.68
15.5 2.16
15.6 2.04
15.7 2.16
15.8 2.04
15.9 2.16
16 2.16
16.1 2.04
16.2 2.16
16.3 2.16
16.4 2.04
16.5 2.16
16.6 2.16
16.7 2.04
16.8 2.4
16.9 2.64
17 2.4
17.1 1.56
17.2 1.68
17.3 2.04
17.4 2.16
17.5 2.16
17.6 2.04
17.7 2.16
17.8 2.04
17.9 2.16
18 2.16
18.1 2.04
18.2 2.16
18.3 2.16
18.4 2.04
18.5 2.16
18.6 2.4
18.7 2.64
18.8 2.4
18.9 1.56
19 1.56
19.1 2.16
19.2 2.16
19.3 2.04
19.4 2.16
19.5 2.16
19.6 2.04
19.7 2.16
19.8 2.16
19.9 2.04
20 2.16
20.1 2.16
20.2 2.04
20.3 2.16
20.4 2.52
20.5 2.64
20.6 2.16
20.7 1.56
20.8 1.8
20.9 2.04
21 2.16
21.1 2.16
21.2 2.04
21.3 2.16
21.4 1.44
21.5 0
21.6 0
21.7 0
21.8 0.48
21.9 0
22 1.56
22.1 2.16
22.2 2.04
22.3 2.16
22.4 2.16
22.5 2.04
22.6 2.16
22.7 2.28
22.8 2.64
22.9 2.64
23 1.92
23.1 1.56
23.2 1.8
23.3 2.16
23.4 2.04
23.5 2.04
23.6 2.16
23.7 2.04
23.8 2.16
23.9 2.04
24 2.16
24.1 2.04
24.2 2.04
24.3 2.16
24.4 2.04
24.5 2.16
24.6 2.64
24.7 2.64
24.8 1.68
24.9 1.56
25 1.92
25.1 2.04
25.2 2.04
25.3 2.16
25.4 2.04
25.5 2.16
25.6 2.04
25.7 2.16
25.8 2.04
25.9 2.04
26 2.16
26.1 2.04
26.2 2.16
26.3 2.16
26.4 2.64
26.5 2.4
26.6 1.56
26.7 1.56
26.8 2.04
26.9 2.04
27 2.16
27.1 2.04
27.2 2.04
27.3 2.16
27.4 2.04
27.5 2.04
27.6 2.04
27.7 2.16
27.8 2.04
27.9 2.04
28 2.16
28.1 2.28
28.2 2.64
28.3 2.28
28.4 1.56
28.5 1.56
28.6 2.04
28.7 2.04
28.8 2.16
28.9 2.04
29 2.04
29.1 2.16
29.2 2.04
29.3 2.04
29.4 2.04
29.5 2.16
29.6 2.04
29.7 2.04
29.8 2.16
29.9 2.28
30 2.64
30.1 2.28
30.2 1.56
30.3 1.56
30.4 2.16
30.5 2.04
30.6 2.04
30.7 2.04
30.8 2.04
30.9 2.04
31 2.04
31.1 2.04
31.2 2.04
31.3 2.04
31.4 2.04
31.5 2.04
31.6 2.04
31.7 2.52
31.8 2.28
31.9 1.44
32 1.44
32.1 1.8
32.2 2.04
32.3 2.04
32.4 2.04
32.5 1.44
32.6 0
32.7 0
32.8 0
32.9 0.36
33 0
33.1 0.72
33.2 2.04
33.3 2.04
33.4 2.04
33.5 2.04
33.6 2.04
33.7 2.04
33.8 2.04
33.9 2.04
34 2.04
34.1 2.04
34.2 1.92
34.3 2.16
34.4 2.52
34.5 2.52
34.6 1.92
34.7 1.44
34.8 1.68
34.9 2.04
35 2.04
35.1 2.04
35.2 2.04
35.3 1.92
35.4 2.04
35.5 2.04
35.6 2.04
35.7 2.04
35.8 1.92
35.9 2.04
36 2.04
36.1 2.16
36.2 2.52
36.3 2.4
36.4 1.56
36.5 1.56
36.6 1.92
36.7 2.04
36.8 2.04
36.9 2.04
37 2.04
37.1 2.04
37.2 2.04
37.3 2.04
37.4 1.92
37.5 2.04
37.6 2.04
37.7 2.04
37.8 2.04
37.9 2.4
38 2.52
38.1 2.04
38.2 1.44
38.3 1.8
38.4 2.04
38.5 2.04
38.6 2.04
38.7 2.04
38.8 2.04
38.9 2.04
39 2.04
39.1 2.04
39.2 2.04
39.3 2.04
39.4 2.04
39.5 2.04
39.6 2.16
39.7 2.64
39.8 2.52
39.9 1.56
40 1.44
40.1 1.92
40.2 2.16
40.3 2.04
40.4 2.04
40.5 2.16
40.6 2.04
40.7 2.04
40.8 2.16
40.9 2.04
41 2.04
41.1 2.16
41.2 2.04
41.3 2.04
41.4 2.16
41.5 2.64
41.6 2.52
41.7 1.44
41.8 1.56
41.9 1.92
42 2.04
42.1 2.04
42.2 2.16
42.3 2.04
42.4 2.04
42.5 2.16
42.6 2.04
42.7 2.04
42.8 2.04
42.9 2.16
43 2.04
43.1 2.04
43.2 2.28
43.3 2.04
43.4 1.92
43.5 1.44
43.6 1.56
43.7 1.32
43.8 0
43.9 0
44 0
44.1 0.36
44.2 0.12
44.3 0.24
44.4 2.04
44.5 2.04
44.6 2.16
44.7 2.04
44.8 2.04
44.9 2.52
45 2.64
45.1 2.52
45.2 2.16
45.3 1.56
45.4 1.68
45.5 2.04
45.6 2.16
45.7 2.04
45.8 2.04
45.9 2.16
46 2.04
46.1 2.16
46.2 2.04
46.3 2.04
46.4 2.16
46.5 2.04
46.6 2.16
46.7 2.04
46.8 2.52
46.9 2.52
47 2.16
47.1 1.56
47.2 1.68
47.3 2.04
47.4 2.16
47.5 2.04
47.6 2.16
47.7 2.04
47.8 2.04
47.9 2.16
48 2.04
48.1 2.16
48.2 2.04
48.3 2.04
48.4 2.16
48.5 2.04
48.6 2.52
48.7 2.64
48.8 1.8
48.9 1.56
49 1.8
49.1 2.04
49.2 2.04
49.3 2.04
49.4 2.16
49.5 2.04
49.6 2.04
49.7 2.04
49.8 2.04
49.9 2.16
50 2.04
50.1 2.04
50.2 2.04
50.3 2.16
50.4 2.52
50.5 2.64
50.6 1.68
50.7 1.56
50.8 1.8
50.9 2.16
51 2.04
51.1 2.04
51.2 2.04
51.3 2.16
51.4 2.04
51.5 2.04
51.6 2.16
51.7 2.04
51.8 2.04
51.9 2.04
52 2.16
52.1 2.04
52.2 2.64
52.3 2.52
52.4 1.8
52.5 1.56
52.6 1.8
52.7 2.16
52.8 2.04
52.9 2.04
53 2.04
53.1 2.16
53.2 2.04
53.3 2.04
53.4 2.04
53.5 2.16
53.6 2.04
53.7 2.04
53.8 2.16
53.9 2.16
54 2.52
54.1 2.64
54.2 1.56
54.3 1.56
54.4 1.92
54.5 2.16
54.6 2.04
54.7 2.04
54.8 2.04
54.9 1.32
55 0
55.1 0
55.2 0
55.3 0.36
55.4 0
55.5 1.32
55.6 2.04
55.7 2.04
55.8 2.04
55.9 2.04
56 2.28
56.1 2.64
56.2 2.52
56.3 2.52
56.4 1.92
56.5 1.56
56.6 1.8
56.7 2.16
56.8 2.04
56.9 2.16
57 2.04
57.1 2.16
57.2 2.04
57.3 2.16
57.4 2.04
57.5 2.04
57.6 2.16
57.7 2.04
57.8 2.16
57.9 2.16
58 2.64
58.1 2.64
58.2 1.68
58.3 1.56
58.4 1.92
58.5 2.16
58.6 2.04
58.7 2.16
58.8 2.04
58.9 2.16
59 2.04
59.1 2.16
59.2 2.04
59.3 2.04
59.4 2.16
59.5 2.04
59.6 2.04
59.7 2.28
59.8 2.64
59.9 2.4
60 1.56
60.1 1.56
60.2 2.04
60.3 2.04
60.4 2.04
60.5 2.16
60.6 2.04
60.7 2.04
60.8 2.16
60.9 2.04
61 2.04
61.1 2.04
61.2 2.16
61.3 2.04
61.4 2.04
61.5 2.4
61.6 2.64
61.7 2.16
61.8 1.56
61.9 1.56
62 2.16
62.1 2.04
62.2 2.04
62.3 2.04
62.4 2.04
62.5 2.04
62.6 2.16
62.7 2.04
62.8 2.04
62.9 2.04
63 2.04
63.1 2.04
63.2 2.04
63.3 2.52
63.4 2.52
63.5 2.04
63.6 1.56
63.7 1.68
63.8 2.04
63.9 2.04
64 2.04
64.1 2.04
64.2 2.04
64.3 2.04
64.4 2.16
64.5 2.04
64.6 2.04
64.7 2.04
64.8 2.04
64.9 2.04
65 2.04
65.1 2.4
65.2 2.52
65.3 2.16
65.4 1.56
65.5 1.56
65.6 2.04
65.7 2.04
65.8 2.04
65.9 2.04
66 2.04
66.1 0.84
66.2 0
66.3 0
66.4 0
66.5 0.36
66.6 0
66.7 1.08
66.8 2.04
66.9 2.04
67 2.04
67.1 2.04
67.2 2.04
67.3 2.04
67.4 2.04
67.5 2.04
67.6 2.04
67.7 2.4
67.8 2.52
67.9 2.52
68 1.44
68.1 1.56
68.2 1.92
68.3 2.04
68.4 2.04
68.5 2.04
68.6 2.04
68.7 2.04
68.8 2.16
68.9 2.04
69 1.92
69.1 2.04
69.2 2.04
69.3 2.04
69.4 2.04
69.5 2.28
69.6 2.64
69.7 2.28
69.8 1.56
69.9 1.56
70 1.92
70.1 2.04
70.2 2.04
70.3 2.04
70.4 2.04
70.5 2.04
70.6 2.04
70.7 2.04
70.8 2.04
70.9 2.04
71 2.04
71.1 2.04
71.2 2.04
71.3 2.4
71.4 2.52
71.5 2.04
71.6 1.44
71.7 1.68
71.8 2.04
71.9 2.04
72 2.04
72.1 2.04
72.2 2.04
72.3 2.04
72.4 2.04
72.5 2.04
72.6 2.04
72.7 2.04
72.8 2.04
72.9 2.04
73 2.04
73.1 2.4
73.2 2.52
73.3 1.56
73.4 1.56
73.5 1.68
73.6 2.04
73.7 2.04
73.8 2.04
73.9 2.04
74 2.04
74.1 2.04
74.2 2.04
74.3 2.04
74.4 2.04
74.5 2.04
74.6 2.04
74.7 2.04
74.8 1.92
74.9 2.16
75 1.92
75.1 1.44
75.2 1.56
75.3 1.8
75.4 2.04
75.5 2.04
75.6 2.04
75.7 2.04
75.8 2.04
75.9 2.04
76 2.04
76.1 2.04
76.2 2.04
76.3 2.04
76.4 1.92
76.5 2.04
76.6 1.92
76.7 2.16
76.8 2.04
76.9 1.32
77 1.56
77.1 1.8
77.2 2.04
77.3 1.2
77.4 0
77.5 0
77.6 0
77.7 0.36
77.8 0
77.9 0.6
78 2.04
78.1 2.04
78.2 2.04
78.3 2.04
78.4 2.04
78.5 2.04
78.6 2.04
78.7 2.04
78.8 2.04
78.9 2.16
79 2.52
79.1 2.52
79.2 1.8
79.3 1.44
79.4 1.68
79.5 2.04
79.6 2.04
79.7 2.04
79.8 2.04
79.9 2.04
80 2.16
80.1 2.04
80.2 2.04
80.3 2.04
80.4 2.04
80.5 2.04
80.6 2.04
80.7 2.04
80.8 2.4
80.9 2.52
81 2.16
81.1 1.56
81.2 1.56
81.3 2.04
81.4 2.04
81.5 2.04
81.6 2.04
81.7 2.04
81.8 2.04
81.9 2.04
82 2.04
82.1 2.04
82.2 2.04
82.3 2.04
82.4 2.04
82.5 2.04
82.6 2.4
82.7 2.52
82.8 2.16
82.9 1.56
83 1.56
83.1 2.04
83.2 2.04
83.3 1.92
83.4 2.04
83.5 2.04
83.6 2.04
83.7 2.04
83.8 1.92
83.9 2.04
84 2.04
84.1 2.04
84.2 1.92
84.3 1.92
84.4 2.16
84.5 1.92
84.6 1.56
84.7 1.56
84.8 1.56
84.9 1.92
85 2.04
85.1 2.04
85.2 2.04
85.3 2.04
85.4 1.92
85.5 2.04
85.6 2.04
85.7 2.04
85.8 2.04
85.9 1.92
86 1.92
86.1 1.92
86.2 2.16
86.3 2.04
86.4 1.56
86.5 1.56
86.6 1.44
86.7 2.04
86.8 1.92
86.9 2.04
87 2.04
87.1 1.92
87.2 2.04
87.3 2.04
87.4 2.04
87.5 1.92
87.6 2.04
87.7 2.04
87.8 2.04
87.9 1.92
88 2.16
88.1 1.8
88.2 1.68
88.3 1.44
88.4 1.56
88.5 1.92
88.6 0
88.7 0
88.8 0
88.9 0.24
89 0.24
89.1 0.12
89.2 1.92
89.3 2.04
89.4 2.04
89.5 1.92
89.6 2.04
89.7 1.92
89.8 2.04
89.9 2.04
90 1.92
90.1 2.16
90.2 2.52
90.3 2.52
90.4 1.44
90.5 1.56
90.6 1.92
90.7 2.04
90.8 2.04
90.9 1.92
91 2.04
91.1 2.04
91.2 2.04
91.3 2.04
91.4 2.04
91.5 2.04
91.6 2.04
91.7 2.04
91.8 2.04
91.9 2.04
92 2.52
92.1 2.52
92.2 1.68
92.3 1.56
92.4 1.8
92.5 2.04
92.6 2.04
92.7 2.04
92.8 2.04
92.9 2.04
93 2.04
93.1 2.04
93.2 2.04
93.3 2.04
93.4 2.04
93.5 1.92
93.6 2.04
93.7 2.04
93.8 2.04
93.9 1.92
94 1.32
94.1 1.56
94.2 1.8
94.3 2.04
94.4 2.04
94.5 2.04
94.6 1.92
94.7 2.04
94.8 1.92
94.9 2.04
95 1.92
95.1 1.8
95.2 1.92
95.3 1.92
95.4 2.04
95.5 1.92
95.6 2.04
95.7 1.8
95.8 1.32
95.9 1.56
96 1.8
96.1 2.04
96.2 2.04
96.3 2.04
96.4 1.92
96.5 2.04
96.6 2.04
96.7 1.92
96.8 1.92
96.9 1.8
97 2.04
97.1 1.92
97.2 1.92
97.3 1.92
97.4 2.04
97.5 1.92
97.6 1.2
97.7 1.56
97.8 1.68
97.9 1.92
98 1.92
98.1 1.92
98.2 1.92
98.3 2.04
98.4 1.92
98.5 1.92
98.6 1.92
98.7 2.04
98.8 1.92
98.9 1.92
99 2.04
99.1 1.92
99.2 2.28
99.3 2.04
99.4 1.56
99.5 1.44
99.6 1.68
99.7 1.92
99.8 0
99.9 0
100 0
