0.2 0.00448
0.3 0
0.4 0.0208
0.5 0
0.6 0.02912
0.7 0.00832
0.8 0.02912
0.9 0.03744
1 0.03328
1.1 0.03328
1.2 0.03328
1.3 0.03744
1.4 0.03328
1.5 0.03328
1.6 0.03744
1.7 0.03328
1.8 0.03328
1.9 0.03328
2 0.03744
2.1 0.03328
2.2 0.03744
2.3 0.03328
2.4 0.03328
2.5 0.03328
2.6 0.03744
2.7 0.03328
2.8 0.03328
2.9 0.03744
3 0.03328
3.1 0.03328
3.2 0.03744
3.3 0.03328
3.4 0.03328
3.5 0.03744
3.6 0.03328
3.7 0.03328
3.8 0.03744
3.9 0.03328
4 0.03744
4.1 0.03328
4.2 0.03328
4.3 0.03328
4.4 0.03328
4.5 0.03744
4.6 0.03328
4.7 0.03744
4.8 0.03328
4.9 0.03328
5 0.03328
5.1 0.03744
5.2 0.03328
5.3 0.03328
5.4 0.03744
5.5 0.03328
5.6 0.03328
5.7 0.03744
5.8 0.03328
5.9 0.03328
6 0.03328
6.1 0.03744
6.2 0.03328
6.3 0.03328
6.4 0.03328
6.5 0.03744
6.6 0.03328
6.7 0.03328
6.8 0.03328
6.9 0.03328
7 0.03744
7.1 0.03328
7.2 0.03328
7.3 0.03328
7.4 0.03744
7.5 0.03328
7.6 0.03328
7.7 0.03328
7.8 0.03328
7.9 0.03744
8 0.03328
8.1 0.03328
8.2 0.03328
8.3 0.03328
8.4 0.03328
8.5 0.03744
8.6 0.03328
8.7 0.03328
8.8 0.03328
8.9 0.03328
9 0.03744
9.1 0.03328
9.2 0.03328
9.3 0.03328
9.4 0.03328
9.5 0.03744
9.6 0.03328
9.7 0.03328
9.8 0.03328
9.9 0.03328
10 0.03328
10.1 0.03328
10.2 0.03328
10.3 0.03744
10.4 0.03328
10.5 0.03328
10.6 0
10.7 0.00416
10.8 0.00416
10.9 0.00416
11 0.03328
11.1 0.03328
11.2 0.03328
11.3 0.03328
11.4 0.03328
11.5 0.03328
11.6 0.03328
11.7 0.03328
11.8 0.03328
11.9 0.03744
12 0.02912
12.1 0.03328
12.2 0.03328
12.3 0.03744
12.4 0.03328
12.5 0.03328
12.6 0.03328
12.7 0.03328
12.8 0.03328
12.9 0.03328
13 0.03328
13.1 0.03328
13.2 0.03328
13.3 0.03328
13.4 0.03328
13.5 0.03328
13.6 0.03744
13.7 0.03328
13.8 0.03328
13.9 0.03328
14 0.03328
14.1 0.03328
14.2 0.03328
14.3 0.03328
14.4 0.03328
14.5 0.03328
14.6 0.03328
14.7 0.03328
14.8 0.03328
14.9 0.03328
15 0.03328
15.1 0.03328
15.2 0.03328
15.3 0.03328
15.4 0.03328
15.5 0.03328
15.6 0.03328
15.7 0.03328
15.8 0.03328
15.9 0.03328
16 0.03744
16.1 0.02912
16.2 0.03328
16.3 0.03744
16.4 0.03328
16.5 0.03328
16.6 0.03328
16.7 0.03328
16.8 0.03328
16.9 0.03328
17 0.03328
17.1 0.03328
17.2 0.03328
17.3 0.03328
17.4 0.03328
17.5 0.03328
17.6 0.03328
17.7 0.03328
17.8 0.03328
17.9 0.02912
18 0.03328
18.1 0.03328
18.2 0.03328
18.3 0.03328
18.4 0.03328
18.5 0.03328
18.6 0.03328
18.7 0.03328
18.8 0.02912
18.9 0.03328
19 0.03328
19.1 0.03744
19.2 0.03328
19.3 0.02912
19.4 0.03328
19.5 0.03328
19.6 0.03328
19.7 0.03328
19.8 0.03328
19.9 0.03328
20 0.03328
20.1 0.03328
20.2 0.03328
20.3 0.02912
20.4 0.03328
20.5 0.03328
20.6 0.03328
20.7 0.02912
20.8 0.03328
20.9 0.03744
21 0.03328
21.1 0.02912
21.2 0.03328
21.3 0.03328
21.4 0.03328
21.5 0.03328
21.6 0.03328
21.7 0.02496
21.8 0
21.9 0.00832
22 0
22.1 0.01664
22.2 0.03328
22.3 0.03328
22.4 0.03328
22.5 0.03328
22.6 0.03328
22.7 0.03328
22.8 0.03328
22.9 0.03328
23 0.03328
23.1 0.03328
23.2 0.03328
23.3 0.03328
23.4 0.03328
23.5 0.03328
23.6 0.03328
23.7 0.03328
23.8 0.03328
23.9 0.03328
24 0.03328
24.1 0.03328
24.2 0.03328
24.3 0.03328
24.4 0.03328
24.5 0.03328
24.6 0.03328
24.7 0.02912
24.8 0.03328
24.9 0.03328
25 0.03744
25.1 0.03328
25.2 0.02912
25.3 0.03328
25.4 0.03328
25.5 0.03328
25.6 0.03328
25.7 0.03328
25.8 0.03328
25.9 0.02912
26 0.03328
26.1 0.03328
26.2 0.03328
26.3 0.03328
26.4 0.03328
26.5 0.02912
26.6 0.03328
26.7 0.02912
26.8 0.0416
26.9 0.03744
27 0.02496
27.1 0.03328
27.2 0.03328
27.3 0.03328
27.4 0.03328
27.5 0.03328
27.6 0.03328
27.7 0.03328
27.8 0.03328
27.9 0.03744
28 0.03328
28.1 0.03328
28.2 0.03328
28.3 0.03328
28.4 0.02912
28.5 0.03328
28.6 0.03744
28.7 0.0416
28.8 0.02912
28.9 0.02912
29 0.03328
29.1 0.03328
29.2 0.03744
29.3 0.03328
29.4 0.03328
29.5 0.03328
29.6 0.03744
29.7 0.03328
29.8 0.03328
29.9 0.03328
30 0.03328
30.1 0.03744
30.2 0.02912
30.3 0.03328
30.4 0.03744
30.5 0.0416
30.6 0.02912
30.7 0.03328
30.8 0.03328
30.9 0.03328
31 0.03744
31.1 0.03328
31.2 0.03328
31.3 0.03328
31.4 0.03744
31.5 0.03328
31.6 0.03328
31.7 0.03744
31.8 0.03328
31.9 0.03328
32 0.02912
32.1 0.03744
32.2 0.0416
32.3 0.03744
32.4 0.02912
32.5 0.03328
32.6 0.03328
32.7 0.03744
32.8 0.03328
32.9 0.01664
33 0
33.1 0.00832
33.2 0
33.3 0.02912
33.4 0.03328
33.5 0.03328
33.6 0.03744
33.7 0.03328
33.8 0.03328
33.9 0.03744
34 0.03328
34.1 0.03328
34.2 0.03744
34.3 0.03328
34.4 0.03328
34.5 0.03328
34.6 0.03744
34.7 0.03328
34.8 0.03744
34.9 0.03328
35 0.03328
35.1 0.03744
35.2 0.03328
35.3 0.03328
35.4 0.03744
35.5 0.03328
35.6 0.03328
35.7 0.03328
35.8 0.03744
35.9 0.03328
36 0.03328
36.1 0.03328
36.2 0.03744
36.3 0.02912
36.4 0.03744
36.5 0.03328
36.6 0.03744
36.7 0.03328
36.8 0.03328
36.9 0.03328
37 0.03328
37.1 0.03744
37.2 0.03328
37.3 0.03328
37.4 0.03328
37.5 0.03328
37.6 0.03328
37.7 0.03744
37.8 0.03328
37.9 0.03328
38 0.03328
38.1 0.03328
38.2 0.03328
38.3 0.03328
38.4 0.03328
38.5 0.03328
38.6 0.03328
38.7 0.03328
38.8 0.03328
38.9 0.03744
39 0.02912
39.1 0.03328
39.2 0.03744
39.3 0.02912
39.4 0.03328
39.5 0.03328
39.6 0.03328
39.7 0.03328
39.8 0.03328
39.9 0.03328
40 0.03328
40.1 0.03328
40.2 0.03744
40.3 0.03328
40.4 0.02912
40.5 0.03328
40.6 0.03328
40.7 0.03328
40.8 0.03328
40.9 0.03328
41 0.03328
41.1 0.02912
41.2 0.03328
41.3 0.03328
41.4 0.03328
41.5 0.03328
41.6 0.03328
41.7 0.02912
41.8 0.03328
41.9 0.03328
42 0.03744
42.1 0.02912
42.2 0.03328
42.3 0.02912
42.4 0.03328
42.5 0.03328
42.6 0.03328
42.7 0.02912
42.8 0.03328
42.9 0.03328
43 0.03328
43.1 0.02912
43.2 0.03328
43.3 0.03328
43.4 0.03328
43.5 0.02912
43.6 0.03328
43.7 0.03328
43.8 0.03328
43.9 0.03328
44 0.03328
44.1 0.00832
44.2 0
44.3 0.00832
44.4 0
44.5 0.02912
44.6 0.02912
44.7 0.03328
44.8 0.03328
44.9 0.03328
45 0.02912
45.1 0.03328
45.2 0.03328
45.3 0.02912
45.4 0.03328
45.5 0.03328
45.6 0.02912
45.7 0.03328
45.8 0.03328
45.9 0.03328
46 0.02912
46.1 0.03328
46.2 0.03328
46.3 0.02912
46.4 0.03328
46.5 0.02912
46.6 0.03328
46.7 0.03328
46.8 0.03328
46.9 0.02912
47 0.03328
47.1 0.02912
47.2 0.03328
47.3 0.03328
47.4 0.02912
47.5 0.03328
47.6 0.03328
47.7 0.02912
47.8 0.03328
47.9 0.03328
48 0.02912
48.1 0.03328
48.2 0.02912
48.3 0.03328
48.4 0.03328
48.5 0.02912
48.6 0.03328
48.7 0.03328
48.8 0.02912
48.9 0.03328
49 0.02912
49.1 0.03328
49.2 0.03328
49.3 0.02912
49.4 0.03328
49.5 0.03328
49.6 0.02912
49.7 0.03328
49.8 0.02912
49.9 0.03328
50 0.03328
50.1 0.02912
50.2 0.03328
50.3 0.02912
50.4 0.03328
50.5 0.03328
50.6 0.03328
50.7 0.02912
50.8 0.02912
50.9 0.03328
51 0.03328
51.1 0.02912
51.2 0.03328
51.3 0.03328
51.4 0.02912
51.5 0.03328
51.6 0.02912
51.7 0.03328
51.8 0.02912
51.9 0.03328
52 0.03328
52.1 0.02912
52.2 0.03328
52.3 0.02912
52.4 0.03328
52.5 0.03328
52.6 0.03328
52.7 0.02496
52.8 0.03328
52.9 0.03328
53 0.03328
53.1 0.02912
53.2 0.03328
53.3 0.02912
53.4 0.03328
53.5 0.03328
53.6 0.02912
53.7 0.03328
53.8 0.02912
53.9 0.03328
54 0.02912
54.1 0.03328
54.2 0.03328
54.3 0.02912
54.4 0.03328
54.5 0.02912
54.6 0.03328
54.7 0.03328
54.8 0.02912
54.9 0.03328
55 0.02912
55.1 0.03328
55.2 0.03744
55.3 0.01248
55.4 0
55.5 0.00832
55.6 0
55.7 0.02912
55.8 0.02912
55.9 0.03328
56 0.03328
56.1 0.02912
56.2 0.02912
56.3 0.03328
56.4 0.03328
56.5 0.03328
56.6 0.03328
56.7 0.02912
56.8 0.03328
56.9 0.02912
57 0.03328
57.1 0.03328
57.2 0.03328
57.3 0.02912
57.4 0.03328
57.5 0.03328
57.6 0.02912
57.7 0.03328
57.8 0.03328
57.9 0.02912
58 0.03328
58.1 0.03328
58.2 0.03328
58.3 0.02912
58.4 0.03328
58.5 0.02912
58.6 0.03328
58.7 0.03328
58.8 0.02912
58.9 0.03328
59 0.03328
59.1 0.02912
59.2 0.03328
59.3 0.03328
59.4 0.02912
59.5 0.03328
59.6 0.03328
59.7 0.02912
59.8 0.03328
59.9 0.03328
60 0.02912
60.1 0.03328
60.2 0.03328
60.3 0.02912
60.4 0.03328
60.5 0.03328
60.6 0.02912
60.7 0.03328
60.8 0.03328
60.9 0.02912
61 0.03328
61.1 0.03328
61.2 0.02912
61.3 0.03328
61.4 0.03328
61.5 0.02912
61.6 0.03328
61.7 0.03328
61.8 0.03328
61.9 0.02912
62 0.03328
62.1 0.02912
62.2 0.03328
62.3 0.03328
62.4 0.03328
62.5 0.02912
62.6 0.03328
62.7 0.03328
62.8 0.02912
62.9 0.03328
63 0.03328
63.1 0.02912
63.2 0.03328
63.3 0.03328
63.4 0.02912
63.5 0.03328
63.6 0.03328
63.7 0.03328
63.8 0.02912
63.9 0.02912
64 0.03328
64.1 0.03328
64.2 0.03328
64.3 0.02912
64.4 0.03328
64.5 0.03328
64.6 0.02912
64.7 0.03328
64.8 0.02912
64.9 0.03328
65 0.03328
65.1 0.02912
65.2 0.03328
65.3 0.03328
65.4 0.03328
65.5 0.02912
65.6 0.03328
65.7 0.02912
65.8 0.03328
65.9 0.02912
66 0.03328
66.1 0.03328
66.2 0.02912
66.3 0.03328
66.4 0.03744
66.5 0.01664
66.6 0
66.7 0.00832
66.8 0
66.9 0.02496
67 0.03328
67.1 0.02912
67.2 0.03328
67.3 0.03328
67.4 0.02912
67.5 0.03328
67.6 0.03328
67.7 0.03328
67.8 0.02912
67.9 0.02912
68 0.03328
68.1 0.03328
68.2 0.03328
68.3 0.03328
68.4 0.02912
68.5 0.03328
68.6 0.03328
68.7 0.02912
68.8 0.03328
68.9 0.03328
69 0.02912
69.1 0.03328
69.2 0.03328
69.3 0.02912
69.4 0.03328
69.5 0.03328
69.6 0.02912
69.7 0.02912
69.8 0.03328
69.9 0.03328
70 0.03328
70.1 0.03328
70.2 0.02912
70.3 0.02912
70.4 0.03328
70.5 0.02912
70.6 0.03328
70.7 0.02912
70.8 0.03328
70.9 0.02912
71 0.03328
71.1 0.02912
71.2 0.02912
71.3 0.03328
71.4 0.02912
71.5 0.02912
71.6 0.02912
71.7 0.03328
71.8 0.03744
71.9 0.03328
72 0.02912
72.1 0.02912
72.2 0.02912
72.3 0.03328
72.4 0.02912
72.5 0.03328
72.6 0.02912
72.7 0.02912
72.8 0.03328
72.9 0.02912
73 0.03328
73.1 0.02912
73.2 0.02912
73.3 0.02912
73.4 0.02912
73.5 0.03328
73.6 0.03328
73.7 0.03744
73.8 0.02912
73.9 0.02912
74 0.02912
74.1 0.02912
74.2 0.03328
74.3 0.02912
74.4 0.02912
74.5 0.03328
74.6 0.02912
74.7 0.02912
74.8 0.03328
74.9 0.02912
75 0.03328
75.1 0.02912
75.2 0.03328
75.3 0.02912
75.4 0.03328
75.5 0.03744
75.6 0.02912
75.7 0.02496
75.8 0.02912
75.9 0.02912
76 0.03328
76.1 0.02912
76.2 0.03328
76.3 0.02912
76.4 0.02912
76.5 0.03328
76.6 0.02912
76.7 0.03328
76.8 0.02912
76.9 0.02912
77 0.03328
77.1 0.03328
77.2 0.03328
77.3 0.03328
77.4 0.02912
77.5 0.02496
77.6 0.03744
77.7 0.00416
77.8 0
77.9 0.00832
78 0
78.1 0.02912
78.2 0.02912
78.3 0.03328
78.4 0.02912
78.5 0.03328
78.6 0.02912
78.7 0.03328
78.8 0.02912
78.9 0.02912
79 0.02912
79.1 0.02912
79.2 0.03328
79.3 0.03328
79.4 0.03328
79.5 0.02912
79.6 0.02912
79.7 0.02912
79.8 0.02912
79.9 0.03328
80 0.02912
80.1 0.02912
80.2 0.03328
80.3 0.02912
80.4 0.02912
80.5 0.03328
80.6 0.02912
80.7 0.02912
80.8 0.03328
80.9 0.02912
81 0.02496
81.1 0.03328
81.2 0.03328
81.3 0.03744
81.4 0.02912
81.5 0.02496
81.6 0.02912
81.7 0.02912
81.8 0.03328
81.9 0.02912
82 0.02912
82.1 0.02912
82.2 0.03328
82.3 0.02912
82.4 0.02912
82.5 0.02912
82.6 0.03328
82.7 0.02912
82.8 0.02912
82.9 0.02496
83 0.02912
83.1 0.03328
83.2 0.03744
83.3 0.03328
83.4 0.02912
83.5 0.02496
83.6 0.02912
83.7 0.03328
83.8 0.02912
83.9 0.03328
84 0.02912
84.1 0.02912
84.2 0.02912
84.3 0.03328
84.4 0.02912
84.5 0.03328
84.6 0.02912
84.7 0.02912
84.8 0.02912
84.9 0.03328
85 0.03744
85.1 0.02912
85.2 0.02912
85.3 0.02496
85.4 0.02912
85.5 0.03328
85.6 0.02912
85.7 0.02912
85.8 0.03328
85.9 0.02912
86 0.02912
86.1 0.03328
86.2 0.02912
86.3 0.03328
86.4 0.02912
86.5 0.02912
86.6 0.03328
86.7 0.02912
86.8 0.03744
86.9 0.03328
87 0.02912
87.1 0.02496
87.2 0.02912
87.3 0.02912
87.4 0.02912
87.5 0.02912
87.6 0.03328
87.7 0.02912
87.8 0.02912
87.9 0.03328
88 0.02912
88.1 0.02912
88.2 0.03328
88.3 0.02912
88.4 0.03328
88.5 0.03328
88.6 0.03328
88.7 0.03744
88.8 0.04576
88.9 0.0208
89 0
89.1 0.00832
89.2 0
89.3 0.0208
89.4 0.03328
89.5 0.02912
89.6 0.02912
89.7 0.03328
89.8 0.02912
89.9 0.03328
90 0.02912
90.1 0.03328
90.2 0.02912
90.3 0.02912
90.4 0.03328
90.5 0.03328
90.6 0.03328
90.7 0.02496
90.8 0.02912
90.9 0.02912
91 0.03328
91.1 0.02912
91.2 0.03328
91.3 0.02912
91.4 0.02912
91.5 0.03328
91.6 0.02912
91.7 0.02912
91.8 0.03328
91.9 0.02912
92 0.02912
92.1 0.02912
92.2 0.02912
92.3 0.03744
92.4 0.03328
92.5 0.03328
92.6 0.02912
92.7 0.02496
92.8 0.02912
92.9 0.03328
93 0.02912
93.1 0.02912
93.2 0.02912
93.3 0.03328
93.4 0.02912
93.5 0.02912
93.6 0.03328
93.7 0.02912
93.8 0.02912
93.9 0.03328
94 0.03328
94.1 0.02912
94.2 0.03328
94.3 0.02912
94.4 0.03328
94.5 0.02496
94.6 0.03328
94.7 0.02912
94.8 0.02912
94.9 0.03328
95 0.02912
95.1 0.03328
95.2 0.02912
95.3 0.03328
95.4 0.02912
95.5 0.02912
95.6 0.02912
95.7 0.03328
95.8 0.03328
95.9 0.03328
96 0.02912
96.1 0.03328
96.2 0.02912
96.3 0.02912
96.4 0.02912
96.5 0.03328
96.6 0.02912
96.7 0.02912
96.8 0.03328
96.9 0.02912
97 0.02912
97.1 0.03328
97.2 0.02912
97.3 0.03328
97.4 0.02912
97.5 0.03328
97.6 0.03328
97.7 0.02912
97.8 0.02912
97.9 0.03328
98 0.03328
98.1 0.02912
98.2 0.02912
98.3 0.03328
98.4 0.02912
98.5 0.03328
98.6 0.02912
98.7 0.03328
98.8 0.02912
98.9 0.03328
99 0.02912
99.1 0.02912
99.2 0.03328
99.3 0.03328
99.4 0.03328
99.5 0.02912
99.6 0.03328
99.7 0.03328
99.8 0.02912
99.9 0.03328
100 0.05408
