0.1 0.00448
0.2 0
0.3 1.20416
0.4 0
0.5 1.8
0.6 0.36
0.7 1.68
0.8 2.4
0.9 2.76
1 3.12
1.1 4.92
1.2 4.08
1.3 2.88
1.4 1.92
1.5 2.16
1.6 2.04
1.7 2.04
1.8 1.92
1.9 2.16
2 1.8
2.1 2.04
2.2 2.16
2.3 1.92
2.4 1.92
2.5 2.04
2.6 1.92
2.7 2.04
2.8 1.92
2.9 2.16
3 1.92
3.1 2.04
3.2 1.92
3.3 0.6
3.4 0.72
3.5 0.72
3.6 0.72
3.7 0.72
3.8 0.72
3.9 2.52
4 2.64
4.1 1.56
4.2 1.56
4.3 2.04
4.4 2.04
4.5 2.04
4.6 2.16
4.7 2.04
4.8 2.04
4.9 2.04
5 2.16
5.1 2.04
5.2 2.04
5.3 2.04
5.4 2.04
5.5 2.52
5.6 2.52
5.7 1.92
5.8 1.44
5.9 1.92
6 2.04
6.1 2.04
6.2 2.04
6.3 2.04
6.4 2.04
6.5 2.04
6.6 2.16
6.7 2.04
6.8 2.04
6.9 2.04
7 2.04
7.1 2.16
7.2 2.64
7.3 2.28
7.4 1.56
7.5 1.56
7.6 2.04
7.7 2.16
7.8 2.04
7.9 2.04
8 2.04
8.1 2.04
8.2 2.04
8.3 2.04
8.4 2.16
8.5 2.04
8.6 2.04
8.7 2.04
8.8 2.52
8.9 2.64
9 1.56
9.1 1.56
9.2 1.92
9.3 2.04
9.4 2.04
9.5 2.16
9.6 2.04
9.7 2.04
9.8 2.04
9.9 2.04
10 2.04
10.1 2.16
10.2 2.04
10.3 0
10.4 0
10.5 0
10.6 0.36
10.7 0.12
10.8 0.24
10.9 2.04
11 2.16
11.1 2.04
11.2 2.04
11.3 2.04
11.4 2.52
11.5 2.64
11.6 2.52
11.7 1.56
11.8 1.56
11.9 1.92
12 2.04
12.1 2.04
12.2 2.04
12.3 2.04
12.4 2.04
12.5 2.04
12.6 2.04
12.7 2.04
12.8 2.04
12.9 1.92
13 2.04
13.1 2.04
13.2 2.16
13.3 2.52
13.4 2.52
13.5 1.56
13.6 1.44
13.7 1.92
13.8 2.04
13.9 2.04
14 2.04
14.1 1.92
14.2 2.04
14.3 2.04
14.4 2.04
14.5 2.04
14.6 2.04
14.7 1.92
14.8 2.04
14.9 2.04
15 2.28
15.1 2.52
15.2 2.28
15.3 1.56
15.4 1.44
15.5 1.92
15.6 2.04
15.7 2.04
15.8 2.04
15.9 1.92
16 2.04
16.1 2.04
16.2 2.04
16.3 2.04
16.4 1.92
16.5 2.04
16.6 2.04
16.7 2.04
16.8 2.28
16.9 2.52
17 2.04
17.1 1.56
17.2 1.56
17.3 1.92
17.4 2.04
17.5 2.04
17.6 2.04
17.7 2.04
17.8 1.92
17.9 2.04
18 2.04
18.1 2.04
18.2 1.92
18.3 2.04
18.4 2.04
18.5 2.04
18.6 2.4
18.7 2.52
18.8 1.8
18.9 1.56
19 1.68
19.1 2.04
19.2 2.04
19.3 1.92
19.4 2.04
19.5 2.04
19.6 2.04
19.7 2.04
19.8 2.04
19.9 2.04
20 1.92
20.1 2.04
20.2 2.04
20.3 2.04
20.4 2.52
20.5 2.52
20.6 1.8
20.7 1.44
20.8 1.92
20.9 2.04
21 2.04
21.1 2.04
21.2 2.04
21.3 2.04
21.4 2.04
21.5 0.36
21.6 0
21.7 0
21.8 0.36
21.9 0
22 1.2
22.1 2.04
22.2 2.04
22.3 2.04
22.4 2.04
22.5 2.04
22.6 2.04
22.7 2.16
22.8 2.52
22.9 2.52
23 2.28
23.1 1.44
23.2 1.56
23.3 2.04
23.4 2.04
23.5 2.04
23.6 2.04
23.7 2.04
23.8 2.04
23.9 2.04
24 2.04
24.1 2.04
24.2 2.04
24.3 1.92
24.4 2.04
24.5 2.04
24.6 2.4
24.7 2.52
24.8 2.04
24.9 1.56
25 1.56
25.1 2.04
25.2 2.04
25.3 2.04
25.4 2.04
25.5 2.04
25.6 2.04
25.7 1.92
25.8 2.04
25.9 2.04
26 2.04
26.1 2.04
26.2 2.04
26.3 1.92
26.4 2.52
26.5 2.52
26.6 1.68
26.7 1.56
26.8 1.68
26.9 2.04
27 2.04
27.1 2.04
27.2 1.92
27.3 2.04
27.4 2.04
27.5 1.92
27.6 2.04
27.7 2.04
27.8 1.92
27.9 2.04
28 2.04
28.1 2.16
28.2 2.4
28.3 2.52
28.4 1.56
28.5 1.44
28.6 1.92
28.7 1.92
28.8 2.04
28.9 1.92
29 2.04
29.1 1.92
29.2 2.04
29.3 2.04
29.4 1.92
29.5 2.04
29.6 1.92
29.7 2.04
29.8 1.92
29.9 2.16
30 2.52
30.1 2.4
30.2 1.56
30.3 1.44
30.4 1.92
30.5 2.04
30.6 1.92
30.7 1.92
30.8 1.92
30.9 1.92
31 2.04
31.1 1.92
31.2 1.92
31.3 1.92
31.4 1.92
31.5 2.04
31.6 1.92
31.7 2.04
31.8 2.4
31.9 1.92
32 1.44
32.1 1.44
32.2 1.8
32.3 1.92
32.4 1.92
32.5 1.92
32.6 1.8
32.7 0
32.8 0
32.9 0
33 0.36
33.1 0
33.2 1.32
33.3 2.04
33.4 1.92
33.5 1.92
33.6 1.92
33.7 2.04
33.8 1.92
33.9 1.92
34 1.92
34.1 1.92
34.2 2.04
34.3 1.92
34.4 2.16
34.5 2.52
34.6 2.16
34.7 1.44
34.8 1.56
34.9 1.8
35 2.04
35.1 1.92
35.2 1.92
35.3 1.92
35.4 1.92
35.5 1.92
35.6 2.04
35.7 1.92
35.8 1.92
35.9 1.92
36 1.92
36.1 2.04
36.2 2.04
36.3 2.52
36.4 2.16
36.5 1.44
36.6 1.44
36.7 1.92
36.8 2.04
36.9 1.92
37 2.04
37.1 2.04
37.2 1.92
37.3 2.04
37.4 2.04
37.5 1.92
37.6 2.04
37.7 2.04
37.8 2.04
37.9 1.92
38 2.4
38.1 2.52
38.2 2.04
38.3 1.56
38.4 1.56
38.5 2.04
38.6 1.92
38.7 2.16
38.8 2.04
38.9 2.04
39 2.16
39.1 2.04
39.2 2.16
39.3 2.04
39.4 2.04
39.5 2.16
39.6 2.04
39.7 2.04
39.8 2.4
39.9 2.64
40 2.28
40.1 1.56
40.2 1.56
40.3 2.16
40.4 2.04
40.5 2.16
40.6 2.04
40.7 2.16
40.8 2.16
40.9 2.16
41 2.16
41.1 2.04
41.2 2.16
41.3 2.16
41.4 2.16
41.5 2.16
41.6 2.52
41.7 2.64
41.8 1.8
41.9 1.56
42 1.8
42.1 2.04
42.2 2.16
42.3 2.16
42.4 2.16
42.5 2.16
42.6 2.16
42.7 2.04
42.8 2.16
42.9 2.16
43 2.16
43.1 2.16
43.2 2.04
43.3 2.04
43.4 2.28
43.5 2.04
43.6 1.56
43.7 1.68
43.8 0.84
43.9 0
44 0
44.1 0
44.2 0.48
44.3 0
44.4 1.32
44.5 2.16
44.6 2.16
44.7 2.16
44.8 2.16
44.9 2.28
45 2.76
45.1 2.64
45.2 2.04
45.3 1.56
45.4 1.8
45.5 2.16
45.6 2.16
45.7 2.16
45.8 2.04
45.9 2.16
46 2.04
46.1 2.04
46.2 2.16
46.3 2.04
46.4 2.04
46.5 2.16
46.6 2.04
46.7 2.16
46.8 2.52
46.9 2.64
47 1.8
47.1 1.56
47.2 1.92
47.3 2.04
47.4 2.16
47.5 2.04
47.6 2.16
47.7 2.16
47.8 2.04
47.9 2.16
48 2.16
48.1 2.04
48.2 2.16
48.3 2.16
48.4 2.04
48.5 2.16
48.6 2.64
48.7 2.64
48.8 1.8
48.9 1.56
49 1.92
49.1 2.16
49.2 2.04
49.3 2.16
49.4 2.16
49.5 2.04
49.6 2.16
49.7 2.16
49.8 2.04
49.9 2.16
50 2.16
50.1 2.04
50.2 2.16
50.3 2.16
50.4 2.52
50.5 2.64
50.6 2.04
50.7 1.56
50.8 1.8
50.9 2.16
51 2.04
51.1 2.16
51.2 2.04
51.3 2.16
51.4 2.16
51.5 2.04
51.6 2.16
51.7 2.16
51.8 2.04
51.9 2.16
52 2.04
52.1 2.16
52.2 2.52
52.3 2.64
52.4 2.04
52.5 1.56
52.6 1.8
52.7 2.04
52.8 2.16
52.9 2.04
53 2.16
53.1 2.04
53.2 2.04
53.3 2.16
53.4 2.04
53.5 2.16
53.6 2.04
53.7 2.04
53.8 2.16
53.9 2.04
54 2.64
54.1 2.52
54.2 1.92
54.3 1.56
54.4 1.8
54.5 2.04
54.6 2.16
54.7 2.04
54.8 2.04
54.9 1.92
55 0
55.1 0
55.2 0
55.3 0.36
55.4 0
55.5 0.72
55.6 2.04
55.7 2.04
55.8 2.04
55.9 2.16
56 2.04
56.1 2.64
56.2 2.52
56.3 2.52
56.4 1.56
56.5 1.56
56.6 1.92
56.7 2.04
56.8 2.04
56.9 2.04
57 2.04
57.1 2.16
57.2 2.04
57.3 2.04
57.4 2.04
57.5 2.04
57.6 2.04
57.7 2.04
57.8 2.16
57.9 2.16
58 2.52
58.1 2.64
58.2 1.56
58.3 1.56
58.4 1.92
58.5 2.04
58.6 2.04
58.7 2.04
58.8 2.04
58.9 2.04
59 2.04
59.1 2.04
59.2 2.16
59.3 1.92
59.4 2.04
59.5 2.04
59.6 2.04
59.7 2.16
59.8 2.52
59.9 2.4
60 1.56
60.1 1.44
60.2 1.92
60.3 2.04
60.4 2.04
60.5 2.04
60.6 2.04
60.7 1.92
60.8 2.04
60.9 2.04
61 2.04
61.1 1.92
61.2 2.04
61.3 2.04
61.4 1.92
61.5 2.4
61.6 2.52
61.7 1.92
61.8 1.56
61.9 1.68
62 2.04
62.1 1.92
62.2 2.04
62.3 2.04
62.4 1.92
62.5 2.04
62.6 2.04
62.7 1.92
62.8 2.04
62.9 2.04
63 2.04
63.1 1.92
63.2 2.16
63.3 2.52
63.4 2.52
63.5 1.44
63.6 1.56
63.7 1.8
63.8 2.04
63.9 1.92
64 2.04
64.1 2.04
64.2 1.92
64.3 2.04
64.4 2.04
64.5 1.92
64.6 2.04
64.7 2.04
64.8 1.92
64.9 2.04
65 2.16
65.1 2.52
65.2 2.28
65.3 1.56
65.4 1.44
65.5 2.04
65.6 1.92
65.7 2.04
65.8 2.04
65.9 1.92
66 2.04
66.1 1.92
66.2 0.12
66.3 0
66.4 0
66.5 0
66.6 0.48
66.7 0
66.8 1.92
66.9 2.04
67 2.04
67.1 1.92
67.2 2.04
67.3 2.04
67.4 2.04
67.5 1.92
67.6 2.04
67.7 2.16
67.8 2.52
67.9 2.52
68 1.68
68.1 1.56
68.2 1.8
68.3 2.04
68.4 1.92
68.5 2.04
68.6 2.04
68.7 2.04
68.8 2.04
68.9 1.92
69 2.04
69.1 2.04
69.2 2.04
69.3 1.92
69.4 2.04
69.5 1.92
69.6 2.52
69.7 2.52
69.8 1.56
69.9 1.44
70 1.8
70.1 1.92
70.2 2.04
70.3 1.92
70.4 2.04
70.5 1.92
70.6 2.04
70.7 1.92
70.8 1.92
70.9 2.04
71 1.92
71.1 2.04
71.2 1.92
71.3 2.04
71.4 2.4
71.5 2.4
71.6 1.8
71.7 1.56
71.8 1.56
71.9 2.04
72 1.92
72.1 1.92
72.2 2.04
72.3 1.92
72.4 2.04
72.5 1.92
72.6 1.92
72.7 2.04
72.8 1.92
72.9 2.04
73 1.92
73.1 1.92
73.2 2.28
73.3 2.52
73.4 1.8
73.5 1.44
73.6 1.44
73.7 2.04
73.8 1.92
73.9 1.92
74 2.04
74.1 1.92
74.2 2.04
74.3 1.92
74.4 1.92
74.5 2.04
74.6 1.92
74.7 2.04
74.8 1.8
74.9 1.92
75 2.04
75.1 2.04
75.2 1.8
75.3 1.32
75.4 1.44
75.5 1.8
75.6 2.04
75.7 1.92
75.8 2.04
75.9 1.92
76 1.92
76.1 2.04
76.2 1.92
76.3 2.04
76.4 1.92
76.5 1.92
76.6 1.92
76.7 1.8
76.8 1.8
76.9 2.16
77 1.92
77.1 1.32
77.2 1.44
77.3 1.68
77.4 0.36
77.5 0
77.6 0
77.7 0
77.8 0.36
77.9 0
78 1.92
78.1 1.92
78.2 1.92
78.3 1.92
78.4 1.92
78.5 1.92
78.6 1.92
78.7 1.92
78.8 1.92
78.9 1.92
79 2.4
79.1 2.4
79.2 1.92
79.3 1.44
79.4 1.56
79.5 1.92
79.6 1.92
79.7 1.92
79.8 1.92
79.9 1.92
80 1.92
80.1 1.92
80.2 1.92
80.3 1.92
80.4 1.92
80.5 1.92
80.6 1.92
80.7 1.92
80.8 2.04
80.9 2.4
81 2.4
81.1 1.44
81.2 1.44
81.3 1.8
81.4 1.92
81.5 1.92
81.6 1.92
81.7 1.92
81.8 1.92
81.9 1.92
82 1.92
82.1 1.92
82.2 1.92
82.3 1.92
82.4 1.92
82.5 1.92
82.6 1.92
82.7 2.4
82.8 2.4
82.9 1.68
83 1.32
83.1 1.68
83.2 1.92
83.3 1.92
83.4 1.8
83.5 1.92
83.6 1.92
83.7 1.8
83.8 1.92
83.9 1.92
84 1.8
84.1 1.92
84.2 1.8
84.3 1.8
84.4 1.8
84.5 2.04
84.6 1.8
84.7 1.32
84.8 1.44
84.9 1.56
85 1.8
85.1 1.92
85.2 1.92
85.3 1.8
85.4 1.92
85.5 1.92
85.6 1.8
85.7 1.92
85.8 1.92
85.9 1.8
86 1.8
86.1 1.8
86.2 1.8
86.3 2.04
86.4 1.92
86.5 1.44
86.6 1.32
86.7 1.44
86.8 1.8
86.9 1.92
87 1.8
87.1 1.92
87.2 1.8
87.3 1.92
87.4 1.8
87.5 1.92
87.6 1.8
87.7 1.92
87.8 1.8
87.9 1.92
88 1.8
88.1 1.92
88.2 1.8
88.3 1.8
88.4 1.2
88.5 1.44
88.6 0.12
88.7 0
88.8 0
88.9 0.12
89 0.24
89.1 0.24
89.2 1.8
89.3 1.92
89.4 1.8
89.5 1.92
89.6 1.8
89.7 1.92
89.8 1.8
89.9 1.92
90 1.8
90.1 2.04
90.2 2.28
90.3 2.4
90.4 1.56
90.5 1.32
90.6 1.68
90.7 1.92
90.8 1.92
90.9 1.92
91 1.92
91.1 1.92
91.2 1.92
91.3 2.04
91.4 1.92
91.5 1.92
91.6 1.92
91.7 1.92
91.8 1.92
91.9 1.92
92 2.28
92.1 2.4
92.2 1.8
92.3 1.44
92.4 1.68
92.5 1.92
92.6 1.92
92.7 1.92
92.8 1.92
92.9 1.92
93 1.92
93.1 1.92
93.2 1.92
93.3 1.92
93.4 1.92
93.5 1.92
93.6 1.92
93.7 1.8
93.8 2.04
93.9 1.8
94 1.44
94.1 1.44
94.2 1.56
94.3 1.8
94.4 1.92
94.5 1.92
94.6 1.92
94.7 1.92
94.8 1.92
94.9 1.8
95 1.8
95.1 1.8
95.2 1.68
95.3 1.92
95.4 1.68
95.5 1.8
95.6 1.92
95.7 1.8
95.8 1.92
95.9 1.2
96 1.44
96.1 1.8
96.2 1.8
96.3 1.92
96.4 1.92
96.5 1.92
96.6 1.92
96.7 1.8
96.8 1.8
96.9 1.8
97 1.8
97.1 1.8
97.2 1.68
97.3 1.8
97.4 1.8
97.5 2.04
97.6 1.92
97.7 0.96
97.8 1.44
97.9 1.56
98 1.8
98.1 1.92
98.2 1.8
98.3 1.8
98.4 1.8
98.5 1.8
98.6 1.8
98.7 1.92
98.8 1.8
98.9 1.8
99 1.8
99.1 1.92
99.2 1.8
99.3 2.16
99.4 2.04
99.5 1.44
99.6 1.44
99.7 1.44
99.8 0.24
99.9 0
100 0
