0.200111 0.2
0.401609 0.200125
0.404013 0.200609
0.406416 0.201283
0.408819 0.202123
0.411222 0.203232
0.603103 0.228203
0.605506 0.225178
0.60791 0.222406
0.610313 0.220355
0.612716 0.218561
0.615119 0.217366
0.617522 0.21632
0.619926 0.215655
0.622329 0.215073
0.804597 0.237314
0.807 0.23315
0.809403 0.229756
0.811807 0.226786
0.81421 0.224563
0.816613 0.222618
0.819016 0.221291
0.821419 0.220004
0.823823 0.219129
0.826226 0.218488
0.828629 0.218177
0.831032 0.217905
0.833435 0.217916
0.835839 0.217927
0.838242 0.218311
0.843048 0.219022
0.845451 0.219519
1.00609 0.240079
1.00849 0.23557
1.0109 0.231873
1.01451 0.228764
1.22801 0.226294
1.23041 0.224007
1.23282 0.221756
1.23522 0.219662
1.23763 0.217704
1.24124 0.215991
1.24484 0.214492
1.24845 0.213181
1.25085 0.211783
1.25445 0.210685
1.48119 0.209849
1.48479 0.209118
1.492 0.208478
1.61059 0.222294
1.61419 0.220007
1.6178 0.218006
1.6214 0.216255
1.62501 0.214723
1.62861 0.213383
1.63222 0.21221
1.63582 0.211184
1.63943 0.210286
1.64303 0.2095
1.64784 0.208938
1.65144 0.20832
1.65384 0.20753
1.65745 0.207089
1.66106 0.206703
1.66467 0.20624
1.68268 0.207835
1.68509 0.207356
1.68749 0.206811
1.6947 0.20621
1.6971 0.206059
1.81208 0.220301
1.81569 0.218389
1.81929 0.216715
1.8229 0.215251
1.8265 0.213969
1.83011 0.212848
1.83371 0.211867
1.83731 0.211009
1.84092 0.210258
1.84452 0.2096
1.85294 0.209025
1.85534 0.208397
1.85894 0.207973
1.86256 0.207601
1.86616 0.207276
1.88418 0.208866
1.88658 0.208258
1.88898 0.207601
1.89139 0.207151
1.89739 0.206632
1.8998 0.206053
2.01478 0.205546
2.01838 0.205228
2.02199 0.204824
2.02559 0.204596
2.0292 0.204397
2.0328 0.204097
2.03641 0.20396
2.04001 0.20384
2.04361 0.203735
2.04722 0.203643
2.05563 0.203563
2.05803 0.203867
2.06044 0.204009
2.06284 0.204008
2.06525 0.203882
2.06886 0.203647
2.08687 0.203441
2.08928 0.203386
2.09168 0.203338
2.09408 0.20367
2.09889 0.204087
2.10129 0.204076
2.21627 0.218191
2.21988 0.216542
2.22348 0.2151
2.23069 0.213837
2.23429 0.212732
2.2379 0.211766
2.2415 0.21092
2.24511 0.21018
2.24871 0.209533
2.25712 0.209591
2.25953 0.208892
2.26193 0.208156
2.26433 0.207636
2.26675 0.207182
2.27035 0.206909
2.28837 0.208545
2.29077 0.207977
2.29317 0.20748
2.29558 0.207045
2.29798 0.206539
2.30158 0.206097
2.30399 0.205585
2.41897 0.205137
2.42257 0.20487
2.42618 0.204636
2.43338 0.204431
2.43579 0.204503
2.43819 0.20444
2.44059 0.20426
2.4442 0.204102
2.4478 0.203839
2.45141 0.203735
2.45982 0.203518
2.46222 0.203453
2.46463 0.203396
2.46703 0.203347
2.46944 0.203303
2.47305 0.203266
2.49106 0.203232
2.49346 0.203203
2.49587 0.203053
2.49827 0.203046
2.50067 0.20304
2.50308 0.20341
2.50548 0.203484
2.62046 0.217674
2.62406 0.216214
2.62767 0.214813
2.63488 0.213961
2.63728 0.212716
2.63968 0.211626
2.64209 0.210673
2.64569 0.209964
2.6493 0.209343
2.6529 0.208801
2.66131 0.20895
2.66372 0.208332
2.66612 0.20779
2.66852 0.207316
2.67093 0.206777
2.67454 0.206555
2.69256 0.20811
2.69496 0.207472
2.69736 0.207038
2.69976 0.206658
2.70217 0.206326
2.70457 0.206035
2.70697 0.205656
2.70938 0.205449
2.82315 0.205143
2.82676 0.20475
2.83036 0.204531
2.83757 0.20434
2.83998 0.204047
2.84238 0.203916
2.84478 0.203677
2.84839 0.203592
2.85199 0.203393
2.8556 0.203344
2.86401 0.203301
2.86641 0.203263
2.86882 0.203105
2.87122 0.203092
2.87363 0.203081
2.87723 0.203071
2.89525 0.203062
2.89765 0.203054
2.90006 0.203047
2.90246 0.203041
2.90486 0.202911
2.90727 0.202922
2.90967 0.202932
2.91207 0.202941
3.02585 0.202823
3.02825 0.203095
3.03186 0.203333
3.03907 0.204042
3.04147 0.204036
3.04387 0.204032
3.04628 0.204028
3.04988 0.204149
3.05349 0.204256
3.05709 0.204474
3.0655 0.205165
3.06791 0.204894
3.07031 0.204782
3.07271 0.204684
3.07512 0.204599
3.07873 0.204649
3.09674 0.206443
3.09915 0.206138
3.10155 0.20587
3.10395 0.205512
3.10636 0.205323
3.10876 0.205157
3.11116 0.205013
3.11357 0.204886
3.22734 0.21865
3.22975 0.216819
3.23335 0.215342
3.24056 0.214549
3.24296 0.213105
3.24537 0.211967
3.24777 0.210971
3.25498 0.210225
3.25859 0.209572
3.267 0.2095
3.2694 0.208813
3.2718 0.208211
3.27421 0.207685
3.27662 0.207224
3.28022 0.206946
3.29824 0.208578
3.30064 0.208006
3.30304 0.207505
3.30545 0.207067
3.30785 0.206683
3.31025 0.206348
3.31266 0.206055
3.31506 0.205798
3.42884 0.219448
3.43124 0.217517
3.43485 0.215952
3.44206 0.215083
3.44446 0.213698
3.44686 0.212486
3.44926 0.211425
3.45647 0.211122
3.45888 0.210232
3.46128 0.209828
3.46849 0.209849
3.47089 0.209118
3.4733 0.208478
3.4757 0.207919
3.47811 0.207429
3.48172 0.207125
3.49973 0.208609
3.50214 0.208033
3.50454 0.207529
3.50694 0.206963
3.50934 0.206593
3.51175 0.206269
3.51415 0.205985
3.51655 0.205737
3.63033 0.219395
3.63273 0.21747
3.63634 0.215912
3.64355 0.215048
3.64716 0.213792
3.86067 0.213193
3.86428 0.212044
3.87269 0.211663
3.87629 0.210705
3.8799 0.209867
3.88471 0.209259
3.90514 0.210726
4.11745 0.209761
4.23603 0.223166
4.88619 0.220645
4.91384 0.220939
4.92465 0.218697
5.04444 0.23136
5.04684 0.22794
5.05766 0.225822
5.06246 0.223219
5.08769 0.223692
5.11533 0.224356
5.11774 0.221811
5.12734 0.21946
5.24713 0.217402
5.24954 0.215602
5.26036 0.214027
5.26516 0.212648
5.29038 0.211442
5.31803 0.210387
5.32043 0.209464
5.33004 0.208656
5.44983 0.207824
5.45223 0.207221
5.46305 0.206693
5.46785 0.206107
5.49188 0.208593
5.51952 0.211144
5.52193 0.210126
5.53153 0.210235
5.65132 0.224081
5.65373 0.221571
5.66455 0.220374
5.66935 0.218578
5.69337 0.219505
5.72102 0.220817
5.72342 0.218715
5.73302 0.217876
5.85282 0.230766
5.85522 0.22742
5.86604 0.225618
5.87084 0.223166
5.89487 0.223395
5.92251 0.224096
5.92491 0.221459
5.93452 0.220151
6.05431 0.232757
6.05671 0.229163
6.06754 0.227017
6.07233 0.22439
6.09636 0.224591
6.124 0.225267
6.46091 0.222484
6.47653 0.220549
6.50056 0.218355
6.5282 0.216436
6.53061 0.214756
6.66241 0.228537
6.9312 0.231345
6.93481 0.227676
7.06541 0.240717
7.06781 0.235877
7.07021 0.231768
7.13389 0.228047
7.1375 0.224916
7.2681 0.222176
7.27051 0.220029
7.27291 0.218151
7.33538 0.224007
7.34021 0.221881
7.73838 0.227021
7.7432 0.224268
7.8726 0.237485
7.875 0.233174
7.94108 0.229402
7.9447 0.226477
8.07409 0.239542
8.0765 0.2351
8.14257 0.239087
8.14497 0.234576
8.14739 0.230629
8.27679 0.227051
8.27919 0.224044
8.34526 0.221414
8.34767 0.219112
8.35009 0.217098
8.47948 0.215336
8.48189 0.214044
8.54676 0.220663
8.54916 0.21858
8.55158 0.216758
8.68098 0.230913
8.68338 0.227549
8.74825 0.23248
8.75065 0.22892
8.75307 0.225805
8.88247 0.238955
8.88487 0.234585
9.28667 0.230637
9.28907 0.227182
9.35395 0.224035
9.35635 0.221405
9.48936 0.219105
9.49177 0.217342
9.55544 0.223424
9.55785 0.220996
9.69086 0.235121
9.69326 0.231231
9.69566 0.227827
9.75814 0.224724
9.76054 0.222008
9.89355 0.219632
9.89596 0.217428
9.89836 0.215625
9.96083 0.213922
9.96324 0.212806
10.095 0.228081
10.0974 0.225071
10.0999 0.222437
10.1623 0.227632
10.1647 0.224678
10.2965 0.238218
10.2989 0.233816
10.3013 0.230089
10.3638 0.234328
10.3662 0.230537
10.498 0.24347
10.5004 0.238536
10.5028 0.234219
10.5653 0.237942
10.5677 0.233699
10.6995 0.246112
10.7019 0.240723
10.7043 0.236132
10.7668 0.239616
10.7692 0.235164
10.901 0.247518
10.9034 0.242079
10.9058 0.237319
10.9683 0.240654
10.9707 0.236072
11.1025 0.248188
11.1049 0.24254
11.1073 0.237722
11.1698 0.241007
11.1722 0.236381
11.304 0.248583
11.3064 0.24301
11.3088 0.238134
11.3713 0.241367
11.3737 0.236696
11.5055 0.248734
11.5079 0.243018
11.5103 0.23814
11.5728 0.241373
11.5752 0.236701
11.707 0.248739
11.7094 0.243146
11.7118 0.238253
11.7743 0.241471
11.7767 0.236787
11.9085 0.248814
11.9109 0.243212
11.9133 0.238311
11.9758 0.241522
11.9782 0.236832
12.11 0.248853
12.1124 0.243246
12.1148 0.23834
12.1773 0.241548
12.1797 0.236854
12.3115 0.248873
12.3139 0.243263
12.3163 0.238356
12.3788 0.241561
12.3812 0.236866
12.513 0.248883
12.5154 0.243272
12.5178 0.238363
12.5803 0.241568
12.5827 0.236872
12.7145 0.248888
12.7169 0.243277
12.7193 0.238367
12.7217 0.234071
12.7829 0.230062
12.7854 0.22668
12.9172 0.22372
12.9196 0.22113
12.922 0.218739
12.9244 0.216771
12.9856 0.21505
12.988 0.213544
13.1199 0.212101
13.1223 0.211213
13.1247 0.210436
13.1271 0.209882
13.1871 0.216522
13.1895 0.214956
13.3213 0.229712
13.3238 0.226498
13.3262 0.223686
13.3286 0.221225
13.331 0.218947
13.3898 0.216828
13.3922 0.2151
13.524 0.213587
13.5264 0.212514
13.5289 0.211575
13.5313 0.210753
13.5337 0.210034
13.5913 0.216405
13.7255 0.230979
13.7279 0.227482
13.7316 0.224671
13.9943 0.228712
14.1309 0.241998
14.1333 0.237124
14.1357 0.232733
14.1381 0.229017
14.1405 0.225764
14.1958 0.229544
14.1982 0.226351
14.3336 0.223432
14.336 0.221253
14.3384 0.219221
14.3408 0.217444
14.3432 0.215888
14.3973 0.221027
14.3997 0.218899
14.5351 0.233661
14.5375 0.229954
14.5399 0.226585
14.5423 0.223761
14.5447 0.221291
14.5471 0.21913
14.6 0.217114
14.6024 0.215349
14.7378 0.213681
14.7402 0.212596
14.7426 0.211646
14.745 0.21094
14.7474 0.210198
14.7498 0.209548
14.8015 0.215105
14.8039 0.213592
14.9393 0.229018
14.9417 0.22589
14.9441 0.223154
14.9465 0.22076
14.9489 0.21854
14.9513 0.216722
15.003 0.221257
15.0054 0.2191
15.1408 0.233837
15.1432 0.230108
15.1456 0.226844
15.148 0.223989
15.1504 0.22149
15.1528 0.219304
15.1552 0.217391
15.2057 0.215592
15.2081 0.214018
15.3435 0.212641
15.3459 0.211311
15.3483 0.210272
15.3507 0.209238
15.3531 0.208458
15.3555 0.207776
15.3579 0.207054
15.4084 0.206547
15.4108 0.205979
15.5462 0.205606
15.5486 0.205281
15.551 0.204996
15.5534 0.204746
15.5558 0.204403
15.5582 0.204227
15.5606 0.204074
15.6135 0.20394
15.7489 0.203697
15.7513 0.20361
15.7537 0.203409
15.7561 0.203358
15.7585 0.203313
15.7609 0.203149
15.7633 0.20313
15.8162 0.203114
15.8186 0.20335
15.9516 0.203306
15.954 0.203143
15.9564 0.203125
15.9588 0.202984
15.9612 0.202986
15.9636 0.202988
15.966 0.202989
16.0189 0.202866
16.0213 0.202883
16.1543 0.202897
16.1567 0.20291
16.1591 0.202921
16.1615 0.202931
16.1639 0.202815
16.1663 0.202838
16.1687 0.202733
16.2216 0.202767
16.224 0.202671
16.357 0.202587
16.3594 0.202639
16.3618 0.202559
16.3642 0.202614
16.3666 0.202662
16.369 0.202579
16.3714 0.202632
16.4243 0.202678
16.4267 0.202718
16.5597 0.202753
16.5621 0.202784
16.5645 0.202811
16.5669 0.20271
16.5693 0.202746
16.5717 0.202778
16.5741 0.202806
16.627 0.202705
16.6294 0.202742
16.7624 0.202774
16.7648 0.202677
16.7672 0.202718
16.7696 0.202753
16.772 0.202659
16.7744 0.202701
16.7768 0.202614
16.8297 0.202662
16.8321 0.202704
16.9651 0.202741
16.9675 0.202774
16.9699 0.202677
16.9723 0.202717
16.9747 0.202753
16.9771 0.202784
16.9795 0.202811
17.0323 0.202834
17.1666 0.21923
17.3753 0.217201
17.3813 0.215676
17.3849 0.213967
17.4365 0.212596
17.5708 0.211271
17.5732 0.210237
17.5768 0.209583
17.5792 0.208885
17.584 0.208024
17.5876 0.207396
17.6392 0.206847
17.7735 0.206366
17.7759 0.206195
17.7783 0.206046
17.7807 0.20579
17.7855 0.205816
17.7891 0.205839
17.8407 0.211734
17.975 0.227143
17.9774 0.22425
17.9798 0.221719
17.9822 0.219504
17.9846 0.217566
17.9882 0.215745
17.9918 0.214027
18.0434 0.212649
18.1777 0.211442
18.1801 0.210762
18.1825 0.210042
18.1849 0.209412
18.1873 0.20886
18.1897 0.208378
18.1933 0.207955
18.2449 0.213586
18.3791 0.228888
18.3815 0.225777
18.384 0.22293
18.3888 0.220563
18.3912 0.218493
18.3948 0.216806
18.4464 0.221331
18.5806 0.235664
18.793 0.231456
18.799 0.228149
18.8494 0.231006
18.9836 0.24388
18.986 0.23877
18.9884 0.234299
18.9944 0.231011
18.9969 0.227635
19.0017 0.224556
19.0521 0.221861
19.1863 0.219503
19.1887 0.217691
19.1911 0.216104
19.1959 0.214966
19.1983 0.213595
19.2032 0.212771
19.2536 0.217675
19.3878 0.23234
19.3902 0.228798
19.3926 0.225698
19.395 0.222986
19.3986 0.220488
19.401 0.218302
19.4058 0.216264
19.4563 0.214606
19.8088 0.213405
19.8593 0.218105
19.9935 0.232591
19.9959 0.228768
20.0031 0.225797
20.0067 0.222822
20.0115 0.220344
20.062 0.218051
20.195 0.232795
20.1974 0.229195
20.2046 0.226671
20.213 0.224212
20.2635 0.227686
20.3965 0.2411
20.3989 0.236337
20.4061 0.23292
20.4085 0.229305
20.4157 0.225892
20.4181 0.223281
20.4662 0.220745
20.5992 0.218527
20.6016 0.216586
20.6088 0.214763
20.6112 0.213293
20.6184 0.212006
20.6208 0.210755
20.6689 0.209661
20.8019 0.208703
20.8043 0.20799
20.8115 0.207367
20.8139 0.206696
20.8211 0.206234
20.8235 0.20583
20.8716 0.205476
21.0046 0.205166
21.007 0.204896
21.0142 0.204659
21.0166 0.204451
21.0238 0.204145
21.0262 0.204002
21.0743 0.203877
21.2073 0.203767
21.2097 0.203546
21.2169 0.203353
21.2193 0.203309
21.2265 0.20327
21.2289 0.203111
21.277 0.202972
21.41 0.202851
21.4124 0.20287
21.4196 0.202886
21.422 0.2029
21.4292 0.202913
21.4316 0.202924
21.4797 0.202933
21.6127 0.202941
21.6151 0.202949
21.6223 0.202955
21.6247 0.202836
21.6319 0.202731
21.6343 0.202765
21.6824 0.202794
21.8154 0.20282
21.8178 0.202717
21.825 0.202628
21.8274 0.202674
21.8346 0.202715
21.837 0.202751
21.8851 0.202782
22.0181 0.202809
22.0205 0.202833
22.0277 0.202854
22.0301 0.202872
22.0373 0.202888
22.0397 0.202777
22.0877 0.20268
22.2208 0.202595
22.2232 0.202646
22.2304 0.20269
22.2328 0.202604
22.24 0.202528
22.2424 0.202587
22.2904 0.202639
22.4235 0.202684
22.4259 0.202598
22.4331 0.202649
22.4355 0.202693
22.4427 0.202731
22.4451 0.202765
22.4931 0.202794
22.6262 0.20282
22.6286 0.202842
22.6358 0.202737
22.6382 0.20277
22.6454 0.202799
22.6478 0.202699
22.6958 0.202611
22.8289 0.202535
22.8313 0.202593
22.8385 0.202644
22.8409 0.202564
22.8481 0.202618
22.8505 0.202666
22.8985 0.202708
23.0316 0.202744
23.034 0.202651
23.0412 0.202695
23.0436 0.202733
23.0508 0.202641
23.0532 0.202686
23.1012 0.202725
23.2343 0.20276
23.2367 0.20304
23.2427 0.203785
23.2451 0.203812
23.2523 0.20446
23.2547 0.204403
23.3027 0.209977
23.4357 0.22548
23.4381 0.222795
23.4442 0.220946
23.4466 0.218828
23.4538 0.217474
23.4562 0.21579
23.5042 0.220066
23.5066 0.218058
23.6384 0.216176
23.6408 0.214404
23.6469 0.212853
23.6493 0.211622
23.6565 0.210544
23.6589 0.209476
23.7069 0.208541
23.7093 0.207849
23.8411 0.207243
23.8435 0.206962
23.8483 0.207092
23.8507 0.206706
23.8579 0.206867
23.8604 0.206509
23.9084 0.211945
23.9108 0.210952
24.0426 0.226208
24.045 0.223432
24.0474 0.221003
24.051 0.218753
24.0534 0.216784
24.0606 0.215061
24.1099 0.219303
24.4468 0.21714
24.4504 0.215373
24.4552 0.213826
24.4576 0.212473
24.4648 0.211164
24.5141 0.210143
24.5165 0.20925
24.6483 0.224719
24.6507 0.222129
24.6531 0.219738
24.6567 0.218021
24.6591 0.216268
24.6663 0.21536
24.7156 0.219815
24.718 0.217713
24.8498 0.232124
24.8522 0.228608
24.8546 0.225532
24.857 0.222841
24.8594 0.220361
24.8618 0.218066
24.869 0.216182
24.9183 0.214535
24.9207 0.213093
25.0525 0.211831
25.0549 0.210602
25.0573 0.209652
25.0597 0.208695
25.0621 0.207984
25.0645 0.207361
25.0717 0.206691
25.121 0.206104
25.1234 0.205966
25.254 0.22197
25.2564 0.219724
25.2588 0.217759
25.2612 0.216039
25.2648 0.214659
25.5252 0.213202
25.657 0.227801
25.6618 0.224576
25.6642 0.221879
25.6666 0.219519
25.669 0.217454
25.6714 0.215648
25.7267 0.220817
25.7291 0.218715
25.8597 0.21675
25.8633 0.215531
25.8657 0.21409
25.8681 0.212829
25.8705 0.211725
25.8729 0.210635
25.9282 0.21643
25.9306 0.214876
26.0612 0.229517
26.0636 0.226327
26.066 0.223286
26.0684 0.220751
26.0708 0.218407
26.0732 0.216481
26.0756 0.214796
26.1309 0.213196
26.1333 0.211922
26.2639 0.210682
26.2663 0.209971
26.2687 0.20935
26.2711 0.208931
26.2735 0.20844
26.2759 0.20801
26.2783 0.207634
26.3324 0.213804
26.3348 0.212579
26.4654 0.227506
26.4678 0.224568
26.4702 0.221997
26.4726 0.219748
26.475 0.217654
26.4774 0.215947
26.4798 0.214454
26.5339 0.219522
26.5363 0.217582
26.6669 0.231884
26.6693 0.228399
26.6717 0.225349
26.6741 0.22268
26.6765 0.220345
26.6789 0.218302
26.6813 0.216514
26.6837 0.21495
26.7365 0.213456
26.7389 0.212024
26.8696 0.210896
26.8744 0.209909
26.8768 0.208921
26.8792 0.20818
26.8816 0.207533
26.884 0.206841
26.8864 0.206361
26.9392 0.205941
26.9416 0.205573
27.0723 0.205252
27.0771 0.20497
27.0795 0.204974
27.0819 0.204977
27.0843 0.20498
27.0867 0.204983
27.0891 0.20511
27.0915 0.205096
27.1419 0.204709
27.1443 0.204495
27.275 0.204183
27.2798 0.203911
27.2822 0.203797
27.2846 0.203697
27.287 0.203485
27.2894 0.203424
27.2918 0.203246
27.2942 0.203216
27.3446 0.203189
27.347 0.203165
27.4777 0.203144
27.4825 0.203126
27.4849 0.202986
27.4873 0.202987
27.4897 0.202989
27.4921 0.20299
27.4945 0.202992
27.4969 0.202868
27.5473 0.202884
27.5497 0.202774
27.6803 0.202802
27.6852 0.202827
27.6876 0.202848
27.69 0.202742
27.6924 0.202775
27.6948 0.202678
27.6972 0.202718
27.6996 0.202753
27.75 0.202784
27.7524 0.202811
27.883 0.202835
27.8878 0.20273
27.8903 0.202764
27.8927 0.202794
27.8951 0.202819
27.8975 0.202842
27.8999 0.202737
27.9023 0.20277
27.9527 0.202673
27.9551 0.202714
28.0857 0.202625
28.0905 0.202672
28.0929 0.202588
28.0953 0.202639
28.0978 0.202559
28.1002 0.202615
28.1026 0.202663
28.105 0.20258
28.1554 0.202632
28.1578 0.202553
28.2884 0.202609
28.2932 0.202658
28.2956 0.202701
28.298 0.202738
28.3004 0.202771
28.3029 0.202675
28.3053 0.202715
28.3077 0.202751
28.3581 0.202782
28.3605 0.202809
28.4911 0.202833
28.4959 0.202729
28.4983 0.202763
28.5007 0.202667
28.5055 0.202709
28.5079 0.20262
28.5104 0.202668
28.5608 0.202584
28.5632 0.202636
28.6938 0.202557
28.6986 0.202612
28.9121 0.202661
28.9158 0.202578
28.9662 0.202631
29.0968 0.218677
29.1016 0.216967
29.104 0.215221
29.1064 0.213694
29.1136 0.213107
29.116 0.211969
29.1184 0.210848
29.1689 0.209742
29.2995 0.208899
29.3031 0.208662
29.3055 0.208079
29.3079 0.207444
29.3151 0.207639
29.3175 0.207184
29.3199 0.206661
29.3704 0.212328
29.501 0.227412
29.5034 0.224486
29.5058 0.221675
29.5082 0.219341
29.5106 0.217298
29.5178 0.215386
29.5202 0.213838
29.5226 0.212483
29.5731 0.211297
29.7037 0.210135
29.7061 0.209493
29.7085 0.208932
29.7109 0.20844
29.7133 0.20801
29.7193 0.208134
29.7217 0.207617
29.7241 0.207165
29.7746 0.212769
29.9052 0.227673
29.9076 0.224714
29.91 0.222125
29.9124 0.219859
29.9148 0.217877
29.9208 0.216517
29.9232 0.214953
29.9256 0.213583
29.9761 0.218386
30.1067 0.232587
30.1091 0.229014
30.1115 0.225887
30.1139 0.223026
30.1163 0.220648
30.1187 0.218567
30.1235 0.216621
30.1259 0.214793
30.1283 0.213319
30.1788 0.211904
30.3094 0.210791
30.3118 0.209692
30.3142 0.208856
30.3166 0.208124
30.3202 0.207608
30.5313 0.207032
30.583 0.206403
30.716 0.205853
30.7184 0.205496
30.7208 0.205059
30.7244 0.204802
30.728 0.204702
30.7328 0.204864
30.7352 0.204756
30.7857 0.204536
30.9187 0.204344
30.9211 0.204551
30.9235 0.204607
30.9259 0.204656
30.9295 0.204699
30.9343 0.204862
30.9367 0.204754
30.9872 0.21066
31.1202 0.226202
31.1226 0.223427
31.125 0.220874
31.1274 0.218765
31.1298 0.216919
31.1322 0.215179
31.137 0.213532
31.1394 0.212215
31.1899 0.210938
31.3229 0.209821
31.3253 0.209218
31.3277 0.208691
31.3301 0.208355
31.3325 0.207935
31.3349 0.207568
31.3385 0.207372
31.3409 0.206951
31.3913 0.212582
31.5244 0.227884
31.5268 0.224899
31.5292 0.222286
31.5316 0.220001
31.534 0.217876
31.5364 0.216141
31.54 0.214748
31.5424 0.213405
31.5928 0.218229
31.7259 0.232701
31.7283 0.229113
31.7307 0.225974
31.7331 0.223227
31.7355 0.220824
31.7379 0.218721
31.7403 0.216881
31.7427 0.215146
31.7451 0.213627
31.7955 0.212299
31.9286 0.211137
31.931 0.209995
31.9334 0.20912
31.9358 0.20823
31.9382 0.207576
31.9406 0.207004
31.943 0.206379
31.9454 0.205956
31.9478 0.205462
31.9982 0.205154
32.1312 0.204885
32.1337 0.204649
32.1361 0.204443
32.1385 0.204263
32.1409 0.20398
32.1433 0.203857
32.1457 0.20375
32.1481 0.203656
32.1505 0.203574
32.2009 0.203378
32.3339 0.203205
32.3363 0.20318
32.3387 0.203032
32.3412 0.203028
32.3436 0.203025
32.346 0.202897
32.3484 0.20291
32.3508 0.202796
32.3532 0.202821
32.4036 0.202844
32.5366 0.202863
32.539 0.20288
32.5414 0.202895
32.5438 0.202783
32.5463 0.20281
32.5487 0.202834
32.5511 0.202855
32.5535 0.202873
32.5559 0.202764
32.6063 0.202793
32.7393 0.202819
32.7417 0.202717
32.7441 0.202752
32.7465 0.202783
32.7489 0.202685
32.7514 0.202725
32.7538 0.202634
32.7562 0.20268
32.7586 0.20272
32.809 0.202755
32.942 0.202785
32.9444 0.202812
32.9468 0.202711
32.9492 0.202747
32.9516 0.202779
32.9553 0.202931
33.212 0.20894
33.3462 0.208197
33.351 0.207548
33.3534 0.206979
33.3558 0.206357
33.3595 0.205937
33.3619 0.205445
33.4135 0.211389
33.4159 0.210341
33.5525 0.209798
33.5549 0.208948
33.5573 0.20833
33.5609 0.207914
33.5633 0.207424
33.615 0.213121
33.6174 0.211981
33.754 0.227859
33.7564 0.224876
33.7588 0.222517
33.7612 0.220577
33.7636 0.218755
33.766 0.217161
33.7684 0.215641
33.8177 0.21406
33.8201 0.212678
33.9567 0.211343
33.9591 0.21055
33.9615 0.209856
33.9639 0.209249
33.9675 0.208843
34.2219 0.207988
34.3621 0.224489
34.3645 0.221803
34.3669 0.219328
34.3705 0.217412
34.3729 0.215485
34.3753 0.213925
34.4246 0.212559
34.5636 0.228739
34.566 0.225647
34.5684 0.222941
34.572 0.220823
34.5744 0.21872
34.6261 0.222755
34.7651 0.237536
34.7675 0.233344
34.7699 0.229551
34.7735 0.226482
34.7759 0.223547
34.7783 0.221103
34.8288 0.218716
34.8312 0.217001
34.9678 0.215126
34.9702 0.21361
34.9726 0.212284
34.9762 0.211123
34.9786 0.210108
34.981 0.20922
35.0315 0.208442
35.0339 0.207637
35.1705 0.207057
35.1729 0.206425
35.1753 0.205997
35.1789 0.205497
35.1813 0.205185
35.1837 0.204787
35.2342 0.204564
35.2366 0.204368
35.3732 0.204197
35.3756 0.204048
35.378 0.203792
35.3816 0.203693
35.384 0.203606
35.3864 0.20353
35.4369 0.203339
35.4393 0.203297
35.5759 0.203135
35.5783 0.203118
35.5807 0.203103
35.5843 0.20309
35.5867 0.202954
35.5891 0.20296
35.9825 0.202965
36.2477 0.202969
36.3855 0.219973
36.3879 0.217726
36.3927 0.215761
36.3951 0.214165
36.4504 0.21277
36.587 0.228549
36.5894 0.22548
36.5942 0.22317
36.5966 0.220774
36.6519 0.225177
36.7885 0.23928
36.7909 0.23487
36.7957 0.231261
36.7981 0.227854
36.8533 0.231497
36.99 0.24481
36.9924 0.239709
36.9972 0.23562
36.9996 0.231667
37.056 0.234959
37.5957 0.230964
37.6029 0.228094
37.6606 0.231707
37.663 0.227994
37.7984 0.224869
37.8044 0.222886
37.862 0.227525
37.8644 0.224584
37.9999 0.238636
38.0023 0.234307
38.0647 0.230268
38.0671 0.22686
38.2025 0.223877
38.205 0.221143
38.2674 0.218875
38.2698 0.217141
38.2722 0.215998
38.404 0.231123
38.4064 0.227733
38.4689 0.232266
38.4713 0.228733
38.4737 0.225641
38.6055 0.239061
38.6079 0.234554
38.6704 0.238234
38.6728 0.233955
38.6752 0.230211
38.8094 0.226934
38.8719 0.231568
38.8743 0.228122
38.8767 0.225106
39.0109 0.238843
39.0133 0.234488
39.0734 0.238177
39.0758 0.233905
39.0782 0.230167
39.2124 0.243396
39.2148 0.238471
39.2749 0.241287
39.2773 0.236626
39.2797 0.232548
39.4139 0.245355
39.4163 0.240185
39.4764 0.242912
39.4788 0.238048
39.4812 0.233792
39.6154 0.246568
39.6178 0.241247
39.6779 0.243716
39.6803 0.238752
39.6827 0.234408
39.8169 0.246982
39.8193 0.241609
39.8794 0.244158
39.8818 0.239138
39.8842 0.234746
40.0184 0.247403
40.0208 0.241977
40.0809 0.244355
40.0833 0.239311
40.0857 0.234897
40.2199 0.24741
40.2223 0.241984
40.2824 0.244486
40.2848 0.239425
40.2872 0.234997
40.4214 0.247622
40.4238 0.242169
40.4839 0.244523
40.4863 0.239458
40.4887 0.235026
40.6229 0.247522
40.6253 0.242082
40.6854 0.244572
40.6878 0.2395
40.6902 0.235063
40.8244 0.24768
40.8268 0.24222
40.8869 0.244567
40.8893 0.239497
40.8917 0.235059
41.0259 0.247552
41.0283 0.242108
41.0307 0.237345
41.0896 0.233051
41.092 0.22917
41.0944 0.225899
41.2286 0.223036
41.231 0.220407
41.2334 0.218231
41.2922 0.216327
41.6364 0.214661
41.6388 0.213079
41.6977 0.211944
42.1031 0.210826
42.1055 0.209848
42.2457 0.208992
42.3034 0.208243
42.3058 0.207462
42.3082 0.206905
42.4484 0.206416
42.5061 0.205989
42.5085 0.205866
42.5109 0.205758
42.6499 0.222663
42.7075 0.227205
42.71 0.224179
42.7124 0.221657
42.8514 0.236575
42.909 0.239503
42.9114 0.235065
42.9138 0.231182
43.0529 0.244784
43.1105 0.246561
43.1129 0.241116
43.1153 0.236477
43.2543 0.249542
43.312 0.250849
43.3144 0.244993
43.3168 0.239869
43.4558 0.252385
43.5135 0.253212
43.5159 0.246936
43.5183 0.241569
43.6573 0.253998
43.715 0.254748
43.7174 0.248404
43.7198 0.242854
43.8588 0.254997
43.9165 0.255497
43.9189 0.248935
43.9213 0.243318
44.0603 0.255529
44.118 0.256088
44.1204 0.249577
44.1228 0.243879
44.2618 0.255895
44.3195 0.256283
44.3219 0.249622
44.3243 0.24392
44.4633 0.256055
44.521 0.256423
44.5234 0.24987
44.5258 0.244136
44.6648 0.256119
44.7225 0.256479
44.7249 0.249919
44.7273 0.244179
44.8663 0.256282
44.924 0.256622
44.9264 0.250044
44.9288 0.244289
45.0678 0.256252
45.1255 0.256596
45.1279 0.250021
45.1303 0.244269
45.2693 0.25636
45.2717 0.249815
45.3282 0.243963
45.3306 0.238843
45.333 0.234237
45.472 0.230208
45.4744 0.226807
45.5309 0.223706
45.5333 0.221368
45.5357 0.219322
45.6735 0.234532
45.6759 0.230715
45.7324 0.234126
45.7348 0.23036
45.7372 0.227065
45.875 0.241057
45.8774 0.236425
45.8798 0.232372
45.9351 0.2287
45.9375 0.225488
45.9399 0.222552
46.0777 0.220108
46.0801 0.218344
46.0825 0.216676
46.1365 0.221717
46.1389 0.219377
46.1414 0.217455
46.1438 0.215773
46.2804 0.214176
46.2828 0.213029
46.2852 0.212026
46.338 0.217523
46.3404 0.215832
46.3428 0.214353
46.3452 0.213059
46.4818 0.228677
46.4843 0.225592
46.4867 0.222893
46.5407 0.220281
46.5431 0.218371
46.5455 0.2167
46.5479 0.215237
46.6833 0.230583
46.6857 0.22726
46.6881 0.224352
46.6906 0.221808
46.7434 0.219457
46.7458 0.21765
46.7482 0.216444
46.7506 0.215263
46.753 0.214355
46.8848 0.229686
46.8872 0.226475
46.8896 0.223666
46.892 0.221208
46.8944 0.219057
46.9461 0.21705
46.9485 0.215543
46.9509 0.214225
46.9533 0.213072
46.9557 0.212063
47.0863 0.22718
47.0887 0.224283
47.0911 0.221747
47.0935 0.219779
47.0959 0.218057
47.0983 0.21655
47.1476 0.221106
47.15 0.218968
47.1524 0.217097
47.1548 0.21546
47.1572 0.214027
47.2878 0.228774
47.2926 0.225677
47.295 0.223342
47.2974 0.221175
47.2998 0.219278
47.3022 0.217743
47.3491 0.2219
47.3515 0.219663
47.3539 0.21758
47.3563 0.215882
47.3587 0.214397
47.3611 0.213097
47.4905 0.211835
47.4941 0.211231
47.4965 0.210327
47.4989 0.209786
47.5013 0.209313
47.5037 0.209149
47.5061 0.20913
47.5085 0.209114
47.5506 0.213975
47.553 0.212728
47.5554 0.211637
47.5578 0.210682
47.5602 0.209847
47.5626 0.209116
47.565 0.208477
47.6932 0.207792
47.6968 0.207568
47.9055 0.206997
47.9091 0.206497
47.9127 0.205935
47.956 0.205693
47.9596 0.205482
47.9632 0.205296
47.968 0.205384
47.9704 0.205086
48.0974 0.204826
48.0998 0.204472
48.1046 0.204288
48.1082 0.204127
48.3602 0.203986
48.3674 0.204113
48.3734 0.204099
48.5016 0.219587
48.5076 0.217638
48.51 0.215808
48.5124 0.214207
48.5148 0.212681
48.5172 0.211471
48.5617 0.215787
48.5641 0.214314
48.5701 0.2129
48.5761 0.211662
48.7043 0.210579
48.7103 0.209632
48.7127 0.208678
48.9659 0.207843
48.9731 0.207738
49.1073 0.223646
49.1133 0.22144
49.1157 0.21901
49.1181 0.217009
49.1217 0.215133
49.1674 0.219241
49.1746 0.217961
49.177 0.216091
49.31 0.214329
49.316 0.212913
49.3184 0.211674
49.3208 0.210465
49.3244 0.209532
49.3701 0.208715
49.3773 0.208001
49.3797 0.207376
49.5127 0.206829
49.5187 0.206225
49.5211 0.205822
49.5235 0.205469
49.5259 0.205411
49.5716 0.210609
49.5788 0.210283
49.5812 0.209498
49.7142 0.225186
49.7202 0.223037
49.7226 0.220658
49.725 0.218575
49.7274 0.216754
49.7731 0.220659
49.7827 0.218577
49.9157 0.233005
49.9217 0.229754
49.9241 0.226535
49.9265 0.223718
49.9289 0.221128
49.9746 0.224362
49.9842 0.222692
49.9866 0.220355
50.1172 0.234686
50.1232 0.23135
50.1256 0.227932
50.128 0.22494
50.1304 0.222323
50.1761 0.225532
50.1857 0.223716
50.1881 0.221251
50.3187 0.235095
50.3247 0.231583
50.3271 0.228135
50.3295 0.225118
50.3319 0.222353
50.3776 0.225434
50.3872 0.22363
50.3896 0.221176
50.5202 0.235029
50.5262 0.231651
50.5286 0.228194
50.531 0.225045
50.5334 0.222414
50.579 0.225613
50.5887 0.223786
50.5911 0.221313
50.7217 0.235149
50.7277 0.23163
50.7301 0.228176
50.7325 0.225154
50.7349 0.22251
50.7805 0.225571
50.7902 0.22375
50.7926 0.221281
50.9231 0.235121
50.9292 0.231731
50.9316 0.228264
50.934 0.225106
50.9364 0.222468
50.982 0.22566
50.9916 0.223827
50.994 0.221349
51.1246 0.23518
51.1307 0.231658
51.1331 0.2282
51.1355 0.225175
51.1379 0.222528
51.1835 0.225587
51.1931 0.223764
51.1955 0.221293
51.3261 0.235132
51.3321 0.23174
51.3346 0.228273
51.337 0.225114
51.3394 0.222474
51.385 0.225665
51.3946 0.223832
51.397 0.221353
51.5276 0.235184
51.5336 0.231661
51.536 0.228203
51.5385 0.225178
51.5409 0.222531
51.5865 0.225589
51.5961 0.223766
51.5985 0.221295
51.7291 0.235133
51.7351 0.231741
51.7375 0.228274
51.74 0.225115
51.7424 0.222475
51.788 0.225666
51.7976 0.223833
51.8 0.221354
51.9306 0.235184
51.9366 0.231661
51.939 0.228204
51.9414 0.225178
51.9438 0.222531
51.9895 0.22559
51.9991 0.223766
52.0015 0.221295
52.1321 0.235133
52.1381 0.231742
52.1405 0.228274
52.1429 0.225115
52.1453 0.222475
52.191 0.225541
52.2006 0.223723
52.203 0.221258
52.3336 0.235101
52.336 0.231213
52.3408 0.227561
52.3432 0.224491
52.3456 0.221805
52.348 0.219454
52.3937 0.217397
52.4033 0.215598
52.4057 0.213898
52.5363 0.212536
52.5387 0.211219
52.5435 0.210191
52.5459 0.209168
52.5483 0.208397
52.5507 0.207597
52.5964 0.207022
52.6048 0.20752
52.6072 0.20708
52.7378 0.222695
52.7402 0.220358
52.745 0.218688
52.7474 0.216852
52.7498 0.215246
52.7522 0.21384
52.7979 0.217985
52.8063 0.216987
52.8087 0.215363
52.9393 0.229943
52.9417 0.2267
52.9441 0.223863
52.9477 0.22113
52.9501 0.218864
52.9525 0.216881
52.9549 0.215021
53.0006 0.213518
53.009 0.212078
53.0114 0.210943
53.142 0.209826
53.1444 0.209222
53.1468 0.208695
53.1492 0.208233
53.1516 0.207704
53.154 0.207241
53.1564 0.206836
53.2021 0.211981
53.2045 0.210983
53.2117 0.209986
53.2141 0.209112
53.3447 0.208348
53.3471 0.20768
53.3495 0.207345
53.3519 0.207052
53.3543 0.206795
53.3567 0.206571
53.3591 0.206374
53.4036 0.211453
53.406 0.210396
53.4132 0.210222
53.4156 0.209444
53.5462 0.224763
53.5486 0.222168
53.551 0.219772
53.5534 0.2178
53.5558 0.216075
53.5582 0.214566
53.5606 0.213245
53.563 0.211965
53.6063 0.210844
53.6087 0.210114
53.6147 0.209974
53.6171 0.209228
53.7477 0.224574
53.7501 0.222002
53.7525 0.219752
53.7549 0.217783
53.7573 0.21606
53.7597 0.214553
53.7621 0.213234
53.7645 0.212079
53.7669 0.211069
53.809 0.209936
53.8162 0.209694
53.8186 0.208982
53.9492 0.224359
53.9516 0.221814
53.954 0.219463
53.9564 0.21753
53.9588 0.215839
53.9612 0.214359
53.9636 0.213064
53.966 0.211806
53.9684 0.21083
53.9708 0.209976
54.0116 0.209104
54.0177 0.209091
54.0201 0.208455
54.0225 0.208148
54.1507 0.22363
54.1531 0.221176
54.1555 0.219029
54.1579 0.2174
54.1603 0.2161
54.1627 0.214838
54.1651 0.213858
54.1675 0.212876
54.1699 0.212016
54.1723 0.211389
54.1747 0.210716
54.2131 0.214751
54.2191 0.213907
54.2216 0.212669
54.224 0.21146
54.3521 0.226278
54.3545 0.223493
54.357 0.220931
54.3594 0.219065
54.3618 0.217432
54.3642 0.216128
54.3666 0.214862
54.369 0.213754
54.3714 0.212785
54.3738 0.211937
54.7672 0.210945
54.772 0.210202
54.7744 0.209301
54.7768 0.208389
54.7792 0.207715
54.7816 0.207126
54.784 0.206485
54.8176 0.209924
54.8248 0.209559
54.8297 0.208989
55.1702 0.208365
55.175 0.207695
55.1798 0.207233
55.1834 0.206829
55.1882 0.2066
55.2206 0.2099
55.2278 0.209538
55.2327 0.20897
55.3608 0.223849
55.3644 0.221243
55.3729 0.218838
55.3765 0.217233
55.3813 0.215954
55.3849 0.214585
55.3897 0.213511
55.4221 0.216073
55.4293 0.215188
55.4342 0.214165
55.5623 0.228644
55.5659 0.225689
55.5743 0.223728
55.578 0.221387
55.5828 0.219463
55.5864 0.217655
55.5912 0.216324
55.6236 0.218533
55.626 0.216716
55.632 0.215002
55.6368 0.213377
55.765 0.21208
55.7686 0.210945
55.777 0.209952
55.7806 0.209083
55.7855 0.208322
55.7891 0.207657
55.7939 0.20695
55.8263 0.206456
55.8287 0.205899
55.8347 0.205412
55.8395 0.20511
55.9677 0.204721
55.9701 0.204756
55.9785 0.205412
55.9821 0.20536
55.9869 0.20544
55.9906 0.205385
55.9954 0.205462
56.0278 0.209029
56.0302 0.208401
56.0362 0.208351
56.041 0.208182
56.1692 0.223409
56.1716 0.220983
56.18 0.21961
56.1836 0.217784
56.1884 0.216311
56.192 0.215022
56.1969 0.213894
56.2293 0.216407
56.2317 0.214857
56.2377 0.213874
56.2425 0.21289
56.3707 0.227404
56.3731 0.224478
56.3815 0.222669
56.3851 0.22046
56.3899 0.218653
56.3935 0.216946
56.3983 0.215578
56.4308 0.21788
56.4332 0.216145
56.4392 0.215127
56.444 0.214111
56.5722 0.228597
56.5746 0.225523
56.5866 0.222957
56.5914 0.220838
56.595 0.218983
56.5998 0.21736
56.6323 0.21944
56.6347 0.21751
56.6407 0.216196
56.6455 0.214922
56.7737 0.229182
56.7761 0.226034
56.7881 0.22453
56.7905 0.221963
56.7929 0.219968
56.7965 0.218097
56.8013 0.216585
56.8338 0.218762
56.8362 0.216917
56.8422 0.215802
56.847 0.214702
56.9752 0.229114
56.9776 0.225975
56.9896 0.224353
56.992 0.221809
56.9944 0.219583
56.998 0.217885
57.0028 0.216399
57.0353 0.218599
57.0377 0.216774
57.0437 0.215553
57.0485 0.214359
57.1767 0.228689
57.1791 0.225603
57.1911 0.224152
57.1935 0.221633
57.1959 0.219304
57.1995 0.217516
57.2043 0.216077
57.2368 0.218317
57.2392 0.216527
57.2452 0.215461
57.25 0.214279
57.3782 0.228744
57.3806 0.225651
57.3926 0.22407
57.395 0.221561
57.3974 0.219366
57.401 0.217695
57.4058 0.216233
57.4383 0.218454
57.4407 0.216647
57.4467 0.215441
57.4515 0.214261
57.5797 0.228729
57.5821 0.225637
57.5941 0.224183
57.5965 0.22166
57.5989 0.219327
57.6025 0.217537
57.6073 0.216094
57.6398 0.218333
57.6422 0.216541
57.6482 0.215473
57.653 0.214289
57.7812 0.228753
57.7956 0.226784
57.798 0.223811
57.8004 0.221335
57.804 0.219293
57.8088 0.217631
57.8413 0.219677
57.8437 0.217718
57.8497 0.216378
57.8545 0.215081
57.9827 0.229446
57.9971 0.227765
57.9995 0.224794
58.0019 0.222445
58.0043 0.220514
58.0067 0.2187
58.0103 0.217238
58.0427 0.219333
58.0452 0.217416
58.0512 0.216239
58.056 0.214959
58.1842 0.229339
58.1986 0.227672
58.201 0.224588
58.2034 0.222014
58.2058 0.219763
58.2082 0.217792
58.2118 0.216193
58.2442 0.218419
58.2466 0.216617
58.2527 0.215415
58.2575 0.214238
58.3857 0.228708
58.4001 0.22712
58.4025 0.22423
58.4049 0.221701
58.4073 0.219488
58.4097 0.217552
58.4133 0.215983
58.4457 0.218235
58.4481 0.216456
58.4541 0.215399
58.459 0.214224
58.5871 0.228696
58.6028 0.227234
58.8115 0.224205
58.8175 0.221804
58.8511 0.219579
58.862 0.218506
58.9901 0.232318
58.9925 0.228653
59.007 0.225322
59.0094 0.222531
59.013 0.22034
59.0154 0.218297
59.0202 0.216385
59.0538 0.214587
59.0647 0.213139
59.1916 0.227746
59.194 0.224778
59.2085 0.223681
59.2109 0.221221
59.2133 0.219068
59.2157 0.21706
59.2181 0.215302
59.2229 0.213639
59.2565 0.212309
59.2673 0.211146
59.3943 0.210128
59.3967 0.209487
59.41 0.210176
59.4124 0.209404
59.4148 0.208728
59.4172 0.208137
59.4196 0.20762
59.4244 0.207418
59.458 0.21099
59.4688 0.211117
59.5958 0.225727
59.5982 0.223011
59.6006 0.220635
59.6126 0.21843
59.6151 0.216502
59.6175 0.214814
59.6199 0.213212
59.6223 0.211936
59.6271 0.210819
59.6607 0.209716
59.6715 0.208877
59.7985 0.208142
59.8009 0.207374
59.8033 0.206828
59.8153 0.206349
59.8177 0.206181
59.8202 0.206033
59.8226 0.205904
59.825 0.205791
59.8286 0.205817
59.8622 0.209465
59.873 0.209907
60 0.224793
60.0024 0.222194
60.0048 0.21992
60.0168 0.219055
60.0192 0.217173
60.0216 0.215526
60.024 0.214086
60.0265 0.212825
60.03 0.211972
60.0637 0.21485
60.0745 0.214494
60.2015 0.228682
60.2039 0.225472
60.2063 0.222788
60.2087 0.22044
60.2195 0.21826
60.2219 0.216227
60.2243 0.214574
60.2267 0.213002
60.2291 0.211752
60.2327 0.210533
60.2664 0.209591
60.2772 0.208767
60.4042 0.208046
60.4066 0.207416
60.409 0.206864
60.4114 0.206381
60.4222 0.205958
60.4246 0.205588
60.427 0.205265
60.4294 0.204982
60.4318 0.204609
60.4354 0.204408
60.4691 0.204232
60.4799 0.203953
60.6069 0.203709
60.6093 0.20362
60.6117 0.203418
60.6141 0.203365
60.6249 0.203195
60.6273 0.20317
60.6297 0.203024
60.6321 0.203021
60.6345 0.203018
60.6381 0.203016
60.6826 0.203014
60.8096 0.203012
60.812 0.202886
60.8144 0.2029
60.8168 0.202788
60.8276 0.202814
60.83 0.202837
60.8324 0.202858
60.8348 0.20275
60.8372 0.202782
60.8408 0.202684
60.8853 0.202723
60.8877 0.203008
61.0123 0.203007
61.0147 0.203006
61.0171 0.203005
61.0195 0.203005
61.0303 0.203004
61.0327 0.202879
61.0351 0.202894
61.0375 0.202907
61.0399 0.202794
61.0435 0.202819
61.088 0.202717
61.0904 0.202752
61.215 0.202658
61.2174 0.202701
61.2198 0.202613
61.2222 0.202662
61.233 0.202704
61.2354 0.202741
61.2378 0.202648
61.2402 0.202692
61.2426 0.202731
61.2462 0.202764
61.2907 0.202794
61.2931 0.20282
61.4177 0.202842
61.4201 0.202862
61.4225 0.202879
61.4249 0.202769
61.4357 0.202673
61.4381 0.202714
61.4405 0.20275
61.4429 0.202656
61.4453 0.202699
61.4489 0.202612
61.4934 0.20266
61.4958 0.202578
61.6204 0.20263
61.6228 0.202552
61.6252 0.202608
61.6276 0.202657
61.6384 0.2027
61.6408 0.202612
61.6432 0.202661
61.6456 0.202703
61.648 0.20274
61.6516 0.202773
61.6961 0.202801
61.6985 0.202826
61.8231 0.202848
61.8255 0.202867
61.8279 0.202758
61.8303 0.202789
61.8411 0.202815
61.8435 0.202838
61.8459 0.202733
61.8483 0.202767
61.8507 0.202671
61.8543 0.202712
61.8988 0.202623
61.9012 0.20267
62.0258 0.202586
62.0282 0.202638
62.0306 0.202683
62.033 0.202598
62.0438 0.202523
62.0462 0.202583
62.0486 0.202635
62.051 0.202681
62.0534 0.20272
62.057 0.202755
62.1015 0.202786
62.1039 0.202688
62.2285 0.202727
62.2309 0.202636
62.2333 0.202681
62.2357 0.202721
62.2465 0.202756
62.2489 0.202662
62.2513 0.202704
62.2537 0.202616
62.2561 0.202664
62.2597 0.202581
62.3042 0.202633
62.3066 0.202679
62.4312 0.202719
62.4336 0.202754
62.436 0.20266
62.4384 0.202703
62.4492 0.20274
62.4516 0.202772
62.454 0.202676
62.4564 0.202716
62.4588 0.202627
62.4624 0.202673
62.5069 0.202589
62.5093 0.202641
62.6339 0.20256
62.6363 0.202615
62.6387 0.202663
62.6411 0.202706
62.6519 0.202617
62.6543 0.202665
62.6567 0.202707
62.6591 0.202744
62.6615 0.202776
62.6651 0.202804
62.7096 0.202828
62.712 0.202725
62.8365 0.202759
62.839 0.202664
62.8414 0.202706
62.8438 0.202618
62.8546 0.202666
62.857 0.202582
62.8594 0.202635
62.8618 0.202555
62.8642 0.202611
62.8678 0.202535
62.9123 0.202593
63.038 0.218144
63.0404 0.216376
63.0428 0.214829
63.0453 0.213475
63.0561 0.213416
63.0585 0.212239
63.0609 0.211209
63.0633 0.210308
63.0657 0.209519
63.0693 0.208954
63.1138 0.213585
63.2395 0.227762
63.2419 0.224667
63.2443 0.222333
63.2467 0.220292
63.2491 0.21863
63.2516 0.217051
63.2588 0.21517
63.2612 0.213649
63.2636 0.212318
63.266 0.211028
63.2684 0.210024
63.272 0.209021
63.3164 0.208269
63.4422 0.20761
63.4446 0.207034
63.447 0.20653
63.4494 0.206088
63.4518 0.205577
63.4542 0.205255
63.4615 0.204973
63.4639 0.204602
63.4687 0.204401
63.4711 0.204226
63.4747 0.204073
63.5191 0.203939
63.6437 0.219321
63.6461 0.217406
63.6485 0.215731
63.6509 0.214139
63.6533 0.212872
63.6557 0.211763
63.663 0.211292
63.6654 0.210381
63.6702 0.209958
63.6726 0.209214
63.675 0.208812
63.6774 0.20846
63.7206 0.213153
63.723 0.212009
63.8464 0.210883
63.8488 0.210147
63.8512 0.209504
63.8536 0.208941
63.856 0.208573
63.8584 0.208127
63.8644 0.208236
63.8668 0.207706
63.8717 0.207493
63.8741 0.207056
63.8765 0.206674
63.8789 0.20634
63.9221 0.211173
63.9245 0.210276
64.0479 0.224491
64.0503 0.22193
64.0527 0.219689
64.0551 0.217728
64.0575 0.216012
64.0599 0.214385
64.0623 0.213087
64.0671 0.211826
64.0695 0.210723
64.0744 0.209758
64.0768 0.208788
64.0792 0.208064
64.0816 0.207431
64.1248 0.206752
64.1272 0.206533
64.2494 0.221342
64.2518 0.219174
64.2542 0.217277
64.2566 0.215618
64.259 0.214165
64.2614 0.212895
64.2638 0.211783
64.2662 0.21081
64.2698 0.209709
64.2722 0.20887
64.277 0.208136
64.2794 0.207494
64.2819 0.206808
64.2843 0.206332
64.3275 0.205915
64.3299 0.205426
64.4521 0.205123
64.4545 0.205107
64.4569 0.205094
64.4605 0.205207
64.6692 0.204931
64.6728 0.204565
64.6764 0.204369
64.6812 0.204198
64.6848 0.203923
64.6885 0.203808
64.7329 0.203582
64.8575 0.203509
64.8623 0.203446
64.8647 0.203265
64.8671 0.203232
64.8695 0.203203
64.8719 0.203052
64.8743 0.203296
64.8767 0.203384
64.8791 0.203336
64.8839 0.203169
64.8875 0.203148
64.8911 0.203129
64.9356 0.203113
65.0602 0.203099
65.0638 0.203462
65.0662 0.203529
65.0686 0.203838
65.071 0.204233
65.0734 0.204454
65.0758 0.204647
65.0782 0.204941
65.0806 0.205074
65.083 0.205314
65.0854 0.2054
65.089 0.205475
65.0926 0.205416
65.095 0.205239
65.1383 0.204959
65.2629 0.204589
65.2653 0.20464
65.2677 0.20456
65.2701 0.20449
65.2725 0.204429
65.2749 0.20425
65.2773 0.204219
65.2797 0.204192
65.2821 0.204168
65.2845 0.204147
65.2869 0.204003
65.2905 0.204128
65.2941 0.204237
65.2965 0.204207
65.3398 0.209181
65.4644 0.223784
65.4668 0.221311
65.4692 0.219147
65.4716 0.217254
65.474 0.215597
65.4764 0.214147
65.4788 0.212879
65.4812 0.211769
65.4836 0.210798
65.486 0.209948
65.4884 0.209205
65.4908 0.208554
65.4932 0.20786
65.4968 0.207127
65.4992 0.206611
65.5425 0.20616
65.6659 0.22114
65.6683 0.218997
65.6707 0.217123
65.6731 0.215482
65.6755 0.214047
65.6779 0.212666
65.6803 0.211583
65.6827 0.210635
65.6851 0.209806
65.6875 0.20908
65.6899 0.20832
65.6923 0.20778
65.6947 0.207307
65.6983 0.207019
65.7007 0.206642
65.744 0.211311
65.7464 0.210398
65.8686 0.209473
65.871 0.208539
65.8734 0.207846
65.8758 0.207116
65.8782 0.206601
65.8806 0.206151
65.883 0.205632
65.8854 0.205303
65.8878 0.20489
65.8902 0.204654
65.8926 0.204447
65.895 0.204266
65.8974 0.204108
65.901 0.20397
65.9034 0.203848
65.9467 0.203742
65.9491 0.203649
66.0713 0.203568
66.0737 0.203747
66.0761 0.204029
66.0785 0.20415
66.0809 0.204256
66.0833 0.204349
66.0857 0.204431
66.0881 0.204627
66.0905 0.204674
66.0929 0.204714
66.0953 0.20475
66.0977 0.204781
66.1001 0.204809
66.1025 0.204833
66.1049 0.204603
66.1482 0.209653
66.1506 0.208946
66.274 0.223328
66.4827 0.220787
66.4863 0.218564
66.4899 0.216493
66.4935 0.214807
66.4971 0.213331
66.5007 0.211914
66.5043 0.2108
66.5091 0.209825
66.5524 0.208972
66.5548 0.2081
66.677 0.222338
66.6794 0.219921
66.6818 0.217681
66.6854 0.215846
66.6878 0.21449
66.6902 0.213179
66.6926 0.211906
66.6962 0.210793
66.6998 0.209694
66.7034 0.208857
66.7118 0.208
66.7551 0.207375
66.7575 0.206828
66.8797 0.20635
66.8821 0.206306
66.8845 0.206143
66.8869 0.206
66.8893 0.20575
66.8929 0.205656
67.2959 0.205199
67.2983 0.204924
67.3007 0.204559
67.3055 0.204364
67.3103 0.204193
67.3187 0.203919
67.4842 0.219179
67.4878 0.217282
67.4902 0.215497
67.4938 0.21381
67.4962 0.212458
67.4986 0.211276
67.501 0.210492
67.5034 0.209805
67.507 0.209329
67.5118 0.208913
67.5202 0.209049
67.6857 0.228793
67.6881 0.225694
67.6905 0.222857
67.6929 0.22025
67.6965 0.218094
67.6989 0.216082
67.7013 0.214447
67.7037 0.213016
67.7061 0.211764
67.7097 0.210668
67.7145 0.20971
67.7229 0.208746
67.8884 0.208028
67.8908 0.207274
67.8932 0.20674
67.8956 0.206273
67.8992 0.205864
67.9016 0.205506
67.904 0.205067
67.9064 0.204809
67.9088 0.204458
67.9112 0.204526
67.916 0.20471
67.9244 0.205371
68.0899 0.225575
68.0923 0.222878
68.0947 0.220518
68.0971 0.218453
68.1007 0.216772
68.1031 0.215175
68.1055 0.213778
68.1079 0.212556
68.1103 0.211487
68.1127 0.210551
68.1175 0.209982
68.1259 0.209984
68.2914 0.229611
68.2938 0.22641
68.2962 0.223609
68.2986 0.221157
68.301 0.218888
68.3034 0.216902
68.3082 0.215164
68.3106 0.213644
68.313 0.212188
68.3154 0.21104
68.3202 0.210035
68.3286 0.209155
68.494 0.208386
68.4965 0.207713
68.4989 0.206999
68.5013 0.206499
68.5037 0.206061
68.5061 0.205679
68.5109 0.205219
68.5133 0.205192
68.5157 0.205168
68.5181 0.205272
68.5229 0.204863
68.5313 0.20463
68.6967 0.204301
68.6991 0.204138
68.7016 0.203996
68.704 0.203747
68.7064 0.203653
68.7088 0.203447
68.7136 0.203391
68.716 0.203217
68.7184 0.20319
68.7208 0.203041
68.7256 0.203036
68.728 0.203281
68.734 0.203121
68.8994 0.203106
68.9018 0.202968
68.9042 0.202972
68.9066 0.202975
68.9091 0.202978
68.9115 0.202981
68.9163 0.202984
68.9187 0.202986
68.9211 0.202987
68.9235 0.202989
68.9283 0.20299
68.9307 0.202992
68.9367 0.202993
69.1021 0.202994
69.1045 0.202994
69.1093 0.202995
69.1117 0.202871
69.1142 0.202887
69.119 0.202776
69.1214 0.202804
69.1238 0.202703
69.1262 0.202741
69.131 0.202648
69.1334 0.202692
69.1394 0.20273
69.3048 0.202639
69.3072 0.202684
69.312 0.202724
69.3144 0.203008
69.3168 0.203257
69.3193 0.203475
69.3217 0.203416
69.3241 0.203364
69.3265 0.203318
69.3289 0.203153
69.709 0.203134
69.715 0.203493
69.7186 0.203431
69.7222 0.203377
69.7271 0.20333
69.7295 0.203289
69.7319 0.203128
69.7367 0.203362
69.7391 0.203316
69.9105 0.224527
69.9129 0.221836
69.9177 0.219357
69.9201 0.217562
69.9237 0.215992
69.9285 0.214743
69.9309 0.213275
69.9334 0.212116
69.9358 0.211101
69.9394 0.210088
69.9418 0.209077
70.1144 0.208443
70.3243 0.207762
70.3315 0.207417
70.3351 0.206865
70.34 0.206257
70.3436 0.20585
70.346 0.205369
70.5186 0.205072
70.521 0.204813
70.5258 0.204962
70.533 0.205467
70.5366 0.205408
70.5414 0.205482
70.5451 0.205547
70.5475 0.205354
70.7201 0.226559
70.7225 0.223739
70.7249 0.221147
70.7285 0.218879
70.7357 0.216769
70.7393 0.215048
70.7441 0.213542
70.7478 0.212099
70.7502 0.210962
70.9228 0.209841
70.9252 0.209236
70.9276 0.208707
70.93 0.208368
70.9372 0.208447
70.9408 0.208016
70.9456 0.207764
70.9492 0.207419
70.9517 0.206991
71.1243 0.227868
71.1267 0.224884
71.1291 0.222274
71.1315 0.219989
71.1387 0.218491
71.1423 0.216804
71.1471 0.215579
71.1507 0.214256
71.1531 0.212974
71.3258 0.233103
71.3282 0.229465
71.3306 0.226282
71.333 0.223496
71.3402 0.221684
71.3438 0.219599
71.3486 0.217899
71.3522 0.216287
71.3546 0.214751
71.5273 0.234657
71.5297 0.230825
71.5321 0.227472
71.5345 0.224538
71.5417 0.222471
71.5453 0.220287
71.5501 0.218626
71.5537 0.216923
71.5561 0.215307
71.7288 0.235144
71.7312 0.231251
71.7336 0.227845
71.736 0.224739
71.7432 0.222772
71.7468 0.22055
71.7516 0.218731
71.7552 0.217015
71.7576 0.215388
71.9303 0.235215
71.9327 0.231313
71.9351 0.227899
71.9375 0.224911
71.9447 0.222922
71.9483 0.220682
71.9531 0.218972
71.9567 0.217225
71.9591 0.215572
72.1318 0.235376
72.1342 0.231454
72.1366 0.228022
72.139 0.224894
72.1462 0.222907
72.1498 0.220669
72.1546 0.218835
72.1582 0.217106
72.1606 0.215468
72.3333 0.235284
72.3357 0.231374
72.3381 0.227952
72.3405 0.224958
72.3477 0.222963
72.3513 0.220718
72.3561 0.219003
72.3597 0.217253
72.3621 0.215596
72.7507 0.214897
72.963 0.21341
72.9666 0.212483
73.1429 0.211548
73.1549 0.210354
73.1645 0.20956
73.1669 0.208865
73.1693 0.208132
73.3444 0.229365
73.3564 0.227445
73.366 0.225389
73.3684 0.222716
73.3708 0.220376
73.5459 0.239829
73.5579 0.236475
73.5675 0.233291
73.5699 0.22963
73.5723 0.226426
73.9741 0.223498
73.9765 0.220935
74.1516 0.218694
74.1636 0.216732
74.1768 0.21489
74.1792 0.213654
74.3531 0.234072
74.3651 0.231563
74.3783 0.229493
74.3807 0.226306
74.5545 0.244893
74.5569 0.239656
74.5677 0.234949
74.581 0.230831
74.5834 0.227352
74.7572 0.224308
74.7596 0.221644
74.7704 0.219314
74.7825 0.218775
74.7849 0.216928
74.9587 0.236687
74.9611 0.232601
74.9719 0.230026
74.9839 0.227898
74.9863 0.22491
75.1602 0.243797
75.1626 0.238822
75.1734 0.235469
75.1854 0.232786
75.1878 0.229187
75.3641 0.226039
75.3749 0.224284
75.3869 0.222874
75.3893 0.220514
75.5656 0.2402
75.568 0.235675
75.5764 0.232716
75.5884 0.230376
75.5908 0.227079
75.7671 0.245944
75.7695 0.240701
75.7779 0.236739
75.7899 0.233771
75.7923 0.23005
75.9686 0.248544
75.971 0.242976
75.9794 0.238854
75.9926 0.235872
76.3824 0.232513
76.3968 0.228699
76.3992 0.225612
76.5839 0.24566
76.8034 0.240328
76.9881 0.235662
76.9905 0.231579
77.0049 0.229632
77.1896 0.249178
77.1932 0.243655
77.5974 0.238573
77.6106 0.234127
77.7989 0.253486
77.8013 0.2473
77.8133 0.241763
78.0016 0.236917
78.004 0.232553
78.016 0.228859
78.2031 0.249001
78.2055 0.243376
78.2175 0.239704
78.4046 0.258241
78.407 0.251336
78.419 0.246544
78.6061 0.264351
78.6085 0.256807
78.6205 0.251456
78.8088 0.268774
79.213 0.260427
79.2154 0.253249
79.4145 0.271718
79.4169 0.263253
79.4193 0.255846
79.6172 0.249241
79.6196 0.243711
79.622 0.238872
79.8187 0.258888
79.8211 0.252027
79.8235 0.246023
80.0201 0.265146
80.0226 0.257502
80.025 0.25069
80.2216 0.269103
80.224 0.260965
80.2264 0.253845
80.4231 0.271989
80.4255 0.263491
80.4279 0.255929
80.6246 0.273688
80.627 0.264977
80.6294 0.257355
80.8261 0.275061
80.8285 0.266178
80.8309 0.258281
81.0276 0.275746
81.03 0.266777
81.0324 0.25893
81.2291 0.276439
81.2315 0.267384
81.2339 0.259336
81.4306 0.276669
81.433 0.267585
81.4354 0.259637
81.6321 0.277058
81.6345 0.267925
81.6369 0.25981
81.8336 0.277084
81.836 0.267823
81.8384 0.259845
82.0351 0.27724
82.0375 0.268085
82.0399 0.260074
82.2366 0.277315
82.239 0.268025
82.2414 0.260022
82.4381 0.277394
82.4405 0.26822
82.4429 0.260193
82.4453 0.253169
82.6408 0.246772
82.6432 0.241301
82.6456 0.236513
82.648 0.232199
82.8435 0.228549
82.8459 0.225606
82.8507 0.22303
83.045 0.244776
83.0474 0.239679
83.0498 0.235219
83.0534 0.231192
83.0558 0.227918
83.2477 0.224803
83.2501 0.222453
83.2525 0.220271
83.2549 0.218362
83.2573 0.216567
83.4491 0.238746
83.4515 0.234403
83.454 0.230477
83.4564 0.227418
83.4588 0.224741
83.4612 0.222523
83.6506 0.243833
83.653 0.238854
83.8642 0.234372
84.0548 0.230325
84.0572 0.22691
84.0596 0.223921
84.062 0.221306
84.0645 0.219018
84.0669 0.21689
84.2563 0.238779
84.2587 0.234432
84.2611 0.230628
84.2635 0.227299
84.2659 0.224262
84.2683 0.221729
84.2708 0.219513
84.459 0.217449
84.4614 0.215643
84.4638 0.213937
84.4662 0.21257
84.4686 0.211374
84.471 0.210327
84.4734 0.209411
84.6617 0.208485
84.6641 0.208049
84.6665 0.207668
84.6689 0.207335
84.6713 0.207043
84.6737 0.206787
84.6761 0.206564
84.8632 0.229494
84.8656 0.226307
84.868 0.223518
84.8704 0.221079
84.8728 0.218944
84.8752 0.217076
84.8776 0.215441
84.88 0.214011
85.0659 0.21251
85.0683 0.211321
85.0707 0.210156
85.0731 0.209261
85.0755 0.208479
85.0779 0.207669
85.0803 0.207085
85.0827 0.20645
85.2686 0.206018
85.271 0.205641
85.2734 0.205311
85.2758 0.204897
85.2782 0.20466
85.2806 0.204452
85.283 0.204271
85.2854 0.204112
85.4725 0.204098
85.6812 0.203961
85.686 0.203841
85.6884 0.203736
85.8755 0.226644
85.8779 0.223563
85.8803 0.220993
85.8839 0.218619
85.8899 0.216666
86.077 0.238083
86.0794 0.233823
86.0818 0.230095
86.0842 0.226833
86.0866 0.223854
86.0926 0.221247
86.095 0.219341
86.2797 0.217299
86.2821 0.215511
86.2845 0.213947
86.2869 0.212454
86.2893 0.211272
86.2953 0.210238
86.2977 0.209583
86.4812 0.231635
86.4836 0.228181
86.486 0.225033
86.4884 0.222404
86.4908 0.220104
86.4968 0.218466
86.4992 0.216658
86.6827 0.2377
86.6851 0.233488
86.6875 0.229802
86.6899 0.226577
86.6923 0.223755
86.6947 0.221285
86.6995 0.219
86.7019 0.216875
86.8854 0.21514
86.8878 0.213498
86.8902 0.212186
86.8926 0.211037
86.895 0.209908
86.8974 0.209044
86.9022 0.208289
86.9046 0.207628
87.0881 0.207049
87.0905 0.206543
87.0929 0.205975
87.0953 0.205603
87.0977 0.205278
87.1001 0.204993
87.1061 0.204869
87.4959 0.20451
87.5007 0.204322
87.5043 0.204281
87.5091 0.204621
87.5115 0.204419
87.6938 0.204116
87.6986 0.203977
87.7022 0.204355
87.7058 0.204435
87.7106 0.204631
87.713 0.204427
87.8953 0.226874
87.8977 0.224014
87.9013 0.221388
87.9049 0.218964
87.9085 0.216969
87.9133 0.215223
87.9157 0.213695
88.098 0.212233
88.1004 0.211079
88.104 0.209944
88.1076 0.209076
88.11 0.208566
88.1148 0.208246
88.1172 0.207715
88.2994 0.229751
88.3019 0.226532
88.3055 0.22384
88.3091 0.22161
88.3115 0.219409
88.3163 0.217858
88.3187 0.216126
88.5009 0.236985
88.5033 0.232862
88.5057 0.229254
88.5082 0.225972
88.5118 0.222976
88.5142 0.220479
88.519 0.218169
88.5214 0.216273
88.7036 0.214614
88.706 0.213162
88.7084 0.211892
88.7108 0.210655
88.7145 0.209698
88.7169 0.208736
88.7217 0.208019
88.7241 0.207392
88.9063 0.206843
88.9087 0.206237
88.9111 0.205833
88.9135 0.205479
88.9171 0.205169
88.9195 0.204898
88.9244 0.20466
88.9268 0.204328
89.109 0.204162
89.1114 0.204017
89.1138 0.203765
89.1162 0.203669
89.1198 0.20346
89.1222 0.203403
89.1271 0.203352
89.1295 0.203308
89.3117 0.203145
89.3141 0.203127
89.3165 0.203111
89.3189 0.202972
89.3225 0.202976
89.3249 0.202854
89.3297 0.202747
89.3321 0.202779
89.5144 0.202806
89.5168 0.202705
89.5192 0.202742
89.5216 0.202774
89.5252 0.202803
89.5276 0.202827
89.5337 0.202974
89.9282 0.203102
89.9306 0.203089
89.9367 0.203453
89.9391 0.203397
90.1237 0.203722
90.1273 0.203632
90.1309 0.203428
90.1333 0.203624
90.1381 0.204171
90.1406 0.20415
90.3252 0.226881
90.3276 0.224021
90.33 0.221393
90.3336 0.219094
90.336 0.217082
90.3408 0.215197
90.3432 0.213672
90.5279 0.212213
90.5303 0.211062
90.5327 0.209929
90.5363 0.209063
90.5387 0.20818
90.5423 0.207908
90.5447 0.207419
90.7294 0.229742
90.7318 0.226524
90.7342 0.223708
90.7378 0.22137
90.7402 0.219199
90.7438 0.217424
90.7462 0.215746
90.9309 0.237028
90.9333 0.232899
90.9357 0.229287
90.9381 0.226126
90.9405 0.223235
90.9429 0.220581
90.9465 0.218383
90.9489 0.216335
91.1336 0.214668
91.136 0.21321
91.1384 0.211934
91.1408 0.210692
91.1432 0.20973
91.1456 0.208889
91.1492 0.208153
91.1516 0.207509
91.3363 0.206945
91.3387 0.206327
91.3411 0.205911
91.3435 0.205547
91.3459 0.205104
91.3483 0.204841
91.3519 0.204486
91.3543 0.2043
91.539 0.204013
91.5414 0.203886
91.5438 0.20365
91.5462 0.203569
91.5486 0.203498
91.551 0.203436
91.5546 0.203381
91.557 0.203334
91.7417 0.203292
91.7441 0.203255
91.7465 0.203223
91.7489 0.20307
91.7513 0.203062
91.7537 0.202929
91.7573 0.202938
91.7597 0.202821
91.9444 0.202843
91.9468 0.202738
91.9492 0.20277
91.9516 0.202799
91.954 0.202699
91.9564 0.202737
91.96 0.20277
91.9624 0.202799
92.1471 0.202824
92.1495 0.202846
92.1519 0.20274
92.1543 0.202773
92.1567 0.202801
92.1591 0.202826
92.1627 0.202723
92.1651 0.202757
92.3498 0.202663
92.3522 0.202705
92.3546 0.202742
92.357 0.202649
92.3594 0.202693
92.3618 0.202606
92.3654 0.202655
92.3678 0.202574
92.5525 0.202627
92.5549 0.202548
92.5573 0.202605
92.5597 0.202654
92.5621 0.202698
92.5645 0.202735
92.5681 0.202768
92.5705 0.202797
92.7552 0.202823
92.7576 0.202845
92.76 0.202739
92.7624 0.202772
92.7648 0.202675
92.7672 0.202716
92.7708 0.202626
92.7732 0.202673
92.9579 0.202589
92.9603 0.20264
92.9627 0.202685
92.9651 0.202725
92.9675 0.202759
92.9699 0.202664
92.9735 0.202706
92.9759 0.202618
93.1606 0.202666
93.163 0.202582
93.1654 0.202635
93.1678 0.202555
93.1702 0.202611
93.1726 0.20266
93.1762 0.202702
93.1786 0.202739
93.3632 0.202772
93.3657 0.2028
93.3681 0.202825
93.3705 0.202847
93.3729 0.202741
93.3753 0.202774
93.3801 0.202927
93.7711 0.202936
93.7759 0.202819
93.7783 0.202842
93.7831 0.203236
93.7855 0.203207
93.9689 0.203056
93.9774 0.203424
93.9798 0.203496
93.9846 0.203809
93.987 0.203708
94.3864 0.203869
94.3888 0.203636
94.3912 0.203556
94.5746 0.203487
94.577 0.203426
94.589 0.203373
94.5915 0.203326
94.5939 0.20316
94.7773 0.20314
94.7797 0.203373
94.7905 0.204576
94.7942 0.204629
95.1935 0.205425
95.1972 0.205247
95.1996 0.204966
95.202 0.204596
95.3962 0.204396
95.3987 0.204472
95.4011 0.204413
95.4035 0.204361
95.4059 0.204316
95.5989 0.204026
95.6013 0.203898
95.6038 0.203661
95.6062 0.203578
95.6086 0.203506
95.8016 0.203443
95.804 0.203762
95.8076 0.204042
96.207 0.203912
96.2106 0.203923
96.213 0.203807
96.2154 0.203707
96.4097 0.203493
96.4121 0.203682
96.4145 0.203721
96.4169 0.203631
96.6112 0.227677
96.6136 0.224718
96.616 0.222128
96.6184 0.219862
96.6208 0.217879
96.8163 0.216269
96.8187 0.214861
96.8211 0.213628
96.8235 0.21255
97.0178 0.235606
97.0202 0.231655
97.0226 0.228448
97.025 0.225767
97.0274 0.223296
97.2193 0.244884
97.2217 0.239774
97.2241 0.235302
97.2265 0.231389
97.2289 0.227841
97.4208 0.248486
97.4232 0.242925
97.4256 0.238059
97.428 0.233802
97.4304 0.230077
97.8322 0.226692
97.8346 0.223731
98.0265 0.221139
98.0289 0.218747
98.0349 0.216653
98.0373 0.215197
98.228 0.237422
98.2316 0.233369
98.6322 0.229573
98.6346 0.226252
98.6394 0.223595
98.6418 0.220896
99.046 0.218534
99.2391 0.216592
99.2415 0.214893
99.2487 0.213406
99.4418 0.211981
99.4442 0.211108
99.4502 0.210845
99.6433 0.233864
99.6457 0.230131
99.6481 0.226865
99.6529 0.223757
99.846 0.221037
99.8484 0.218782
99.8508 0.216685
