0.1 0.00448
0.2 0
0.3 1.20416
0.4 0
0.5 2.16
0.6 0
0.7 4.32
0.8 0
0.9 8.64
1 0
1.1 6.6
1.2 0
1.3 6.12
1.4 0
1.5 5.04
1.6 0
1.7 5.16
1.8 0
1.9 5.4
2 0
2.1 5.16
2.2 0.24
2.3 5.16
2.4 0.48
2.5 4.8
2.6 0.84
2.7 4.8
2.8 0.96
2.9 4.44
3 1.44
3.1 4.32
3.2 1.44
3.3 4.08
3.4 1.68
3.5 4.08
3.6 1.68
3.7 3
3.8 1.2
3.9 3.12
4 0.84
4.1 2.04
4.2 1.08
4.3 1.56
4.4 0.72
4.5 1.56
4.6 0.72
4.7 1.2
4.8 0.48
4.9 1.2
5 0.6
5.1 1.2
5.2 0.72
5.3 1.32
5.4 0.72
5.5 1.2
5.6 0.72
5.7 1.2
5.8 0.72
5.9 1.2
6 0.72
6.1 1.2
6.2 0.6
6.3 0.72
6.4 0.72
6.5 0.72
6.6 0.72
6.7 0.6
6.8 0.48
6.9 0.6
7 0.48
7.1 0.84
7.2 0.48
7.3 0.72
7.4 0.48
7.5 0.36
7.6 0.48
7.7 0.36
7.8 0.6
7.9 0.48
8 0.6
8.1 0.48
8.2 0.72
8.3 0.6
8.4 0.72
8.5 0.48
8.6 0.72
8.7 0.48
8.8 0.72
8.9 0.48
9 0.36
9.1 0.48
9.2 0.48
9.3 0.6
9.4 0.48
9.5 0.6
9.6 0.48
9.7 0.72
9.8 0.6
9.9 0.72
10 0.48
10.1 0.72
10.2 0.48
10.3 0.48
10.4 0.72
10.5 0.24
10.6 0.96
10.7 0.24
10.8 0.96
10.9 0
11 1.2
11.1 0
11.2 1.2
11.3 0
11.4 1.2
11.5 0
11.6 1.2
11.7 0
11.8 1.2
11.9 0
12 1.2
12.1 0
12.2 1.2
12.3 0
12.4 1.2
12.5 0
12.6 1.32
12.7 0
12.8 1.44
12.9 0
13 1.56
13.1 0
13.2 1.56
13.3 0
13.4 1.8
13.5 0
13.6 1.68
13.7 0
13.8 1.68
13.9 0
14 1.56
14.1 0
14.2 1.8
14.3 0
14.4 1.8
14.5 0
14.6 1.56
14.7 0.48
14.8 1.44
14.9 0.48
15 1.56
15.1 0.48
15.2 1.68
15.3 0.48
15.4 1.68
15.5 0.48
15.6 1.68
15.7 0.48
15.8 1.68
15.9 0.48
16 1.68
16.1 0.48
16.2 1.68
16.3 0.48
16.4 1.68
16.5 0.48
16.6 1.68
16.7 0.48
16.8 1.68
16.9 0.48
17 1.68
17.1 0.24
17.2 1.2
17.3 0.24
17.4 1.44
17.5 0.24
17.6 1.56
17.7 0.24
17.8 1.56
17.9 0.24
18 1.8
18.1 0.24
18.2 1.68
18.3 0.24
18.4 1.8
18.5 0.24
18.6 1.2
18.7 0.24
18.8 1.32
18.9 0.24
19 1.32
19.1 0.48
19.2 1.32
19.3 0.48
19.4 1.32
19.5 0.72
19.6 0.48
19.7 0.84
19.8 0.48
19.9 0.96
20 0.48
20.1 0.96
20.2 0.48
20.3 1.08
20.4 0.48
20.5 1.2
20.6 0.24
20.7 1.44
20.8 0
20.9 1.68
21 0
21.1 1.68
21.2 0
21.3 1.68
21.4 0
21.5 1.68
21.6 0
21.7 1.68
21.8 0
21.9 1.68
22 0
22.1 1.68
22.2 0
22.3 1.68
22.4 0
22.5 1.68
22.6 0
22.7 1.68
22.8 0
22.9 1.68
23 0
23.1 1.56
23.2 0.24
23.3 1.44
23.4 0.36
23.5 1.44
23.6 0.48
23.7 1.56
23.8 0.48
23.9 1.56
24 0.6
24.1 1.56
24.2 0.48
24.3 1.2
24.4 0.6
24.5 1.44
24.6 0.48
24.7 1.56
24.8 0.48
24.9 1.68
25 0.6
25.1 1.68
25.2 0.48
25.3 1.56
25.4 0.36
25.5 1.44
25.6 0.36
25.7 1.56
25.8 0.48
25.9 1.56
26 0.48
26.1 1.8
26.2 0.48
26.3 1.68
26.4 0.48
26.5 1.8
26.6 0.48
26.7 1.92
26.8 0.48
26.9 1.92
27 0.48
27.1 1.92
27.2 0.48
27.3 1.92
27.4 0.48
27.5 1.92
27.6 0.48
27.7 1.92
27.8 0.48
27.9 1.68
28 0.72
28.1 1.2
28.2 1.2
28.3 0.96
28.4 1.44
28.5 0.72
28.6 1.68
28.7 0.48
28.8 1.2
28.9 0.24
29 1.56
29.1 0.36
29.2 1.68
29.3 0.36
29.4 1.68
29.5 0
29.6 2.28
29.7 0
29.8 2.16
29.9 0
30 2.28
30.1 0
30.2 2.4
30.3 0
30.4 1.92
30.5 0
30.6 1.92
30.7 0
30.8 2.04
30.9 0
31 2.04
31.1 0
31.2 2.28
31.3 0
31.4 2.16
31.5 0
31.6 2.28
31.7 0
31.8 2.4
31.9 0
32 2.4
32.1 0
32.2 2.16
32.3 0.24
32.4 2.16
32.5 0.24
32.6 2.16
32.7 0.24
32.8 2.16
32.9 0.24
33 1.8
33.1 0.12
33.2 1.56
33.3 0.36
33.4 1.56
33.5 0.48
33.6 1.56
33.7 0.48
33.8 1.8
33.9 0.48
34 1.44
34.1 0.36
34.2 1.32
34.3 0.36
34.4 1.44
34.5 0.24
34.6 1.32
34.7 0.48
34.8 1.44
34.9 0.48
35 1.44
35.1 0.48
35.2 1.44
35.3 0.48
35.4 1.44
35.5 0.48
35.6 1.44
35.7 0.36
35.8 0.96
35.9 0.48
36 0.72
36.1 0.36
36.2 0.84
36.3 0.36
36.4 0.96
36.5 0.24
36.6 0.96
36.7 0.24
36.8 0.96
36.9 0.24
37 0.96
37.1 0.24
37.2 0.36
37.3 0.36
37.4 0.36
37.5 0.6
37.6 0.36
37.7 0.72
37.8 0.36
37.9 0.72
38 0.24
38.1 1.08
38.2 0
38.3 1.2
38.4 0
38.5 1.2
38.6 0
38.7 1.2
38.8 0
38.9 1.2
39 0
39.1 1.2
39.2 0
39.3 1.2
39.4 0
39.5 1.2
39.6 0
39.7 1.2
39.8 0
39.9 1.2
40 0
40.1 1.2
40.2 0
40.3 1.2
40.4 0
40.5 1.2
40.6 0
40.7 1.2
40.8 0
40.9 1.32
41 0
41.1 1.44
41.2 0
41.3 1.44
41.4 0
41.5 1.2
41.6 0
41.7 0.96
41.8 0.12
41.9 0.36
42 0.48
42.1 0.24
42.2 0.72
42.3 0.24
42.4 0.84
42.5 0.24
42.6 0.72
42.7 0.24
42.8 0.72
42.9 0.24
43 0.72
43.1 0.24
43.2 0.72
43.3 0.24
43.4 0.72
43.5 0.24
43.6 0.72
43.7 0.24
43.8 0.72
43.9 0.24
44 0.72
44.1 0.24
44.2 0.72
44.3 0.24
44.4 0.72
44.5 0.24
44.6 0.72
44.7 0.24
44.8 0.72
44.9 0.24
45 0.72
45.1 0.36
45.2 0.72
45.3 0.48
45.4 0.84
45.5 0.48
45.6 0.72
45.7 0.6
45.8 0.72
45.9 0.84
46 0.84
46.1 0.84
46.2 0.96
46.3 0.84
46.4 1.08
46.5 0.84
46.6 1.32
46.7 1.08
46.8 1.32
46.9 1.44
47 1.2
47.1 1.68
47.2 1.32
47.3 1.8
47.4 1.8
47.5 1.2
47.6 2.76
47.7 0.84
47.8 1.92
47.9 0.6
48 2.52
48.1 0.6
48.2 1.92
48.3 0
48.4 2.28
48.5 0
48.6 2.52
48.7 0
48.8 1.68
48.9 0
49 1.8
49.1 0
49.2 1.92
49.3 0
49.4 2.04
49.5 0
49.6 1.92
49.7 0
49.8 1.92
49.9 0
50 1.92
50.1 0
50.2 1.92
50.3 0
50.4 1.92
50.5 0
50.6 1.92
50.7 0
50.8 1.92
50.9 0
51 1.92
51.1 0
51.2 1.92
51.3 0
51.4 1.92
51.5 0
51.6 1.92
51.7 0
51.8 1.68
51.9 0.24
52 1.68
52.1 0.24
52.2 1.56
52.3 0.48
52.4 1.8
52.5 0.48
52.6 1.68
52.7 0.48
52.8 1.8
52.9 0.48
53 1.8
53.1 0.84
53.2 1.8
53.3 0.96
53.4 1.8
53.5 1.08
53.6 2.04
53.7 1.08
53.8 2.28
53.9 1.08
54 2.64
54.1 0.96
54.2 3
54.3 0.96
54.4 3.12
54.5 0.72
54.6 2.28
54.7 0.72
54.8 2.52
54.9 0.72
55 1.56
55.1 0.72
55.2 1.68
55.3 0.72
55.4 1.68
55.5 0.84
55.6 1.68
55.7 0.96
55.8 1.8
55.9 0.96
56 1.68
56.1 0.96
56.2 1.68
56.3 0.96
56.4 1.68
56.5 0.96
56.6 1.68
56.7 0.96
56.8 1.44
56.9 1.2
57 1.44
57.1 1.2
57.2 1.44
57.3 1.2
57.4 1.2
57.5 1.44
57.6 1.2
57.7 1.44
57.8 0.96
57.9 1.68
58 0.72
58.1 1.92
58.2 0.48
58.3 2.16
58.4 0.24
58.5 2.4
58.6 0.36
58.7 1.56
58.8 0.36
58.9 1.8
59 0.48
59.1 1.8
59.2 0.6
59.3 1.92
59.4 0.6
59.5 1.92
59.6 0.48
59.7 2.28
59.8 0.24
59.9 2.4
60 0
60.1 2.76
60.2 0
60.3 2.88
60.4 0
60.5 2.88
60.6 0
60.7 2.88
60.8 0
60.9 2.88
61 0
61.1 2.88
61.2 0
61.3 2.88
61.4 0
61.5 2.88
61.6 0
61.7 2.88
61.8 0
61.9 2.64
62 0.24
62.1 2.4
62.2 0.48
62.3 2.4
62.4 0.48
62.5 2.4
62.6 0.48
62.7 2.4
62.8 0.6
62.9 2.4
63 0.24
63.1 2.76
63.2 0.24
63.3 2.88
63.4 0.36
63.5 2.88
63.6 0.36
63.7 3
63.8 0.48
63.9 3
64 0.6
64.1 3.24
64.2 0.48
64.3 3.6
64.4 0.48
64.5 2.88
64.6 0.24
64.7 3.12
64.8 0.24
64.9 3.36
65 0.24
65.1 3.48
65.2 0.24
65.3 3.48
65.4 0.36
65.5 3.6
65.6 0.36
65.7 3.36
65.8 0.72
65.9 3.24
66 0.96
66.1 2.88
66.2 1.32
66.3 1.92
66.4 1.08
66.5 2.04
66.6 1.2
66.7 2.28
66.8 1.32
66.9 1.8
67 0.84
67.1 1.68
67.2 0.84
67.3 1.68
67.4 0.96
67.5 1.56
67.6 1.2
67.7 1.44
67.8 1.56
67.9 1.2
68 1.68
68.1 1.08
68.2 1.92
68.3 0.96
68.4 2.16
68.5 0.72
68.6 2.4
68.7 0.48
68.8 2.64
68.9 0.24
69 2.88
69.1 0
69.2 3.12
69.3 0
69.4 2.76
69.5 0
69.6 2.28
69.7 0
69.8 2.52
69.9 0
70 2.76
70.1 0
70.2 1.92
70.3 0
70.4 2.04
70.5 0
70.6 2.04
70.7 0
70.8 2.28
70.9 0
71 2.16
71.1 0
71.2 2.16
71.3 0
71.4 2.16
71.5 0
71.6 2.16
71.7 0
71.8 2.16
71.9 0
72 2.16
72.1 0
72.2 2.16
72.3 0
72.4 2.16
72.5 0
72.6 1.56
72.7 0
72.8 1.32
72.9 0
73 1.32
73.1 0
73.2 1.2
73.3 0
73.4 1.2
73.5 0
73.6 1.2
73.7 0
73.8 0.84
73.9 0
74 1.08
74.1 0
74.2 0.96
74.3 0
74.4 1.08
74.5 0
74.6 1.32
74.7 0
74.8 1.2
74.9 0
75 1.2
75.1 0
75.2 1.2
75.3 0
75.4 1.2
75.5 0
75.6 1.2
75.7 0
75.8 1.2
75.9 0
76 1.2
76.1 0
76.2 0.96
76.3 0
76.4 0.84
76.5 0
76.6 0.48
76.7 0.24
76.8 0.6
76.9 0.24
77 0.48
77.1 0.24
77.2 0.48
77.3 0.24
77.4 0.24
77.5 0.36
77.6 0.36
77.7 0.24
77.8 0.24
77.9 0.6
78 0
78.1 0.72
78.2 0
78.3 0.72
78.4 0
78.5 0.72
78.6 0
78.7 0.72
78.8 0
78.9 0.48
79 0
79.1 0.6
79.2 0
79.3 0.6
79.4 0
79.5 0.84
79.6 0
79.7 0.72
79.8 0
79.9 0.72
80 0
80.1 0.72
80.2 0
80.3 0.72
80.4 0
80.5 0.72
80.6 0
80.7 0.72
80.8 0
80.9 0.72
81 0
81.1 0.72
81.2 0
81.3 0.72
81.4 0
81.5 0.72
81.6 0
81.7 0.72
81.8 0
81.9 0.72
82 0
82.1 0.72
82.2 0
82.3 0.84
82.4 0
82.5 0.96
82.6 0
82.7 1.08
82.8 0
82.9 1.08
83 0
83.1 1.32
83.2 0
83.3 1.44
83.4 0
83.5 1.56
83.6 0
83.7 1.32
83.8 0
83.9 1.56
84 0
84.1 1.56
84.2 0
84.3 1.68
84.4 0
84.5 1.8
84.6 0
84.7 1.8
84.8 0
84.9 1.92
85 0
85.1 1.92
85.2 0
85.3 1.92
85.4 0
85.5 1.32
85.6 0
85.7 1.44
85.8 0
85.9 1.56
86 0
86.1 1.8
86.2 0
86.3 1.68
86.4 0
86.5 1.8
86.6 0
86.7 1.68
86.8 0.24
86.9 1.44
87 0.48
87.1 1.2
87.2 0.6
87.3 0.6
87.4 0.72
87.5 0.6
87.6 0.96
87.7 0.6
87.8 0.96
87.9 0.48
88 1.32
88.1 0.24
88.2 1.44
88.3 0.36
88.4 1.44
88.5 0
88.6 1.92
88.7 0
88.8 1.92
88.9 0
89 1.92
89.1 0
89.2 1.92
89.3 0
89.4 1.92
89.5 0
89.6 1.8
89.7 0
89.8 1.32
89.9 0
90 1.56
90.1 0
90.2 1.56
90.3 0
90.4 1.8
90.5 0
90.6 1.68
90.7 0
90.8 1.8
90.9 0
91 1.92
91.1 0
91.2 1.92
91.3 0
91.4 1.92
91.5 0
91.6 1.92
91.7 0
91.8 1.92
91.9 0
92 1.92
92.1 0
92.2 1.92
92.3 0
92.4 1.92
92.5 0
92.6 1.92
92.7 0
92.8 1.92
92.9 0
93 1.92
93.1 0
93.2 1.92
93.3 0
93.4 1.8
93.5 0
93.6 1.32
93.7 0
93.8 1.56
93.9 0
94 1.56
94.1 0
94.2 1.08
94.3 0
94.4 1.2
94.5 0
94.6 1.32
94.7 0
94.8 1.2
94.9 0
95 0.96
95.1 0
95.2 0.96
95.3 0.24
95.4 0.48
95.5 0.72
95.6 0.36
95.7 0.96
95.8 0
95.9 0.96
96 0
96.1 0.96
96.2 0
96.3 1.08
96.4 0
96.5 1.08
96.6 0
96.7 1.32
96.8 0
96.9 1.2
97 0
97.1 1.2
97.2 0
97.3 1.2
97.4 0
97.5 1.2
97.6 0
97.7 0.84
97.8 0
97.9 1.08
98 0
98.1 0.96
98.2 0
98.3 0.84
98.4 0
98.5 0.96
98.6 0
98.7 0.96
98.8 0
98.9 0.6
99 0
99.1 0.72
99.2 0
99.3 0.84
99.4 0
99.5 0.84
99.6 0
99.7 0.96
99.8 0
99.9 0.72
100 0
