0.2 0.00448
0.3 0
0.4 0.0208
0.5 0
0.6 0.03744
0.7 0
0.8 0.07488
0.9 0
1 0.32448
1.1 0
1.2 0.20416
1.3 0
1.4 0.2176
1.5 0
1.6 0.08736
1.7 0
1.8 0.09152
1.9 0
2 0.08736
2.1 0.00416
2.2 0.08736
2.3 0.00832
2.4 0.0832
2.5 0.01248
2.6 0.0832
2.7 0.01664
2.8 0.07488
2.9 0.02496
3 0.07488
3.1 0.02496
3.2 0.07072
3.3 0.02912
3.4 0.07072
3.5 0.02912
3.6 0.12704
3.7 0.0768
3.8 0.08192
3.9 0.0432
4 0.1248
4.1 0.02272
4.2 0.07616
4.3 0.0432
4.4 0.06016
4.5 0.0288
4.6 0.05696
4.7 0.0288
4.8 0.03712
4.9 0.00832
5 0.0208
5.1 0.01248
5.2 0.0208
5.3 0.01248
5.4 0.0208
5.5 0.01248
5.6 0.0208
5.7 0.01248
5.8 0.0208
5.9 0.01248
6 0.0208
6.1 0.02336
6.2 0.048
6.3 0.02336
6.4 0.00832
6.5 0.01248
6.6 0.0288
6.7 0.0288
6.8 0.01856
6.9 0.00832
7 0.01248
7.1 0.00832
7.2 0.01248
7.3 0.00896
7.4 0.0288
7.5 0.0192
7.6 0.00896
7.7 0.00832
7.8 0.00832
7.9 0.00832
8 0.00832
8.1 0.01248
8.2 0.00832
8.3 0.01248
8.4 0.00832
8.5 0.01248
8.6 0.00832
8.7 0.01248
8.8 0.00832
8.9 0.0288
9 0.0192
9.1 0.01376
9.2 0.00832
9.3 0.00832
9.4 0.00832
9.5 0.00832
9.6 0.01248
9.7 0.00832
9.8 0.01248
9.9 0.00832
10 0.01248
10.1 0.00832
10.2 0.00832
10.3 0.01248
10.4 0.00416
10.5 0.01664
10.6 0.00416
10.7 0.01664
10.8 0
10.9 0.0208
11 0
11.1 0.0208
11.2 0
11.3 0.0208
11.4 0
11.5 0.0208
11.6 0
11.7 0.0208
11.8 0
11.9 0.0208
12 0
12.1 0.0208
12.2 0
12.3 0.0208
12.4 0
12.5 0.0208
12.6 0
12.7 0.02496
12.8 0
12.9 0.02496
13 0
13.1 0.02496
13.2 0
13.3 0.02912
13.4 0
13.5 0.02912
13.6 0
13.7 0.05152
13.8 0
13.9 0.05632
14 0
14.1 0.02912
14.2 0
14.3 0.02912
14.4 0
14.5 0.02912
14.6 0.00416
14.7 0.02496
14.8 0.00832
14.9 0.02496
15 0.00832
15.1 0.02912
15.2 0.00832
15.3 0.02912
15.4 0.00832
15.5 0.02912
15.6 0.00832
15.7 0.02912
15.8 0.00832
15.9 0.02912
16 0.00832
16.1 0.02912
16.2 0.00832
16.3 0.02912
16.4 0.00832
16.5 0.02912
16.6 0.00832
16.7 0.02912
16.8 0.00832
16.9 0.02912
17 0.00416
17.1 0.0672
17.2 0.0096
17.3 0.03104
17.4 0.00416
17.5 0.02496
17.6 0.00416
17.7 0.02496
17.8 0.00416
17.9 0.02912
18 0.00416
18.1 0.02912
18.2 0.00416
18.3 0.02912
18.4 0.00416
18.5 0.06656
18.6 0.0096
18.7 0.03168
18.8 0.00416
18.9 0.0208
19 0.00832
19.1 0.0208
19.2 0.00832
19.3 0.0208
19.4 0.01248
19.5 0.03424
19.6 0.04352
19.7 0.02048
19.8 0.01728
19.9 0.00832
20 0.01664
20.1 0.00832
20.2 0.01664
20.3 0.00832
20.4 0.0208
20.5 0.00416
20.6 0.02496
20.7 0
20.8 0.02912
20.9 0
21 0.02912
21.1 0
21.2 0.02912
21.3 0
21.4 0.02912
21.5 0
21.6 0.02912
21.7 0
21.8 0.02912
21.9 0
22 0.02912
22.1 0
22.2 0.02912
22.3 0
22.4 0.02912
22.5 0
22.6 0.02912
22.7 0
22.8 0.02912
22.9 0
23 0.02496
23.1 0.00416
23.2 0.02496
23.3 0.00416
23.4 0.02496
23.5 0.00832
23.6 0.02496
23.7 0.00832
23.8 0.02496
23.9 0.00832
24 0.02496
24.1 0.024
24.2 0.0624
24.3 0.01856
24.4 0.0208
24.5 0.00832
24.6 0.02496
24.7 0.00832
24.8 0.02912
24.9 0.00832
25 0.02912
25.1 0.00832
25.2 0.04064
25.3 0.0192
25.4 0.06176
25.5 0.00416
25.6 0.02496
25.7 0.00832
25.8 0.02496
25.9 0.00832
26 0.02912
26.1 0.00832
26.2 0.02912
26.3 0.00832
26.4 0.02912
26.5 0.00832
26.6 0.03328
26.7 0.00832
26.8 0.03328
26.9 0.00832
27 0.03328
27.1 0.00832
27.2 0.03328
27.3 0.00832
27.4 0.03328
27.5 0.00832
27.6 0.03328
27.7 0.00832
27.8 0.02912
27.9 0.01248
28 0.0208
28.1 0.0208
28.2 0.01664
28.3 0.02496
28.4 0.01248
28.5 0.02912
28.6 0.00832
28.7 0.072
28.8 0.0096
28.9 0.03584
29 0.00416
29.1 0.02912
29.2 0.00416
29.3 0.02912
29.4 0
29.5 0.03744
29.6 0
29.7 0.03744
29.8 0
29.9 0.03744
30 0
30.1 0.0416
30.2 0
30.3 0.06464
30.4 0
30.5 0.06528
30.6 0
30.7 0.03328
30.8 0
30.9 0.03328
31 0
31.1 0.03744
31.2 0
31.3 0.03744
31.4 0
31.5 0.03744
31.6 0
31.7 0.0416
31.8 0
31.9 0.0416
32 0
32.1 0.03744
32.2 0.00416
32.3 0.03744
32.4 0.00416
32.5 0.03744
32.6 0.00416
32.7 0.03744
32.8 0.00416
32.9 0.0496
33 0.0096
33.1 0.06656
33.2 0.00416
33.3 0.02496
33.4 0.00832
33.5 0.02496
33.6 0.00832
33.7 0.02912
33.8 0.00832
33.9 0.04064
34 0.0192
34.1 0.05696
34.2 0.00416
34.3 0.02496
34.4 0.00416
34.5 0.02496
34.6 0.00416
34.7 0.02496
34.8 0.00832
34.9 0.02496
35 0.00832
35.1 0.02496
35.2 0.00832
35.3 0.02496
35.4 0.00832
35.5 0.02496
35.6 0.0144
35.7 0.0576
35.8 0.01376
35.9 0.02816
36 0.0192
36.1 0.02816
36.2 0.00416
36.3 0.01664
36.4 0.00416
36.5 0.01664
36.6 0.00416
36.7 0.01664
36.8 0.00416
36.9 0.01664
37 0.0048
37.1 0.0288
37.2 0.01632
37.3 0.01024
37.4 0.01856
37.5 0.00416
37.6 0.01248
37.7 0.00416
37.8 0.01248
37.9 0.00416
38 0.01664
38.1 0
38.2 0.0208
38.3 0
38.4 0.0208
38.5 0
38.6 0.0208
38.7 0
38.8 0.0208
38.9 0
39 0.0208
39.1 0
39.2 0.0208
39.3 0
39.4 0.0208
39.5 0
39.6 0.0208
39.7 0
39.8 0.0208
39.9 0
40 0.0208
40.1 0
40.2 0.0208
40.3 0
40.4 0.0208
40.5 0
40.6 0.0208
40.7 0
40.8 0.0208
40.9 0
41 0.02496
41.1 0
41.2 0.03104
41.3 0
41.4 0.05696
41.5 0
41.6 0.01792
41.7 0.0096
41.8 0.02592
41.9 0.01568
42 0.0096
42.1 0.01248
42.2 0.00416
42.3 0.01248
42.4 0.00416
42.5 0.01248
42.6 0.00416
42.7 0.01248
42.8 0.00416
42.9 0.01248
43 0.00416
43.1 0.01248
43.2 0.00416
43.3 0.01248
43.4 0.00416
43.5 0.01248
43.6 0.00416
43.7 0.01248
43.8 0.00416
43.9 0.01248
44 0.00416
44.1 0.01248
44.2 0.00416
44.3 0.01248
44.4 0.00416
44.5 0.01248
44.6 0.00416
44.7 0.01248
44.8 0.00416
44.9 0.01248
45 0.00416
45.1 0.01248
45.2 0.00832
45.3 0.01248
45.4 0.00832
45.5 0.01248
45.6 0.00832
45.7 0.01248
45.8 0.01248
45.9 0.01248
46 0.01248
46.1 0.01664
46.2 0.01248
46.3 0.01664
46.4 0.01664
46.5 0.01664
46.6 0.01664
46.7 0.0208
46.8 0.0208
46.9 0.0208
47 0.02496
47.1 0.0208
47.2 0.02496
47.3 0.02912
47.4 0.01664
47.5 0.04576
47.6 0.01856
47.7 0.1248
47.8 0.024
47.9 0.04224
48 0.00832
48.1 0.08448
48.2 0.0048
48.3 0.07424
48.4 0
48.5 0.0416
48.6 0
48.7 0.07968
48.8 0
48.9 0.05088
49 0
49.1 0.03328
49.2 0
49.3 0.03328
49.4 0
49.5 0.03328
49.6 0
49.7 0.03328
49.8 0
49.9 0.03328
50 0
50.1 0.03328
50.2 0
50.3 0.03328
50.4 0
50.5 0.03328
50.6 0
50.7 0.03328
50.8 0
50.9 0.03328
51 0
51.1 0.03328
51.2 0
51.3 0.03328
51.4 0
51.5 0.03328
51.6 0
51.7 0.03328
51.8 0
51.9 0.02912
52 0.00416
52.1 0.02496
52.2 0.00832
52.3 0.02912
52.4 0.00832
52.5 0.02912
52.6 0.00832
52.7 0.02912
52.8 0.00832
52.9 0.02912
53 0.01248
53.1 0.02912
53.2 0.01664
53.3 0.02912
53.4 0.01664
53.5 0.03328
53.6 0.01664
53.7 0.03744
53.8 0.01664
53.9 0.0416
54 0.01664
54.1 0.04576
54.2 0.01664
54.3 0.0656
54.4 0.0384
54.5 0.1328
54.6 0.0288
54.7 0.04768
54.8 0.01312
54.9 0.1008
55 0.0288
55.1 0.02976
55.2 0.01248
55.3 0.02912
55.4 0.01248
55.5 0.02912
55.6 0.01664
55.7 0.02912
55.8 0.01664
55.9 0.02912
56 0.01664
56.1 0.02912
56.2 0.01664
56.3 0.02912
56.4 0.01664
56.5 0.02912
56.6 0.01664
56.7 0.02496
56.8 0.0208
56.9 0.02496
57 0.0208
57.1 0.02496
57.2 0.0208
57.3 0.0208
57.4 0.02496
57.5 0.0208
57.6 0.02496
57.7 0.01664
57.8 0.02912
57.9 0.01248
58 0.03328
58.1 0.00832
58.2 0.03744
58.3 0.00416
58.4 0.0416
58.5 0.00416
58.6 0.0912
58.7 0.0144
58.8 0.0352
58.9 0.00832
59 0.02912
59.1 0.00832
59.2 0.03328
59.3 0.00832
59.4 0.03328
59.5 0.00832
59.6 0.03744
59.7 0.00416
59.8 0.0416
59.9 0.00416
60 0.0416
60.1 0
60.2 0.04992
60.3 0
60.4 0.04992
60.5 0
60.6 0.04992
60.7 0
60.8 0.04992
60.9 0
61 0.04992
61.1 0
61.2 0.04992
61.3 0
61.4 0.04992
61.5 0
61.6 0.04992
61.7 0
61.8 0.04576
61.9 0.00416
62 0.0416
62.1 0.00832
62.2 0.0416
62.3 0.00832
62.4 0.0416
62.5 0.00832
62.6 0.0416
62.7 0.00832
62.8 0.0416
62.9 0.00832
63 0.0416
63.1 0.00416
63.2 0.04992
63.3 0.00416
63.4 0.04992
63.5 0.00416
63.6 0.04992
63.7 0.00832
63.8 0.04992
63.9 0.00832
64 0.05408
64.1 0.00832
64.2 0.05824
64.3 0.00832
64.4 0.11808
64.5 0.0192
64.6 0.08192
64.7 0.00416
64.8 0.05408
64.9 0.00416
65 0.05824
65.1 0.00416
65.2 0.05824
65.3 0.00416
65.4 0.0624
65.5 0.00416
65.6 0.05824
65.7 0.01248
65.8 0.05408
65.9 0.01664
66 0.04992
66.1 0.0208
66.2 0.1056
66.3 0.0576
66.4 0.03936
66.5 0.0208
66.6 0.03744
66.7 0.0208
66.8 0.0448
66.9 0.05824
67 0.08064
67.1 0.03808
67.2 0.04736
67.3 0.01664
67.4 0.02496
67.5 0.0208
67.6 0.02496
67.7 0.02496
67.8 0.0208
67.9 0.02912
68 0.01664
68.1 0.03328
68.2 0.01664
68.3 0.03744
68.4 0.01248
68.5 0.0416
68.6 0.00832
68.7 0.04576
68.8 0.00416
68.9 0.04992
69 0
69.1 0.05408
69.2 0
69.3 0.0656
69.4 0
69.5 0.10976
69.6 0
69.7 0.03744
69.8 0
69.9 0.04576
70 0
70.1 0.1008
70.2 0
70.3 0.04352
70.4 0
70.5 0.03328
70.6 0
70.7 0.03744
70.8 0
70.9 0.03744
71 0
71.1 0.03744
71.2 0
71.3 0.03744
71.4 0
71.5 0.03744
71.6 0
71.7 0.03744
71.8 0
71.9 0.03744
72 0
72.1 0.03744
72.2 0
72.3 0.03744
72.4 0
72.5 0.0864
72.6 0
72.7 0.05216
72.8 0
72.9 0.04128
73 0
73.1 0.0208
73.2 0
73.3 0.0208
73.4 0
73.5 0.0208
73.6 0
73.7 0.048
73.8 0
73.9 0.02208
74 0
74.1 0.01664
74.2 0
74.3 0.01664
74.4 0
74.5 0.0208
74.6 0
74.7 0.0208
74.8 0
74.9 0.0208
75 0
75.1 0.0208
75.2 0
75.3 0.0208
75.4 0
75.5 0.0208
75.6 0
75.7 0.0208
75.8 0
75.9 0.02688
76 0
76.1 0.04736
76.2 0
76.3 0.01248
76.4 0
76.5 0.024
76.6 0.0096
76.7 0.01856
76.8 0.00416
76.9 0.00832
77 0.00416
77.1 0.00896
77.2 0.0096
77.3 0.0192
77.4 0.00896
77.5 0.00416
77.6 0.00416
77.7 0.00416
77.8 0.00832
77.9 0
78 0.01248
78.1 0
78.2 0.01248
78.3 0
78.4 0.01248
78.5 0
78.6 0.01248
78.7 0
78.8 0.024
78.9 0
79 0.01856
79.1 0
79.2 0.00832
79.3 0
79.4 0.01248
79.5 0
79.6 0.01248
79.7 0
79.8 0.01248
79.9 0
80 0.01248
80.1 0
80.2 0.01248
80.3 0
80.4 0.01248
80.5 0
80.6 0.01248
80.7 0
80.8 0.01248
80.9 0
81 0.01248
81.1 0
81.2 0.01248
81.3 0
81.4 0.01248
81.5 0
81.6 0.01248
81.7 0
81.8 0.01248
81.9 0
82 0.01248
82.1 0
82.2 0.01248
82.3 0
82.4 0.01664
82.5 0
82.6 0.01664
82.7 0
82.8 0.01664
82.9 0
83 0.0208
83.1 0
83.2 0.0208
83.3 0
83.4 0.02496
83.5 0
83.6 0.05152
83.7 0
83.8 0.04672
83.9 0
84 0.02496
84.1 0
84.2 0.02912
84.3 0
84.4 0.02912
84.5 0
84.6 0.02912
84.7 0
84.8 0.03328
84.9 0
85 0.03328
85.1 0
85.2 0.03328
85.3 0
85.4 0.0672
85.5 0
85.6 0.03104
85.7 0
85.8 0.02496
85.9 0
86 0.02912
86.1 0
86.2 0.02912
86.3 0
86.4 0.02912
86.5 0
86.6 0.02912
86.7 0.00416
86.8 0.02496
86.9 0.00832
87 0.0208
87.1 0.01376
87.2 0.0432
87.3 0.0288
87.4 0.00832
87.5 0.01664
87.6 0.00832
87.7 0.01664
87.8 0.00832
87.9 0.0208
88 0.00416
88.1 0.02496
88.2 0.00416
88.3 0.02496
88.4 0
88.5 0.03328
88.6 0
88.7 0.03328
88.8 0
88.9 0.03328
89 0
89.1 0.03328
89.2 0
89.3 0.03328
89.4 0
89.5 0.03456
89.6 0
89.7 0.07488
89.8 0
89.9 0.0304
90 0
90.1 0.02496
90.2 0
90.3 0.02912
90.4 0
90.5 0.02912
90.6 0
90.7 0.02912
90.8 0
90.9 0.03328
91 0
91.1 0.03328
91.2 0
91.3 0.03328
91.4 0
91.5 0.03328
91.6 0
91.7 0.03328
91.8 0
91.9 0.03328
92 0
92.1 0.03328
92.2 0
92.3 0.03328
92.4 0
92.5 0.03328
92.6 0
92.7 0.03328
92.8 0
92.9 0.03328
93 0
93.1 0.03328
93.2 0
93.3 0.03456
93.4 0
93.5 0.072
93.6 0
93.7 0.02496
93.8 0
93.9 0.02496
94 0
94.1 0.0624
94.2 0
94.3 0.02624
94.4 0
94.5 0.0208
94.6 0
94.7 0.02688
94.8 0
94.9 0.04736
95 0
95.1 0.01248
95.2 0.00416
95.3 0.00832
95.4 0.01248
95.5 0.00416
95.6 0.01664
95.7 0
95.8 0.03232
95.9 0
96 0.03776
96.1 0
96.2 0.01664
96.3 0
96.4 0.01664
96.5 0
96.6 0.0208
96.7 0
96.8 0.0208
96.9 0
97 0.0208
97.1 0
97.2 0.0208
97.3 0
97.4 0.0208
97.5 0
97.6 0.048
97.7 0
97.8 0.02208
97.9 0
98 0.01664
98.1 0
98.2 0.02816
98.3 0
98.4 0.03296
98.5 0
98.6 0.01664
98.7 0
98.8 0.0336
98.9 0
99 0.01792
99.1 0
99.2 0.01248
99.3 0
99.4 0.01248
99.5 0
99.6 0.01664
99.7 0
99.8 0.01248
99.9 0
100 0.03296
