0.200158 10
0.402827 11
0.410036 13
0.417246 15
0.424456 17
0.431665 19
0.618161 21
0.632002 23
0.645843 25
0.659684 27
0.673525 29
0.687366 31
0.701206 33
0.715047 35
0.805814 37
0.819655 39
0.833496 41
0.847337 43
0.861178 45
0.875019 47
0.888702 49
0.901408 51
0.912404 53
0.949463 55
0.958585 57
0.967708 59
0.97683 61
0.985952 63
1.00731 65
1.01643 67
1.02555 69
1.03383 71
1.04211 73
1.05039 75
1.05867 77
1.06695 79
1.07523 81
1.08351 83
1.09178 85
1.09995 87
1.10812 89
1.11629 91
1.12446 93
1.13263 95
1.1408 97
1.1489 99
1.15663 101
1.16404 103
1.17136 105
1.17857 107
1.18577 109
1.19298 111
1.20019 113
1.2074 115
1.21461 117
1.22182 119
1.22903 121
1.23624 123
1.24345 125
1.25066 127
1.25787 129
1.26508 131
1.27229 133
1.2795 135
1.28671 137
1.29392 139
1.30113 141
1.30834 143
1.31555 145
1.32276 147
1.32997 149
1.33718 151
1.34439 153
1.3516 155
1.35881 157
1.36601 159
1.37322 161
1.39485 163
1.40206 165
1.46695 167
2.83797 167.874
3.42916 119.715
3.64665 117.715
5.06454 119.715
5.09338 118.51
5.26641 116.51
6.6843 118.51
6.88737 116.51
7.73449 116.465
8.30646 118.465
8.51073 116.465
8.62849 117.367
9.93222 119.367
10.1341 117.367
10.2062 87.1616
10.2062 4
10.2134 6
10.2134 4
10.2206 6
10.2206 4
10.2266 6
10.2266 4
10.2338 6
10.2338 4
10.2398 6
10.2398 4
10.2458 6
10.2458 4
10.253 6
10.253 4
10.2591 6
10.2591 4
10.2663 6
10.2663 4
10.2735 6
10.2735 4
10.2807 6
10.2807 4
10.2879 6
10.2879 4
10.2939 6
10.2939 4
10.3011 6
10.3011 4
10.3083 6
10.3083 4
10.3155 6
10.3155 4
10.3227 6
10.3227 4
10.33 6
10.33 4
10.3372 6
10.3372 4
10.3444 6
10.3444 4
10.3516 6
10.3516 4
10.3588 6
10.3588 4
10.366 6
10.366 4
10.3732 6
10.3732 4
10.3804 6
10.3804 4
10.3876 6
10.3876 4
10.3948 6
10.3948 4
10.402 6
10.402 4
10.4093 6
10.4093 4
10.4165 6
10.4165 4
10.4237 6
10.4237 4
10.4309 6
10.4309 4
10.4381 6
10.4381 4
10.4453 6
10.4453 4
10.4525 6
10.4525 4
10.4597 6
10.4597 4
10.4669 6
10.4669 4
10.4741 6
10.4741 4
10.4838 6
10.4838 4
10.4946 6
10.4946 4
10.5054 6
10.5054 4
10.515 6
10.515 4
10.5222 6
10.5222 4
10.5294 6
10.5294 4
10.5366 6
10.5366 4
10.7345 117.367
10.7345 119.367
10.7417 121.367
10.9397 123.367
10.947 125.367
10.9542 127.367
10.9615 129.367
10.9688 131.367
10.976 133.367
10.9833 135.367
10.9905 137.367
10.9977 139.256
11.0049 137.163
11.0121 135.403
11.0181 133.722
11.0253 132.25
11.0325 130.963
11.0397 129.836
11.047 128.85
11.0542 128.059
11.0614 127.366
11.0686 126.76
11.0758 126.229
11.083 125.836
11.0902 125.492
11.0974 125.191
11.1046 124.928
11.1118 124.698
11.1191 124.567
11.1263 124.453
11.1323 124.282
11.1395 124.133
11.1467 124.001
11.1539 123.887
11.1611 123.858
11.1683 123.832
11.1755 123.739
11.1827 123.657
11.1899 123.586
11.2044 125.586
11.2248 125.548
11.2452 125.511
11.2524 125.458
11.2596 125.412
11.2668 125.371
11.4603 123.371
12.7761 122.577
12.9046 122.994
12.9551 124.994
13.169 122.994
13.33 123.274
14.6494 125.274
14.862 123.274
14.9161 123.985
14.9498 125.005
15.5734 126.137
16.3412 128.137
16.5563 126.137
16.6296 126.387
16.6644 126.769
18.0463 128.769
18.2602 126.769
19.7225 126.323
19.7574 128.323
19.9712 126.323
20.381 126.591
20.387 126.723
21.2738 93.7521
21.2738 4
21.281 6
21.281 4
21.2882 6
21.2882 4
21.2942 6
21.2942 4
21.3002 6
21.3002 4
21.3074 6
21.3074 4
21.3146 6
21.3146 4
21.3218 6
21.3218 4
21.329 6
21.329 4
21.3351 6
21.3351 4
21.3423 6
21.3423 4
21.3495 6
21.3495 4
21.3567 6
21.3567 4
21.3639 6
21.3639 4
21.3711 6
21.3711 4
21.3771 6
21.3771 4
21.3843 6
21.3843 4
21.3915 6
21.3915 4
21.3987 6
21.3987 4
21.4047 6
21.4047 4
21.412 6
21.412 4
21.418 6
21.418 4
21.4252 6
21.4252 4
21.4324 6
21.4324 4
21.4396 6
21.4396 4
21.4468 6
21.4468 4
21.454 6
21.454 4
21.46 6
21.46 4
21.4672 6
21.4672 4
21.4744 6
21.4744 4
21.4817 6
21.4817 4
21.4889 6
21.4889 4
21.4961 6
21.4961 4
21.5021 6
21.5021 4
21.5081 6
21.5081 4
21.5129 6
21.5129 4
21.5177 6
21.5177 4
21.5225 6
21.5225 4
21.5273 6
21.5273 4
21.5309 6
21.5309 4
21.5345 6
21.5345 4
21.5369 6
21.5369 4
21.5393 6
21.5393 4
21.5417 6
21.5417 4
21.5441 6
21.5441 4
21.7467 126.723
21.7467 128.723
21.7534 130.723
21.9526 132.723
21.9587 134.723
21.9659 136.723
21.9731 138.723
21.9803 140.723
21.9875 142.723
21.9935 142.029
21.9995 140.028
22.0067 138.352
22.0139 136.884
22.0211 135.674
22.0283 134.615
22.0344 133.689
22.0416 132.878
22.0488 132.169
22.056 131.548
22.0632 131.079
22.0692 130.669
22.0752 130.235
22.0824 129.856
22.0896 129.525
22.0968 129.309
22.104 129.193
22.1101 129.018
22.1173 128.865
22.1245 128.731
22.1317 128.688
22.1389 128.65
22.1449 128.543
22.1521 128.523
22.1581 128.506
22.1653 128.491
22.1725 128.477
22.1797 128.466
22.1858 128.382
22.4129 130.382
22.6448 128.382
24.0675 126.146
24.1444 128.146
24.3102 128.273
24.3595 126.273
25.8302 128.273
26.0393 126.273
27.1592 126.246
27.5281 128.246
27.7432 126.246
29.2163 128.246
29.2992 127.785
29.4254 125.785
30.9094 127.785
31.1221 125.785
32.1867 108.762
32.1867 4
32.1939 6
32.1939 4
32.2011 6
32.2011 4
32.2083 6
32.2083 4
32.2155 6
32.2155 4
32.2227 6
32.2227 4
32.2299 6
32.2299 4
32.2371 6
32.2371 4
32.2443 6
32.2443 4
32.2516 6
32.2516 4
32.2576 6
32.2576 4
32.2648 6
32.2648 4
32.272 6
32.272 4
32.2792 6
32.2792 4
32.2864 6
32.2864 4
32.2936 6
32.2936 4
32.3008 6
32.3008 4
32.308 6
32.308 4
32.3152 6
32.3152 4
32.3213 6
32.3213 4
32.3285 6
32.3285 4
32.3357 6
32.3357 4
32.3429 6
32.3429 4
32.3501 6
32.3501 4
32.3573 6
32.3573 4
32.3645 6
32.3645 4
32.3717 6
32.3717 4
32.3789 6
32.3789 4
32.3861 6
32.3861 4
32.3921 6
32.3921 4
32.3994 6
32.3994 4
32.4066 6
32.4066 4
32.4138 6
32.4138 4
32.421 6
32.421 4
32.4282 6
32.4282 4
32.4354 6
32.4354 4
32.4426 6
32.4426 4
32.4498 6
32.4498 4
32.4558 6
32.4558 4
32.463 6
32.463 4
32.4703 6
32.4703 4
32.4775 6
32.4775 4
32.4847 6
32.4847 4
32.4919 6
32.4919 4
32.4991 6
32.4991 4
32.5063 6
32.5063 4
32.5135 6
32.5135 4
32.5195 6
32.5195 4
32.5231 6
32.5231 4
32.5279 6
32.5279 4
32.5327 6
32.5327 4
32.5375 6
32.5375 4
32.7377 126.723
32.7377 128.723
32.7446 130.723
32.943 132.723
32.9502 134.723
32.9574 136.723
32.9646 138.723
32.9718 140.723
32.9791 142.723
32.9863 144.723
32.9935 146.723
33.0007 145.275
33.0067 142.694
33.0139 140.436
33.0211 138.533
33.0283 136.868
33.0355 135.41
33.0427 134.135
33.05 133.02
33.0572 132.116
33.0644 131.325
33.0704 130.56
33.0776 129.892
33.0848 129.306
33.092 128.867
33.0992 128.554
33.1064 128.28
33.1136 128.041
33.1208 127.831
33.1281 127.72
33.1353 127.624
33.1413 127.466
33.1485 127.329
33.1557 126.695
33.1629 126.59
33.1701 126.57
33.1773 126.552
33.1845 126.537
33.843 128.537
34.0557 126.537
34.3104 124.743
35.5541 126.743
35.7704 124.743
36.1044 124.154
37.2063 123.971
37.2772 125.971
37.4947 123.971
38.9931 125.971
39.1168 125.023
39.2057 123.023
40.7126 125.023
40.9276 123.023
41.8589 120.922
42.4296 122.922
42.6459 120.922
43.1927 121.53
43.1927 4
43.2011 6
43.2011 4
43.2095 6
43.2095 4
43.2191 6
43.2191 4
43.2263 6
43.2263 4
43.2347 6
43.2347 4
43.2431 6
43.2431 4
43.2515 6
43.2515 4
43.2587 6
43.2587 4
43.266 6
43.266 4
43.2732 6
43.2732 4
43.2804 6
43.2804 4
43.2888 6
43.2888 4
43.296 6
43.296 4
43.3032 6
43.3032 4
43.3104 6
43.3104 4
43.3176 6
43.3176 4
43.326 6
43.326 4
43.3332 6
43.3332 4
43.3405 6
43.3405 4
43.3477 6
43.3477 4
43.3549 6
43.3549 4
43.3633 6
43.3633 4
43.3705 6
43.3705 4
43.3777 6
43.3777 4
43.3849 6
43.3849 4
43.3921 6
43.3921 4
43.4005 6
43.4005 4
43.4077 6
43.4077 4
43.415 6
43.415 4
43.4222 6
43.4222 4
43.4294 6
43.4294 4
43.4378 6
43.4378 4
43.445 6
43.445 4
43.4522 6
43.4522 4
43.4594 6
43.4594 4
43.4666 6
43.4666 4
43.475 6
43.475 4
43.4822 6
43.4822 4
43.4895 6
43.4895 4
43.4967 6
43.4967 4
43.5039 6
43.5039 4
43.5123 6
43.5123 4
43.5195 6
43.5195 4
43.5267 6
43.5267 4
43.5339 6
43.5339 4
43.5411 6
43.5411 4
43.5495 6
43.5495 4
43.5555 6
43.5555 4
43.5603 6
43.5603 4
43.5652 6
43.5652 4
43.57 6
43.57 4
43.5748 6
43.5748 4
43.5796 6
43.5796 4
43.7799 126.723
43.7799 128.723
43.7872 130.723
43.985 132.723
43.9935 134.723
44.0008 136.723
44.008 138.723
44.0152 140.723
44.0224 142.723
44.0308 144.723
44.038 146.458
44.0452 142.979
44.0525 139.934
44.0597 137.271
44.0681 135.008
44.0753 133.029
44.0825 131.297
44.0897 129.782
44.0969 128.387
44.1053 127.304
44.1125 126.356
44.1197 125.459
44.127 124.673
44.1342 124.054
44.1426 123.581
44.1486 123.03
44.1558 122.548
44.163 122.195
44.1702 121.818
44.1786 121.555
44.1858 121.327
44.193 121.195
44.2003 121.01
44.2075 120.849
44.2159 120.778
44.2231 120.714
44.2303 120.659
44.2375 120.61
44.2447 120.568
44.2603 122.568
44.282 122.562
44.5151 120.562
44.6629 118.698
44.7674 118.81
44.7962 118.885
46.0147 120.885
46.231 118.885
47.5191 118.037
47.751 120.037
47.9625 118.037
49.4657 120.037
49.5546 119.347
49.6844 117.347
50.0917 117.721
50.0989 118.443
51.1743 120.443
51.3858 118.443
52.8806 120.443
53.0921 118.443
53.6376 117.777
54.2889 108.864
54.2889 4
54.2961 6
54.2961 4
54.3045 6
54.3045 4
54.3117 6
54.3117 4
54.3189 6
54.3189 4
54.3273 6
54.3273 4
54.3345 6
54.3345 4
54.343 6
54.343 4
54.3502 6
54.3502 4
54.3574 6
54.3574 4
54.3658 6
54.3658 4
54.373 6
54.373 4
54.3814 6
54.3814 4
54.3874 6
54.3874 4
54.3946 6
54.3946 4
54.403 6
54.403 4
54.4103 6
54.4103 4
54.4187 6
54.4187 4
54.4259 6
54.4259 4
54.4331 6
54.4331 4
54.4415 6
54.4415 4
54.4487 6
54.4487 4
54.4571 6
54.4571 4
54.4643 6
54.4643 4
54.4715 6
54.4715 4
54.4799 6
54.4799 4
54.4872 6
54.4872 4
54.4944 6
54.4944 4
54.5028 6
54.5028 4
54.51 6
54.51 4
54.5184 6
54.5184 4
54.5256 6
54.5256 4
54.5328 6
54.5328 4
54.5412 6
54.5412 4
54.5484 6
54.5484 4
54.5568 6
54.5568 4
54.5641 6
54.5641 4
54.5713 6
54.5713 4
54.5797 6
54.5797 4
54.5869 6
54.5869 4
54.5953 6
54.5953 4
54.6025 6
54.6025 4
54.6085 6
54.6085 4
54.6133 6
54.6133 4
54.6181 6
54.6181 4
54.6229 6
54.6229 4
54.6277 6
54.6277 4
54.6325 6
54.6325 4
54.6374 6
54.6374 4
54.6422 6
54.6422 4
54.647 6
54.647 4
54.6494 6
54.6494 4
54.8485 126.723
54.8485 128.723
54.8559 130.723
55.0537 132.723
55.0621 134.723
55.0693 136.723
55.0777 138.723
55.0849 140.723
55.0921 142.723
55.1005 144.723
55.1078 146.723
55.1162 143.885
55.1234 140.452
55.1306 137.381
55.139 134.761
55.1462 132.469
55.1546 130.53
55.1618 128.834
55.169 127.349
55.1775 126.117
55.1847 124.972
55.1919 123.97
55.2003 123.161
55.2075 122.452
55.2159 121.832
55.2231 121.357
55.2303 120.874
55.2387 120.519
55.2459 120.14
55.2544 119.943
55.2616 119.704
55.2688 119.494
55.2772 119.378
55.2844 119.277
55.2928 119.255
55.3 119.235
55.3072 119.218
55.3156 119.204
55.3228 119.191
55.3313 121.191
55.568 119.191
57.088 121.191
57.3043 119.191
57.3439 115.514
57.726 115.72
57.7333 115.958
58.8267 117.958
59.0442 115.958
59.4876 116.173
59.5032 116.545
59.5188 117.173
60.5738 119.173
60.7925 117.173
61.1999 117.475
61.296 117.5
61.3032 117.844
62.3162 119.844
62.536 117.844
64.0633 119.844
64.2832 117.844
65.3274 117.459
65.3274 4
65.3346 6
65.3346 4
65.343 6
65.343 4
65.3502 6
65.3502 4
65.3586 6
65.3586 4
65.3658 6
65.3658 4
65.3742 6
65.3742 4
65.3826 6
65.3826 4
65.3898 6
65.3898 4
65.3983 6
65.3983 4
65.4055 6
65.4055 4
65.4127 6
65.4127 4
65.4199 6
65.4199 4
65.4283 6
65.4283 4
65.4355 6
65.4355 4
65.4439 6
65.4439 4
65.4511 6
65.4511 4
65.4595 6
65.4595 4
65.468 6
65.468 4
65.4752 6
65.4752 4
65.4836 6
65.4836 4
65.4908 6
65.4908 4
65.4992 6
65.4992 4
65.5064 6
65.5064 4
65.5148 6
65.5148 4
65.522 6
65.522 4
65.5304 6
65.5304 4
65.5388 6
65.5388 4
65.5461 6
65.5461 4
65.5545 6
65.5545 4
65.5617 6
65.5617 4
65.5701 6
65.5701 4
65.5773 6
65.5773 4
65.5857 6
65.5857 4
65.5929 6
65.5929 4
65.6013 6
65.6013 4
65.6097 6
65.6097 4
65.617 6
65.617 4
65.6254 6
65.6254 4
65.6326 6
65.6326 4
65.641 6
65.641 4
65.6482 6
65.6482 4
65.6566 6
65.6566 4
65.6638 6
65.6638 4
65.6722 6
65.6722 4
65.6794 6
65.6794 4
65.6842 6
65.6842 4
65.689 6
65.689 4
65.6939 6
65.6939 4
65.6987 6
65.6987 4
65.7035 6
65.7035 4
65.7083 6
65.7083 4
65.7107 6
65.7107 4
65.7131 6
65.7131 4
65.7155 6
65.7155 4
65.7179 6
65.7179 4
65.7203 6
65.7203 4
65.9232 126.723
65.9232 128.723
65.9306 130.723
66.1305 132.723
66.1365 134.723
66.1449 136.723
66.1522 138.723
66.1606 140.723
66.1678 142.723
66.1762 144.723
66.1834 145.448
66.1918 141.777
66.2002 138.699
66.2074 135.939
66.2158 133.59
66.223 131.535
66.2315 129.804
66.2387 128.222
66.2471 126.972
66.2543 125.877
66.2615 124.853
66.2687 123.957
66.2771 123.24
66.2855 122.679
66.2927 122.122
66.3012 121.767
66.3084 121.39
66.3168 121.127
66.324 120.83
66.3324 120.704
66.3396 120.527
66.348 120.506
66.3552 120.42
66.3636 120.412
66.8467 122.412
67.069 120.412
67.4042 120.459
67.4511 120.835
68.5962 122.835
68.8137 120.835
69.2559 121.995
70.3433 123.995
70.5668 121.995
72.1085 123.995
72.332 121.995
73.6261 120.338
73.8796 122.338
74.1007 120.338
75.3937 120.179
75.634 122.179
75.8527 120.179
76.23 120.787
76.2432 121.093
76.2504 121.401
76.2648 121.71
76.3706 122.967
76.3706 4
76.379 6
76.379 4
76.3886 6
76.3886 4
76.397 6
76.397 4
76.4042 6
76.4042 4
76.4138 6
76.4138 4
76.4222 6
76.4222 4
76.4318 6
76.4318 4
76.4403 6
76.4403 4
76.4499 6
76.4499 4
76.4583 6
76.4583 4
76.4667 6
76.4667 4
76.4751 6
76.4751 4
76.4835 6
76.4835 4
76.4919 6
76.4919 4
76.5003 6
76.5003 4
76.5075 6
76.5075 4
76.516 6
76.516 4
76.5232 6
76.5232 4
76.5316 6
76.5316 4
76.5376 6
76.5376 4
76.546 6
76.546 4
76.5544 6
76.5544 4
76.5616 6
76.5616 4
76.57 6
76.57 4
76.5772 6
76.5772 4
76.5856 6
76.5856 4
76.5917 6
76.5917 4
76.6001 6
76.6001 4
76.6085 6
76.6085 4
76.6157 6
76.6157 4
76.6241 6
76.6241 4
76.6313 6
76.6313 4
76.6397 6
76.6397 4
76.6457 6
76.6457 4
76.6529 6
76.6529 4
76.6601 6
76.6601 4
76.6674 6
76.6674 4
76.6746 6
76.6746 4
76.683 6
76.683 4
76.6902 6
76.6902 4
76.6974 6
76.6974 4
76.7022 6
76.7022 4
76.707 6
76.707 4
76.7118 6
76.7118 4
76.7166 6
76.7166 4
76.7214 6
76.7214 4
76.7262 6
76.7262 4
76.7298 6
76.7298 4
76.7346 6
76.7346 4
76.7394 6
76.7394 4
76.7443 6
76.7443 4
76.7491 6
76.7491 4
76.9506 126.723
76.9506 128.723
76.9569 130.723
77.1569 132.723
77.1642 134.723
77.1726 136.723
77.1786 138.723
77.187 140.723
77.1942 142.723
77.2026 144.723
77.2098 144.126
77.2182 140.845
77.2254 137.905
77.2326 135.334
77.2411 133.151
77.2483 131.241
77.2567 129.637
77.2639 128.167
77.2723 127.015
77.2795 125.94
77.2867 124.999
77.2939 124.175
77.3023 123.523
77.3095 122.951
77.318 122.452
77.3252 122.081
77.3324 121.758
77.3408 121.474
77.348 121.227
77.3564 121.077
77.3636 120.947
77.3792 120.919
77.3864 120.875
77.3937 120.77
77.8779 122.77
78.099 120.77
78.3682 121.032
78.4258 121.934
79.6166 123.934
79.8365 121.934
81.3589 123.934
81.5752 121.934
82.146 121.221
83.0989 123.221
83.3163 121.221
84.8484 123.221
84.864 119.874
85.0695 117.874
86.6111 119.874
86.8322 117.874
87.0569 117.89
87.4018 118.868
87.4018 4
87.4114 6
87.4114 4
87.4198 6
87.4198 4
87.4294 6
87.4294 4
87.4378 6
87.4378 4
87.4474 6
87.4474 4
87.4559 6
87.4559 4
87.4631 6
87.4631 4
87.4715 6
87.4715 4
87.4787 6
87.4787 4
87.4859 6
87.4859 4
87.4931 6
87.4931 4
87.5003 6
87.5003 4
87.5075 6
87.5075 4
87.5147 6
87.5147 4
87.5219 6
87.5219 4
87.5292 6
87.5292 4
87.5364 6
87.5364 4
87.5436 6
87.5436 4
87.5508 6
87.5508 4
87.5568 6
87.5568 4
87.564 6
87.564 4
87.5712 6
87.5712 4
87.5796 6
87.5796 4
87.588 6
87.588 4
87.5952 6
87.5952 4
87.6037 6
87.6037 4
87.6109 6
87.6109 4
87.6193 6
87.6193 4
87.6253 6
87.6253 4
87.6337 6
87.6337 4
87.6421 6
87.6421 4
87.6493 6
87.6493 4
87.6577 6
87.6577 4
87.6649 6
87.6649 4
87.6733 6
87.6733 4
87.6806 6
87.6806 4
87.689 6
87.689 4
87.6962 6
87.6962 4
87.7046 6
87.7046 4
87.7094 6
87.7094 4
87.7142 6
87.7142 4
87.719 6
87.719 4
87.7238 6
87.7238 4
87.7286 6
87.7286 4
87.7334 6
87.7334 4
87.7382 6
87.7382 4
87.743 6
87.743 4
87.7478 6
87.7478 4
87.7527 6
87.7527 4
87.7575 6
87.7575 4
87.7623 6
87.7623 4
87.7659 6
87.7659 4
87.7707 6
87.7707 4
87.9712 126.723
87.9712 128.723
87.9794 130.723
88.1765 132.723
88.186 134.723
88.1933 136.723
88.2005 138.723
88.2077 140.723
88.2161 142.723
88.2233 142.896
88.2317 139.286
88.2401 136.258
88.2473 133.544
88.2557 131.168
88.263 129.089
88.2714 127.336
88.2798 125.867
88.2858 124.452
88.2942 123.278
88.3014 122.251
88.3098 121.353
88.317 120.633
88.3254 120.003
88.3338 119.451
88.3411 119.035
88.3495 118.67
88.3567 118.351
88.3651 118.137
88.3711 117.819
88.3795 117.606
88.3879 117.421
88.3951 117.323
88.4035 117.238
88.4107 117.099
88.895 119.099
89.1137 117.099
89.3696 119.099
89.3768 119.581
89.3901 121.114
90.6421 123.114
90.8596 121.114
92.3916 123.114
92.6139 121.114
93.1967 120.555
94.14 122.555
94.3551 120.555
95.8715 122.555
95.9268 117.907
96.0866 115.907
97.6198 117.907
97.8397 115.907
98.0488 117.31
98.0692 118.495
98.0992 119.481
98.4153 117.409
98.4153 4
98.4249 6
98.4249 4
98.4333 6
98.4333 4
98.4429 6
98.4429 4
98.4513 6
98.4513 4
98.4585 6
98.4585 4
98.4669 6
98.4669 4
98.4741 6
98.4741 4
98.4814 6
98.4814 4
98.4898 6
98.4898 4
98.497 6
98.497 4
98.5054 6
98.5054 4
98.5126 6
98.5126 4
98.5198 6
98.5198 4
98.527 6
98.527 4
98.5354 6
98.5354 4
98.5426 6
98.5426 4
98.5511 6
98.5511 4
98.5595 6
98.5595 4
98.5667 6
98.5667 4
98.5751 6
98.5751 4
98.5823 6
98.5823 4
98.5907 6
98.5907 4
98.5979 6
98.5979 4
98.6063 6
98.6063 4
98.6135 6
98.6135 4
98.6219 6
98.6219 4
98.6292 6
98.6292 4
98.6376 6
98.6376 4
98.6436 6
98.6436 4
98.652 6
98.652 4
98.6592 6
98.6592 4
98.6676 6
98.6676 4
98.6748 6
98.6748 4
98.6832 6
98.6832 4
98.6904 6
98.6904 4
98.6988 6
98.6988 4
98.7061 6
98.7061 4
98.7145 6
98.7145 4
98.7217 6
98.7217 4
98.7277 6
98.7277 4
98.7325 6
98.7325 4
98.7373 6
98.7373 4
98.7421 6
98.7421 4
98.7469 6
98.7469 4
98.7517 6
98.7517 4
98.7565 6
98.7565 4
98.7601 6
98.7601 4
98.7649 6
98.7649 4
98.7697 6
98.7697 4
98.7745 6
98.7745 4
98.7794 6
98.7794 4
98.7842 6
98.7842 4
98.9808 126.723
98.9808 128.723
98.9894 130.723
99.1864 132.723
99.1935 134.723
99.2009 136.723
99.2095 138.723
99.2167 140.723
99.2252 142.723
99.2324 144.723
99.2408 146.723
99.248 145.459
99.2564 141.952
99.2648 138.884
99.272 136.266
99.2804 133.975
99.2876 131.971
99.296 130.352
99.3033 128.867
99.3117 127.636
99.3201 126.626
99.3261 125.675
99.3345 124.843
99.3417 124.115
99.3501 123.544
99.3573 123.046
99.3657 122.676
99.3742 122.421
99.3814 122.197
99.3898 122.001
99.397 121.829
99.4054 121.747
99.4126 121.675
99.695 123.675
99.9137 121.675
