0.200204 10
0.404028 11
0.411238 13
0.418448 15
0.425657 17
0.432867 19
0.619363 21
0.633204 23
0.647045 25
0.660886 27
0.674726 29
0.688567 31
0.702408 33
0.716249 35
0.807016 37
0.820857 39
0.834698 41
0.848538 43
0.862379 45
0.87622 47
0.88997 49
0.902738 51
0.913787 53
0.951027 55
0.960194 57
0.969361 59
0.978527 61
0.987694 63
1.00851 65
1.01768 67
1.02684 69
1.03512 71
1.0434 73
1.05168 75
1.05996 77
1.06824 79
1.07652 81
1.0848 83
1.09307 85
1.10124 87
1.10941 89
1.11758 91
1.12575 93
1.13392 95
1.14209 97
1.1502 99
1.15793 101
1.16535 103
1.17256 105
1.17977 107
1.18698 109
1.19539 111
1.2026 113
1.20981 115
1.21702 117
1.22423 119
1.23144 121
1.23865 123
1.24585 125
1.25306 127
1.26027 129
1.26748 131
1.27469 133
1.2819 135
1.28911 137
1.29632 139
1.30353 141
1.31074 143
1.31795 145
1.32516 147
1.33237 149
1.33958 151
1.34679 153
1.354 155
1.36121 157
1.36842 159
1.37563 161
1.39726 163
1.4333 165
1.5054 167
2.84278 167.354
3.43277 119.356
3.65386 117.356
5.07656 119.356
5.09097 117.963
5.27963 115.963
6.70352 117.963
6.90779 115.963
8.33409 117.963
8.53837 115.514
9.97067 117.514
10.1761 115.514
10.205 85.739
10.205 4
10.2122 6
10.2122 4
10.2194 6
10.2194 4
10.2278 6
10.2278 4
10.235 6
10.235 4
10.2434 6
10.2434 4
10.2518 6
10.2518 4
10.2603 6
10.2603 4
10.2675 6
10.2675 4
10.2759 6
10.2759 4
10.2831 6
10.2831 4
10.2903 6
10.2903 4
10.2987 6
10.2987 4
10.3059 6
10.3059 4
10.3131 6
10.3131 4
10.3203 6
10.3203 4
10.3275 6
10.3275 4
10.3348 6
10.3348 4
10.342 6
10.342 4
10.3492 6
10.3492 4
10.3564 6
10.3564 4
10.3636 6
10.3636 4
10.3708 6
10.3708 4
10.378 6
10.378 4
10.3852 6
10.3852 4
10.3924 6
10.3924 4
10.3996 6
10.3996 4
10.4069 6
10.4069 4
10.4141 6
10.4141 4
10.4213 6
10.4213 4
10.4297 6
10.4297 4
10.4369 6
10.4369 4
10.4441 6
10.4441 4
10.4513 6
10.4513 4
10.4585 6
10.4585 4
10.4657 6
10.4657 4
10.4729 6
10.4729 4
10.4802 6
10.4802 4
10.4862 6
10.4862 4
10.4922 6
10.4922 4
10.4982 6
10.4982 4
10.5042 6
10.5042 4
10.5114 6
10.5114 4
10.5162 6
10.5162 4
10.5234 6
10.5234 4
10.5306 6
10.5306 4
10.7249 115.514
10.7249 117.514
10.7357 119.514
10.93 121.514
10.9373 123.514
10.9446 125.514
10.9518 127.514
10.9591 129.514
10.9664 131.514
10.9736 133.514
10.9821 135.514
10.9893 137.514
10.9965 137.925
11.0037 135.483
11.0109 133.347
11.0193 131.546
11.0265 129.971
11.0337 128.592
11.0409 127.386
11.0482 126.33
11.0554 125.407
11.0626 124.599
11.0698 123.892
11.077 123.204
11.0842 122.671
11.0914 122.205
11.0986 121.729
11.1058 121.311
11.113 121.015
11.1215 120.825
11.1287 120.59
11.1371 120.521
11.1443 120.461
11.1515 120.41
11.1587 120.295
11.1659 120.195
11.1731 120.175
11.1803 120.159
11.1875 120.076
11.1948 120.003
11.202 121.939
11.2092 121.883
11.2164 121.834
11.2236 121.791
11.2308 121.754
11.238 121.722
11.4663 119.722
11.8472 118.853
12.9623 120.853
13.1762 118.853
14.0221 118.213
14.6722 120.213
14.8861 118.213
16.0444 117.879
16.3712 119.879
16.5803 117.879
17.9706 116.902
18.0535 118.902
18.2686 116.902
19.1469 116.61
19.7477 118.61
19.9592 116.61
20.9469 116.502
21.2413 86.2548
21.2413 4
21.2497 6
21.2497 4
21.257 6
21.257 4
21.2642 6
21.2642 4
21.2714 6
21.2714 4
21.2786 6
21.2786 4
21.287 6
21.287 4
21.2954 6
21.2954 4
21.3026 6
21.3026 4
21.3098 6
21.3098 4
21.317 6
21.317 4
21.3242 6
21.3242 4
21.3327 6
21.3327 4
21.3399 6
21.3399 4
21.3471 6
21.3471 4
21.3555 6
21.3555 4
21.3627 6
21.3627 4
21.3699 6
21.3699 4
21.3783 6
21.3783 4
21.3855 6
21.3855 4
21.3927 6
21.3927 4
21.3999 6
21.3999 4
21.4072 6
21.4072 4
21.4156 6
21.4156 4
21.424 6
21.424 4
21.4312 6
21.4312 4
21.4384 6
21.4384 4
21.4456 6
21.4456 4
21.4528 6
21.4528 4
21.4612 6
21.4612 4
21.4684 6
21.4684 4
21.4756 6
21.4756 4
21.4829 6
21.4829 4
21.4913 6
21.4913 4
21.4997 6
21.4997 4
21.5069 6
21.5069 4
21.5117 6
21.5117 4
21.5165 6
21.5165 4
21.5213 6
21.5213 4
21.5261 6
21.5261 4
21.5321 6
21.5321 4
21.7313 116.502
21.7313 118.502
21.7388 120.502
21.9368 122.502
21.944 124.502
21.9514 126.502
21.9599 128.502
21.9671 130.502
21.9743 132.502
21.9815 131.245
21.9899 129.301
21.9983 127.734
22.0055 126.296
22.0127 125.038
22.0199 123.869
22.0271 122.914
22.0356 122.079
22.0428 121.348
22.05 120.641
22.0572 120.089
22.0656 119.674
22.074 119.378
22.0812 119.119
22.0884 118.825
22.0956 118.567
22.1028 118.275
22.1113 118.153
22.1185 118.048
22.1257 117.887
22.1329 117.747
22.1413 117.692
22.1569 117.66
22.1713 117.635
22.1785 117.594
22.4056 119.594
22.6508 117.594
24.0699 116.371
24.1456 118.371
24.3582 116.371
25.7137 115.307
25.8518 117.307
26.0645 115.307
26.3902 115.401
26.4647 115.42
27.5569 117.42
27.7696 115.42
28.1769 116.088
28.2154 116.393
29.262 118.393
29.4759 116.393
29.8327 117.062
29.9072 117.274
29.9156 117.981
29.9229 118.38
29.9457 118.728
30.9598 120.728
31.1761 118.728
31.664 119.019
31.6712 119.726
32.1831 103.376
32.1831 4
32.1915 6
32.1915 4
32.1987 6
32.1987 4
32.2071 6
32.2071 4
32.2143 6
32.2143 4
32.2215 6
32.2215 4
32.2287 6
32.2287 4
32.2359 6
32.2359 4
32.2431 6
32.2431 4
32.2504 6
32.2504 4
32.2588 6
32.2588 4
32.266 6
32.266 4
32.2744 6
32.2744 4
32.2816 6
32.2816 4
32.2888 6
32.2888 4
32.296 6
32.296 4
32.3032 6
32.3032 4
32.3104 6
32.3104 4
32.3176 6
32.3176 4
32.3261 6
32.3261 4
32.3333 6
32.3333 4
32.3405 6
32.3405 4
32.3489 6
32.3489 4
32.3561 6
32.3561 4
32.3633 6
32.3633 4
32.3705 6
32.3705 4
32.3777 6
32.3777 4
32.3849 6
32.3849 4
32.3933 6
32.3933 4
32.4006 6
32.4006 4
32.4078 6
32.4078 4
32.4162 6
32.4162 4
32.4234 6
32.4234 4
32.4306 6
32.4306 4
32.4378 6
32.4378 4
32.445 6
32.445 4
32.4522 6
32.4522 4
32.4606 6
32.4606 4
32.4678 6
32.4678 4
32.4751 6
32.4751 4
32.4835 6
32.4835 4
32.4907 6
32.4907 4
32.4979 6
32.4979 4
32.5051 6
32.5051 4
32.5123 6
32.5123 4
32.5183 6
32.5183 4
32.5243 6
32.5243 4
32.5291 6
32.5291 4
32.5339 6
32.5339 4
32.7306 119.726
32.7306 121.726
32.7391 123.726
32.9359 125.726
32.9442 127.726
32.9514 129.726
32.9586 131.726
32.9658 133.726
32.973 135.726
32.9803 137.726
32.9887 139.726
32.9959 141.726
33.0043 140.954
33.0115 138.195
33.0187 135.781
33.0259 133.6
33.0331 131.76
33.0403 130.151
33.0475 128.674
33.056 127.45
33.0632 126.448
33.0716 125.57
33.0788 124.803
33.086 124.131
33.0932 123.544
33.1004 123.03
33.1076 122.579
33.1148 122.186
33.1232 121.91
33.1305 121.669
33.1389 121.526
33.1461 121.401
33.1533 121.291
33.1605 121.195
33.1677 121.044
33.1749 120.91
33.1821 120.862
33.1905 120.82
33.1977 120.783
33.861 122.783
34.0797 120.783
34.3813 120.803
34.4258 121.28
35.5805 123.28
35.7968 121.28
36.0984 121.424
36.1345 121.863
36.1417 122.327
37.294 124.327
37.5079 122.327
37.9188 122.753
37.926 123.183
37.9333 123.202
39.0063 125.202
39.2214 123.202
40.7222 125.202
40.9373 123.202
41.8685 121.952
42.4381 123.952
42.6531 121.952
43.2023 122.177
43.2023 4
43.2107 6
43.2107 4
43.2179 6
43.2179 4
43.2251 6
43.2251 4
43.2335 6
43.2335 4
43.2419 6
43.2419 4
43.2503 6
43.2503 4
43.2599 6
43.2599 4
43.2684 6
43.2684 4
43.2756 6
43.2756 4
43.2828 6
43.2828 4
43.2912 6
43.2912 4
43.2984 6
43.2984 4
43.3056 6
43.3056 4
43.3128 6
43.3128 4
43.32 6
43.32 4
43.3272 6
43.3272 4
43.3356 6
43.3356 4
43.3429 6
43.3429 4
43.3501 6
43.3501 4
43.3573 6
43.3573 4
43.3645 6
43.3645 4
43.3729 6
43.3729 4
43.3801 6
43.3801 4
43.3873 6
43.3873 4
43.3945 6
43.3945 4
43.4017 6
43.4017 4
43.4089 6
43.4089 4
43.4174 6
43.4174 4
43.4246 6
43.4246 4
43.4318 6
43.4318 4
43.439 6
43.439 4
43.4462 6
43.4462 4
43.4546 6
43.4546 4
43.4618 6
43.4618 4
43.469 6
43.469 4
43.4762 6
43.4762 4
43.4834 6
43.4834 4
43.4907 6
43.4907 4
43.4991 6
43.4991 4
43.5063 6
43.5063 4
43.5135 6
43.5135 4
43.5207 6
43.5207 4
43.5279 6
43.5279 4
43.5363 6
43.5363 4
43.5435 6
43.5435 4
43.5507 6
43.5507 4
43.5567 6
43.5567 4
43.5615 6
43.5615 4
43.5664 6
43.5664 4
43.5712 6
43.5712 4
43.576 6
43.576 4
43.5808 6
43.5808 4
43.5832 6
43.5832 4
43.7823 121.952
43.7823 123.952
43.7895 125.952
43.9874 127.952
43.9948 129.952
44.0032 131.952
44.0104 133.952
44.0176 135.952
44.0248 137.952
44.0332 139.952
44.0404 141.952
44.0477 143.952
44.0549 144.338
44.0621 141.007
44.0705 138.093
44.0777 135.543
44.0849 133.311
44.0921 131.358
44.0993 129.65
44.1077 128.223
44.1149 126.907
44.1222 125.823
44.1294 124.874
44.1378 124.045
44.1462 123.454
44.1534 122.939
44.1606 122.419
44.1678 121.964
44.1762 121.702
44.1834 121.405
44.1906 121.144
44.1979 120.917
44.2063 120.786
44.2135 120.671
44.2207 120.503
44.2279 120.356
44.2351 120.295
44.2435 120.242
44.2507 120.195
44.2579 120.154
44.2651 120.119
44.2724 122.087
44.5103 120.087
45.6554 117.834
45.784 117.863
46.0315 119.863
46.2442 117.863
47.7414 119.863
47.9529 117.863
48.6882 116.784
49.4524 118.784
49.6663 116.784
51.1816 118.784
51.3978 116.784
51.4771 115.223
51.7643 115.302
51.828 115.389
51.8352 115.751
51.8605 115.991
51.8677 116.365
51.8833 116.741
52.9143 118.741
53.1317 116.741
53.6208 116.908
53.6641 117.251
53.6725 117.509
54.2757 107.968
54.2757 4
54.2841 6
54.2841 4
54.2913 6
54.2913 4
54.2985 6
54.2985 4
54.3069 6
54.3069 4
54.3141 6
54.3141 4
54.3225 6
54.3225 4
54.3297 6
54.3297 4
54.337 6
54.337 4
54.3454 6
54.3454 4
54.3526 6
54.3526 4
54.361 6
54.361 4
54.3682 6
54.3682 4
54.3754 6
54.3754 4
54.385 6
54.385 4
54.3922 6
54.3922 4
54.4006 6
54.4006 4
54.4078 6
54.4078 4
54.4151 6
54.4151 4
54.4235 6
54.4235 4
54.4307 6
54.4307 4
54.4391 6
54.4391 4
54.4463 6
54.4463 4
54.4535 6
54.4535 4
54.4619 6
54.4619 4
54.4691 6
54.4691 4
54.4775 6
54.4775 4
54.4847 6
54.4847 4
54.492 6
54.492 4
54.5004 6
54.5004 4
54.5076 6
54.5076 4
54.516 6
54.516 4
54.5232 6
54.5232 4
54.5316 6
54.5316 4
54.5388 6
54.5388 4
54.546 6
54.546 4
54.5544 6
54.5544 4
54.5617 6
54.5617 4
54.5701 6
54.5701 4
54.5773 6
54.5773 4
54.5845 6
54.5845 4
54.5929 6
54.5929 4
54.6001 6
54.6001 4
54.6073 6
54.6073 4
54.6121 6
54.6121 4
54.6169 6
54.6169 4
54.6217 6
54.6217 4
54.6265 6
54.6265 4
54.6313 6
54.6313 4
54.6362 6
54.6362 4
54.641 6
54.641 4
54.6458 6
54.6458 4
54.8462 121.952
54.8462 123.952
54.8536 125.952
55.0524 127.952
55.0597 129.952
55.0669 131.952
55.0753 133.952
55.0825 135.952
55.0909 137.952
55.0981 139.952
55.1054 141.565
55.1138 138.466
55.121 135.687
55.1294 133.39
55.1366 131.313
55.1438 129.496
55.1522 128.039
55.1594 126.698
55.1666 125.525
55.175 124.566
55.1823 123.726
55.1907 122.991
55.1979 122.348
55.2051 121.786
55.2135 121.36
55.2207 120.989
55.2291 120.731
55.2363 120.504
55.2435 120.24
55.252 120.075
55.2592 119.931
55.2664 119.805
55.2748 119.695
55.282 119.598
55.3289 121.598
55.5632 119.598
57.0784 121.598
57.2947 119.598
57.3511 116.282
58.6333 116.074
58.8207 118.074
59.0382 116.074
59.5056 116.453
60.563 118.453
60.7817 116.453
61.272 116.526
62.3053 118.526
62.5264 116.526
64.0332 118.526
64.2543 116.526
65.2901 115.771
65.2901 4
65.2973 6
65.2973 4
65.3057 6
65.3057 4
65.3141 6
65.3141 4
65.3214 6
65.3214 4
65.3298 6
65.3298 4
65.337 6
65.337 4
65.3454 6
65.3454 4
65.3526 6
65.3526 4
65.361 6
65.361 4
65.3694 6
65.3694 4
65.3766 6
65.3766 4
65.385 6
65.385 4
65.3923 6
65.3923 4
65.4007 6
65.4007 4
65.4091 6
65.4091 4
65.4175 6
65.4175 4
65.4259 6
65.4259 4
65.4331 6
65.4331 4
65.4415 6
65.4415 4
65.4487 6
65.4487 4
65.4571 6
65.4571 4
65.4656 6
65.4656 4
65.4728 6
65.4728 4
65.4812 6
65.4812 4
65.4884 6
65.4884 4
65.4968 6
65.4968 4
65.504 6
65.504 4
65.5124 6
65.5124 4
65.5208 6
65.5208 4
65.528 6
65.528 4
65.5364 6
65.5364 4
65.5437 6
65.5437 4
65.5521 6
65.5521 4
65.5605 6
65.5605 4
65.5677 6
65.5677 4
65.5761 6
65.5761 4
65.5833 6
65.5833 4
65.5917 6
65.5917 4
65.5989 6
65.5989 4
65.6073 6
65.6073 4
65.6158 6
65.6158 4
65.623 6
65.623 4
65.6314 6
65.6314 4
65.6386 6
65.6386 4
65.647 6
65.647 4
65.6554 6
65.6554 4
65.6626 6
65.6626 4
65.671 6
65.671 4
65.6782 6
65.6782 4
65.683 6
65.683 4
65.6878 6
65.6878 4
65.6927 6
65.6927 4
65.6975 6
65.6975 4
65.7023 6
65.7023 4
65.7071 6
65.7071 4
65.9076 121.952
65.9076 123.952
65.9152 125.952
66.1129 127.952
66.1207 129.952
66.1293 131.952
66.1377 133.952
66.1461 135.952
66.1534 137.952
66.1618 139.952
66.1702 141.952
66.1774 139.228
66.1858 135.923
66.1942 133.161
66.2014 130.68
66.2098 128.508
66.217 126.673
66.2254 125.066
66.2339 123.662
66.2411 122.432
66.2495 121.421
66.2579 120.537
66.2663 119.827
66.2747 119.271
66.2819 118.72
66.2903 118.302
66.2987 117.937
66.306 117.617
66.3144 117.403
66.3228 117.215
66.33 117.05
66.3384 116.971
66.3456 116.837
66.354 116.785
66.3696 116.755
66.8287 118.755
67.0473 116.755
67.8644 114.794
68.5782 116.794
68.7981 114.794
70.3421 116.794
70.5644 114.794
70.9453 113.92
72.1109 115.92
72.3344 113.92
73.5624 112.878
73.8772 114.878
74.0983 112.878
75.628 114.878
75.7938 113.742
75.8539 111.742
76.1963 111.839
76.2035 112.119
76.2107 112.4
76.2252 112.682
76.373 114.496
76.373 4
76.3814 6
76.3814 4
76.391 6
76.391 4
76.4006 6
76.4006 4
76.4102 6
76.4102 4
76.4198 6
76.4198 4
76.4294 6
76.4294 4
76.4378 6
76.4378 4
76.4475 6
76.4475 4
76.4571 6
76.4571 4
76.4679 6
76.4679 4
76.4763 6
76.4763 4
76.4847 6
76.4847 4
76.4931 6
76.4931 4
76.5015 6
76.5015 4
76.5099 6
76.5099 4
76.5184 6
76.5184 4
76.5256 6
76.5256 4
76.534 6
76.534 4
76.5436 6
76.5436 4
76.552 6
76.552 4
76.5592 6
76.5592 4
76.5676 6
76.5676 4
76.576 6
76.576 4
76.5844 6
76.5844 4
76.5941 6
76.5941 4
76.6013 6
76.6013 4
76.6097 6
76.6097 4
76.6181 6
76.6181 4
76.6265 6
76.6265 4
76.6337 6
76.6337 4
76.6421 6
76.6421 4
76.6505 6
76.6505 4
76.6589 6
76.6589 4
76.6662 6
76.6662 4
76.6734 6
76.6734 4
76.6818 6
76.6818 4
76.689 6
76.689 4
76.6986 6
76.6986 4
76.7034 6
76.7034 4
76.7082 6
76.7082 4
76.713 6
76.713 4
76.7178 6
76.7178 4
76.7226 6
76.7226 4
76.7286 6
76.7286 4
76.7334 6
76.7334 4
76.7382 6
76.7382 4
76.7431 6
76.7431 4
76.7479 6
76.7479 4
76.9445 121.952
76.9445 123.952
76.9544 125.952
77.1509 127.952
77.1581 129.952
77.1666 131.952
77.175 133.952
77.1846 135.952
77.1918 137.952
77.2002 139.952
77.2086 140.893
77.217 136.951
77.2242 133.44
77.2338 130.43
77.2423 127.858
77.2507 125.609
77.2579 123.578
77.2663 121.863
77.2747 120.363
77.2843 119.175
77.2915 118.073
77.2999 117.108
77.3083 116.327
77.3168 115.644
77.324 114.983
77.3336 114.53
77.342 114.133
77.3504 113.849
77.3576 113.537
77.366 113.327
77.3744 113.144
77.384 113.108
77.3913 113.014
77.3997 112.932
77.4081 112.922
77.4165 112.914
77.4237 112.844
77.8803 114.844
78.1038 112.844
78.3898 114.282
78.4138 114.472
78.4391 114.672
79.6382 116.672
79.8581 114.672
80.2559 114.711
80.2727 115.069
80.3292 115.609
81.4034 117.609
81.6209 115.609
83.1698 117.609
83.386 115.609
84.8123 115.026
84.9337 117.026
85.156 115.026
86.5847 113.171
86.7061 115.171
86.9272 113.171
87.0137 113.415
87.0209 113.702
87.427 113.203
87.427 4
87.4366 6
87.4366 4
87.445 6
87.445 4
87.4547 6
87.4547 4
87.4655 6
87.4655 4
87.4739 6
87.4739 4
87.4847 6
87.4847 4
87.4943 6
87.4943 4
87.5051 6
87.5051 4
87.5159 6
87.5159 4
87.5243 6
87.5243 4
87.5352 6
87.5352 4
87.5448 6
87.5448 4
87.5544 6
87.5544 4
87.5616 6
87.5616 4
87.57 6
87.57 4
87.5772 6
87.5772 4
87.5856 6
87.5856 4
87.594 6
87.594 4
87.6013 6
87.6013 4
87.6097 6
87.6097 4
87.6181 6
87.6181 4
87.6265 6
87.6265 4
87.6349 6
87.6349 4
87.6433 6
87.6433 4
87.6517 6
87.6517 4
87.6589 6
87.6589 4
87.6673 6
87.6673 4
87.6758 6
87.6758 4
87.683 6
87.683 4
87.6914 6
87.6914 4
87.6998 6
87.6998 4
87.707 6
87.707 4
87.713 6
87.713 4
87.7178 6
87.7178 4
87.7226 6
87.7226 4
87.7274 6
87.7274 4
87.7322 6
87.7322 4
87.737 6
87.737 4
87.7418 6
87.7418 4
87.7466 6
87.7466 4
87.7515 6
87.7515 4
87.7563 6
87.7563 4
87.7611 6
87.7611 4
87.7671 6
87.7671 4
87.7719 6
87.7719 4
87.7743 6
87.7743 4
87.7767 6
87.7767 4
87.7791 6
87.7791 4
87.9822 121.952
87.9822 123.952
87.9901 125.952
88.1885 127.952
88.1969 129.952
88.2053 131.952
88.2137 133.952
88.2221 135.952
88.2293 137.952
88.2377 135.684
88.2461 132.498
88.2533 129.646
88.2617 127.152
88.2702 125.032
88.2774 123.114
88.287 121.499
88.2954 120.148
88.3038 118.966
88.311 117.932
88.3194 117.028
88.3278 116.235
88.335 115.543
88.3435 114.937
88.3519 114.407
88.3591 113.943
88.3675 113.599
88.3771 113.425
88.3855 113.273
88.3927 113.076
88.4011 112.967
88.4095 112.872
88.4168 112.725
88.4252 112.66
88.4336 112.603
88.4408 112.49
88.4492 112.454
88.4576 112.423
88.907 114.423
89.1293 112.423
89.3672 112.471
89.3876 112.924
89.3949 114.924
89.3997 115.922
89.4309 116.392
89.4393 116.695
90.6565 118.695
90.8776 116.695
92.4133 118.695
92.6296 116.695
93.2304 116.494
94.1544 118.494
94.3695 116.494
95.8931 118.494
95.976 114.589
96.1082 112.589
97.645 114.589
97.8589 112.589
98.0584 113.382
98.0824 114.155
98.1113 115.523
98.1329 116.26
98.2807 116.766
98.4609 112.949
98.4609 4
98.4705 6
98.4705 4
98.4802 6
98.4802 4
98.4874 6
98.4874 4
98.4958 6
98.4958 4
98.5042 6
98.5042 4
98.5114 6
98.5114 4
98.521 6
98.521 4
98.5294 6
98.5294 4
98.5366 6
98.5366 4
98.545 6
98.545 4
98.5523 6
98.5523 4
98.5607 6
98.5607 4
98.5691 6
98.5691 4
98.5763 6
98.5763 4
98.5847 6
98.5847 4
98.5931 6
98.5931 4
98.6003 6
98.6003 4
98.6087 6
98.6087 4
98.6159 6
98.6159 4
98.6243 6
98.6243 4
98.6328 6
98.6328 4
98.6412 6
98.6412 4
98.6496 6
98.6496 4
98.6568 6
98.6568 4
98.6652 6
98.6652 4
98.6724 6
98.6724 4
98.6808 6
98.6808 4
98.6892 6
98.6892 4
98.6964 6
98.6964 4
98.7049 6
98.7049 4
98.7121 6
98.7121 4
98.7205 6
98.7205 4
98.7265 6
98.7265 4
98.7313 6
98.7313 4
98.7361 6
98.7361 4
98.7409 6
98.7409 4
98.7457 6
98.7457 4
98.7505 6
98.7505 4
98.7553 6
98.7553 4
98.7613 6
98.7613 4
98.7661 6
98.7661 4
98.7709 6
98.7709 4
98.7757 6
98.7757 4
98.7806 6
98.7806 4
98.7854 6
98.7854 4
98.789 6
98.789 4
98.7914 6
98.7914 4
98.7938 6
98.7938 4
98.7962 6
98.7962 4
98.7986 6
98.7986 4
98.801 6
98.801 4
99.0039 121.952
99.0039 123.952
99.0115 125.952
99.2107 127.952
99.2179 129.952
99.2264 131.952
99.2348 133.952
99.242 135.952
99.2504 137.952
99.2588 139.741
99.266 136.579
99.2744 133.811
99.2828 131.456
99.29 129.395
99.2985 127.657
99.3057 126.07
99.3141 124.748
99.3225 123.657
99.3309 122.701
99.3393 121.931
99.3477 121.322
99.3549 120.724
99.3633 120.267
99.3718 119.931
99.379 119.573
99.3874 119.39
99.3958 119.229
99.403 119.024
99.4114 118.975
99.4186 118.867
99.427 118.838
99.7094 120.838
99.9353 118.838
