0 0
0.1 0
0.2 0
0.3 0
0.4 0
0.5 0
0.6 0
0.7 0
0.8 0
0.9 0
1 0
1.1 0
1.2 54
1.3 138
1.4 215
1.5 230
1.6 233
1.7 230
1.8 230
1.9 231
2 231
2.1 230
2.2 231
2.3 231
2.4 232
2.5 231
2.6 230
2.7 230
2.8 230
2.9 202
3 147
3.1 94
3.2 39
3.3 0
3.4 0
3.5 0
3.6 0
3.7 0
3.8 0
3.9 0
4 0
4.1 0
4.2 0
4.3 0
4.4 0
4.5 0
4.6 0
4.7 0
4.8 0
4.9 0
5 0
5.1 0
5.2 0
5.3 0
5.4 0
5.5 0
5.6 0
5.7 0
5.8 0
5.9 0
6 0
6.1 0
6.2 0
6.3 0
6.4 0
6.5 0
6.6 0
6.7 0
6.8 0
6.9 0
7 0
7.1 0
7.2 0
7.3 0
7.4 0
7.5 0
7.6 0
7.7 0
7.8 0
7.9 0
8 0
8.1 0
8.2 0
8.3 0
8.4 0
8.5 0
8.6 0
8.7 0
8.8 0
8.9 0
9 0
9.1 0
9.2 0
9.3 0
9.4 0
9.5 0
9.6 0
9.7 0
9.8 0
9.9 0
10 0
10.1 3
10.2 12
10.3 0
10.4 0
10.5 0
10.6 0
10.7 0
10.8 0
10.9 0
11 0
11.1 0
11.2 0
11.3 0
11.4 0
11.5 0
11.6 0
11.7 0
11.8 0
11.9 0
12 0
12.1 0
12.2 0
12.3 0
12.4 0
12.5 0
12.6 0
12.7 0
12.8 0
12.9 0
13 0
13.1 0
13.2 0
13.3 0
13.4 0
13.5 0
13.6 0
13.7 0
13.8 0
13.9 0
14 0
14.1 0
14.2 0
14.3 0
14.4 0
14.5 0
14.6 0
14.7 0
14.8 0
14.9 0
15 0
15.1 0
15.2 0
15.3 0
15.4 0
15.5 0
15.6 0
15.7 0
15.8 0
15.9 0
16 0
16.1 0
16.2 0
16.3 0
16.4 0
16.5 0
16.6 0
16.7 0
16.8 0
16.9 0
17 0
17.1 0
17.2 0
17.3 0
17.4 0
17.5 0
17.6 0
17.7 0
17.8 0
17.9 0
18 0
18.1 0
18.2 0
18.3 1
18.4 0
18.5 0
18.6 0
18.7 0
18.8 0
18.9 0
19 0
19.1 0
19.2 0
19.3 0
19.4 0
19.5 0
19.6 0
19.7 0
19.8 0
19.9 4
20 10
20.1 0
20.2 0
20.3 0
20.4 0
20.5 0
20.6 0
20.7 0
20.8 0
20.9 0
21 0
21.1 0
21.2 0
21.3 0
21.4 0
21.5 0
21.6 0
21.7 0
21.8 0
21.9 0
22 0
22.1 0
22.2 0
22.3 0
22.4 0
22.5 0
22.6 0
22.7 0
22.8 0
22.9 0
23 0
23.1 0
23.2 0
23.3 0
23.4 0
23.5 0
23.6 0
23.7 0
23.8 0
23.9 0
24 0
24.1 0
24.2 0
24.3 0
24.4 0
24.5 0
24.6 0
24.7 0
24.8 0
24.9 0
25 0
25.1 0
25.2 0
25.3 0
25.4 0
25.5 0
25.6 0
25.7 0
25.8 0
25.9 0
26 0
26.1 0
26.2 0
26.3 0
26.4 0
26.5 0
26.6 0
26.7 0
26.8 0
26.9 0
27 0
27.1 0
27.2 0
27.3 0
27.4 0
27.5 0
27.6 0
27.7 6
27.8 10
27.9 0
28 0
28.1 0
28.2 0
28.3 0
28.4 0
28.5 0
28.6 0
28.7 0
28.8 0
28.9 0
29 0
29.1 0
29.2 0
29.3 4
29.4 25
29.5 27
29.6 8
29.7 0
29.8 0
29.9 0
30 0
30.1 0
30.2 2
30.3 2
30.4 4
30.5 6
30.6 8
30.7 10
30.8 12
30.9 14
31 28
31.1 51
31.2 53
31.3 34
31.4 22
31.5 24
31.6 25
31.7 27
31.8 29
31.9 31
32 33
32.1 33
32.2 22
32.3 0
32.4 0
32.5 0
32.6 0
32.7 0
32.8 0
32.9 0
33 0
33.1 0
33.2 0
33.3 0
33.4 0
33.5 0
33.6 0
33.7 0
33.8 0
33.9 0
34 0
34.1 0
34.2 0
34.3 0
34.4 0
34.5 0
34.6 0
34.7 0
34.8 0
34.9 0
35 0
35.1 0
35.2 0
35.3 0
35.4 0
35.5 0
35.6 0
35.7 0
35.8 0
35.9 0
36 0
36.1 0
36.2 0
36.3 0
36.4 0
36.5 0
36.6 0
36.7 0
36.8 0
36.9 0
37 0
37.1 0
37.2 0
37.3 0
37.4 1
37.5 16
37.6 0
37.7 0
37.8 0
37.9 0
38 0
38.1 0
38.2 0
38.3 0
38.4 0
38.5 1
38.6 4
38.7 7
38.8 10
38.9 13
39 19
39.1 42
39.2 59
39.3 48
39.4 33
39.5 28
39.6 31
39.7 34
39.8 37
39.9 39
40 42
40.1 45
40.2 47
40.3 50
40.4 52
40.5 54
40.6 57
40.7 65
40.8 84
40.9 100
41 91
41.1 74
41.2 69
41.3 71
41.4 74
41.5 77
41.6 80
41.7 82
41.8 86
41.9 89
42 91
42.1 92
42.2 94
42.3 96
42.4 101
42.5 108
42.6 103
42.7 88
42.8 70
42.9 62
43 65
43.1 67
43.2 56
43.3 0
43.4 0
43.5 0
43.6 0
43.7 0
43.8 0
43.9 0
44 0
44.1 0
44.2 0
44.3 0
44.4 0
44.5 0
44.6 0
44.7 0
44.8 0
44.9 0
45 0
45.1 0
45.2 0
45.3 0
45.4 0
45.5 0
45.6 0
45.7 0
45.8 0
45.9 0
46 0
46.1 0
46.2 0
46.3 0
46.4 0
46.5 0
46.6 0
46.7 0
46.8 0
46.9 0
47 0
47.1 0
47.2 0
47.3 0
47.4 0
47.5 0
47.6 0
47.7 0
47.8 0
47.9 0
48 0
48.1 0
48.2 0
48.3 0
48.4 0
48.5 0
48.6 0
48.7 0
48.8 0
48.9 0
49 0
49.1 0
49.2 0
49.3 0
49.4 0
49.5 0
49.6 11
49.7 20
49.8 0
49.9 0
50 0
50.1 0
50.2 0
50.3 0
50.4 0
50.5 0
50.6 0
50.7 0
50.8 0
50.9 0
51 0
51.1 0
51.2 8
51.3 31
51.4 44
51.5 26
51.6 11
51.7 9
51.8 11
51.9 12
52 14
52.1 16
52.2 18
52.3 19
52.4 22
52.5 23
52.6 26
52.7 28
52.8 30
52.9 36
53 58
53.1 74
53.2 60
53.3 45
53.4 43
53.5 45
53.6 46
53.7 48
53.8 50
53.9 53
54 56
54.1 56
54.2 59
54.3 33
54.4 0
54.5 0
54.6 0
54.7 0
54.8 0
54.9 0
55 0
55.1 0
55.2 0
55.3 0
55.4 0
55.5 0
55.6 0
55.7 0
55.8 0
55.9 0
56 0
56.1 0
56.2 0
56.3 0
56.4 0
56.5 0
56.6 0
56.7 0
56.8 0
56.9 0
57 0
57.1 0
57.2 0
57.3 21
57.4 4
57.5 0
57.6 0
57.7 0
57.8 0
57.9 0
58 0
58.1 0
58.2 0
58.3 0
58.4 0
58.5 0
58.6 0
58.7 0
58.8 2
58.9 20
59 39
59.1 33
59.2 14
59.3 6
59.4 8
59.5 10
59.6 12
59.7 13
59.8 16
59.9 17
60 20
60.1 23
60.2 24
60.3 26
60.4 28
60.5 33
60.6 45
60.7 66
60.8 72
60.9 54
61 44
61.1 43
61.2 47
61.3 51
61.4 53
61.5 56
61.6 58
61.7 62
61.8 65
61.9 69
62 71
62.1 73
62.2 79
62.3 90
62.4 102
62.5 106
62.6 88
62.7 78
62.8 72
62.9 74
63 78
63.1 82
63.2 85
63.3 87
63.4 91
63.5 94
63.6 97
63.7 101
63.8 103
63.9 106
64 109
64.1 115
64.2 106
64.3 93
64.4 81
64.5 73
64.6 75
64.7 78
64.8 80
64.9 84
65 87
65.1 90
65.2 93
65.3 81
65.4 8
65.5 0
65.6 0
65.7 0
65.8 0
65.9 0
66 0
66.1 0
66.2 0
66.3 0
66.4 0
66.5 0
66.6 0
66.7 0
66.8 0
66.9 0
67 0
67.1 0
67.2 0
67.3 0
67.4 0
67.5 0
67.6 0
67.7 0
67.8 0
67.9 0
68 0
68.1 0
68.2 0
68.3 0
68.4 0
68.5 0
68.6 0
68.7 22
68.8 32
68.9 18
69 5
69.1 3
69.2 7
69.3 10
69.4 14
69.5 17
69.6 21
69.7 25
69.8 28
69.9 32
70 36
70.1 40
70.2 44
70.3 53
70.4 71
70.5 87
70.6 90
70.7 74
70.8 64
70.9 69
71 72
71.1 77
71.2 80
71.3 84
71.4 87
71.5 91
71.6 94
71.7 98
71.8 101
71.9 105
72 112
72.1 113
72.2 117
72.3 110
72.4 95
72.5 84
72.6 80
72.7 83
72.8 86
72.9 91
73 93
73.1 97
73.2 100
73.3 106
73.4 108
73.5 111
73.6 113
73.7 114
73.8 114
73.9 113
74 110
74.1 103
74.2 91
74.3 80
74.4 79
74.5 82
74.6 82
74.7 85
74.8 87
74.9 91
75 94
75.1 97
75.2 99
75.3 103
75.4 106
75.5 110
75.6 113
75.7 109
75.8 103
75.9 91
76 81
76.1 72
76.2 75
76.3 74
76.4 33
76.5 0
76.6 0
76.7 0
76.8 0
76.9 0
77 0
77.1 0
77.2 0
77.3 0
77.4 0
77.5 0
77.6 0
77.7 0
77.8 0
77.9 0
78 0
78.1 0
78.2 0
78.3 0
78.4 0
78.5 0
78.6 0
78.7 0
78.8 0
78.9 0
79 0
79.1 0
79.2 0
79.3 0
79.4 0
79.5 0
79.6 4
79.7 26
79.8 36
79.9 33
80 22
80.1 17
80.2 23
80.3 28
80.4 32
80.5 36
80.6 43
80.7 48
80.8 51
80.9 57
81 62
81.1 67
81.2 73
81.3 86
81.4 98
81.5 105
81.6 108
81.7 95
81.8 88
81.9 88
82 93
82.1 93
82.2 97
82.3 102
82.4 107
82.5 112
82.6 115
82.7 118
82.8 118
82.9 119
83 121
83.1 120
83.2 116
83.3 111
83.4 103
83.5 93
83.6 89
83.7 90
83.8 90
83.9 95
84 98
84.1 105
84.2 110
84.3 113
84.4 116
84.5 117
84.6 119
84.7 120
84.8 121
84.9 111
85 105
85.1 101
85.2 95
85.3 85
85.4 82
85.5 81
85.6 85
85.7 89
85.8 91
85.9 96
86 99
86.1 102
86.2 106
86.3 108
86.4 112
86.5 109
86.6 99
86.7 93
86.8 94
86.9 90
87 82
87.1 73
87.2 70
87.3 72
87.4 43
87.5 0
87.6 0
87.7 0
87.8 0
87.9 0
88 0
88.1 0
88.2 0
88.3 0
88.4 0
88.5 0
88.6 0
88.7 0
88.8 0
88.9 0
89 0
89.1 0
89.2 0
89.3 0
89.4 0
89.5 0
89.6 0
89.7 0
89.8 0
89.9 0
90 0
90.1 0
90.2 0
90.3 0
90.4 0
90.5 0
90.6 14
90.7 32
90.8 42
90.9 47
91 39
91.1 33
91.2 39
91.3 45
91.4 51
91.5 56
91.6 62
91.7 68
91.8 75
91.9 80
92 87
92.1 92
92.2 101
92.3 110
92.4 111
92.5 117
92.6 112
92.7 103
92.8 94
92.9 93
93 93
93.1 95
93.2 102
93.3 107
93.4 113
93.5 116
93.6 120
93.7 119
93.8 118
93.9 121
94 122
94.1 118
94.2 114
94.3 110
94.4 106
94.5 98
94.6 91
94.7 90
94.8 93
94.9 100
95 105
95.1 110
95.2 115
95.3 119
95.4 120
95.5 119
95.6 121
95.7 121
95.8 112
95.9 106
96 94
96.1 93
96.2 81
96.3 71
96.4 64
96.5 66
96.6 68
96.7 71
96.8 74
96.9 75
97 77
97.1 79
97.2 81
97.3 91
97.4 92
97.5 86
97.6 79
97.7 85
97.8 87
97.9 82
98 71
98.1 64
98.2 68
98.3 71
98.4 50
98.5 0
98.6 0
98.7 0
98.8 0
98.9 0
99 0
99.1 0
99.2 0
99.3 0
99.4 0
99.5 0
99.6 0
99.7 0
99.8 0
99.9 0
100 0
