0.1 0.00448
0.2 0
0.3 1.20416
0.4 0
0.5 1.8
0.6 0.36
0.7 1.8
0.8 2.28
0.9 2.76
1 3.36
1.1 5.64
1.2 7.2
1.3 6.72
1.4 6.24
1.5 3.84
1.6 3.36
1.7 3.24
1.8 3.36
1.9 3.24
2 3.48
2.1 3.24
2.2 3.36
2.3 3.36
2.4 3.36
2.5 3.24
2.6 3.48
2.7 3.36
2.8 3.12
2.9 2.04
3 1.08
3.1 1.2
3.2 1.2
3.3 1.2
3.4 1.08
3.5 3.24
3.6 4.2
3.7 3.36
3.8 2.64
3.9 2.88
4 3.36
4.1 3.36
4.2 3.48
4.3 3.36
4.4 3.36
4.5 3.36
4.6 3.36
4.7 3.36
4.8 3.48
4.9 3.36
5 3.36
5.1 3.72
5.2 4.08
5.3 3.72
5.4 2.52
5.5 2.76
5.6 3.36
5.7 3.36
5.8 3.24
5.9 3.36
6 3.36
6.1 3.36
6.2 3.36
6.3 3.36
6.4 3.36
6.5 3.36
6.6 3.36
6.7 3.36
6.8 4.2
6.9 4.08
7 2.52
7.1 2.52
7.2 3.36
7.3 3.36
7.4 3.36
7.5 3.36
7.6 3.24
7.7 3.36
7.8 3.36
7.9 3.36
8 3.36
8.1 3.36
8.2 3.36
8.3 3.36
8.4 4.08
8.5 4.2
8.6 2.64
8.7 2.52
8.8 3.24
8.9 3.36
9 3.36
9.1 3.36
9.2 3.36
9.3 3.36
9.4 3.36
9.5 3.36
9.6 3.48
9.7 3.36
9.8 3.36
9.9 3.36
10 3.96
10.1 4.2
10.2 3.12
10.3 0.12
10.4 0
10.5 0
10.6 0.48
10.7 0
10.8 2.28
10.9 3.36
11 3.48
11.1 3.36
11.2 3.48
11.3 4.2
11.4 4.2
11.5 3.6
11.6 2.64
11.7 2.76
11.8 3.36
11.9 3.48
12 3.36
12.1 3.36
12.2 3.48
12.3 3.36
12.4 3.36
12.5 3.48
12.6 3.36
12.7 3.48
12.8 3.36
12.9 3.36
13 3.72
13.1 4.32
13.2 3.72
13.3 2.52
13.4 2.76
13.5 3.36
13.6 3.36
13.7 3.48
13.8 3.36
13.9 3.36
14 3.48
14.1 3.36
14.2 3.48
14.3 3.36
14.4 3.36
14.5 3.48
14.6 3.36
14.7 3.84
14.8 4.2
14.9 3.6
15 2.64
15.1 2.88
15.2 3.36
15.3 3.48
15.4 3.48
15.5 3.48
15.6 3.36
15.7 3.6
15.8 3.48
15.9 3.48
16 3.48
16.1 3.48
16.2 3.48
16.3 3.48
16.4 3.96
16.5 4.32
16.6 3.72
16.7 2.52
16.8 3
16.9 3.48
17 3.48
17.1 3.48
17.2 3.48
17.3 3.6
17.4 3.48
17.5 3.48
17.6 3.48
17.7 3.48
17.8 3.6
17.9 3.48
18 3.48
18.1 3.96
18.2 4.44
18.3 3.72
18.4 2.64
18.5 2.76
18.6 3.48
18.7 3.6
18.8 3.48
18.9 3.48
19 3.48
19.1 3.48
19.2 3.6
19.3 3.48
19.4 3.48
19.5 3.48
19.6 3.48
19.7 3.6
19.8 3.84
19.9 4.32
20 3.84
20.1 2.64
20.2 2.76
20.3 3.48
20.4 3.48
20.5 3.6
20.6 3.48
20.7 3.48
20.8 3.48
20.9 3.48
21 3.6
21.1 3.48
21.2 3.48
21.3 2.64
21.4 0
21.5 0
21.6 0.48
21.7 0
21.8 1.92
21.9 3.6
22 3.48
22.1 3.6
22.2 3.48
22.3 3.6
22.4 3.48
22.5 4.32
22.6 4.44
22.7 3.48
22.8 2.64
22.9 3
23 3.6
23.1 3.6
23.2 3.48
23.3 3.6
23.4 3.48
23.5 3.6
23.6 3.48
23.7 3.6
23.8 3.48
23.9 3.6
24 3.48
24.1 3.6
24.2 3.96
24.3 4.32
24.4 3.6
24.5 2.64
24.6 2.88
24.7 3.48
24.8 3.48
24.9 3.48
25 3.48
25.1 3.48
25.2 3.48
25.3 3.48
25.4 3.48
25.5 3.48
25.6 3.48
25.7 3.48
25.8 3.48
25.9 4.08
26 4.32
26.1 3.36
26.2 2.52
26.3 3
26.4 3.48
26.5 3.48
26.6 3.48
26.7 3.48
26.8 3.48
26.9 3.48
27 3.48
27.1 3.48
27.2 3.48
27.3 3.48
27.4 3.48
27.5 3.48
27.6 4.2
27.7 4.32
27.8 3.36
27.9 2.64
28 2.88
28.1 3.48
28.2 3.48
28.3 3.48
28.4 3.48
28.5 3.48
28.6 3.48
28.7 3.48
28.8 3.48
28.9 3.48
29 3.48
29.1 3.48
29.2 3.48
29.3 4.2
29.4 4.32
29.5 3.12
29.6 2.64
29.7 3.12
29.8 3.48
29.9 3.48
30 3.36
30.1 3.48
30.2 3.48
30.3 3.48
30.4 3.48
30.5 3.48
30.6 3.48
30.7 3.48
30.8 3.48
30.9 3.48
31 4.2
31.1 4.32
31.2 3
31.3 2.64
31.4 3.12
31.5 3.48
31.6 3.48
31.7 3.48
31.8 3.48
31.9 3.48
32 3.36
32.1 3.48
32.2 3
32.3 0
32.4 0
32.5 0
32.6 0.48
32.7 0
32.8 2.28
32.9 3.36
33 3.48
33.1 3.48
33.2 3.48
33.3 3.48
33.4 3.48
33.5 3.36
33.6 3.48
33.7 3.48
33.8 3.48
33.9 3.84
34 4.32
34.1 3.6
34.2 2.64
34.3 2.76
34.4 3.48
34.5 3.36
34.6 3.48
34.7 3.36
34.8 3.36
34.9 3.48
35 3.36
35.1 3.36
35.2 3.48
35.3 3.36
35.4 3.36
35.5 3.48
35.6 3.72
35.7 4.32
35.8 3.72
35.9 2.52
36 2.76
36.1 3.36
36.2 3.36
36.3 3.36
36.4 3.36
36.5 3.48
36.6 3.36
36.7 3.36
36.8 3.36
36.9 3.48
37 3.36
37.1 3.36
37.2 3.36
37.3 3.6
37.4 4.2
37.5 4.2
37.6 2.52
37.7 2.52
37.8 3.24
37.9 3.36
38 3.36
38.1 3.48
38.2 3.36
38.3 3.36
38.4 3.36
38.5 3.36
38.6 3.36
38.7 3.48
38.8 3.36
38.9 3.36
39 3.36
39.1 4.32
39.2 4.2
39.3 2.64
39.4 2.52
39.5 3.12
39.6 3.36
39.7 3.36
39.8 3.36
39.9 3.24
40 3.36
40.1 3.36
40.2 3.36
40.3 3.36
40.4 3.36
40.5 3.36
40.6 3.36
40.7 3.36
40.8 4.08
40.9 4.2
41 2.76
41.1 2.52
41.2 3
41.3 3.36
41.4 3.36
41.5 3.36
41.6 3.36
41.7 3.36
41.8 3.36
41.9 3.24
42 3.36
42.1 3.24
42.2 3.36
42.3 3.24
42.4 3.36
42.5 3.6
42.6 3.12
42.7 2.64
42.8 2.4
42.9 2.88
43 3.24
43.1 3.36
43.2 3
43.3 0
43.4 0
43.5 0
43.6 0.48
43.7 0
43.8 0.72
43.9 3.24
44 3.36
44.1 3.24
44.2 3.36
44.3 3.6
44.4 4.08
44.5 4.2
44.6 2.76
44.7 2.4
44.8 3
44.9 3.24
45 3.24
45.1 3.24
45.2 3.24
45.3 3.24
45.4 3.24
45.5 3.24
45.6 3.24
45.7 3.24
45.8 3.24
45.9 3.24
46 3.24
46.1 3.96
46.2 4.08
46.3 2.88
46.4 2.52
46.5 2.88
46.6 3.24
46.7 3.24
46.8 3.24
46.9 3.24
47 3.24
47.1 3.24
47.2 3.24
47.3 3.24
47.4 3.24
47.5 3.24
47.6 3.24
47.7 3.24
47.8 3.6
47.9 3.96
48 3.48
48.1 2.4
48.2 2.64
48.3 3.12
48.4 3.24
48.5 3.24
48.6 3.24
48.7 3.24
48.8 3.24
48.9 3.12
49 3.24
49.1 3.24
49.2 3.24
49.3 3.24
49.4 3.24
49.5 3.48
49.6 3.96
49.7 3.84
49.8 2.4
49.9 2.4
50 3.12
50.1 3.24
50.2 3.24
50.3 3.24
50.4 3.12
50.5 3.24
50.6 3.24
50.7 3.24
50.8 3.24
50.9 3.24
51 3.24
51.1 3.24
51.2 3.48
51.3 3.96
51.4 3.84
51.5 2.4
51.6 2.52
51.7 3.12
51.8 3.24
51.9 3.24
52 3.24
52.1 3.24
52.2 3.24
52.3 3.24
52.4 3.24
52.5 3.24
52.6 3.24
52.7 3.24
52.8 3.24
52.9 3.36
53 4.08
53.1 3.96
53.2 2.4
53.3 2.4
53.4 3.12
53.5 3.24
53.6 3.24
53.7 3.24
53.8 3.24
53.9 3.24
54 3.12
54.1 3.24
54.2 3.24
54.3 2.88
54.4 0
54.5 0
54.6 0
54.7 0.36
54.8 0
54.9 1.68
55 3.24
55.1 3.24
55.2 3.24
55.3 3.12
55.4 3.84
55.5 3.96
55.6 3.6
55.7 2.4
55.8 2.52
55.9 3.24
56 3.12
56.1 3.24
56.2 3.24
56.3 3.24
56.4 3.24
56.5 3.12
56.6 3.24
56.7 3.24
56.8 3.24
56.9 3.12
57 3.24
57.1 3.36
57.2 3.96
57.3 4.08
57.4 2.4
57.5 2.4
57.6 2.88
57.7 3.12
57.8 3.12
57.9 3.12
58 3.12
58.1 3.12
58.2 3.12
58.3 3.12
58.4 3.12
58.5 3.12
58.6 3.12
58.7 3.12
58.8 3.12
58.9 3.72
59 3.96
59.1 3
59.2 2.4
59.3 2.52
59.4 3.12
59.5 3.12
59.6 3.24
59.7 3.12
59.8 3.12
59.9 3.24
60 3.12
60.1 3.12
60.2 3.24
60.3 3.12
60.4 3.12
60.5 3.12
60.6 3.36
60.7 3.96
60.8 3.84
60.9 2.4
61 2.4
61.1 3.12
61.2 3.12
61.3 3.12
61.4 3.24
61.5 3.12
61.6 3.24
61.7 3.12
61.8 3.24
61.9 3.12
62 3.24
62.1 3.12
62.2 3.24
62.3 3.12
62.4 3.84
62.5 3.72
62.6 2.4
62.7 2.4
62.8 2.64
62.9 3.24
63 3.12
63.1 3.24
63.2 3.12
63.3 3.24
63.4 3.12
63.5 3.24
63.6 3.12
63.7 3.24
63.8 3.12
63.9 3.24
64 3.12
64.1 3.36
64.2 3.12
64.3 2.64
64.4 2.4
64.5 2.4
64.6 3.12
64.7 3.24
64.8 3.12
64.9 3.24
65 3.12
65.1 3.12
65.2 3.24
65.3 3.12
65.4 0.96
65.5 0
65.6 0
65.7 0
65.8 0.48
65.9 0
66 2.52
66.1 3.24
66.2 3.12
66.3 3.24
66.4 3.24
66.5 3.24
66.6 3.12
66.7 3.24
66.8 3.24
66.9 3.6
67 3.96
67.1 3.6
67.2 2.4
67.3 2.4
67.4 3.24
67.5 3.12
67.6 3.24
67.7 3.24
67.8 3.24
67.9 3.24
68 3.12
68.1 3.24
68.2 3.24
68.3 3.24
68.4 3.24
68.5 3.12
68.6 3.24
68.7 4.08
68.8 3.96
68.9 2.76
69 2.4
69.1 2.88
69.2 3.24
69.3 3.24
69.4 3.24
69.5 3.24
69.6 3.24
69.7 3.24
69.8 3.24
69.9 3.24
70 3.24
70.1 3.24
70.2 3.24
70.3 3.36
70.4 3.6
70.5 4.08
70.6 3.6
70.7 2.4
70.8 2.52
70.9 3.24
71 3.24
71.1 3.24
71.2 3.24
71.3 3.24
71.4 3.36
71.5 3.24
71.6 3.24
71.7 3.24
71.8 3.24
71.9 3.24
72 3.24
72.1 3.24
72.2 3.48
72.3 3.12
72.4 2.52
72.5 2.4
72.6 2.88
72.7 3.24
72.8 3.24
72.9 3.24
73 3.24
73.1 3.24
73.2 3.24
73.3 3.24
73.4 3.24
73.5 3.24
73.6 3.24
73.7 3.12
73.8 3.12
73.9 3.24
74 3.24
74.1 3.12
74.2 2.28
74.3 2.4
74.4 3
74.5 3.24
74.6 3.12
74.7 3.24
74.8 3.24
74.9 3.24
75 3.12
75.1 3.24
75.2 3.24
75.3 3.12
75.4 3.24
75.5 3.24
75.6 3.12
75.7 3.6
75.8 3
75.9 2.52
76 2.4
76.1 2.64
76.2 3.12
76.3 3.24
76.4 2.28
76.5 0
76.6 0
76.7 0
76.8 0.48
76.9 0
77 1.68
77.1 3.24
77.2 3.24
77.3 3.24
77.4 3.24
77.5 3.24
77.6 3.24
77.7 3.24
77.8 3.24
77.9 3.36
78 4.08
78.1 4.08
78.2 2.4
78.3 2.4
78.4 3.12
78.5 3.24
78.6 3.36
78.7 3.24
78.8 3.24
78.9 3.24
79 3.36
79.1 3.24
79.2 3.24
79.3 3.24
79.4 3.36
79.5 3.24
79.6 3.24
79.7 3.96
79.8 4.08
79.9 3.12
80 2.4
80.1 2.88
80.2 3.24
80.3 3.36
80.4 3.24
80.5 3.24
80.6 3.24
80.7 3.36
80.8 3.24
80.9 3.24
81 3.24
81.1 3.36
81.2 3.24
81.3 3.24
81.4 3.6
81.5 4.08
81.6 3.12
81.7 2.4
81.8 2.52
81.9 3.24
82 3.24
82.1 3.36
82.2 3.24
82.3 3.24
82.4 3.24
82.5 3.24
82.6 3.24
82.7 3.24
82.8 3.12
82.9 3
83 3.24
83.1 3.12
83.2 3.36
83.3 3
83.4 2.4
83.5 2.4
83.6 3
83.7 3.24
83.8 3.24
83.9 3.24
84 3.24
84.1 3.24
84.2 3.24
84.3 3.36
84.4 3.24
84.5 3.12
84.6 3.12
84.7 3
84.8 3.24
84.9 2.88
85 3.12
85.1 2.52
85.2 2.4
85.3 2.4
85.4 3.24
85.5 3.12
85.6 3.12
85.7 3.24
85.8 3.12
85.9 3.12
86 3.24
86.1 3.12
86.2 3.12
86.3 3.24
86.4 3.12
86.5 3
86.6 3.12
86.7 3.36
86.8 2.88
86.9 2.4
87 2.4
87.1 2.76
87.2 3.12
87.3 3.24
87.4 3.12
87.5 0.12
87.6 0
87.7 0
87.8 0.48
87.9 0
88 0.96
88.1 3.12
88.2 3.24
88.3 3.12
88.4 3.12
88.5 3.24
88.6 3.12
88.7 3.12
88.8 3.24
88.9 3.12
89 3.96
89.1 3.96
89.2 2.64
89.3 2.4
89.4 2.88
89.5 3.24
89.6 3.36
89.7 3.24
89.8 3.24
89.9 3.24
90 3.36
90.1 3.24
90.2 3.24
90.3 3.24
90.4 3.36
90.5 3.24
90.6 3.24
90.7 3.72
90.8 4.08
90.9 3.48
91 2.52
91.1 2.64
91.2 3.24
91.3 3.24
91.4 3.36
91.5 3.24
91.6 3.24
91.7 3.24
91.8 3.36
91.9 3.24
92 3.24
92.1 3.36
92.2 3.24
92.3 3.24
92.4 3.36
92.5 3.72
92.6 3.12
92.7 2.16
92.8 2.52
92.9 3
93 3.24
93.1 3.24
93.2 3.24
93.3 3.36
93.4 3.24
93.5 3.24
93.6 3.12
93.7 3.12
93.8 3
93.9 3
94 3.24
94.1 3
94.2 3.36
94.3 3
94.4 2.52
94.5 2.4
94.6 2.64
94.7 3.36
94.8 3.24
94.9 3.24
95 3.24
95.1 3.24
95.2 3.24
95.3 3.24
95.4 3.12
95.5 3
95.6 3
95.7 3.24
95.8 3
95.9 3.36
96 2.28
96.1 2.76
96.2 2.4
96.3 2.4
96.4 3
96.5 3.12
96.6 3.12
96.7 3.12
96.8 3.24
96.9 3.12
97 3.12
97.1 3.12
97.2 3.12
97.3 3.12
97.4 3.12
97.5 3.12
97.6 3.12
97.7 3.72
97.8 2.88
97.9 2.52
98 2.28
98.1 2.76
98.2 3.24
98.3 3.24
98.4 3.24
98.5 0.48
98.6 0
98.7 0
98.8 0.36
98.9 0
99 0.72
99.1 3.24
99.2 3.12
99.3 3.24
99.4 3.24
99.5 3.24
99.6 3.24
99.7 3.24
99.8 4.08
99.9 3.96
100 2.64
