0.2 0.00448
0.3 0
0.4 0.0208
0.5 0
0.6 0.03328
0.7 0.00416
0.8 0.02912
0.9 0.0416
1 0.04992
1.1 0.05408
1.2 0.05824
1.3 0.05824
1.4 0.05408
1.5 0.0624
1.6 0.05408
1.7 0.05824
1.8 0.05824
1.9 0.05824
2 0.05824
2.1 0.05824
2.2 0.05824
2.3 0.05824
2.4 0.05408
2.5 0.05824
2.6 0.05824
2.7 0.05824
2.8 0.05824
2.9 0.05824
3 0.05824
3.1 0.05408
3.2 0.05824
3.3 0.05824
3.4 0.05824
3.5 0.05824
3.6 0.0624
3.7 0.05824
3.8 0.05408
3.9 0.05408
4 0.0624
4.1 0.05824
4.2 0.05824
4.3 0.05824
4.4 0.05824
4.5 0.05408
4.6 0.05824
4.7 0.05824
4.8 0.05824
4.9 0.05824
5 0.05824
5.1 0.05824
5.2 0.05824
5.3 0.0624
5.4 0.05408
5.5 0.05408
5.6 0.05824
5.7 0.0624
5.8 0.05824
5.9 0.05824
6 0.05824
6.1 0.05824
6.2 0.05824
6.3 0.05824
6.4 0.05824
6.5 0.05824
6.6 0.05824
6.7 0.05824
6.8 0.0624
6.9 0.05824
7 0.05824
7.1 0.05824
7.2 0.05824
7.3 0.05824
7.4 0.05824
7.5 0.05824
7.6 0.05824
7.7 0.05824
7.8 0.05824
7.9 0.05824
8 0.05824
8.1 0.05824
8.2 0.05824
8.3 0.0624
8.4 0.05824
8.5 0.05824
8.6 0.05824
8.7 0.05824
8.8 0.05824
8.9 0.05824
9 0.05824
9.1 0.05824
9.2 0.05824
9.3 0.05824
9.4 0.0624
9.5 0.05824
9.6 0.05824
9.7 0.05824
9.8 0.05824
9.9 0.05824
10 0.05824
10.1 0.05824
10.2 0.05824
10.3 0.05824
10.4 0.05824
10.5 0.02496
10.6 0
10.7 0.00832
10.8 0
10.9 0.03744
11 0.05824
11.1 0.05824
11.2 0.05824
11.3 0.05824
11.4 0.05824
11.5 0.05824
11.6 0.05824
11.7 0.05824
11.8 0.05824
11.9 0.05824
12 0.05824
12.1 0.05824
12.2 0.05824
12.3 0.05824
12.4 0.05824
12.5 0.05824
12.6 0.05824
12.7 0.05824
12.8 0.05824
12.9 0.05824
13 0.05824
13.1 0.05824
13.2 0.05824
13.3 0.05824
13.4 0.05824
13.5 0.05408
13.6 0.05824
13.7 0.05824
13.8 0.05824
13.9 0.05824
14 0.05824
14.1 0.05824
14.2 0.05824
14.3 0.05824
14.4 0.05824
14.5 0.05824
14.6 0.05824
14.7 0.05824
14.8 0.05824
14.9 0.05408
15 0.05824
15.1 0.0624
15.2 0.05824
15.3 0.05408
15.4 0.05824
15.5 0.05824
15.6 0.05824
15.7 0.05824
15.8 0.05824
15.9 0.05824
16 0.05408
16.1 0.05824
16.2 0.05824
16.3 0.05824
16.4 0.05824
16.5 0.05408
16.6 0.05824
16.7 0.05824
16.8 0.05824
16.9 0.05408
17 0.05824
17.1 0.05824
17.2 0.05824
17.3 0.05824
17.4 0.05408
17.5 0.05824
17.6 0.05824
17.7 0.05824
17.8 0.05824
17.9 0.05408
18 0.05824
18.1 0.05824
18.2 0.05824
18.3 0.05824
18.4 0.05408
18.5 0.05408
18.6 0.05824
18.7 0.0624
18.8 0.05408
18.9 0.05824
19 0.05824
19.1 0.05824
19.2 0.05824
19.3 0.05408
19.4 0.05824
19.5 0.05824
19.6 0.05824
19.7 0.05824
19.8 0.05408
19.9 0.05824
20 0.0624
20.1 0.05824
20.2 0.04992
20.3 0.05824
20.4 0.0624
20.5 0.05824
20.6 0.05824
20.7 0.05408
20.8 0.05824
20.9 0.05824
21 0.05824
21.1 0.05824
21.2 0.05824
21.3 0.05824
21.4 0.05824
21.5 0.00416
21.6 0.00416
21.7 0.00416
21.8 0
21.9 0.05824
22 0.05824
22.1 0.05824
22.2 0.05824
22.3 0.05824
22.4 0.05824
22.5 0.05824
22.6 0.0624
22.7 0.05408
22.8 0.05824
22.9 0.05824
23 0.05824
23.1 0.05824
23.2 0.05824
23.3 0.05824
23.4 0.05824
23.5 0.05824
23.6 0.05824
23.7 0.05824
23.8 0.05824
23.9 0.05824
24 0.05824
24.1 0.05824
24.2 0.05824
24.3 0.05824
24.4 0.05824
24.5 0.0624
24.6 0.05408
24.7 0.05824
24.8 0.0624
24.9 0.05824
25 0.05824
25.1 0.05824
25.2 0.05824
25.3 0.0624
25.4 0.05824
25.5 0.05824
25.6 0.05824
25.7 0.05824
25.8 0.05824
25.9 0.05824
26 0.05824
26.1 0.0624
26.2 0.05824
26.3 0.05408
26.4 0.0624
26.5 0.05824
26.6 0.05824
26.7 0.0624
26.8 0.05824
26.9 0.05824
27 0.05824
27.1 0.05824
27.2 0.05824
27.3 0.05824
27.4 0.0624
27.5 0.05824
27.6 0.05824
27.7 0.05824
27.8 0.0624
27.9 0.05824
28 0.05408
28.1 0.05824
28.2 0.0624
28.3 0.05824
28.4 0.05824
28.5 0.0624
28.6 0.05824
28.7 0.05824
28.8 0.05824
28.9 0.0624
29 0.05824
29.1 0.05824
29.2 0.05824
29.3 0.05824
29.4 0.0624
29.5 0.0624
29.6 0.05824
29.7 0.05408
29.8 0.05824
29.9 0.0624
30 0.05824
30.1 0.05824
30.2 0.05824
30.3 0.0624
30.4 0.05824
30.5 0.05824
30.6 0.05824
30.7 0.05824
30.8 0.05824
30.9 0.05824
31 0.0624
31.1 0.05824
31.2 0.05824
31.3 0.0624
31.4 0.05824
31.5 0.05408
31.6 0.05824
31.7 0.0624
31.8 0.05824
31.9 0.05824
32 0.05824
32.1 0.05824
32.2 0.05824
32.3 0.05824
32.4 0.05824
32.5 0.01248
32.6 0
32.7 0.00832
32.8 0
32.9 0.04992
33 0.05824
33.1 0.05824
33.2 0.0624
33.3 0.05824
33.4 0.05824
33.5 0.05824
33.6 0.05824
33.7 0.05824
33.8 0.05824
33.9 0.05824
34 0.0624
34.1 0.05824
34.2 0.05824
34.3 0.04992
34.4 0.0624
34.5 0.05824
34.6 0.0624
34.7 0.05824
34.8 0.05824
34.9 0.05824
35 0.05824
35.1 0.05824
35.2 0.05824
35.3 0.05824
35.4 0.0624
35.5 0.05824
35.6 0.05824
35.7 0.05824
35.8 0.0624
35.9 0.05824
36 0.04992
36.1 0.05824
36.2 0.06656
36.3 0.05824
36.4 0.05824
36.5 0.05824
36.6 0.0624
36.7 0.05824
36.8 0.05824
36.9 0.05824
37 0.0624
37.1 0.05824
37.2 0.05824
37.3 0.05824
37.4 0.05824
37.5 0.07072
37.6 0.05824
37.7 0.04992
37.8 0.05408
37.9 0.0624
38 0.0624
38.1 0.0624
38.2 0.05824
38.3 0.0624
38.4 0.05824
38.5 0.05824
38.6 0.0624
38.7 0.05824
38.8 0.0624
38.9 0.05824
39 0.0624
39.1 0.05824
39.2 0.06656
39.3 0.0624
39.4 0.0624
39.5 0.04576
39.6 0.05824
39.7 0.06656
39.8 0.0624
39.9 0.0624
40 0.05824
40.1 0.0624
40.2 0.05824
40.3 0.0624
40.4 0.0624
40.5 0.05824
40.6 0.0624
40.7 0.05824
40.8 0.0624
40.9 0.05824
41 0.06656
41.1 0.0624
41.2 0.05824
41.3 0.04576
41.4 0.0624
41.5 0.06656
41.6 0.0624
41.7 0.0624
41.8 0.05824
41.9 0.0624
42 0.05824
42.1 0.0624
42.2 0.0624
42.3 0.05824
42.4 0.0624
42.5 0.0624
42.6 0.0624
42.7 0.0624
42.8 0.05824
42.9 0.05824
43 0.05408
43.1 0.06656
43.2 0.06656
43.3 0.0624
43.4 0.05824
43.5 0.03328
43.6 0
43.7 0.00832
43.8 0
43.9 0.03328
44 0.0624
44.1 0.0624
44.2 0.0624
44.3 0.05824
44.4 0.06656
44.5 0.0624
44.6 0.0624
44.7 0.05824
44.8 0.0624
44.9 0.0624
45 0.0624
45.1 0.0624
45.2 0.0624
45.3 0.0624
45.4 0.0624
45.5 0.0624
45.6 0.0624
45.7 0.0624
45.8 0.0624
45.9 0.0624
46 0.0624
46.1 0.0624
46.2 0.06656
46.3 0.0624
46.4 0.0624
46.5 0.05824
46.6 0.0624
46.7 0.06656
46.8 0.0624
46.9 0.0624
47 0.0624
47.1 0.0624
47.2 0.0624
47.3 0.0624
47.4 0.0624
47.5 0.0624
47.6 0.0624
47.7 0.06656
47.8 0.0624
47.9 0.0624
48 0.06656
48.1 0.0624
48.2 0.05408
48.3 0.0624
48.4 0.07072
48.5 0.0624
48.6 0.0624
48.7 0.06656
48.8 0.0624
48.9 0.0624
49 0.0624
49.1 0.06656
49.2 0.0624
49.3 0.0624
49.4 0.0624
49.5 0.06656
49.6 0.0624
49.7 0.07072
49.8 0.0624
49.9 0.05824
50 0.05824
50.1 0.07072
50.2 0.0624
50.3 0.06656
50.4 0.0624
50.5 0.06656
50.6 0.0624
50.7 0.0624
50.8 0.06656
50.9 0.0624
51 0.06656
51.1 0.0624
51.2 0.0624
51.3 0.06656
51.4 0.06656
51.5 0.06656
51.6 0.0624
51.7 0.05408
51.8 0.06656
51.9 0.06656
52 0.06656
52.1 0.06656
52.2 0.0624
52.3 0.06656
52.4 0.0624
52.5 0.06656
52.6 0.0624
52.7 0.06656
52.8 0.0624
52.9 0.06656
53 0.0624
53.1 0.06656
53.2 0.07072
53.3 0.06656
53.4 0.05408
53.5 0.05824
53.6 0.07072
53.7 0.06656
53.8 0.06656
53.9 0.0624
54 0.06656
54.1 0.0624
54.2 0.06656
54.3 0.06656
54.4 0.0624
54.5 0.06656
54.6 0.00416
54.7 0
54.8 0.00832
54.9 0
55 0.0624
55.1 0.06656
55.2 0.0624
55.3 0.06656
55.4 0.06656
55.5 0.06656
55.6 0.06656
55.7 0.06656
55.8 0.05824
55.9 0.06656
56 0.06656
56.1 0.06656
56.2 0.0624
56.3 0.06656
56.4 0.06656
56.5 0.06656
56.6 0.0624
56.7 0.06656
56.8 0.06656
56.9 0.0624
57 0.06656
57.1 0.06656
57.2 0.06656
57.3 0.06656
57.4 0.06656
57.5 0.06656
57.6 0.05824
57.7 0.06656
57.8 0.07072
57.9 0.06656
58 0.06656
58.1 0.06656
58.2 0.06656
58.3 0.06656
58.4 0.06656
58.5 0.06656
58.6 0.06656
58.7 0.06656
58.8 0.06656
58.9 0.06656
59 0.06656
59.1 0.07072
59.2 0.06656
59.3 0.05408
59.4 0.0624
59.5 0.07488
59.6 0.06656
59.7 0.07072
59.8 0.06656
59.9 0.06656
60 0.06656
60.1 0.06656
60.2 0.06656
60.3 0.06656
60.4 0.06656
60.5 0.06656
60.6 0.06656
60.7 0.06656
60.8 0.07488
60.9 0.07072
61 0.05824
61.1 0.04992
61.2 0.06656
61.3 0.07904
61.4 0.06656
61.5 0.06656
61.6 0.07072
61.7 0.06656
61.8 0.06656
61.9 0.06656
62 0.07072
62.1 0.06656
62.2 0.06656
62.3 0.06656
62.4 0.06656
62.5 0.07072
62.6 0.07488
62.7 0.06656
62.8 0.04992
62.9 0.0624
63 0.07488
63.1 0.07488
63.2 0.06656
63.3 0.06656
63.4 0.07072
63.5 0.06656
63.6 0.06656
63.7 0.06656
63.8 0.07072
63.9 0.06656
64 0.06656
64.1 0.06656
64.2 0.07072
64.3 0.06656
64.4 0.06656
64.5 0.05824
64.6 0.05824
64.7 0.07488
64.8 0.07904
64.9 0.06656
65 0.06656
65.1 0.07072
65.2 0.06656
65.3 0.06656
65.4 0.06656
65.5 0.06656
65.6 0.05408
65.7 0
65.8 0.00832
65.9 0
66 0.0208
66.1 0.07072
66.2 0.06656
66.3 0.06656
66.4 0.06656
66.5 0.07072
66.6 0.06656
66.7 0.07072
66.8 0.06656
66.9 0.06656
67 0.07488
67.1 0.07072
67.2 0.0624
67.3 0.05824
67.4 0.07072
67.5 0.07072
67.6 0.07072
67.7 0.06656
67.8 0.06656
67.9 0.06656
68 0.07072
68.1 0.06656
68.2 0.07072
68.3 0.06656
68.4 0.06656
68.5 0.07072
68.6 0.06656
68.7 0.07072
68.8 0.07488
68.9 0.07072
69 0.05824
69.1 0.05408
69.2 0.07488
69.3 0.07488
69.4 0.07072
69.5 0.06656
69.6 0.06656
69.7 0.07072
69.8 0.06656
69.9 0.07072
70 0.06656
70.1 0.07072
70.2 0.06656
70.3 0.07072
70.4 0.06656
70.5 0.07072
70.6 0.07488
70.7 0.07488
70.8 0.05824
70.9 0.04992
71 0.07072
71.1 0.07904
71.2 0.07072
71.3 0.06656
71.4 0.07072
71.5 0.06656
71.6 0.07072
71.7 0.06656
71.8 0.07072
71.9 0.06656
72 0.07072
72.1 0.07072
72.2 0.06656
72.3 0.07072
72.4 0.06656
72.5 0.06656
72.6 0.05824
72.7 0.0624
72.8 0.07904
72.9 0.07488
73 0.07072
73.1 0.06656
73.2 0.07072
73.3 0.06656
73.4 0.07072
73.5 0.06656
73.6 0.07072
73.7 0.06656
73.8 0.07072
73.9 0.06656
74 0.07072
74.1 0.07072
74.2 0.06656
74.3 0.05824
74.4 0.05824
74.5 0.07488
74.6 0.0832
74.7 0.07072
74.8 0.07072
74.9 0.06656
75 0.06656
75.1 0.07072
75.2 0.07072
75.3 0.06656
75.4 0.07072
75.5 0.07072
75.6 0.06656
75.7 0.07072
75.8 0.07072
75.9 0.07072
76 0.05824
76.1 0.05408
76.2 0.07072
76.3 0.0832
76.4 0.07904
76.5 0.06656
76.6 0.06656
76.7 0
76.8 0.00416
76.9 0.00416
77 0
77.1 0.07072
77.2 0.07072
77.3 0.06656
77.4 0.07072
77.5 0.06656
77.6 0.07072
77.7 0.06656
77.8 0.07072
77.9 0.06656
78 0.07488
78.1 0.07488
78.2 0.0624
78.3 0.04992
78.4 0.07488
78.5 0.07488
78.6 0.07072
78.7 0.07072
78.8 0.06656
78.9 0.07072
79 0.06656
79.1 0.07072
79.2 0.07072
79.3 0.06656
79.4 0.07072
79.5 0.06656
79.6 0.07072
79.7 0.06656
79.8 0.07904
79.9 0.07488
80 0.0624
80.1 0.04576
80.2 0.07072
80.3 0.0832
80.4 0.06656
80.5 0.07072
80.6 0.07072
80.7 0.06656
80.8 0.07072
80.9 0.07072
81 0.07072
81.1 0.06656
81.2 0.07072
81.3 0.07072
81.4 0.06656
81.5 0.07072
81.6 0.07904
81.7 0.07904
81.8 0.04992
81.9 0.04992
82 0.07072
82.1 0.0832
82.2 0.07488
82.3 0.06656
82.4 0.0624
82.5 0.07072
82.6 0.07072
82.7 0.06656
82.8 0.07072
82.9 0.06656
83 0.06656
83.1 0.07072
83.2 0.07072
83.3 0.07072
83.4 0.06656
83.5 0.05824
83.6 0.05824
83.7 0.06656
83.8 0.0832
83.9 0.07904
84 0.07072
84.1 0.0624
84.2 0.07072
84.3 0.06656
84.4 0.07072
84.5 0.07072
84.6 0.06656
84.7 0.06656
84.8 0.06656
84.9 0.07072
85 0.07072
85.1 0.06656
85.2 0.0624
85.3 0.0624
85.4 0.0624
85.5 0.07904
85.6 0.0832
85.7 0.07488
85.8 0.0624
85.9 0.07072
86 0.07072
86.1 0.06656
86.2 0.07488
86.3 0.06656
86.4 0.07072
86.5 0.07072
86.6 0.07072
86.7 0.07072
86.8 0.06656
86.9 0.05408
87 0.05824
87.1 0.0624
87.2 0.07488
87.3 0.07488
87.4 0.07904
87.5 0.07072
87.6 0.07072
87.7 0.00416
87.8 0
87.9 0.00832
88 0
88.1 0.06656
88.2 0.06656
88.3 0.07072
88.4 0.07072
88.5 0.06656
88.6 0.07072
88.7 0.06656
88.8 0.07072
88.9 0.06656
89 0.07904
89.1 0.07072
89.2 0.06656
89.3 0.04576
89.4 0.07488
89.5 0.0832
89.6 0.07072
89.7 0.06656
89.8 0.07072
89.9 0.06656
90 0.07072
90.1 0.06656
90.2 0.07072
90.3 0.06656
90.4 0.07072
90.5 0.06656
90.6 0.07072
90.7 0.07072
90.8 0.07488
90.9 0.07904
91 0.05824
91.1 0.04992
91.2 0.0624
91.3 0.07904
91.4 0.07488
91.5 0.07072
91.6 0.07072
91.7 0.06656
91.8 0.07072
91.9 0.07072
92 0.07072
92.1 0.06656
92.2 0.07072
92.3 0.06656
92.4 0.07072
92.5 0.07072
92.6 0.07904
92.7 0.06656
92.8 0.05408
92.9 0.05408
93 0.07488
93.1 0.0832
93.2 0.07904
93.3 0.0624
93.4 0.0624
93.5 0.07072
93.6 0.06656
93.7 0.07072
93.8 0.07072
93.9 0.06656
94 0.06656
94.1 0.07072
94.2 0.07072
94.3 0.07072
94.4 0.0624
94.5 0.0624
94.6 0.05824
94.7 0.07072
94.8 0.0832
94.9 0.07904
95 0.06656
95.1 0.0624
95.2 0.07072
95.3 0.07072
95.4 0.06656
95.5 0.07072
95.6 0.06656
95.7 0.06656
95.8 0.07072
95.9 0.07072
96 0.07072
96.1 0.0624
96.2 0.05408
96.3 0.05824
96.4 0.07904
96.5 0.07904
96.6 0.0832
96.7 0.0624
96.8 0.07072
96.9 0.07072
97 0.06656
97.1 0.07072
97.2 0.06656
97.3 0.07072
97.4 0.07072
97.5 0.06656
97.6 0.07904
97.7 0.07072
97.8 0.05824
97.9 0.05824
98 0.05824
98.1 0.06656
98.2 0.07488
98.3 0.0832
98.4 0.07488
98.5 0.07072
98.6 0.06656
98.7 0.01664
98.8 0
98.9 0.00832
99 0
99.1 0.05824
99.2 0.06656
99.3 0.06656
99.4 0.07072
99.5 0.06656
99.6 0.07072
99.7 0.06656
99.8 0.07488
99.9 0.07072
100 0.07488
