0.2 0.00448
0.3 0
0.4 0.0208
0.5 0
0.6 0.02912
0.7 0.00832
0.8 0.02912
0.9 0.0416
1 0.04576
1.1 0.05408
1.2 0.05824
1.3 0.05824
1.4 0.05824
1.5 0.05408
1.6 0.05824
1.7 0.05824
1.8 0.05824
1.9 0.05408
2 0.05824
2.1 0.05824
2.2 0.05824
2.3 0.05824
2.4 0.05824
2.5 0.05408
2.6 0.05824
2.7 0.0624
2.8 0.05408
2.9 0.05824
3 0.05824
3.1 0.05824
3.2 0.05824
3.3 0.05824
3.4 0.05824
3.5 0.05824
3.6 0.05408
3.7 0.05824
3.8 0.05824
3.9 0.05824
4 0.05824
4.1 0.05408
4.2 0.05824
4.3 0.05824
4.4 0.05824
4.5 0.05824
4.6 0.05824
4.7 0.05408
4.8 0.05824
4.9 0.05824
5 0.05824
5.1 0.05408
5.2 0.05824
5.3 0.05824
5.4 0.05824
5.5 0.05824
5.6 0.05824
5.7 0.05408
5.8 0.05824
5.9 0.05824
6 0.05824
6.1 0.05408
6.2 0.05824
6.3 0.05824
6.4 0.05408
6.5 0.05824
6.6 0.05824
6.7 0.05824
6.8 0.05408
6.9 0.05824
7 0.05824
7.1 0.05824
7.2 0.05824
7.3 0.05408
7.4 0.05824
7.5 0.05824
7.6 0.05408
7.7 0.05824
7.8 0.05824
7.9 0.05824
8 0.05408
8.1 0.05824
8.2 0.05824
8.3 0.05408
8.4 0.05824
8.5 0.05824
8.6 0.05408
8.7 0.05824
8.8 0.0624
8.9 0.05408
9 0.05824
9.1 0.05408
9.2 0.05824
9.3 0.05824
9.4 0.05408
9.5 0.05824
9.6 0.05408
9.7 0.05824
9.8 0.05824
9.9 0.05824
10 0.05408
10.1 0.05824
10.2 0.05408
10.3 0.05824
10.4 0.05824
10.5 0.0208
10.6 0
10.7 0.00832
10.8 0
10.9 0.0416
11 0.05824
11.1 0.05408
11.2 0.05824
11.3 0.05408
11.4 0.05824
11.5 0.05824
11.6 0.05408
11.7 0.05824
11.8 0.05824
11.9 0.05408
12 0.05824
12.1 0.05408
12.2 0.05824
12.3 0.05408
12.4 0.05824
12.5 0.05408
12.6 0.05824
12.7 0.05408
12.8 0.05824
12.9 0.05824
13 0.05408
13.1 0.05824
13.2 0.05408
13.3 0.05824
13.4 0.05824
13.5 0.05408
13.6 0.05824
13.7 0.05408
13.8 0.05824
13.9 0.05408
14 0.05824
14.1 0.05824
14.2 0.05408
14.3 0.05824
14.4 0.05408
14.5 0.05824
14.6 0.05408
14.7 0.05824
14.8 0.05408
14.9 0.05824
15 0.05408
15.1 0.05824
15.2 0.05824
15.3 0.05408
15.4 0.05408
15.5 0.05824
15.6 0.05408
15.7 0.05824
15.8 0.05408
15.9 0.05824
16 0.05408
16.1 0.05408
16.2 0.05824
16.3 0.05408
16.4 0.05824
16.5 0.05408
16.6 0.05408
16.7 0.05408
16.8 0.0624
16.9 0.05408
17 0.05408
17.1 0.05408
17.2 0.05824
17.3 0.05408
17.4 0.05824
17.5 0.05408
17.6 0.05408
17.7 0.05824
17.8 0.05408
17.9 0.05408
18 0.05824
18.1 0.05408
18.2 0.05824
18.3 0.05408
18.4 0.05408
18.5 0.05824
18.6 0.05408
18.7 0.05408
18.8 0.05824
18.9 0.05408
19 0.05408
19.1 0.05824
19.2 0.05408
19.3 0.05408
19.4 0.05408
19.5 0.05824
19.6 0.05408
19.7 0.05408
19.8 0.05824
19.9 0.05408
20 0.05408
20.1 0.05408
20.2 0.05824
20.3 0.05408
20.4 0.05408
20.5 0.05824
20.6 0.05408
20.7 0.05408
20.8 0.05408
20.9 0.05824
21 0.05408
21.1 0.05408
21.2 0.05408
21.3 0.05824
21.4 0.05408
21.5 0.02496
21.6 0
21.7 0.00832
21.8 0
21.9 0.03744
22 0.05408
22.1 0.05408
22.2 0.05408
22.3 0.05824
22.4 0.05408
22.5 0.05408
22.6 0.05408
22.7 0.05408
22.8 0.05408
22.9 0.05824
23 0.05408
23.1 0.05408
23.2 0.05408
23.3 0.05824
23.4 0.05408
23.5 0.05408
23.6 0.05408
23.7 0.05408
23.8 0.05408
23.9 0.05408
24 0.05824
24.1 0.05408
24.2 0.05408
24.3 0.05408
24.4 0.05408
24.5 0.05408
24.6 0.05824
24.7 0.05408
24.8 0.04992
24.9 0.05824
25 0.05408
25.1 0.05408
25.2 0.05408
25.3 0.05408
25.4 0.05408
25.5 0.05824
25.6 0.05408
25.7 0.05408
25.8 0.05408
25.9 0.05408
26 0.05408
26.1 0.05408
26.2 0.05408
26.3 0.05824
26.4 0.05408
26.5 0.04992
26.6 0.05824
26.7 0.05408
26.8 0.05408
26.9 0.05408
27 0.05408
27.1 0.05408
27.2 0.05408
27.3 0.05408
27.4 0.05408
27.5 0.05408
27.6 0.05408
27.7 0.05408
27.8 0.05408
27.9 0.05408
28 0.05824
28.1 0.05408
28.2 0.05408
28.3 0.05408
28.4 0.05408
28.5 0.05408
28.6 0.05408
28.7 0.05408
28.8 0.05408
28.9 0.05408
29 0.05408
29.1 0.05408
29.2 0.05408
29.3 0.05824
29.4 0.05408
29.5 0.04992
29.6 0.05408
29.7 0.05824
29.8 0.0624
29.9 0.04992
30 0.05408
30.1 0.05408
30.2 0.05408
30.3 0.05408
30.4 0.05408
30.5 0.05824
30.6 0.05408
30.7 0.05408
30.8 0.05824
30.9 0.05408
31 0.05408
31.1 0.05408
31.2 0.05408
31.3 0.05408
31.4 0.05408
31.5 0.06656
31.6 0.05408
31.7 0.04992
31.8 0.05824
31.9 0.05408
32 0.05408
32.1 0.05824
32.2 0.05408
32.3 0.05408
32.4 0.05824
32.5 0.02496
32.6 0
32.7 0.00832
32.8 0
32.9 0.03744
33 0.05408
33.1 0.05824
33.2 0.05408
33.3 0.05824
33.4 0.05408
33.5 0.05408
33.6 0.05824
33.7 0.05408
33.8 0.05824
33.9 0.05408
34 0.05408
34.1 0.05408
34.2 0.05824
34.3 0.0624
34.4 0.05408
34.5 0.05408
34.6 0.05408
34.7 0.05824
34.8 0.05408
34.9 0.05824
35 0.05824
35.1 0.05408
35.2 0.05824
35.3 0.05408
35.4 0.05824
35.5 0.05408
35.6 0.05824
35.7 0.05408
35.8 0.05408
35.9 0.05408
36 0.06656
36.1 0.05408
36.2 0.05408
36.3 0.05408
36.4 0.05824
36.5 0.05408
36.6 0.05824
36.7 0.05824
36.8 0.05408
36.9 0.05824
37 0.05408
37.1 0.05824
37.2 0.05408
37.3 0.05824
37.4 0.05824
37.5 0.04992
37.6 0.05408
37.7 0.0624
37.8 0.0624
37.9 0.05408
38 0.05408
38.1 0.05408
38.2 0.05824
38.3 0.05408
38.4 0.05824
38.5 0.05408
38.6 0.05824
38.7 0.05824
38.8 0.05408
38.9 0.05824
39 0.05408
39.1 0.05824
39.2 0.05408
39.3 0.04992
39.4 0.05824
39.5 0.0624
39.6 0.05824
39.7 0.05408
39.8 0.05408
39.9 0.05824
40 0.05408
40.1 0.05824
40.2 0.05408
40.3 0.05824
40.4 0.05408
40.5 0.05824
40.6 0.05408
40.7 0.05824
40.8 0.05824
40.9 0.05408
41 0.05408
41.1 0.05408
41.2 0.05824
41.3 0.0624
41.4 0.05824
41.5 0.04992
41.6 0.05824
41.7 0.05408
41.8 0.05824
41.9 0.05408
42 0.05824
42.1 0.05408
42.2 0.05824
42.3 0.05408
42.4 0.05824
42.5 0.05408
42.6 0.05824
42.7 0.05408
42.8 0.05824
42.9 0.05408
43 0.0624
43.1 0.05408
43.2 0.05408
43.3 0.05408
43.4 0.05824
43.5 0.05824
43.6 0
43.7 0.00832
43.8 0
43.9 0.00832
44 0.05824
44.1 0.05408
44.2 0.05408
44.3 0.05824
44.4 0.04992
44.5 0.05824
44.6 0.05408
44.7 0.05408
44.8 0.05408
44.9 0.05824
45 0.05408
45.1 0.05824
45.2 0.05408
45.3 0.05408
45.4 0.05824
45.5 0.05408
45.6 0.05408
45.7 0.05824
45.8 0.05408
45.9 0.05408
46 0.05824
46.1 0.05408
46.2 0.04992
46.3 0.05408
46.4 0.05824
46.5 0.05824
46.6 0.05408
46.7 0.05408
46.8 0.05408
46.9 0.05408
47 0.05408
47.1 0.05408
47.2 0.05408
47.3 0.05824
47.4 0.05408
47.5 0.05408
47.6 0.05408
47.7 0.05408
47.8 0.05824
47.9 0.05408
48 0.05408
48.1 0.05408
48.2 0.05824
48.3 0.05408
48.4 0.05408
48.5 0.05408
48.6 0.05408
48.7 0.05408
48.8 0.05408
48.9 0.05408
49 0.05408
49.1 0.05408
49.2 0.05824
49.3 0.05408
49.4 0.05408
49.5 0.05408
49.6 0.05408
49.7 0.04992
49.8 0.05824
49.9 0.05408
50 0.05408
50.1 0.05408
50.2 0.05408
50.3 0.05408
50.4 0.05408
50.5 0.05408
50.6 0.05408
50.7 0.05408
50.8 0.05408
50.9 0.05408
51 0.05408
51.1 0.05408
51.2 0.05408
51.3 0.05408
51.4 0.04992
51.5 0.05408
51.6 0.05408
51.7 0.0624
51.8 0.04992
51.9 0.05408
52 0.04992
52.1 0.05408
52.2 0.05408
52.3 0.05408
52.4 0.05408
52.5 0.05408
52.6 0.05408
52.7 0.05408
52.8 0.05408
52.9 0.05408
53 0.04992
53.1 0.05408
53.2 0.04992
53.3 0.05408
53.4 0.05824
53.5 0.0624
53.6 0.04576
53.7 0.05408
53.8 0.05408
53.9 0.05408
54 0.05408
54.1 0.05408
54.2 0.05408
54.3 0.04992
54.4 0.05408
54.5 0.05408
54.6 0.0416
54.7 0
54.8 0.00832
54.9 0
55 0.02912
55.1 0.05408
55.2 0.05408
55.3 0.05408
55.4 0.05408
55.5 0.04992
55.6 0.05408
55.7 0.05408
55.8 0.05824
55.9 0.05408
56 0.05408
56.1 0.05408
56.2 0.05408
56.3 0.04992
56.4 0.05408
56.5 0.05408
56.6 0.05408
56.7 0.05408
56.8 0.05408
56.9 0.05408
57 0.05408
57.1 0.05408
57.2 0.05408
57.3 0.05408
57.4 0.05408
57.5 0.05408
57.6 0.05408
57.7 0.05408
57.8 0.04992
57.9 0.05824
58 0.04992
58.1 0.05408
58.2 0.05408
58.3 0.05408
58.4 0.05408
58.5 0.04992
58.6 0.05408
58.7 0.05408
58.8 0.05408
58.9 0.05408
59 0.04992
59.1 0.05408
59.2 0.04992
59.3 0.0624
59.4 0.05408
59.5 0.04992
59.6 0.05408
59.7 0.04992
59.8 0.05408
59.9 0.05408
60 0.04992
60.1 0.05408
60.2 0.05408
60.3 0.05408
60.4 0.05408
60.5 0.04992
60.6 0.05408
60.7 0.05408
60.8 0.04992
60.9 0.04992
61 0.05408
61.1 0.0624
61.2 0.05408
61.3 0.04576
61.4 0.05408
61.5 0.05408
61.6 0.04992
61.7 0.05408
61.8 0.04992
61.9 0.05408
62 0.05408
62.1 0.04992
62.2 0.05408
62.3 0.04992
62.4 0.05408
62.5 0.05408
62.6 0.04576
62.7 0.05408
62.8 0.0624
62.9 0.05408
63 0.04992
63.1 0.04992
63.2 0.04992
63.3 0.05408
63.4 0.04992
63.5 0.05408
63.6 0.05408
63.7 0.04992
63.8 0.05408
63.9 0.04992
64 0.05408
64.1 0.05408
64.2 0.04992
64.3 0.05408
64.4 0.05408
64.5 0.05408
64.6 0.05824
64.7 0.04992
64.8 0.04576
64.9 0.05408
65 0.04992
65.1 0.05408
65.2 0.05408
65.3 0.04992
65.4 0.05408
65.5 0.05408
65.6 0.05824
65.7 0.00832
65.8 0
65.9 0.00832
66 0
66.1 0.04576
66.2 0.05408
66.3 0.04992
66.4 0.05408
66.5 0.04992
66.6 0.04992
66.7 0.05408
66.8 0.05408
66.9 0.04992
67 0.04992
67.1 0.04992
67.2 0.05408
67.3 0.05408
67.4 0.04992
67.5 0.04992
67.6 0.05408
67.7 0.05408
67.8 0.04992
67.9 0.04992
68 0.05408
68.1 0.04992
68.2 0.04992
68.3 0.05408
68.4 0.04992
68.5 0.04992
68.6 0.05408
68.7 0.04992
68.8 0.04576
68.9 0.05408
69 0.05408
69.1 0.05408
69.2 0.04992
69.3 0.04992
69.4 0.04992
69.5 0.04992
69.6 0.04992
69.7 0.04992
69.8 0.05408
69.9 0.04992
70 0.04992
70.1 0.04992
70.2 0.04992
70.3 0.05408
70.4 0.04992
70.5 0.04992
70.6 0.04576
70.7 0.04992
70.8 0.05408
70.9 0.05824
71 0.04992
71.1 0.04576
71.2 0.04992
71.3 0.04992
71.4 0.04992
71.5 0.05408
71.6 0.04992
71.7 0.04992
71.8 0.04992
71.9 0.04992
72 0.04992
72.1 0.04992
72.2 0.04992
72.3 0.04992
72.4 0.04992
72.5 0.05408
72.6 0.05408
72.7 0.05408
72.8 0.04576
72.9 0.04576
73 0.04992
73.1 0.05408
73.2 0.04992
73.3 0.04992
73.4 0.04992
73.5 0.04992
73.6 0.04992
73.7 0.04992
73.8 0.04992
73.9 0.05408
74 0.04992
74.1 0.04992
74.2 0.04992
74.3 0.05408
74.4 0.05408
74.5 0.04992
74.6 0.0416
74.7 0.04992
74.8 0.04992
74.9 0.05408
75 0.04992
75.1 0.04992
75.2 0.04992
75.3 0.04992
75.4 0.04992
75.5 0.04992
75.6 0.04992
75.7 0.04992
75.8 0.04992
75.9 0.04992
76 0.05824
76.1 0.05408
76.2 0.04992
76.3 0.0416
76.4 0.04576
76.5 0.04992
76.6 0.05408
76.7 0.0416
76.8 0
76.9 0.00832
77 0
77.1 0.02496
77.2 0.05408
77.3 0.04992
77.4 0.04992
77.5 0.04992
77.6 0.04992
77.7 0.04992
77.8 0.04992
77.9 0.04992
78 0.04576
78.1 0.04992
78.2 0.04992
78.3 0.0624
78.4 0.04576
78.5 0.04576
78.6 0.04992
78.7 0.04992
78.8 0.04992
78.9 0.05408
79 0.04992
79.1 0.04992
79.2 0.04992
79.3 0.04992
79.4 0.04992
79.5 0.04992
79.6 0.04992
79.7 0.04992
79.8 0.04576
79.9 0.04576
80 0.05408
80.1 0.0624
80.2 0.04992
80.3 0.04576
80.4 0.04992
80.5 0.04992
80.6 0.04992
80.7 0.04992
80.8 0.04992
80.9 0.04992
81 0.04992
81.1 0.04992
81.2 0.04992
81.3 0.04992
81.4 0.04992
81.5 0.04992
81.6 0.04576
81.7 0.04576
81.8 0.05824
81.9 0.05824
82 0.05408
82.1 0.04576
82.2 0.04576
82.3 0.04992
82.4 0.05408
82.5 0.04992
82.6 0.04992
82.7 0.04992
82.8 0.04992
82.9 0.04992
83 0.05408
83.1 0.04992
83.2 0.04992
83.3 0.04992
83.4 0.05408
83.5 0.04992
83.6 0.05824
83.7 0.05824
83.8 0.0416
83.9 0.0416
84 0.04992
84.1 0.05408
84.2 0.04992
84.3 0.04992
84.4 0.04992
84.5 0.04992
84.6 0.05408
84.7 0.04992
84.8 0.04992
84.9 0.05408
85 0.04992
85.1 0.04992
85.2 0.05408
85.3 0.05824
85.4 0.05408
85.5 0.04992
85.6 0.04576
85.7 0.0416
85.8 0.05408
85.9 0.04992
86 0.04992
86.1 0.05408
86.2 0.04992
86.3 0.04992
86.4 0.04992
86.5 0.04992
86.6 0.05408
86.7 0.04992
86.8 0.04992
86.9 0.0624
87 0.04992
87.1 0.05824
87.2 0.05408
87.3 0.04992
87.4 0.0416
87.5 0.04576
87.6 0.05408
87.7 0.07072
87.8 0
87.9 0.00832
88 0
88.1 0.00832
88.2 0.04992
88.3 0.04992
88.4 0.05408
88.5 0.04992
88.6 0.04992
88.7 0.04992
88.8 0.05408
88.9 0.04992
89 0.04576
89.1 0.04992
89.2 0.05408
89.3 0.0624
89.4 0.04576
89.5 0.04576
89.6 0.04992
89.7 0.04992
89.8 0.05408
89.9 0.04992
90 0.04992
90.1 0.04992
90.2 0.05408
90.3 0.04992
90.4 0.04992
90.5 0.04992
90.6 0.05408
90.7 0.04992
90.8 0.04576
90.9 0.04576
91 0.05824
91.1 0.05824
91.2 0.05824
91.3 0.04576
91.4 0.04576
91.5 0.04992
91.6 0.04992
91.7 0.05408
91.8 0.04992
91.9 0.04992
92 0.04992
92.1 0.04992
92.2 0.05408
92.3 0.04992
92.4 0.04992
92.5 0.04992
92.6 0.04576
92.7 0.05408
92.8 0.05824
92.9 0.05824
93 0.04576
93.1 0.04576
93.2 0.04576
93.3 0.05408
93.4 0.05408
93.5 0.04992
93.6 0.04992
93.7 0.05408
93.8 0.04992
93.9 0.04992
94 0.05408
94.1 0.04992
94.2 0.04992
94.3 0.04992
94.4 0.05408
94.5 0.05408
94.6 0.05824
94.7 0.04992
94.8 0.04576
94.9 0.04576
95 0.04992
95.1 0.05408
95.2 0.04992
95.3 0.04992
95.4 0.05408
95.5 0.04992
95.6 0.04992
95.7 0.05408
95.8 0.04992
95.9 0.04992
96 0.05408
96.1 0.04992
96.2 0.0624
96.3 0.05824
96.4 0.04576
96.5 0.04576
96.6 0.04576
96.7 0.04992
96.8 0.04992
96.9 0.05408
97 0.04992
97.1 0.04992
97.2 0.04992
97.3 0.05408
97.4 0.04992
97.5 0.04992
97.6 0.04992
97.7 0.04992
97.8 0.05408
97.9 0.05824
98 0.05408
98.1 0.05408
98.2 0.04992
98.3 0.04576
98.4 0.04576
98.5 0.04992
98.6 0.05408
98.7 0.08736
98.8 0.00416
98.9 0
99 0.00832
99.1 0
99.2 0.04992
99.3 0.04992
99.4 0.04992
99.5 0.05408
99.6 0.04992
99.7 0.05408
99.8 0.04992
99.9 0.04576
100 0.05824
