0.1 0.00448
0.2 0
0.3 1.20416
0.4 0
0.5 1.68
0.6 0.48
0.7 1.68
0.8 2.4
0.9 2.76
1 3.24
1.1 5.76
1.2 7.08
1.3 6.72
1.4 6.24
1.5 3.72
1.6 3.36
1.7 3.36
1.8 3.36
1.9 3.36
2 3.12
2.1 3.36
2.2 3.36
2.3 3.36
2.4 3.36
2.5 3.36
2.6 3.12
2.7 3.36
2.8 3.48
2.9 2.04
3 1.2
3.1 1.2
3.2 1.08
3.3 1.2
3.4 1.2
3.5 3
3.6 4.2
3.7 3.48
3.8 2.52
3.9 2.88
4 3.36
4.1 3.36
4.2 3.36
4.3 3.36
4.4 3.36
4.5 3.36
4.6 3.36
4.7 3.36
4.8 3.48
4.9 3.36
5 3.36
5.1 3.48
5.2 4.2
5.3 3.84
5.4 2.52
5.5 2.64
5.6 3.24
5.7 3.36
5.8 3.36
5.9 3.36
6 3.24
6.1 3.36
6.2 3.36
6.3 3.36
6.4 3.24
6.5 3.36
6.6 3.36
6.7 3.24
6.8 4.2
6.9 4.2
7 2.64
7.1 2.4
7.2 3.24
7.3 3.36
7.4 3.36
7.5 3.36
7.6 3.24
7.7 3.36
7.8 3.36
7.9 3.36
8 3.24
8.1 3.36
8.2 3.36
8.3 3.36
8.4 3.84
8.5 4.08
8.6 3.24
8.7 2.52
8.8 2.88
8.9 3.36
9 3.24
9.1 3.36
9.2 3.36
9.3 3.24
9.4 3.36
9.5 3.36
9.6 3.24
9.7 3.36
9.8 3.24
9.9 3.36
10 3.48
10.1 4.2
10.2 3.72
10.3 0.12
10.4 0
10.5 0
10.6 0.36
10.7 0
10.8 2.52
10.9 3.36
11 3.24
11.1 3.36
11.2 3.24
11.3 4.08
11.4 4.2
11.5 3.6
11.6 2.52
11.7 2.52
11.8 3.36
11.9 3.24
12 3.36
12.1 3.24
12.2 3.24
12.3 3.36
12.4 3.24
12.5 3.24
12.6 3.36
12.7 3.24
12.8 3.24
12.9 3.24
13 3.6
13.1 4.08
13.2 3.72
13.3 2.52
13.4 2.52
13.5 3.24
13.6 3.24
13.7 3.36
13.8 3.24
13.9 3.24
14 3.36
14.1 3.24
14.2 3.24
14.3 3.24
14.4 3.24
14.5 3.36
14.6 3.24
14.7 3.48
14.8 4.08
14.9 3.84
15 2.4
15.1 2.52
15.2 3.24
15.3 3.24
15.4 3.24
15.5 3.24
15.6 3.36
15.7 3.24
15.8 3.24
15.9 3.24
16 3.24
16.1 3.24
16.2 3.24
16.3 3.24
16.4 3.48
16.5 4.08
16.6 3.72
16.7 2.52
16.8 2.4
16.9 3.24
17 3.24
17.1 3.24
17.2 3.36
17.3 3.24
17.4 3.24
17.5 3.24
17.6 3.24
17.7 3.24
17.8 3.24
17.9 3.24
18 3.24
18.1 3.6
18.2 4.08
18.3 3.48
18.4 2.4
18.5 2.64
18.6 3.12
18.7 3.24
18.8 3.24
18.9 3.24
19 3.24
19.1 3.24
19.2 3.12
19.3 3.24
19.4 3.24
19.5 3.24
19.6 3.24
19.7 3.12
19.8 3.72
19.9 3.96
20 3.36
20.1 2.4
20.2 2.64
20.3 3.24
20.4 3.24
20.5 3.12
20.6 3.24
20.7 3.24
20.8 3.24
20.9 3.24
21 3.12
21.1 3.24
21.2 3.24
21.3 1.32
21.4 0
21.5 0
21.6 0.48
21.7 0
21.8 2.28
21.9 3.24
22 3.24
22.1 3.24
22.2 3.12
22.3 3.24
22.4 3.24
22.5 3.96
22.6 4.08
22.7 3.24
22.8 2.4
22.9 2.76
23 3.12
23.1 3.24
23.2 3.24
23.3 3.24
23.4 3.24
23.5 3.24
23.6 3.24
23.7 3.12
23.8 3.24
23.9 3.24
24 3.24
24.1 3.24
24.2 3.6
24.3 3.96
24.4 3.36
24.5 2.4
24.6 2.64
24.7 3.12
24.8 3.24
24.9 3.12
25 3.24
25.1 3.12
25.2 3.24
25.3 3.24
25.4 3.12
25.5 3.24
25.6 3.12
25.7 3.24
25.8 3.12
25.9 3.6
26 3.96
26.1 3.36
26.2 2.4
26.3 2.52
26.4 3.12
26.5 3.24
26.6 3.12
26.7 3.12
26.8 3.24
26.9 3.12
27 3.12
27.1 3.24
27.2 3.12
27.3 3.12
27.4 3.24
27.5 3.12
27.6 3.48
27.7 3.96
27.8 3.48
27.9 2.4
28 2.52
28.1 3.12
28.2 3.24
28.3 3.12
28.4 3.24
28.5 3.12
28.6 3.24
28.7 3.12
28.8 3.24
28.9 3.24
29 3.12
29.1 3.24
29.2 3.12
29.3 3.48
29.4 3.96
29.5 3.72
29.6 2.4
29.7 2.4
29.8 3.24
29.9 3.12
30 3.24
30.1 3.36
30.2 3.24
30.3 3.24
30.4 3.24
30.5 3.24
30.6 3.24
30.7 3.24
30.8 3.36
30.9 3.24
31 3.48
31.1 4.08
31.2 3.72
31.3 2.4
31.4 2.52
31.5 3.24
31.6 3.36
31.7 3.24
31.8 3.24
31.9 3.36
32 3.24
32.1 3.24
32.2 2.76
32.3 0
32.4 0
32.5 0
32.6 0.36
32.7 0
32.8 2.28
32.9 3.36
33 3.24
33.1 3.36
33.2 3.24
33.3 3.24
33.4 3.36
33.5 3.24
33.6 3.24
33.7 3.36
33.8 3.24
33.9 3.6
34 4.08
34.1 3.84
34.2 2.52
34.3 2.4
34.4 3.36
34.5 3.24
34.6 3.24
34.7 3.36
34.8 3.24
34.9 3.36
35 3.24
35.1 3.36
35.2 3.24
35.3 3.36
35.4 3.24
35.5 3.36
35.6 3.48
35.7 4.08
35.8 4.08
35.9 2.52
36 2.4
36.1 3.24
36.2 3.36
36.3 3.24
36.4 3.36
36.5 3.36
36.6 3.36
36.7 3.24
36.8 3.36
36.9 3.36
37 3.36
37.1 3.24
37.2 3.36
37.3 3.36
37.4 4.2
37.5 4.08
37.6 2.64
37.7 2.52
37.8 3.12
37.9 3.36
38 3.36
38.1 3.36
38.2 3.36
38.3 3.36
38.4 3.36
38.5 3.36
38.6 3.36
38.7 3.36
38.8 3.36
38.9 3.24
39 3.36
39.1 4.2
39.2 4.2
39.3 2.88
39.4 2.52
39.5 3
39.6 3.36
39.7 3.36
39.8 3.36
39.9 3.36
40 3.36
40.1 3.36
40.2 3.24
40.3 3.36
40.4 3.36
40.5 3.36
40.6 3.36
40.7 3.36
40.8 4.08
40.9 4.08
41 3
41.1 2.52
41.2 2.88
41.3 3.36
41.4 3.36
41.5 3.36
41.6 3.36
41.7 3.36
41.8 3.36
41.9 3.36
42 3.24
42.1 3.36
42.2 3.36
42.3 3.24
42.4 3.36
42.5 3.6
42.6 3.24
42.7 2.76
42.8 2.4
42.9 2.76
43 3.36
43.1 3.24
43.2 3.36
43.3 0.12
43.4 0
43.5 0
43.6 0.36
43.7 0
43.8 0.6
43.9 3.36
44 3.24
44.1 3.24
44.2 3.24
44.3 3.48
44.4 4.08
44.5 4.08
44.6 2.64
44.7 2.52
44.8 3
44.9 3.24
45 3.36
45.1 3.24
45.2 3.24
45.3 3.24
45.4 3.24
45.5 3.36
45.6 3.24
45.7 3.24
45.8 3.24
45.9 3.12
46 3.24
46.1 3.72
46.2 3.96
46.3 3.24
46.4 2.4
46.5 2.64
46.6 3.24
46.7 3.12
46.8 3.24
46.9 3.24
47 3.12
47.1 3.24
47.2 3.24
47.3 3.12
47.4 3.24
47.5 3.24
47.6 3.24
47.7 3.12
47.8 3.72
47.9 3.96
48 3.36
48.1 2.4
48.2 2.64
48.3 3.12
48.4 3.24
48.5 3.24
48.6 3.12
48.7 3.24
48.8 3.12
48.9 3.24
49 3.12
49.1 3.24
49.2 3.12
49.3 3.24
49.4 3.12
49.5 3.6
49.6 3.96
49.7 3.36
49.8 2.4
49.9 2.52
50 3.12
50.1 3.12
50.2 3.24
50.3 3.12
50.4 3.24
50.5 3.12
50.6 3.24
50.7 3.12
50.8 3.24
50.9 3.12
51 3.12
51.1 3.24
51.2 3.36
51.3 3.96
51.4 3.96
51.5 2.28
51.6 2.4
51.7 3
51.8 3.12
51.9 3.12
52 3.24
52.1 3.12
52.2 3.24
52.3 3.12
52.4 3.24
52.5 3.12
52.6 3.12
52.7 3.24
52.8 3.12
52.9 3.24
53 3.84
53.1 3.96
53.2 2.88
53.3 2.4
53.4 2.76
53.5 3.24
53.6 3.12
53.7 3.24
53.8 3.12
53.9 3.24
54 3.12
54.1 3.24
54.2 3.24
54.3 2.4
54.4 0
54.5 0
54.6 0
54.7 0.48
54.8 0
54.9 1.8
55 3.24
55.1 3.24
55.2 3.24
55.3 3.12
55.4 3.84
55.5 4.08
55.6 3.48
55.7 2.4
55.8 2.52
55.9 3.24
56 3.24
56.1 3.24
56.2 3.24
56.3 3.24
56.4 3.12
56.5 3.24
56.6 3.24
56.7 3.24
56.8 3.24
56.9 3.24
57 3.24
57.1 3.36
57.2 3.96
57.3 3.96
57.4 2.4
57.5 2.4
57.6 3
57.7 3.12
57.8 3.12
57.9 3.12
58 3.12
58.1 3.12
58.2 3.24
58.3 3.12
58.4 3.12
58.5 3.12
58.6 3.12
58.7 3.12
58.8 3.12
58.9 3.72
59 3.96
59.1 2.88
59.2 2.4
59.3 2.64
59.4 3.24
59.5 3.12
59.6 3.12
59.7 3.12
59.8 3.12
59.9 3.12
60 3.12
60.1 3.12
60.2 3.12
60.3 3.24
60.4 3.12
60.5 3.12
60.6 3.36
60.7 3.96
60.8 3.72
60.9 2.28
61 2.4
61.1 3.12
61.2 3.12
61.3 3.12
61.4 3.12
61.5 3.24
61.6 3.12
61.7 3.12
61.8 3.12
61.9 3.12
62 3.12
62.1 3.24
62.2 3.12
62.3 3.12
62.4 3.84
62.5 3.6
62.6 2.28
62.7 2.4
62.8 2.76
62.9 3.12
63 3.12
63.1 3.12
63.2 3.12
63.3 3.24
63.4 3.12
63.5 3.12
63.6 3.12
63.7 3.12
63.8 3.12
63.9 3.12
64 3.24
64.1 3.36
64.2 3
64.3 2.52
64.4 2.4
64.5 2.52
64.6 3.12
64.7 3.12
64.8 3.24
64.9 3.12
65 3.12
65.1 3.12
65.2 3.12
65.3 2.88
65.4 0
65.5 0
65.6 0
65.7 0
65.8 0.48
65.9 0
66 2.88
66.1 3.12
66.2 3.12
66.3 3.12
66.4 3.12
66.5 3.12
66.6 3.12
66.7 3.12
66.8 3.12
66.9 3.6
67 3.96
67.1 3
67.2 2.4
67.3 2.52
67.4 3.12
67.5 3.12
67.6 3.12
67.7 3.12
67.8 3.12
67.9 3
68 3.12
68.1 3
68.2 3.12
68.3 3
68.4 3.12
68.5 3
68.6 3.24
68.7 3.84
68.8 3.84
68.9 2.28
69 2.28
69.1 2.88
69.2 3
69.3 3.12
69.4 3
69.5 3.12
69.6 3
69.7 3.12
69.8 3
69.9 3.12
70 3
70.1 3
70.2 3.12
70.3 3
70.4 3.48
70.5 3.84
70.6 3.36
70.7 2.28
70.8 2.4
70.9 3
71 3.12
71.1 3
71.2 3
71.3 3
71.4 3.12
71.5 3
71.6 3
71.7 3
71.8 3.12
71.9 3
72 3
72.1 3
72.2 3.36
72.3 2.88
72.4 2.4
72.5 2.28
72.6 2.52
72.7 3.12
72.8 3
72.9 3
73 3
73.1 3.12
73.2 3
73.3 3
73.4 3
73.5 3.12
73.6 2.88
73.7 3
73.8 2.88
73.9 3.12
74 3
74.1 2.76
74.2 2.16
74.3 2.28
74.4 2.88
74.5 3
74.6 3
74.7 3
74.8 3
74.9 3
75 3
75.1 3
75.2 3
75.3 3
75.4 3
75.5 3
75.6 3
75.7 3.24
75.8 2.76
75.9 2.4
76 2.16
76.1 2.4
76.2 3
76.3 3
76.4 2.16
76.5 0
76.6 0
76.7 0
76.8 0.36
76.9 0
77 1.68
77.1 3
77.2 3
77.3 3
77.4 3
77.5 3
77.6 3
77.7 3
77.8 3
77.9 3.12
78 3.72
78.1 3.84
78.2 2.28
78.3 2.28
78.4 2.76
78.5 3.12
78.6 3
78.7 3
78.8 3.12
78.9 3
79 3.12
79.1 3
79.2 3
79.3 3.12
79.4 3
79.5 3
79.6 3.12
79.7 3.48
79.8 3.84
79.9 3.12
80 2.28
80.1 2.52
80.2 3
80.3 3.12
80.4 3
80.5 3.12
80.6 3.12
80.7 3
80.8 3.12
80.9 3
81 3.12
81.1 3.12
81.2 3
81.3 3.12
81.4 3
81.5 3.84
81.6 3.72
81.7 2.16
81.8 2.28
81.9 2.76
82 3
82.1 3.12
82.2 3.12
82.3 3
82.4 3.12
82.5 3
82.6 3.12
82.7 3.12
82.8 3
82.9 2.88
83 2.88
83.1 3
83.2 3.24
83.3 2.88
83.4 2.52
83.5 2.4
83.6 2.28
83.7 3
83.8 3.12
83.9 3
84 3.12
84.1 3.12
84.2 3
84.3 3.12
84.4 3
84.5 3.12
84.6 2.88
84.7 3
84.8 2.88
84.9 3
85 3.24
85.1 2.88
85.2 2.4
85.3 2.28
85.4 2.52
85.5 3
85.6 3.12
85.7 3
85.8 3.12
85.9 3
86 3.12
86.1 3
86.2 3.12
86.3 3
86.4 3
86.5 3.12
86.6 2.76
86.7 3
86.8 3.24
86.9 2.88
87 2.52
87.1 2.16
87.2 2.76
87.3 3
87.4 3
87.5 0.84
87.6 0
87.7 0
87.8 0.48
87.9 0
88 0.6
88.1 3
88.2 3
88.3 3
88.4 3.12
88.5 3
88.6 3
88.7 3
88.8 3
88.9 3
89 3.72
89.1 3.84
89.2 2.76
89.3 2.16
89.4 2.76
89.5 3.12
89.6 3.12
89.7 3.12
89.8 3.12
89.9 3.12
90 3.24
90.1 3.12
90.2 3.12
90.3 3.12
90.4 3.12
90.5 3.12
90.6 3.24
90.7 3.48
90.8 3.84
90.9 3.6
91 2.4
91.1 2.4
91.2 3.12
91.3 3.12
91.4 3.24
91.5 3.12
91.6 3.12
91.7 3.12
91.8 3.12
91.9 3.12
92 3.24
92.1 3.12
92.2 3.12
92.3 3.12
92.4 3.12
92.5 3.72
92.6 2.88
92.7 2.28
92.8 2.28
92.9 2.76
93 3.12
93.1 3.12
93.2 3.24
93.3 3.12
93.4 3.12
93.5 3.12
93.6 3.12
93.7 2.88
93.8 3
93.9 2.88
94 3
94.1 3
94.2 3.24
94.3 2.88
94.4 2.52
94.5 2.28
94.6 2.52
94.7 3.12
94.8 3.12
94.9 3.12
95 3.12
95.1 3.12
95.2 3.24
95.3 3.12
95.4 2.88
95.5 3
95.6 2.88
95.7 3
95.8 3.12
95.9 3
96 2.52
96.1 3
96.2 2.04
96.3 2.28
96.4 2.76
96.5 3
96.6 3.12
96.7 3
96.8 3
96.9 3
97 3
97.1 3.12
97.2 3
97.3 3
97.4 3
97.5 3.12
97.6 3
97.7 3.36
97.8 3.12
97.9 2.64
98 2.28
98.1 2.4
98.2 3.12
98.3 3.12
98.4 3.12
98.5 1.92
98.6 0
98.7 0
98.8 0.12
98.9 0.36
99 0
99.1 3.12
99.2 3.12
99.3 3.12
99.4 3.12
99.5 3.12
99.6 3.24
99.7 3.12
99.8 3.84
99.9 3.96
100 2.88
