0.200297 10
0.408921 11
0.420937 13
0.432953 15
0.444969 17
0.456985 19
0.625082 21
0.638923 23
0.652764 25
0.666604 27
0.680445 29
0.694286 31
0.708127 33
0.721968 35
0.812735 37
0.826576 39
0.840416 41
0.854257 43
0.868098 45
0.881939 47
0.89578 49
0.908487 51
0.921705 53
0.960156 55
0.972172 57
0.984188 59
0.996204 61
1.00822 63
1.01903 65
1.03105 67
1.04307 69
1.05628 71
1.0683 73
1.08032 75
1.09233 77
1.10435 79
1.11636 81
1.12838 83
1.1404 85
1.15241 87
1.16443 89
1.17644 91
1.18846 93
1.20048 95
1.21249 97
1.22451 99
1.43599 101
3.21556 102.732
3.81876 74.6347
4.05428 72.6347
5.5022 74.6347
5.63678 74.2272
5.71128 72.2272
6.07056 72.5421
6.08258 73.0352
6.10781 74.4054
7.14479 76.4054
7.34666 74.4054
7.82129 74.8363
8.78738 76.8363
8.98805 74.8363
10.2017 73.0352
10.2017 4
10.2137 6
10.2137 4
10.2257 6
10.2257 4
10.2377 6
10.2377 4
10.2497 6
10.2497 4
10.2617 6
10.2617 4
10.2738 6
10.2738 4
10.2858 6
10.2858 4
10.2978 6
10.2978 4
10.3098 6
10.3098 4
10.3206 6
10.3206 4
10.3314 6
10.3314 4
10.3422 6
10.3422 4
10.3543 6
10.3543 4
10.3663 6
10.3663 4
10.3783 6
10.3783 4
10.3903 6
10.3903 4
10.4023 6
10.4023 4
10.4143 6
10.4143 4
10.4264 6
10.4264 4
10.4384 6
10.4384 4
10.4504 6
10.4504 4
10.4612 6
10.4612 4
10.472 6
10.472 4
10.484 6
10.484 4
10.4961 6
10.4961 4
10.5081 6
10.5081 4
10.5201 6
10.5201 4
10.5321 6
10.5321 4
10.5441 6
10.5441 4
10.5561 6
10.5561 4
10.5681 6
10.5681 4
10.5802 6
10.5802 4
10.591 6
10.591 4
10.7817 74.8363
10.7817 76.8363
10.7985 78.8363
10.9889 80.8363
11.0012 82.8363
11.012 84.8363
11.024 86.8363
11.036 88.8363
11.0468 90.8363
11.0588 92.8363
11.0708 94.8363
11.0829 96.8363
11.0949 95.0401
11.1069 92.951
11.1189 91.1664
11.1309 89.6057
11.1429 88.2831
11.1538 87.0829
11.1658 86.0753
11.1766 85.1948
11.1874 84.3798
11.1994 82.625
11.2114 82.0477
11.2235 81.5856
11.2355 81.1809
11.2475 80.8702
11.2595 80.5981
11.2715 80.4033
11.2823 80.1899
11.2943 82.0456
11.3064 81.9627
11.3172 81.8474
11.3292 81.7894
11.3424 81.7818
11.6008 79.7818
12.4827 79.0525
13.1797 81.0525
13.4044 79.0525
14.4449 78.5684
14.9797 80.5684
15.2068 78.5684
15.6153 78.6036
15.6261 78.8722
15.6622 78.9316
16.7748 80.9316
16.9995 78.9316
17.4417 79.3398
18.5616 81.3398
18.7863 79.3398
19.2622 79.4503
20.3496 81.4503
20.5755 79.4503
21.3469 68.4537
21.3469 4
21.3589 6
21.3589 4
21.371 6
21.371 4
21.383 6
21.383 4
21.395 6
21.395 4
21.407 6
21.407 4
21.419 6
21.419 4
21.431 6
21.431 4
21.4431 6
21.4431 4
21.4551 6
21.4551 4
21.4671 6
21.4671 4
21.4791 6
21.4791 4
21.4911 6
21.4911 4
21.5019 6
21.5019 4
21.5128 6
21.5128 4
21.5248 6
21.5248 4
21.5368 6
21.5368 4
21.5488 6
21.5488 4
21.5596 6
21.5596 4
21.5716 6
21.5716 4
21.5836 6
21.5836 4
21.5969 6
21.5969 4
21.6077 6
21.6077 4
21.6197 6
21.6197 4
21.6317 6
21.6317 4
21.6437 6
21.6437 4
21.6557 6
21.6557 4
21.6678 6
21.6678 4
21.6798 6
21.6798 4
21.6918 6
21.6918 4
21.7026 6
21.7026 4
21.7146 6
21.7146 4
21.9099 79.4503
21.9099 81.4503
21.9219 83.4503
22.1173 85.4503
22.1289 87.4503
22.1406 89.4503
22.1528 91.4503
22.1648 93.4503
22.1768 95.4503
22.19 93.4634
22.202 91.4475
22.214 89.6844
22.2261 88.1837
22.2381 86.8715
22.2489 85.6367
22.2609 84.5994
22.2729 83.692
22.2849 82.8978
22.2969 82.2459
22.3078 81.6326
22.3198 81.096
22.3318 80.6692
22.3438 80.2963
22.3546 79.9268
22.3666 79.6457
22.3787 79.4006
22.3907 79.1858
22.4027 79.0407
22.4147 78.9137
22.4267 78.8025
22.4387 78.7486
22.4508 78.701
22.4628 78.6595
22.4976 78.6333
22.5457 77.462
22.6298 79.462
22.9002 79.9544
22.9482 77.9544
22.9602 78.2396
24.4815 80.2396
24.6989 78.2396
25.8333 77.9544
26.2406 79.9544
26.4557 77.9544
26.6383 78.5988
26.6972 78.7852
26.8041 79.1257
28.0021 81.1257
28.228 79.1257
28.4636 79.5235
28.5224 80.1388
29.7877 82.1388
30.01 80.1388
30.3284 80.1519
30.4342 80.1575
31.5505 82.1575
31.7716 80.1575
32.0756 80.6568
32.1188 80.7445
32.4997 81.8273
32.4997 4
32.5105 6
32.5105 4
32.5202 6
32.5202 4
32.5322 6
32.5322 4
32.5418 6
32.5418 4
32.5538 6
32.5538 4
32.5658 6
32.5658 4
32.5778 6
32.5778 4
32.5887 6
32.5887 4
32.6007 6
32.6007 4
32.6115 6
32.6115 4
32.6235 6
32.6235 4
32.6343 6
32.6343 4
32.6451 6
32.6451 4
32.6559 6
32.6559 4
32.668 6
32.668 4
32.68 6
32.68 4
32.692 6
32.692 4
32.704 6
32.704 4
32.716 6
32.716 4
32.7268 6
32.7268 4
32.7389 6
32.7389 4
32.7509 6
32.7509 4
32.7617 6
32.7617 4
32.7737 6
32.7737 4
32.7857 6
32.7857 4
32.7965 6
32.7965 4
32.8073 6
32.8073 4
32.8194 6
32.8194 4
32.8314 6
32.8314 4
32.8434 6
32.8434 4
32.8554 6
32.8554 4
32.8674 6
32.8674 4
32.8782 6
32.8782 4
32.8903 6
32.8903 4
32.8999 6
32.8999 4
32.9071 6
32.9071 4
33.1014 80.7445
33.1014 82.7445
33.1142 84.7445
33.3093 86.7445
33.3221 88.7445
33.3337 90.7445
33.3457 92.7445
33.3565 94.7445
33.3673 96.7445
33.3781 98.7445
33.3902 100.744
33.401 100.874
33.413 98.1036
33.425 95.7673
33.437 93.7231
33.4478 91.8902
33.4599 90.3308
33.4719 88.9662
33.4839 87.8163
33.4959 86.8543
33.5079 86.0124
33.5175 85.2314
33.5283 84.5483
33.5404 83.9503
33.5524 83.4717
33.5644 83.0967
33.5764 82.7686
33.5872 82.4814
33.5992 82.2742
33.6113 82.0932
33.6233 81.9786
33.6353 81.9227
33.6473 81.8736
33.681 81.788
33.6918 81.712
33.7026 81.645
33.7146 81.5863
33.7266 81.5794
33.7374 81.529
34.2854 83.529
34.5185 81.529
34.9643 81.212
35.225 81.529
36.0685 83.529
36.2884 81.529
36.4302 81.9731
36.4879 82.0898
37.0719 82.2894
37.8337 84.2894
38.0524 82.2894
38.2062 82.3004
38.3071 82.7541
39.5952 84.7541
39.8151 82.7541
41.364 84.7541
41.5851 82.7541
41.96 82.9392
43.1339 84.9392
43.3526 82.9392
43.7431 84.9392
43.7431 4
43.7552 6
43.7552 4
43.766 6
43.766 4
43.778 6
43.778 4
43.7912 6
43.7912 4
43.8044 6
43.8044 4
43.8164 6
43.8164 4
43.8285 6
43.8285 4
43.8513 6
43.8513 4
43.8657 6
43.8657 4
43.8789 6
43.8789 4
43.8897 6
43.8897 4
43.9042 6
43.9042 4
43.9162 6
43.9162 4
43.9282 6
43.9282 4
43.9402 6
43.9402 4
43.9522 6
43.9522 4
43.9654 6
43.9654 4
43.9775 6
43.9775 4
43.9871 6
43.9871 4
43.9979 6
43.9979 4
44.0099 6
44.0099 4
44.0219 6
44.0219 4
44.0303 6
44.0303 4
44.0399 6
44.0399 4
44.0484 6
44.0484 4
44.058 6
44.058 4
44.0664 6
44.0664 4
44.0784 6
44.0784 4
44.0868 6
44.0868 4
44.0976 6
44.0976 4
44.106 6
44.106 4
44.1132 6
44.1132 4
44.1192 6
44.1192 4
44.1253 6
44.1253 4
44.1289 6
44.1289 4
44.1337 6
44.1337 4
44.3304 82.9392
44.3304 84.9392
44.3415 86.9392
44.5374 88.9392
44.5494 90.9392
44.5615 92.9392
44.5735 94.9392
44.5843 96.9392
44.5963 98.9392
44.6083 100.939
44.6191 102.939
44.6299 103.048
44.6408 100.22
44.6528 97.7914
44.6648 95.7099
44.6768 93.9344
44.6888 92.3805
44.6996 91.0207
44.7117 89.8757
44.7237 88.9192
44.7345 88.0815
44.7465 87.3943
44.7573 86.7921
44.7681 86.221
44.7801 85.7659
44.791 85.3225
44.8018 84.9351
44.8138 84.6409
44.8258 84.4282
44.8366 84.2424
44.8486 84.0794
44.8594 85.9365
44.8715 85.857
44.8835 85.8322
45.1526 83.8322
45.5287 82.0594
46.74 84.0594
46.961 82.0594
48.3825 81.5994
48.5327 83.5994
48.7634 81.5994
49.1828 81.6402
49.1936 81.9095
50.3448 83.9095
50.567 81.9095
51.0164 82.6761
51.0273 83.3729
52.1604 85.3729
52.3887 83.3729
52.8381 83.6844
52.8609 84.4171
52.8717 84.9137
52.8837 85.9178
53.9532 87.9178
54.1743 85.9178
54.7282 85.9454
54.8952 78.5718
54.8952 4
54.9072 6
54.9072 4
54.9168 6
54.9168 4
54.9289 6
54.9289 4
54.9397 6
54.9397 4
54.9505 6
54.9505 4
54.9625 6
54.9625 4
54.9721 6
54.9721 4
54.9829 6
54.9829 4
54.9949 6
54.9949 4
55.007 6
55.007 4
55.0178 6
55.0178 4
55.0286 6
55.0286 4
55.0394 6
55.0394 4
55.0514 6
55.0514 4
55.061 6
55.061 4
55.073 6
55.073 4
55.0839 6
55.0839 4
55.0947 6
55.0947 4
55.1067 6
55.1067 4
55.1187 6
55.1187 4
55.1283 6
55.1283 4
55.1391 6
55.1391 4
55.1499 6
55.1499 4
55.1608 6
55.1608 4
55.1728 6
55.1728 4
55.1848 6
55.1848 4
55.1944 6
55.1944 4
55.2064 6
55.2064 4
55.2172 6
55.2172 4
55.2269 6
55.2269 4
55.2377 6
55.2377 4
55.2497 6
55.2497 4
55.2605 6
55.2605 4
55.2701 6
55.2701 4
55.2797 6
55.2797 4
55.2869 6
55.2869 4
55.4866 85.9454
55.4866 87.9454
55.4975 89.9454
55.6936 91.9454
55.7045 93.9454
55.7155 95.9454
55.7278 97.9454
55.7387 99.9454
55.7507 101.945
55.7603 103.221
55.7711 100.578
55.7819 98.2196
55.7939 96.2023
55.8059 94.4827
55.8168 93.0242
55.8276 91.7486
55.8384 90.6319
55.8492 89.6547
55.86 88.7997
55.872 88.0981
55.8828 87.4378
55.8937 86.9061
55.9057 86.4876
55.9177 86.1664
55.9285 85.886
55.9369 85.5021
55.9489 85.2127
55.961 85.0518
55.9718 84.9102
55.9838 84.8329
55.9946 86.7652
56.0042 86.6602
56.0162 86.614
56.027 86.5739
56.283 84.5739
57.7285 83.1975
57.8294 85.1975
58.0505 83.1975
58.1671 84.1547
59.6006 86.1547
59.8205 84.1547
59.9671 85.1029
60.02 85.9669
61.3682 87.9669
61.5844 85.9669
61.7671 87.0152
61.8091 87.7818
61.9605 87.7894
63.1465 89.7894
63.37 87.7894
63.5839 88.3087
63.6344 88.7231
64.9165 90.7231
65.1376 88.7231
65.4019 88.8992
65.4404 89.2645
65.4812 89.6167
65.5341 89.7272
66.0376 88.5228
66.0376 4
66.0484 6
66.0484 4
66.058 6
66.058 4
66.0688 6
66.0688 4
66.0808 6
66.0808 4
66.0904 6
66.0904 4
66.1001 6
66.1001 4
66.1109 6
66.1109 4
66.1217 6
66.1217 4
66.1325 6
66.1325 4
66.1421 6
66.1421 4
66.1529 6
66.1529 4
66.1625 6
66.1625 4
66.1746 6
66.1746 4
66.183 6
66.183 4
66.195 6
66.195 4
66.2058 6
66.2058 4
66.2154 6
66.2154 4
66.2262 6
66.2262 4
66.2358 6
66.2358 4
66.2479 6
66.2479 4
66.2587 6
66.2587 4
66.2671 6
66.2671 4
66.2791 6
66.2791 4
66.2887 6
66.2887 4
66.3007 6
66.3007 4
66.3103 6
66.3103 4
66.3199 6
66.3199 4
66.332 6
66.332 4
66.3404 6
66.3404 4
66.3512 6
66.3512 4
66.3632 6
66.3632 4
66.3728 6
66.3728 4
66.3824 6
66.3824 4
66.3932 6
66.3932 4
66.4041 6
66.4041 4
66.4161 6
66.4161 4
66.4245 6
66.4245 4
66.4365 6
66.4365 4
66.4461 6
66.4461 4
66.4569 6
66.4569 4
66.4665 6
66.4665 4
66.6635 89.7272
66.6635 91.7272
66.6737 93.7272
66.8701 95.7272
66.8803 97.7272
66.8905 99.7272
66.9009 101.727
66.9116 103.727
66.9215 105.727
66.9323 107.727
66.9443 109.727
66.9527 107.052
66.9635 104.506
66.9756 102.376
66.9852 100.512
66.9948 98.8315
67.0068 97.4593
67.0164 96.2099
67.0272 95.1657
67.0368 94.203
67.0477 93.4095
67.0597 92.8135
67.0681 92.1941
67.0801 91.75
67.0897 91.3122
67.1017 91.0276
67.1113 90.7783
67.121 90.511
67.133 90.3267
67.1438 90.2141
67.1522 90.0663
67.1642 90.0359
67.1834 89.9296
67.1955 89.9157
67.6064 91.9157
67.8479 89.9157
67.9296 90.6975
67.9837 91.25
69.3764 93.25
69.5926 91.25
69.7356 92.1699
69.7705 93.5981
69.8173 94.982
71.1295 96.982
71.3482 94.982
71.5621 95.279
71.6053 96.7465
71.6414 97.5863
71.6774 98.9938
71.7255 99.4814
72.8982 101.481
73.1169 99.4814
73.4678 99.8198
73.5015 100.472
74.6526 102.472
74.8713 100.472
76.4286 102.472
76.6484 100.472
77.2048 102.472
77.2048 4
77.2168 6
77.2168 4
77.2288 6
77.2288 4
77.2396 6
77.2396 4
77.2492 6
77.2492 4
77.2601 6
77.2601 4
77.2721 6
77.2721 4
77.2841 6
77.2841 4
77.2985 6
77.2985 4
77.3093 6
77.3093 4
77.3189 6
77.3189 4
77.3322 6
77.3322 4
77.343 6
77.343 4
77.3514 6
77.3514 4
77.3622 6
77.3622 4
77.3694 6
77.3694 4
77.379 6
77.379 4
77.3886 6
77.3886 4
77.397 6
77.397 4
77.403 6
77.403 4
77.4151 6
77.4151 4
77.4223 6
77.4223 4
77.4295 6
77.4295 4
77.4403 6
77.4403 4
77.4475 6
77.4475 4
77.4559 6
77.4559 4
77.4655 6
77.4655 4
77.4751 6
77.4751 4
77.4836 6
77.4836 4
77.492 6
77.492 4
77.498 6
77.498 4
77.5028 6
77.5028 4
77.5088 6
77.5088 4
77.5184 6
77.5184 4
77.5268 6
77.5268 4
77.5352 6
77.5352 4
77.5436 6
77.5436 4
77.5508 6
77.5508 4
77.5605 6
77.5605 4
77.5677 6
77.5677 4
77.5761 6
77.5761 4
77.5833 6
77.5833 4
77.5917 6
77.5917 4
77.6001 6
77.6001 4
77.6085 6
77.6085 4
77.6157 6
77.6157 4
77.6241 6
77.6241 4
77.6338 6
77.6338 4
77.641 6
77.641 4
77.6494 6
77.6494 4
77.847 100.472
77.847 102.472
77.856 104.472
78.053 106.472
78.0621 108.472
78.0711 110.472
78.0811 112.472
78.0893 114.472
78.0987 116.472
78.1074 118.472
78.1194 119.89
78.1266 116.439
78.1374 113.524
78.1458 110.921
78.1566 108.749
78.165 106.849
78.1759 105.238
78.1843 103.829
78.1939 102.596
78.2035 101.57
78.2131 100.672
78.2227 99.8867
78.2311 99.1989
78.242 98.6506
78.2504 98.1699
78.26 99.0919
78.2696 98.7728
78.2792 98.5463
78.29 98.4019
78.2984 98.2224
78.3092 98.1181
78.3189 98.0276
78.3285 97.9482
78.3381 97.9316
78.3477 97.8646
78.3573 97.8584
78.7923 99.8584
79.047 97.8584
79.1047 99.8584
79.1131 100.648
79.1468 102.648
79.1564 102.753
80.6079 104.753
80.829 102.753
81.0176 103.305
81.0549 105.305
81.0633 105.592
81.0897 106.019
81.1162 106.785
81.163 106.82
82.3851 108.82
82.6098 106.82
82.9654 107.951
83.0051 109.097
83.0399 109.365
84.1598 111.365
84.3833 109.365
85.937 111.365
86.1605 109.365
87.7082 111.365
87.9256 109.365
87.9521 103.796
88.3594 105.796
88.3594 4
88.369 6
88.369 4
88.3774 6
88.3774 4
88.3871 6
88.3871 4
88.3955 6
88.3955 4
88.4063 6
88.4063 4
88.4195 6
88.4195 4
88.4303 6
88.4303 4
88.4604 6
88.4604 4
88.4712 6
88.4712 4
88.4844 6
88.4844 4
88.494 6
88.494 4
88.506 6
88.506 4
88.5168 6
88.5168 4
88.5288 6
88.5288 4
88.5397 6
88.5397 4
88.5517 6
88.5517 4
88.5625 6
88.5625 4
88.5745 6
88.5745 4
88.5853 6
88.5853 4
88.5949 6
88.5949 4
88.6058 6
88.6058 4
88.6178 6
88.6178 4
88.6274 6
88.6274 4
88.6358 6
88.6358 4
88.6442 6
88.6442 4
88.6538 6
88.6538 4
88.6598 6
88.6598 4
88.6682 6
88.6682 4
88.6766 6
88.6766 4
88.6839 6
88.6839 4
88.6923 6
88.6923 4
88.6995 6
88.6995 4
88.7091 6
88.7091 4
88.7187 6
88.7187 4
88.7271 6
88.7271 4
88.7343 6
88.7343 4
88.7439 6
88.7439 4
88.7511 6
88.7511 4
88.7584 6
88.7584 4
88.768 6
88.768 4
88.774 6
88.774 4
88.78 6
88.78 4
88.7884 6
88.7884 4
88.7956 6
88.7956 4
88.804 6
88.804 4
88.8112 6
88.8112 4
89.0099 103.796
89.0099 105.796
89.0187 107.796
89.2158 109.796
89.2246 111.796
89.2334 113.796
89.2422 115.796
89.251 117.796
89.2597 119.796
89.2685 121.796
89.2773 123.796
89.2861 125.796
89.2949 122.421
89.3037 119.462
89.3129 116.873
89.3217 114.608
89.3301 112.625
89.3409 111.004
89.3493 109.586
89.3589 108.345
89.3673 107.259
89.3769 106.309
89.3865 105.591
89.3949 104.907
89.4034 104.307
89.4142 103.897
89.4226 103.481
89.4298 103.06
89.4406 102.805
89.449 102.583
89.4574 102.331
89.467 102.167
89.4767 102.081
89.4851 102.006
89.4947 101.94
89.5031 101.883
89.9381 103.883
90.1652 101.883
90.2096 102.128
90.2433 102.749
90.2733 104.749
90.2805 105.743
90.3022 107.706
90.3454 109.118
90.3911 109.506
90.8393 110.461
90.8741 110.708
90.9342 111.008
90.9438 111.02
91.6023 113.02
91.8174 111.02
92.125 111.533
92.1478 112.099
92.1766 113.333
92.9877 113.718
93.353 115.718
93.5753 113.718
95.1073 115.718
95.3248 113.718
96.8497 115.718
97.0708 113.718
97.8542 103.585
98.2063 103.661
98.5956 105.661
98.8155 103.661
99.5112 105.661
99.5112 4
99.5196 6
99.5196 4
99.528 6
99.528 4
99.5376 6
99.5376 4
99.5473 6
99.5473 4
99.5545 6
99.5545 4
99.5641 6
99.5641 4
99.5737 6
99.5737 4
99.5821 6
99.5821 4
99.5917 6
99.5917 4
99.6013 6
99.6013 4
99.6109 6
99.6109 4
99.6206 6
99.6206 4
99.629 6
99.629 4
99.6386 6
99.6386 4
99.6458 6
99.6458 4
99.6554 6
99.6554 4
99.665 6
99.665 4
99.6734 6
99.6734 4
99.6806 6
99.6806 4
99.6915 6
99.6915 4
99.7023 6
99.7023 4
99.7107 6
99.7107 4
99.7203 6
99.7203 4
99.7323 6
99.7323 4
99.7395 6
99.7395 4
99.7503 6
99.7503 4
99.7587 6
99.7587 4
99.7708 6
99.7708 4
99.7804 6
99.7804 4
99.79 6
99.79 4
99.7984 6
99.7984 4
99.808 6
99.808 4
99.8176 6
99.8176 4
99.826 6
99.826 4
99.8356 6
99.8356 4
99.8441 6
99.8441 4
99.8525 6
99.8525 4
99.8621 6
99.8621 4
99.8705 6
99.8705 4
99.8801 6
99.8801 4
99.8885 6
99.8885 4
99.8957 6
99.8957 4
99.9053 6
99.9053 4
99.9125 6
99.9125 4
99.9198 6
99.9198 4
99.927 6
99.927 4
99.9354 6
99.9354 4
99.9438 6
99.9438 4
99.951 6
99.951 4
99.9582 6
99.9582 4
