0.200111 10
0.401625 11
0.411324 13
0.42334 15
0.435356 17
0.447372 19
0.61696 21
0.630801 23
0.644642 25
0.658482 27
0.672323 29
0.686164 31
0.700005 33
0.713846 35
0.804613 37
0.818454 39
0.832294 41
0.846135 43
0.859976 45
0.873817 47
0.887658 49
0.900586 51
0.913293 53
0.94814 55
0.958954 57
0.97097 59
0.982986 61
0.995002 63
1.00702 65
1.02264 67
1.03225 69
1.04427 71
1.05508 73
1.0671 75
1.07911 77
1.09113 79
1.10315 81
1.11516 83
1.12718 85
1.13919 87
1.15121 89
1.16323 91
1.17524 93
1.18726 95
1.19927 97
1.21129 99
1.22331 101
1.32905 103
1.33866 105
3.19513 106.268
3.79593 77.0815
4.0002 75.0815
5.4253 77.0815
5.61515 74.8108
5.62717 72.8108
5.74973 73.4952
5.79539 74.2403
5.90114 74.5587
7.05347 76.5587
7.26495 74.5587
7.50287 74.8363
7.54973 74.9627
8.71168 76.9627
8.91234 74.9627
9.86281 75.0815
10.2053 73.3557
10.2053 4
10.2173 6
10.2173 4
10.2281 6
10.2281 4
10.2389 6
10.2389 4
10.2509 6
10.2509 4
10.2629 6
10.2629 4
10.275 6
10.275 4
10.287 6
10.287 4
10.299 6
10.299 4
10.311 6
10.311 4
10.323 6
10.323 4
10.335 6
10.335 4
10.3471 6
10.3471 4
10.3579 6
10.3579 4
10.3687 6
10.3687 4
10.3807 6
10.3807 4
10.3927 6
10.3927 4
10.4035 6
10.4035 4
10.4155 6
10.4155 4
10.4276 6
10.4276 4
10.4396 6
10.4396 4
10.4516 6
10.4516 4
10.4636 6
10.4636 4
10.4744 6
10.4744 4
10.4864 6
10.4864 4
10.4973 6
10.4973 4
10.5093 6
10.5093 4
10.5213 6
10.5213 4
10.5333 6
10.5333 4
10.5453 6
10.5453 4
10.5573 6
10.5573 4
10.5694 6
10.5694 4
10.5814 6
10.5814 4
10.5934 6
10.5934 4
10.7829 75.0815
10.7829 77.0815
10.8009 79.0815
10.9901 81.0815
11.0024 83.0815
11.0144 85.0815
11.0264 87.0815
11.0372 89.0815
11.0492 91.0815
11.06 93.0815
11.0721 95.0815
11.0841 97.0815
11.0961 95.6858
11.1081 93.5919
11.1201 91.8039
11.1321 90.2825
11.1441 88.9523
11.1562 87.8315
11.167 86.7631
11.179 85.8722
11.1898 85.0932
11.2018 84.4109
11.2126 83.8142
11.2247 83.2921
11.2367 82.8791
11.2487 82.5615
11.2607 82.2831
11.2727 82.0843
11.2847 81.9095
11.2955 83.7569
11.3076 83.6236
11.3184 83.5062
11.3304 83.4482
11.3412 83.3529
11.3532 83.3135
11.3652 83.279
11.5996 81.279
12.7519 80.0939
13.146 82.0939
13.3671 80.0939
13.4801 81.1188
13.6543 81.567
14.9364 83.567
15.1563 81.567
15.2897 81.7279
15.3582 81.857
16.7496 83.857
16.9683 81.857
18.5376 83.857
18.7671 81.4282
19.1384 81.9945
20.3292 83.9945
20.5491 81.9945
21.3662 70.2997
21.3662 4
21.3782 6
21.3782 4
21.3902 6
21.3902 4
21.4022 6
21.4022 4
21.413 6
21.413 4
21.4238 6
21.4238 4
21.4346 6
21.4346 4
21.4455 6
21.4455 4
21.4575 6
21.4575 4
21.4695 6
21.4695 4
21.4803 6
21.4803 4
21.4923 6
21.4923 4
21.5043 6
21.5043 4
21.5164 6
21.5164 4
21.5284 6
21.5284 4
21.5392 6
21.5392 4
21.5512 6
21.5512 4
21.5632 6
21.5632 4
21.574 6
21.574 4
21.5861 6
21.5861 4
21.5957 6
21.5957 4
21.6065 6
21.6065 4
21.6185 6
21.6185 4
21.6305 6
21.6305 4
21.6425 6
21.6425 4
21.6545 6
21.6545 4
21.6654 6
21.6654 4
21.6774 6
21.6774 4
21.6894 6
21.6894 4
21.7014 6
21.7014 4
21.7122 6
21.7122 4
21.7218 6
21.7218 4
21.7278 6
21.7278 4
21.929 81.9945
21.929 83.9945
21.9413 85.9945
22.1361 87.9945
22.1479 89.9945
22.16 91.9945
22.172 93.9945
22.1828 95.9945
22.1948 97.9945
22.2056 96.2673
22.2176 94.0994
22.2273 92.1581
22.2393 90.5035
22.2513 89.0559
22.2633 87.8329
22.2753 86.808
22.2873 85.9544
22.2981 85.1637
22.3102 84.5166
22.3222 83.9938
22.3342 83.5366
22.3462 82.0856
22.357 81.779
22.3678 81.4233
22.3775 81.0684
22.3895 80.8011
22.4015 80.5677
22.4135 80.4068
22.4255 80.3101
22.4375 80.2251
22.4483 80.1506
22.4604 80.1291
22.6466 82.1291
22.9374 80.1291
24.1102 80.0152
24.4851 82.0152
24.7062 80.0152
26.1565 79.4724
26.2622 81.4724
26.4845 79.4724
28.0406 81.4724
28.1367 81.4441
28.2677 79.4441
29.837 81.4441
30.0641 79.4441
30.4474 78.2217
31.5961 80.2217
31.8244 78.2217
32.4673 80.2217
32.4673 4
32.4793 6
32.4793 4
32.4901 6
32.4901 4
32.5009 6
32.5009 4
32.5117 6
32.5117 4
32.5226 6
32.5226 4
32.5334 6
32.5334 4
32.543 6
32.543 4
32.555 6
32.555 4
32.567 6
32.567 4
32.579 6
32.579 4
32.5911 6
32.5911 4
32.6031 6
32.6031 4
32.6151 6
32.6151 4
32.6283 6
32.6283 4
32.6415 6
32.6415 4
32.6535 6
32.6535 4
32.6656 6
32.6656 4
32.6764 6
32.6764 4
32.6884 6
32.6884 4
32.7004 6
32.7004 4
32.7124 6
32.7124 4
32.7244 6
32.7244 4
32.7364 6
32.7364 4
32.7485 6
32.7485 4
32.7605 6
32.7605 4
32.7725 6
32.7725 4
32.7845 6
32.7845 4
32.7977 6
32.7977 4
32.8085 6
32.8085 4
32.8206 6
32.8206 4
32.8326 6
32.8326 4
32.8446 6
32.8446 4
32.8566 6
32.8566 4
32.8686 6
32.8686 4
32.8806 6
32.8806 4
33.0701 81.9945
33.0701 83.9945
33.088 85.9945
33.2775 87.9945
33.2893 89.9945
33.301 91.9945
33.3139 93.9945
33.3267 95.9945
33.3385 97.9945
33.3505 99.9945
33.3637 100.425
33.3757 97.4606
33.3866 94.8246
33.3986 92.5601
33.4106 90.5794
33.4226 88.8453
33.4346 87.3287
33.4466 86.0435
33.4587 84.9199
33.4707 83.9358
33.4827 83.0753
33.4947 82.3646
33.5067 81.7424
33.5187 81.1989
33.5308 80.7224
33.5428 80.3059
33.5548 79.9841
33.5668 79.7023
33.5788 79.4558
33.5908 79.2396
33.6028 79.0939
33.6149 78.9655
33.6269 78.8536
33.6389 78.7555
33.6509 78.7127
33.6629 78.6747
34.17 76.7852
34.2649 78.7852
34.5401 76.7852
34.5737 77.857
36.0709 79.857
36.2896 77.857
36.3918 78.0767
36.4506 78.337
36.6068 78.4751
37.8253 80.4751
38.0428 78.4751
38.2855 78.9482
39.5772 80.9482
39.7959 78.9482
40.0578 79.6519
40.1155 80.0325
41.3724 82.0325
41.6019 80.0325
43.1712 82.0325
43.3971 80.0325
43.6674 82.0325
43.6674 4
43.6783 6
43.6783 4
43.6867 6
43.6867 4
43.6987 6
43.6987 4
43.7095 6
43.7095 4
43.7227 6
43.7227 4
43.7347 6
43.7347 4
43.7468 6
43.7468 4
43.7588 6
43.7588 4
43.772 6
43.772 4
43.7852 6
43.7852 4
43.7984 6
43.7984 4
43.8128 6
43.8128 4
43.8249 6
43.8249 4
43.8357 6
43.8357 4
43.8465 6
43.8465 4
43.8573 6
43.8573 4
43.8693 6
43.8693 4
43.8909 6
43.8909 4
43.9066 6
43.9066 4
43.9174 6
43.9174 4
43.9294 6
43.9294 4
43.9438 6
43.9438 4
43.9546 6
43.9546 4
43.9666 6
43.9666 4
43.9787 6
43.9787 4
43.9895 6
43.9895 4
44.0027 6
44.0027 4
44.0147 6
44.0147 4
44.0267 6
44.0267 4
44.0387 6
44.0387 4
44.052 6
44.052 4
44.0652 6
44.0652 4
44.0736 6
44.0736 4
44.0856 6
44.0856 4
44.094 6
44.094 4
44.2929 81.9945
44.2929 83.9945
44.3044 85.9945
44.5001 87.9945
44.5117 89.9945
44.5233 91.9945
44.5355 93.9945
44.547 95.9945
44.5602 97.9945
44.5711 99.9945
44.5831 98.9337
44.5951 96.2472
44.6071 93.9399
44.6203 91.9641
44.6323 90.2776
44.6444 88.8025
44.6564 87.5117
44.666 86.2963
44.678 85.2756
44.69 84.4261
44.702 83.6823
44.7141 83.0746
44.7261 82.5428
44.7381 82.078
44.7489 81.6278
44.7621 81.3204
44.7753 81.1374
44.7874 80.9772
44.7994 80.837
44.8114 82.7576
44.8222 82.645
44.8342 82.5898
44.8462 82.5407
44.8582 82.4986
45.1598 80.4986
45.1719 80.6057
45.2187 81.1678
46.7207 83.1678
46.9418 81.1678
48.3273 80.2756
48.5027 82.2756
48.725 80.2756
50.2871 82.2756
50.5106 80.2756
50.5466 80.1692
50.6728 80.1899
50.7184 80.6291
52.0871 82.6291
52.3106 80.6291
53.8787 82.6291
54.1046 80.6291
54.5648 80.3688
54.8604 73.8771
54.8604 4
54.8712 6
54.8712 4
54.8844 6
54.8844 4
54.8964 6
54.8964 4
54.9084 6
54.9084 4
54.9204 6
54.9204 4
54.9313 6
54.9313 4
54.9433 6
54.9433 4
54.9553 6
54.9553 4
54.9661 6
54.9661 4
54.9793 6
54.9793 4
54.9901 6
54.9901 4
55.0022 6
55.0022 4
55.0142 6
55.0142 4
55.0262 6
55.0262 4
55.0382 6
55.0382 4
55.049 6
55.049 4
55.0622 6
55.0622 4
55.0742 6
55.0742 4
55.0863 6
55.0863 4
55.0983 6
55.0983 4
55.1091 6
55.1091 4
55.1199 6
55.1199 4
55.1319 6
55.1319 4
55.1451 6
55.1451 4
55.1572 6
55.1572 4
55.168 6
55.168 4
55.18 6
55.18 4
55.192 6
55.192 4
55.204 6
55.204 4
55.216 6
55.216 4
55.2281 6
55.2281 4
55.2401 6
55.2401 4
55.2521 6
55.2521 4
55.4416 81.9945
55.4416 83.9945
55.4594 85.9945
55.6489 87.9945
55.6605 89.9945
55.6731 91.9945
55.6847 93.9945
55.6963 95.9945
55.7079 97.9945
55.7206 99.9945
55.7314 99.1858
55.7435 96.4095
55.7567 94.0228
55.7687 91.9779
55.7807 90.1878
55.7927 88.6651
55.8023 87.2465
55.8144 86.0055
55.8264 84.9627
55.8396 84.0932
55.8516 83.3322
55.8636 82.7093
55.8744 82.1215
55.8865 81.6499
55.8985 81.2376
55.9105 80.8764
55.9237 80.6471
55.9357 80.4461
55.9465 80.27
55.9573 82.0732
55.9694 81.9006
55.9814 81.7928
55.9934 81.6989
56.0054 81.616
56.0174 81.587
56.0294 81.5615
56.0763 79.2887
56.1364 79.8432
56.2229 81.8432
56.2349 82.0794
56.2818 82.6802
56.3298 80.6802
57.8883 82.6802
58.1094 80.6802
59.1572 79.8198
59.6583 81.8198
59.883 79.8198
61.4402 81.8198
61.6637 79.8198
61.8103 79.2769
63.2282 81.2769
63.2402 81.0359
63.4541 79.0359
65.0342 81.0359
65.2613 79.0359
66.0412 78.2293
66.0412 4
66.052 6
66.052 4
66.0652 6
66.0652 4
66.0772 6
66.0772 4
66.088 6
66.088 4
66.1013 6
66.1013 4
66.1133 6
66.1133 4
66.1241 6
66.1241 4
66.1361 6
66.1361 4
66.1493 6
66.1493 4
66.1613 6
66.1613 4
66.1734 6
66.1734 4
66.1866 6
66.1866 4
66.1962 6
66.1962 4
66.2082 6
66.2082 4
66.2214 6
66.2214 4
66.2334 6
66.2334 4
66.2454 6
66.2454 4
66.2575 6
66.2575 4
66.2695 6
66.2695 4
66.2815 6
66.2815 4
66.2935 6
66.2935 4
66.3055 6
66.3055 4
66.3175 6
66.3175 4
66.3296 6
66.3296 4
66.3416 6
66.3416 4
66.3536 6
66.3536 4
66.3656 6
66.3656 4
66.3776 6
66.3776 4
66.3896 6
66.3896 4
66.4017 6
66.4017 4
66.4125 6
66.4125 4
66.4257 6
66.4257 4
66.4377 6
66.4377 4
66.4497 6
66.4497 4
66.4629 6
66.4629 4
66.6512 81.9945
66.6512 83.9945
66.6703 85.9945
66.8586 87.9945
66.8713 89.9945
66.8821 91.9945
66.8938 93.9945
66.9056 95.9945
66.9187 97.9945
66.9311 99.9945
66.9431 101.583
66.9551 98.4496
66.966 95.6651
66.978 93.2286
66.9912 91.1823
67.0032 89.3916
67.0152 87.8674
67.0284 86.576
67.0404 85.4461
67.0525 84.4572
67.0633 83.5925
67.0765 82.8778
67.0873 82.2106
67.0993 81.6264
67.1125 81.2003
67.1246 80.8273
67.1366 80.5014
67.1486 80.2162
67.1606 80.009
67.1714 79.7852
67.1846 79.6319
67.1967 79.4979
67.2087 79.4227
67.2207 79.3577
67.2327 79.3004
67.2447 79.25
67.2567 79.2486
67.6328 81.2486
67.8888 79.2486
68.8573 79.0014
69.4521 81.0014
69.6816 79.0014
71.222 81.0014
71.4299 80.808
71.4419 78.808
71.806 78.8819
73.0064 80.8819
73.2299 78.8819
73.648 79.2486
74.3606 79.2928
74.8052 81.2928
75.0263 79.2928
76.598 81.2928
76.8179 79.2928
77.2577 81.2928
77.2577 4
77.2697 6
77.2697 4
77.2829 6
77.2829 4
77.3081 6
77.3081 4
77.3237 6
77.3237 4
77.3382 6
77.3382 4
77.3538 6
77.3538 4
77.3682 6
77.3682 4
77.385 6
77.385 4
77.3994 6
77.3994 4
77.4139 6
77.4139 4
77.4283 6
77.4283 4
77.4415 6
77.4415 4
77.4595 6
77.4595 4
77.4739 6
77.4739 4
77.4896 6
77.4896 4
77.4992 6
77.4992 4
77.5124 6
77.5124 4
77.5208 6
77.5208 4
77.5316 6
77.5316 4
77.5424 6
77.5424 4
77.5532 6
77.5532 4
77.5641 6
77.5641 4
77.5749 6
77.5749 4
77.5857 6
77.5857 4
77.5941 6
77.5941 4
77.6061 6
77.6061 4
77.6169 6
77.6169 4
77.6265 6
77.6265 4
77.6386 6
77.6386 4
77.6482 6
77.6482 4
77.6566 6
77.6566 4
77.665 6
77.665 4
77.671 6
77.671 4
77.6794 6
77.6794 4
77.8725 81.9945
77.8725 83.9945
77.8868 85.9945
78.0799 87.9945
78.0916 89.9945
78.1052 91.9945
78.117 93.9945
78.129 95.9945
78.141 97.9945
78.153 99.9945
78.1663 101.994
78.1771 100.131
78.1903 97.2693
78.2023 94.808
78.2155 92.6968
78.2287 90.8923
78.2395 89.2714
78.2516 87.895
78.2636 86.6906
78.2768 85.6796
78.2876 84.7521
78.2996 83.9834
78.3116 83.3108
78.3249 82.7652
78.3369 82.2873
78.3501 81.9972
78.3597 81.6153
78.3729 81.3239
78.3849 81.1112
78.397 80.9254
78.409 80.7631
78.4198 80.578
78.433 80.5442
78.445 80.5145
78.4691 80.5028
78.4919 80.4517
78.5171 79.6671
78.8692 81.6671
79.1179 79.6671
79.2453 77.942
79.3642 78.4164
79.4087 80.4164
79.4243 80.4517
80.7329 82.4517
80.9564 80.4517
82.5365 82.4517
82.7612 80.4517
82.8897 79.4075
84.3413 81.4075
84.5636 79.4075
85.7087 79.0898
86.1581 81.0898
86.3816 79.0898
87.9605 81.0898
88.0843 80.7099
88.1828 78.7099
88.4988 80.7099
88.4988 4
88.512 6
88.512 4
88.524 6
88.524 4
88.5373 6
88.5373 4
88.5493 6
88.5493 4
88.5601 6
88.5601 4
88.5769 6
88.5769 4
88.5901 6
88.5901 4
88.5997 6
88.5997 4
88.6106 6
88.6106 4
88.6214 6
88.6214 4
88.6346 6
88.6346 4
88.6478 6
88.6478 4
88.6718 6
88.6718 4
88.6863 6
88.6863 4
88.7019 6
88.7019 4
88.7199 6
88.7199 4
88.7331 6
88.7331 4
88.7475 6
88.7475 4
88.762 6
88.762 4
88.7752 6
88.7752 4
88.7896 6
88.7896 4
88.8028 6
88.8028 4
88.816 6
88.816 4
88.8268 6
88.8268 4
88.8365 6
88.8365 4
88.8449 6
88.8449 4
88.8545 6
88.8545 4
88.8617 6
88.8617 4
88.8713 6
88.8713 4
88.8785 6
88.8785 4
88.8833 6
88.8833 4
88.8917 6
88.8917 4
88.8989 6
88.8989 4
89.0992 81.9945
89.0992 83.9945
89.1113 85.9945
89.3067 87.9945
89.3193 89.9945
89.3325 91.9945
89.3433 93.9945
89.3565 95.9945
89.3697 97.9945
89.3829 97.3771
89.3937 94.5684
89.407 92.1519
89.4202 90.1209
89.431 88.261
89.443 86.6747
89.4562 85.3287
89.4682 84.1506
89.4803 83.1202
89.4935 82.2597
89.5055 81.5069
89.5175 80.8481
89.5295 80.2721
89.5427 79.8094
89.5548 79.4047
89.568 79.0919
89.58 78.8184
89.592 78.6209
89.604 78.4475
89.6172 78.3377
89.6293 78.2417
89.6413 78.1581
89.6545 78.1257
89.6653 78.0566
89.6785 78.0373
89.6905 78.02
90.0606 80.02
90.2937 78.02
90.5268 78.326
90.5593 79.2079
91.8835 81.2079
92.1106 79.2079
93.6823 81.2079
93.913 79.2079
94.6531 79.049
95.4883 81.049
95.7118 79.049
97.2991 81.049
97.519 79.049
97.579 75.7217
97.7917 76.0663
98.6473 76.3349
98.6593 76.9807
99.1027 78.9807
99.3322 76.9807
99.5449 77.8287
99.6097 79.7452
99.6951 81.7452
99.6951 4
99.7095 6
99.7095 4
99.7227 6
99.7227 4
99.7335 6
99.7335 4
99.7467 6
99.7467 4
99.7623 6
99.7623 4
99.7744 6
99.7744 4
99.7876 6
99.7876 4
99.814 6
99.814 4
99.8308 6
99.8308 4
99.8501 6
99.8501 4
99.8657 6
99.8657 4
99.8825 6
99.8825 4
99.8993 6
99.8993 4
99.9137 6
99.9137 4
99.9258 6
99.9258 4
99.9414 6
99.9414 4
99.9558 6
99.9558 4
99.9678 6
99.9678 4
99.975 6
99.975 4
99.9846 6
99.9846 4
99.9931 6
99.9931 4
