0.200158 10
0.40287 11
0.413728 13
0.425744 15
0.43776 17
0.449776 19
0.619363 21
0.633204 23
0.647045 25
0.660886 27
0.674726 29
0.688567 31
0.702408 33
0.716249 35
0.805858 37
0.820857 39
0.834698 41
0.848538 43
0.862379 45
0.87622 47
0.890061 49
0.903335 51
0.914495 53
0.950543 55
0.962559 57
0.974575 59
0.986591 61
0.998607 63
1.01062 65
1.02384 67
1.03466 69
1.04667 71
1.05869 73
1.0707 75
1.08272 77
1.09474 79
1.10675 81
1.11877 83
1.13078 85
1.1428 87
1.15482 89
1.16683 91
1.17885 93
1.19086 95
1.20288 97
1.2149 99
1.22691 101
1.4408 103
3.19994 104.62
3.80074 75.9413
4.00501 73.9413
5.4277 75.9413
5.60794 73.5773
5.63198 71.5773
5.75814 72.6602
5.81582 73.4199
5.92276 73.5359
7.06909 75.5359
7.27216 73.5359
8.69966 75.5359
8.90393 73.5359
9.22957 73.5953
10.2005 71.8936
10.2005 4
10.2125 6
10.2125 4
10.2245 6
10.2245 4
10.2365 6
10.2365 4
10.2485 6
10.2485 4
10.2605 6
10.2605 4
10.2726 6
10.2726 4
10.2846 6
10.2846 4
10.2966 6
10.2966 4
10.3074 6
10.3074 4
10.3194 6
10.3194 4
10.3326 6
10.3326 4
10.3435 6
10.3435 4
10.3555 6
10.3555 4
10.3675 6
10.3675 4
10.3795 6
10.3795 4
10.3915 6
10.3915 4
10.4047 6
10.4047 4
10.4167 6
10.4167 4
10.4288 6
10.4288 4
10.4408 6
10.4408 4
10.4528 6
10.4528 4
10.4648 6
10.4648 4
10.4768 6
10.4768 4
10.4888 6
10.4888 4
10.5009 6
10.5009 4
10.5129 6
10.5129 4
10.5249 6
10.5249 4
10.5357 6
10.5357 4
10.5477 6
10.5477 4
10.5597 6
10.5597 4
10.5706 6
10.5706 4
10.5826 6
10.5826 4
10.5946 6
10.5946 4
10.7899 73.5953
10.7899 75.5953
10.8021 77.5953
10.9976 79.5953
11.0096 81.5953
11.0216 83.5953
11.0336 85.5953
11.0456 87.5953
11.0576 89.5953
11.0696 91.5953
11.0817 93.5953
11.0937 91.7907
11.1057 89.9876
11.1177 88.4102
11.1285 86.9869
11.1405 85.7845
11.1526 84.7327
11.1646 83.8122
11.1754 83.0062
11.1886 82.3446
11.2006 81.7652
11.2138 81.3439
11.2259 80.9758
11.2379 80.6533
11.2499 80.4144
11.2619 80.2051
11.2739 80.0214
11.2859 79.9047
11.298 81.8018
11.31 81.712
11.322 81.6761
11.334 81.645
11.3568 81.6312
11.3688 81.605
11.3809 81.5829
11.4157 81.5635
11.5984 79.5635
12.2292 78.2155
13.1664 80.2155
13.3935 78.2155
14.7357 77.9316
14.9532 79.9316
15.1803 77.9316
16.5297 77.6395
16.7352 79.6395
16.9527 77.6395
17.1065 77.9109
18.5124 79.9109
18.7298 77.9109
18.9185 78.1271
19.0266 78.317
20.2907 80.317
20.519 78.317
20.6945 78.5573
20.7521 78.7535
20.8122 78.9392
21.4214 67.7438
21.4214 4
21.4334 6
21.4334 4
21.4467 6
21.4467 4
21.4587 6
21.4587 4
21.4707 6
21.4707 4
21.4827 6
21.4827 4
21.4947 6
21.4947 4
21.5055 6
21.5055 4
21.5176 6
21.5176 4
21.5296 6
21.5296 4
21.5416 6
21.5416 4
21.5548 6
21.5548 4
21.5668 6
21.5668 4
21.5788 6
21.5788 4
21.5921 6
21.5921 4
21.6041 6
21.6041 4
21.6149 6
21.6149 4
21.6269 6
21.6269 4
21.6389 6
21.6389 4
21.6509 6
21.6509 4
21.663 6
21.663 4
21.675 6
21.675 4
21.687 6
21.687 4
21.699 6
21.699 4
21.711 6
21.711 4
21.7194 6
21.7194 4
21.7266 6
21.7266 4
21.7326 6
21.7326 4
21.7375 6
21.7375 4
21.7423 6
21.7423 4
21.7459 6
21.7459 4
21.9438 78.9392
21.9438 80.9392
21.9555 82.9392
22.1516 84.9392
22.1636 86.9392
22.1756 88.9392
22.1876 90.9392
22.1996 92.9392
22.2128 94.9392
22.2249 96.4931
22.2357 93.9413
22.2477 91.7514
22.2597 89.8349
22.2717 88.1581
22.2837 86.6913
22.2957 85.4503
22.309 84.4068
22.321 83.4938
22.333 82.6948
22.345 82.0801
22.3582 81.5856
22.3702 81.1526
22.3823 80.7735
22.3931 80.442
22.4051 80.1519
22.4171 79.8985
22.4291 79.6761
22.4411 79.482
22.4532 79.3543
22.4652 79.2431
22.4772 79.1457
22.4892 79.0601
22.5012 79.0276
22.5132 78.9993
22.5253 78.9751
22.5373 78.953
22.5481 78.9344
22.5601 78.9178
22.5721 78.9033
22.5841 78.8909
22.6803 80.8909
22.9638 78.8909
23.5983 78.1678
24.5163 80.1678
24.7446 78.1678
26.1577 77.5925
26.3019 79.5925
26.5206 77.5925
28.073 79.5925
28.2941 77.5925
28.4828 77.0463
29.8658 79.0463
30.0905 77.0463
30.3969 75.4033
31.6694 77.4033
31.8965 75.4033
32.3375 75.4689
32.5899 74.7272
32.5899 4
32.6019 6
32.6019 4
32.6139 6
32.6139 4
32.6259 6
32.6259 4
32.6379 6
32.6379 4
32.6499 6
32.6499 4
32.6644 6
32.6644 4
32.6776 6
32.6776 4
32.6896 6
32.6896 4
32.7028 6
32.7028 4
32.7148 6
32.7148 4
32.728 6
32.728 4
32.7401 6
32.7401 4
32.7533 6
32.7533 4
32.7653 6
32.7653 4
32.7773 6
32.7773 4
32.7893 6
32.7893 4
32.8037 6
32.8037 4
32.8158 6
32.8158 4
32.8278 6
32.8278 4
32.8422 6
32.8422 4
32.8542 6
32.8542 4
32.8662 6
32.8662 4
32.8794 6
32.8794 4
32.8915 6
32.8915 4
32.9011 6
32.9011 4
32.9083 6
32.9083 4
32.9143 6
32.9143 4
32.9191 6
32.9191 4
32.9239 6
32.9239 4
32.9263 6
32.9263 4
32.9287 6
32.9287 4
32.9311 6
32.9311 4
32.9335 6
32.9335 4
33.1326 78.9392
33.1326 80.9392
33.1449 82.9392
33.3409 84.9392
33.3529 86.9392
33.3661 88.9392
33.3806 90.9392
33.3938 92.9392
33.4058 94.9392
33.4178 96.2721
33.4298 93.4178
33.4418 90.8798
33.455 88.7403
33.4683 86.9081
33.4803 85.2652
33.4923 83.8273
33.5055 82.6098
33.5199 81.5849
33.532 80.6885
33.544 79.904
33.5572 79.2576
33.5692 78.6927
33.5812 78.1982
33.5944 77.7652
33.6065 77.3867
33.6185 77.0552
33.6317 76.7652
33.6437 76.5117
33.6581 76.4109
33.6713 76.3232
33.6834 76.2465
33.6954 76.1796
33.7074 76.0801
33.7194 75.9931
33.7326 75.9572
33.7458 75.9261
34.3394 77.9261
34.5749 75.9261
35.0003 75.73
36.1538 77.73
36.3725 75.73
36.6837 75.953
36.7318 76.4696
36.7438 77.7928
36.757 78.0739
37.9358 80.0739
38.1581 78.0739
38.5078 78.5041
38.5667 78.7445
38.5787 79.7873
38.5907 80.0442
38.6027 80.826
39.7358 82.826
39.9629 80.826
40.3667 81.9523
40.4255 82.0746
40.4784 82.5311
40.5072 82.913
41.5286 84.913
41.7509 82.913
43.3022 84.913
43.5233 82.913
43.7516 84.913
43.7516 4
43.7648 6
43.7648 4
43.7768 6
43.7768 4
43.7876 6
43.7876 4
43.796 6
43.796 4
43.8056 6
43.8056 4
43.8176 6
43.8176 4
43.8261 6
43.8261 4
43.8345 6
43.8345 4
43.8441 6
43.8441 4
43.8549 6
43.8549 4
43.8669 6
43.8669 4
43.8765 6
43.8765 4
43.8873 6
43.8873 4
43.8958 6
43.8958 4
43.9078 6
43.9078 4
43.915 6
43.915 4
43.9258 6
43.9258 4
43.9354 6
43.9354 4
43.9462 6
43.9462 4
43.9534 6
43.9534 4
43.9642 6
43.9642 4
43.9727 6
43.9727 4
43.9907 6
43.9907 4
44.0015 6
44.0015 4
44.0135 6
44.0135 4
44.0243 6
44.0243 4
44.0375 6
44.0375 4
44.0508 6
44.0508 4
44.064 6
44.064 4
44.0772 6
44.0772 4
44.0892 6
44.0892 4
44.1024 6
44.1024 4
44.112 6
44.112 4
44.1205 6
44.1205 4
44.1277 6
44.1277 4
44.1325 6
44.1325 4
44.1373 6
44.1373 4
44.3396 82.913
44.3396 84.913
44.3508 86.913
44.5482 88.913
44.559 90.913
44.5699 92.913
44.5819 94.913
44.5939 96.913
44.6047 98.913
44.6167 100.913
44.6275 100.22
44.6396 97.6706
44.6516 95.4841
44.6636 93.6153
44.6756 91.9807
44.6876 90.5946
44.6984 89.3819
44.7104 88.3653
44.7213 87.4758
44.7333 86.6975
44.7453 86.0608
44.7549 85.4144
44.7669 84.5698
44.7789 84.1153
44.7922 83.8515
44.803 83.576
44.815 83.3798
44.827 83.2521
44.839 83.1844
44.8498 85.0815
44.8606 84.991
44.8727 84.9565
44.8847 84.9261
45.1394 82.9261
45.8111 81.0435
46.0647 81.2804
46.6943 83.2804
46.9166 81.2804
46.9935 81.4662
47.0488 82.2624
47.1653 82.5325
48.4955 84.5325
48.7154 82.5325
50.3075 84.3709
50.5358 82.3709
52.1111 84.3709
52.3406 82.3709
52.3526 81.4461
53.9051 83.4461
54.1262 81.4461
54.6561 80.7762
54.8928 73.8522
54.8928 4
54.9036 6
54.9036 4
54.9156 6
54.9156 4
54.9277 6
54.9277 4
54.9409 6
54.9409 4
54.9517 6
54.9517 4
54.9637 6
54.9637 4
54.9757 6
54.9757 4
54.9877 6
54.9877 4
54.9997 6
54.9997 4
55.0094 6
55.0094 4
55.0214 6
55.0214 4
55.0334 6
55.0334 4
55.0466 6
55.0466 4
55.0586 6
55.0586 4
55.0694 6
55.0694 4
55.0815 6
55.0815 4
55.0935 6
55.0935 4
55.1055 6
55.1055 4
55.1175 6
55.1175 4
55.1295 6
55.1295 4
55.1403 6
55.1403 4
55.1524 6
55.1524 4
55.1644 6
55.1644 4
55.1764 6
55.1764 4
55.1872 6
55.1872 4
55.1992 6
55.1992 4
55.2112 6
55.2112 4
55.2244 6
55.2244 4
55.2353 6
55.2353 4
55.2473 6
55.2473 4
55.2593 6
55.2593 4
55.2689 6
55.2689 4
55.2773 6
55.2773 4
55.4704 82.913
55.4704 84.913
55.4846 86.913
55.6777 88.913
55.6893 90.913
55.7009 92.913
55.7131 94.913
55.7242 96.913
55.7363 98.913
55.7483 100.913
55.7615 99.4109
55.7735 96.6671
55.7855 94.3101
55.7951 92.1609
55.8071 90.3239
55.8192 88.7169
55.8312 87.3101
55.8444 86.1657
55.8564 85.1644
55.8672 84.288
55.8792 83.5214
55.8913 82.8501
55.9033 82.3066
55.9153 81.8301
55.9261 81.4144
55.9381 81.0497
55.9501 80.7307
55.9622 80.4952
55.9742 80.2887
55.9862 82.1512
55.997 81.9876
56.009 81.8881
56.0222 81.8439
56.0343 81.8052
56.0799 81.7493
56.0919 81.6796
56.1051 80.3384
56.2565 80.5138
56.2914 78.5138
56.3166 79.163
57.8751 81.163
58.101 79.163
59.2305 77.6761
59.6715 79.6761
59.8902 77.6761
60.8671 77.2928
61.4234 79.2928
61.6421 77.2928
63.1778 79.2928
63.3989 77.2928
64.1234 77.0435
64.9585 79.0435
65.1808 77.0435
66.1025 76.0912
66.1025 4
66.1145 6
66.1145 4
66.1265 6
66.1265 4
66.1397 6
66.1397 4
66.1505 6
66.1505 4
66.1637 6
66.1637 4
66.1758 6
66.1758 4
66.1878 6
66.1878 4
66.201 6
66.201 4
66.213 6
66.213 4
66.225 6
66.225 4
66.2382 6
66.2382 4
66.2491 6
66.2491 4
66.2611 6
66.2611 4
66.2743 6
66.2743 4
66.2863 6
66.2863 4
66.2983 6
66.2983 4
66.3127 6
66.3127 4
66.3248 6
66.3248 4
66.338 6
66.338 4
66.3488 6
66.3488 4
66.3608 6
66.3608 4
66.374 6
66.374 4
66.386 6
66.386 4
66.3981 6
66.3981 4
66.4113 6
66.4113 4
66.4233 6
66.4233 4
66.4353 6
66.4353 4
66.4485 6
66.4485 4
66.4593 6
66.4593 4
66.4713 6
66.4713 4
66.4786 6
66.4786 4
66.4858 6
66.4858 4
66.493 6
66.493 4
66.5002 6
66.5002 4
66.5074 6
66.5074 4
66.7076 82.913
66.7076 84.913
66.72 86.913
66.9151 88.913
66.9287 90.913
66.9395 92.913
66.9515 94.913
66.9647 96.913
66.9768 98.913
66.9888 97.2479
67.002 94.5283
67.014 92.2334
67.026 90.2244
67.0392 88.509
67.0501 86.9662
67.0621 85.616
67.0753 84.4765
67.0885 83.5214
67.1005 82.6858
67.1137 81.9965
67.1258 81.3936
67.1378 80.866
67.151 80.4461
67.1618 80.0787
67.1738 79.7576
67.187 79.5601
67.1991 79.3874
67.2111 79.2369
67.2243 79.1464
67.2363 79.0677
67.2495 79.0407
67.2615 79.0166
67.2724 78.9537
67.2844 78.8992
67.2964 78.8508
67.6785 80.8508
67.9176 78.8508
69.1805 77.4006
69.4869 79.4006
69.714 77.4006
71.3049 79.4006
71.4695 78.741
71.5344 76.741
71.9189 77.174
73.135 79.174
73.3681 77.174
74.9722 79.174
75.2005 77.174
76.7698 76.5836
76.795 78.5836
77.0245 76.5836
77.3165 78.5836
77.3165 4
77.3273 6
77.3273 4
77.3394 6
77.3394 4
77.3502 6
77.3502 4
77.3634 6
77.3634 4
77.3754 6
77.3754 4
77.3874 6
77.3874 4
77.4006 6
77.4006 4
77.4127 6
77.4127 4
77.4259 6
77.4259 4
77.4391 6
77.4391 4
77.4523 6
77.4523 4
77.4643 6
77.4643 4
77.4763 6
77.4763 4
77.4872 6
77.4872 4
77.5076 6
77.5076 4
77.522 6
77.522 4
77.5364 6
77.5364 4
77.552 6
77.552 4
77.5665 6
77.5665 4
77.5809 6
77.5809 4
77.5953 6
77.5953 4
77.6097 6
77.6097 4
77.6253 6
77.6253 4
77.6398 6
77.6398 4
77.6542 6
77.6542 4
77.6638 6
77.6638 4
77.6746 6
77.6746 4
77.6842 6
77.6842 4
77.6902 6
77.6902 4
77.6974 6
77.6974 4
77.7046 6
77.7046 4
77.7119 6
77.7119 4
77.9061 82.913
77.9061 84.913
77.9195 86.913
78.1146 88.913
78.1278 90.913
78.1398 92.913
78.1542 94.913
78.1675 96.913
78.1795 98.913
78.1927 99.7196
78.2047 96.3536
78.2179 93.4482
78.2299 90.9061
78.2432 88.7217
78.2564 86.8501
78.2684 85.2127
78.2828 83.8598
78.296 82.7162
78.308 81.7155
78.3201 80.8398
78.3321 80.0331
78.3453 79.3681
78.3585 78.7859
78.3705 78.2762
78.3837 77.8301
78.3982 77.5601
78.4102 77.2838
78.4234 77.0822
78.4366 76.9054
78.4486 76.7507
78.4618 76.6153
78.4727 76.4572
78.4859 76.3184
78.5003 76.3177
78.5123 76.2762
78.898 78.2762
79.1504 76.2762
79.4436 76.3467
80.7689 78.3467
80.9948 76.3467
82.5953 78.3467
82.8212 76.3467
82.921 74.864
84.417 76.864
84.6429 74.864
86.2206 74.154
86.247 76.154
86.4765 74.154
88.0819 76.154
88.1095 75.2714
88.3126 73.2714
88.5132 75.2714
88.5132 4
88.5264 6
88.5264 4
88.5385 6
88.5385 4
88.5529 6
88.5529 4
88.5649 6
88.5649 4
88.5721 6
88.5721 4
88.5829 6
88.5829 4
88.5961 6
88.5961 4
88.6082 6
88.6082 4
88.6202 6
88.6202 4
88.6334 6
88.6334 4
88.6466 6
88.6466 4
88.6586 6
88.6586 4
88.673 6
88.673 4
88.6851 6
88.6851 4
88.6983 6
88.6983 4
88.7115 6
88.7115 4
88.7247 6
88.7247 4
88.7367 6
88.7367 4
88.7499 6
88.7499 4
88.7608 6
88.7608 4
88.7836 6
88.7836 4
88.7992 6
88.7992 4
88.8136 6
88.8136 4
88.8232 6
88.8232 4
88.8341 6
88.8341 4
88.8461 6
88.8461 4
88.8569 6
88.8569 4
88.8689 6
88.8689 4
88.8797 6
88.8797 4
88.8893 6
88.8893 4
88.9013 6
88.9013 4
89.0908 82.913
89.0908 84.913
89.1093 86.913
89.2988 88.913
89.3117 90.913
89.3246 92.913
89.3397 94.913
89.3529 96.913
89.3661 98.913
89.3793 96.7507
89.3925 93.4593
89.4058 90.5794
89.419 88.0981
89.4334 86.0041
89.4454 84.134
89.4586 82.4965
89.4718 81.0649
89.4839 79.7728
89.4971 78.6809
89.5115 77.7645
89.5247 76.9627
89.5379 76.261
89.5512 75.7244
89.5644 75.2548
89.5776 74.8439
89.5908 74.4848
89.6052 74.2479
89.6184 74.0407
89.6317 73.8591
89.6449 73.7003
89.6581 73.6001
89.6713 73.5124
89.6845 73.4744
89.6977 73.4413
89.711 73.4123
90.0714 75.4123
90.3178 73.4123
90.5545 73.9565
90.6013 75.7983
91.9063 77.7983
92.1346 75.7983
93.7423 77.7983
93.9706 75.7983
94.6712 74.9558
95.5784 76.9558
95.8055 74.9558
97.3988 76.9558
97.6211 72
98.7254 72.3004
99.2108 74.3004
99.4379 72.3004
99.7011 73.5055
99.7131 75.5055
99.7131 4
99.7251 6
99.7251 4
99.7371 6
99.7371 4
99.7491 6
99.7491 4
99.7599 6
99.7599 4
99.772 6
99.772 4
99.784 6
99.784 4
99.796 6
99.796 4
99.8092 6
99.8092 4
99.82 6
99.82 4
99.8344 6
99.8344 4
99.8465 6
99.8465 4
99.8609 6
99.8609 4
99.8729 6
99.8729 4
99.8849 6
99.8849 4
99.8981 6
99.8981 4
99.9222 6
99.9222 4
99.9366 6
99.9366 4
99.9522 6
99.9522 4
99.9666 6
99.9666 4
99.9738 6
99.9738 4
99.9834 6
99.9834 4
99.9943 6
99.9943 4
