0 0
0.1 0
0.2 0
0.3 0
0.4 0
0.5 0
0.6 0
0.7 0
0.8 0
0.9 0
1 0
1.1 99
1.2 191
1.3 232
1.4 237
1.5 244
1.6 244
1.7 243
1.8 243
1.9 242
2 242
2.1 243
2.2 241
2.3 242
2.4 242
2.5 243
2.6 243
2.7 241
2.8 242
2.9 242
3 243
3.1 242
3.2 241
3.3 195
3.4 142
3.5 89
3.6 34
3.7 0
3.8 0
3.9 0
4 0
4.1 0
4.2 0
4.3 0
4.4 0
4.5 0
4.6 0
4.7 0
4.8 0
4.9 0
5 0
5.1 0
5.2 0
5.3 0
5.4 0
5.5 0
5.6 0
5.7 1
5.8 0
5.9 0
6 0
6.1 0
6.2 0
6.3 0
6.4 0
6.5 0
6.6 0
6.7 0
6.8 0
6.9 0
7 0
7.1 0
7.2 15
7.3 34
7.4 25
7.5 7
7.6 4
7.7 4
7.8 7
7.9 10
8 12
8.1 14
8.2 18
8.3 20
8.4 22
8.5 23
8.6 27
8.7 28
8.8 42
8.9 65
9 69
9.1 52
9.2 42
9.3 43
9.4 44
9.5 46
9.6 50
9.7 50
9.8 54
9.9 55
10 58
10.1 60
10.2 64
10.3 0
10.4 0
10.5 0
10.6 0
10.7 0
10.8 0
10.9 0
11 0
11.1 0
11.2 0
11.3 0
11.4 0
11.5 0
11.6 0
11.7 0
11.8 0
11.9 0
12 0
12.1 0
12.2 0
12.3 0
12.4 0
12.5 0
12.6 0
12.7 0
12.8 0
12.9 0
13 0
13.1 0
13.2 0
13.3 0
13.4 1
13.5 0
13.6 0
13.7 0
13.8 0
13.9 0
14 0
14.1 0
14.2 0
14.3 0
14.4 0
14.5 0
14.6 0
14.7 0
14.8 0
14.9 0
15 0
15.1 0
15.2 15
15.3 0
15.4 0
15.5 0
15.6 0
15.7 0
15.8 0
15.9 0
16 0
16.1 0
16.2 0
16.3 0
16.4 0
16.5 0
16.6 0
16.7 0
16.8 0
16.9 15
17 26
17.1 6
17.2 0
17.3 0
17.4 0
17.5 0
17.6 0
17.7 0
17.8 0
17.9 0
18 0
18.1 0
18.2 0
18.3 0
18.4 0
18.5 0
18.6 12
18.7 33
18.8 43
18.9 21
19 5
19.1 5
19.2 7
19.3 9
19.4 11
19.5 11
19.6 13
19.7 14
19.8 17
19.9 18
20 19
20.1 21
20.2 23
20.3 23
20.4 37
20.5 60
20.6 68
20.7 49
20.8 33
20.9 33
21 35
21.1 37
21.2 39
21.3 39
21.4 22
21.5 0
21.6 0
21.7 0
21.8 0
21.9 0
22 0
22.1 0
22.2 0
22.3 0
22.4 0
22.5 0
22.6 0
22.7 0
22.8 0
22.9 0
23 0
23.1 0
23.2 0
23.3 0
23.4 0
23.5 0
23.6 0
23.7 0
23.8 0
23.9 0
24 0
24.1 0
24.2 0
24.3 0
24.4 0
24.5 0
24.6 0
24.7 2
24.8 0
24.9 0
25 0
25.1 0
25.2 0
25.3 0
25.4 0
25.5 0
25.6 0
25.7 0
25.8 0
25.9 0
26 0
26.1 0
26.2 0
26.3 0
26.4 10
26.5 27
26.6 16
26.7 0
26.8 0
26.9 0
27 0
27.1 0
27.2 0
27.3 1
27.4 1
27.5 4
27.6 6
27.7 9
27.8 9
27.9 12
28 15
28.1 24
28.2 47
28.3 59
28.4 46
28.5 30
28.6 26
28.7 28
28.8 30
28.9 34
29 36
29.1 40
29.2 40
29.3 44
29.4 45
29.5 49
29.6 50
29.7 54
29.8 56
29.9 70
30 95
30.1 103
30.2 87
30.3 74
30.4 74
30.5 75
30.6 77
30.7 79
30.8 81
30.9 83
31 83
31.1 86
31.2 87
31.3 91
31.4 91
31.5 93
31.6 98
31.7 114
31.8 122
31.9 111
32 89
32.1 80
32.2 77
32.3 79
32.4 81
32.5 78
32.6 20
32.7 0
32.8 0
32.9 0
33 0
33.1 0
33.2 0
33.3 0
33.4 0
33.5 0
33.6 0
33.7 0
33.8 0
33.9 0
34 0
34.1 0
34.2 0
34.3 0
34.4 0
34.5 0
34.6 0
34.7 0
34.8 0
34.9 0
35 0
35.1 0
35.2 0
35.3 0
35.4 0
35.5 0
35.6 0
35.7 0
35.8 0
35.9 0
36 0
36.1 0
36.2 0
36.3 0
36.4 0
36.5 0
36.6 0
36.7 0
36.8 0
36.9 0
37 0
37.1 0
37.2 0
37.3 0
37.4 0
37.5 0
37.6 0
37.7 0
37.8 0
37.9 0
38 17
38.1 32
38.2 21
38.3 5
38.4 0
38.5 1
38.6 3
38.7 4
38.8 7
38.9 11
39 14
39.1 15
39.2 19
39.3 21
39.4 25
39.5 27
39.6 31
39.7 43
39.8 66
39.9 76
40 63
40.1 50
40.2 46
40.3 49
40.4 52
40.5 56
40.6 59
40.7 62
40.8 65
40.9 67
41 70
41.1 75
41.2 79
41.3 80
41.4 86
41.5 101
41.6 120
41.7 122
41.8 103
41.9 92
42 90
42.1 94
42.2 95
42.3 98
42.4 101
42.5 106
42.6 109
42.7 111
42.8 114
42.9 117
43 120
43.1 122
43.2 126
43.3 131
43.4 132
43.5 117
43.6 97
43.7 83
43.8 22
43.9 0
44 0
44.1 0
44.2 0
44.3 0
44.4 0
44.5 0
44.6 0
44.7 0
44.8 0
44.9 0
45 0
45.1 0
45.2 0
45.3 0
45.4 0
45.5 0
45.6 0
45.7 0
45.8 0
45.9 0
46 0
46.1 0
46.2 0
46.3 0
46.4 0
46.5 0
46.6 0
46.7 0
46.8 0
46.9 0
47 0
47.1 0
47.2 0
47.3 0
47.4 0
47.5 0
47.6 0
47.7 0
47.8 0
47.9 0
48 0
48.1 0
48.2 0
48.3 0
48.4 0
48.5 0
48.6 0
48.7 20
48.8 18
48.9 0
49 0
49.1 0
49.2 0
49.3 0
49.4 0
49.5 0
49.6 0
49.7 0
49.8 0
49.9 0
50 0
50.1 0
50.2 0
50.3 0
50.4 14
50.5 37
50.6 31
50.7 12
50.8 0
50.9 0
51 0
51.1 3
51.2 4
51.3 5
51.4 6
51.5 10
51.6 10
51.7 11
51.8 12
51.9 15
52 16
52.1 16
52.2 36
52.3 58
52.4 56
52.5 38
52.6 24
52.7 25
52.8 26
52.9 27
53 30
53.1 32
53.2 33
53.3 36
53.4 37
53.5 40
53.6 40
53.7 45
53.8 45
53.9 48
54 66
54.1 90
54.2 86
54.3 68
54.4 56
54.5 57
54.6 59
54.7 62
54.8 62
54.9 61
55 0
55.1 0
55.2 0
55.3 0
55.4 0
55.5 0
55.6 0
55.7 0
55.8 0
55.9 0
56 0
56.1 0
56.2 0
56.3 0
56.4 0
56.5 0
56.6 0
56.7 0
56.8 0
56.9 0
57 0
57.1 0
57.2 0
57.3 0
57.4 0
57.5 0
57.6 0
57.7 0
57.8 0
57.9 0
58 0
58.1 11
58.2 0
58.3 0
58.4 0
58.5 0
58.6 0
58.7 0
58.8 0
58.9 0
59 0
59.1 0
59.2 0
59.3 0
59.4 0
59.5 0
59.6 0
59.7 1
59.8 21
59.9 35
60 15
60.1 0
60.2 0
60.3 0
60.4 0
60.5 0
60.6 0
60.7 2
60.8 4
60.9 3
61 5
61.1 7
61.2 7
61.3 8
61.4 10
61.5 26
61.6 46
61.7 50
61.8 31
61.9 16
62 16
62.1 19
62.2 20
62.3 22
62.4 24
62.5 24
62.6 27
62.7 29
62.8 30
62.9 31
63 33
63.1 36
63.2 40
63.3 58
63.4 79
63.5 75
63.6 57
63.7 47
63.8 47
63.9 48
64 51
64.1 54
64.2 57
64.3 57
64.4 59
64.5 62
64.6 64
64.7 65
64.8 68
64.9 70
65 77
65.1 97
65.2 113
65.3 106
65.4 88
65.5 80
65.6 81
65.7 84
65.8 85
65.9 90
66 91
66.1 74
66.2 2
66.3 0
66.4 0
66.5 0
66.6 0
66.7 0
66.8 0
66.9 0
67 0
67.1 0
67.2 0
67.3 0
67.4 0
67.5 0
67.6 0
67.7 0
67.8 0
67.9 0
68 0
68.1 0
68.2 0
68.3 0
68.4 0
68.5 0
68.6 0
68.7 0
68.8 0
68.9 0
69 0
69.1 0
69.2 0
69.3 0
69.4 0
69.5 0
69.6 7
69.7 19
69.8 9
69.9 0
70 0
70.1 0
70.2 0
70.3 0
70.4 0
70.5 1
70.6 5
70.7 8
70.8 9
70.9 13
71 16
71.1 20
71.2 26
71.3 36
71.4 53
71.5 62
71.6 59
71.7 46
71.8 40
71.9 44
72 46
72.1 52
72.2 54
72.3 60
72.4 63
72.5 68
72.6 70
72.7 75
72.8 79
72.9 84
73 92
73.1 105
73.2 112
73.3 120
73.4 114
73.5 104
73.6 95
73.7 98
73.8 99
73.9 103
74 105
74.1 111
74.2 114
74.3 119
74.4 122
74.5 126
74.6 129
74.7 136
74.8 137
74.9 135
75 134
75.1 130
75.2 127
75.3 112
75.4 104
75.5 100
75.6 102
75.7 106
75.8 109
75.9 113
76 118
76.1 122
76.2 125
76.3 129
76.4 131
76.5 136
76.6 136
76.7 134
76.8 129
76.9 127
77 125
77.1 111
77.2 104
77.3 76
77.4 4
77.5 0
77.6 0
77.7 0
77.8 0
77.9 0
78 0
78.1 0
78.2 0
78.3 0
78.4 0
78.5 0
78.6 0
78.7 0
78.8 0
78.9 0
79 0
79.1 0
79.2 0
79.3 0
79.4 0
79.5 0
79.6 0
79.7 0
79.8 0
79.9 0
80 0
80.1 0
80.2 0
80.3 0
80.4 0
80.5 0
80.6 0
80.7 0
80.8 10
80.9 29
81 38
81.1 26
81.2 13
81.3 14
81.4 19
81.5 24
81.6 28
81.7 32
81.8 37
81.9 41
82 47
82.1 50
82.2 55
82.3 60
82.4 65
82.5 75
82.6 89
82.7 103
82.8 116
82.9 112
83 99
83.1 97
83.2 101
83.3 105
83.4 108
83.5 111
83.6 117
83.7 122
83.8 126
83.9 128
84 132
84.1 134
84.2 141
84.3 140
84.4 139
84.5 139
84.6 135
84.7 125
84.8 112
84.9 107
85 107
85.1 104
85.2 109
85.3 114
85.4 118
85.5 123
85.6 127
85.7 129
85.8 133
85.9 137
86 140
86.1 139
86.2 136
86.3 138
86.4 133
86.5 127
86.6 117
86.7 108
86.8 104
86.9 102
87 107
87.1 110
87.2 115
87.3 118
87.4 122
87.5 125
87.6 127
87.7 130
87.8 135
87.9 137
88 131
88.1 128
88.2 122
88.3 117
88.4 100
88.5 68
88.6 10
88.7 0
88.8 0
88.9 0
89 0
89.1 0
89.2 0
89.3 0
89.4 0
89.5 0
89.6 0
89.7 0
89.8 0
89.9 0
90 0
90.1 0
90.2 0
90.3 0
90.4 0
90.5 0
90.6 0
90.7 0
90.8 0
90.9 0
91 0
91.1 0
91.2 0
91.3 0
91.4 0
91.5 4
91.6 11
91.7 23
91.8 36
91.9 39
92 49
92.1 69
92.2 79
92.3 71
92.4 64
92.5 70
92.6 77
92.7 84
92.8 89
92.9 96
93 103
93.1 110
93.2 118
93.3 124
93.4 133
93.5 138
93.6 142
93.7 139
93.8 140
93.9 143
94 141
94.1 129
94.2 114
94.3 112
94.4 117
94.5 125
94.6 129
94.7 137
94.8 139
94.9 141
95 143
95.1 141
95.2 143
95.3 143
95.4 140
95.5 135
95.6 136
95.7 142
95.8 143
95.9 129
96 115
96.1 111
96.2 117
96.3 124
96.4 128
96.5 133
96.6 138
96.7 141
96.8 141
96.9 143
97 144
97.1 141
97.2 138
97.3 133
97.4 135
97.5 144
97.6 146
97.7 128
97.8 112
97.9 96
98 95
98.1 98
98.2 98
98.3 99
98.4 102
98.5 104
98.6 106
98.7 108
98.8 110
98.9 107
99 102
99.1 101
99.2 106
99.3 112
99.4 120
99.5 115
99.6 82
99.7 52
99.8 0
99.9 0
100 0
