0.1 0.00448
0.2 0
0.3 1.20416
0.4 0
0.5 1.68
0.6 0.48
0.7 1.68
0.8 2.4
0.9 2.64
1 3.24
1.1 4.92
1.2 4.08
1.3 2.64
1.4 2.16
1.5 2.16
1.6 1.92
1.7 2.16
1.8 1.92
1.9 1.92
2 1.92
2.1 2.16
2.2 1.92
2.3 2.16
2.4 1.92
2.5 1.92
2.6 1.92
2.7 2.16
2.8 1.92
2.9 1.92
3 2.04
3.1 2.04
3.2 1.92
3.3 0.72
3.4 0.72
3.5 0.72
3.6 0.72
3.7 0.72
3.8 0.72
3.9 2.4
4 2.64
4.1 1.56
4.2 1.56
4.3 2.04
4.4 2.04
4.5 2.04
4.6 2.04
4.7 2.04
4.8 2.16
4.9 2.04
5 2.04
5.1 2.04
5.2 2.04
5.3 2.04
5.4 2.16
5.5 2.28
5.6 2.64
5.7 1.92
5.8 1.44
5.9 1.8
6 2.04
6.1 2.04
6.2 2.04
6.3 2.04
6.4 1.92
6.5 2.04
6.6 2.04
6.7 2.04
6.8 2.04
6.9 2.04
7 1.92
7.1 2.16
7.2 2.52
7.3 2.4
7.4 1.44
7.5 1.68
7.6 1.92
7.7 2.04
7.8 2.04
7.9 2.04
8 2.04
8.1 2.04
8.2 1.92
8.3 2.04
8.4 2.04
8.5 2.04
8.6 2.04
8.7 2.04
8.8 2.4
8.9 2.52
9 1.8
9.1 1.44
9.2 1.8
9.3 2.04
9.4 2.04
9.5 2.04
9.6 1.92
9.7 2.04
9.8 2.04
9.9 1.92
10 2.04
10.1 2.04
10.2 2.04
10.3 0
10.4 0
10.5 0
10.6 0.36
10.7 0.12
10.8 0.24
10.9 2.04
11 1.92
11.1 2.04
11.2 2.04
11.3 1.92
11.4 2.52
11.5 2.52
11.6 2.4
11.7 1.56
11.8 1.44
11.9 1.8
12 2.04
12.1 1.92
12.2 2.04
12.3 1.92
12.4 2.04
12.5 1.92
12.6 1.92
12.7 2.04
12.8 1.92
12.9 1.92
13 2.04
13.1 1.92
13.2 2.04
13.3 2.52
13.4 2.28
13.5 1.56
13.6 1.44
13.7 1.8
13.8 1.92
13.9 2.04
14 1.92
14.1 1.92
14.2 1.92
14.3 2.04
14.4 1.92
14.5 1.92
14.6 1.92
14.7 1.92
14.8 2.04
14.9 1.92
15 2.16
15.1 2.4
15.2 2.28
15.3 1.44
15.4 1.56
15.5 1.8
15.6 2.04
15.7 1.92
15.8 1.92
15.9 1.92
16 2.04
16.1 1.92
16.2 1.92
16.3 1.92
16.4 1.92
16.5 2.04
16.6 1.92
16.7 1.92
16.8 2.16
16.9 2.52
17 2.16
17.1 1.44
17.2 1.44
17.3 1.92
17.4 1.92
17.5 1.92
17.6 1.92
17.7 1.92
17.8 1.92
17.9 1.92
18 1.92
18.1 1.92
18.2 1.92
18.3 2.04
18.4 1.92
18.5 1.92
18.6 2.04
18.7 2.4
18.8 2.28
18.9 1.44
19 1.44
19.1 1.92
19.2 1.92
19.3 1.92
19.4 1.92
19.5 1.92
19.6 1.92
19.7 1.92
19.8 1.92
19.9 1.92
20 1.92
20.1 2.04
20.2 1.92
20.3 1.92
20.4 2.04
20.5 2.4
20.6 2.28
20.7 1.44
20.8 1.44
20.9 1.92
21 1.92
21.1 1.92
21.2 1.92
21.3 1.92
21.4 1.92
21.5 0.12
21.6 0
21.7 0
21.8 0.48
21.9 0
22 1.08
22.1 2.04
22.2 1.92
22.3 1.92
22.4 2.04
22.5 1.92
22.6 1.92
22.7 2.04
22.8 2.52
22.9 2.4
23 2.16
23.1 1.44
23.2 1.56
23.3 1.92
23.4 1.92
23.5 2.04
23.6 1.92
23.7 1.92
23.8 2.04
23.9 1.92
24 1.92
24.1 2.04
24.2 1.92
24.3 1.92
24.4 2.04
24.5 1.92
24.6 2.28
24.7 2.4
24.8 1.92
24.9 1.44
25 1.56
25.1 1.92
25.2 1.92
25.3 1.92
25.4 1.92
25.5 1.92
25.6 1.92
25.7 1.92
25.8 2.04
25.9 1.92
26 1.92
26.1 1.92
26.2 1.92
26.3 1.92
26.4 2.16
26.5 2.4
26.6 2.04
26.7 1.44
26.8 1.44
26.9 1.92
27 1.92
27.1 2.04
27.2 2.04
27.3 1.92
27.4 2.04
27.5 1.92
27.6 2.04
27.7 2.04
27.8 1.92
27.9 2.04
28 1.92
28.1 2.04
28.2 2.28
28.3 2.52
28.4 2.04
28.5 1.44
28.6 1.56
28.7 2.04
28.8 2.04
28.9 1.92
29 2.04
29.1 2.04
29.2 2.04
29.3 2.04
29.4 2.04
29.5 2.04
29.6 2.04
29.7 2.04
29.8 2.04
29.9 2.04
30 2.52
30.1 2.64
30.2 1.56
30.3 1.56
30.4 1.8
30.5 2.04
30.6 2.04
30.7 2.04
30.8 2.04
30.9 2.04
31 2.04
31.1 2.04
31.2 2.04
31.3 2.04
31.4 2.04
31.5 2.04
31.6 2.04
31.7 2.16
31.8 2.52
31.9 2.04
32 1.44
32.1 1.44
32.2 1.92
32.3 2.04
32.4 2.04
32.5 2.04
32.6 0.6
32.7 0
32.8 0
32.9 0
33 0.36
33.1 0
33.2 1.8
33.3 2.04
33.4 2.04
33.5 2.04
33.6 2.04
33.7 2.04
33.8 2.04
33.9 2.04
34 2.04
34.1 2.04
34.2 2.04
34.3 2.04
34.4 2.52
34.5 2.52
34.6 2.16
34.7 1.44
34.8 1.68
34.9 2.04
35 2.04
35.1 2.04
35.2 2.04
35.3 2.04
35.4 2.04
35.5 1.92
35.6 2.04
35.7 2.04
35.8 2.04
35.9 1.92
36 2.04
36.1 2.04
36.2 2.52
36.3 2.52
36.4 1.68
36.5 1.56
36.6 1.8
36.7 1.92
36.8 2.04
36.9 2.04
37 2.04
37.1 1.92
37.2 2.04
37.3 2.04
37.4 2.04
37.5 2.04
37.6 1.92
37.7 2.04
37.8 2.04
37.9 2.04
38 2.52
38.1 2.4
38.2 1.56
38.3 1.44
38.4 1.92
38.5 1.92
38.6 2.04
38.7 1.92
38.8 2.04
38.9 1.92
39 2.04
39.1 1.92
39.2 2.04
39.3 1.92
39.4 2.04
39.5 1.92
39.6 2.04
39.7 2.04
39.8 2.52
39.9 2.4
40 1.44
40.1 1.44
40.2 1.92
40.3 2.04
40.4 1.92
40.5 1.92
40.6 2.04
40.7 1.92
40.8 1.92
40.9 2.04
41 1.92
41.1 1.92
41.2 2.04
41.3 1.92
41.4 1.92
41.5 2.16
41.6 2.4
41.7 2.16
41.8 1.32
41.9 1.56
42 1.8
42.1 1.92
42.2 1.92
42.3 1.92
42.4 1.92
42.5 1.92
42.6 1.92
42.7 1.92
42.8 2.04
42.9 1.92
43 1.92
43.1 1.92
43.2 1.8
43.3 2.16
43.4 1.92
43.5 1.56
43.6 1.44
43.7 1.44
43.8 0.24
43.9 0
44 0
44.1 0
44.2 0.36
44.3 0
44.4 1.8
44.5 1.92
44.6 1.92
44.7 1.92
44.8 1.8
44.9 2.16
45 2.4
45.1 2.4
45.2 1.92
45.3 1.44
45.4 1.44
45.5 1.92
45.6 1.92
45.7 1.92
45.8 1.92
45.9 1.8
46 1.92
46.1 1.8
46.2 1.92
46.3 1.8
46.4 1.8
46.5 1.92
46.6 1.8
46.7 1.92
46.8 2.16
46.9 2.4
47 1.68
47.1 1.44
47.2 1.56
47.3 1.92
47.4 1.8
47.5 1.92
47.6 1.8
47.7 1.92
47.8 1.8
47.9 1.8
48 1.92
48.1 1.8
48.2 1.92
48.3 1.8
48.4 1.92
48.5 1.8
48.6 2.28
48.7 2.4
48.8 1.56
48.9 1.44
49 1.56
49.1 1.92
49.2 1.8
49.3 1.8
49.4 1.92
49.5 1.8
49.6 1.92
49.7 1.8
49.8 1.8
49.9 1.92
50 1.8
50.1 1.92
50.2 1.8
50.3 1.92
50.4 2.28
50.5 2.4
50.6 1.32
50.7 1.44
50.8 1.68
50.9 1.8
51 1.92
51.1 1.8
51.2 1.92
51.3 1.8
51.4 1.92
51.5 1.8
51.6 1.92
51.7 1.8
51.8 1.8
51.9 1.92
52 1.8
52.1 1.92
52.2 2.4
52.3 2.28
52.4 1.56
52.5 1.32
52.6 1.68
52.7 1.8
52.8 1.92
52.9 1.8
53 1.92
53.1 1.8
53.2 1.92
53.3 1.8
53.4 1.92
53.5 1.8
53.6 1.92
53.7 1.8
53.8 1.92
53.9 1.92
54 2.28
54.1 2.28
54.2 1.56
54.3 1.44
54.4 1.68
54.5 1.8
54.6 1.92
54.7 1.8
54.8 1.92
54.9 1.8
55 1.08
55.1 0
55.2 0
55.3 0
55.4 0.48
55.5 0
55.6 1.8
55.7 1.8
55.8 1.92
55.9 1.92
56 1.92
56.1 2.16
56.2 2.4
56.3 2.4
56.4 1.44
56.5 1.44
56.6 1.68
56.7 1.92
56.8 1.92
56.9 1.8
57 1.92
57.1 1.92
57.2 1.92
57.3 1.8
57.4 1.92
57.5 1.92
57.6 1.92
57.7 1.8
57.8 1.92
57.9 2.04
58 2.4
58.1 2.16
58.2 1.44
58.3 1.44
58.4 1.8
58.5 1.92
58.6 1.8
58.7 1.92
58.8 1.8
58.9 1.92
59 1.8
59.1 1.92
59.2 1.8
59.3 1.92
59.4 1.92
59.5 1.8
59.6 1.92
59.7 2.16
59.8 2.28
59.9 1.92
60 1.44
60.1 1.44
60.2 1.92
60.3 1.8
60.4 1.92
60.5 1.8
60.6 1.92
60.7 1.92
60.8 1.8
60.9 1.92
61 1.92
61.1 1.8
61.2 1.92
61.3 1.8
61.4 1.92
61.5 2.28
61.6 2.28
61.7 1.8
61.8 1.44
61.9 1.56
62 1.92
62.1 1.8
62.2 1.92
62.3 1.92
62.4 1.8
62.5 1.92
62.6 1.8
62.7 1.92
62.8 1.92
62.9 1.8
63 1.92
63.1 1.92
63.2 1.92
63.3 2.28
63.4 2.4
63.5 1.56
63.6 1.32
63.7 1.8
63.8 1.8
63.9 1.92
64 1.8
64.1 1.92
64.2 1.92
64.3 1.8
64.4 1.92
64.5 1.92
64.6 1.8
64.7 1.92
64.8 1.92
64.9 1.8
65 2.04
65.1 2.4
65.2 2.28
65.3 1.32
65.4 1.44
65.5 1.8
65.6 1.8
65.7 1.92
65.8 1.92
65.9 1.8
66 1.92
66.1 1.92
66.2 0.6
66.3 0
66.4 0
66.5 0
66.6 0.48
66.7 0
66.8 1.56
66.9 1.92
67 1.92
67.1 1.92
67.2 1.92
67.3 1.92
67.4 1.92
67.5 1.8
67.6 1.92
67.7 2.04
67.8 2.4
67.9 2.4
68 1.56
68.1 1.44
68.2 1.68
68.3 1.92
68.4 1.92
68.5 1.92
68.6 1.92
68.7 1.8
68.8 1.92
68.9 1.92
69 1.92
69.1 1.92
69.2 1.92
69.3 1.8
69.4 1.92
69.5 1.92
69.6 2.28
69.7 2.28
69.8 1.68
69.9 1.32
70 1.68
70.1 1.8
70.2 1.92
70.3 1.8
70.4 1.92
70.5 1.8
70.6 1.92
70.7 1.8
70.8 1.92
70.9 1.8
71 1.92
71.1 1.8
71.2 1.92
71.3 1.8
71.4 2.28
71.5 2.28
71.6 1.92
71.7 1.32
71.8 1.56
71.9 1.92
72 1.8
72.1 1.92
72.2 1.8
72.3 1.92
72.4 1.8
72.5 1.92
72.6 1.8
72.7 1.92
72.8 1.8
72.9 1.92
73 1.8
73.1 1.92
73.2 2.04
73.3 2.28
73.4 1.8
73.5 1.44
73.6 1.32
73.7 1.92
73.8 1.8
73.9 1.92
74 1.8
74.1 1.8
74.2 1.92
74.3 1.8
74.4 1.92
74.5 1.8
74.6 1.92
74.7 1.8
74.8 1.8
74.9 1.8
75 1.92
75.1 1.92
75.2 1.8
75.3 1.2
75.4 1.44
75.5 1.68
75.6 1.8
75.7 1.92
75.8 1.8
75.9 1.8
76 1.92
76.1 1.8
76.2 1.92
76.3 1.8
76.4 1.92
76.5 1.8
76.6 1.8
76.7 1.8
76.8 1.8
76.9 1.92
77 1.68
77.1 1.32
77.2 1.44
77.3 1.56
77.4 0.12
77.5 0
77.6 0
77.7 0.12
77.8 0.24
77.9 0
78 1.92
78.1 1.8
78.2 1.8
78.3 1.92
78.4 1.8
78.5 1.8
78.6 1.8
78.7 1.8
78.8 1.8
78.9 1.92
79 2.28
79.1 2.16
79.2 1.92
79.3 1.32
79.4 1.44
79.5 1.8
79.6 1.92
79.7 1.8
79.8 1.8
79.9 1.92
80 1.8
80.1 1.8
80.2 1.92
80.3 1.8
80.4 1.8
80.5 1.8
80.6 1.92
80.7 1.8
80.8 1.92
80.9 2.28
81 2.28
81.1 1.56
81.2 1.44
81.3 1.56
81.4 1.8
81.5 1.92
81.6 1.8
81.7 1.8
81.8 1.8
81.9 1.92
82 1.8
82.1 1.8
82.2 1.92
82.3 1.8
82.4 1.8
82.5 1.92
82.6 1.8
82.7 2.04
82.8 2.28
82.9 2.16
83 1.44
83.1 1.32
83.2 1.8
83.3 1.8
83.4 1.92
83.5 1.8
83.6 1.8
83.7 1.92
83.8 1.8
83.9 1.8
84 1.92
84.1 1.8
84.2 1.8
84.3 1.8
84.4 1.8
84.5 1.8
84.6 2.04
84.7 1.68
84.8 1.32
84.9 1.32
85 1.56
85.1 1.92
85.2 1.8
85.3 1.8
85.4 1.92
85.5 1.8
85.6 1.8
85.7 1.92
85.8 1.8
85.9 1.8
86 1.8
86.1 1.8
86.2 1.8
86.3 1.8
86.4 1.92
86.5 1.8
86.6 1.56
86.7 1.32
86.8 1.44
86.9 1.68
87 1.92
87.1 1.8
87.2 1.8
87.3 1.8
87.4 1.92
87.5 1.8
87.6 1.8
87.7 1.8
87.8 1.92
87.9 1.8
88 1.8
88.1 1.8
88.2 1.68
88.3 2.04
88.4 1.8
88.5 1.56
88.6 1.2
88.7 0
88.8 0
88.9 0
89 0.48
89.1 0
89.2 1.32
89.3 1.92
89.4 1.8
89.5 1.92
89.6 1.8
89.7 1.8
89.8 1.92
89.9 1.8
90 1.8
90.1 1.92
90.2 2.28
90.3 2.28
90.4 1.8
90.5 1.32
90.6 1.56
90.7 1.92
90.8 1.92
90.9 1.8
91 1.92
91.1 1.92
91.2 1.92
91.3 1.92
91.4 1.92
91.5 1.92
91.6 1.8
91.7 1.92
91.8 1.92
91.9 1.92
92 2.16
92.1 2.4
92.2 2.04
92.3 1.44
92.4 1.44
92.5 1.92
92.6 1.92
92.7 1.8
92.8 1.92
92.9 1.92
93 1.92
93.1 1.92
93.2 1.92
93.3 1.92
93.4 1.8
93.5 1.92
93.6 1.92
93.7 1.8
93.8 1.92
93.9 1.8
94 1.8
94.1 1.32
94.2 1.44
94.3 1.68
94.4 1.92
94.5 1.92
94.6 1.92
94.7 1.92
94.8 1.8
94.9 1.8
95 1.8
95.1 1.8
95.2 1.8
95.3 1.8
95.4 1.8
95.5 1.68
95.6 1.8
95.7 1.92
95.8 1.92
95.9 1.44
96 1.32
96.1 1.68
96.2 1.92
96.3 1.8
96.4 1.92
96.5 1.92
96.6 1.92
96.7 1.8
96.8 1.8
96.9 1.8
97 1.68
97.1 1.8
97.2 1.92
97.3 1.68
97.4 1.68
97.5 2.04
97.6 1.92
97.7 1.44
97.8 1.44
97.9 1.44
98 1.8
98.1 1.8
98.2 1.8
98.3 1.8
98.4 1.92
98.5 1.8
98.6 1.8
98.7 1.8
98.8 1.8
98.9 1.8
99 1.8
99.1 1.8
99.2 1.92
99.3 2.04
99.4 2.16
99.5 1.44
99.6 1.32
99.7 1.44
99.8 0.96
99.9 0
100 0
