0.200111 10
0.401609 11
0.404013 13
0.406416 15
0.408819 17
0.411222 19
0.603103 21
0.605506 23
0.60791 25
0.610313 27
0.612716 29
0.615119 31
0.617522 33
0.619926 35
0.622329 37
0.804597 39
0.807 41
0.809403 43
0.811807 45
0.81421 47
0.816613 49
0.819016 51
0.821419 53
0.823823 55
0.826226 57
0.828629 59
0.831032 61
0.833435 63
0.835839 65
0.838242 67
0.840645 69
0.843048 71
0.845451 73
1.00609 75
1.00849 77
1.0109 79
1.0133 81
1.0157 83
1.01811 85
1.02051 87
1.02291 89
1.02532 91
1.02772 93
1.03012 95
1.03253 97
1.03493 99
1.03733 101
1.03974 103
1.04214 105
1.04454 107
1.04695 109
1.04935 111
1.05175 113
1.05415 115
1.05656 117
1.05896 119
1.06136 121
1.06377 123
1.06617 125
1.06857 127
1.07098 129
1.07338 131
1.07578 133
1.07819 135
1.08059 137
1.08299 139
1.0854 141
1.0878 143
1.0902 145
1.20758 147
1.20999 149
1.21239 151
1.21479 153
1.2172 155
1.2196 157
1.222 159
1.22441 161
1.22681 163
1.22921 165
1.23162 167
1.23402 169
1.23642 171
1.23883 173
1.24123 175
1.24363 177
1.24604 179
1.24844 181
1.25084 183
1.25325 185
1.25565 187
1.25805 189
1.26045 191
1.26286 193
1.26526 195
1.26766 197
1.27007 199
1.27247 201
1.27487 203
1.27728 205
1.27968 207
1.28208 209
1.28449 211
1.28689 213
1.28929 215
1.2917 217
1.2941 219
1.2965 221
1.29891 223
1.30131 225
1.30371 227
1.30612 229
1.30852 231
1.31092 233
1.31333 235
1.31573 237
1.31813 239
1.32053 241
1.32294 243
1.32534 245
1.32774 247
1.33015 249
1.33255 251
1.33495 253
1.33736 255
1.33976 257
1.34216 259
1.34457 261
1.34697 263
1.34937 265
1.35178 267
1.35418 269
1.35658 271
1.35899 273
1.36139 275
1.36379 277
1.3662 279
1.3686 281
1.371 283
1.37341 285
1.37581 287
1.37821 289
1.40908 291
1.41148 293
1.41388 295
1.41629 297
1.41869 299
1.42109 301
1.4235 303
1.4259 305
1.4283 307
1.43071 309
1.43311 311
1.43551 313
1.43792 315
1.44032 317
1.44272 319
1.44513 321
1.44753 323
1.44993 325
1.45234 327
1.45474 329
1.45714 331
1.45955 333
1.46195 335
1.46435 337
1.46676 339
1.46916 341
1.47156 343
1.47396 345
1.47637 347
1.47877 349
1.48117 351
1.48358 353
1.48598 355
1.48838 357
1.49079 359
1.49319 361
1.49559 363
1.498 365
1.5004 367
1.5028 369
1.50521 371
1.50761 373
1.51001 375
1.51242 377
1.51482 379
1.51722 381
1.51963 383
1.52203 385
1.52443 387
1.52684 389
1.52924 391
1.53164 393
1.53404 395
1.53645 397
1.53885 399
1.54125 401
1.54366 403
1.54606 405
1.54846 407
1.55087 409
1.55327 411
1.55567 413
1.55808 415
1.56048 417
1.56288 419
1.56529 421
1.56769 423
1.57009 425
1.5725 427
1.5749 429
1.5773 431
1.57971 433
1.58211 435
1.58451 437
1.58692 439
1.58932 441
1.59172 443
1.59412 445
1.59653 447
1.59893 449
1.60133 451
1.60374 453
1.60614 455
1.60854 457
1.61095 459
1.61335 461
1.61575 463
1.61816 465
1.62056 467
1.62296 469
1.62537 471
1.62777 473
1.63017 475
1.63258 477
1.63498 479
1.63738 481
1.63979 483
1.64219 485
1.64459 487
1.647 489
1.6494 491
1.6518 493
1.6542 495
1.65661 497
1.65901 499
1.66141 501
1.66382 503
1.66622 505
1.66862 507
1.67103 509
1.67343 511
1.67583 513
1.67824 515
1.68064 517
1.68304 519
1.68545 521
1.68785 523
1.69025 525
1.69266 527
1.69506 529
1.69746 531
1.69987 533
1.70227 535
1.70467 537
1.70708 539
1.70948 541
1.71188 543
1.71428 545
1.71669 547
1.71909 549
1.72149 551
1.7239 553
1.7263 555
1.7287 557
1.73111 559
1.73351 561
1.73591 563
1.73832 565
1.74072 567
1.74312 569
1.74553 571
1.74793 573
1.75033 575
1.75274 577
1.75514 579
1.75754 581
1.75995 583
1.76235 585
1.76475 587
1.76716 589
1.76956 591
1.77196 593
1.77436 595
1.77677 597
1.77917 599
1.78157 601
1.78398 603
1.78638 605
1.78878 607
1.79119 609
1.79359 611
1.79599 613
1.7984 615
1.8008 617
1.8032 619
1.80561 621
1.80801 623
1.81041 625
1.81282 627
1.81522 629
1.81762 631
1.82003 633
1.82243 635
1.82483 637
1.82724 639
1.82964 641
1.83204 643
1.83444 645
1.83685 647
1.83925 649
1.84165 651
1.84406 653
1.84646 655
1.84886 657
1.85127 659
1.85367 661
1.85607 663
1.85848 665
1.86088 667
1.86328 669
1.86569 671
1.86809 673
1.87049 675
1.8729 677
1.8753 679
1.8777 681
1.88011 683
1.88251 685
1.88491 687
1.88732 689
1.88972 691
1.89212 693
1.89452 695
1.89693 697
1.89933 699
1.90173 701
1.90414 703
1.90654 705
1.90894 707
1.91135 709
1.91375 711
1.91615 713
1.91856 715
1.92096 717
1.92336 719
1.92577 721
1.92817 723
1.93057 725
1.93298 727
1.93538 729
1.93778 731
1.94019 733
1.94259 735
1.94499 737
1.9474 739
1.9498 741
1.9522 743
1.9546 745
1.95701 747
1.95941 749
1.96181 751
1.96422 753
1.96662 755
1.96902 757
1.97143 759
1.97383 761
1.97623 763
1.97864 765
1.98104 767
1.98344 769
1.98585 771
1.98825 773
1.99065 775
1.99306 777
1.99546 779
1.99786 781
2.00027 783
2.00267 785
2.00507 787
2.00748 789
2.00988 791
2.01228 793
2.01468 795
2.01709 797
2.01949 799
2.02189 801
2.0243 803
2.0267 805
2.0291 807
2.03151 809
2.03391 811
2.03631 813
2.03872 815
2.04112 817
2.04352 819
2.04593 821
2.04833 823
2.05073 825
2.05314 827
2.05554 829
2.05794 831
2.06035 833
2.06275 835
2.06515 837
2.06756 839
2.06996 841
2.07236 843
2.07476 845
2.07717 847
2.07957 849
2.08197 851
2.08438 853
2.08678 855
2.08918 857
2.0928 856
2.09401 855.395
2.09521 853.093
2.09642 852
2.09762 849
2.09882 848
2.10002 845
2.10122 844
2.10242 841
2.10363 840.204
2.10483 837
2.10603 836
2.10723 833
2.10843 832
2.10963 829
2.11084 828
2.11204 825.316
2.11324 824
2.11444 821
2.11564 820.023
2.11684 817
2.11805 816
2.11925 813
2.12045 812
2.12165 809
2.12285 808
2.12405 805.135
2.12525 804
2.12646 801
2.12766 800
2.12886 797
2.13006 796
2.13126 793
2.13246 792.247
2.13367 789
2.13487 788
2.13607 785
2.13727 784
2.13847 781
2.13967 780
2.14088 777.359
2.14208 776
2.14328 773
2.14448 772.066
2.14568 769
2.14688 768
2.14809 765
2.14929 764
2.15049 761
2.15289 757.178
2.15409 756
2.15529 753
2.1565 752
2.1577 749
2.1589 748
2.1601 745
2.1613 744.29
2.1625 741
2.16371 740
2.16491 737
2.16611 736
2.16731 733
2.16851 732
2.16971 729
2.17092 728
2.17212 725
2.17332 724.109
2.17452 721
2.17572 720
2.17692 717
2.17813 716
2.17933 713
2.18053 712
2.18173 709.221
2.18293 708
2.18413 705
2.18533 704
2.18654 701
2.18774 700
2.18894 697
2.19014 696.333
2.19134 693
2.19254 692
2.19375 689.041
2.19495 688
2.19615 685
2.19735 684
2.19855 681
2.19975 680
2.20096 677
2.20216 676.153
2.20336 673
2.20456 672
2.20576 669
2.20696 668
2.20817 665
2.20937 664
2.21057 661.265
2.21177 660
2.21297 657
2.21417 656
2.21537 653
2.21658 652
2.21778 649
2.21898 648.376
2.22018 645
2.22138 644
2.22258 641.084
2.22379 640
2.22499 637
2.22619 636
2.22739 633
2.22859 632
2.22979 629
2.231 628.195
2.2322 625
2.2334 624
2.2346 621
2.2358 620
2.237 617
2.23821 616
2.23941 613.307
2.24061 612
2.24181 609
2.24301 608.015
2.24421 605
2.24541 604
2.24662 601
2.24782 600
2.24902 598
2.25142 596
2.25383 594
2.25623 592
2.25863 590
2.26104 588
2.26344 586
2.26584 584
2.26825 582
2.27065 580
2.27305 578
2.27545 576
2.27786 574
2.28026 572
2.28266 570
2.28507 568
2.28747 566
2.28987 564
2.29228 562
2.29468 560
2.29708 558
2.29949 556
2.30189 554
2.30429 552
2.3067 550
2.3091 548
2.3115 546
2.31391 544
2.31631 542
2.31871 540
2.32112 538
2.32352 536
2.32592 534
2.32833 532
2.33073 530
2.33313 528
2.33553 526
2.33794 524
2.34034 522
2.34274 520
2.34515 518
2.34755 516
2.34995 514
2.35236 512
2.35476 510
2.35716 508
2.35957 506
2.36197 504
2.36437 502
2.36678 500
2.36918 498
2.37158 496
2.37399 494
2.37639 492
2.37879 490
2.3812 488
2.3836 486
2.386 484
2.38841 482
2.39081 480
2.39321 478
2.39561 476
2.39802 474
2.40042 472
2.40282 470
2.40523 468
2.40763 466
2.41003 464
2.41244 462
2.41484 460
2.41724 458
2.41965 456
2.42205 454
2.42445 452
2.42686 450
2.42926 448
2.43166 446
2.43407 444
2.43647 442
2.43887 440
2.44128 438
2.44368 436
2.44608 434
2.44849 432
2.45089 430
2.45329 428
2.45569 426
2.4581 424
2.4605 422
2.4629 420
2.46531 418
2.46771 416
2.47011 414
2.47252 412
2.47492 410
2.47732 408
2.47973 406
2.48213 404
2.48453 402
2.48694 400
2.48934 398
2.49174 396
2.49415 394
2.49655 392
2.49895 390
2.50136 388
2.50376 386
2.50616 384
2.50857 382
2.51097 380
2.51337 378
2.51577 376
2.51818 374
2.52058 372
2.52298 370
2.52539 368
2.52779 366
2.53019 364
2.5326 362
2.535 360
2.5374 358
2.53981 356
2.54221 354
2.54461 352
2.54702 350
2.54942 348
2.55182 346
2.55423 344
2.55663 342
2.55903 340
2.56144 338
2.56384 336
2.56624 334
2.56865 332
2.57105 330
2.57345 328
2.57585 326
2.57826 324
2.58066 322
2.58306 320
2.58547 318
2.58787 316
2.59027 314
2.59268 312
2.59508 310
2.59748 308
2.59989 306
2.60229 304
2.60469 302
2.6071 431
2.6083 432
2.6095 431
2.6107 432
2.6119 431
2.6131 432
2.61431 431
2.61551 432
2.61671 431
2.61791 432
2.61911 431
2.62031 432
2.62152 431
2.62272 432
2.62392 431
2.62512 432
2.62632 431
2.62752 432
2.62873 431
2.62993 432
2.63113 431
2.63233 432
2.63353 431
2.63473 432
2.63593 431
2.63714 432
2.63834 431
2.63954 432
2.64074 431
2.64194 432
2.64314 431
2.64435 432
2.64555 431
2.64675 432
2.64795 431
2.64915 432
2.65035 431
2.65156 432
2.65276 431
2.65396 432
2.65516 431
2.65636 432
2.65756 431
2.65877 432
2.65997 431
2.66117 432
2.66237 431
2.66357 432
2.66477 431
2.66597 432
2.66718 431
2.66838 432
2.66958 431
2.67078 432
2.67198 431
2.67318 432
2.67439 431
2.67559 432
2.67679 431
2.67799 432
2.67919 431
2.68039 432
2.6816 431
2.6828 432
2.684 431
2.6852 432
2.6864 431
2.6876 432
2.68881 431
2.69001 432
2.69121 431
2.69241 432
2.69361 431
2.69481 432
2.69601 431
2.69722 432
2.69842 431
2.69962 432
2.70082 431
2.70202 432
2.70322 431
2.70443 432
2.70563 431
2.70683 432
2.70803 431
2.70923 432
2.71043 431
2.71164 432
2.71284 431
2.71404 432
2.71524 431
2.71644 432
2.71764 431
2.71885 432
2.72005 431
2.72125 432
2.72245 431
2.72365 432
2.72485 431
2.72605 432
2.72726 431
2.72846 432
2.72966 431
2.73086 432
2.73206 431
2.73326 432
2.73447 431
2.73567 432
2.73687 431
2.73807 432
2.73927 431
2.74047 432
2.74168 431
2.74288 432
2.74408 431
2.74528 432
2.74648 431
2.74768 432
2.74889 431
2.75009 432
2.75129 431
2.75249 432
2.75369 431
2.75489 432
2.75609 431
2.7573 432
2.7585 431
2.7597 432
2.7609 431
2.7621 432
2.7633 431
2.76451 432
2.76571 431
2.76691 432
2.76811 431
2.76931 432
2.77051 431
2.77172 432
2.77292 431
2.77412 432
2.77532 431
2.77652 432
2.77772 431
2.77893 432
2.78013 431
2.78133 432
2.78253 431
2.78373 432
2.78493 431
2.78613 432
2.78734 431
2.78854 432
2.78974 431
2.79094 432
2.79214 431
2.79334 432
2.79455 431
2.79575 432
2.79695 431
2.79815 432
2.79935 431
2.80055 432
2.80176 431
2.80296 432
2.80416 431
2.80536 432
2.80656 431
2.80776 432
2.80897 431
2.81017 432
2.81137 431
2.81257 432
2.81377 431
2.81497 432
2.81617 431
2.81738 432
2.81858 431
2.81978 432
2.82098 431
2.82218 432
2.82338 431
2.82459 432
2.82579 431
2.82699 432
2.82819 431
2.82939 432
2.83059 431
2.8318 432
2.833 431
2.8342 432
2.8354 431
2.8366 432
2.8378 431
2.83901 432
2.84021 431
2.84141 432
2.84261 431
2.84381 432
2.84501 431
2.84621 432
2.84742 431
2.84862 432
2.84982 431
2.85102 432
2.85222 431
2.85342 432
2.85463 431
2.85583 432
2.85703 431
2.85823 432
2.85943 431
2.86063 432
2.86184 431
2.86304 432
2.86424 431
2.86544 432
2.86664 431
2.86784 432
2.86905 431
2.87025 432
2.87145 431
2.87265 432
2.87385 431
2.87505 432
2.87625 431
2.87746 432
2.87866 431
2.87986 432
2.88106 431
2.88226 432
2.88346 431
2.88467 432
2.88587 431
2.88707 432
2.88827 431
2.88947 432
2.89067 431
2.89188 432
2.89308 431
2.89428 432
2.89548 431
2.89668 432
2.89788 431
2.89909 432
2.90029 431
2.90149 432
2.90269 431
2.90389 432
2.90509 431
2.90629 432
2.9075 431
2.9087 432
2.9099 431
2.9111 432
2.9123 431
2.9135 432
2.91471 431
2.91591 432
2.91711 431
2.91831 432
2.91951 431
2.92071 432
2.92192 431
2.92312 432
2.92432 431
2.92552 432
2.92672 431
2.92792 432
2.92913 431
2.93033 432
2.93153 431
2.93273 432
2.93393 431
2.93513 432
2.93633 431
2.93754 432
2.93874 431
2.93994 432
2.94114 431
2.94234 432
2.94354 431
2.94475 432
2.94595 431
2.94715 432
2.94835 431
2.94955 432
2.95075 431
2.95196 432
2.95316 431
2.95436 432
2.95556 431
2.95676 432
2.95796 431
2.95917 432
2.96037 431
2.96157 432
2.96277 431
2.96397 432
2.96517 431
2.96637 432
2.96758 431
2.96878 432
2.96998 431
2.97118 432
2.97238 431
2.97358 432
2.97479 431
2.97599 432
2.97719 431
2.97839 432
2.97959 431
2.98079 432
2.982 431
2.9832 432
2.9844 431
2.9856 432
2.9868 431
2.988 432
2.98921 431
2.99041 432
2.99161 431
2.99281 432
2.99401 431
2.99521 432
2.99641 431
2.99762 432
2.99882 431
3.00002 432
3.00122 431
3.00242 432
3.00362 431
3.00483 432
3.00603 431
3.00723 432
3.00843 431
3.00963 432
3.01083 431
3.01204 432
3.01324 431
3.01444 432
3.01564 431
3.01684 432
3.01804 431
3.01925 432
3.02045 431
3.02165 432
3.02285 431
3.02405 432
3.02525 431
3.02645 432
3.02766 431
3.02886 432
3.03006 431
3.03126 432
3.03246 431
3.03366 432
3.03487 431
3.03607 432
3.03727 431
3.03847 432
3.03967 431
3.04087 432
3.04208 431
3.04328 432
3.04448 431
3.04568 432
3.04688 431
3.04808 432
3.04929 431
3.05049 432
3.05169 431
3.05289 432
3.05409 431
3.05529 432
3.05649 431
3.0577 432
3.0589 431
3.0601 432
3.0613 431
3.0625 432
3.0637 431
3.06491 432
3.06611 431
3.06731 432
3.06851 431
3.06971 432
3.07091 431
3.07212 432
3.07332 431
3.07452 432
3.07572 431
3.07692 432
3.07812 431
3.07933 432
3.08053 431
3.08173 432
3.08293 431
3.08413 432
3.08533 431
3.08653 432
3.08774 431
3.08894 432
3.09014 431
3.09134 432
3.09254 431
3.09374 432
3.09495 431
3.09615 432
3.09735 431
3.09855 432
3.09975 431
3.10095 432
3.10216 431
3.10336 432
3.10456 431
3.10576 432
3.10696 431
3.10816 432
3.10937 431
3.11057 432
3.11177 431
3.11297 432
3.11417 431
3.11537 432
3.11657 431
3.11777 432
3.11896 431
3.12016 430
3.143 428
3.15382 427
3.6071 1
3.63446 2
3.63566 22
3.65729 23
3.65848 32
3.66688 458
3.69092 459
3.71495 460
3.73898 461
3.76301 462
3.78704 463
3.81108 464
3.83511 465
4.21604 381
4.21724 371.392
4.21844 362.088
4.21964 356.784
4.22085 355.48
4.22205 355.176
4.22325 354
4.22445 353
4.22565 352
4.22685 351
4.22805 350
4.22926 349
4.23046 348
4.23166 347
4.23286 345
4.23406 344
4.23526 343
4.23647 342
4.23767 341
4.23887 340
4.24007 339
4.24127 338
4.24247 337
4.24368 336
4.24488 335.24
4.24608 334
4.24728 333
4.24848 332
4.24968 331
4.25089 330
4.25209 329.029
4.25329 328
4.25449 327
4.25569 326
4.25689 325
4.28093 324
4.30496 323
4.32899 322
4.35302 321
4.67347 325
4.80923 326
4.81163 327
4.81404 328
4.81644 329
4.81884 330
4.82125 331
4.82365 332
4.82605 333
4.82846 334
4.83086 335
4.83326 336
4.83567 337
4.83807 338
4.84047 339
4.84288 340
4.87412 341
4.90776 342
4.94141 343
4.97265 344
5.00389 345
5.03273 346
5.06157 347
5.088 348
5.11684 349
5.14328 350
5.17211 351
5.19374 352
5.22018 353
5.24661 354
5.27305 355
5.29948 356
5.32111 357
5.34755 358
5.37158 359
5.39802 360
5.42205 361
5.43888 360
5.44008 359.389
5.44128 359.083
5.44248 358.777
5.44368 358.472
5.44489 358.166
5.44609 357.86
5.44729 357.554
5.44849 356
5.44969 355
5.45089 354
5.45209 353
5.4533 352
5.4545 351
5.4557 350
5.4569 349.465
5.4581 348
5.4593 347
5.46051 346
5.46171 345
5.46291 344
5.46411 343
5.46531 342
5.46651 341.375
5.46772 340
5.46892 339
5.47012 338
5.47132 337
5.47252 336
5.47372 335
5.47493 334
5.47613 333.286
5.47733 332
5.47853 331
5.47973 330
5.48093 329
5.48213 328
5.48334 327
5.48454 326
5.48574 325.197
5.48694 324
5.48814 323
5.48934 322
5.49055 321
5.49175 320
5.49295 319
5.49415 318
5.49535 317.107
5.49655 316
5.49776 315
5.49896 314
5.50016 313
5.50136 312
5.50256 311
5.50376 310
5.50497 309.018
5.50617 308
5.50737 307
5.50857 306
5.50977 305
5.51097 304
5.51217 303
5.51338 302
5.51458 301
5.51578 300.623
5.51698 299
5.51818 298
5.51938 297
5.52059 296
5.52179 295
5.52299 294
5.52419 293
5.52539 292.533
5.52659 291
5.5278 290
5.529 289
5.5302 288
5.5314 287
5.5326 286
5.5338 285
5.53501 284.444
5.53621 283
5.53741 282
5.53861 281
5.53981 280
5.54101 279
5.54221 278
5.54342 277
5.54462 276.355
5.54582 275
5.54702 274
5.54822 273
5.54942 272
5.55063 271
5.55183 270
5.55303 269
5.55423 268.265
5.55543 267
5.55663 266
5.55784 265
5.55904 264
5.56024 263
5.56144 262
5.56264 261
5.56384 260.176
5.56505 259
5.56625 258
5.56745 257
5.56865 256
5.56985 255
5.57105 254
5.57225 253
5.57346 252
5.87145 253
5.87385 254
5.87625 255
5.87866 256
5.88106 257
5.88346 258
5.88586 259
5.88827 260
5.89067 261
5.94354 262
6.02044 263
6.09494 264
6.14541 265
6.2103 266
6.26317 267
6.31604 268
6.36891 269
6.42178 270
6.47465 271
6.52992 272
6.57558 273
6.62605 274
6.67652 275
6.72939 276
6.77745 277
6.83273 278
6.888 279
6.94327 280
6.99855 281
7.05382 282
7.1115 283
7.16677 284
7.22445 285
7.27972 286
7.34941 287
7.4167 288
7.4864 289
7.55369 290
7.62338 291
7.69307 292
7.71951 291
7.72072 290.388
7.72192 290.082
7.72312 289.776
7.72432 289.47
7.72552 289.164
7.72672 288.858
7.72793 288.551
7.72913 288.245
7.73033 287.939
7.73153 286
7.73273 285
7.73393 284
7.73513 283
7.73634 282
7.73754 281
7.73874 280
7.73994 279
7.74114 278.217
7.74234 277.91
7.74355 276
7.74475 275
7.74595 274
7.74715 273
7.74835 272
7.74955 271
7.75076 270
7.75196 269
7.75316 268.188
7.75436 267.882
7.75556 266
7.75676 265
7.75797 264
7.75917 263
7.76037 262
7.76157 261
7.76277 260
7.76397 259
7.76517 258.159
7.76638 257.853
7.76758 256
7.76878 255
7.76998 254
7.77118 253
7.77238 252
7.77359 251
7.77479 250
7.77599 249
7.77719 248.131
7.77839 247.825
7.77959 246
7.7808 245
7.782 244
7.7832 243
7.7844 242
7.7856 241
7.7868 240
7.78801 239
7.78921 238.102
7.79041 237.796
7.79161 236
7.79281 235
7.79401 234
7.79521 233
7.79642 232
7.79762 231
7.79882 230
7.80002 229
7.80122 228.073
7.80242 227.767
7.80363 226
7.80483 225
7.80603 224
7.80723 223
7.80843 222
7.80963 221
7.81084 220
7.81204 219
7.81324 218.044
7.81444 217.738
7.81564 216
7.81684 215
7.81805 214
7.81925 213
7.82045 212
7.82165 211
7.82285 210
7.82405 209
7.82525 208.016
7.82646 207.709
7.82766 206
7.82886 205
7.83006 204
8.06917 205
8.07158 206
8.07398 207
8.07638 208
8.07878 209
8.08119 210
8.08359 211
8.1629 212
8.24701 213
8.3119 214
8.37438 215
8.39842 214
8.39962 213.383
8.40082 213.074
8.40202 212.765
8.40322 212.456
8.40443 212.148
8.40563 211.839
8.40683 211.53
8.40803 211.222
8.40923 210.913
8.41043 210.604
8.41164 210.296
8.41284 209.986
8.41404 208
8.41524 207
8.41644 206
8.41764 205
8.41885 204
8.42126 203
8.42246 202
8.42366 200
8.42486 199
8.42606 198
8.42726 197
8.42847 196
8.42967 195.533
8.43087 195.224
8.43207 194
8.43327 193
8.43447 192
8.43568 191
8.43688 190
8.43808 189
8.43928 188
8.44048 187
8.44168 186
8.44288 185
8.44409 184
8.44529 183
8.44649 182
8.44769 181
8.44889 180
8.45009 179
8.4513 178
8.4525 177
8.4537 176
8.4549 175
8.4561 174
8.4573 173
8.45851 172
8.45971 171
8.46091 170
8.46211 169
8.46331 168.008
8.46451 167
8.46572 166
8.46692 165
8.46812 164
8.46932 163
8.47052 162
8.47172 161
8.47292 160
8.47413 159
8.47533 158
8.47653 157
8.47773 156
8.47893 155
8.48013 154.246
8.48134 153
8.48254 152
8.48374 151
8.48494 150
8.66517 151
8.68884 152
8.69124 153
8.69364 154
8.69605 155
8.78256 156
8.85706 157
8.92878 158
8.99127 159
9.05375 160
9.13268 161
9.19636 162
9.26125 163
9.33538 164
9.40026 165
9.46755 166
9.53927 167
9.60656 168
9.67385 169
9.75398 170
9.84291 169
9.84411 168.372
9.84531 168.059
9.84651 167.744
9.84772 167.43
9.84892 167.117
9.85012 166.802
9.85132 166.489
9.85372 165.86
9.85493 165.547
9.85613 165.233
9.85733 164.919
9.85853 164.605
9.85973 164.291
9.86093 163.977
9.86214 163.663
9.86334 162
9.86454 161
9.86574 160
9.86694 159
9.86814 158
9.86934 157
9.87055 156
9.87175 155
9.87295 154
9.87415 153
9.87535 152
9.87655 151
9.87776 150
9.87896 149
9.88016 148
9.88136 147
9.88256 146.416
9.88376 145
9.88497 144
9.88617 143
9.88737 142
9.88857 141
9.88977 140
9.89097 139
9.89218 138
9.89338 137
9.89458 136
9.89578 135
9.89698 134
9.89818 133
9.89938 132
9.90059 131
9.90179 130
9.90299 129.17
9.90419 128.856
9.90539 127
9.90659 126
9.9078 125
9.909 124
9.9102 123
9.9114 122
9.9126 121
9.9138 120
9.91501 119
9.91621 118
10.046 119
10.0492 120
10.0528 121
10.0564 122
10.1778 123
10.2427 124
10.3324 125
10.3805 126
10.4454 127
10.5351 128
10.5952 129
10.6625 130
10.7654 131
10.8423 132
10.9417 133
10.9537 132
10.9549 131.378
10.9561 131.067
10.9573 130.756
10.9585 130.445
10.9597 130.134
10.9609 129.823
10.9621 129.512
10.9633 129.2
10.9645 128.89
10.9657 128.578
10.9669 128.267
10.9681 127.956
10.9693 127.645
10.9705 127.334
10.9717 127.023
10.9729 126.711
10.9742 126.401
10.9754 126.089
10.9766 125.778
10.9778 125.467
10.979 125.156
10.9802 124
10.9814 123
10.9826 122
10.9838 121
10.985 120
10.9862 119
10.9874 118
10.9886 117
10.9898 116
10.991 115
10.9922 114
10.9934 113
10.9946 112
10.9958 111
10.997 110
10.9982 109
10.9994 108
11.0006 107
11.0018 106
11.003 105
11.0042 104
11.0054 103.138
11.0066 102
11.0078 101
11.009 100
11.0102 99
11.0114 98
11.0126 97
11.0138 96
11.015 95
11.0162 94
11.0174 93
11.1564 94
11.16 95
11.1636 96
11.2213 97
11.3327 98
11.3759 99
11.4745 100
11.5786 101
11.6784 102
11.7837 103
11.8823 104
11.9864 105
12.0862 106
12.1915 107
12.345 108
12.4843 109
12.6342 110
12.8381 111
13.0408 112
13.2807 113
14.317 112
14.3182 111.374
14.3194 111.061
14.3206 110.748
14.3218 110.435
14.323 110.122
14.3242 109.809
14.3254 109.496
14.3266 109.183
14.3278 108.87
14.329 108.557
14.3623 108.244
14.3635 107.931
14.3647 107.617
14.3659 107.305
14.3671 106.992
14.3683 106.679
14.3695 106.365
14.3707 106.052
14.3719 105.74
14.3731 105.426
14.3743 105.113
14.3755 104.8
14.3767 104.488
14.3779 104.174
14.3791 103
14.3803 102
14.3815 101
14.3827 100
14.3839 99
14.3851 98
14.3863 97
14.3875 96
14.3887 95
14.3899 94
14.3911 93
14.3923 92
14.3935 91
14.3947 90
14.3959 89
14.3971 88
14.4008 87
14.402 86
14.4032 85
14.4044 84
14.4056 83
14.4068 82
14.408 81
14.4092 80
14.4104 79
14.5197 80
14.5233 81
14.5269 82
14.5305 83
14.5662 84
14.5698 85
14.6143 86
14.6515 87
14.6948 88
14.7677 89
14.8158 90
14.8566 91
14.9119 92
15.0569 93
15.093 94
15.1731 95
15.2812 96
15.3389 97
15.4659 98
15.5236 99
15.5869 100
15.6962 101
15.7491 102
15.8917 103
15.9326 104
16.0752 105
16.1136 104
16.1148 103.365
16.116 103.047
16.1173 102.729
16.1185 102.412
16.1197 102.094
16.1209 101.776
16.1221 101.459
16.1233 101.14
16.1245 100.823
16.1257 100.505
16.1269 100.187
16.1281 99.8695
16.1293 99.5518
16.1305 99.2341
16.1317 98.9164
16.1329 98.5988
16.1341 98.2804
16.1353 97.9627
16.1365 97.645
16.1377 97.3273
16.1389 97.0097
16.1401 96.692
16.1413 96.3743
16.1425 96.0566
16.1437 95.739
16.1449 95.4206
16.1461 95.1029
16.1473 94
16.1485 93
16.1497 92
16.1509 91
16.1521 90
16.1533 89
16.1545 88
16.1557 87
16.1569 86
16.1581 85
16.1593 84
16.1605 83
16.1617 82
16.1629 81
16.1641 80
16.183 79
16.1842 78
16.1854 77
16.1866 76
16.1878 75
16.189 74
16.1902 73
16.3163 74
16.3199 75
16.3236 76
16.4782 77
16.525 78
16.6809 79
16.7289 80
16.886 81
16.9388 82
17.0887 83
17.2421 84
17.3442 85
17.5469 86
17.7508 87
17.9559 88
18.2147 89
20.9122 90
21.2443 91
21.5179 92
21.6882 93
21.8813 94
21.9834 93
21.9846 92.3543
21.9858 92.0318
21.987 91.7086
21.9882 91.386
21.9894 91.0628
21.9906 90.7396
21.9918 90.4171
21.993 90.0939
21.9942 89.7714
21.9954 89.4482
21.9966 89.125
21.9978 88.8025
21.999 88.4793
22.0002 88.1568
22.0014 87.8336
22.0026 87.511
22.0038 87.1878
22.005 86.8646
22.0062 86.5421
22.0074 86.2189
22.0086 85.8964
22.0098 85.5732
22.011 85.25
22.0479 84.9275
22.0491 84.6043
22.0503 84.2818
22.0515 83.9586
22.0527 83.636
22.0539 83.3128
22.0828 82.9896
22.084 81
22.0852 80
22.0864 79
22.0876 78
22.0888 77
22.09 76
22.0912 75
22.0924 74
22.0936 73
22.0948 72
22.1224 71
22.1236 70
22.1248 69
22.126 68
22.1272 67
22.1284 66
22.1296 65
22.1849 66
22.1897 67
22.1933 68
22.1969 69
22.2005 70
22.2506 71
22.3323 72
22.3515 73
22.4104 74
22.5338 75
22.5362 76
22.5963 77
22.7365 78
22.7389 79
22.8062 80
22.938 81
22.962 82
23.0602 83
23.1407 84
23.2296 85
23.3422 86
23.4644 87
23.5581 88
23.6086 87
23.6098 86.3557
23.611 86.0338
23.6122 85.7113
23.6134 85.3895
23.6146 85.067
23.6158 84.7445
23.617 84.4227
23.6182 84.1001
23.6194 83.7783
23.6206 83.4558
23.6218 83.134
23.623 82.8115
23.6242 82.489
23.6254 82.1671
23.6266 81.8446
23.6278 81.5228
23.629 81.2003
23.6302 80.8785
23.6314 80.5559
23.6326 80.2334
23.6338 79.9116
23.635 79.5891
23.6362 79.2673
23.6374 78.9448
23.6386 78.6222
23.6398 78.3004
23.6659 77.9779
23.6671 77.6561
23.6683 77.3336
23.6695 77.0117
23.6707 76.6892
23.7452 76.3667
23.7464 75
23.7476 74
23.7488 73
23.75 72
23.7512 71
23.7524 70
23.7536 69
23.7548 68
23.756 67
23.7572 66
23.7584 65
23.7596 64
23.7608 63
23.762 62
23.7632 61
23.8113 62
23.8149 63
23.8185 64
23.9659 65
23.9779 66
24.1686 67
24.2047 68
24.3713 69
24.574 70
24.6461 71
24.8428 72
25.1797 73
25.4449 74
25.843 73
25.8442 72.3425
25.8454 72.0138
25.8467 71.6844
25.8479 71.3557
25.8491 71.0269
25.8503 70.6975
25.8515 70.3688
25.8527 70.0401
25.8539 69.7106
25.8551 69.3819
25.8563 69.0532
25.8575 68.7238
25.8587 68.395
25.8599 68.0663
25.8611 67.7369
25.8623 67.4081
25.8635 67.0794
25.8647 66.75
25.8659 66.4213
25.8671 66.0925
25.8683 65.7638
25.8907 65.4344
25.8919 65.1057
25.8931 64.7769
25.8943 64.4475
25.9881 64.1188
25.9893 63.7901
25.9917 63.1319
25.9929 62.8032
25.9941 62.4738
25.9953 62.145
25.9965 61.8163
25.9977 61.4869
25.9989 61.1581
26.0001 60.8294
26.0013 60.5
26.0025 60.1713
26.0037 59.8425
26.0049 58
26.0061 57
26.0073 56
26.0085 55
26.0097 54
26.0109 53
26.0121 52
26.0133 51
26.0457 52
26.0493 53
26.053 54
26.0566 55
26.0922 56
26.1932 57
26.216 58
26.234 57
26.2352 56.3336
26.2364 56
26.2376 55.6671
26.2388 55.3336
26.24 55
26.2412 54.6671
26.2436 54.3336
26.2448 54
26.246 53.6671
26.2473 53.3336
26.2485 53
26.2508 52.6671
26.252 52.3336
26.2533 52
26.2545 51.6671
26.2557 51.3336
26.2569 51
26.2581 50.6671
26.2593 50.3336
26.2605 50
26.2617 49.6671
26.2629 49.3336
26.2653 49
26.2665 48.6671
26.2689 48.3336
26.2701 48
26.2937 47.6671
26.2949 47.3336
26.2961 47
26.2973 46.6671
26.2985 46.3336
26.3947 46
26.3959 45.6671
26.3971 45.3336
26.3983 45
26.3995 44.6671
26.4007 44.3336
26.4019 44
26.4043 43.6671
26.4055 43.3336
26.4175 43
26.4187 42.6671
26.4199 42.3336
26.4211 42
26.4223 41.6671
26.4235 40
26.4367 41
26.4403 42
26.4644 43
26.5986 44
26.6466 43
26.6478 42.3046
26.6502 41.9572
26.6514 41.6091
26.655 41.261
26.6562 40.9137
26.6586 40.5656
26.6599 40.2175
26.6623 39.8702
26.6635 39.5221
26.6659 39.174
26.6671 38.8267
26.6683 38.4786
26.6719 38.1305
26.6731 37.7831
26.6979 37.4351
26.6991 37.087
26.7015 36.7396
26.7027 36.3916
26.8001 36.0435
26.8013 35.6961
26.8025 35.3481
26.8037 35
26.8049 34.6526
26.8085 34.3046
26.8097 33.9572
26.8229 33.6091
26.8241 33.261
26.8277 32.9137
26.8289 32.5656
26.8301 32.2175
26.8313 31.8702
26.8325 30
26.8481 31
26.8565 32
27.0016 33
27.1033 34
27.3048 35
27.6084 36
27.9117 37
30.2916 36
30.2928 35.2825
30.2976 34.9233
30.2988 34.5642
30.3036 34.2058
30.3048 33.8467
30.3308 33.4876
30.332 33.1285
30.3332 32.7693
30.3344 32.4109
30.4306 32.0518
30.4318 31.6927
30.433 31.3336
30.4342 30.9744
30.4354 30.616
30.4366 30.2569
30.4534 29.8978
30.4546 29.5387
30.4594 29.1796
30.4606 28.8211
30.4642 28.462
30.4654 28.1029
30.4666 27.7438
30.4678 27.3847
30.469 27.0262
30.4702 26.6671
30.4714 25
30.493 26
30.5051 27
30.5335 28
30.6321 29
30.6897 30
30.8348 31
30.9377 32
31.0771 33
31.2618 34
31.4416 35
31.69 36
32.0485 37
33.0764 36
33.0776 35.2825
33.0788 34.9233
33.08 34.5642
33.0872 34.2058
33.0884 33.8467
33.0908 33.4876
33.092 33.1285
33.0957 32.7693
33.0969 32.4109
33.0993 32.0518
33.1005 31.6927
33.1017 31.3336
33.1029 30.9744
33.1041 30.616
33.1053 30.2569
33.1113 29.8978
33.1125 29.5387
33.1137 29.1796
33.1149 28.8211
33.1161 28.462
33.1173 28.1029
33.1185 27.7438
33.1197 27.3847
33.1305 27.0262
33.1317 26.6671
33.1578 25
33.2779 26
33.2887 27
33.2935 28
33.3605 29
33.4806 30
33.6629 31
33.7194 32
33.8656 33
34.0683 34
34.2698 35
34.4749 36
34.5025 35
34.5049 34.3163
34.5061 33.9738
34.5073 33.6319
34.5085 33.2901
34.5133 32.9475
34.5145 32.6057
34.5181 32.2638
34.5193 31.9213
34.5265 31.5794
34.5277 31.2369
34.5289 30.895
34.5301 30.5532
34.5313 30.2106
34.5326 29.8688
34.535 29.5269
34.5362 29.1844
34.5742 28.8425
34.5754 28.5
34.5766 28.1581
34.5778 27.8163
34.579 27.4738
34.5802 27.1319
34.674 26.7901
34.6752 25
34.704 26
34.71 27
34.8791 28
35.1154 29
35.4847 30
38.1799 31
38.5384 32
38.7819 33
38.981 34
39.1441 35
39.3312 36
39.4317 37
39.5375 38
39.7341 39
39.7522 40
39.9368 41
39.9392 42
40.0398 43
40.1395 44
40.1696 45
40.2425 46
40.341 47
40.3795 48
40.444 49
40.5437 50
40.5678 51
40.6467 50
40.6479 49.3211
40.6491 48.9814
40.6503 48.6416
40.6515 48.3025
40.6527 47.9627
40.7452 47.6229
40.7464 47.2831
40.7476 46.9441
40.7488 46.6043
40.75 46.2645
40.7512 45.9247
40.7524 45.5849
40.7536 45.2459
40.7548 44.9061
40.756 44.5663
40.7572 44.2265
40.7584 43.8874
40.7596 43.5477
40.7608 43.2079
40.762 42.8681
40.7632 42.5283
40.7644 42.1892
40.7656 41.8494
40.7668 41.5097
40.7681 41.1699
40.7693 40.8308
40.7705 40.491
40.7717 40.1512
40.7729 39.8115
40.7753 39.4724
40.7765 39.1326
40.7777 38.7928
40.7789 38.453
40.7801 38.1133
40.7813 37.7742
40.7825 37.4344
40.7837 37.0946
40.7849 36.7548
40.7861 35
40.8482 36
40.853 37
40.9479 38
40.9515 39
40.9587 40
41.0485 41
41.1494 42
41.2512 43
41.3533 44
41.5524 45
41.6017 46
41.7551 47
41.9578 48
42.1593 49
42.362 50
42.7662 51
43.1728 50
43.174 49.3211
43.1752 48.9814
43.1764 48.6416
43.1776 48.3025
43.1788 47.9627
43.18 47.6229
43.1812 47.2831
43.1824 46.9441
43.1836 46.6043
43.1848 46.2645
43.186 45.9247
43.1872 45.5849
43.1884 45.2459
43.1896 44.9061
43.1908 44.5663
43.192 44.2265
43.1932 43.8874
43.1944 43.5477
43.1956 43.2079
43.1968 42.8681
43.198 42.5283
43.1992 42.1892
43.2004 41.8494
43.2016 41.5097
43.2028 41.1699
43.204 40.8308
43.2052 40.491
43.2064 40.1512
43.2076 39.8115
43.2088 39.4724
43.21 39.1326
43.2172 38.7928
43.2184 38.453
43.2196 38.1133
43.2208 37.7742
43.228 37.4344
43.2292 37.0946
43.2304 36.7548
43.2316 35
43.3743 36
43.3791 37
43.3827 38
43.4007 39
43.5746 40
43.577 41
43.6775 42
43.7761 43
43.879 44
43.9956 45
44.1814 46
44.282 47
44.4394 48
44.6409 49
44.8889 50
45.2382 51
47.9161 50
47.9173 49.3211
47.9185 48.9814
47.9197 48.6416
47.9209 48.3025
47.9221 47.9627
47.9233 47.6229
47.9245 47.2831
47.9257 46.9441
48.0134 46.6043
48.0146 46.2645
48.0158 45.9247
48.017 45.5849
48.0182 45.2459
48.0194 44.9061
48.0206 44.5663
48.0218 44.2265
48.0231 43.8874
48.0243 43.5477
48.0255 43.2079
48.0267 42.8681
48.0279 42.5283
48.0291 42.1892
48.0303 41.8494
48.0315 41.5097
48.0327 41.1699
48.0339 40.8308
48.0351 40.491
48.0363 40.1512
48.0375 39.8115
48.0387 39.4724
48.0411 39.1326
48.0423 38.7928
48.0435 38.453
48.0447 38.1133
48.0471 37.7742
48.0483 37.4344
48.0507 37.0946
48.0519 36.7548
48.0603 35
48.1188 36
48.1224 37
48.126 38
48.2161 39
48.2306 40
48.3191 41
48.4176 40
48.4188 39.3025
48.42 38.9537
48.4212 38.605
48.4224 38.2562
48.4248 37.9075
48.426 37.5587
48.4284 37.2099
48.4297 36.8605
48.4321 36.5117
48.4333 36.163
48.4345 35.8142
48.4357 35.4655
48.4369 35.1167
48.4393 34.768
48.4405 34.4192
48.4441 34.0704
48.4453 33.721
48.4477 33.3722
48.4489 33.0235
48.4537 32.6747
48.4549 32.326
48.4717 31.9772
48.4729 31.6285
48.4741 31.2797
48.4753 30.9302
48.4765 30.5815
48.4777 30.2327
48.5182 29.884
48.5194 28
48.6191 29
48.6239 30
48.7293 31
48.9272 32
49.2248 33
49.5305 34
52.264 35
52.6682 36
52.8697 37
53.0724 38
53.2739 39
53.3769 40
53.4814 41
53.6793 42
53.7081 43
53.8808 44
53.906 45
53.991 46
54.0823 47
54.1829 48
54.285 49
54.3042 50
54.3844 51
54.4877 52
54.5033 51
54.5045 50.3336
54.5057 50
54.5069 49.6671
54.5081 49.3336
54.5093 49
54.5105 48.6671
54.5117 48.3336
54.5129 48
54.5141 47.6671
54.5153 47.3336
54.5381 46.6671
54.5393 46.3336
54.5418 46
54.543 45.6671
54.5859 45.3336
54.5871 45
54.5883 44.6671
54.5895 44.3336
54.5907 44
54.5919 43.6671
54.5931 43.3336
54.5943 43
54.5955 42.6671
54.5967 42.3336
54.5979 42
54.5991 41.6671
54.6003 41.3336
54.6015 41
54.6027 40.6671
54.6039 40.3336
54.6051 40
54.6063 39.6671
54.6075 39.3336
54.6087 39
54.6099 38.6671
54.6892 38.3336
54.6904 38
54.6916 37.6671
54.6928 36
54.706 37
54.7096 38
54.7132 39
54.7408 40
54.8907 41
54.9075 42
55.0009 43
55.1018 44
55.2096 45
55.3477 46
55.4964 47
55.6053 48
55.7996 49
56.0023 50
56.2158 51
56.608 52
57.6299 51
57.6335 50.3336
57.6347 50
57.6359 49.6671
57.6371 49.3336
57.6383 49
57.6395 48.6671
57.6407 48.3336
57.6419 48
57.6431 47.6671
57.6443 47.3336
57.7212 47
57.7224 46.6671
57.7236 46.3336
57.7248 46
57.726 45.6671
57.7272 45.3336
57.7284 45
57.7296 44.6671
57.7308 44.3336
57.732 44
57.7332 43.6671
57.7344 43.3336
57.7356 43
57.7368 42.6671
57.7428 42.3336
57.744 42
57.7452 41.6671
57.7464 41.3336
57.7476 41
57.7488 40.6671
57.75 40.3336
57.7512 40
57.7525 39.6671
57.7537 39.3336
57.7549 39
57.7561 38.6671
57.7729 38.3336
57.7741 38
57.7753 37.6671
57.7765 36
57.8314 37
57.8386 38
57.8422 39
57.9251 40
57.9443 41
58.0329 42
58.1266 43
58.2272 44
58.3365 45
58.4527 46
58.5837 47
58.7347 48
58.9362 49
59.1389 50
59.1905 49
59.1917 48.3467
59.2334 48.0193
59.2346 47.6927
59.2358 47.366
59.237 47.0387
59.2382 46.712
59.2394 46.3847
59.2407 46.058
59.2419 45.7314
59.2431 45.404
59.2443 45.0773
59.2455 44.75
59.2467 44.4233
59.2479 44.0967
59.2491 43.7693
59.2527 43.4427
59.2539 43.116
59.2551 42.7887
59.2563 42.462
59.2575 42.1347
59.2587 41.808
59.2599 41.4814
59.2611 41.154
59.2623 40.8273
59.2635 40.5
59.3404 40.1733
59.3416 39.8467
59.3428 39.5193
59.344 39.1927
59.3452 38.866
59.3464 38.5387
59.3476 38.212
59.3488 37.8847
59.35 37.558
59.3512 37.2314
59.3524 36.904
59.3536 35
59.392 36
59.4373 37
59.5443 38
59.64 39
59.8427 40
60.15 41
60.4484 42
63.1892 43
63.4961 44
63.7961 45
63.9988 46
64.1101 47
64.2948 48
64.4018 49
64.5011 50
64.6093 51
64.7122 52
64.8071 53
64.8993 54
65.0098 55
65.1008 56
65.1344 57
65.2125 58
65.3023 59
65.414 60
65.4164 61
65.505 62
65.5314 63
65.6155 64
65.6564 65
65.7065 66
65.817 67
65.8194 68
65.8591 69
65.908 70
66.0197 71
66.0221 72
66.051 73
66.1095 74
66.1407 75
66.2224 76
66.2272 77
66.311 78
66.3134 79
66.3494 80
66.4239 81
66.4287 82
66.4672 83
66.5341 84
66.629 85
66.6626 86
66.7308 87
66.7548 88
66.8365 89
66.8557 90
66.9166 91
66.9359 92
66.9575 93
67.032 94
67.0512 95
67.0704 96
67.1241 97
67.1434 98
67.1626 99
67.2335 100
67.2503 101
67.2695 102
67.322 103
67.3364 104
67.3533 105
67.3749 106
67.4398 107
67.459 108
67.4734 109
67.4926 110
67.5367 111
67.556 112
67.5752 113
67.6377 114
67.6521 115
67.6689 116
67.6857 117
67.7274 118
67.7442 119
67.7611 120
67.7779 121
67.8392 122
67.8512 123
67.8704 124
67.8848 125
67.904 126
67.9409 127
67.9578 128
67.977 129
67.9962 130
68.0479 131
68.0647 132
68.0815 133
68.0983 134
68.1152 135
68.146 136
68.1653 137
68.1821 138
68.2013 139
68.2482 140
68.265 141
68.2818 142
68.2986 143
68.3154 144
68.3403 145
68.3571 146
68.374 147
68.3908 148
68.4076 149
68.4521 150
68.4665 151
68.4833 152
68.5001 153
68.5169 154
68.5358 155
68.5526 156
68.5718 157
68.5887 158
68.6079 159
68.6463 160
68.6608 161
68.6776 162
68.6944 163
68.7112 164
68.728 165
68.7449 166
68.7641 167
68.7809 168
68.8001 169
68.817 170
68.8338 171
68.8598 172
68.8767 173
68.8935 174
68.9103 175
68.9271 176
68.944 177
68.9608 178
68.9776 179
68.9944 180
69.0137 181
69.0281 182
69.0449 183
69.0617 184
69.0785 185
69.0954 186
69.1122 187
69.129 188
69.1458 189
69.1627 190
69.1795 191
69.1963 192
69.2131 193
69.2299 194
69.2468 195
69.2612 196
69.278 197
69.2948 198
69.3117 199
69.3285 200
69.3453 201
69.3621 202
69.3789 203
69.3934 204
69.4078 205
69.4246 206
69.439 207
69.4558 208
69.4703 209
69.4871 210
69.5039 211
69.5207 212
69.5351 213
69.5496 214
69.5664 215
69.5808 216
69.5976 217
69.6121 218
69.6289 219
69.6433 220
69.6577 221
69.6721 222
69.689 223
69.7034 224
69.7202 225
69.7346 226
69.7514 227
69.7635 228
69.7779 229
69.7923 230
69.8067 231
69.8211 232
69.8355 233
69.85 234
69.8668 235
69.8788 236
69.8932 237
69.9089 236
69.9101 235.381
69.9113 235.071
69.9125 234.762
69.9137 234.452
69.9149 234.142
69.9161 233.833
69.9173 233.523
69.9185 233.213
69.9197 232.904
69.9209 232.595
69.9221 232.285
69.9233 231
69.9245 230
69.9257 229
69.9269 228
69.9281 227
69.9293 226
69.9305 225
69.9317 224
69.9329 223
69.9341 222
69.9353 221
69.9365 220
69.9377 219
69.9389 218
69.9401 217
69.9413 216
69.9425 215
69.9437 214
69.9449 213
69.9461 212
69.9473 211
69.9485 210
69.9497 209
69.9509 208
69.9521 207.403
69.9533 206
69.9545 205
69.9557 204
69.9569 203
69.9581 202
69.9593 201
69.9605 200
69.9617 199
69.9629 198
69.9641 197
69.9653 196
69.9665 195.116
69.9677 194
69.9689 193
69.9701 192
69.9713 191
69.9725 190
69.9737 189
69.9749 188
69.9761 187
69.9773 186
69.9785 185
69.9797 184
69.9809 183
69.9822 182.52
69.9834 181
69.9846 180
69.9858 179
69.987 178
69.9882 177
69.9894 176
69.9906 175
69.9918 174
69.993 173
69.9942 172
69.9954 171
69.9966 170.234
69.9978 169
69.999 168
70.0002 167
70.0014 166
70.0026 165
70.1924 166
70.1948 167
70.1972 168
70.1996 169
70.2053 170
70.2077 171
70.2101 172
70.2605 173
70.3158 172
70.317 171.383
70.3182 171.075
70.3194 170.766
70.3206 170.457
70.3218 170.149
70.323 169.84
70.3242 169.532
70.3254 169.223
70.3266 168.914
70.3278 168.606
70.329 168.298
70.3302 167.989
70.3314 167.68
70.3327 167.372
70.3339 167.064
70.3351 166
70.3363 165
70.3375 164
70.3387 163
70.3399 162
70.3411 161
70.3423 160
70.3435 159
70.3447 158
70.3459 157
70.3471 156
70.3483 155
70.3495 154
70.3507 153
70.3519 152
70.3531 151
70.3543 150.112
70.3555 149
70.3567 148
70.3579 147
70.3591 146
70.3603 145
70.3615 144
70.3627 143
70.3639 142
70.3651 141
70.3663 140
70.3675 139
70.3687 138
70.3699 137
70.3711 136
70.3723 135
70.3735 134
70.3747 133.161
70.3759 132
70.3771 131
70.3783 130
70.3795 129
70.3807 128
70.3819 127
70.3831 126
70.3843 125
70.3855 124
70.3867 123
70.3879 122
70.3891 121
70.5225 122
70.5249 123
70.5273 124
70.593 125
70.6267 126
70.6723 125
70.6735 124.375
70.6747 124.063
70.6759 123.75
70.6771 123.438
70.6783 123.125
70.6795 122.813
70.6807 122.5
70.6819 122.188
70.6832 121.875
70.6844 121.563
70.6856 121.25
70.6868 120.938
70.688 120.625
70.6892 120.313
70.6904 120
70.6916 119.688
70.6928 119.375
70.6952 119.063
70.6964 118.75
70.6976 118.438
70.6988 118.125
70.7 117.813
70.7012 116
70.7024 115
70.7036 114
70.7048 113
70.706 112
70.7072 111
70.7084 110
70.7096 109
70.7108 108
70.712 107
70.7132 106
70.7144 105
70.7156 104
70.7168 103
70.718 102
70.7192 101
70.7204 100
70.7216 99
70.7228 98
70.724 97
70.7252 96
70.7264 95
70.7276 94.6222
70.7288 93
70.73 92
70.7312 91
70.7324 90
70.7336 89
70.7348 88
70.8762 89
70.8786 90
70.8822 91
70.996 92
71.0249 93
71.1402 94
71.2011 93
71.2023 92.3543
71.2035 92.0318
71.2047 91.7086
71.2059 91.386
71.2071 91.0628
71.2083 90.7396
71.2095 90.4171
71.2107 90.0939
71.2119 89.7714
71.2131 89.4482
71.2143 89.125
71.2155 88.8025
71.2167 88.4793
71.2179 88.1568
71.2191 87.8336
71.2203 87.511
71.2216 87.1878
71.2228 86.8646
71.224 86.5421
71.2252 86.2189
71.2264 85.8964
71.2276 85.5732
71.2288 85.25
71.23 84.9275
71.2312 84.6043
71.2324 84.2818
71.2336 83.9586
71.2348 83.636
71.236 83.3128
71.2372 82.9896
71.2384 81
71.2396 80
71.2408 79
71.242 78
71.2432 77
71.2444 76
71.2456 75
71.2468 74
71.248 73
71.2492 72
71.2504 71
71.2516 70
71.2528 69
71.254 68
71.2552 67
71.2564 66
71.2576 65
71.4038 66
71.4074 67
71.411 68
71.506 69
71.6654 70
71.8032 71
71.8765 72
72.0083 73
72.1537 74
72.2771 75
72.4822 76
72.6861 77
72.8888 78
73.1167 79
75.0403 78
75.0415 77.3584
75.0427 77.0373
75.0439 76.7162
75.0451 76.3957
75.0463 76.0746
75.0475 75.7535
75.0487 75.4323
75.0499 75.1112
75.0511 74.7907
75.0535 74.4696
75.0547 74.1485
75.0571 73.8273
75.0584 73.5062
75.0608 73.1858
75.062 72.8646
75.0644 72.5435
75.0656 72.2224
75.068 71.9012
75.0692 71.5808
75.092 71.2597
75.0932 70.9385
75.0944 70.6174
75.0956 70.297
75.0968 69.9758
75.098 69.6547
75.0992 69.3336
75.1004 69.0124
75.1016 68.692
75.1028 68.3709
75.104 68.0497
75.1052 67.7286
75.1064 67.4075
75.1076 67.087
75.1088 66.7659
75.11 66.4448
75.1112 66.1236
75.1124 65
75.1136 64
75.1148 63
75.116 62
75.1172 61
75.1184 60
75.1196 59
75.1208 58
75.122 57
75.1232 56
75.1244 55
75.2418 56
75.2466 57
75.2502 58
75.255 59
75.2707 60
75.3331 61
75.4373 62
75.4673 63
75.5358 64
75.6388 65
75.7001 66
75.783 67
75.8487 68
75.9376 69
76.043 70
76.1379 71
76.2445 72
76.3598 73
76.5097 74
76.6475 75
76.8502 76
76.9992 77
77.0625 76
77.0637 75.3419
77.0649 75.0131
77.0661 74.6837
77.0673 74.355
77.0685 74.0256
77.0697 73.6968
77.0709 73.3674
77.0721 73.038
77.0733 72.7093
77.0745 72.3798
77.0757 72.0511
77.0769 71.7217
77.0781 71.393
77.0793 71.0635
77.0805 70.7348
77.0817 70.4054
77.0829 70.076
77.0841 69.7472
77.0853 69.4178
77.0877 69.0891
77.0889 68.7597
77.0901 68.4309
77.0913 68.1015
77.1142 67.7728
77.1154 67.4434
77.1166 67.114
77.1178 66.7852
77.119 66.4558
77.1202 66.1271
77.1226 65.4689
77.1238 65.1395
77.125 64.8108
77.1262 64.4814
77.1274 64.1519
77.1298 63.8232
77.131 63.4938
77.1334 62
77.1346 61
77.1514 60
77.1526 59
77.1538 58
77.155 57
77.1562 56
77.1574 55
77.1586 54
77.1598 53
77.2652 54
77.2688 55
77.2724 56
77.3637 57
77.4571 58
77.6049 59
77.8577 60
77.9237 61
78.1264 62
78.3303 63
78.5354 64
78.815 65
79.9915 64
79.9927 63.3439
79.9939 63.0152
79.9952 62.6872
79.9964 62.3584
79.9976 62.0304
79.9988 61.7017
80 61.3736
80.0012 61.0449
80.0024 60.7169
80.0228 60.3881
80.024 60.0601
80.0252 59.7314
80.0264 59.4033
80.0276 59.0753
80.0288 58.7465
80.0765 58.4185
80.0777 58.0898
80.0789 57.7617
80.0801 57.433
80.0813 57.105
80.0825 56.7762
80.0837 56.4482
80.0849 56.1195
80.0861 55.7914
80.0873 55.4627
80.0885 55.1347
80.0897 54.8066
80.0909 54.4779
80.0921 54.1499
80.0933 53.8211
80.0945 53.4931
80.0957 53.1644
80.0969 52.8363
80.0981 52.5076
80.0993 52.1796
80.1005 51.8508
80.1017 51.5228
80.1029 51.1941
80.1041 50.866
80.1065 50.538
80.1077 50.2093
80.1101 49.8812
80.1113 49.5525
80.1137 49.2244
80.1149 48
80.1185 47
80.1197 46
80.1438 45
80.193 46
80.1978 47
80.2015 48
80.2243 49
80.278 50
80.3465 51
80.4053 52
80.4843 53
80.5948 54
80.6822 55
80.7507 56
80.8849 57
80.9618 58
81.0876 59
81.2101 60
81.3551 61
81.5242 62
81.7209 63
81.9668 64
82.3194 65
84.5863 64
84.5875 63.3439
84.5887 63.0152
84.5899 62.6872
84.5911 62.3584
84.5923 62.0304
84.5935 61.7017
84.5947 61.3736
84.5959 61.0449
84.5971 60.7169
84.5983 60.3881
84.5995 60.0601
84.6007 59.7314
84.6019 59.4033
84.6031 59.0753
84.6043 58.7465
84.6055 58.4185
84.6307 58.0898
84.6319 57.7617
84.6331 57.433
84.6343 57.105
84.6355 56.7762
84.6367 56.4482
84.6391 56.1195
84.6403 55.7914
84.6415 55.4627
84.6427 55.1347
84.6439 54.8066
84.6451 54.4779
84.6463 54.1499
84.6475 53.8211
84.6487 53.4931
84.6499 53.1644
84.668 52.8363
84.6692 52.5076
84.6704 52.1796
84.6716 51.8508
84.7205 51.5228
84.7217 51.1941
84.7229 50.866
84.7241 50.538
84.7253 50.2093
84.7265 49.8812
84.7277 49.5525
84.7289 49.2244
84.7301 48
84.7313 47
84.7325 46
84.7337 45
84.789 46
84.7926 47
84.7962 48
84.7998 49
84.8707 50
84.9256 51
85.0001 52
85.1247 53
85.1883 54
85.2544 55
85.3502 56
85.4499 57
85.5565 58
85.6778 59
85.8048 60
85.9499 61
86.1345 62
86.336 63
86.5628 64
86.9429 65
89.6296 66
89.9845 67
90.2329 68
90.4344 69
90.5914 70
90.7761 71
90.8686 72
90.986 73
91.0965 74
91.1959 75
91.2776 74
91.2981 73.3508
91.2993 73.0262
91.3005 72.7017
91.3017 72.3771
91.3029 72.0525
91.3065 71.7279
91.3077 71.4026
91.3089 71.078
91.3101 70.7535
91.3125 70.4289
91.3137 70.1043
91.3317 69.7797
91.3329 69.4551
91.3341 69.1305
91.3353 68.8052
91.383 68.4807
91.3842 68.1561
91.3854 67.8315
91.3866 67.5069
91.3878 67.1823
91.389 66.8577
91.3902 66.5331
91.3914 66.2079
91.3926 65.8833
91.3938 65.5587
91.3974 65.2341
91.3986 64.9095
91.3998 64.5849
91.401 64.2604
91.4022 63.9351
91.4034 63.6105
91.4046 63.2859
91.4058 62.9613
91.407 62.6367
91.4082 62.3122
91.4094 61.9876
91.4106 61.663
91.4118 61.3377
91.413 60
91.4142 59
91.4154 58
91.4166 57
91.4178 56
91.419 55
91.4443 54
91.4455 53
91.4467 52
91.4803 53
91.5031 54
91.5091 55
91.514 56
91.5344 57
91.5845 58
91.6494 59
91.7179 60
91.7908 61
91.8689 62
91.9887 63
92.0536 64
92.1196 65
92.2142 66
92.3187 67
92.4577 68
92.5455 69
92.6677 68
92.6689 67.3522
92.6701 67.0283
92.6713 66.7044
92.6725 66.3805
92.6737 66.0566
92.6749 65.7327
92.6761 65.4088
92.6773 65.0849
92.6785 64.761
92.6797 64.4372
92.6809 64.1133
92.6821 63.7894
92.6833 63.4655
92.6845 63.1409
92.6857 62.817
92.6869 62.4931
92.6881 62.1692
92.6893 61.8453
92.6905 61.5214
92.6917 61.1975
92.6929 60.8736
92.6941 60.5497
92.6953 60.2258
92.6965 59.9019
92.6977 59.578
92.7157 59.2541
92.7169 58.9302
92.7181 58.6057
92.7193 58.2818
92.7229 57.9579
92.7241 57.634
92.7253 57.3101
92.7265 56.9862
92.7277 56.6623
92.7289 56.3384
92.7301 56.0145
92.7313 55.6906
92.747 55.3667
92.7482 55.0428
92.7494 54.7189
92.7959 54.395
92.7971 53
92.7983 52
92.7995 51
92.8007 50
92.8019 49
92.8031 48
92.8704 49
92.874 50
92.8776 51
93.0058 52
93.1271 53
93.2721 54
93.4676 55
93.6703 56
93.8838 57
94.2364 58
96.0402 57
96.0414 56.3336
96.0426 56
96.0438 55.6671
96.045 55.3336
96.0486 55
96.0498 54.6671
96.0558 54.3336
96.057 54
96.0582 53.6671
96.0594 53.3336
96.0606 53
96.0618 52.6671
96.0991 52.3336
96.1003 52
96.1015 51.6671
96.1027 51.3336
96.1039 51
96.1051 50.6671
96.1063 50.3336
96.1075 50
96.1087 49.6671
96.1099 49.3336
96.1111 49
96.1123 48.6671
96.1135 48.3336
96.1147 48
96.1159 47.6671
96.1171 47.3336
96.1183 47
96.1195 46.6671
96.1207 46.3336
96.1219 46
96.1231 45.6671
96.1243 45.3336
96.1255 45
96.1267 44.6671
96.1279 44.3336
96.1291 44
96.1303 43.6671
96.1315 43.3336
96.1327 43
96.1339 42.6671
96.1363 42.3336
96.1375 42
96.1387 40
96.3582 41
96.3642 42
96.3667 43
96.3691 44
96.4432 45
96.5237 46
96.6459 47
96.7036 48
96.7925 49
96.9051 50
96.994 49
96.9952 48.3467
96.9964 48.0193
97.0501 47.6927
97.0513 47.366
97.0525 47.0387
97.0537 46.712
97.0633 46.3847
97.0645 46.058
97.0669 45.7314
97.0681 45.404
97.1066 45.0773
97.1078 44.75
97.109 44.4233
97.1102 44.0967
97.1114 43.7693
97.1126 43.4427
97.1138 43.116
97.115 42.7887
97.1162 42.462
97.1186 42.1347
97.1198 41.808
97.1222 41.4814
97.1234 41.154
97.1258 40.8273
97.127 40.5
97.1294 40.1733
97.1306 39.8467
97.1318 39.5193
97.133 39.1927
97.1342 38.866
97.1354 38.5387
97.1378 38.212
97.139 37.8847
97.1414 37.558
97.1426 37.2314
97.1462 36.904
97.1474 35
97.1955 36
97.2528 37
97.2696 38
97.4555 39
97.6582 40
97.9173 41
98.2639 42
