0.1 0.00448
0.2 0
0.3 1.20416
0.4 0
0.5 2.16
0.6 0
0.7 4.32
0.8 0
0.9 8.64
1 0
1.1 17.28
1.2 0
1.3 18.72
1.4 15.84
1.5 18.24
1.6 20.16
1.7 20.16
1.8 19.68
1.9 20.16
2 19.68
2.1 18.72
2.2 0
2.3 5.16
2.4 9.96
2.5 9.96
2.6 10.08
2.7 25.56
2.8 9.84
2.9 10.08
3 9.84
3.1 10.08
3.2 9.96
3.3 9.96
3.4 9.96
3.5 10.08
3.6 9.96
3.7 62.28
3.8 10.56
3.9 5.28
4 0
4.1 0
4.2 27
4.3 5.04
4.4 6.48
4.5 9.96
4.6 9.96
4.7 10.56
4.8 9.96
4.9 11.76
5 10.44
5.1 10.32
5.2 10.56
5.3 10.56
5.4 10.32
5.5 4.56
5.6 2.64
5.7 9.96
5.8 9.96
5.9 10.92
6 10.2
6.1 10.32
6.2 9.96
6.3 10.32
6.4 10.08
6.5 10.32
6.6 10.32
6.7 10.08
6.8 10.32
6.9 10.08
7 10.32
7.1 10.2
7.2 10.08
7.3 10.32
7.4 10.2
7.5 10.08
7.6 10.2
7.7 10.08
7.8 2.64
7.9 6.96
8 9.96
8.1 10.68
8.2 10.2
8.3 10.2
8.4 9.96
8.5 2.4
8.6 9.96
8.7 8.4
8.8 10.2
8.9 8.04
9 10.08
9.1 8.76
9.2 10.08
9.3 9.24
9.4 9.96
9.5 9.6
9.6 10.2
9.7 9.84
9.8 10.2
9.9 5.4
10 8.28
10.1 6.36
10.2 8.28
10.3 6.6
10.4 8.16
10.5 7.08
10.6 7.92
10.7 7.56
10.8 7.56
10.9 8.28
11 4.32
11.1 6.84
11.2 4.68
11.3 6.84
11.4 5.04
11.5 6.84
11.6 5.16
11.7 7.08
11.8 5.16
11.9 7.32
12 5.16
12.1 7.32
12.2 5.4
12.3 7.2
12.4 5.64
12.5 7.08
12.6 6
12.7 6.84
12.8 6.24
12.9 6.6
13 6.48
13.1 6.6
13.2 6.48
13.3 6.84
13.4 6.48
13.5 6.48
13.6 6.96
13.7 6.48
13.8 6.72
13.9 6.48
14 6.72
14.1 6.72
14.2 6.48
14.3 6.72
14.4 3.6
14.5 5.64
14.6 4.56
14.7 5.88
14.8 4.68
14.9 5.76
15 5.16
15.1 5.52
15.2 5.88
15.3 5.16
15.4 6.36
15.5 5.16
15.6 6.72
15.7 4.92
15.8 7.32
15.9 4.68
16 7.8
16.1 4.44
16.2 4.32
16.3 4.08
16.4 4.92
16.5 4.2
16.6 4.92
16.7 3.96
16.8 5.4
16.9 3.96
17 5.64
17.1 3.96
17.2 6
17.3 3.72
17.4 6.36
17.5 3.6
17.6 6.6
17.7 3.36
17.8 7.08
17.9 3.12
18 7.32
18.1 3.12
18.2 7.44
18.3 2.76
18.4 7.92
18.5 2.64
18.6 7.92
18.7 2.4
18.8 8.16
18.9 2.4
19 8.16
19.1 2.16
19.2 8.4
19.3 1.92
19.4 8.64
19.5 1.92
19.6 8.64
19.7 1.92
19.8 8.64
19.9 1.92
20 8.64
20.1 1.92
20.2 8.64
20.3 1.92
20.4 8.64
20.5 1.92
20.6 8.64
20.7 1.92
20.8 8.64
20.9 1.92
21 8.76
21.1 1.92
21.2 8.64
21.3 2.28
21.4 8.4
21.5 2.4
21.6 8.52
21.7 2.52
21.8 8.16
21.9 3
22 7.32
22.1 1.32
22.2 6.72
22.3 1.68
22.4 6.96
22.5 1.8
22.6 7.08
22.7 2.16
22.8 6.72
22.9 2.76
23 6.48
23.1 3.48
23.2 6.12
23.3 3.96
23.4 6.12
23.5 4.2
23.6 5.88
23.7 3.24
23.8 3.72
23.9 3.96
24 3.84
24.1 4.08
24.2 3.48
24.3 4.68
24.4 3
24.5 5.28
24.6 2.76
24.7 5.64
24.8 2.64
24.9 5.88
25 2.4
25.1 6.24
25.2 2.28
25.3 6.48
25.4 1.92
25.5 6.84
25.6 1.68
25.7 7.2
25.8 1.44
25.9 6.24
26 0.84
26.1 5.88
26.2 0.84
26.3 4.68
26.4 0.36
26.5 4.56
26.6 0.6
26.7 3.84
26.8 0.12
26.9 3.48
27 0.24
27.1 3.72
27.2 0.36
27.3 3.6
27.4 0.6
27.5 3.6
27.6 0.48
27.7 3.72
27.8 0.48
27.9 3.84
28 0.6
28.1 3.84
28.2 0.48
28.3 3.84
28.4 0.48
28.5 3.84
28.6 0.48
28.7 3.84
28.8 0.48
28.9 3.84
29 0.48
29.1 3.84
29.2 0.48
29.3 3.84
29.4 0.48
29.5 3.84
29.6 0.48
29.7 3.84
29.8 0.48
29.9 3.6
30 0.72
30.1 3.6
30.2 0.72
30.3 3.36
30.4 0.48
30.5 2.52
30.6 0.72
30.7 2.88
30.8 0.72
30.9 3
31 0.84
31.1 3
31.2 0.96
31.3 2.76
31.4 1.2
31.5 2.76
31.6 1.44
31.7 2.52
31.8 1.68
31.9 2.4
32 1.92
32.1 2.52
32.2 1.92
32.3 2.4
32.4 1.92
32.5 2.4
32.6 1.92
32.7 2.16
32.8 2.16
32.9 1.92
33 2.4
33.1 1.32
33.2 1.68
33.3 1.44
33.4 2.04
33.5 1.56
33.6 1.92
33.7 1.56
33.8 2.28
33.9 1.56
34 2.4
34.1 1.32
34.2 2.64
34.3 1.56
34.4 2.64
34.5 1.32
34.6 1.92
34.7 1.08
34.8 2.16
34.9 1.08
35 2.16
35.1 1.2
35.2 2.28
35.3 0.96
35.4 2.4
35.5 1.08
35.6 2.4
35.7 0.96
35.8 2.64
35.9 0.96
36 2.64
36.1 0.96
36.2 2.64
36.3 0.72
36.4 2.88
36.5 0.48
36.6 2.88
36.7 0.48
36.8 2.88
36.9 0.48
37 3.12
37.1 0.48
37.2 3.12
37.3 0.48
37.4 3.12
37.5 0.48
37.6 3.12
37.7 0.48
37.8 3.12
37.9 0.48
38 3.12
38.1 0.48
38.2 3.24
38.3 0.48
38.4 3.12
38.5 0.48
38.6 3.24
38.7 0.48
38.8 3.48
38.9 0.48
39 3.48
39.1 0.48
39.2 3.72
39.3 0.48
39.4 3.72
39.5 0.6
39.6 3.96
39.7 0.48
39.8 4.32
39.9 0.48
40 4.32
40.1 0.84
40.2 4.56
40.3 0.84
40.4 4.56
40.5 1.32
40.6 4.56
40.7 1.08
40.8 2.88
40.9 1.56
41 3.24
41.1 1.56
41.2 3.48
41.3 1.56
41.4 3.72
41.5 1.44
41.6 3.72
41.7 1.8
41.8 3.72
41.9 1.92
42 3.72
42.1 1.92
42.2 3.96
42.3 1.92
42.4 3.72
42.5 2.16
42.6 3.84
42.7 2.16
42.8 3.72
42.9 2.4
43 3.12
43.1 2.88
43.2 2.04
43.3 2.16
43.4 2.16
43.5 2.52
43.6 2.4
43.7 2.52
43.8 2.28
43.9 3
44 2.28
44.1 3.12
44.2 2.04
44.3 3.48
44.4 1.92
44.5 3.72
44.6 1.68
44.7 4.2
44.8 1.44
44.9 4.44
45 1.2
45.1 4.56
45.2 1.2
45.3 4.44
45.4 1.44
45.5 4.56
45.6 1.2
45.7 4.56
45.8 1.44
45.9 4.56
46 1.2
46.1 4.56
46.2 1.44
46.3 4.32
46.4 1.44
46.5 4.56
46.6 1.44
46.7 4.56
46.8 1.44
46.9 4.56
47 1.44
47.1 4.56
47.2 1.44
47.3 4.56
47.4 1.44
47.5 4.56
47.6 1.44
47.7 4.56
47.8 1.44
47.9 4.56
48 0.96
48.1 3.24
48.2 1.32
48.3 3.36
48.4 1.44
48.5 2.16
48.6 1.2
48.7 2.28
48.8 1.32
48.9 2.4
49 1.32
49.1 2.4
49.2 1.44
49.3 2.52
49.4 1.44
49.5 2.4
49.6 1.56
49.7 2.4
49.8 1.68
49.9 2.4
50 1.68
50.1 2.4
50.2 1.68
50.3 2.4
50.4 1.68
50.5 2.4
50.6 1.68
50.7 2.16
50.8 1.92
50.9 1.92
51 2.16
51.1 1.92
51.2 2.16
51.3 1.92
51.4 2.16
51.5 1.92
51.6 2.16
51.7 1.92
51.8 2.16
51.9 1.92
52 2.16
52.1 1.92
52.2 2.16
52.3 2.04
52.4 2.16
52.5 1.92
52.6 2.16
52.7 2.04
52.8 2.16
52.9 2.04
53 2.4
53.1 2.04
53.2 2.4
53.3 2.04
53.4 2.76
53.5 2.04
53.6 2.88
53.7 2.04
53.8 3
53.9 2.04
54 3.36
54.1 2.04
54.2 3.48
54.3 2.04
54.4 3.6
54.5 2.04
54.6 2.52
54.7 1.68
54.8 3
54.9 1.56
55 3.24
55.1 1.8
55.2 3.48
55.3 1.56
55.4 3.72
55.5 1.8
55.6 3.6
55.7 1.8
55.8 3.96
55.9 1.68
56 3.84
56.1 2.04
56.2 3.84
56.3 2.28
56.4 3.84
56.5 2.16
56.6 3.84
56.7 2.28
56.8 3.84
56.9 2.4
57 3.84
57.1 2.4
57.2 3.84
57.3 2.4
57.4 3.84
57.5 2.4
57.6 3.84
57.7 1.8
57.8 2.52
57.9 2.16
58 2.64
58.1 2.28
58.2 2.76
58.3 2.52
58.4 2.76
58.5 2.76
58.6 2.76
58.7 2.88
58.8 2.76
58.9 2.88
59 3
59.1 2.88
59.2 2.88
59.3 1.92
59.4 2.4
59.5 2.04
59.6 2.52
59.7 2.04
59.8 2.64
59.9 2.04
60 2.64
60.1 2.16
60.2 2.52
60.3 2.4
60.4 2.4
60.5 2.52
60.6 2.4
60.7 2.64
60.8 2.16
60.9 2.88
61 2.16
61.1 2.88
61.2 2.16
61.3 2.88
61.4 2.16
61.5 2.88
61.6 2.16
61.7 2.88
61.8 2.16
61.9 2.88
62 2.16
62.1 2.88
62.2 1.92
62.3 3.12
62.4 1.68
62.5 3.12
62.6 1.68
62.7 3.12
62.8 1.68
62.9 3.36
63 1.68
63.1 3.12
63.2 1.8
63.3 3.12
63.4 1.92
63.5 3.24
63.6 1.68
63.7 3.36
63.8 1.8
63.9 3.12
64 2.04
64.1 3.36
64.2 1.8
64.3 3.72
64.4 1.92
64.5 3.48
64.6 2.52
64.7 3.24
64.8 3
64.9 3.36
65 3.12
65.1 3
65.2 3.84
65.3 3
65.4 3.96
65.5 3.36
65.6 4.08
65.7 3.6
65.8 4.2
65.9 3.96
66 4.44
66.1 4.2
66.2 4.8
66.3 4.32
66.4 5.16
66.5 4.68
66.6 5.4
66.7 4.8
66.8 5.76
66.9 5.04
67 6.12
67.1 5.4
67.2 6.36
67.3 5.88
67.4 6.72
67.5 6.48
67.6 7.08
67.7 6.72
67.8 7.68
67.9 6.72
68 8.52
68.1 6.72
68.2 9.12
68.3 7.32
68.4 9.72
68.5 7.68
68.6 10.56
68.7 8.52
68.8 10.44
68.9 9.6
69 10.8
69.1 10.56
69.2 10.8
69.3 10.8
69.4 10.56
69.5 10.8
69.6 10.68
69.7 10.8
69.8 10.92
69.9 10.68
70 1.8
70.1 9.72
70.2 10.44
70.3 9.84
70.4 3.96
70.5 9.96
70.6 4.68
70.7 9.12
70.8 1.2
70.9 9.48
71 1.32
71.1 9.72
71.2 1.2
71.3 6.48
71.4 0.96
71.5 7.08
71.6 1.08
71.7 6.84
71.8 1.44
71.9 6.96
72 1.68
72.1 6.84
72.2 2.04
72.3 6.6
72.4 2.4
72.5 6.36
72.6 2.64
72.7 6.12
72.8 3.12
72.9 5.88
73 3.36
73.1 5.76
73.2 3.72
73.3 5.28
73.4 4.08
73.5 5.28
73.6 4.08
73.7 5.04
73.8 4.32
73.9 5.04
74 4.32
74.1 4.8
74.2 4.56
74.3 4.56
74.4 4.8
74.5 4.56
74.6 4.8
74.7 4.32
74.8 5.04
74.9 4.08
75 5.28
75.1 2.88
75.2 3.72
75.3 3.36
75.4 3.96
75.5 3.36
75.6 4.2
75.7 3.24
75.8 4.8
75.9 3.24
76 4.92
76.1 3.48
76.2 4.92
76.3 3.72
76.4 4.92
76.5 3.84
76.6 4.92
76.7 3.96
76.8 5.04
76.9 3.96
77 5.16
77.1 3
77.2 3
77.3 3.6
77.4 3
77.5 3.96
77.6 2.64
77.7 4.44
77.8 2.64
77.9 4.44
78 2.76
78.1 4.32
78.2 3
78.3 4.32
78.4 3.24
78.5 4.08
78.6 3.48
78.7 4.08
78.8 3.6
78.9 3.96
79 3.84
79.1 3.84
79.2 3.84
79.3 3.6
79.4 4.08
79.5 3.6
79.6 4.08
79.7 3.6
79.8 4.08
79.9 3.36
80 3.72
80.1 2.28
80.2 3.12
80.3 2.76
80.4 3
80.5 3.12
80.6 3.24
80.7 3
80.8 3.48
80.9 3.24
81 3.48
81.1 3.48
81.2 3.36
81.3 3.48
81.4 3.72
81.5 3.12
81.6 4.2
81.7 3.12
81.8 4.44
81.9 2.88
82 4.68
82.1 2.64
82.2 5.04
82.3 2.4
82.4 5.4
82.5 2.4
82.6 5.28
82.7 2.4
82.8 5.28
82.9 2.4
83 5.28
83.1 2.4
83.2 5.28
83.3 2.4
83.4 5.28
83.5 2.4
83.6 5.28
83.7 2.4
83.8 5.28
83.9 2.4
84 5.28
84.1 2.4
84.2 5.04
84.3 2.64
84.4 4.8
84.5 2.88
84.6 4.2
84.7 1.92
84.8 3.84
84.9 2.04
85 3.48
85.1 2.76
85.2 3.6
85.3 3
85.4 3.48
85.5 3.24
85.6 3.48
85.7 3.48
85.8 3.12
85.9 3.96
86 3.24
86.1 4.08
86.2 3
86.3 4.32
86.4 3
86.5 4.56
86.6 3
86.7 4.56
86.8 3.12
86.9 4.56
87 3.24
87.1 4.56
87.2 3.12
87.3 4.56
87.4 3.12
87.5 4.56
87.6 3.12
87.7 4.32
87.8 3.36
87.9 4.08
88 3.6
88.1 4.08
88.2 3.6
88.3 4.08
88.4 3.6
88.5 4.08
88.6 3.6
88.7 4.08
88.8 3.6
88.9 4.08
89 3.6
89.1 4.08
89.2 3.6
89.3 4.08
89.4 3.6
89.5 4.08
89.6 3.6
89.7 4.2
89.8 3.6
89.9 4.32
90 3.48
90.1 4.56
90.2 3.12
90.3 4.68
90.4 3.12
90.5 4.92
90.6 3.24
90.7 5.04
90.8 3
90.9 5.4
91 3.24
91.1 5.4
91.2 3.24
91.3 5.4
91.4 2.04
91.5 4.2
91.6 2.52
91.7 4.44
91.8 2.88
91.9 4.44
92 3
92.1 4.68
92.2 2.76
92.3 5.16
92.4 2.52
92.5 5.64
92.6 2.52
92.7 4.56
92.8 1.32
92.9 4.8
93 1.2
93.1 4.68
93.2 1.56
93.3 4.92
93.4 1.44
93.5 4.92
93.6 1.68
93.7 4.68
93.8 1.92
93.9 4.92
94 1.92
94.1 4.32
94.2 2.4
94.3 4.2
94.4 2.64
94.5 4.08
94.6 2.88
94.7 3.84
94.8 3.12
94.9 3.6
95 3.36
95.1 3.36
95.2 3.6
95.3 3.12
95.4 3.84
95.5 2.88
95.6 4.08
95.7 2.4
95.8 4.56
95.9 2.16
96 4.68
96.1 1.2
96.2 3.6
96.3 1.08
96.4 4.2
96.5 1.08
96.6 4.44
96.7 1.08
96.8 4.8
96.9 0.96
97 4.8
97.1 0.6
97.2 3.6
97.3 0.96
97.4 3.6
97.5 1.08
97.6 3.36
97.7 1.32
97.8 3.36
97.9 1.44
98 3.48
98.1 1.44
98.2 3.36
98.3 1.56
98.4 3.36
98.5 1.68
98.6 3.36
98.7 1.68
98.8 3.12
98.9 1.92
99 2.88
99.1 2.16
99.2 2.88
99.3 2.16
99.4 2.64
99.5 2.4
99.6 2.16
99.7 2.64
99.8 2.4
99.9 2.4
100 2.64
