0.2 0.00448
0.3 0
0.4 0.0208
0.5 0
0.6 0.03744
0.7 0
0.8 0.07488
0.9 0
1 0.14976
1.1 0
1.2 0.16224
1.3 0.13728
1.4 0.15808
1.5 0.17472
1.6 0.17472
1.7 0.17056
1.8 0.17472
1.9 0.17056
2 0.20896
2.1 0.50464
2.2 0.50464
2.3 0.50464
2.4 0.50464
2.5 0.51072
2.6 0.50464
2.7 0.50464
2.8 0.50464
2.9 0.51072
3 0.50464
3.1 0.46912
3.2 0.50464
3.3 0.50464
3.4 0.51072
3.5 0.50464
3.6 0.37152
3.7 0.17472
3.8 0.28416
3.9 0.3984
4 0.3984
4.1 0.39776
4.2 0.4816
4.3 0.32832
4.4 0.50464
4.5 0.50464
4.6 0.51072
4.7 0.50464
4.8 0.19872
4.9 0.17472
5 0.17472
5.1 0.17056
5.2 0.17472
5.3 0.17056
5.4 0.3168
5.5 0.4032
5.6 0.3984
5.7 0.3984
5.8 0.33312
5.9 0.17472
6 0.17472
6.1 0.17056
6.2 0.17472
6.3 0.17056
6.4 0.17472
6.5 0.17472
6.6 0.17056
6.7 0.17472
6.8 0.17472
6.9 0.17056
7 0.17472
7.1 0.17056
7.2 0.17472
7.3 0.17472
7.4 0.17056
7.5 0.17472
7.6 0.17056
7.7 0.36512
7.8 0.3984
7.9 0.3984
8 0.32768
8.1 0.17472
8.2 0.17472
8.3 0.18144
8.4 0.43584
8.5 0.45152
8.6 0.3136
8.7 0.17472
8.8 0.13728
8.9 0.17056
9 0.14976
9.1 0.17056
9.2 0.15808
9.3 0.17056
9.4 0.16224
9.5 0.17472
9.6 0.1664
9.7 0.17472
9.8 0.30656
9.9 0.3984
10 0.20736
10.1 0.14144
10.2 0.11232
10.3 0.13728
10.4 0.12064
10.5 0.13312
10.6 0.12896
10.7 0.12896
10.8 0.14144
10.9 0.23424
11 0.3456
11.1 0.13408
11.2 0.11648
11.3 0.0832
11.4 0.11648
11.5 0.08736
11.6 0.12064
11.7 0.08736
11.8 0.1248
11.9 0.08736
12 0.1248
12.1 0.09152
12.2 0.1248
12.3 0.09568
12.4 0.12064
12.5 0.104
12.6 0.11648
12.7 0.10816
12.8 0.11232
12.9 0.11232
13 0.11232
13.1 0.11232
13.2 0.11648
13.3 0.11232
13.4 0.11232
13.5 0.12064
13.6 0.11232
13.7 0.11648
13.8 0.11232
13.9 0.11648
14 0.11648
14.1 0.11232
14.2 0.11648
14.3 0.2272
14.4 0.2688
14.5 0.10944
14.6 0.09568
14.7 0.07904
14.8 0.09568
14.9 0.08736
15 0.09152
15.1 0.09984
15.2 0.08736
15.3 0.10816
15.4 0.08736
15.5 0.11232
15.6 0.0832
15.7 0.1248
15.8 0.07904
15.9 0.13312
16 0.07488
16.1 0.29984
16.2 0.1632
16.3 0.11648
16.4 0.07072
16.5 0.0832
16.6 0.06656
16.7 0.09152
16.8 0.06656
16.9 0.09568
17 0.06656
17.1 0.104
17.2 0.0624
17.3 0.10816
17.4 0.0624
17.5 0.11232
17.6 0.05824
17.7 0.12064
17.8 0.05408
17.9 0.1248
18 0.05408
18.1 0.12896
18.2 0.04992
18.3 0.13312
18.4 0.04576
18.5 0.13728
18.6 0.0416
18.7 0.14144
18.8 0.0416
18.9 0.14144
19 0.03744
19.1 0.1456
19.2 0.03328
19.3 0.14976
19.4 0.03328
19.5 0.14976
19.6 0.03328
19.7 0.14976
19.8 0.03328
19.9 0.14976
20 0.03328
20.1 0.14976
20.2 0.03328
20.3 0.14976
20.4 0.03328
20.5 0.14976
20.6 0.03328
20.7 0.14976
20.8 0.03328
20.9 0.14976
21 0.03328
21.1 0.14976
21.2 0.03744
21.3 0.1456
21.4 0.0416
21.5 0.1456
21.6 0.0416
21.7 0.14144
21.8 0.04992
21.9 0.1808
22 0.1296
22.1 0.26624
22.2 0.02496
22.3 0.11648
22.4 0.02912
22.5 0.11648
22.6 0.03744
22.7 0.11232
22.8 0.04576
22.9 0.10816
23 0.05824
23.1 0.104
23.2 0.06656
23.3 0.104
23.4 0.07072
23.5 0.09984
23.6 0.17152
23.7 0.2208
23.8 0.08896
23.9 0.0624
24 0.07072
24.1 0.05824
24.2 0.07904
24.3 0.04992
24.4 0.09152
24.5 0.04576
24.6 0.09568
24.7 0.04576
24.8 0.09984
24.9 0.0416
25 0.10816
25.1 0.03744
25.2 0.11232
25.3 0.03328
25.4 0.11648
25.5 0.02912
25.6 0.1248
25.7 0.02496
25.8 0.20096
25.9 0.048
26 0.21504
26.1 0.01248
26.2 0.19232
26.3 0.024
26.4 0.14176
26.5 0.00416
26.6 0.12864
26.7 0.0096
26.8 0.136
26.9 0.00416
27 0.0624
27.1 0.00416
27.2 0.0624
27.3 0.00832
27.4 0.0624
27.5 0.00832
27.6 0.0624
27.7 0.00832
27.8 0.06656
27.9 0.00832
28 0.06656
28.1 0.00832
28.2 0.06656
28.3 0.00832
28.4 0.06656
28.5 0.00832
28.6 0.06656
28.7 0.00832
28.8 0.06656
28.9 0.00832
29 0.06656
29.1 0.00832
29.2 0.06656
29.3 0.00832
29.4 0.06656
29.5 0.00832
29.6 0.06656
29.7 0.00832
29.8 0.0624
29.9 0.01248
30 0.0624
30.1 0.01248
30.2 0.07872
30.3 0.0288
30.4 0.12896
30.5 0.00832
30.6 0.04576
30.7 0.01248
30.8 0.04992
30.9 0.01248
31 0.04992
31.1 0.01664
31.2 0.04576
31.3 0.0208
31.4 0.04576
31.5 0.02496
31.6 0.0416
31.7 0.02912
31.8 0.0416
31.9 0.03328
32 0.0416
32.1 0.03328
32.2 0.0416
32.3 0.03328
32.4 0.0416
32.5 0.03328
32.6 0.03744
32.7 0.03744
32.8 0.03328
32.9 0.0416
33 0.06656
33.1 0.1008
33.2 0.03168
33.3 0.03328
33.4 0.02496
33.5 0.03328
33.6 0.02496
33.7 0.03744
33.8 0.02496
33.9 0.0416
34 0.0208
34.1 0.04576
34.2 0.02496
34.3 0.04576
34.4 0.02144
34.5 0.1152
34.6 0.0528
34.7 0.03808
34.8 0.01664
34.9 0.03744
35 0.0208
35.1 0.03744
35.2 0.01664
35.3 0.0416
35.4 0.01664
35.5 0.0416
35.6 0.01664
35.7 0.04576
35.8 0.01664
35.9 0.04576
36 0.01664
36.1 0.04576
36.2 0.01248
36.3 0.04992
36.4 0.00832
36.5 0.04992
36.6 0.00832
36.7 0.04992
36.8 0.00832
36.9 0.05408
37 0.00832
37.1 0.05408
37.2 0.00832
37.3 0.05408
37.4 0.00832
37.5 0.05408
37.6 0.00832
37.7 0.05408
37.8 0.00832
37.9 0.05408
38 0.00832
38.1 0.05408
38.2 0.00832
38.3 0.05408
38.4 0.00832
38.5 0.05408
38.6 0.00832
38.7 0.05824
38.8 0.00832
38.9 0.05824
39 0.00832
39.1 0.0624
39.2 0.00832
39.3 0.0624
39.4 0.00832
39.5 0.06656
39.6 0.00832
39.7 0.07072
39.8 0.00832
39.9 0.07072
40 0.01248
40.1 0.07488
40.2 0.01248
40.3 0.07488
40.4 0.0208
40.5 0.07488
40.6 0.04672
40.7 0.1728
40.8 0.04672
40.9 0.04992
41 0.02496
41.1 0.05824
41.2 0.02496
41.3 0.0624
41.4 0.02496
41.5 0.0624
41.6 0.02912
41.7 0.0624
41.8 0.03328
41.9 0.0624
42 0.03328
42.1 0.06656
42.2 0.03328
42.3 0.0624
42.4 0.03744
42.5 0.06656
42.6 0.03744
42.7 0.0624
42.8 0.0416
42.9 0.05408
43 0.04992
43.1 0.12
43.2 0.12
43.3 0.03872
43.4 0.0416
43.5 0.03744
43.6 0.0416
43.7 0.03744
43.8 0.04992
43.9 0.03744
44 0.05408
44.1 0.03328
44.2 0.05824
44.3 0.03328
44.4 0.0624
44.5 0.02912
44.6 0.07072
44.7 0.02496
44.8 0.07488
44.9 0.0208
45 0.07904
45.1 0.0208
45.2 0.07488
45.3 0.02496
45.4 0.07904
45.5 0.0208
45.6 0.07904
45.7 0.02496
45.8 0.07904
45.9 0.0208
46 0.07904
46.1 0.02496
46.2 0.07488
46.3 0.02496
46.4 0.07904
46.5 0.02496
46.6 0.07904
46.7 0.02496
46.8 0.07904
46.9 0.02496
47 0.07904
47.1 0.02496
47.2 0.07904
47.3 0.02496
47.4 0.07904
47.5 0.02496
47.6 0.07904
47.7 0.02496
47.8 0.07904
47.9 0.0528
48 0.1824
48.1 0.02688
48.2 0.05408
48.3 0.02624
48.4 0.1344
48.5 0.0576
48.6 0.03744
48.7 0.0208
48.8 0.0416
48.9 0.0208
49 0.0416
49.1 0.02496
49.2 0.0416
49.3 0.02496
49.4 0.0416
49.5 0.02496
49.6 0.0416
49.7 0.02912
49.8 0.0416
49.9 0.02912
50 0.0416
50.1 0.02912
50.2 0.0416
50.3 0.02912
50.4 0.0416
50.5 0.02912
50.6 0.03744
50.7 0.03328
50.8 0.03328
50.9 0.03744
51 0.03328
51.1 0.03744
51.2 0.03328
51.3 0.03744
51.4 0.03328
51.5 0.03744
51.6 0.03328
51.7 0.03744
51.8 0.03328
51.9 0.03744
52 0.03328
52.1 0.03744
52.2 0.03328
52.3 0.03744
52.4 0.03328
52.5 0.03744
52.6 0.03328
52.7 0.03744
52.8 0.03328
52.9 0.0416
53 0.03328
53.1 0.0416
53.2 0.03328
53.3 0.04576
53.4 0.03328
53.5 0.04992
53.6 0.03328
53.7 0.04992
53.8 0.03744
53.9 0.04992
54 0.03328
54.1 0.05824
54.2 0.03328
54.3 0.05824
54.4 0.03328
54.5 0.144
54.6 0.0912
54.7 0.05664
54.8 0.02496
54.9 0.05408
55 0.02912
55.1 0.05824
55.2 0.02496
55.3 0.0624
55.4 0.02912
55.5 0.0624
55.6 0.02912
55.7 0.06656
55.8 0.02912
55.9 0.06656
56 0.03328
56.1 0.06656
56.2 0.03744
56.3 0.06656
56.4 0.03744
56.5 0.06656
56.6 0.03744
56.7 0.06656
56.8 0.0416
56.9 0.06656
57 0.0416
57.1 0.06656
57.2 0.0416
57.3 0.06656
57.4 0.0416
57.5 0.06656
57.6 0.07488
57.7 0.1536
57.8 0.05504
57.9 0.0416
58 0.03744
58.1 0.04576
58.2 0.0416
58.3 0.04576
58.4 0.04576
58.5 0.04576
58.6 0.04992
58.7 0.04576
58.8 0.04992
58.9 0.04992
59 0.04992
59.1 0.0608
59.2 0.1152
59.3 0.11456
59.4 0.03328
59.5 0.0416
59.6 0.03328
59.7 0.04576
59.8 0.03328
59.9 0.04576
60 0.03744
60.1 0.0416
60.2 0.0416
60.3 0.0416
60.4 0.0416
60.5 0.0416
60.6 0.04576
60.7 0.03744
60.8 0.04992
60.9 0.03744
61 0.04992
61.1 0.03744
61.2 0.04992
61.3 0.03744
61.4 0.04992
61.5 0.03744
61.6 0.04992
61.7 0.03744
61.8 0.04992
61.9 0.03744
62 0.04992
62.1 0.03328
62.2 0.05408
62.3 0.02912
62.4 0.05408
62.5 0.02912
62.6 0.05408
62.7 0.02912
62.8 0.05824
62.9 0.02912
63 0.05408
63.1 0.02912
63.2 0.05408
63.3 0.03328
63.4 0.05408
63.5 0.02912
63.6 0.05824
63.7 0.02912
63.8 0.05408
63.9 0.03328
64 0.05824
64.1 0.02912
64.2 0.0624
64.3 0.03328
64.4 0.05824
64.5 0.0416
64.6 0.05408
64.7 0.04992
64.8 0.05408
64.9 0.05408
65 0.04992
65.1 0.0624
65.2 0.04992
65.3 0.06656
65.4 0.05408
65.5 0.06656
65.6 0.05824
65.7 0.07072
65.8 0.0624
65.9 0.07488
66 0.06656
66.1 0.07904
66.2 0.07072
66.3 0.0832
66.4 0.07488
66.5 0.09152
66.6 0.07904
66.7 0.09568
66.8 0.0832
66.9 0.09984
67 0.08736
67.1 0.104
67.2 0.09568
67.3 0.10816
67.4 0.104
67.5 0.11648
67.6 0.10816
67.7 0.1248
67.8 0.10816
67.9 0.13728
68 0.10816
68.1 0.14976
68.2 0.11648
68.3 0.15808
68.4 0.1248
68.5 0.17056
68.6 0.13728
68.7 0.17056
68.8 0.15392
68.9 0.17472
69 0.17056
69.1 0.17472
69.2 0.17472
69.3 0.17056
69.4 0.17472
69.5 0.17472
69.6 0.17056
69.7 0.17472
69.8 0.17056
69.9 0.38272
70 0.4032
70.1 0.38144
70.2 0.16224
70.3 0.3712
70.4 0.3984
70.5 0.12384
70.6 0.24064
70.7 0.1872
70.8 0.33152
70.9 0.0208
71 0.1664
71.1 0.02208
71.2 0.3936
71.3 0.0384
71.4 0.12672
71.5 0.01664
71.6 0.11648
71.7 0.02496
71.8 0.11648
71.9 0.02912
72 0.11648
72.1 0.03328
72.2 0.11232
72.3 0.0416
72.4 0.10816
72.5 0.04576
72.6 0.104
72.7 0.05408
72.8 0.09984
72.9 0.05824
73 0.09984
73.1 0.0624
73.2 0.09152
73.3 0.07072
73.4 0.09152
73.5 0.07072
73.6 0.08736
73.7 0.07488
73.8 0.08736
73.9 0.07488
74 0.0832
74.1 0.07904
74.2 0.07904
74.3 0.0832
74.4 0.07904
74.5 0.0832
74.6 0.07488
74.7 0.08736
74.8 0.07072
74.9 0.09152
75 0.14752
75.1 0.216
75.2 0.06624
75.3 0.06656
75.4 0.05408
75.5 0.07072
75.6 0.05408
75.7 0.07904
75.8 0.05408
75.9 0.0832
76 0.05824
76.1 0.0832
76.2 0.0624
76.3 0.0832
76.4 0.06656
76.5 0.0832
76.6 0.06656
76.7 0.08736
76.8 0.06656
76.9 0.08736
77 0.13728
77.1 0.192
77.2 0.09088
77.3 0.04992
77.4 0.06656
77.5 0.04992
77.6 0.07072
77.7 0.04576
77.8 0.07488
77.9 0.04576
78 0.07488
78.1 0.04992
78.2 0.07488
78.3 0.05408
78.4 0.07072
78.5 0.05824
78.6 0.07072
78.7 0.0624
78.8 0.06656
78.9 0.06656
79 0.06656
79.1 0.06656
79.2 0.0624
79.3 0.07072
79.4 0.0624
79.5 0.07072
79.6 0.0624
79.7 0.07072
79.8 0.05824
79.9 0.09792
80 0.1344
80.1 0.14272
80.2 0.0416
80.3 0.04992
80.4 0.04992
80.5 0.05408
80.6 0.04992
80.7 0.05824
80.8 0.05408
80.9 0.05824
81 0.05824
81.1 0.05824
81.2 0.05824
81.3 0.0624
81.4 0.05408
81.5 0.07072
81.6 0.05408
81.7 0.07488
81.8 0.04992
81.9 0.07904
82 0.04576
82.1 0.08736
82.2 0.0416
82.3 0.09152
82.4 0.0416
82.5 0.09152
82.6 0.0416
82.7 0.09152
82.8 0.0416
82.9 0.09152
83 0.0416
83.1 0.09152
83.2 0.0416
83.3 0.09152
83.4 0.0416
83.5 0.09152
83.6 0.0416
83.7 0.09152
83.8 0.0416
83.9 0.09152
84 0.0416
84.1 0.08736
84.2 0.04576
84.3 0.0832
84.4 0.04992
84.5 0.11712
84.6 0.12
84.7 0.14624
84.8 0.03328
84.9 0.05824
85 0.04576
85.1 0.05824
85.2 0.04992
85.3 0.05824
85.4 0.05408
85.5 0.05824
85.6 0.05824
85.7 0.05824
85.8 0.0624
85.9 0.05408
86 0.07072
86.1 0.04992
86.2 0.07488
86.3 0.04992
86.4 0.07904
86.5 0.04992
86.6 0.07904
86.7 0.05408
86.8 0.07904
86.9 0.05408
87 0.07904
87.1 0.05408
87.2 0.07904
87.3 0.05408
87.4 0.07904
87.5 0.05408
87.6 0.07488
87.7 0.05824
87.8 0.07072
87.9 0.0624
88 0.07072
88.1 0.0624
88.2 0.07072
88.3 0.0624
88.4 0.07072
88.5 0.0624
88.6 0.07072
88.7 0.0624
88.8 0.07072
88.9 0.0624
89 0.07072
89.1 0.0624
89.2 0.07072
89.3 0.0624
89.4 0.07072
89.5 0.0624
89.6 0.07072
89.7 0.0624
89.8 0.07488
89.9 0.05824
90 0.07904
90.1 0.05408
90.2 0.07904
90.3 0.05408
90.4 0.0832
90.5 0.05408
90.6 0.08736
90.7 0.04992
90.8 0.09152
90.9 0.05408
91 0.09152
91.1 0.05408
91.2 0.1072
91.3 0.1248
91.4 0.22016
91.5 0.03328
91.6 0.07488
91.7 0.04576
91.8 0.07488
91.9 0.04992
92 0.07904
92.1 0.04576
92.2 0.08736
92.3 0.0416
92.4 0.09568
92.5 0.0416
92.6 0.17184
92.7 0.0912
92.8 0.14784
92.9 0.0208
93 0.07904
93.1 0.02496
93.2 0.0832
93.3 0.02496
93.4 0.0832
93.5 0.02912
93.6 0.07904
93.7 0.03328
93.8 0.0832
93.9 0.03328
94 0.07488
94.1 0.0416
94.2 0.07488
94.3 0.0416
94.4 0.07072
94.5 0.04992
94.6 0.06656
94.7 0.05408
94.8 0.0624
94.9 0.05824
95 0.05824
95.1 0.0624
95.2 0.05408
95.3 0.06656
95.4 0.04992
95.5 0.07072
95.6 0.0416
95.7 0.07904
95.8 0.03744
95.9 0.08384
96 0.072
96.1 0.20448
96.2 0.04384
96.3 0.1264
96.4 0.01664
96.5 0.07488
96.6 0.01664
96.7 0.07904
96.8 0.01664
96.9 0.09472
97 0.0384
97.1 0.18656
97.2 0.01248
97.3 0.0624
97.4 0.01664
97.5 0.05824
97.6 0.0208
97.7 0.05824
97.8 0.02496
97.9 0.05824
98 0.02496
98.1 0.05824
98.2 0.02496
98.3 0.05824
98.4 0.02912
98.5 0.05824
98.6 0.02912
98.7 0.05408
98.8 0.03328
98.9 0.04992
99 0.03744
99.1 0.04992
99.2 0.03744
99.3 0.04576
99.4 0.0416
99.5 0.03744
99.6 0.04576
99.7 0.0416
99.8 0.0416
99.9 0.04576
100 0.04576
