0.0201114 10
0.0416094 11
0.0464158 13
0.0512222 15
0.0560286 17
0.060835 19
0.0704478 21
0.0740526 23
0.0800606 25
0.0836654 27
0.0896734 29
0.303558 30.1961
0.363638 24.4365
0.399686 22.4365
0.559499 24.4365
0.582329 22.4365
0.587136 21.6443
0.600353 22.1809
0.74815 24.1809
0.772182 22.1809
0.936801 24.1809
0.960833 22.1809
1.12425 24.1809
1.13867 24.1195
1.14828 22.1195
1.3129 24.1195
1.33693 22.1195
1.49795 24.1195
1.52078 22.1195
1.68179 24.1195
1.70583 22.1195
1.82959 22.0711
1.87285 24.0711
1.89688 22.0711
2.0591 24.0711
2.08313 22.0311
2.25135 24.0311
2.27538 22.0311
2.44241 24.0311
2.46644 22.0311
2.48687 21.9979
2.5157 22.3681
2.62265 24.3681
2.64668 22.3681
2.8113 24.3681
2.83533 22.3681
2.99995 24.3681
3.01437 24.0311
3.02398 22.0311
3.06844 22.3681
3.18379 24.3681
3.20783 22.3681
3.25228 22.7535
3.36644 24.7535
3.39047 22.7535
3.54908 24.7535
3.57191 22.7535
3.73172 24.7535
3.75455 22.7535
3.91316 24.7535
3.9372 22.7535
3.96363 22.4365
3.97925 23.5794
4.09701 25.5794
4.12104 23.5794
4.27485 25.5794
4.29888 23.5794
4.45268 25.5794
4.47792 23.5794
4.51396 22.7535
4.60769 22.8619
4.63533 24.8619
4.65575 22.8619
4.69661 23.1575
4.80956 25.1575
4.83359 23.1575
4.98499 25.1575
5.00902 23.1575
5.16643 25.1575
5.18926 23.1575
5.34307 25.1575
5.3635 23.1575
5.52211 25.1575
5.54253 23.1575
5.54974 22.7535
5.69754 24.7535
5.71917 22.7535
5.88018 24.7535
5.90061 22.7535
5.94267 23.1575
6.05682 25.1575
6.07845 23.1575
6.23826 25.1575
6.25869 23.1575
6.41369 25.1575
6.43773 23.1575
6.59153 25.1575
6.61676 23.1575
6.77057 25.1575
6.791 23.1575
6.946 25.1575
6.96643 23.1575
6.98205 22.7535
7.0962 23.3087
7.12504 25.3087
7.14787 23.3087
7.18152 23.5794
7.30048 25.5794
7.3209 23.5794
7.47951 25.5794
7.50234 23.5794
7.65735 25.5794
7.67898 23.5794
7.72224 22.7535
7.83399 24.7535
7.85561 22.7535
7.88565 23.1575
8.01302 25.1575
8.03585 23.1575
8.19206 25.1575
8.21249 23.1575
8.36629 25.1575
8.38672 23.1575
8.54053 25.1575
8.56216 23.1575
8.71716 25.1575
8.73879 23.1575
8.8962 25.1575
8.91663 23.1575
9.07404 25.1575
9.09446 23.1575
9.25428 25.1575
9.2747 23.1575
9.30595 23.5794
9.42851 25.5794
9.44894 23.5794
9.60154 25.5794
9.62317 23.5794
9.77697 25.5794
9.7974 23.5794
9.95481 25.5794
9.97644 23.5794
9.99687 23.1575
10.0065 23.5794
10.0221 25.5794
10.0221 4
10.0281 6
10.0281 4
10.0341 6
10.0341 4
10.0389 6
10.0389 4
10.0437 6
10.0437 4
10.0485 6
10.0485 4
10.0533 6
10.0533 4
10.0569 6
10.0569 4
10.0618 6
10.0618 4
10.0654 6
10.0654 4
10.0832 6
10.0832 4
10.0893 6
10.0893 4
10.1073 6
10.1073 4
10.1133 6
10.1133 4
10.1313 6
10.1313 4
10.1373 6
10.1373 4
10.1553 6
10.1553 4
10.1613 6
10.1613 4
10.1793 6
10.1793 4
10.1853 6
10.1853 4
10.2033 6
10.2033 4
10.2093 6
10.2093 4
10.2273 6
10.2273 4
10.2333 6
10.2333 4
10.2513 6
10.2513 4
10.2573 6
10.2573 4
10.2753 23.5794
10.2753 25.5794
10.2813 27.5794
10.2992 12.058
10.3032 12.4896
10.3076 14.4896
10.3119 16.4896
10.3164 18.4896
10.3207 20.4896
10.3301 22.4896
10.3389 24.4896
10.3449 26.4896
10.3497 28.4896
10.3533 28.616
10.3666 28.6133
10.3834 30.4634
10.4182 28.4634
10.578 28.5684
10.6045 30.5684
10.6297 28.5684
10.6621 29.6464
10.8135 31.6464
10.8388 29.6464
10.882 30.1395
11.025 32.1395
11.0515 30.1395
11.2401 32.1395
11.2653 30.1395
11.4552 32.1395
11.4804 30.1395
11.5742 29.6464
11.6667 31.6464
11.6931 29.6464
11.8806 30.2769
11.907 28.2769
12.0668 28.4634
12.0945 30.4634
12.1209 28.4634
12.3095 30.4634
12.336 28.4634
12.527 30.4634
12.5547 28.4634
12.7409 30.4634
12.7505 29.8536
12.7686 27.8536
12.9572 29.8536
12.9848 27.8536
13.0557 27.4461
13.1723 29.4461
13.1975 27.4461
13.391 29.4461
13.4198 27.4461
13.4234 25.9496
13.6145 27.9496
13.6433 25.9496
13.8356 27.9496
13.8644 25.9496
14.0603 27.9496
14.0891 25.9496
14.2778 27.9496
14.303 25.9496
14.3126 25.5539
14.4916 27.5539
14.5169 25.5539
14.7079 27.5539
14.738 25.5539
14.9278 27.5539
14.9531 25.5539
15.1441 27.5539
15.1693 25.5539
15.2138 25.1733
15.3604 27.1733
15.3856 25.1733
15.5767 27.1733
15.6019 25.1733
15.7918 27.1733
15.8182 25.1733
15.8759 25.5539
16.0045 27.5539
16.0297 25.5539
16.2159 27.5539
16.2412 25.5539
16.4334 27.5539
16.4587 25.5539
16.6509 27.5539
16.6762 25.5539
16.7074 24.8066
16.8648 26.8066
16.8912 24.8066
16.9501 25.1733
17.0811 27.1733
17.1075 25.1733
17.2974 27.1733
17.325 25.1733
17.5161 27.1733
17.5425 25.1733
17.6266 24.8066
17.7348 26.8066
17.7612 24.8066
17.9511 26.8066
17.9775 24.8066
18.1649 26.8066
18.1914 24.8066
18.237 24.453
18.2515 24.8066
18.38 26.8066
18.4053 24.8066
18.5951 26.8066
18.6215 24.8066
18.809 26.8066
18.8354 24.8066
19.0229 26.8066
19.0493 24.8066
19.2368 26.8066
19.2632 24.8066
19.4506 26.8066
19.4771 24.8066
19.6645 26.8066
19.691 24.8066
19.8784 26.8066
19.9049 24.8066
20.0923 26.8066
20.1187 24.8066
20.3062 26.8066
20.3326 24.8066
20.3687 26.8066
20.3687 4
20.3735 6
20.3735 4
20.3783 6
20.3783 4
20.3831 6
20.3831 4
20.3879 6
20.3879 4
20.3927 6
20.3927 4
20.4011 6
20.4011 4
20.4071 6
20.4071 4
20.4131 6
20.4131 4
20.4191 6
20.4191 4
20.4215 6
20.4215 4
20.4437 6
20.4437 4
20.4483 6
20.4483 4
20.4677 6
20.4677 4
20.4728 6
20.4728 4
20.4917 6
20.4917 4
20.4968 6
20.4968 4
20.5158 6
20.5158 4
20.5209 6
20.5209 4
20.5398 6
20.5398 4
20.5449 6
20.5449 4
20.5639 6
20.5639 4
20.5689 6
20.5689 4
20.5879 6
20.5879 4
20.593 6
20.593 4
20.6119 6
20.6119 4
20.617 24.8066
20.617 26.8066
20.636 27.0097
20.641 26.6188
20.6461 26.2769
20.6522 26.076
20.657 25.8018
20.6618 22.9489
20.6666 22.7659
20.6715 22.6057
20.6777 22.5511
20.6825 22.5035
20.6873 22.462
20.6938 22.4254
20.6988 22.3073
20.7048 24.2044
20.7106 24.1146
20.7279 24.047
20.7327 23.9765
20.7375 24.6278
20.7424 24.5718
20.7772 26.5718
20.782 26.6133
20.8277 24.6133
20.8673 24.8785
21.0091 26.8785
21.0343 24.8785
21.0632 25.4302
21.229 27.4302
21.259 25.4302
21.4525 27.4302
21.4813 25.4302
21.6748 27.4302
21.7 25.4302
21.8731 25.0138
21.8935 27.0138
21.9223 25.0138
22.1194 27.0138
22.1446 25.0138
22.1975 25.4302
22.3357 27.4302
22.3657 25.4302
22.5628 27.4302
22.5916 25.4302
22.7839 27.4302
22.8091 25.4302
23.0014 27.4302
23.0266 25.4302
23.0362 25.0449
23.2201 27.0449
23.2489 25.0449
23.297 25.4302
23.4363 27.4302
23.4616 25.4302
23.6538 27.4302
23.6839 25.4302
23.8713 27.4302
23.9002 25.4302
23.911 25.0449
24.0876 27.0449
24.1128 25.0449
24.1645 25.4302
24.3003 27.4302
24.3303 25.4302
24.5178 27.4302
24.543 25.4302
24.7305 27.4302
24.7557 25.4302
24.7954 25.0449
24.9215 25.4302
24.9419 27.4302
24.9672 25.4302
25.1642 27.4302
25.1931 25.4302
25.3805 27.4302
25.4058 25.4302
25.562 25.0449
25.592 27.0449
25.6221 25.0449
25.8095 27.0449
25.8395 25.0449
26.027 27.0449
26.0522 25.0449
26.2397 27.0449
26.2649 25.0449
26.4584 27.0449
26.4836 25.0449
26.6674 27.0449
26.6927 25.0449
26.7323 24.674
26.8825 26.674
26.909 24.674
26.9666 25.0449
27.0952 27.0449
27.1204 25.0449
27.3091 27.0449
27.3343 25.0449
27.5266 27.0449
27.553 25.0449
27.6179 24.674
27.7489 26.674
27.7741 24.674
27.9279 25.0138
27.9688 27.0138
27.9952 25.0138
28.0481 25.0449
28.1803 27.0449
28.2055 25.0449
28.3977 27.0449
28.423 25.0449
28.6128 27.0449
28.6381 25.0449
28.6777 24.674
28.6861 25.0449
28.8267 27.0449
28.852 25.0449
29.0358 27.0449
29.061 25.0449
29.2497 27.0449
29.2749 25.0449
29.4636 27.0449
29.4888 25.0449
29.5044 24.674
29.6787 26.674
29.7039 24.674
29.7628 25.0449
29.8913 27.0449
29.9166 25.0449
30.11 27.0449
30.1353 25.0449
30.3275 27.0449
30.3528 25.0449
30.4068 24.674
30.5414 26.674
30.5666 24.674
30.7457 26.674
30.7457 4
30.7517 6
30.7517 4
30.7565 6
30.7565 4
30.7613 6
30.7613 4
30.7673 6
30.7673 4
30.7721 6
30.7721 4
30.7769 6
30.7769 4
30.7817 6
30.7817 4
30.7877 6
30.7877 4
30.7925 6
30.7925 4
30.7949 6
30.7949 4
30.814 6
30.814 4
30.819 6
30.819 4
30.838 6
30.838 4
30.843 6
30.843 4
30.862 6
30.862 4
30.867 6
30.867 4
30.886 6
30.886 4
30.891 6
30.891 4
30.91 6
30.91 4
30.915 6
30.915 4
30.934 6
30.934 4
30.939 6
30.939 4
30.958 6
30.958 4
30.963 6
30.963 4
30.982 6
30.982 4
30.9869 6
30.9869 4
31.0061 24.8066
31.0061 25.9717
31.0125 25.6671
31.0309 25.308
31.0357 24.9938
31.0411 24.8122
31.0465 24.5601
31.0527 24.4316
31.0573 22.5297
31.0627 22.366
31.0682 22.308
31.0744 22.2569
31.0789 22.1278
31.0848 22.0145
31.0907 21.9157
31.0966 21.8294
31.1026 21.7535
31.1085 21.6872
31.1499 23.6872
31.1617 23.6374
31.1736 23.6146
31.1786 23.5656
31.1836 24.0325
31.1972 24.1153
31.2369 26.1153
31.2417 27.3412
31.2861 25.3412
31.4868 27.3412
31.5121 25.3412
31.7031 27.3412
31.7319 25.3412
31.923 27.3412
31.9518 25.3412
31.9939 25.8142
32.1417 27.8142
32.1705 25.8142
32.2114 26.2258
32.3664 28.2258
32.3952 26.2258
32.5899 28.2258
32.6175 26.2258
32.8158 28.2258
32.8242 28.0946
32.8434 26.0946
33.0393 28.0946
33.0669 26.0946
33.2628 28.0946
33.282 27.7403
33.2916 25.7403
33.4851 27.7403
33.5139 25.7403
33.5692 26.1547
33.7074 28.1547
33.735 26.1547
33.9273 28.1547
33.9561 26.1547
34.1544 28.1547
34.1736 27.7403
34.1832 25.7403
34.2325 26.0946
34.3767 28.0946
34.4055 26.0946
34.4584 26.4924
34.4896 26.5863
34.5978 28.5863
34.6254 26.5863
34.8177 28.5863
34.8453 26.5863
35.0375 28.5863
35.0652 26.5863
35.1289 26.1547
35.2562 28.1547
35.2851 26.1547
35.3403 27.3356
35.4785 29.3356
35.5038 27.3356
35.696 29.3356
35.7261 27.3356
35.9183 29.3356
35.9387 28.4924
35.9436 26.4924
35.9808 26.9061
36.1334 28.9061
36.1586 26.9061
36.2031 27.3356
36.3509 29.3356
36.3785 27.3356
36.5696 29.3356
36.596 27.3356
36.7823 29.3356
36.8087 27.3356
36.9937 29.3356
37.019 27.3356
37.2076 29.3356
37.2329 27.3356
37.4227 29.3356
37.4492 27.3356
37.6354 29.3356
37.6618 27.3356
37.8481 29.3356
37.8733 27.3356
38.062 29.3356
38.0872 27.3356
38.2747 29.3356
38.2999 27.3356
38.4897 29.3356
38.5162 27.3356
38.7024 29.3356
38.7289 27.3356
38.9151 29.3356
38.9403 27.3356
39.129 29.3356
39.1542 27.3356
39.3417 29.3356
39.3669 27.3356
39.5568 29.3356
39.5832 27.3356
39.7694 29.3356
39.7959 27.3356
39.9821 29.3356
40.0074 27.3356
40.196 29.3356
40.2212 27.3356
40.4087 29.3356
40.4339 27.3356
40.6238 29.3356
40.6502 27.3356
40.8365 29.3356
40.8629 27.3356
41.0491 29.3356
41.0744 27.3356
41.1861 29.3356
41.1861 4
41.1897 6
41.1897 4
41.1945 6
41.1945 4
41.1993 6
41.1993 4
41.2042 6
41.2042 4
41.2078 6
41.2078 4
41.2126 6
41.2126 4
41.2174 6
41.2174 4
41.2222 6
41.2222 4
41.2258 6
41.2258 4
41.2306 6
41.2306 4
41.2354 6
41.2354 4
41.2402 6
41.2402 4
41.2591 6
41.2591 4
41.2639 6
41.2639 4
41.2828 6
41.2828 4
41.2876 6
41.2876 4
41.3064 6
41.3064 4
41.3113 6
41.3113 4
41.3301 6
41.3301 4
41.3349 6
41.3349 4
41.3538 6
41.3538 4
41.3586 6
41.3586 4
41.3775 6
41.3775 4
41.3823 6
41.3823 4
41.4012 6
41.4012 4
41.406 6
41.406 4
41.4249 6
41.4249 4
41.4297 6
41.4297 4
41.4485 27.3356
41.4485 12.6298
41.4533 12.518
41.5056 14.518
41.7237 15.3557
41.7826 15.6954
41.922 17.1278
41.9557 15.1278
42.0037 15.2838
42.178 17.2838
42.214 15.2838
42.2717 15.9454
42.4267 16.1409
42.4471 18.1409
42.4772 16.1409
42.6982 18.1409
42.7343 16.1409
42.7643 16.5532
42.9398 18.5532
42.9698 16.5532
43.1825 18.5532
43.2125 16.5532
43.2642 17.732
43.4264 19.732
43.4625 17.732
43.5093 17.9641
43.6451 18.2037
43.6884 20.2037
43.7208 18.2037
43.9407 20.2037
43.9731 18.2037
44.0212 18.453
44.1906 20.453
44.2255 18.453
44.2327 18.9807
44.2555 19.8543
44.4346 21.8543
44.449 22.4261
44.4646 20.4261
44.6316 21.0428
44.6737 23.0428
44.7013 21.0428
44.753 21.2051
44.908 23.2051
44.9416 21.2051
44.9849 21.8163
45.1699 23.8163
45.2024 21.8163
45.2589 23.1554
45.4139 25.1554
45.4439 23.1554
45.4896 24.6077
45.6458 26.6077
45.6746 24.8059
45.8837 26.8059
45.9149 24.8059
45.9714 25.6906
46.0627 25.971
46.1216 27.971
46.1528 25.971
46.2021 26.4565
46.3643 28.4565
46.3956 26.4565
46.4593 26.5138
46.6083 28.5138
46.6383 26.5138
46.6876 26.8612
46.6924 28.5428
46.8462 30.5428
46.875 28.5428
46.9267 29.7576
47.0865 31.7576
47.1165 29.7576
47.3232 31.7576
47.3508 29.7576
47.5611 31.7576
47.59 29.7576
47.6032 29.3073
47.6248 29.7576
47.733 30.4648
47.805 32.4648
47.8351 30.4648
48.043 32.4648
48.073 30.4648
48.2821 32.4648
48.3121 30.4648
48.3482 30.7099
48.3662 31.9068
48.5164 33.9068
48.5476 31.9068
48.7495 33.9068
48.7783 31.9068
48.979 33.9068
49.0078 31.9068
49.0415 32.1733
49.2133 34.1733
49.2434 32.1733
49.4464 34.1733
49.4765 32.1733
49.5293 32.5483
49.6843 34.5483
49.712 32.5483
49.8586 32.8384
49.9115 34.8384
49.9391 32.8384
50.1374 34.8384
50.1662 32.8384
50.3657 34.8384
50.3933 32.8384
50.5111 32.5483
50.594 34.5483
50.6216 32.5483
50.6588 32.962
50.6769 33.5884
50.8211 35.5884
50.8499 33.5884
51.0482 35.5884
51.077 33.5884
51.2825 35.5884
51.3125 33.5884
51.4555 35.5884
51.4555 4
51.4603 6
51.4603 4
51.4639 6
51.4639 4
51.4687 6
51.4687 4
51.4735 6
51.4735 4
51.4771 6
51.4771 4
51.4819 6
51.4819 4
51.4855 6
51.4855 4
51.488 6
51.488 4
51.4916 6
51.4916 4
51.494 6
51.494 4
51.4976 6
51.4976 4
51.5012 6
51.5012 4
51.5048 6
51.5048 4
51.5084 6
51.5084 4
51.512 6
51.512 4
51.5372 6
51.5372 4
51.5408 6
51.5408 4
51.5611 6
51.5611 4
51.5647 6
51.5647 4
51.5846 6
51.5846 4
51.5894 6
51.5894 4
51.608 6
51.608 4
51.6133 6
51.6133 4
51.6323 6
51.6323 4
51.6372 6
51.6372 4
51.6562 6
51.6562 4
51.6611 6
51.6611 4
51.6799 6
51.6799 4
51.6859 6
51.6859 4
51.7038 6
51.7038 4
51.7093 33.5884
51.7093 34.7576
51.7277 12.7604
51.7327 12.5919
51.7365 14.5919
51.7403 16.5919
51.7451 18.5919
51.748 20.5919
51.7571 22.5919
51.7689 24.5919
51.7743 26.5919
51.778 28.2887
51.7828 28.1181
51.7876 27.9682
51.7928 27.837
51.7963 27.7224
51.804 27.5214
51.8078 27.3425
51.8117 27.1858
51.8167 27.1526
51.8194 28.8702
51.8237 28.8425
51.8273 28.8184
51.831 28.6844
51.8348 28.5677
51.8428 28.9185
51.8533 29.0131
51.8567 29.1409
51.8603 31.1409
51.8643 32.7279
51.8679 32.6768
51.8708 32.5925
51.8979 34.5925
51.9015 35.5235
51.9243 37.5235
51.9279 38.991
51.9435 36.991
52.119 38.991
52.1454 36.991
52.3256 38.991
52.3521 36.991
52.5275 38.991
52.5527 36.991
52.5696 31.1222
52.733 33.1222
52.7582 29.4095
52.9349 31.4095
52.9601 29.4095
53.1391 31.4095
53.1644 29.4095
53.3422 31.4095
53.3674 29.4095
53.5369 31.4095
53.5573 30.9896
53.5609 28.9896
53.7363 30.9896
53.7604 28.9896
53.7856 28.3432
53.8012 28.5104
53.937 30.5104
53.9622 28.5104
54.1437 30.5104
54.1689 28.5104
54.3467 30.5104
54.3732 28.5104
54.5498 30.5104
54.5774 28.5104
54.6568 27.1796
54.7517 29.1796
54.7769 27.1796
54.8322 26.9427
54.9572 28.9427
54.9836 26.9427
55.159 28.9427
55.1843 26.9427
55.2227 27.2714
55.3681 29.2714
55.3957 27.2714
55.5796 29.2714
55.6048 27.2714
55.7923 29.2714
55.8127 28.5124
55.8163 26.5124
56.0073 28.5124
56.0338 26.5124
56.2212 28.5124
56.2489 26.5124
56.4375 28.5124
56.464 26.5124
56.6526 28.5124
56.679 26.5124
56.8629 28.5124
56.8905 26.5124
57.078 28.5124
57.102 26.5124
57.2883 28.5124
57.3135 26.5124
57.5045 28.5124
57.5322 26.5124
57.7208 28.5124
57.7473 26.5124
57.9359 28.5124
57.9624 26.5124
58.1462 28.5124
58.1738 26.5124
58.3613 28.5124
58.3853 26.5124
58.5716 28.5124
58.5968 26.5124
58.7879 28.5124
58.8155 26.5124
59.0041 28.5124
59.0306 26.5124
59.2192 28.5124
59.2457 26.5124
59.4295 28.5124
59.4571 26.5124
59.6446 28.5124
59.6686 26.5124
59.8549 28.5124
59.8801 26.5124
60.0712 28.5124
60.0988 26.5124
60.2874 28.5124
60.3139 26.5124
60.5025 28.5124
60.529 26.5124
60.7128 28.5124
60.7405 26.5124
60.9279 28.5124
60.9519 26.5124
61.1382 28.5124
61.1634 26.5124
61.3545 28.5124
61.3821 26.5124
61.5708 28.5124
61.5972 26.5124
61.7858 28.5124
61.8123 26.5124
61.8748 28.5124
61.8748 4
61.8796 6
61.8796 4
61.8856 6
61.8856 4
61.8904 6
61.8904 4
61.8952 6
61.8952 4
61.9 6
61.9 4
61.9048 6
61.9048 4
61.9084 6
61.9084 4
61.9132 6
61.9132 4
61.918 6
61.918 4
61.9216 6
61.9216 4
61.9264 6
61.9264 4
61.9433 6
61.9433 4
61.9501 6
61.9501 4
61.9672 6
61.9672 4
61.9738 6
61.9738 4
61.9911 6
61.9911 4
61.9975 6
61.9975 4
62.015 6
62.015 4
62.0212 6
62.0212 4
62.039 6
62.039 4
62.0448 6
62.0448 4
62.0629 6
62.0629 4
62.0685 6
62.0685 4
62.0869 6
62.0869 4
62.0922 6
62.0922 4
62.1109 6
62.1109 4
62.1159 6
62.1159 4
62.1349 33.5884
62.1349 30.4586
62.1396 30.018
62.1589 12.5214
62.163 12.5442
62.1673 14.5442
62.1717 16.5442
62.1761 18.5442
62.1805 20.5442
62.1946 22.5442
62.201 23.0663
62.2066 23.0221
62.2122 22.9965
62.2178 22.8854
62.2234 22.788
62.2346 22.7058
62.2459 22.6436
62.2515 24.576
62.2627 24.5442
62.2739 24.5193
62.2829 24.4116
62.2875 24.3729
62.2919 24.2507
62.2964 24.2327
62.301 24.8294
62.3062 24.922
62.3098 24.8957
62.3143 24.9917
62.319 24.8902
62.3276 26.8902
62.332 27.6941
62.3448 28.8052
62.3679 28.7652
62.3749 30.7652
62.3791 31.3785
62.3819 33.3785
62.3855 33.4095
62.4116 34.6436
62.4236 34.875
62.4296 35.5104
62.438 37.5104
62.4416 39.0746
62.4825 38.1706
62.6555 40.1706
62.6807 38.1706
62.8514 40.1706
62.8766 38.1706
62.9643 36.3612
63.0484 38.3612
63.0725 36.3612
63.2467 38.3612
63.2731 36.3612
63.2984 36.0345
63.4486 38.0345
63.4738 36.0345
63.6468 38.0345
63.6721 36.0345
63.6757 35.6796
63.8463 37.6796
63.8715 35.6796
64.0494 37.6796
64.0626 37.4012
64.0746 35.4012
64.2512 37.4012
64.2777 35.4012
64.2849 34.4012
64.4519 36.4012
64.4783 34.4012
64.655 36.4012
64.6754 35.2251
64.6814 33.2251
64.858 35.2251
64.8821 33.2251
65.0563 35.2251
65.0803 33.2251
65.2534 35.2251
65.2786 33.2251
65.3014 32.201
65.454 34.201
65.4793 32.201
65.6559 34.201
65.6811 32.201
65.698 31.6575
65.8578 33.6575
65.8842 31.6575
66.062 33.6575
66.0861 31.6575
66.2627 33.6575
66.2867 31.6575
66.3084 31.1347
66.4682 33.1347
66.4946 31.1347
66.6761 33.1347
66.7001 31.1347
66.7157 30.0891
66.8779 32.0891
66.902 30.0891
66.9548 29.1243
67.0822 31.1243
67.1062 29.1243
67.2853 31.1243
67.3117 29.1243
67.4871 31.1243
67.5112 29.1243
67.5268 28.5207
67.689 30.5207
67.7154 28.5207
67.7683 28.0601
67.8957 30.0601
67.9221 28.0601
68.1072 30.0601
68.1336 28.0601
68.1901 26.5228
68.3198 28.5228
68.3475 26.5228
68.4761 26.1084
68.5253 28.1084
68.553 26.1084
68.732 28.1084
68.7584 26.1084
68.9411 28.1084
68.9675 26.1084
69.0288 25.7106
69.1489 27.7106
69.173 25.7106
69.2727 24.9572
69.3544 26.9572
69.3821 24.9572
69.5623 26.9572
69.5875 24.9572
69.644 24.6008
69.7726 26.6008
69.799 24.6008
69.8315 23.875
69.9817 25.875
70.0081 23.875
70.073 22.8812
70.1883 24.8812
70.216 22.8812
70.3986 24.8812
70.4275 22.8812
70.4971 22.4227
70.6125 24.4227
70.6389 22.4227
70.836 24.4227
70.8624 22.4227
70.9405 21.5062
71.0523 23.5062
71.0823 21.5062
71.2662 23.5062
71.2938 21.5062
71.3671 20.971
71.4813 22.971
71.5089 20.971
71.6891 22.971
71.7156 20.971
71.8033 20.4006
71.8898 22.4006
71.915 20.4006
72.0929 22.4006
72.1181 20.4006
72.2383 21.2113
72.2996 23.2113
72.3414 23.3149
72.3507 23.8867
72.3647 24.4337
72.3834 26.4337
72.3873 27.3177
72.4051 28.4448
72.4123 16.0628
72.4123 4
72.4161 6
72.4161 4
72.4198 6
72.4198 4
72.4235 6
72.4235 4
72.4277 6
72.4277 4
72.4325 6
72.4325 4
72.4492 6
72.4492 4
72.456 6
72.456 4
72.4731 6
72.4731 4
72.4801 6
72.4801 4
72.4975 6
72.4975 4
72.5036 6
72.5036 4
72.521 6
72.521 4
72.5275 6
72.5275 4
72.5449 6
72.5449 4
72.5521 6
72.5521 4
72.5688 6
72.5688 4
72.576 6
72.576 4
72.5939 6
72.5939 4
72.6011 6
72.6011 4
72.6182 6
72.6182 4
72.6266 6
72.6266 4
72.6424 33.5884
72.6424 29.4599
72.7109 22.4523
72.7457 24.4523
72.7722 22.5518
72.9596 24.5518
72.9848 22.5518
73.1735 24.5518
73.2011 22.5518
73.3922 24.5518
73.4174 22.5518
73.5051 20.9565
73.6049 22.9565
73.6301 20.9565
73.6866 21.2521
73.8163 23.2521
73.8416 21.2521
74.0242 23.2521
74.0483 21.2521
74.1047 21.5587
74.2297 23.5587
74.2537 21.5587
74.434 23.5587
74.4508 23.6215
74.4628 21.6215
74.5121 21.8771
74.6455 23.8771
74.6743 21.8771
74.8641 23.8771
74.8882 21.8771
75.0696 23.8771
75.0985 21.8771
75.2847 23.8771
75.3075 23.5587
75.3135 21.5587
75.4998 23.5587
75.5238 21.5587
75.5779 22.2079
75.7185 24.2079
75.7473 22.2079
75.8026 23.4116
75.9372 25.4116
75.966 23.4116
76.1559 25.4116
76.1811 23.4116
76.3649 25.4116
76.3902 23.4116
76.5728 25.4116
76.5968 23.4116
76.6317 23.9579
76.7771 25.9579
76.8011 23.9579
76.836 24.1478
76.979 26.1478
77.0066 24.1478
77.0474 24.5387
77.1832 26.5387
77.2097 24.5387
77.2493 25.337
77.3839 27.337
77.4115 25.337
77.593 27.337
77.6194 25.337
77.7948 27.337
77.8225 25.337
78.0039 27.337
78.0304 25.337
78.0628 25.7438
78.2022 27.7438
78.2286 25.7438
78.4065 27.7438
78.4341 25.7438
78.6107 27.7438
78.6372 25.7438
78.8126 27.7438
78.839 25.7438
79.0193 27.7438
79.0445 25.7438
79.2308 27.7438
79.2548 25.7438
79.4362 27.7438
79.4603 25.7438
79.6453 27.7438
79.6693 25.7438
79.8496 27.7438
79.876 25.7438
80.0563 27.7438
80.0827 25.7438
80.2629 27.7438
80.287 25.7438
80.4696 27.7438
80.4936 25.7438
80.6763 27.7438
80.7003 25.7438
80.8854 27.7438
80.9094 25.7438
81.0896 27.7438
81.1161 25.7438
81.2963 27.7438
81.3227 25.7438
81.503 27.7438
81.527 25.7438
81.7097 27.7438
81.7337 25.7438
81.9163 27.7438
81.9404 25.7438
82.1254 27.7438
82.1494 25.7438
82.3297 27.7438
82.3561 25.7438
82.5364 27.7438
82.5628 25.7438
82.6433 27.7438
82.6433 4
82.6481 6
82.6481 4
82.6529 6
82.6529 4
82.6565 6
82.6565 4
82.6613 6
82.6613 4
82.6661 6
82.6661 4
82.6709 6
82.6709 4
82.6733 6
82.6733 4
82.6757 6
82.6757 4
82.6781 6
82.6781 4
82.6805 6
82.6805 4
82.683 6
82.683 4
82.702 6
82.702 4
82.7067 6
82.7067 4
82.7258 6
82.7258 4
82.7305 6
82.7305 4
82.7496 6
82.7496 4
82.7543 6
82.7543 4
82.7734 6
82.7734 4
82.778 6
82.778 4
82.7971 6
82.7971 4
82.8018 6
82.8018 4
82.8209 6
82.8209 4
82.8256 6
82.8256 4
82.8447 6
82.8447 4
82.8494 6
82.8494 4
82.8685 6
82.8685 4
82.8731 6
82.8731 4
82.8922 33.5884
82.8922 29.0207
82.8969 28.5414
82.916 28.1222
82.9211 27.9744
82.9251 27.7362
82.9297 27.5269
82.9342 27.3439
82.9388 22.4095
82.9435 23.2072
82.9479 23.1064
82.9525 23.0373
82.9578 22.9772
82.9616 22.924
82.9728 22.9171
82.9783 22.8715
82.9838 22.8322
82.9892 22.7977
82.9947 22.7666
83.0012 24.7666
83.0313 24.7631
83.0357 24.6457
83.0403 24.634
83.0445 24.6243
83.0488 25.4579
83.062 25.3715
83.0707 25.3032
83.079 27.3032
83.0832 28.6347
83.1108 28.5988
83.1178 29.2666
83.1218 31.2666
83.1247 32.9282
83.1422 32.8923
83.1458 32.8128
83.1483 32.7424
83.1519 32.6816
83.1543 34.4696
83.1579 34.4199
83.1603 36.4199
83.1639 36.5877
83.188 38.5877
83.1904 38.6768
83.2084 39.2638
83.2204 37.2638
83.254 38.5539
83.3934 40.5539
83.4187 38.5539
83.5917 40.5539
83.6169 38.5539
83.7815 36.3025
83.79 38.3025
83.814 36.3025
83.9882 38.3025
84.0135 36.3025
84.0555 35.9731
84.1889 37.9731
84.2141 35.9731
84.3884 37.9731
84.4124 35.9731
84.5253 35.2997
84.5434 35.6126
84.583 37.6126
84.6082 35.6126
84.7813 37.6126
84.8077 35.6126
84.839 35.9731
84.9807 37.9731
85.006 35.9731
85.1826 37.9731
85.2078 35.9731
85.3773 34.9171
85.3797 36.9171
85.4049 34.9171
85.5791 36.9171
85.6044 34.9171
85.6536 35.2997
85.7798 37.2997
85.8062 35.2997
85.9805 37.2997
86.0057 35.2997
86.1847 37.2997
86.21 34.6547
86.3458 34.9171
86.3878 36.9171
86.413 34.9171
86.5873 36.9171
86.6113 34.9171
86.7916 36.9171
86.8156 34.9171
86.9261 34.2521
86.9934 36.2521
87.0175 34.2521
87.1532 32.424
87.1905 34.424
87.2157 32.424
87.3587 32.5318
87.3936 34.5318
87.4188 32.5318
87.5954 34.5318
87.6219 32.5318
87.7961 34.5318
87.8213 32.5318
87.9511 30.8108
88.0004 32.8108
88.0256 30.8108
88.2058 32.8108
88.2335 30.8108
88.4173 32.8108
88.4438 30.8108
88.4786 29.2921
88.63 31.2921
88.654 29.2921
88.8319 31.2921
88.8571 29.2921
89.0337 31.2921
89.0578 29.2921
89.1106 28.23
89.2404 30.23
89.2644 28.23
89.2921 27.3363
89.4459 29.3363
89.4723 27.3363
89.6574 29.3363
89.6814 27.3363
89.864 29.3363
89.8917 27.3363
89.9397 25.0753
90.0695 27.0753
90.0935 25.0753
90.275 27.0753
90.3002 25.0753
90.4793 27.0753
90.5033 25.0753
90.5514 24.7376
90.6847 26.7376
90.7088 24.7376
90.8025 23.3018
90.8938 25.3018
90.9227 23.3018
91.1137 25.3018
91.1425 23.3018
91.324 25.3018
91.3528 23.3018
91.4141 21.8943
91.5355 23.8943
91.5643 21.8943
91.5931 21.5925
91.7518 23.5925
91.7806 21.5925
91.9608 23.5925
91.9849 21.5925
92.0149 21.0704
92.1687 23.0704
92.1939 21.0704
92.3778 23.0704
92.4042 21.0704
92.4463 20.4862
92.5881 22.4862
92.6145 20.4862
92.6974 20.2099
92.7983 22.2099
92.826 20.2099
92.9546 20.7341
92.9618 21.0104
93.0137 23.0104
93.0644 23.5836
93.0692 24.326
93.1049 24.4399
93.1098 26.4399
93.1146 27.9282
93.1523 28.4903
93.1559 30.4903
93.1607 17.933
93.1607 4
93.1643 6
93.1643 4
93.1691 6
93.1691 4
93.1739 6
93.1739 4
93.1787 6
93.1787 4
93.1835 6
93.1835 4
93.1871 6
93.1871 4
93.2063 6
93.2063 4
93.2123 6
93.2123 4
93.2309 6
93.2309 4
93.2369 6
93.2369 4
93.2555 6
93.2555 4
93.2627 6
93.2627 4
93.2807 6
93.2807 4
93.2891 6
93.2891 4
93.3071 6
93.3071 4
93.318 6
93.318 4
93.3396 6
93.3396 4
93.3528 6
93.3528 4
93.3768 6
93.3768 4
93.3877 33.5884
93.3877 30.866
93.4766 32.866
93.5042 30.866
93.521 22.1181
93.5691 22.509
93.6941 24.509
93.7217 22.509
93.9055 24.509
93.9296 22.509
94.1206 24.509
94.1519 22.509
94.3297 22.1181
94.3417 24.1181
94.3706 22.1181
94.5532 24.1181
94.5772 22.1181
94.7623 24.1181
94.7911 22.1181
94.8488 22.7521
94.9798 24.7521
95.0074 22.7521
95.0651 23.087
95.1949 25.087
95.2213 23.087
95.4063 25.087
95.434 23.087
95.6178 25.087
95.6455 23.087
95.7188 22.7521
95.8017 23.3066
95.8293 25.3066
95.8557 23.3066
95.9014 23.4351
96.036 25.4351
96.0624 23.4351
96.2475 25.4351
96.2727 23.4351
96.3184 23.7963
96.4529 25.7963
96.4794 23.7963
96.5322 24.5635
96.662 26.5635
96.6884 24.5635
96.7461 24.5939
96.8723 26.5939
96.8975 24.5939
97.0814 26.5939
97.1066 24.5939
97.2905 26.5939
97.3157 24.5939
97.3878 24.2314
97.4995 26.2314
97.526 24.2314
97.7098 26.2314
97.7362 24.2314
97.9213 26.2314
97.9465 24.2314
98.1316 26.2314
98.158 24.2314
98.3431 26.2314
98.3695 24.2314
98.5545 26.2314
98.581 24.2314
98.766 26.2314
98.7925 24.2314
98.9775 26.2314
99.0039 24.2314
99.189 26.2314
99.2154 24.2314
99.4005 26.2314
99.4269 24.2314
99.6119 26.2314
99.6384 24.2314
99.8234 26.2314
99.8499 24.2314
