0.1 0.06688
0.2 0.09152
0.3 0.08736
0.4 0.08736
0.5 0.08736
0.6 0.09152
0.7 0.0832
0.8 0.09152
0.9 0.08736
1 0.08736
1.1 0.08736
1.2 0.09152
1.3 0.08736
1.4 0.08736
1.5 0.08736
1.6 0.08736
1.7 0.08736
1.8 0.08736
1.9 0.08736
2 0.08736
2.1 0.08736
2.2 0.08736
2.3 0.0832
2.4 0.09152
2.5 0.08736
2.6 0.08736
2.7 0.08736
2.8 0.08736
2.9 0.08736
3 0.09152
3.1 0.08736
3.2 0.08736
3.3 0.08736
3.4 0.08736
3.5 0.09152
3.6 0.09152
3.7 0.08736
3.8 0.09152
3.9 0.08736
4 0.08736
4.1 0.09152
4.2 0.09152
4.3 0.09152
4.4 0.09152
4.5 0.09152
4.6 0.09152
4.7 0.09152
4.8 0.09152
4.9 0.09152
5 0.09152
5.1 0.09152
5.2 0.09568
5.3 0.08736
5.4 0.09568
5.5 0.08736
5.6 0.08736
5.7 0.09152
5.8 0.08736
5.9 0.09152
6 0.08736
6.1 0.09568
6.2 0.0832
6.3 0.09152
6.4 0.09152
6.5 0.09152
6.6 0.08736
6.7 0.09152
6.8 0.09152
6.9 0.09152
7 0.09152
7.1 0.08736
7.2 0.09568
7.3 0.08736
7.4 0.09152
7.5 0.09568
7.6 0.08736
7.7 0.09152
7.8 0.09152
7.9 0.09568
8 0.08736
8.1 0.08736
8.2 0.09568
8.3 0.09152
8.4 0.09152
8.5 0.09152
8.6 0.09568
8.7 0.08736
8.8 0.09152
8.9 0.09152
9 0.09152
9.1 0.09152
9.2 0.09152
9.3 0.09568
9.4 0.09152
9.5 0.09152
9.6 0.09152
9.7 0.09568
9.8 0.09568
9.9 0.09152
10 0.09152
10.1 0.06656
10.2 0.03744
10.3 0.03744
10.4 0.08736
10.5 0.09568
10.6 0.09568
10.7 0.09568
10.8 0.09984
10.9 0.09568
11 0.09984
11.1 0.09984
11.2 0.09152
11.3 0.09984
11.4 0.09568
11.5 0.09568
11.6 0.09984
11.7 0.09568
11.8 0.09152
11.9 0.09568
12 0.09152
12.1 0.09568
12.2 0.09152
12.3 0.09568
12.4 0.09152
12.5 0.09152
12.6 0.09152
12.7 0.09152
12.8 0.09152
12.9 0.08736
13 0.09152
13.1 0.08736
13.2 0.08736
13.3 0.08736
13.4 0.08736
13.5 0.08736
13.6 0.08736
13.7 0.0832
13.8 0.0832
13.9 0.08736
14 0.0832
14.1 0.0832
14.2 0.0832
14.3 0.0832
14.4 0.07904
14.5 0.08736
14.6 0.0832
14.7 0.0832
14.8 0.0832
14.9 0.0832
15 0.0832
15.1 0.0832
15.2 0.0832
15.3 0.07904
15.4 0.0832
15.5 0.0832
15.6 0.0832
15.7 0.07904
15.8 0.08736
15.9 0.07904
16 0.08736
16.1 0.07904
16.2 0.08736
16.3 0.07904
16.4 0.0832
16.5 0.0832
16.6 0.07904
16.7 0.0832
16.8 0.07904
16.9 0.0832
17 0.07904
17.1 0.0832
17.2 0.07904
17.3 0.0832
17.4 0.07904
17.5 0.07904
17.6 0.0832
17.7 0.07904
17.8 0.07904
17.9 0.07904
18 0.07904
18.1 0.07904
18.2 0.07904
18.3 0.07488
18.4 0.0832
18.5 0.07904
18.6 0.07904
18.7 0.07904
18.8 0.0832
18.9 0.07904
19 0.07904
19.1 0.0832
19.2 0.07488
19.3 0.0832
19.4 0.07904
19.5 0.07904
19.6 0.07904
19.7 0.07904
19.8 0.07904
19.9 0.0832
20 0.07488
20.1 0.0832
20.2 0.07488
20.3 0.0832
20.4 0.07904
20.5 0.03744
20.6 0.03328
20.7 0.06656
20.8 0.0832
20.9 0.0832
21 0.0832
21.1 0.0832
21.2 0.0832
21.3 0.0832
21.4 0.0832
21.5 0.0832
21.6 0.08736
21.7 0.0832
21.8 0.0832
21.9 0.0832
22 0.0832
22.1 0.08736
22.2 0.0832
22.3 0.0832
22.4 0.08736
22.5 0.0832
22.6 0.0832
22.7 0.08736
22.8 0.0832
22.9 0.0832
23 0.0832
23.1 0.0832
23.2 0.08736
23.3 0.0832
23.4 0.0832
23.5 0.08736
23.6 0.0832
23.7 0.0832
23.8 0.0832
23.9 0.0832
24 0.08736
24.1 0.0832
24.2 0.0832
24.3 0.08736
24.4 0.07904
24.5 0.08736
24.6 0.0832
24.7 0.08736
24.8 0.0832
24.9 0.0832
25 0.0832
25.1 0.08736
25.2 0.0832
25.3 0.0832
25.4 0.0832
25.5 0.0832
25.6 0.08736
25.7 0.0832
25.8 0.08736
25.9 0.0832
26 0.0832
26.1 0.08736
26.2 0.0832
26.3 0.0832
26.4 0.0832
26.5 0.0832
26.6 0.07904
26.7 0.08736
26.8 0.0832
26.9 0.0832
27 0.07904
27.1 0.0832
27.2 0.0832
27.3 0.0832
27.4 0.0832
27.5 0.07904
27.6 0.0832
27.7 0.0832
27.8 0.07904
27.9 0.0832
28 0.0832
28.1 0.07904
28.2 0.0832
28.3 0.0832
28.4 0.0832
28.5 0.07904
28.6 0.08736
28.7 0.0832
28.8 0.0832
28.9 0.08736
29 0.07904
29.1 0.08736
29.2 0.0832
29.3 0.0832
29.4 0.07904
29.5 0.08736
29.6 0.07904
29.7 0.08736
29.8 0.07904
29.9 0.0832
30 0.07904
30.1 0.08736
30.2 0.07904
30.3 0.0832
30.4 0.0832
30.5 0.0832
30.6 0.07904
30.7 0.07904
30.8 0.07488
30.9 0.03744
31 0.03328
31.1 0.06656
31.2 0.07488
31.3 0.0832
31.4 0.08736
31.5 0.0832
31.6 0.08736
31.7 0.0832
31.8 0.0832
31.9 0.08736
32 0.0832
32.1 0.08736
32.2 0.08736
32.3 0.08736
32.4 0.08736
32.5 0.08736
32.6 0.08736
32.7 0.08736
32.8 0.08736
32.9 0.09152
33 0.08736
33.1 0.08736
33.2 0.09152
33.3 0.09152
33.4 0.08736
33.5 0.08736
33.6 0.08736
33.7 0.08736
33.8 0.09152
33.9 0.08736
34 0.08736
34.1 0.08736
34.2 0.08736
34.3 0.08736
34.4 0.08736
34.5 0.09152
34.6 0.08736
34.7 0.08736
34.8 0.09152
34.9 0.09152
35 0.08736
35.1 0.09152
35.2 0.08736
35.3 0.08736
35.4 0.09152
35.5 0.08736
35.6 0.09152
35.7 0.08736
35.8 0.09152
35.9 0.09152
36 0.08736
36.1 0.08736
36.2 0.09568
36.3 0.08736
36.4 0.09152
36.5 0.09152
36.6 0.09152
36.7 0.09152
36.8 0.09152
36.9 0.09152
37 0.09152
37.1 0.09152
37.2 0.09152
37.3 0.09152
37.4 0.09152
37.5 0.09152
37.6 0.09152
37.7 0.09568
37.8 0.08736
37.9 0.09568
38 0.08736
38.1 0.09568
38.2 0.08736
38.3 0.09152
38.4 0.09152
38.5 0.08736
38.6 0.09568
38.7 0.09152
38.8 0.09152
38.9 0.09152
39 0.09568
39.1 0.09152
39.2 0.09152
39.3 0.08736
39.4 0.09568
39.5 0.09152
39.6 0.09152
39.7 0.08736
39.8 0.09568
39.9 0.09152
40 0.09152
40.1 0.09152
40.2 0.08736
40.3 0.09152
40.4 0.09568
40.5 0.09152
40.6 0.09152
40.7 0.09152
40.8 0.09152
40.9 0.09568
41 0.08736
41.1 0.09568
41.2 0.08736
41.3 0.04992
41.4 0.03744
41.5 0.02912
41.6 0.03328
41.7 0.03744
41.8 0.03328
41.9 0.03744
42 0.0416
42.1 0.03328
42.2 0.0416
42.3 0.0416
42.4 0.0416
42.5 0.0416
42.6 0.04576
42.7 0.0416
42.8 0.04576
42.9 0.0416
43 0.04992
43.1 0.0416
43.2 0.04576
43.3 0.04576
43.4 0.04576
43.5 0.05408
43.6 0.04576
43.7 0.04992
43.8 0.05408
43.9 0.04992
44 0.05408
44.1 0.04992
44.2 0.05408
44.3 0.04992
44.4 0.05824
44.5 0.05824
44.6 0.05824
44.7 0.0624
44.8 0.0624
44.9 0.0624
45 0.0624
45.1 0.0624
45.2 0.0624
45.3 0.07072
45.4 0.06656
45.5 0.07488
45.6 0.07072
45.7 0.07488
45.8 0.07488
45.9 0.07488
46 0.07904
46.1 0.07904
46.2 0.0832
46.3 0.07904
46.4 0.0832
46.5 0.07904
46.6 0.0832
46.7 0.0832
46.8 0.08736
46.9 0.09152
47 0.08736
47.1 0.09152
47.2 0.09152
47.3 0.09568
47.4 0.09152
47.5 0.09152
47.6 0.09568
47.7 0.09568
47.8 0.09568
47.9 0.09152
48 0.09984
48.1 0.09568
48.2 0.09984
48.3 0.09568
48.4 0.09984
48.5 0.09984
48.6 0.09984
48.7 0.09984
48.8 0.104
48.9 0.09568
49 0.104
49.1 0.09984
49.2 0.104
49.3 0.104
49.4 0.09568
49.5 0.10816
49.6 0.104
49.7 0.104
49.8 0.09984
49.9 0.10816
50 0.104
50.1 0.10816
50.2 0.104
50.3 0.104
50.4 0.104
50.5 0.104
50.6 0.10816
50.7 0.104
50.8 0.10816
50.9 0.10816
51 0.104
51.1 0.10816
51.2 0.10816
51.3 0.10816
51.4 0.104
51.5 0.11232
51.6 0.03328
51.7 0.03744
51.8 0.07072
51.9 0.12064
52 0.10816
52.1 0.11232
52.2 0.11232
52.3 0.10816
52.4 0.10816
52.5 0.10816
52.6 0.10816
52.7 0.09984
52.8 0.10816
52.9 0.09984
53 0.104
53.1 0.09984
53.2 0.10816
53.3 0.09984
53.4 0.104
53.5 0.09984
53.6 0.09984
53.7 0.104
53.8 0.104
53.9 0.09984
54 0.09984
54.1 0.09984
54.2 0.09568
54.3 0.09568
54.4 0.09568
54.5 0.09152
54.6 0.09984
54.7 0.09568
54.8 0.09568
54.9 0.09152
55 0.09568
55.1 0.09568
55.2 0.09568
55.3 0.08736
55.4 0.09568
55.5 0.09152
55.6 0.09152
55.7 0.09152
55.8 0.09152
55.9 0.09152
56 0.09152
56.1 0.09152
56.2 0.09152
56.3 0.09152
56.4 0.09152
56.5 0.09152
56.6 0.08736
56.7 0.09568
56.8 0.08736
56.9 0.09152
57 0.09152
57.1 0.09152
57.2 0.08736
57.3 0.09152
57.4 0.09152
57.5 0.09152
57.6 0.08736
57.7 0.09568
57.8 0.09152
57.9 0.08736
58 0.09568
58.1 0.08736
58.2 0.09152
58.3 0.08736
58.4 0.09568
58.5 0.08736
58.6 0.09152
58.7 0.09152
58.8 0.08736
58.9 0.09152
59 0.09152
59.1 0.09152
59.2 0.09152
59.3 0.09152
59.4 0.08736
59.5 0.09568
59.6 0.08736
59.7 0.09568
59.8 0.08736
59.9 0.09152
60 0.08736
60.1 0.09152
60.2 0.09152
60.3 0.08736
60.4 0.09568
60.5 0.08736
60.6 0.09152
60.7 0.09152
60.8 0.09152
60.9 0.09152
61 0.09152
61.1 0.08736
61.2 0.09568
61.3 0.08736
61.4 0.09152
61.5 0.08736
61.6 0.09568
61.7 0.08736
61.8 0.09152
61.9 0.09152
62 0.0416
62.1 0.03328
62.2 0.05408
62.3 0.0832
62.4 0.10816
62.5 0.14144
62.6 0.13728
62.7 0.13312
62.8 0.13728
62.9 0.13312
63 0.13728
63.1 0.13312
63.2 0.13312
63.3 0.12896
63.4 0.13312
63.5 0.13728
63.6 0.12896
63.7 0.13312
63.8 0.1248
63.9 0.13312
64 0.1248
64.1 0.12896
64.2 0.1248
64.3 0.1248
64.4 0.1248
64.5 0.1248
64.6 0.12064
64.7 0.1248
64.8 0.11648
64.9 0.1248
65 0.11648
65.1 0.11648
65.2 0.11648
65.3 0.11648
65.4 0.11648
65.5 0.11648
65.6 0.11648
65.7 0.11648
65.8 0.11232
65.9 0.11648
66 0.11232
66.1 0.10816
66.2 0.11648
66.3 0.10816
66.4 0.10816
66.5 0.10816
66.6 0.10816
66.7 0.104
66.8 0.104
66.9 0.104
67 0.104
67.1 0.10816
67.2 0.09984
67.3 0.09984
67.4 0.09984
67.5 0.09984
67.6 0.09984
67.7 0.09568
67.8 0.09568
67.9 0.09984
68 0.09152
68.1 0.09568
68.2 0.09152
68.3 0.09152
68.4 0.09568
68.5 0.08736
68.6 0.09152
68.7 0.0832
68.8 0.09152
68.9 0.07904
69 0.08736
69.1 0.0832
69.2 0.0832
69.3 0.0832
69.4 0.07904
69.5 0.0832
69.6 0.07904
69.7 0.07904
69.8 0.07904
69.9 0.07904
70 0.07488
70.1 0.07072
70.2 0.07904
70.3 0.07488
70.4 0.07072
70.5 0.07072
70.6 0.07488
70.7 0.07072
70.8 0.06656
70.9 0.07488
71 0.06656
71.1 0.07072
71.2 0.07072
71.3 0.06656
71.4 0.06656
71.5 0.06656
71.6 0.06656
71.7 0.06656
71.8 0.0624
71.9 0.07072
72 0.0624
72.1 0.06656
72.2 0.06656
72.3 0.09152
72.4 0.09152
72.5 0.04992
72.6 0.03328
72.7 0.04576
72.8 0.07072
72.9 0.06656
73 0.05824
73.1 0.06656
73.2 0.0624
73.3 0.0624
73.4 0.07488
73.5 0.06656
73.6 0.07072
73.7 0.07072
73.8 0.06656
73.9 0.07072
74 0.07072
74.1 0.07072
74.2 0.07072
74.3 0.07072
74.4 0.07488
74.5 0.07072
74.6 0.07072
74.7 0.07488
74.8 0.07072
74.9 0.07072
75 0.07072
75.1 0.07072
75.2 0.07488
75.3 0.07072
75.4 0.07072
75.5 0.07072
75.6 0.07488
75.7 0.07072
75.8 0.07488
75.9 0.07488
76 0.07904
76.1 0.07072
76.2 0.07904
76.3 0.07488
76.4 0.07904
76.5 0.07904
76.6 0.07904
76.7 0.07904
76.8 0.07904
76.9 0.07904
77 0.07904
77.1 0.0832
77.2 0.0832
77.3 0.0832
77.4 0.07904
77.5 0.08736
77.6 0.0832
77.7 0.0832
77.8 0.0832
77.9 0.0832
78 0.08736
78.1 0.0832
78.2 0.08736
78.3 0.0832
78.4 0.08736
78.5 0.08736
78.6 0.0832
78.7 0.08736
78.8 0.08736
78.9 0.08736
79 0.08736
79.1 0.08736
79.2 0.0832
79.3 0.09152
79.4 0.0832
79.5 0.09152
79.6 0.0832
79.7 0.09152
79.8 0.0832
79.9 0.09152
80 0.0832
80.1 0.08736
80.2 0.0832
80.3 0.09152
80.4 0.0832
80.5 0.08736
80.6 0.08736
80.7 0.08736
80.8 0.08736
80.9 0.08736
81 0.08736
81.1 0.0832
81.2 0.08736
81.3 0.08736
81.4 0.08736
81.5 0.08736
81.6 0.08736
81.7 0.08736
81.8 0.0832
81.9 0.08736
82 0.08736
82.1 0.08736
82.2 0.09152
82.3 0.0832
82.4 0.09152
82.5 0.0832
82.6 0.09152
82.7 0.07904
82.8 0.03328
82.9 0.03328
83 0.07904
83.1 0.09568
83.2 0.13312
83.3 0.13728
83.4 0.13728
83.5 0.13312
83.6 0.14144
83.7 0.13312
83.8 0.13312
83.9 0.13312
84 0.13312
84.1 0.13728
84.2 0.13312
84.3 0.13312
84.4 0.13728
84.5 0.13312
84.6 0.13312
84.7 0.12896
84.8 0.13312
84.9 0.13312
85 0.13312
85.1 0.12896
85.2 0.13312
85.3 0.13312
85.4 0.13312
85.5 0.13312
85.6 0.12896
85.7 0.12896
85.8 0.13312
85.9 0.12896
86 0.13312
86.1 0.12896
86.2 0.13312
86.3 0.1248
86.4 0.13312
86.5 0.1248
86.6 0.12896
86.7 0.1248
86.8 0.12064
86.9 0.1248
87 0.12064
87.1 0.1248
87.2 0.12064
87.3 0.11648
87.4 0.12064
87.5 0.11648
87.6 0.11648
87.7 0.10816
87.8 0.11232
87.9 0.11232
88 0.11232
88.1 0.104
88.2 0.11232
88.3 0.09984
88.4 0.11232
88.5 0.10816
88.6 0.104
88.7 0.104
88.8 0.09984
88.9 0.104
89 0.09568
89.1 0.09984
89.2 0.09568
89.3 0.09984
89.4 0.09152
89.5 0.09152
89.6 0.09568
89.7 0.09152
89.8 0.09152
89.9 0.09152
90 0.08736
90.1 0.08736
90.2 0.0832
90.3 0.0832
90.4 0.07904
90.5 0.0832
90.6 0.07488
90.7 0.07904
90.8 0.07904
90.9 0.07488
91 0.07488
91.1 0.07904
91.2 0.07488
91.3 0.07488
91.4 0.07488
91.5 0.07072
91.6 0.07488
91.7 0.06656
91.8 0.07488
91.9 0.06656
92 0.07072
92.1 0.06656
92.2 0.06656
92.3 0.06656
92.4 0.06656
92.5 0.06656
92.6 0.07072
92.7 0.0624
92.8 0.06656
92.9 0.06656
93 0.09152
93.1 0.08736
93.2 0.0832
93.3 0.03328
93.4 0.02496
93.5 0.06656
93.6 0.07072
93.7 0.0624
93.8 0.05824
93.9 0.0624
94 0.05824
94.1 0.0624
94.2 0.07488
94.3 0.06656
94.4 0.07072
94.5 0.07072
94.6 0.07072
94.7 0.07072
94.8 0.07488
94.9 0.07488
95 0.07488
95.1 0.07488
95.2 0.07488
95.3 0.07904
95.4 0.07488
95.5 0.07488
95.6 0.07904
95.7 0.07488
95.8 0.07904
95.9 0.07904
96 0.07904
96.1 0.07904
96.2 0.07488
96.3 0.0832
96.4 0.07904
96.5 0.0832
96.6 0.07904
96.7 0.0832
96.8 0.0832
96.9 0.07904
97 0.07904
97.1 0.0832
97.2 0.07904
97.3 0.0832
97.4 0.0832
97.5 0.07904
97.6 0.07904
97.7 0.08736
97.8 0.07904
97.9 0.07904
98 0.0832
98.1 0.0832
98.2 0.07904
98.3 0.07904
98.4 0.0832
98.5 0.07904
98.6 0.07904
98.7 0.07904
98.8 0.0832
98.9 0.07904
99 0.0832
99.1 0.07904
99.2 0.0832
99.3 0.07904
99.4 0.07904
99.5 0.07904
99.6 0.0832
99.7 0.07904
99.8 0.0832
99.9 0.0832
100 0.0832
