0.0201578 10
0.042811 11
0.0476174 13
0.0524238 15
0.0572302 17
0.0620366 19
0.072851 21
0.0776574 23
0.0824638 25
0.0872702 27
0.305961 28.4006
0.361235 23.1941
0.411702 21.1941
0.444145 21.6443
0.578725 23.6443
0.599152 21.6443
0.754158 23.6443
0.77819 21.6443
0.813037 21.1395
0.816641 21.1941
0.9356 23.1941
0.959632 21.1941
1.11824 23.1941
1.14228 21.1941
1.17111 21.6443
1.30449 23.6443
1.32852 21.6443
1.48954 23.6443
1.51477 21.6443
1.67579 23.6443
1.69982 21.6443
1.74788 22.0311
1.86444 24.0311
1.88847 22.0311
2.05309 24.0311
2.07712 22.0311
2.24054 24.0311
2.25496 23.9979
2.26457 21.9979
2.42919 23.9979
2.45322 21.9979
2.61904 23.9979
2.64307 21.6443
2.80048 23.6443
2.82452 21.6443
2.98553 23.6443
3.00596 21.6443
3.16337 23.6443
3.1874 21.6443
3.34 23.6443
3.36403 21.6443
3.51904 23.6443
3.54307 21.6443
3.70168 23.6443
3.72572 21.6443
3.74134 21.2742
3.87952 23.2742
3.89995 21.2742
4.05976 23.2742
4.08019 21.2742
4.23279 23.2742
4.25322 21.2742
4.40943 23.2742
4.43105 21.2742
4.49234 20.9206
4.58846 22.9206
4.60889 20.9206
4.76029 22.9206
4.78072 20.9206
4.82518 20.8515
4.94053 22.8515
4.96096 20.8515
5.01023 20.9206
5.11476 22.9206
5.13519 20.9206
5.18446 21.2742
5.2938 23.2742
5.31423 21.2742
5.47524 23.2742
5.49567 21.2742
5.65068 23.2742
5.67111 21.2742
5.82972 23.2742
5.85375 21.2742
5.89701 21.6443
6.00755 23.6443
6.03279 21.6443
6.1926 23.6443
6.21663 21.6443
6.37284 23.6443
6.39327 21.6443
6.41249 21.2742
6.54948 23.2742
6.5699 21.2742
6.72611 23.2742
6.74654 21.2742
6.89674 23.2742
6.91716 21.2742
6.97244 20.9206
7.06977 22.9206
7.095 20.9206
7.14186 21.2742
7.25361 23.2742
7.27404 21.2742
7.42544 23.2742
7.44587 21.2742
7.59847 23.2742
7.6189 21.2742
7.67417 20.9206
7.77751 22.9206
7.79794 20.9206
7.8412 21.2742
7.95415 23.2742
7.97457 21.2742
8.12597 23.2742
8.1464 21.2742
8.30381 23.2742
8.32424 21.2742
8.38552 20.9206
8.48285 22.9206
8.50328 20.9206
8.55254 21.2742
8.65828 23.2742
8.67871 21.2742
8.83492 23.2742
8.85535 21.2742
9.01276 23.2742
9.03318 21.2742
9.09567 20.9206
9.19179 22.9206
9.21342 20.9206
9.36843 22.9206
9.39006 20.9206
9.54627 22.9206
9.56669 20.9206
9.71689 22.9206
9.73852 20.9206
9.89954 22.9206
9.92116 20.9206
10.0233 22.9206
10.0233 4
10.0269 6
10.0269 4
10.0317 6
10.0317 4
10.0353 6
10.0353 4
10.0401 6
10.0401 4
10.0449 6
10.0449 4
10.0497 6
10.0497 4
10.0545 6
10.0545 4
10.0606 6
10.0606 4
10.0666 6
10.0666 4
10.0846 6
10.0846 4
10.0906 6
10.0906 4
10.1086 6
10.1086 4
10.1146 6
10.1146 4
10.1326 6
10.1326 4
10.1386 6
10.1386 4
10.1566 6
10.1566 4
10.1626 6
10.1626 4
10.1806 6
10.1806 4
10.1866 6
10.1866 4
10.2046 6
10.2046 4
10.2106 6
10.2106 4
10.2286 6
10.2286 4
10.2346 6
10.2346 4
10.2526 6
10.2526 4
10.2586 20.9206
10.2586 22.9206
10.2766 12.1119
10.2826 12.0228
10.2876 14.0228
10.2927 16.0228
10.298 18.0228
10.3088 20.0228
10.3195 22.0228
10.3257 24.0228
10.3317 24.0401
10.3377 23.9344
10.3437 23.8163
10.3485 23.7134
10.3545 23.7065
10.3593 24.3909
10.393 25.5401
10.4302 23.5401
10.6249 25.5401
10.6537 23.5401
10.846 25.5401
10.8772 23.5401
10.8929 23.0394
10.9193 24.8646
11.0659 26.8646
11.0959 24.8646
11.2846 26.8646
11.3146 24.8646
11.5129 26.8646
11.5381 24.8646
11.5429 24.7203
11.7364 26.7203
11.7616 24.7203
11.7929 24.3681
11.8073 24.7203
11.9503 26.7203
11.9779 24.7203
12.0224 24.9717
12.1678 26.9717
12.1966 24.9717
12.2362 25.2942
12.3852 27.2942
12.4129 25.2942
12.5991 27.2942
12.6268 25.2942
12.6616 25.4641
12.813 27.4641
12.8394 25.4641
12.8779 26.0815
13.0377 28.0815
13.0629 26.0815
13.1026 26.2369
13.248 28.2369
13.2744 26.2369
13.3297 26.6305
13.4619 28.6305
13.4883 26.6305
13.5244 26.9206
13.683 28.9206
13.7106 26.9206
13.7491 27.462
13.9029 29.462
13.9305 27.462
14.1204 29.462
14.1456 27.462
14.339 29.462
14.3643 27.462
14.5577 29.462
14.5854 27.462
14.7752 29.462
14.8017 27.462
14.9915 29.462
15.0179 27.462
15.2078 29.462
15.2354 27.462
15.4229 29.462
15.4481 27.462
15.6404 29.462
15.6692 27.462
15.8627 29.462
15.8891 27.462
16.079 29.462
16.1042 27.462
16.1402 27.9026
16.294 29.9026
16.3193 27.9026
16.5091 29.9026
16.5344 27.9026
16.7242 29.9026
16.7495 27.9026
16.7711 27.462
16.7855 27.9026
16.9417 29.9026
16.9705 27.9026
17.0018 28.3612
17.1628 30.3612
17.1904 28.3612
17.2397 28.6126
17.3779 30.6126
17.4055 28.6126
17.593 30.6126
17.6182 28.6126
17.8057 30.6126
17.8309 28.6126
17.8645 28.1581
17.8729 28.6126
18.0123 30.6126
18.0376 28.6126
18.2262 30.6126
18.2539 28.6126
18.4389 30.6126
18.4677 28.6126
18.6516 30.6126
18.6804 28.6126
18.8655 30.6126
18.8943 28.6126
19.0794 30.6126
19.1082 28.6126
19.2932 30.6126
19.3221 28.6126
19.5071 30.6126
19.536 28.6126
19.721 30.6126
19.7498 28.6126
19.9349 30.6126
19.9637 28.6126
20.1488 30.6126
20.1776 28.6126
20.3627 30.6126
20.3627 4
20.3675 6
20.3675 4
20.3723 6
20.3723 4
20.3771 6
20.3771 4
20.3819 6
20.3819 4
20.3867 6
20.3867 4
20.3915 6
20.3915 4
20.3951 6
20.3951 4
20.3987 6
20.3987 4
20.4023 6
20.4023 4
20.4059 6
20.4059 4
20.4107 6
20.4107 4
20.4143 6
20.4143 4
20.4179 6
20.4179 4
20.4379 6
20.4379 4
20.4425 6
20.4425 4
20.4616 6
20.4616 4
20.4664 6
20.4664 4
20.4852 6
20.4852 4
20.4904 6
20.4904 4
20.5088 6
20.5088 4
20.5144 6
20.5144 4
20.5324 6
20.5324 4
20.5385 6
20.5385 4
20.556 6
20.556 4
20.5625 6
20.5625 4
20.5796 6
20.5796 4
20.5865 6
20.5865 4
20.6033 6
20.6033 4
20.6106 6
20.6106 4
20.6271 28.6126
20.6271 28.9275
20.6346 28.5256
20.651 28.0663
20.6558 27.7721
20.6606 27.5145
20.6654 27.3971
20.6702 27.2949
20.6741 20.2811
20.6789 21.8646
20.6837 23.0877
20.6885 22.9779
20.6926 22.8812
20.6974 23.2521
20.7036 23.1761
20.7094 25.1105
20.715 25.0525
20.7206 25.0014
20.7315 24.9993
20.7363 24.9551
20.7592 26.9551
20.764 27.8218
20.8012 28.0739
20.8241 26.0739
20.8289 26.6761
21.0175 28.6761
21.0452 26.6761
21.235 26.5166
21.2398 28.5166
21.2675 26.5166
21.3468 26.8087
21.4585 28.8087
21.4861 26.8087
21.682 28.8087
21.7108 26.8087
21.9019 28.8087
21.9307 26.8087
21.9536 26.1347
22.1278 28.1347
22.1554 26.1347
22.2924 26.0739
22.3537 28.0739
22.3813 26.0739
22.4654 26.5656
22.5736 28.5656
22.6012 26.5656
22.7947 28.5656
22.8223 26.5656
23.0146 28.5656
23.0422 26.5656
23.1059 26.1347
23.2381 28.1347
23.2657 26.1347
23.3246 26.4717
23.458 28.4717
23.4868 26.4717
23.6791 28.4717
23.7067 26.4717
23.899 28.4717
23.9218 28.1347
23.9266 26.1347
24.1188 28.1347
24.1465 26.1347
24.1994 26.8847
24.3387 28.8847
24.3676 26.8847
24.5622 28.8847
24.5875 26.8847
24.7821 28.8847
24.8086 26.8847
24.9984 28.8847
25.0249 26.8847
25.2195 28.8847
25.2447 26.8847
25.4346 28.8847
25.461 26.8847
25.6521 28.8847
25.6773 26.8847
25.8708 28.8847
25.8972 26.8847
26.0907 28.8847
26.1159 26.8847
26.3118 28.8847
26.3214 28.5656
26.3382 26.5656
26.3779 26.8847
26.5293 28.8847
26.5569 26.8847
26.7443 28.8847
26.7696 26.8847
26.9558 28.8847
26.9726 28.8729
26.9811 26.8729
27.0207 27.4903
27.1709 29.4903
27.1961 27.4903
27.386 29.4903
27.4112 27.4903
27.5999 29.4903
27.6215 28.8847
27.6251 26.8847
27.7861 27.0152
27.815 29.0152
27.8414 27.0152
27.8799 27.2714
27.8955 27.3135
28.0265 29.3135
28.0517 27.3135
28.2439 29.3135
28.2716 27.3135
28.459 29.3135
28.4843 27.3135
28.4915 26.8847
28.6765 28.8847
28.7054 26.8847
28.8964 28.8847
28.9228 26.8847
29.1103 28.8847
29.1355 26.8847
29.3242 28.8847
29.3494 26.8847
29.5381 28.8847
29.5597 28.8729
29.5633 26.8729
29.7544 28.8729
29.7796 26.8729
29.8192 27.558
29.9694 29.558
29.9947 27.558
30.1833 29.558
30.2098 27.558
30.3984 29.558
30.4248 27.558
30.4333 27.3135
30.6123 29.3135
30.6375 27.3135
30.6688 26.8847
30.7373 28.8847
30.7373 4
30.7421 6
30.7421 4
30.7469 6
30.7469 4
30.7505 6
30.7505 4
30.7553 6
30.7553 4
30.7601 6
30.7601 4
30.7649 6
30.7649 4
30.7685 6
30.7685 4
30.7733 6
30.7733 4
30.7781 6
30.7781 4
30.7829 6
30.7829 4
30.7865 6
30.7865 4
30.7913 6
30.7913 4
30.8103 6
30.8103 4
30.8152 6
30.8152 4
30.834 6
30.834 4
30.8392 6
30.8392 4
30.8577 6
30.8577 4
30.8632 6
30.8632 4
30.8814 6
30.8814 4
30.8872 6
30.8872 4
30.9052 6
30.9052 4
30.9112 6
30.9112 4
30.9289 6
30.9289 4
30.9352 6
30.9352 4
30.9526 6
30.9526 4
30.9592 6
30.9592 4
30.9763 6
30.9763 4
30.9832 28.6126
30.9832 30.0242
31.0001 12.5753
31.0073 12.4572
31.0113 14.4572
31.0158 16.4572
31.0203 18.4572
31.0297 20.4572
31.0423 21.701
31.0612 21.6678
31.067 21.5186
31.0732 21.4682
31.0919 21.4047
31.098 21.2887
31.1042 21.2673
31.1104 21.2493
31.1166 21.1519
31.1228 21.0677
31.1363 23.0677
31.1699 23.0283
31.1749 24.8515
31.1799 24.7838
31.1848 24.7244
31.1898 24.6727
31.1948 24.6278
31.1996 24.5877
31.2044 24.5532
31.2333 26.5532
31.2381 27.2535
31.2753 28.0035
31.2946 26.0035
31.4916 28.0035
31.5205 26.0035
31.6899 25.8322
31.7139 27.8322
31.7428 25.8322
31.9362 27.8322
31.9651 25.8322
32.1549 27.7728
32.1837 25.7728
32.3772 27.7728
32.406 25.7728
32.4938 25.2535
32.5959 27.2535
32.6211 25.2535
32.7881 24.8405
32.8182 26.8405
32.847 24.8405
32.8915 24.8715
33.0357 26.8715
33.0645 24.8715
33.258 26.8715
33.2832 24.8715
33.4695 26.8715
33.4983 24.8715
33.5355 25.2535
33.6942 27.2535
33.7194 25.2535
33.9153 27.2535
33.9405 25.2535
34.1315 27.2535
34.1604 25.2535
34.355 27.2535
34.3803 25.2535
34.5713 27.2535
34.5966 25.2535
34.7888 27.2535
34.814 25.2535
35.0063 27.2535
35.0315 25.2535
35.0796 24.8715
35.225 26.8715
35.2454 26.5035
35.2502 24.5035
35.3019 25.2535
35.4341 27.2535
35.4593 25.2535
35.6492 27.2535
35.6744 25.2535
35.8642 27.2535
35.8895 25.2535
36.012 24.5035
36.0769 26.5035
36.1022 24.5035
36.1598 24.8715
36.2872 26.8715
36.3124 24.8715
36.5047 26.8715
36.5311 24.8715
36.7198 26.8715
36.745 24.8715
36.7558 24.5035
36.9361 26.5035
36.9613 24.5035
37.15 26.5035
37.1752 24.5035
37.2341 24.8715
37.359 26.8715
37.3843 24.8715
37.5729 26.8715
37.5982 24.8715
37.788 26.8715
37.8144 24.8715
37.8865 24.5035
38.0019 26.5035
38.0283 24.5035
38.217 26.5035
38.2422 24.5035
38.3011 24.8715
38.4261 26.8715
38.4513 24.8715
38.6399 26.8715
38.6652 24.8715
38.855 26.8715
38.8815 24.8715
38.9536 24.5035
39.0689 26.5035
39.0953 24.5035
39.284 26.5035
39.3092 24.5035
39.3681 24.8715
39.4931 26.8715
39.5183 24.8715
39.707 26.8715
39.7322 24.8715
39.922 26.8715
39.9485 24.8715
40.0206 24.5035
40.1359 26.5035
40.1624 24.5035
40.351 26.5035
40.3763 24.5035
40.4351 24.8715
40.5601 26.8715
40.5853 24.8715
40.774 26.8715
40.7992 24.8715
40.9891 26.8715
41.0155 24.8715
41.0876 24.5035
41.203 26.5035
41.209 27.9033
41.209 4
41.2138 6
41.2138 4
41.2186 6
41.2186 4
41.2234 6
41.2234 4
41.2294 6
41.2294 4
41.2342 6
41.2342 4
41.239 6
41.239 4
41.2426 6
41.2426 4
41.245 6
41.245 4
41.2474 6
41.2474 4
41.2498 6
41.2498 4
41.2522 6
41.2522 4
41.2738 6
41.2738 4
41.2784 6
41.2784 4
41.2976 6
41.2976 4
41.3022 6
41.3022 4
41.3214 6
41.3214 4
41.3259 6
41.3259 4
41.3452 6
41.3452 4
41.3497 6
41.3497 4
41.3689 6
41.3689 4
41.3735 6
41.3735 4
41.3927 6
41.3927 4
41.3973 6
41.3973 4
41.4165 6
41.4165 4
41.4211 6
41.4211 4
41.4403 6
41.4403 4
41.4449 6
41.4449 4
41.4641 28.6126
41.4641 28.5394
41.4686 28.2196
41.4878 27.8308
41.4926 27.5994
41.497 27.288
41.5016 27.125
41.5068 26.982
41.5107 22.5173
41.5153 23.1229
41.5199 24.9523
41.5244 24.8936
41.5291 24.8425
41.5336 25.2673
41.5486 25.2327
41.5532 25.1968
41.5616 25.1264
41.5659 25.0953
41.5705 25.3619
41.5752 27.3619
41.5788 29.0041
41.583 28.9993
41.5876 28.9952
41.5958 28.9738
41.5997 28.8584
41.6067 28.7693
41.6136 30.7693
41.6173 31.0829
41.6277 31.0773
41.6412 31.0925
41.6448 31.0048
41.6474 32.2362
41.6537 32.3612
41.6573 33.2203
41.6609 35.2203
41.6633 36.9662
41.6733 37.4151
41.6793 37.4876
41.6817 37.4744
41.6973 38.8336
41.7117 39.6001
41.7262 38.1022
41.9016 40.1022
41.9256 38.1022
42.0999 40.1022
42.1251 38.1022
42.2068 37.317
42.2981 39.317
42.3221 37.317
42.5 39.317
42.524 37.317
42.667 35.3384
42.6994 37.3384
42.7259 35.3384
42.9037 37.3384
42.929 35.3384
42.9482 34.3405
43.102 34.5573
43.108 36.5573
43.1344 34.5573
43.3111 36.5573
43.3171 37.2293
43.3375 35.2293
43.5153 37.2293
43.5418 35.2293
43.7196 37.2293
43.7436 35.2293
43.9179 37.2293
43.9419 35.2293
43.9479 33.7417
44.1137 35.7417
44.1378 33.7417
44.175 32.6146
44.3144 34.6146
44.3396 32.6146
44.5175 34.6146
44.5427 32.6146
44.5715 31.6015
44.7193 33.6015
44.7458 31.6015
44.926 33.6015
44.9524 31.6015
44.9633 31.0801
45.1387 33.0801
45.1651 31.0801
45.1928 29.5463
45.3382 31.5463
45.3658 29.5463
45.5436 31.5463
45.5689 29.5463
45.7431 31.5463
45.7671 29.5463
45.8308 28.951
45.9486 30.951
45.9726 28.951
46.0159 27.5691
46.1553 29.5691
46.1829 27.5691
46.3679 29.5691
46.3944 27.5691
46.422 27.1436
46.5818 29.1436
46.5998 28.3384
46.6095 26.3384
46.6623 25.6671
46.7897 27.6671
46.8137 25.6671
46.9976 27.6671
47.0216 25.6671
47.0757 25.2845
47.1958 27.2845
47.2211 25.2845
47.2631 24.5601
47.4073 26.5601
47.435 24.5601
47.5143 23.8356
47.6152 25.8356
47.6392 23.8356
47.8231 25.8356
47.8495 23.8356
48.0394 25.8356
48.067 23.8356
48.1211 22.7148
48.2484 24.7148
48.2761 22.7148
48.2977 22.0704
48.3181 22.3867
48.4671 24.3867
48.4948 22.3867
48.6834 24.3867
48.7123 22.3867
48.8961 24.3867
48.9237 22.3867
48.973 22.0704
49.1148 24.0704
49.1388 22.0704
49.3275 24.0704
49.3575 22.0704
49.4068 21.4717
49.539 23.4717
49.5642 21.4717
49.7396 23.4717
49.7673 21.4717
49.8297 21.2383
49.9475 23.2383
49.9715 21.2383
50.153 23.2383
50.177 21.2383
50.3524 23.2383
50.3765 21.2383
50.4353 20.6478
50.5567 22.6478
50.5807 20.6478
50.6336 20.9378
50.773 22.9378
50.7982 20.9378
50.9797 22.9378
51.0049 20.9378
51.1876 22.9378
51.214 20.9378
51.2993 20.6478
51.3966 22.6478
51.4243 20.6478
51.4952 20.0988
51.5336 20.8543
51.5396 21.1878
51.6055 23.1878
51.6574 23.3764
51.6659 24.1395
51.6847 14.1001
51.6847 4
51.689 6
51.689 4
51.6934 6
51.6934 4
51.6978 6
51.6978 4
51.7026 6
51.7026 4
51.7193 6
51.7193 4
51.7265 6
51.7265 4
51.7439 6
51.7439 4
51.7516 6
51.7516 4
51.7677 6
51.7677 4
51.7755 6
51.7755 4
51.7916 6
51.7916 4
51.7999 6
51.7999 4
51.8155 6
51.8155 4
51.8249 6
51.8249 4
51.8404 6
51.8404 4
51.8497 6
51.8497 4
51.8655 6
51.8655 4
51.8744 6
51.8744 4
51.8907 6
51.8907 4
51.9003 28.6126
51.9003 26.3957
51.9532 28.3957
51.9808 26.3957
51.9928 19.5173
51.9988 19.7058
52.012 21.1761
52.0216 21.8501
52.0325 22.4448
52.1779 24.4448
52.2079 22.4448
52.4001 24.4448
52.4314 22.4448
52.6333 24.4448
52.6585 22.4448
52.7498 21.7341
52.8507 23.7341
52.8772 21.7341
53.073 23.7341
53.1019 21.7341
53.1475 21.7866
53.2965 23.7866
53.3266 21.7866
53.5321 23.7866
53.5621 21.7866
53.6546 21.8218
53.7676 23.8218
53.7976 21.8218
53.8385 22.4448
53.9995 24.4448
54.0259 22.4448
54.0572 22.7942
54.0728 23.6651
54.2158 25.6651
54.2434 23.6651
54.4345 25.6651
54.4645 23.6651
54.6531 25.6651
54.6808 23.6651
54.8718 25.6651
54.8995 23.6651
54.9091 23.3128
54.9439 23.6651
55.0881 25.6651
55.1146 23.6651
55.165 24.0311
55.2864 24.808
55.302 26.808
55.3284 24.808
55.5195 26.808
55.5447 24.808
55.7298 26.808
55.755 24.808
55.8968 24.4717
55.9377 26.4717
55.9641 24.4717
56.0218 24.8391
56.1575 26.8391
56.1828 24.8391
56.3738 26.8391
56.3991 24.8391
56.5865 26.8391
56.6118 24.8391
56.7992 26.8391
56.8244 24.8391
57.0167 26.8391
57.0419 24.8391
57.0672 24.4717
57.09 24.8391
57.2282 26.8391
57.2534 24.8391
57.4409 26.8391
57.4661 24.8391
57.6571 26.8391
57.6824 24.8391
57.8698 26.8391
57.8951 24.8391
58.0825 26.8391
58.1077 24.8391
58.3 26.8391
58.3252 24.8391
58.3505 24.4717
58.3733 24.8391
58.5115 26.8391
58.5367 24.8391
58.7242 26.8391
58.7494 24.8391
58.9405 26.8391
58.9657 24.8391
59.1531 26.8391
59.1784 24.8391
59.3658 26.8391
59.3911 24.8391
59.5833 26.8391
59.6085 24.8391
59.6338 24.4717
59.6566 24.8391
59.7948 26.8391
59.82 24.8391
60.0075 26.8391
60.0327 24.8391
60.2238 26.8391
60.249 24.8391
60.4364 26.8391
60.4617 24.8391
60.6491 26.8391
60.6744 24.8391
60.8666 26.8391
60.8919 24.8391
60.9171 24.4717
60.9399 24.8391
61.0781 26.8391
61.1033 24.8391
61.2908 26.8391
61.316 24.8391
61.5071 26.8391
61.5323 24.8391
61.7198 26.8391
61.745 24.8391
61.9012 26.8391
61.9012 4
61.906 6
61.906 4
61.912 6
61.912 4
61.9168 6
61.9168 4
61.9228 6
61.9228 4
61.9276 6
61.9276 4
61.9312 6
61.9312 4
61.9336 6
61.9336 4
61.936 6
61.936 4
61.9384 6
61.9384 4
61.9409 6
61.9409 4
61.9599 6
61.9599 4
61.9659 6
61.9659 4
61.9839 6
61.9839 4
61.9899 6
61.9899 4
62.0078 6
62.0078 4
62.0138 6
62.0138 4
62.0318 6
62.0318 4
62.0378 6
62.0378 4
62.0557 6
62.0557 4
62.0617 6
62.0617 4
62.0797 6
62.0797 4
62.0857 6
62.0857 4
62.1037 6
62.1037 4
62.1097 6
62.1097 4
62.1277 6
62.1277 4
62.1337 6
62.1337 4
62.1517 28.6126
62.1517 12.3854
62.1577 12.2638
62.2705 14.2638
62.3469 14.2541
62.4729 13.1305
62.4873 14.9876
62.5486 15.6215
62.605 16.529
62.6795 17.2873
62.7 15.2873
62.9439 17.2873
62.9751 15.2873
63.1614 15.6499
63.2046 17.6499
63.2371 15.6499
63.4618 17.6499
63.4942 15.6499
63.5471 16.3156
63.7165 18.3156
63.749 16.3156
63.7682 16.9565
63.9616 18.9565
63.9905 16.9565
64.1623 17.674
64.2092 19.674
64.2368 17.674
64.2945 17.9323
64.4675 19.9323
64.5024 17.9323
64.5588 18.4116
64.7259 20.4116
64.7595 18.4116
64.7763 19.4841
64.9698 21.4841
65.001 19.4841
65.0575 19.8135
65.2245 21.8135
65.2546 19.8135
65.466 21.8135
65.4961 19.8135
65.5429 20.0877
65.7136 22.0877
65.7424 20.0877
65.7749 20.6685
65.9647 22.6685
65.9791 23.2949
65.9935 21.2949
66.2038 23.2949
66.2315 21.2949
66.2879 22.0808
66.3877 22.6657
66.4405 24.6657
66.473 22.6657
66.5211 22.7825
66.6833 24.7825
66.7133 22.7825
66.9284 24.7825
66.956 22.7825
67.0029 23.7887
67.1639 25.7887
67.1951 23.7887
67.2132 24.1499
67.4078 26.1499
67.4138 26.5256
67.4367 24.5256
67.4919 24.7514
67.6433 26.7514
67.671 24.7514
67.719 25.1174
67.8224 25.8577
67.8777 27.8577
67.9101 25.8577
67.9666 26.0152
68.1264 28.0152
68.1576 26.0152
68.3727 28.0152
68.4016 26.0152
68.4316 27.1699
68.4508 27.6319
68.607 29.6319
68.6371 27.6319
68.6515 28.076
68.6971 28.4703
68.8413 30.4703
68.8606 30.913
68.8702 28.913
69.072 30.913
69.1009 28.913
69.1502 29.2486
69.304 31.2486
69.3316 29.2486
69.3833 30.1464
69.5058 30.3481
69.5419 32.3481
69.5731 30.3481
69.6272 30.4116
69.7846 32.4116
69.8158 30.4116
70.0285 32.4116
70.0574 30.4116
70.0946 31.114
70.1114 31.8232
70.2604 33.8232
70.2881 31.8232
70.3121 32.1581
70.3277 32.3294
70.4851 34.3294
70.5128 32.3294
70.5728 32.482
70.717 34.482
70.7447 32.482
70.9513 34.482
70.9814 32.482
71.0379 32.9814
71.1845 34.9814
71.1893 35.4012
71.2133 33.4012
71.4152 35.4012
71.4452 33.4012
71.4801 33.4993
71.6435 35.4993
71.6711 33.4993
71.8141 33.9689
71.873 35.9689
71.9006 33.9689
72.1049 35.9689
72.1325 33.9689
72.1602 35.9689
72.1602 4
72.1638 6
72.1638 4
72.1686 6
72.1686 4
72.1722 6
72.1722 4
72.1758 6
72.1758 4
72.1806 6
72.1806 4
72.183 6
72.183 4
72.1854 6
72.1854 4
72.189 6
72.189 4
72.1926 6
72.1926 4
72.1962 6
72.1962 4
72.201 6
72.201 4
72.2046 6
72.2046 4
72.2082 6
72.2082 4
72.213 6
72.213 4
72.2359 6
72.2359 4
72.2407 6
72.2407 4
72.26 6
72.26 4
72.2642 6
72.2642 4
72.2839 6
72.2839 4
72.2876 6
72.2876 4
72.3078 6
72.3078 4
72.3114 6
72.3114 4
72.3317 6
72.3317 4
72.3365 6
72.3365 4
72.3555 6
72.3555 4
72.3603 6
72.3603 4
72.3798 6
72.3798 4
72.3846 6
72.3846 4
72.4039 6
72.4039 4
72.4087 33.9689
72.4087 35.308
72.4289 13.4406
72.4337 13.2942
72.4373 15.2942
72.44 17.2942
72.4439 19.2942
72.4478 21.2942
72.4517 23.2942
72.4654 25.2942
72.4719 25.8923
72.4764 25.7638
72.4813 25.5808
72.4863 25.4213
72.4913 25.2818
72.4963 25.1595
72.5012 25.0525
72.5062 24.9586
72.5112 24.8771
72.5162 26.8052
72.5263 26.7756
72.5311 26.7169
72.536 26.6651
72.5405 26.5193
72.5533 28.5193
72.5564 29.1671
72.5798 29.1285
72.5833 28.9883
72.5868 28.866
72.5915 30.866
72.5951 32.366
72.6079 32.2438
72.6114 32.1354
72.6146 32.0394
72.6254 34.0394
72.629 35.2714
72.646 35.4675
72.6532 36.6519
72.6664 38.6519
72.67 39.0262
72.6856 37.0262
72.8635 39.0262
72.8899 37.0262
73.069 39.0262
73.0942 37.0262
73.2732 39.0262
73.2973 37.0262
73.3201 29.9095
73.4727 31.9095
73.4979 29.9095
73.6722 31.9095
73.6962 29.9095
73.8752 31.9095
73.9017 29.9095
73.9593 29.0801
74.0855 31.0801
74.1107 29.0801
74.285 31.0801
74.3114 29.0801
74.3559 28.5981
74.4856 30.5981
74.5133 28.5981
74.6899 30.5981
74.7151 28.5981
74.7608 29.0801
74.887 31.0801
74.9122 29.0801
75.0876 31.0801
75.1117 29.0801
75.2835 31.0801
75.3087 29.0801
75.3664 28.1354
75.4349 28.4309
75.4842 30.4309
75.5094 28.4309
75.5563 28.5981
75.686 30.5981
75.7113 28.5981
75.8915 30.5981
75.9167 28.5981
76.0934 30.5981
76.1186 28.5981
76.1691 28.1354
76.2977 30.1354
76.3229 28.1354
76.3493 27.2624
76.5031 29.2624
76.5296 27.2624
76.711 29.2624
76.7374 27.2624
76.9201 29.2624
76.9465 27.2624
76.9862 26.5932
77.1231 28.5932
77.1508 26.5932
77.3298 28.5932
77.3575 26.5932
77.5341 28.5932
77.5617 26.5932
77.7444 28.5932
77.772 26.5932
77.8009 26.3039
77.9499 28.3039
77.9727 27.7783
77.9775 25.7783
78.1529 27.7783
78.177 25.7783
78.3524 27.7783
78.3764 25.7783
78.5531 27.7783
78.5807 25.7783
78.6095 25.0511
78.7585 27.0511
78.7826 25.0511
78.9604 27.0511
78.9844 25.0511
79.1671 27.0511
79.1923 25.0511
79.3749 27.0511
79.399 25.0511
79.4134 24.6651
79.5828 26.6651
79.6081 24.6651
79.6633 25.0511
79.7919 27.0511
79.8171 25.0511
79.9998 27.0511
80.0238 25.0511
80.2016 27.0511
80.2257 25.0511
80.4083 27.0511
80.4324 25.0511
80.615 27.0511
80.639 25.0511
80.6679 24.6651
80.8229 26.6651
80.8481 24.6651
80.9034 25.0511
81.032 27.0511
81.0572 25.0511
81.2398 27.0511
81.2639 25.0511
81.4417 27.0511
81.4657 25.0511
81.6484 27.0511
81.6724 25.0511
81.8551 27.0511
81.8791 25.0511
81.9223 24.6651
82.0629 26.6651
82.0882 24.6651
82.1434 25.0511
82.272 27.0511
82.2972 25.0511
82.4799 27.0511
82.5039 25.0511
82.6181 27.0511
82.6181 4
82.6217 6
82.6217 4
82.6253 6
82.6253 4
82.6301 6
82.6301 4
82.6337 6
82.6337 4
82.6385 6
82.6385 4
82.6421 6
82.6421 4
82.6469 6
82.6469 4
82.6517 6
82.6517 4
82.6577 6
82.6577 4
82.6625 6
82.6625 4
82.6673 6
82.6673 4
82.6854 6
82.6854 4
82.6912 6
82.6912 4
82.7092 6
82.7092 4
82.715 6
82.715 4
82.7331 6
82.7331 4
82.7389 6
82.7389 4
82.7569 6
82.7569 4
82.7627 6
82.7627 4
82.7808 6
82.7808 4
82.7866 6
82.7866 4
82.8046 6
82.8046 4
82.8104 6
82.8104 4
82.8285 6
82.8285 4
82.8343 6
82.8343 4
82.8523 6
82.8523 4
82.8581 6
82.8581 4
82.8762 33.9689
82.8762 12.5435
82.882 12.3757
82.9199 12.5704
82.9932 14.5704
83.1855 13.4144
83.2132 15.4144
83.2276 15.8149
83.3069 15.886
83.4163 16.9006
83.4511 14.9006
83.5016 15.1209
83.6758 17.1209
83.707 15.1209
83.9317 17.1209
83.9654 15.1209
84.1781 17.1209
84.2117 15.1209
84.4376 17.1209
84.4689 15.1209
84.4965 15.9302
84.6936 17.9302
84.7248 15.9302
84.9567 17.9302
84.9867 15.9302
85.0769 15.7162
85.2006 17.7162
85.2307 15.7162
85.2547 15.5097
85.459 17.5097
85.4962 15.5097
85.5335 16.386
85.7137 18.386
85.7438 16.386
85.9685 18.386
85.9985 16.386
86.2016 18.386
86.2304 16.386
86.2737 16.5925
86.4503 18.5925
86.4839 16.5925
86.5104 17.2617
86.5272 18.2831
86.7134 20.2831
86.7483 18.2831
86.9706 20.2831
87.0042 18.2831
87.0427 18.4945
87.2301 20.4945
87.2662 18.4945
87.2962 19.5739
87.3179 20.4675
87.4753 22.4675
87.5053 20.4675
87.5209 20.7652
87.5546 21.0739
87.724 23.0739
87.7528 21.0739
87.8105 21.5615
87.9559 23.5615
87.9883 21.5615
88.0244 22.5166
88.2106 24.5166
88.2419 22.5166
88.4618 24.5166
88.4954 22.5166
88.5423 23.5546
88.7081 25.5546
88.7369 23.5546
88.7886 24.6464
88.946 26.6464
88.9761 24.6464
89.0301 24.8736
89.1815 26.8736
89.2092 24.8736
89.256 25.6236
89.3642 26.3453
89.4182 28.3453
89.4495 26.3453
89.5036 26.9282
89.661 28.9282
89.691 26.9282
89.7487 26.9869
89.9037 28.9869
89.9361 26.9869
89.989 28.6153
90.1404 30.6153
90.1704 28.6153
90.2077 29.5235
90.2161 30.5048
90.3759 32.5048
90.4072 30.5048
90.4672 30.5684
90.6162 32.5684
90.6463 30.5684
90.8037 30.7797
90.8518 32.7797
90.8818 30.7797
90.9383 31.4979
91.026 31.7907
91.0909 33.7907
91.1209 31.7907
91.3288 33.7907
91.3576 31.7907
91.5607 33.7907
91.5907 31.7907
91.64 33.0269
91.7938 35.0269
91.8239 33.0269
91.8707 33.6754
92.0269 35.6754
92.057 33.6754
92.2588 35.6754
92.2877 33.6754
92.4955 35.6754
92.5244 33.6754
92.5436 33.1547
92.7311 35.1547
92.7359 36.0628
92.7587 34.0628
92.8849 36.0628
92.8849 4
92.8873 6
92.8873 4
92.8909 6
92.8909 4
92.8945 6
92.8945 4
92.8981 6
92.8981 4
92.9005 6
92.9005 4
92.9041 6
92.9041 4
92.9077 6
92.9077 4
92.9113 6
92.9113 4
92.9149 6
92.9149 4
92.9197 6
92.9197 4
92.9233 6
92.9233 4
92.9269 6
92.9269 4
92.9305 6
92.9305 4
92.9353 6
92.9353 4
92.9389 6
92.9389 4
92.9425 6
92.9425 4
92.9666 6
92.9666 4
92.9702 6
92.9702 4
92.9911 6
92.9911 4
92.9947 6
92.9947 4
93.0149 6
93.0149 4
93.0186 6
93.0186 4
93.0387 6
93.0387 4
93.0436 6
93.0436 4
93.0632 6
93.0632 4
93.068 6
93.068 4
93.0871 6
93.0871 4
93.0919 6
93.0919 4
93.111 6
93.111 4
93.1158 6
93.1158 4
93.1349 6
93.1349 4
93.1409 34.0628
93.1409 36.0628
93.1595 36.1651
93.1655 35.7369
93.1703 35.5014
93.1751 35.4337
93.2087 35.201
93.2135 35.0325
93.216 31.3177
93.2184 32.5152
93.2219 33.7707
93.2255 35.3646
93.2297 35.1478
93.2333 34.9586
93.2405 34.8902
93.2439 34.5939
93.2475 34.3349
93.2504 34.1077
93.2543 34.0483
93.2579 33.9959
93.2615 34.6001
93.2747 35.6685
93.2771 36.1851
93.2819 38.1851
93.2843 39.8336
93.3035 40.1319
93.3132 40.7452
93.3348 41.2645
93.3384 39.2645
93.3468 39.7093
93.3588 40.0953
93.5174 42.0953
93.5427 40.0953
93.7289 42.0953
93.7553 40.0953
93.9392 42.0953
93.9644 40.0953
94.0654 31.1657
94.1507 33.1657
94.1771 31.1657
94.3658 33.1657
94.3934 31.1657
94.5808 33.1657
94.6097 31.1657
94.6902 28.9965
94.7947 30.9965
94.82 28.9965
94.8716 28.5601
95.0026 30.5601
95.0278 28.5601
95.2117 30.5601
95.2369 28.5601
95.273 28.3619
95.422 30.3619
95.4484 28.3619
95.6334 30.3619
95.6599 28.3619
95.6911 27.6768
95.8461 29.6768
95.8726 27.6768
96.0576 29.6768
96.0828 27.6768
96.1982 26.8046
96.2691 28.8046
96.2955 26.8046
96.4854 28.8046
96.513 26.8046
96.5671 27.6768
96.7041 29.6768
96.7317 27.6768
96.9204 29.6768
96.9456 27.6768
97.139 29.6768
97.1643 27.232
97.3541 29.232
97.3806 27.232
97.5668 29.232
97.5933 27.232
97.7795 29.232
97.8047 27.232
97.991 29.232
98.0174 27.232
98.2037 29.232
98.2289 27.232
98.4151 29.232
98.4404 27.232
98.6266 29.232
98.6519 27.232
98.8381 29.232
98.8633 27.232
99.0496 29.232
99.0748 27.232
99.2611 29.232
99.2863 27.232
99.4726 29.232
99.4978 27.232
99.684 29.232
99.7093 27.232
99.8955 29.232
99.9208 27.232
