0.1 0.06272
0.2 0.0832
0.3 0.0832
0.4 0.08736
0.5 0.08736
0.6 0.0832
0.7 0.08736
0.8 0.0832
0.9 0.0832
1 0.08736
1.1 0.0832
1.2 0.0832
1.3 0.08736
1.4 0.0832
1.5 0.08736
1.6 0.0832
1.7 0.08736
1.8 0.0832
1.9 0.08736
2 0.08736
2.1 0.08736
2.2 0.0832
2.3 0.08736
2.4 0.08736
2.5 0.0832
2.6 0.08736
2.7 0.0832
2.8 0.0832
2.9 0.08736
3 0.0832
3.1 0.08736
3.2 0.0832
3.3 0.08736
3.4 0.0832
3.5 0.0832
3.6 0.07904
3.7 0.08736
3.8 0.0832
3.9 0.08736
4 0.0832
4.1 0.07904
4.2 0.0832
4.3 0.0832
4.4 0.0832
4.5 0.07904
4.6 0.0832
4.7 0.07904
4.8 0.0832
4.9 0.0832
5 0.07904
5.1 0.0832
5.2 0.07904
5.3 0.0832
5.4 0.07904
5.5 0.0832
5.6 0.08736
5.7 0.0832
5.8 0.0832
5.9 0.0832
6 0.0832
6.1 0.07904
6.2 0.08736
6.3 0.0832
6.4 0.0832
6.5 0.0832
6.6 0.0832
6.7 0.07904
6.8 0.0832
6.9 0.0832
7 0.07904
7.1 0.08736
7.2 0.07904
7.3 0.0832
7.4 0.0832
7.5 0.07904
7.6 0.0832
7.7 0.07904
7.8 0.0832
7.9 0.07904
8 0.08736
8.1 0.0832
8.2 0.07904
8.3 0.0832
8.4 0.07904
8.5 0.0832
8.6 0.07488
8.7 0.08736
8.8 0.0832
8.9 0.07904
9 0.0832
9.1 0.07904
9.2 0.0832
9.3 0.07904
9.4 0.07904
9.5 0.0832
9.6 0.07904
9.7 0.07904
9.8 0.07904
9.9 0.07904
10 0.07904
10.1 0.0624
10.2 0.03328
10.3 0.04576
10.4 0.07072
10.5 0.07488
10.6 0.07904
10.7 0.07488
10.8 0.07488
10.9 0.07904
11 0.07072
11.1 0.07488
11.2 0.07904
11.3 0.07488
11.4 0.07488
11.5 0.07904
11.6 0.07488
11.7 0.07904
11.8 0.07904
11.9 0.07488
12 0.0832
12.1 0.07904
12.2 0.07904
12.3 0.07904
12.4 0.0832
12.5 0.07904
12.6 0.0832
12.7 0.0832
12.8 0.07904
12.9 0.08736
13 0.07904
13.1 0.08736
13.2 0.0832
13.3 0.08736
13.4 0.0832
13.5 0.09152
13.6 0.0832
13.7 0.08736
13.8 0.09152
13.9 0.08736
14 0.09152
14.1 0.08736
14.2 0.09152
14.3 0.08736
14.4 0.09568
14.5 0.0832
14.6 0.09152
14.7 0.09152
14.8 0.08736
14.9 0.09152
15 0.08736
15.1 0.09152
15.2 0.09152
15.3 0.09152
15.4 0.09152
15.5 0.09152
15.6 0.08736
15.7 0.09152
15.8 0.08736
15.9 0.09568
16 0.08736
16.1 0.09152
16.2 0.08736
16.3 0.09152
16.4 0.09152
16.5 0.09152
16.6 0.09152
16.7 0.09152
16.8 0.09152
16.9 0.09152
17 0.09568
17.1 0.08736
17.2 0.09568
17.3 0.09152
17.4 0.09152
17.5 0.09152
17.6 0.09568
17.7 0.09152
17.8 0.09152
17.9 0.09568
18 0.09568
18.1 0.09568
18.2 0.09152
18.3 0.09568
18.4 0.09152
18.5 0.09568
18.6 0.09152
18.7 0.09568
18.8 0.09152
18.9 0.09568
19 0.09152
19.1 0.09152
19.2 0.09568
19.3 0.09152
19.4 0.09568
19.5 0.09152
19.6 0.09568
19.7 0.09152
19.8 0.09568
19.9 0.09152
20 0.09568
20.1 0.09152
20.2 0.09568
20.3 0.09152
20.4 0.09152
20.5 0.0416
20.6 0.03328
20.7 0.06656
20.8 0.08736
20.9 0.08736
21 0.09152
21.1 0.09152
21.2 0.08736
21.3 0.08736
21.4 0.09152
21.5 0.08736
21.6 0.09152
21.7 0.08736
21.8 0.09152
21.9 0.08736
22 0.09152
22.1 0.08736
22.2 0.08736
22.3 0.08736
22.4 0.08736
22.5 0.09152
22.6 0.08736
22.7 0.08736
22.8 0.09152
22.9 0.08736
23 0.09152
23.1 0.08736
23.2 0.08736
23.3 0.08736
23.4 0.09152
23.5 0.08736
23.6 0.09152
23.7 0.08736
23.8 0.09152
23.9 0.08736
24 0.08736
24.1 0.09152
24.2 0.08736
24.3 0.08736
24.4 0.09152
24.5 0.08736
24.6 0.08736
24.7 0.09152
24.8 0.08736
24.9 0.08736
25 0.09152
25.1 0.08736
25.2 0.09152
25.3 0.08736
25.4 0.08736
25.5 0.09152
25.6 0.08736
25.7 0.09152
25.8 0.0832
25.9 0.09152
26 0.08736
26.1 0.08736
26.2 0.09152
26.3 0.08736
26.4 0.09152
26.5 0.09152
26.6 0.09152
26.7 0.08736
26.8 0.08736
26.9 0.09152
27 0.09152
27.1 0.09152
27.2 0.09152
27.3 0.08736
27.4 0.09152
27.5 0.09152
27.6 0.09152
27.7 0.08736
27.8 0.09568
27.9 0.09152
28 0.09152
28.1 0.09152
28.2 0.08736
28.3 0.09568
28.4 0.08736
28.5 0.09152
28.6 0.08736
28.7 0.09152
28.8 0.08736
28.9 0.08736
29 0.09152
29.1 0.08736
29.2 0.09152
29.3 0.09152
29.4 0.09152
29.5 0.08736
29.6 0.09152
29.7 0.08736
29.8 0.09152
29.9 0.09152
30 0.09152
30.1 0.09152
30.2 0.09152
30.3 0.08736
30.4 0.09152
30.5 0.09152
30.6 0.09152
30.7 0.09568
30.8 0.07488
30.9 0.03744
31 0.03744
31.1 0.0624
31.2 0.07904
31.3 0.08736
31.4 0.08736
31.5 0.08736
31.6 0.08736
31.7 0.09152
31.8 0.08736
31.9 0.08736
32 0.08736
32.1 0.08736
32.2 0.0832
32.3 0.09152
32.4 0.0832
32.5 0.08736
32.6 0.0832
32.7 0.08736
32.8 0.0832
32.9 0.0832
33 0.0832
33.1 0.08736
33.2 0.0832
33.3 0.0832
33.4 0.0832
33.5 0.08736
33.6 0.0832
33.7 0.08736
33.8 0.0832
33.9 0.0832
34 0.0832
34.1 0.08736
34.2 0.08736
34.3 0.0832
34.4 0.08736
34.5 0.0832
34.6 0.0832
34.7 0.08736
34.8 0.0832
34.9 0.07904
35 0.08736
35.1 0.0832
35.2 0.0832
35.3 0.08736
35.4 0.0832
35.5 0.0832
35.6 0.0832
35.7 0.0832
35.8 0.0832
35.9 0.0832
36 0.0832
36.1 0.0832
36.2 0.07904
36.3 0.08736
36.4 0.07904
36.5 0.0832
36.6 0.0832
36.7 0.07904
36.8 0.0832
36.9 0.0832
37 0.07904
37.1 0.0832
37.2 0.07904
37.3 0.0832
37.4 0.0832
37.5 0.07904
37.6 0.0832
37.7 0.07904
37.8 0.0832
37.9 0.07904
38 0.0832
38.1 0.07904
38.2 0.0832
38.3 0.0832
38.4 0.07904
38.5 0.08736
38.6 0.07904
38.7 0.0832
38.8 0.07904
38.9 0.07904
39 0.0832
39.1 0.07904
39.2 0.07904
39.3 0.08736
39.4 0.07488
39.5 0.08736
39.6 0.07904
39.7 0.0832
39.8 0.07904
39.9 0.0832
40 0.0832
40.1 0.07904
40.2 0.0832
40.3 0.0832
40.4 0.07904
40.5 0.0832
40.6 0.07904
40.7 0.07904
40.8 0.08736
40.9 0.07488
41 0.08736
41.1 0.07488
41.2 0.08736
41.3 0.0624
41.4 0.03328
41.5 0.04576
41.6 0.09568
41.7 0.13312
41.8 0.13728
41.9 0.13728
42 0.12896
42.1 0.14144
42.2 0.12896
42.3 0.13312
42.4 0.13312
42.5 0.12896
42.6 0.12896
42.7 0.13312
42.8 0.1248
42.9 0.13312
43 0.1248
43.1 0.12896
43.2 0.1248
43.3 0.12896
43.4 0.12896
43.5 0.12064
43.6 0.1248
43.7 0.1248
43.8 0.12064
43.9 0.12064
44 0.12064
44.1 0.12064
44.2 0.12064
44.3 0.12064
44.4 0.11648
44.5 0.11232
44.6 0.11648
44.7 0.11232
44.8 0.11232
44.9 0.10816
45 0.10816
45.1 0.11232
45.2 0.11232
45.3 0.104
45.4 0.104
45.5 0.09984
45.6 0.104
45.7 0.09568
45.8 0.09984
45.9 0.09568
46 0.09568
46.1 0.09152
46.2 0.09152
46.3 0.09568
46.4 0.09152
46.5 0.09152
46.6 0.09152
46.7 0.08736
46.8 0.08736
46.9 0.0832
47 0.0832
47.1 0.07904
47.2 0.0832
47.3 0.07904
47.4 0.07904
47.5 0.0832
47.6 0.07904
47.7 0.07488
47.8 0.07904
47.9 0.07904
48 0.07488
48.1 0.07488
48.2 0.07904
48.3 0.07488
48.4 0.07488
48.5 0.07072
48.6 0.07072
48.7 0.07488
48.8 0.07072
48.9 0.07488
49 0.07072
49.1 0.07488
49.2 0.07072
49.3 0.06656
49.4 0.07488
49.5 0.06656
49.6 0.07072
49.7 0.07072
49.8 0.07072
49.9 0.0624
50 0.07072
50.1 0.06656
50.2 0.07072
50.3 0.06656
50.4 0.07072
50.5 0.06656
50.6 0.06656
50.7 0.07072
50.8 0.0624
50.9 0.06656
51 0.06656
51.1 0.06656
51.2 0.06656
51.3 0.0624
51.4 0.07072
51.5 0.0624
51.6 0.09152
51.7 0.0832
51.8 0.03328
51.9 0.03328
52 0.0624
52.1 0.0624
52.2 0.0624
52.3 0.06656
52.4 0.0624
52.5 0.06656
52.6 0.0624
52.7 0.07488
52.8 0.06656
52.9 0.07072
53 0.06656
53.1 0.07488
53.2 0.06656
53.3 0.07488
53.4 0.06656
53.5 0.07488
53.6 0.07072
53.7 0.07072
53.8 0.06656
53.9 0.07488
54 0.07072
54.1 0.07904
54.2 0.07488
54.3 0.07904
54.4 0.07488
54.5 0.07904
54.6 0.07488
54.7 0.07904
54.8 0.07904
54.9 0.07904
55 0.07904
55.1 0.07904
55.2 0.07488
55.3 0.0832
55.4 0.07904
55.5 0.0832
55.6 0.07904
55.7 0.0832
55.8 0.0832
55.9 0.07904
56 0.0832
56.1 0.07904
56.2 0.0832
56.3 0.07904
56.4 0.08736
56.5 0.07904
56.6 0.0832
56.7 0.07904
56.8 0.08736
56.9 0.07904
57 0.0832
57.1 0.0832
57.2 0.0832
57.3 0.0832
57.4 0.0832
57.5 0.07904
57.6 0.0832
57.7 0.0832
57.8 0.07904
57.9 0.0832
58 0.07904
58.1 0.08736
58.2 0.07904
58.3 0.08736
58.4 0.07904
58.5 0.0832
58.6 0.0832
58.7 0.0832
58.8 0.0832
58.9 0.07904
59 0.0832
59.1 0.0832
59.2 0.0832
59.3 0.07904
59.4 0.0832
59.5 0.0832
59.6 0.0832
59.7 0.07904
59.8 0.0832
59.9 0.0832
60 0.0832
60.1 0.0832
60.2 0.0832
60.3 0.0832
60.4 0.07904
60.5 0.0832
60.6 0.0832
60.7 0.0832
60.8 0.07904
60.9 0.0832
61 0.0832
61.1 0.0832
61.2 0.07904
61.3 0.0832
61.4 0.0832
61.5 0.0832
61.6 0.07904
61.7 0.0832
61.8 0.0832
61.9 0.0832
62 0.05824
62.1 0.03744
62.2 0.02496
62.3 0.02912
62.4 0.03744
62.5 0.02912
62.6 0.03744
62.7 0.03744
62.8 0.03744
62.9 0.03744
63 0.0416
63.1 0.03744
63.2 0.0416
63.3 0.0416
63.4 0.03744
63.5 0.0416
63.6 0.0416
63.7 0.0416
63.8 0.04576
63.9 0.0416
64 0.04992
64.1 0.0416
64.2 0.04992
64.3 0.04576
64.4 0.04992
64.5 0.04576
64.6 0.05408
64.7 0.04992
64.8 0.05408
64.9 0.04992
65 0.05824
65.1 0.05408
65.2 0.05408
65.3 0.0624
65.4 0.05408
65.5 0.05408
65.6 0.05824
65.7 0.05824
65.8 0.0624
65.9 0.05408
66 0.0624
66.1 0.0624
66.2 0.05824
66.3 0.0624
66.4 0.06656
66.5 0.06656
66.6 0.06656
66.7 0.06656
66.8 0.06656
66.9 0.07072
67 0.07072
67.1 0.06656
67.2 0.07072
67.3 0.07072
67.4 0.07488
67.5 0.07488
67.6 0.07488
67.7 0.07488
67.8 0.07488
67.9 0.07488
68 0.0832
68.1 0.07488
68.2 0.0832
68.3 0.07904
68.4 0.0832
68.5 0.0832
68.6 0.07904
68.7 0.09152
68.8 0.0832
68.9 0.09152
69 0.08736
69.1 0.08736
69.2 0.09152
69.3 0.09152
69.4 0.09152
69.5 0.09152
69.6 0.09568
69.7 0.09152
69.8 0.09568
69.9 0.09568
70 0.09568
70.1 0.09984
70.2 0.09568
70.3 0.09984
70.4 0.09984
70.5 0.104
70.6 0.09984
70.7 0.104
70.8 0.104
70.9 0.09984
71 0.104
71.1 0.104
71.2 0.104
71.3 0.104
71.4 0.104
71.5 0.10816
71.6 0.10816
71.7 0.10816
71.8 0.10816
71.9 0.104
72 0.10816
72.1 0.10816
72.2 0.10816
72.3 0.03328
72.4 0.03744
72.5 0.06656
72.6 0.104
72.7 0.1248
72.8 0.104
72.9 0.104
73 0.11232
73.1 0.10816
73.2 0.11232
73.3 0.10816
73.4 0.09984
73.5 0.10816
73.6 0.09984
73.7 0.104
73.8 0.104
73.9 0.104
74 0.104
74.1 0.09984
74.2 0.104
74.3 0.09984
74.4 0.104
74.5 0.09984
74.6 0.09984
74.7 0.09984
74.8 0.09984
74.9 0.104
75 0.104
75.1 0.09984
75.2 0.09984
75.3 0.104
75.4 0.104
75.5 0.09984
75.6 0.09984
75.7 0.09984
75.8 0.09984
75.9 0.09984
76 0.09152
76.1 0.09984
76.2 0.09568
76.3 0.09984
76.4 0.09152
76.5 0.09568
76.6 0.09152
76.7 0.09568
76.8 0.09568
76.9 0.09152
77 0.09568
77.1 0.09152
77.2 0.09152
77.3 0.08736
77.4 0.09152
77.5 0.08736
77.6 0.09152
77.7 0.08736
77.8 0.09152
77.9 0.08736
78 0.09152
78.1 0.08736
78.2 0.0832
78.3 0.09152
78.4 0.0832
78.5 0.09152
78.6 0.08736
78.7 0.08736
78.8 0.0832
78.9 0.08736
79 0.08736
79.1 0.0832
79.2 0.08736
79.3 0.0832
79.4 0.09152
79.5 0.0832
79.6 0.08736
79.7 0.0832
79.8 0.08736
79.9 0.0832
80 0.09152
80.1 0.0832
80.2 0.08736
80.3 0.08736
80.4 0.08736
80.5 0.0832
80.6 0.08736
80.7 0.08736
80.8 0.08736
80.9 0.0832
81 0.08736
81.1 0.08736
81.2 0.08736
81.3 0.0832
81.4 0.08736
81.5 0.08736
81.6 0.08736
81.7 0.0832
81.8 0.08736
81.9 0.08736
82 0.0832
82.1 0.08736
82.2 0.0832
82.3 0.08736
82.4 0.0832
82.5 0.09152
82.6 0.0832
82.7 0.06656
82.8 0.03328
82.9 0.03328
83 0.02912
83.1 0.03328
83.2 0.03328
83.3 0.03744
83.4 0.03744
83.5 0.03744
83.6 0.03328
83.7 0.0416
83.8 0.03744
83.9 0.0416
84 0.03744
84.1 0.03744
84.2 0.03744
84.3 0.0416
84.4 0.03744
84.5 0.0416
84.6 0.03744
84.7 0.0416
84.8 0.0416
84.9 0.0416
85 0.0416
85.1 0.0416
85.2 0.03744
85.3 0.04576
85.4 0.03744
85.5 0.0416
85.6 0.0416
85.7 0.0416
85.8 0.0416
85.9 0.04576
86 0.0416
86.1 0.0416
86.2 0.0416
86.3 0.04576
86.4 0.0416
86.5 0.04576
86.6 0.04576
86.7 0.04992
86.8 0.05408
86.9 0.04576
87 0.04992
87.1 0.05408
87.2 0.04992
87.3 0.05408
87.4 0.05408
87.5 0.05824
87.6 0.05824
87.7 0.0624
87.8 0.05824
87.9 0.0624
88 0.0624
88.1 0.06656
88.2 0.0624
88.3 0.07072
88.4 0.0624
88.5 0.06656
88.6 0.07072
88.7 0.06656
88.8 0.07488
88.9 0.06656
89 0.07904
89.1 0.07072
89.2 0.07904
89.3 0.07072
89.4 0.0832
89.5 0.0832
89.6 0.07488
89.7 0.0832
89.8 0.0832
89.9 0.0832
90 0.0832
90.1 0.08736
90.2 0.08736
90.3 0.09152
90.4 0.09152
90.5 0.09152
90.6 0.09568
90.7 0.09984
90.8 0.09152
90.9 0.09568
91 0.09984
91.1 0.09568
91.2 0.09568
91.3 0.09984
91.4 0.09984
91.5 0.09984
91.6 0.09984
91.7 0.104
91.8 0.09984
91.9 0.104
92 0.104
92.1 0.10816
92.2 0.104
92.3 0.10816
92.4 0.104
92.5 0.10816
92.6 0.104
92.7 0.10816
92.8 0.10816
92.9 0.10816
93 0.05408
93.1 0.03328
93.2 0.07488
93.3 0.12896
93.4 0.14976
93.5 0.104
93.6 0.104
93.7 0.11232
93.8 0.11232
93.9 0.11232
94 0.11232
94.1 0.11232
94.2 0.09568
94.3 0.10816
94.4 0.09984
94.5 0.104
94.6 0.104
94.7 0.09984
94.8 0.09984
94.9 0.09984
95 0.09568
95.1 0.09984
95.2 0.09568
95.3 0.09568
95.4 0.09984
95.5 0.09568
95.6 0.09568
95.7 0.09568
95.8 0.09568
95.9 0.09568
96 0.09568
96.1 0.09152
96.2 0.09568
96.3 0.09568
96.4 0.09152
96.5 0.09152
96.6 0.09152
96.7 0.09152
96.8 0.09152
96.9 0.09152
97 0.09152
97.1 0.09152
97.2 0.09568
97.3 0.08736
97.4 0.09152
97.5 0.09152
97.6 0.09568
97.7 0.08736
97.8 0.09568
97.9 0.09152
98 0.09152
98.1 0.09152
98.2 0.09152
98.3 0.09152
98.4 0.09152
98.5 0.09568
98.6 0.09152
98.7 0.09568
98.8 0.09152
98.9 0.09152
99 0.09152
99.1 0.09568
99.2 0.08736
99.3 0.09568
99.4 0.09152
99.5 0.09568
99.6 0.08736
99.7 0.09568
99.8 0.09152
99.9 0.09152
100 0.09568
