0.200111 10
0.401609 11
0.406416 13
0.411222 15
0.416029 17
0.420835 19
0.619926 21
0.631942 23
0.644626 25
0.658467 27
0.672307 29
0.686148 31
0.699989 33
0.71383 35
0.804597 37
0.831032 39
0.852661 41
0.855064 43
0.862942 45
0.876783 47
0.8896 49
0.900587 51
0.945602 53
0.954147 55
0.962692 57
0.971237 59
0.979782 61
1.00609 63
1.02532 65
1.05896 67
1.07819 69
1.10222 71
1.10462 73
1.10703 75
1.10943 77
1.11183 79
1.11423 81
1.11664 83
1.11904 85
1.12252 87
1.13106 89
1.13961 91
1.14802 93
1.15579 95
1.163 97
1.16997 99
1.1765 101
1.18281 103
1.18875 105
1.19469 107
1.20063 109
1.20657 111
1.2196 113
1.23162 115
1.24363 117
1.25565 119
1.26766 121
1.28208 123
1.2965 125
1.30852 127
1.32294 129
1.33255 131
1.34457 133
1.3662 135
1.37821 137
1.41426 139
1.41666 141
1.41907 143
1.42147 145
1.42387 147
1.42628 149
1.42868 151
1.43108 153
1.45992 155
1.46232 157
1.46473 159
1.46713 161
1.46953 163
1.47194 165
1.47434 167
1.47674 169
1.47915 171
1.48155 173
1.49236 175
1.49957 177
1.50798 179
1.51519 181
1.5224 183
1.52961 185
1.53682 187
1.54644 189
1.65698 191
3.99289 191.203
10.204 193.203
10.204 4
10.2208 6
10.2208 4
10.2412 6
10.2412 4
10.2592 6
10.2592 4
10.2785 6
10.2785 4
10.2965 6
10.2965 4
10.3169 6
10.3169 4
10.3337 6
10.3337 4
10.3542 6
10.3542 4
10.371 6
10.371 4
10.3914 6
10.3914 4
10.4094 6
10.4094 4
10.4287 6
10.4287 4
10.4467 6
10.4467 4
10.4671 6
10.4671 4
10.4839 6
10.4839 4
10.5044 6
10.5044 4
10.5224 6
10.5224 4
10.5416 6
10.5416 4
10.5596 6
10.5596 4
10.5801 6
10.5801 4
10.5993 6
10.5993 4
10.6173 6
10.6173 4
10.6377 6
10.6377 4
10.6546 6
10.6546 4
10.6738 6
10.6738 4
10.693 6
10.693 4
10.7098 6
10.7098 4
10.7303 6
10.7303 4
10.7471 6
10.7471 4
10.7675 6
10.7675 4
10.7879 6
10.7879 4
10.8048 6
10.8048 4
10.8252 6
10.8252 4
10.8432 6
10.8432 4
10.8624 6
10.8624 4
10.8805 6
10.8805 4
10.9009 6
10.9009 4
10.9177 6
10.9177 4
10.9369 6
10.9369 4
10.9562 6
10.9562 4
10.9754 6
10.9754 4
10.9934 6
10.9934 4
11.0138 6
11.0138 4
11.0307 6
11.0307 4
11.0511 6
11.0511 4
11.0691 6
11.0691 4
11.0883 6
11.0883 4
11.1064 6
11.1064 4
11.1268 6
11.1268 4
11.1436 6
11.1436 4
11.164 6
11.164 4
11.1833 6
11.1833 4
11.2013 6
11.2013 4
11.2205 6
11.2205 4
11.2385 6
11.2385 4
11.2566 6
11.2566 4
11.277 6
11.277 4
11.2938 6
11.2938 4
11.3142 6
11.3142 4
11.3323 6
11.3323 4
11.3515 6
11.3515 4
11.3719 6
11.3719 4
11.3899 6
11.3899 4
11.4092 6
11.4092 4
12.5026 191.203
12.5026 193.203
12.5219 195.203
13.6934 197.203
13.7018 199.203
13.709 201.203
13.7174 203.203
13.7222 205.203
13.7295 207.203
13.7379 209.203
13.7463 211.203
13.7547 213.203
13.7631 215.203
13.7703 217.203
13.7787 219.203
13.7859 221.203
13.7943 223.203
13.8016 225.203
13.81 227.203
13.8172 229.203
13.8256 231.203
13.8328 233.203
13.84 235.203
13.8484 237.203
13.8556 239.203
13.8652 241.203
13.8737 243.203
13.8821 245.203
13.8893 247.203
13.8977 249.203
13.9049 251.203
13.9133 253.203
13.9205 255.203
13.9289 257.203
13.9361 259.203
13.9433 261.203
13.9518 263.203
13.959 265.203
13.9674 267.203
13.9746 269.203
13.9842 271.203
13.9926 273.203
14.001 275.203
14.0082 277.203
14.0166 279.203
14.0239 281.203
14.0323 283.203
14.0395 285.203
14.0467 287.203
14.0551 289.203
14.0623 291.203
14.0707 293.203
14.0779 295.203
14.0863 297.203
14.0935 299.203
14.1032 301.203
14.1116 303.203
14.12 305.203
14.1272 307.203
14.1356 309.203
14.1428 311.203
14.15 313.203
14.1584 315.203
14.1656 317.203
14.1741 319.203
14.1813 321.203
14.1897 323.203
14.1969 325.203
14.2053 327.203
14.2125 329.203
14.2221 331.203
14.2305 333.203
14.2389 335.203
14.2461 337.203
14.2546 339.203
14.2618 341.203
14.2702 343.203
14.2774 345.203
14.2858 347.203
14.293 349.203
14.3014 351.203
14.3086 353.203
14.317 355.203
14.3243 357.203
14.3327 359.203
14.3411 361.203
14.3507 363.203
14.3579 365.203
14.3663 367.203
14.3735 369.203
14.3819 371.203
14.3891 373.203
14.3975 375.203
14.4048 377.203
14.4132 379.203
14.4204 381.203
14.4288 383.203
14.436 385.203
14.4444 387.203
14.4516 389.203
14.6564 390.203
15.2603 392.203
15.2687 394.203
15.2819 396.203
15.2855 397.203
15.2903 376
15.2903 375
15.2903 376
15.4225 375
15.5259 374
15.6292 373
15.7325 372
16.0438 371
16.0894 370
16.1183 369
16.1471 368
16.1928 367
16.2216 366
16.2504 365
16.2961 364
16.3249 363
16.3538 362
16.3994 361
16.4283 360
16.4571 359
16.5028 358
16.5316 357
16.5605 356
16.6061 355
16.6349 354
16.6638 353
16.7094 352
16.7383 351
16.7671 350
16.7996 351
16.8008 352
16.802 353
16.8032 354
16.8044 353
16.8044 354
16.8056 355
16.8068 356
16.808 357
16.8092 358
16.8104 359
16.8116 360
16.8128 361
16.814 362
16.8152 363
16.8164 364
16.8176 365
16.8188 366
16.82 367
16.8212 368
16.8224 369
16.8236 370
16.8248 371
16.826 372
16.8272 373
16.8284 372
16.8284 373
16.8296 374
16.8308 375
16.832 376
16.8332 377
16.8344 378
16.8356 379
16.8368 380
16.838 381
16.8392 382
16.8404 383
16.8416 384
16.8428 385
16.844 386
16.8452 387
16.8464 386
16.8464 387
16.8476 388
16.8488 389
16.85 390
16.8512 391
16.8524 392
16.8536 393
16.8548 394
16.856 395
16.8572 396
16.8584 397
16.8596 398
16.8609 399
16.8621 400
16.8633 401
16.8645 400
16.8645 401
16.8657 402
16.8669 403
16.8681 404
16.8693 405
16.8705 406
16.8717 407
16.8729 408
16.8741 409
16.8753 410
16.8765 411
16.8777 412
16.8789 413
16.8801 414
16.8813 415
16.8825 414
16.8825 415
16.8837 416
16.8849 417
16.8861 418
16.8873 419
16.8885 420
16.8897 421
16.8909 422
16.8921 423
16.8933 424
16.8981 425
16.9041 426
16.9101 427
16.9161 428
16.9233 429
16.9281 430
16.9341 431
16.9414 432
16.9474 433
16.9534 434
16.9594 435
16.9654 436
16.9714 437
16.9774 438
16.9834 439
16.9894 440
16.9954 441
17.0014 442
17.0074 443
17.0135 444
17.0195 445
17.0255 446
17.0327 447
17.0387 448
17.0447 449
17.0507 450
17.0567 451
17.0627 452
17.0687 453
17.0747 454
17.0807 455
17.0868 456
17.0928 457
17.1 458
17.1072 459
17.112 458
17.112 459
17.118 460
17.1252 461
17.1312 462
17.1372 463
17.1444 464
17.1504 465
17.1564 464
17.1564 465
17.1625 466
17.1697 467
17.1757 468
17.1817 467
17.1817 468
17.1877 469
17.1949 470
17.2021 471
17.2069 470
17.2069 471
17.2129 472
17.2201 473
17.2261 474
17.2321 475
17.2394 476
17.2454 477
17.2514 476
17.2514 477
17.2574 478
17.2646 479
17.2706 480
17.2766 479
17.2766 480
17.2826 481
17.2898 482
17.297 483
17.3018 482
17.3018 483
17.3078 484
17.3151 485
17.3211 486
17.3271 487
17.3332 488
17.3392 489
17.3452 488
17.3452 489
17.3512 490
17.3584 491
17.3644 492
17.3704 491
17.3704 492
17.3764 493
17.3836 494
17.3908 495
17.3956 494
17.3956 495
17.4017 496
17.4089 497
17.4149 498
17.4209 499
17.4281 500
17.4341 501
17.4401 500
17.4401 501
17.4461 502
17.4533 503
17.4593 504
17.4641 503
17.4641 504
17.4689 505
17.4749 506
17.4798 507
17.4846 508
17.4906 509
17.4954 508
17.4954 509
17.499 510
17.5038 511
17.5098 512
17.5146 513
17.5194 514
17.5254 515
17.5302 516
17.535 517
17.5398 516
17.5398 517
17.5446 518
17.5494 519
17.5555 520
17.5603 521
17.5651 520
17.5651 521
17.5699 522
17.5759 523
17.5807 523.666
17.5963 522.666
17.5963 523.666
17.6408 522.666
17.6408 523.666
17.666 522.666
17.666 523.666
17.6972 522.666
17.6972 523.666
17.7417 522.666
17.7417 523.666
17.7669 522.666
17.7669 523.666
17.7982 67.4296
17.7982 68.4296
17.8066 70.4296
17.815 72.4296
17.8186 74.4296
17.821 76.4296
17.8234 78.4296
17.8258 80.4296
17.8282 82.4296
17.8306 84.4296
17.833 86.4296
17.8354 88.4296
17.8378 90.4296
17.8402 92.4296
17.8426 94.4296
17.845 96.4296
17.8474 98.4296
17.8498 100.43
17.8522 102.43
17.8546 104.43
17.857 106.43
17.8594 108.43
17.8618 110.43
17.8642 112.43
17.8666 114.43
17.8691 116.43
17.8715 118.43
17.8739 120.43
17.8763 122.43
17.8787 124.43
17.8811 126.43
17.8835 128.43
17.8859 130.43
17.8883 132.43
17.8907 134.43
17.8931 136.43
17.8955 138.43
17.8979 140.43
17.9003 142.43
17.9027 144.43
17.9051 146.43
17.9075 148.43
17.9099 150.43
17.9123 152.43
17.9147 154.43
17.9171 156.43
17.9195 158.43
17.9219 160.43
17.9243 162.43
17.9267 164.43
17.9291 166.43
17.9315 168.43
17.9339 170.43
17.9363 172.43
17.9387 174.43
17.9411 176.43
17.9436 178.43
17.946 180.43
17.9484 182.43
17.9508 184.43
17.9532 186.43
17.9556 188.43
17.958 190.43
17.9604 192.43
17.9628 194.43
17.9652 196.43
17.9676 198.43
17.97 200.43
17.9724 202.43
17.9748 204.43
17.9772 206.43
17.9796 208.43
17.982 210.43
17.9844 212.43
17.9868 214.43
17.9892 216.43
17.9916 218.43
17.994 220.43
17.9964 222.43
17.9988 224.43
18.0012 226.43
18.0036 228.43
18.006 230.43
18.0084 232.43
18.0108 234.43
18.0132 236.43
18.0156 238.43
18.0181 240.43
18.0205 240
18.0229 237.049
18.0253 234.13
18.0277 231.182
18.0301 228.266
18.0325 225.32
18.0349 222.405
18.0373 219.517
18.0397 216.597
18.0421 213.704
18.0445 210.78
18.0469 207.827
18.0493 204.906
18.0517 201.957
18.0541 199.039
18.0565 196.148
18.0589 193.226
18.0613 190.331
18.0637 187.405
18.0661 184.507
18.0685 181.577
18.0709 178.621
18.0733 175.696
18.0757 172.744
18.0781 169.879
18.0805 166.979
18.0829 164.048
18.0853 161.146
18.0877 158.213
18.1158 150.644
18.1247 144.019
18.1336 138.224
18.1425 133.153
18.1514 128.715
18.1603 124.833
18.1692 121.435
18.1781 118.463
18.187 115.805
18.1959 113.536
18.2048 111.551
18.2137 109.814
18.2226 108.294
18.2315 106.963
18.2404 105.8
18.2492 104.782
18.2581 103.891
18.267 103.111
18.2759 102.429
18.2848 101.832
18.2937 101.309
18.3026 100.853
18.3115 100.453
18.3204 100.103
18.3293 99.797
18.3382 99.529
18.3471 99.2942
18.356 99.0331
18.3649 98.8605
18.3738 98.7099
18.3826 98.578
18.3915 98.462
18.4004 98.3612
18.4093 98.2728
18.4182 98.1954
18.4271 98.1278
18.436 98.0684
18.4449 98.0166
18.4538 97.971
18.4627 97.9316
18.4716 97.8964
18.4805 97.866
18.4894 97.8398
18.4983 97.8163
18.5072 97.7963
18.516 97.7783
18.5249 97.7624
18.5338 97.7493
18.5427 97.7369
18.5516 97.7265
18.5605 97.7175
18.5694 97.7093
18.5783 97.7023
18.5872 97.6968
18.5961 97.6913
18.605 97.6305
18.854 97.6057
18.908 99.6057
19.1546 100.383
19.1617 102.383
19.1688 104.275
19.1973 106.275
19.2044 108.08
19.2115 108.036
19.2186 107.997
19.2257 107.963
19.2328 109.963
19.24 111.789
19.2471 111.765
19.2542 111.745
19.2613 111.727
19.2684 113.727
19.2755 115.575
19.2826 115.563
19.2898 115.552
19.2969 115.542
19.3073 117.542
19.3241 119.419
19.4017 119.503
19.4082 119.824
19.4147 120.147
19.4212 120.472
19.4277 120.799
19.4342 122.799
19.4406 124.723
19.4841 126.723
19.4901 128.353
19.516 130.353
19.528 130.59
19.564 128.59
19.6265 129.069
19.6289 131.069
19.6313 133.069
19.6337 135.069
19.6366 137.069
19.6422 139.069
19.6478 141.069
19.6533 143.069
19.6589 143.09
19.6976 145.09
19.703 146.919
19.7204 148.021
20.8992 150.021
21.1071 148.021
22.6007 150.021
22.8062 148.021
24.2781 150.021
24.486 148.021
25.9736 150.021
26.1814 148.021
27.6366 91.241
27.6859 93.241
27.8913 91.241
29.308 93.241
29.308 4
29.32 6
29.32 4
29.3308 6
29.3308 4
29.3477 6
29.3477 4
29.3609 6
29.3609 4
29.3681 6
29.3681 4
29.3801 6
29.3801 4
29.3873 6
29.3873 4
29.3981 6
29.3981 4
29.4053 6
29.4053 4
29.415 6
29.415 4
29.4282 6
29.4282 4
29.4378 6
29.4378 4
29.4474 6
29.4474 4
29.4582 6
29.4582 4
29.4678 6
29.4678 4
29.4774 6
29.4774 4
29.4846 6
29.4846 4
29.4979 6
29.4979 4
29.5075 6
29.5075 4
29.5171 6
29.5171 4
29.5279 6
29.5279 4
29.5375 6
29.5375 4
29.5471 6
29.5471 4
29.5543 6
29.5543 4
29.5676 6
29.5676 4
29.7736 5
29.7736 4
29.904 6
29.904 4
29.916 6
29.916 4
29.9521 6
29.9521 4
29.9965 6
29.9965 4
30.0121 6
30.0121 4
30.0374 6
30.0374 4
30.0494 6
30.0494 4
30.0794 6
30.0794 4
30.0999 6
30.0999 4
30.1119 6
30.1119 4
30.1299 6
30.1299 4
30.1527 6
30.1527 4
30.1696 6
30.1696 4
30.1852 6
30.1852 4
30.1996 6
30.1996 4
30.22 6
30.22 4
30.2332 6
30.2332 4
30.2525 6
30.2525 4
30.2753 6
30.2753 4
31.1981 397.203
31.1981 325.32
32.2615 1
32.2627 3
32.2627 4
32.2784 6
32.2916 8
32.3084 10
32.324 12
32.3408 14
32.3565 16
32.3733 18
32.3889 20
32.4045 22
32.4214 24
32.437 26
32.4526 11.1015
32.9621 13.1015
32.9777 15.1015
32.9933 17.1015
33.0101 19.1015
33.027 21.1015
33.0426 23.1015
33.0594 25.1015
33.0762 27.1015
33.0918 29.1015
33.1075 31.1015
33.1219 33.1015
33.1387 35.1015
33.1555 37.1015
33.1712 39.1015
33.188 41.1015
33.2048 43.1015
33.2204 45.1015
33.2372 47.1015
33.2541 49.1015
33.2697 51.1015
33.2865 53.1015
33.3033 55.1015
33.319 57.1015
33.3334 59.1015
33.349 61.1015
33.3658 5.11948
34.726 1
36.4905 2
36.4905 4
38.4015 1
39.9592 2
39.9592 4
42.2075 1
43.9725 2
43.9725 4
46.6534 1
48.1134 2
48.1134 4
50.7065 1
52.3166 2
52.3166 4
54.9854 1
56.6244 2
56.6244 4
59.3423 1
61.0571 2
61.0571 4
63.8591 1
65.5408 2
65.5408 4
68.3259 1
69.2634 2
69.2634 4
72.1264 1
73.1542 2
73.1542 4
75.9295 1
76.9669 2
76.9669 4
79.6221 1
80.7327 2
80.7327 4
83.1947 1
84.5562 2
84.5562 4
86.8323 1
88.5959 2
88.5959 4
91.1726 1
92.7643 2
92.7643 4
95.3204 1
96.618 2
96.618 4
98.9366 1
