0.200111 1
0.200111 2
0.200111 3
0.200111 4
0.200111 5
0.200111 6
0.200111 7
0.200111 8
0.200111 9
0.207032 10
0.401609 9
0.401609 10
0.406416 8
0.40853 9
0.411222 7
0.41545 8
0.416029 6
0.420835 4
0.422371 5
0.429291 6
0.436212 7
0.443132 8
0.450052 9
0.456973 10
0.463893 11
0.470814 12
0.477734 13
0.484654 14
0.491575 15
0.498495 16
0.505416 17
0.512336 18
0.519256 19
0.603103 17
0.603103 18
0.610024 19
0.619926 17
0.619926 18
0.626846 19
0.631942 17
0.633766 18
0.640687 19
0.644626 17
0.647607 18
0.654528 19
0.658467 17
0.661448 18
0.668369 19
0.672307 17
0.675289 18
0.681698 19
0.686148 17
0.688107 18
0.6936 19
0.699093 20
0.699989 18
0.704587 19
0.709393 20
0.71383 18
0.7142 19
0.718472 20
0.722745 21
0.727018 22
0.73129 23
0.735563 24
0.739835 25
0.744108 26
0.748381 27
0.752653 28
0.756926 29
0.761198 30
0.765471 31
0.769743 32
0.774016 33
0.778289 34
0.782561 35
0.804597 33
0.804597 34
0.80887 35
0.813142 36
0.817415 37
0.831032 35
0.831032 36
0.835305 37
0.839577 38
0.84385 39
0.852661 37
0.852661 38
0.855064 36
0.856934 37
0.861206 38
0.862942 36
0.865479 37
0.869751 38
0.874024 39
0.876783 37
0.878296 38
0.882569 39
0.886842 40
0.8896 38
0.891114 39
0.895387 40
0.899659 41
0.900587 39
0.903932 40
0.908204 41
0.910887 39
0.912477 40
0.91675 41
0.919966 39
0.921022 40
0.925295 41
0.928511 39
0.929567 40
0.93384 41
0.937057 39
0.938113 40
0.94232 41
0.945602 39
0.946527 40
0.950411 41
0.954147 39
0.954295 40
0.957901 41
0.961508 42
0.962692 40
0.965114 41
0.96848 42
0.971237 40
0.971846 41
0.975002 42
0.978157 43
0.979782 41
0.981313 42
0.984283 43
0.987253 44
0.990223 45
0.993193 46
0.996163 47
0.999133 48
1.0021 49
1.00507 50
1.00609 48
1.00804 49
1.01101 50
1.01398 51
1.01695 52
1.01992 53
1.02289 54
1.02532 52
1.02586 53
1.02867 54
1.03148 55
1.03429 56
1.0371 57
1.03991 58
1.04272 59
1.04553 60
1.04834 61
1.05114 62
1.05395 63
1.05676 64
1.05896 62
1.05957 63
1.06202 64
1.06446 65
1.06691 66
1.06935 67
1.07819 65
1.07819 66
1.0805 67
1.08282 68
1.08514 69
1.10222 67
1.10222 68
1.10453 69
1.10462 67
1.10685 68
1.10703 66
1.10915 67
1.10943 65
1.11144 66
1.11183 64
1.11368 65
1.11423 63
1.11582 64
1.11664 62
1.11787 63
1.11904 61
1.11983 62
1.12172 63
1.12252 61
1.12361 62
1.12544 63
1.12728 64
1.12911 65
1.13094 66
1.13106 64
1.13277 65
1.1346 66
1.13643 67
1.13826 68
1.13961 66
1.14009 67
1.14192 68
1.14375 69
1.14558 70
1.14741 71
1.14802 69
1.14924 70
1.15107 71
1.15291 72
1.15474 73
1.15579 71
1.15657 72
1.1584 73
1.16023 74
1.16206 75
1.163 73
1.16389 74
1.16572 75
1.16755 76
1.16938 77
1.16997 75
1.17121 76
1.17304 77
1.17487 78
1.1765 76
1.1767 77
1.17854 78
1.18037 79
1.1822 80
1.18281 78
1.18403 79
1.18586 80
1.18769 81
1.18875 79
1.18952 80
1.19135 81
1.19318 82
1.19469 80
1.19501 81
1.19684 82
1.19867 83
1.2005 84
1.20063 82
1.20233 83
1.20416 84
1.206 85
1.20657 83
1.20783 84
1.20966 85
1.21149 86
1.21332 87
1.21515 88
1.21698 89
1.21881 90
1.2196 88
1.22064 89
1.2223 90
1.22396 91
1.22562 92
1.22728 93
1.22894 94
1.2306 95
1.23162 93
1.23226 94
1.23385 95
1.23545 96
1.23705 97
1.23864 98
1.24024 99
1.24183 100
1.24343 101
1.24363 99
1.24503 100
1.24656 101
1.2481 102
1.24964 103
1.25117 104
1.25271 105
1.25425 106
1.25565 104
1.25578 105
1.25732 106
1.25886 107
1.26039 108
1.26193 109
1.26347 110
1.265 111
1.26654 112
1.26766 110
1.26808 111
1.26961 112
1.27115 113
1.27269 114
1.27422 115
1.27576 116
1.2773 117
1.27883 118
1.28037 119
1.28191 120
1.28208 118
1.28344 119
1.28493 120
1.28642 121
1.28791 122
1.2894 123
1.2965 121
1.2965 122
1.29794 123
1.29938 124
1.30082 125
1.30852 123
1.30852 124
1.30991 125
1.3113 126
1.3127 127
1.32294 125
1.32294 126
1.32429 127
1.32564 128
1.32699 129
1.33255 127
1.33255 128
1.3339 129
1.33525 130
1.3366 131
1.34457 129
1.34457 130
1.34592 131
1.34727 132
1.34861 133
1.3662 131
1.3662 132
1.36754 133
1.36889 134
1.37024 135
1.37821 133
1.37821 134
1.37956 135
1.38091 136
1.38226 137
1.41426 135
1.41426 136
1.41561 137
1.41666 135
1.41696 136
1.41831 137
1.41907 135
1.41966 136
1.42101 137
1.42147 135
1.42236 136
1.4237 137
1.42387 135
1.42505 136
1.42628 134
1.4264 135
1.42775 136
1.42868 134
1.4291 135
1.43045 136
1.43108 134
1.4318 135
1.43315 136
1.43349 134
1.4345 135
1.43585 136
1.43589 134
1.4372 135
1.43829 133
1.43855 134
1.4399 135
1.44069 133
1.44124 134
1.44259 135
1.4431 133
1.44394 134
1.44529 135
1.4455 133
1.44664 134
1.4479 132
1.44799 133
1.44934 134
1.45031 132
1.45069 133
1.45204 134
1.45271 132
1.45339 133
1.45474 134
1.45511 132
1.45609 133
1.45744 134
1.45752 132
1.45879 133
1.45992 131
1.46013 132
1.46143 133
1.46232 131
1.46274 132
1.46404 133
1.46473 131
1.46533 132
1.4666 133
1.46713 131
1.46786 132
1.46912 133
1.46953 131
1.47038 132
1.47162 133
1.47194 131
1.47286 132
1.47407 133
1.47434 131
1.47528 132
1.47648 133
1.47674 131
1.47769 132
1.47886 133
1.47915 131
1.48004 132
1.48121 133
1.48155 131
1.48238 132
1.48354 133
1.4847 134
1.48585 135
1.48701 136
1.48817 137
1.48933 138
1.49048 139
1.49164 140
1.49236 138
1.4928 139
1.49393 140
1.49506 141
1.49619 142
1.49732 143
1.49845 144
1.49957 142
1.49958 143
1.50068 144
1.50179 145
1.50289 146
1.504 147
1.5051 148
1.50621 149
1.50731 150
1.50798 148
1.50842 149
1.5095 150
1.51058 151
1.51166 152
1.51274 153
1.51382 154
1.5149 155
1.51519 153
1.51598 154
1.51706 155
1.51814 156
1.51922 157
1.5203 158
1.52138 159
1.5224 157
1.52246 158
1.52354 159
1.52462 160
1.5257 161
1.52678 162
1.52786 163
1.52894 164
1.52961 162
1.53002 163
1.5311 164
1.53218 165
1.53326 166
1.53434 167
1.53542 168
1.5365 169
1.53682 167
1.53758 168
1.53866 169
1.53974 170
1.54082 171
1.5419 172
1.54298 173
1.54406 174
1.54514 175
1.54622 176
1.54644 174
1.5473 175
1.54838 176
1.54946 177
1.55054 178
1.55124 176
1.55162 177
1.5527 178
1.55378 179
1.55486 180
1.55594 181
1.55702 182
1.5581 183
1.55918 184
1.56026 185
1.56134 186
1.56242 187
1.56326 185
1.5635 186
1.56458 187
1.56566 188
1.56674 189
1.56806 187
1.56806 188
1.56914 189
1.57768 187
1.57768 188
1.57876 189
1.58369 187
1.58369 188
1.58477 189
1.5921 187
1.5921 188
1.59318 189
1.59931 187
1.59931 188
1.60039 189
1.60652 187
1.60652 188
1.6076 189
1.61373 187
1.61373 188
1.61481 189
1.62093 187
1.62093 188
1.62201 189
1.62814 187
1.62814 188
1.62922 189
1.63535 187
1.63535 188
1.63643 189
1.64256 187
1.64256 188
1.64364 189
1.64977 187
1.64977 188
1.65085 189
1.65698 187
1.65698 188
1.65806 189
1.65913 190
1.66021 191
1.66419 189
1.66419 190
1.66527 191
1.6714 189
1.6714 190
1.67248 191
1.68822 189
1.68822 190
1.6893 191
1.69543 189
1.69543 190
1.69651 191
1.71226 189
1.71226 190
1.71333 191
1.71947 189
1.71947 190
1.72054 191
1.74109 189
1.74109 190
1.74217 191
1.7483 189
1.7483 190
1.74938 191
1.76032 189
1.76032 190
1.76139 191
1.76753 189
1.76753 190
1.7686 191
1.78435 189
1.78435 190
1.78543 191
1.79156 189
1.79156 190
1.79264 191
1.82761 189
1.82761 190
1.82868 191
1.83482 189
1.83482 190
1.83589 191
1.85164 189
1.85164 190
1.85272 191
1.85885 189
1.85885 190
1.85993 191
1.92374 189
1.92374 190
1.92481 191
1.92614 189
1.92614 190
1.92722 191
1.92854 189
1.92854 190
1.92962 191
1.93095 189
1.93095 190
1.93202 191
1.93335 189
1.93335 190
1.93442 191
1.93575 189
1.93575 190
1.93683 191
1.93816 189
1.93816 190
1.93923 191
1.94056 189
1.94056 190
1.94163 191
1.94296 189
1.94296 190
1.94404 191
1.94537 189
1.94537 190
1.94644 191
1.94777 189
1.94777 190
1.94884 191
1.95017 189
1.95017 190
1.95125 191
1.95258 189
1.95258 190
1.95365 191
1.95498 189
1.95498 190
1.95605 191
1.95738 189
1.95738 190
1.95846 191
1.95979 189
1.95979 190
1.96086 191
1.96219 189
1.96219 190
1.96326 191
1.96459 189
1.96459 190
1.96567 191
1.967 189
1.967 190
1.96807 191
1.9694 189
1.9694 190
1.97047 191
1.9718 189
1.9718 190
1.97288 191
1.97421 189
1.97421 190
1.97528 191
1.97661 189
1.97661 190
1.97768 191
1.97901 189
1.97901 190
1.98009 191
1.98141 189
1.98141 190
1.98249 191
1.98382 189
1.98382 190
1.98489 191
1.98622 189
1.98622 190
1.9873 191
1.99343 189
1.99343 190
1.9945 191
2.00064 189
2.00064 190
2.00171 191
2.00785 189
2.00785 190
2.00892 191
2.01506 189
2.01506 190
2.01613 191
2.01746 189
2.01746 190
2.01854 191
2.02227 189
2.02227 190
2.02334 191
2.02828 189
2.02828 190
2.02935 191
2.03429 189
2.03429 190
2.03536 191
2.03669 189
2.03669 190
2.03776 191
2.0439 189
2.0439 190
2.04497 191
2.05111 189
2.05111 190
2.05218 191
2.05351 189
2.05351 190
2.05458 191
2.06072 189
2.06072 190
2.06179 191
2.06793 189
2.06793 190
2.069 191
2.07033 189
2.07033 190
2.07141 191
2.07754 189
2.07754 190
2.07862 191
2.08475 189
2.08475 190
2.08583 191
2.08716 189
2.08716 190
2.08823 191
2.09437 189
2.09437 190
2.09544 191
2.10157 189
2.10157 190
2.10265 191
2.10398 189
2.10398 190
2.10505 191
2.10999 189
2.10999 190
2.11106 191
2.11479 189
2.11479 190
2.11587 191
2.1208 189
2.1208 190
2.12187 191
2.1232 189
2.1232 190
2.12428 191
2.13041 189
2.13041 190
2.13149 191
2.13762 189
2.13762 190
2.1387 191
2.14123 189
2.14123 190
2.1423 191
2.14724 189
2.14724 190
2.14831 191
2.15445 189
2.15445 190
2.15552 191
2.15685 189
2.15685 190
2.15792 191
2.16286 189
2.16286 190
2.16393 191
2.16766 189
2.16766 190
2.16874 191
2.17367 189
2.17367 190
2.17474 191
2.18088 189
2.18088 190
2.18195 191
2.18809 189
2.18809 190
2.18916 191
2.19049 189
2.19049 190
2.19157 191
2.1929 189
2.1929 190
2.19397 191
2.20011 189
2.20011 190
2.20118 191
2.21693 189
2.21693 190
2.218 191
2.22894 189
2.22894 190
2.23002 191
2.24096 189
2.24096 190
2.24203 191
2.25298 189
2.25298 190
2.25405 191
2.26499 189
2.26499 190
2.26607 191
2.27701 189
2.27701 190
2.27808 191
2.28902 189
2.28902 190
2.2901 191
2.30104 189
2.30104 190
2.30211 191
2.31306 189
2.31306 190
2.31413 191
2.32507 189
2.32507 190
2.32615 191
2.33709 189
2.33709 190
2.33816 191
2.3491 189
2.3491 190
2.35018 191
2.35631 189
2.35631 190
2.35739 191
2.36352 189
2.36352 190
2.3646 191
2.37554 189
2.37554 190
2.37661 191
2.40678 189
2.40678 190
2.40786 191
2.4188 189
2.4188 190
2.41987 191
2.45004 189
2.45004 190
2.45111 191
2.46205 189
2.46205 190
2.46313 191
2.50291 189
2.50291 190
2.50398 191
2.51493 189
2.51493 190
2.516 191
2.53655 189
2.53655 190
2.53763 191
2.54857 189
2.54857 190
2.54964 191
2.57981 189
2.57981 190
2.58089 191
2.59183 189
2.59183 190
2.5929 191
2.66152 189
2.66152 190
2.66259 191
2.67354 189
2.67354 190
2.67461 191
2.70478 189
2.70478 190
2.70585 191
2.71679 189
2.71679 190
2.71787 191
2.84416 189
2.84416 190
2.84524 191
2.84657 189
2.84657 190
2.84764 191
2.84897 189
2.84897 190
2.85004 191
2.85137 189
2.85137 190
2.85245 191
2.85378 189
2.85378 190
2.85485 191
2.85618 189
2.85618 190
2.85725 191
2.85858 189
2.85858 190
2.85966 191
2.86099 189
2.86099 190
2.86206 191
2.86339 189
2.86339 190
2.86446 191
2.86579 189
2.86579 190
2.86687 191
2.8682 189
2.8682 190
2.86927 191
2.8706 189
2.8706 190
2.87167 191
2.873 189
2.873 190
2.87408 191
2.87541 189
2.87541 190
2.87648 191
2.87781 189
2.87781 190
2.87888 191
2.88021 189
2.88021 190
2.88129 191
2.88261 189
2.88261 190
2.88369 191
2.88502 189
2.88502 190
2.88609 191
2.88742 189
2.88742 190
2.8885 191
2.88982 189
2.88982 190
2.8909 191
2.89223 189
2.89223 190
2.8933 191
2.89463 189
2.89463 190
2.8957 191
2.89703 189
2.89703 190
2.89811 191
2.89944 189
2.89944 190
2.90051 191
2.90184 189
2.90184 190
2.90291 191
2.90424 189
2.90424 190
2.90532 191
2.90665 189
2.90665 190
2.90772 191
2.91866 189
2.91866 190
2.91974 191
2.93068 189
2.93068 190
2.93175 191
2.94269 189
2.94269 190
2.94377 191
2.95471 189
2.95471 190
2.95578 191
2.95711 189
2.95711 190
2.95819 191
2.96432 189
2.96432 190
2.9654 191
2.97153 189
2.97153 190
2.97261 191
2.97634 189
2.97634 190
2.97741 191
2.97874 189
2.97874 190
2.97982 191
2.98595 189
2.98595 190
2.98703 191
2.99316 189
2.99316 190
2.99424 191
2.99557 189
2.99557 190
2.99664 191
3.00277 189
3.00277 190
3.00385 191
3.01119 189
3.01119 190
3.01226 191
3.01359 189
3.01359 190
3.01466 191
3.0208 189
3.0208 190
3.02187 191
3.02801 189
3.02801 190
3.02908 191
3.03041 189
3.03041 190
3.03149 191
3.03762 189
3.03762 190
3.0387 191
3.04483 189
3.04483 190
3.0459 191
3.04723 189
3.04723 190
3.04831 191
3.05565 189
3.05565 190
3.05672 191
3.06045 189
3.06045 190
3.06153 191
3.06526 189
3.06526 190
3.06633 191
3.06766 189
3.06766 190
3.06874 191
3.07487 189
3.07487 190
3.07594 191
3.08208 189
3.08208 190
3.08315 191
3.08689 189
3.08689 190
3.08796 191
3.09169 189
3.09169 190
3.09277 191
3.1001 189
3.1001 190
3.10118 191
3.10251 189
3.10251 190
3.10358 191
3.10972 189
3.10972 190
3.11079 191
3.11452 189
3.11452 190
3.1156 191
3.11933 189
3.11933 190
3.1204 191
3.12654 189
3.12654 190
3.12761 191
3.13375 189
3.13375 190
3.13482 191
3.13615 189
3.13615 190
3.13723 191
3.13856 189
3.13856 190
3.13963 191
3.14697 189
3.14697 190
3.14804 191
3.16379 189
3.16379 190
3.16486 191
3.17701 189
3.17701 190
3.17808 191
3.18902 189
3.18902 190
3.1901 191
3.20104 189
3.20104 190
3.20211 191
3.21426 189
3.21426 190
3.21533 191
3.22627 189
3.22627 190
3.22735 191
3.23949 189
3.23949 190
3.24056 191
3.25151 189
3.25151 190
3.25258 191
3.26352 189
3.26352 190
3.2646 191
3.27674 189
3.27674 190
3.27781 191
3.28876 189
3.28876 190
3.28983 191
3.30197 189
3.30197 190
3.30305 191
3.30918 189
3.30918 190
3.31026 191
3.31639 189
3.31639 190
3.31747 191
3.32841 189
3.32841 190
3.32948 191
3.36205 189
3.36205 190
3.36313 191
3.37407 189
3.37407 190
3.37514 191
3.40651 189
3.40651 190
3.40759 191
3.41973 189
3.41973 190
3.4208 191
3.46179 189
3.46179 190
3.46286 191
3.475 189
3.475 190
3.47608 191
3.49663 189
3.49663 190
3.49771 191
3.50985 189
3.50985 190
3.51092 191
3.54229 189
3.54229 190
3.54337 191
3.55431 189
3.55431 190
3.55538 191
3.62761 189
3.62761 190
3.62868 191
3.64082 189
3.64082 190
3.6419 191
3.67327 189
3.67327 190
3.67434 191
3.68528 189
3.68528 190
3.68636 191
3.81866 189
3.81866 190
3.81974 191
3.82106 189
3.82106 190
3.82214 191
3.82347 189
3.82347 190
3.82454 191
3.82587 189
3.82587 190
3.82694 191
3.82827 189
3.82827 190
3.82935 191
3.83068 189
3.83068 190
3.83175 191
3.83308 189
3.83308 190
3.83415 191
3.83548 189
3.83548 190
3.83656 191
3.83789 189
3.83789 190
3.83896 191
3.84029 189
3.84029 190
3.84136 191
3.84269 189
3.84269 190
3.84377 191
3.8451 189
3.8451 190
3.84617 191
3.8475 189
3.8475 190
3.84857 191
3.8499 189
3.8499 190
3.85098 191
3.85231 189
3.85231 190
3.85338 191
3.85471 189
3.85471 190
3.85578 191
3.85711 189
3.85711 190
3.85819 191
3.85952 189
3.85952 190
3.86059 191
3.86192 189
3.86192 190
3.86299 191
3.86432 189
3.86432 190
3.8654 191
3.86673 189
3.86673 190
3.8678 191
3.86913 189
3.86913 190
3.8702 191
3.87153 189
3.87153 190
3.87261 191
3.87393 189
3.87393 190
3.87501 191
3.87634 189
3.87634 190
3.87741 191
3.87874 189
3.87874 190
3.87982 191
3.88114 189
3.88114 190
3.88222 191
3.89436 189
3.89436 190
3.89544 191
3.90638 189
3.90638 190
3.90745 191
3.9196 189
3.9196 190
3.92067 191
3.93161 189
3.93161 190
3.93269 191
3.93401 189
3.93401 190
3.93509 191
3.94122 189
3.94122 190
3.9423 191
3.94843 189
3.94843 190
3.94951 191
3.95444 189
3.95444 190
3.95552 191
3.95685 189
3.95685 190
3.95792 191
3.96405 189
3.96405 190
3.96513 191
3.97126 189
3.97126 190
3.97234 191
3.97367 189
3.97367 190
3.97474 191
3.98088 189
3.98088 190
3.98195 191
3.99049 189
3.99049 190
3.99156 191
3.99289 189
3.99289 190
4.0013 188
4.00186 189
4.00851 187
4.01084 188
4.01092 186
4.01813 184
4.01981 185
4.02534 183
4.02774 181
4.02878 182
4.03495 180
4.03775 181
4.04096 179
4.04576 177
4.04672 178
4.04817 176
4.05538 174
4.05569 175
4.06259 173
4.06466 174
4.06739 172
4.0722 170
4.07363 171
4.0826 172
4.08301 170
4.08542 168
4.09157 169
4.09263 167
4.09743 165
4.10054 166
4.10224 164
4.10945 162
4.10952 163
4.11666 161
4.11849 162
4.11906 160
4.12146 158
4.12746 159
4.12988 157
4.13643 158
4.1454 159
4.1467 157
4.15437 158
4.16232 156
4.16334 157
4.17231 158
4.17433 156
4.18128 157
4.18635 155
4.19025 156
4.19923 157
4.19957 155
4.2082 156
4.21158 154
4.21717 155
4.22614 156
4.22721 154
4.23511 155
4.23922 153
4.24408 154
4.25244 152
4.25305 153
4.26202 154
4.26445 152
4.27099 153
4.27647 151
4.27996 152
4.28893 153
4.29209 151
4.29791 152
4.2993 150
4.30651 148
4.30688 149
4.31585 150
4.31973 148
4.32482 149
4.33379 150
4.34276 151
4.35173 152
4.35457 150
4.3607 151
4.36659 149
4.36967 150
4.37864 151
4.38762 152
4.39659 153
4.40024 151
4.40556 152
4.41453 153
4.41465 151
4.4235 152
4.43247 153
4.44144 154
4.45041 155
4.45791 153
4.45938 154
4.46835 155
4.47233 153
4.47732 154
4.4863 155
4.49516 153
4.49527 154
4.50424 155
4.50718 153
4.51321 154
4.52218 155
4.53115 156
4.54012 157
4.54323 155
4.54909 156
4.55524 154
4.55806 155
4.56703 156
4.57601 157
4.58498 158
4.59395 159
4.60292 160
4.61189 161
4.62086 162
4.62983 163
4.63094 161
4.6388 162
4.64536 160
4.64777 161
4.65674 162
4.66571 163
4.67469 164
4.67901 162
4.68366 163
4.69102 161
4.69263 162
4.7016 163
4.71057 164
4.71954 165
4.72851 166
4.73748 167
4.74645 168
4.75542 169
4.7644 170
4.77337 171
4.78234 172
4.79131 173
4.80028 174
4.80925 175
4.81822 176
4.82719 177
4.83281 175
4.83521 173
4.83616 174
4.83762 172
4.84002 170
4.84242 168
4.84483 166
4.84513 167
4.84723 165
4.84963 163
4.85204 161
4.8541 162
4.85444 160
4.85684 158
4.85925 156
4.86165 154
4.86308 155
4.86405 153
4.86646 151
4.86886 149
4.87126 147
4.87205 148
4.87367 146
4.87607 144
4.87847 142
4.88088 140
4.88102 141
4.88328 139
4.88568 137
4.88809 135
4.88999 136
4.89049 134
4.89289 132
4.89529 130
4.89896 131
4.90731 129
4.90793 130
4.9169 131
4.91933 129
4.92587 130
4.93484 131
4.93495 129
4.94381 130
4.94696 128
4.94937 126
4.95279 127
4.95658 125
4.96176 126
4.96499 124
4.96979 122
4.97073 123
4.9722 121
4.97941 119
4.9797 120
4.98662 118
4.98867 119
4.98902 117
4.99623 115
4.99764 116
5.00661 117
5.00704 115
5.00945 113
5.01558 114
5.02387 112
5.02455 113
5.03352 114
5.03708 112
5.04249 113
5.0491 111
5.05147 112
5.06044 113
5.06112 111
5.06941 112
5.07838 113
5.07914 111
5.08735 112
5.08875 110
5.09632 111
5.10437 109
5.10529 110
5.11426 111
5.11639 109
5.12323 110
5.1322 111
5.13682 109
5.14118 110
5.15015 111
5.15364 109
5.15912 110
5.16809 111
5.17166 109
5.17706 110
5.18603 111
5.18969 109
5.195 110
5.20397 111
5.20891 109
5.21294 110
5.22191 111
5.22453 109
5.23088 110
5.23986 111
5.24136 109
5.24883 110
5.2578 111
5.25938 109
5.26677 110
5.27574 111
5.2774 109
5.28471 110
5.29368 111
5.29423 109
5.30265 110
5.31162 111
5.31225 109
5.32059 110
5.32956 111
5.33508 109
5.33854 110
5.34751 111
5.3495 109
5.35648 110
5.36545 111
5.37233 109
5.37442 110
5.38339 111
5.39035 109
5.39236 110
5.40133 111
5.40958 109
5.4103 110
5.41927 111
5.42825 112
5.43001 110
5.43722 111
5.44619 112
5.45043 110
5.45516 111
5.46413 112
5.46726 110
5.4731 111
5.48207 112
5.48768 110
5.49104 111
5.50001 112
5.50571 110
5.50898 111
5.51795 112
5.52493 110
5.52693 111
5.5359 112
5.54487 113
5.54536 111
5.55384 112
5.56281 113
5.56338 111
5.57178 112
5.58075 113
5.58501 111
5.58972 112
5.59869 113
5.60544 111
5.60766 112
5.61664 113
5.62561 114
5.62827 112
5.63458 113
5.64355 114
5.64509 112
5.65252 113
5.66149 114
5.66552 112
5.67046 113
5.67943 114
5.68595 112
5.6884 113
5.69737 114
5.70277 112
5.70634 113
5.71532 114
5.7232 112
5.72429 113
5.73326 114
5.74223 115
5.74603 113
5.7512 114
5.76017 115
5.76645 113
5.76914 114
5.77811 115
5.78688 113
5.78708 114
5.79605 115
5.80503 116
5.80851 114
5.814 115
5.82297 116
5.82894 114
5.83194 115
5.84091 116
5.84988 117
5.85177 115
5.85885 116
5.86782 117
5.86859 115
5.87099 113
5.8734 111
5.8758 109
5.87679 110
5.88576 111
5.88902 109
5.89473 110
5.90371 111
5.90584 109
5.91268 110
5.92165 111
5.92386 109
5.93062 110
5.93828 108
5.93959 109
5.94856 110
5.9515 108
5.95753 109
5.96352 107
5.9665 108
5.97547 109
5.98154 107
5.98444 108
5.99342 109
5.99716 107
6.00239 108
6.01136 109
6.01398 107
6.02033 108
6.0293 109
6.03081 107
6.03827 108
6.04724 109
6.05123 107
6.05621 108
6.06518 109
6.06926 107
6.07415 108
6.08312 109
6.08608 107
6.0921 108
6.10107 109
6.10651 107
6.11004 108
6.11901 109
6.12453 107
6.12798 108
6.13695 109
6.14376 107
6.14592 108
6.15489 109
6.16178 107
6.16386 108
6.17283 109
6.18181 110
6.18221 108
6.19078 109
6.19903 107
6.19975 108
6.20872 109
6.21769 110
6.21946 108
6.22666 109
6.23563 110
6.23748 108
6.2446 109
6.25357 110
6.25551 108
6.26254 109
6.27151 110
6.27473 108
6.28049 109
6.28946 110
6.29155 108
6.29843 109
6.3074 110
6.31198 108
6.31637 109
6.32534 110
6.33001 108
6.33431 109
6.34328 110
6.34923 108
6.35225 109
6.36122 110
6.36725 108
6.3702 109
6.37917 110
6.38768 108
6.38814 109
6.39711 110
6.40608 111
6.40691 109
6.41505 110
6.42402 111
6.42493 109
6.43299 110
6.44196 111
6.44536 109
6.45093 110
6.4599 111
6.46218 109
6.46888 110
6.47785 111
6.48261 109
6.48682 110
6.49579 111
6.50063 109
6.50476 110
6.51373 111
6.51986 109
6.5227 110
6.53167 111
6.53788 109
6.54064 110
6.54961 111
6.55831 109
6.55859 110
6.56756 111
6.57513 109
6.57653 110
6.5855 111
6.59447 112
6.59556 110
6.60344 111
6.61241 112
6.61599 110
6.62138 111
6.63035 112
6.63281 110
6.63932 111
6.64829 112
6.65324 110
6.65727 111
6.66624 112
6.67126 110
6.67521 111
6.68418 112
6.69049 110
6.69315 111
6.70212 112
6.70851 110
6.71109 111
6.72006 112
6.72894 110
6.72903 111
6.738 112
6.74698 113
6.74816 111
6.75595 112
6.76492 113
6.76619 111
6.77389 112
6.78286 113
6.78661 111
6.79183 112
6.8008 113
6.80464 111
6.80977 112
6.81874 113
6.82386 111
6.82771 112
6.83668 113
6.84069 111
6.84566 112
6.85463 113
6.86111 111
6.8636 112
6.87257 113
6.87433 111
6.88154 112
6.89051 113
6.89115 111
6.89948 112
6.90845 113
6.91158 111
6.91742 112
6.92639 113
6.9284 111
6.93537 112
6.94434 113
6.94643 111
6.95331 112
6.96228 113
6.96445 111
6.97125 112
6.98022 113
6.98368 111
6.98919 112
6.99816 113
7.0017 111
7.00713 112
7.0161 113
7.02213 111
7.02507 112
7.03405 113
7.03895 111
7.04302 112
7.05199 113
7.05938 111
7.06096 112
7.06993 113
7.0774 111
7.0789 112
7.08787 113
7.09542 111
7.09684 112
7.10581 113
7.11465 111
7.11478 112
7.12376 113
7.13147 111
7.13273 112
7.1417 113
7.15067 114
7.1519 112
7.15964 113
7.16861 114
7.16992 112
7.17758 113
7.18655 114
7.18915 112
7.19552 113
7.20449 114
7.20717 112
7.21346 113
7.22244 114
7.2276 112
7.23141 113
7.24038 114
7.24683 112
7.24935 113
7.25832 114
7.26485 112
7.26729 113
7.27626 114
7.28523 115
7.28528 113
7.2942 114
7.3021 112
7.30317 113
7.31215 114
7.32112 115
7.32253 113
7.33009 114
7.33906 115
7.34055 113
7.34803 114
7.357 115
7.35857 113
7.36597 114
7.37494 115
7.3778 113
7.38391 114
7.39288 115
7.39582 113
7.40185 114
7.41083 115
7.41505 113
7.4198 114
7.42877 115
7.43548 113
7.43774 114
7.44671 115
7.4535 113
7.45568 114
7.46465 115
7.47273 113
7.47362 114
7.48259 115
7.49075 113
7.49156 114
7.50054 115
7.50951 116
7.51118 114
7.51848 115
7.52745 116
7.528 114
7.53642 115
7.54539 116
7.54843 114
7.55436 115
7.56333 116
7.56525 114
7.5723 115
7.58127 116
7.58568 114
7.59024 115
7.59922 116
7.6037 114
7.60819 115
7.61716 116
7.62293 114
7.62613 115
7.6351 116
7.64215 114
7.64407 115
7.65304 116
7.66138 114
7.66201 115
7.67098 116
7.6782 114
7.67995 115
7.68893 116
7.6979 117
7.69863 115
7.70687 116
7.71584 117
7.71665 115
7.72481 116
7.73378 117
7.73588 115
7.74275 116
7.75172 117
7.7539 115
7.76069 116
7.76966 117
7.77433 115
7.77863 116
7.78761 117
7.79355 115
7.79658 116
7.80555 117
7.81158 115
7.81452 116
7.82349 117
7.83201 115
7.83246 116
7.84143 117
7.84883 115
7.8504 116
7.85937 117
7.86834 118
7.86925 116
7.87732 117
7.88629 118
7.88728 116
7.89526 117
7.90423 118
7.9053 116
7.9132 117
7.92217 118
7.92453 116
7.93114 117
7.94011 118
7.94135 116
7.94908 117
7.95805 118
7.96178 116
7.96702 117
7.976 118
7.9798 116
7.98497 117
7.99394 118
7.99903 116
8.00291 117
8.01188 118
8.01705 116
8.02085 117
8.02982 118
8.03748 116
8.03879 117
8.04776 118
8.0543 116
8.05673 117
8.06571 118
8.07468 119
8.07473 117
8.08365 118
8.09262 119
8.09275 117
8.10159 118
8.11056 119
8.11198 117
8.11953 118
8.1285 119
8.13 117
8.13747 118
8.14644 119
8.15043 117
8.15541 118
8.16439 119
8.16725 117
8.17336 118
8.18233 119
8.18648 117
8.1913 118
8.20027 119
8.2057 117
8.20924 118
8.21821 119
8.22493 117
8.22718 118
8.23615 119
8.24295 117
8.24512 118
8.2541 119
8.26307 120
8.26338 118
8.27204 119
8.2802 117
8.28101 118
8.28998 119
8.29895 120
8.30063 118
8.30792 119
8.31689 120
8.31745 118
8.32586 119
8.33483 120
8.33788 118
8.3438 119
8.35278 120
8.3559 118
8.36175 119
8.37072 120
8.37513 118
8.37969 119
8.38866 120
8.39556 118
8.39763 119
8.4066 120
8.41358 118
8.41557 119
8.42454 120
8.43281 118
8.43351 119
8.44248 120
8.45083 118
8.45146 119
8.46043 120
8.4694 121
8.47005 119
8.47837 120
8.48734 121
8.48808 119
8.49631 120
8.50528 121
8.5061 119
8.51425 120
8.52322 121
8.52653 119
8.53219 120
8.54117 121
8.54335 119
8.55014 120
8.55911 121
8.56378 119
8.56808 120
8.57705 121
8.58421 119
8.58602 120
8.59499 121
8.60103 119
8.60396 120
8.61293 121
8.62146 119
8.6219 120
8.63087 121
8.63948 119
8.63985 120
8.64882 121
8.65779 122
8.65871 120
8.66676 121
8.67573 122
8.67673 120
8.6847 121
8.69367 122
8.69596 120
8.70264 121
8.71161 122
8.71398 120
8.72058 121
8.72956 122
8.73321 120
8.73853 121
8.7475 122
8.75123 120
8.75647 121
8.76544 122
8.77166 120
8.77441 121
8.78338 122
8.78968 120
8.79235 121
8.80132 122
8.80891 120
8.81029 121
8.81926 122
8.82693 120
8.82824 121
8.83721 122
8.84618 123
8.84736 121
8.85515 122
8.86412 123
8.86418 121
8.87309 122
8.88206 123
8.88461 121
8.89103 122
8.9 123
8.90263 121
8.90897 122
8.91795 123
8.92186 121
8.92692 122
8.93589 123
8.93988 121
8.94486 122
8.95383 123
8.96031 121
8.9628 122
8.97177 123
8.97953 121
8.98074 122
8.98971 123
8.99756 121
8.99868 122
9.00765 123
9.01663 124
9.01678 122
9.0256 123
9.03457 124
9.03481 122
9.04354 123
9.05251 124
9.05283 122
9.06148 123
9.07045 124
9.07326 122
9.07942 123
9.08839 124
9.09008 122
9.09736 123
9.10634 124
9.11051 122
9.11531 123
9.12428 124
9.12733 122
9.13325 123
9.14222 124
9.14776 122
9.15119 123
9.16016 124
9.16578 122
9.16913 123
9.1781 124
9.18501 122
9.18707 123
9.19604 124
9.20303 122
9.20502 123
9.21399 124
9.22296 125
9.22346 123
9.23193 124
9.2409 125
9.24268 123
9.24987 124
9.25884 125
9.26071 123
9.26781 124
9.27678 125
9.27993 123
9.28575 124
9.29473 125
9.29796 123
9.3037 124
9.31267 125
9.31598 123
9.32164 124
9.33061 125
9.33641 123
9.33958 124
9.34855 125
9.35323 123
9.35752 124
9.36649 125
9.37366 123
9.37546 124
9.38443 125
9.39168 123
9.39341 124
9.40238 125
9.41091 123
9.41135 124
9.42032 125
9.42929 126
9.43133 124
9.43826 125
9.44723 126
9.44936 124
9.4562 125
9.46517 126
9.46858 124
9.47414 125
9.48312 126
9.48661 124
9.49209 125
9.50106 126
9.50704 124
9.51003 125
9.519 126
9.52386 124
9.52797 125
9.53694 126
9.54429 124
9.54591 125
9.55488 126
9.56111 124
9.56385 125
9.57282 126
9.57913 124
9.5818 125
9.59077 126
9.59956 124
9.59974 125
9.60871 126
9.61768 127
9.61878 125
9.62665 126
9.63562 127
9.63681 125
9.64459 126
9.65356 127
9.65724 125
9.66253 126
9.67151 127
9.67406 125
9.68048 126
9.68945 127
9.69449 125
9.69842 126
9.70739 127
9.71251 125
9.71636 126
9.72533 127
9.73173 125
9.7343 126
9.74327 127
9.74976 125
9.75224 126
9.76121 127
9.77019 128
9.77019 126
9.77916 127
9.78813 128
9.78941 126
9.7971 127
9.80607 128
9.80744 126
9.81504 127
9.82401 128
9.82666 126
9.83298 127
9.84195 128
9.84469 126
9.85092 127
9.8599 128
9.86271 126
9.86887 127
9.87784 128
9.88314 126
9.88681 127
9.89578 128
9.89996 126
9.90475 127
9.91372 128
9.92039 126
9.92269 127
9.93166 128
9.93721 126
9.94063 127
9.9496 128
9.95764 126
9.95858 127
9.96755 128
9.97652 129
9.97806 127
9.98549 128
9.99446 129
9.99489 127
10.0034 128
10.0124 129
10.0153 127
10.0214 128
10.0303 129
10.0333 127
10.0393 128
10.0483 129
10.0526 127
10.0573 128
10.0662 129
10.0706 127
10.0752 128
10.0842 129
10.091 127
10.0931 128
10.1021 129
10.1078 127
10.1111 128
10.1201 129
10.1271 127
10.129 128
10.138 129
10.1463 127
10.147 128
10.1559 129
10.1649 130
10.1655 128
10.1739 129
10.1828 130
10.1835 128
10.1918 129
10.2008 130
10.204 128
10.2208 126
10.2412 124
10.2592 122
10.2785 120
10.2965 118
10.3169 116
10.3337 114
10.3542 112
10.371 110
10.3914 108
10.4094 106
10.4287 104
10.4467 102
10.4671 100
10.4839 98
10.5044 96
10.5224 94
10.5416 92
10.5596 90
10.5801 88
10.5993 86
10.6173 84
10.6377 82
10.6546 80
10.6738 78
10.693 76
10.7098 74
10.7303 72
10.7471 70
10.7675 68
10.7879 66
10.8048 64
10.8252 62
10.8432 60
10.8624 58
10.8805 56
10.9009 54
10.9177 52
10.9369 50
10.9562 48
10.9754 46
10.9934 44
11.0138 42
11.0307 40
11.0511 38
11.0691 36
11.0883 34
11.1064 32
11.1268 30
11.1436 28
11.164 26
11.1833 24
11.2013 22
11.2205 20
11.2385 18
11.2566 16
11.277 14
11.2938 12
11.3142 10
11.3323 8
11.3515 6
11.3719 4
11.3899 2
11.3899 3
11.393 4
11.4092 2
11.4092 3
11.4123 4
12.5026 2
12.5026 3
12.5051 4
12.5076 5
12.5101 6
12.5126 7
12.515 8
12.5175 9
12.52 10
12.5219 8
12.5225 9
12.525 10
12.5275 11
12.5299 12
12.5324 13
12.5349 14
12.5374 15
12.5399 16
12.5424 17
12.5448 18
12.5473 19
12.5498 20
12.5523 21
12.5548 22
12.5573 23
12.5597 24
12.5622 25
12.5647 26
12.5672 27
12.5697 28
12.5722 29
12.5746 30
12.5771 31
12.5796 32
12.5821 33
12.5846 34
12.5871 35
12.5895 36
12.592 37
12.5945 38
12.597 39
12.5995 40
12.602 41
12.6044 42
12.6069 43
12.6094 44
12.6119 45
12.6144 46
12.6169 47
12.6193 48
12.6218 49
12.6243 50
12.6268 51
12.6293 52
12.6318 53
12.6342 54
12.6367 55
12.6392 56
12.6417 57
12.6442 58
12.6467 59
12.6491 60
12.6516 61
12.6541 62
12.6566 63
12.6591 64
12.6616 65
12.664 66
12.6665 67
12.669 68
12.6715 69
12.674 70
12.6765 71
12.6789 72
12.6814 73
12.6839 74
12.6864 75
12.6889 76
12.6914 77
12.6938 78
12.6963 79
12.6988 80
12.7013 81
12.7038 82
12.7063 83
12.7087 84
12.7112 85
12.7137 86
12.7162 87
12.7187 88
12.7212 89
12.7236 90
12.7261 91
12.7286 92
12.7311 93
12.7336 94
12.7361 95
12.7385 96
12.741 97
12.7435 98
12.746 99
12.7485 100
12.751 101
12.7534 102
12.7559 103
12.7584 104
12.7609 105
12.7634 106
12.7659 107
12.7683 108
12.7708 109
12.7733 110
12.7758 111
12.7783 112
12.7808 113
12.7832 114
12.7857 115
12.7882 116
12.7907 117
12.7932 118
12.7957 119
12.7981 120
12.8006 121
12.8031 122
12.8056 123
12.8081 124
12.8106 125
12.813 126
12.8155 127
12.818 128
12.8205 129
12.823 130
12.8255 131
12.8279 132
12.8304 133
12.8329 134
12.8354 135
12.8379 136
12.8404 137
12.8428 138
12.8453 139
12.8478 140
12.8503 141
12.8528 142
12.8553 143
12.8577 144
12.8602 145
12.8627 146
12.8652 147
12.8677 148
12.8702 149
12.8726 150
12.8751 151
12.8776 152
12.8801 153
12.8826 154
12.8851 155
12.8875 156
12.89 157
12.8925 158
12.895 159
12.8975 160
12.9 161
12.9024 162
12.9049 163
12.9074 164
12.9099 165
12.9124 166
12.9149 167
12.9173 168
12.9198 169
12.9223 170
12.9248 171
12.9273 172
12.9298 173
12.9322 174
12.9347 175
12.9372 176
12.9397 177
12.9422 178
12.9447 179
12.9471 180
12.9496 181
12.9521 182
12.9546 183
12.9571 184
12.9596 185
12.962 186
12.9645 187
12.967 188
12.9695 189
12.972 190
12.9745 191
12.9769 192
12.9794 193
12.9819 194
12.9844 195
13.6934 193
13.6934 194
13.6975 195
13.7017 196
13.7018 194
13.7058 195
13.709 193
13.7099 194
13.7141 195
13.7174 193
13.7182 194
13.7222 192
13.7223 193
13.7265 194
13.7295 192
13.7306 193
13.7347 194
13.7379 192
13.7389 193
13.743 194
13.7463 192
13.7471 193
13.7513 194
13.7547 192
13.7554 193
13.7595 194
13.7631 192
13.7637 193
13.7678 194
13.7703 192
13.7719 193
13.7761 194
13.7787 192
13.7802 193
13.7843 194
13.7859 192
13.7885 193
13.7926 194
13.7943 192
13.7967 193
13.8009 194
13.8016 192
13.805 193
13.8091 194
13.81 192
13.8133 193
13.8172 191
13.8174 192
13.8215 193
13.8256 191
13.8257 192
13.8298 193
13.8328 191
13.8339 192
13.8381 193
13.84 191
13.8422 192
13.8463 193
13.8484 191
13.8505 192
13.8546 193
13.8556 191
13.8588 192
13.8629 193
13.8652 191
13.867 192
13.8712 193
13.8737 191
13.8753 192
13.8794 193
13.8821 191
13.8836 192
13.8877 193
13.8893 191
13.8918 192
13.896 193
13.8977 191
13.9001 192
13.9042 193
13.9049 191
13.9084 192
13.9125 193
13.9133 191
13.9166 192
13.9205 190
13.9208 191
13.9249 192
13.9289 190
13.929 191
13.9332 192
13.9361 190
13.9373 191
13.9414 192
13.9433 190
13.9456 191
13.9497 192
13.9518 190
13.9538 191
13.958 192
13.959 190
13.9621 191
13.9662 192
13.9674 190
13.9704 191
13.9745 192
13.9746 190
13.9786 191
13.9828 192
13.9842 190
13.9869 191
13.991 192
13.9926 190
13.9952 191
13.9993 192
14.001 190
14.0034 191
14.0076 192
14.0082 190
14.0117 191
14.0158 192
14.0166 190
14.02 191
14.0239 189
14.0241 190
14.0282 191
14.0323 189
14.0324 190
14.0365 191
14.0395 189
14.0406 190
14.0448 191
14.0467 189
14.0489 190
14.053 191
14.0551 189
14.0572 190
14.0613 191
14.0623 189
14.0654 190
14.0696 191
14.0707 189
14.0737 190
14.0778 191
14.0779 189
14.082 190
14.0861 191
14.0863 189
14.0902 190
14.0935 188
14.0944 189
14.0985 190
14.1026 191
14.1032 189
14.1068 190
14.1109 191
14.1116 189
14.115 190
14.1192 191
14.12 189
14.1233 190
14.1272 188
14.1274 189
14.1316 190
14.1356 188
14.1357 189
14.1398 190
14.1428 188
14.144 189
14.1481 190
14.15 188
14.1522 189
14.1564 190
14.1584 188
14.1605 189
14.1646 190
14.1656 188
14.1688 189
14.1729 190
14.1741 188
14.177 189
14.1812 190
14.1813 188
14.1853 189
14.1894 190
14.1897 188
14.1936 189
14.1969 187
14.1977 188
14.2018 189
14.2053 187
14.206 188
14.2101 189
14.2125 187
14.2142 188
14.2184 189
14.2221 187
14.2225 188
14.2266 189
14.2305 187
14.2308 188
14.2349 189
14.2389 187
14.239 188
14.2432 189
14.2461 187
14.2473 188
14.2514 189
14.2546 187
14.2556 188
14.2597 189
14.2618 187
14.2638 188
14.268 189
14.2702 187
14.2721 188
14.2762 189
14.2774 187
14.2804 188
14.2845 189
14.2858 187
14.2886 188
14.2928 189
14.293 187
14.2969 188
14.301 189
14.3014 187
14.3052 188
14.3086 186
14.3093 187
14.3134 188
14.317 186
14.3176 187
14.3217 188
14.3243 186
14.3258 187
14.33 188
14.3327 186
14.3341 187
14.3382 188
14.3411 186
14.3424 187
14.3465 188
14.3506 189
14.3507 187
14.3548 188
14.3579 186
14.3589 187
14.363 188
14.3663 186
14.3672 187
14.3713 188
14.3735 186
14.3754 187
14.3796 188
14.3819 186
14.3837 187
14.3878 188
14.3891 186
14.392 187
14.3961 188
14.3975 186
14.4002 187
14.4044 188
14.4048 186
14.4085 187
14.4126 188
14.4132 186
14.4168 187
14.4204 185
14.4209 186
14.425 187
14.4288 185
14.4292 186
14.4333 187
14.436 185
14.4374 186
14.4416 187
14.4444 185
14.4457 186
14.4498 187
14.4516 185
14.454 186
14.4581 187
14.4622 188
14.4664 189
14.4705 190
14.4746 191
14.4788 192
14.4829 193
14.487 194
14.4912 195
14.4953 196
14.4994 197
14.5036 198
14.5077 199
14.5118 200
14.516 201
14.5201 202
14.5242 203
14.5284 204
14.5325 205
14.5366 206
14.5408 207
14.5449 208
14.549 209
14.5532 210
14.5573 211
14.5614 212
14.5656 213
14.5697 214
14.5738 215
14.578 216
14.5821 217
14.5862 218
14.5904 219
14.5945 220
14.5986 221
14.6028 222
14.6069 223
14.611 224
14.6152 225
14.6193 226
14.6234 227
14.6276 228
14.6317 229
14.6358 230
14.64 231
14.6441 232
14.6483 233
14.6524 234
14.6564 233
14.6565 234
14.6607 235
14.6648 236
14.6689 237
14.6731 238
14.6772 239
14.6813 240
14.6855 241
14.6896 242
14.6937 243
14.6979 244
14.702 245
14.7061 246
14.7103 247
14.7144 248
14.7185 249
14.7227 250
14.7268 251
14.7309 252
14.7351 253
14.7392 254
14.7433 255
14.7475 256
14.7516 257
14.7557 258
14.7599 259
14.764 260
14.7681 261
14.7723 262
14.7764 263
14.7805 264
14.7847 265
14.7888 266
14.7929 267
14.7971 268
14.8012 269
14.8053 270
14.8095 271
14.8136 272
14.8177 273
14.8219 274
14.826 275
14.8301 276
14.8343 277
14.8384 278
14.8425 279
14.8467 280
14.8508 281
14.8549 282
14.8591 283
14.8632 284
14.8673 285
14.8715 286
14.8756 287
14.8797 288
14.8839 289
14.888 290
14.8921 291
14.8963 292
14.9004 293
14.9045 294
14.9087 295
14.9128 296
14.9169 297
14.9211 298
14.9252 299
14.9293 300
14.9335 301
14.9376 302
14.9417 303
14.9459 304
14.95 305
14.9541 306
14.9583 307
14.9624 308
14.9665 309
14.9707 310
14.9748 311
14.9789 312
14.9831 313
14.9872 314
14.9913 315
14.9955 316
14.9996 317
15.0037 318
15.0079 319
15.012 320
15.0161 321
15.0203 322
15.0244 323
15.0285 324
15.0327 325
15.0368 326
15.0409 327
15.0451 328
15.0492 329
15.0533 330
15.0575 331
15.0616 332
15.0657 333
15.0699 334
15.074 335
15.0781 336
15.0823 337
15.0864 338
15.0905 339
15.0947 340
15.0988 341
15.1029 342
15.1071 343
15.1112 344
15.1153 345
15.1195 346
15.1236 347
15.1277 348
15.1319 349
15.136 350
15.1401 351
15.1443 352
15.1484 353
15.1525 354
15.1567 355
15.1608 356
15.1649 357
15.1691 358
15.1732 359
15.1773 360
15.1815 361
15.1856 362
15.1897 363
15.1939 364
15.198 365
15.2021 366
15.2063 367
15.2104 368
15.2145 369
15.2187 370
15.2228 371
15.2269 372
15.2311 373
15.2352 374
15.2393 375
15.2435 376
15.2476 377
15.2517 378
15.2559 379
15.26 380
15.2603 378
15.2641 379
15.2687 377
15.271 378
15.2779 379
15.2819 377
15.2848 378
15.2855 377
15.2903 375
15.2903 376
15.2939 375
15.2939 376
15.2976 375
15.3008 376
15.3012 375
15.3072 374
15.3077 375
15.3108 374
15.3144 373
15.3146 374
15.318 373
15.3215 374
15.324 373
15.3276 372
15.3284 373
15.3312 372
15.3348 371
15.3353 372
15.3384 371
15.3422 372
15.3444 371
15.3491 372
15.3492 371
15.3528 370
15.356 371
15.3564 370
15.36 369
15.3628 370
15.3648 369
15.3696 368
15.3697 369
15.3733 368
15.3766 369
15.3769 368
15.3805 367
15.3835 368
15.3841 367
15.3901 366
15.3904 367
15.3937 366
15.3973 365
15.3973 366
15.4009 365
15.4042 366
15.4045 365
15.4111 366
15.4141 365
15.4177 364
15.418 365
15.4225 363
15.4248 364
15.4261 363
15.4317 364
15.4321 363
15.4357 362
15.4381 361
15.4386 362
15.4418 361
15.4455 362
15.4478 361
15.4524 362
15.4526 361
15.4562 360
15.4586 359
15.4593 360
15.4634 359
15.4662 360
15.4682 359
15.473 358
15.4731 359
15.4766 358
15.48 359
15.4802 358
15.4838 357
15.4868 358
15.4874 357
15.4934 356
15.4937 357
15.497 356
15.5006 357
15.5006 356
15.5042 355
15.5075 356
15.5078 355
15.5144 356
15.5175 355
15.5211 354
15.5213 355
15.5259 353
15.5282 354
15.5295 353
15.5351 354
15.5355 353
15.5391 352
15.542 353
15.5427 352
15.5463 351
15.5488 352
15.5511 351
15.5557 352
15.5559 351
15.5595 350
15.5619 349
15.5626 350
15.5667 349
15.5695 350
15.5715 349
15.5763 348
15.5764 349
15.5799 348
15.5833 349
15.5835 348
15.5872 347
15.5902 348
15.5908 347
15.5968 346
15.5971 347
15.6004 346
15.604 347
15.604 346
15.6076 345
15.6109 346
15.6112 345
15.6177 346
15.6208 345
15.6244 344
15.6246 345
15.6292 343
15.6315 344
15.6328 343
15.6384 344
15.6388 343
15.6424 342
15.6453 343
15.646 342
15.6496 341
15.6522 342
15.6532 341
15.6568 340
15.6591 341
15.6629 340
15.666 341
15.6665 340
15.6701 339
15.6729 340
15.6761 339
15.6797 338
15.6797 339
15.6833 338
15.6866 339
15.6869 338
15.6905 337
15.6935 338
15.6941 337
15.7001 336
15.7004 337
15.7037 336
15.7073 337
15.7073 336
15.7109 335
15.7142 336
15.7145 335
15.7211 336
15.7241 335
15.7277 334
15.728 335
15.7325 333
15.7349 334
15.7362 333
15.7417 334
15.7422 333
15.7458 332
15.7486 333
15.7494 332
15.753 331
15.7555 332
15.7566 331
15.7602 330
15.7624 331
15.7662 330
15.7693 331
15.7698 330
15.7734 329
15.7762 330
15.777 329
15.7806 328
15.7831 329
15.7866 328
15.79 329
15.7902 328
15.7938 327
15.7969 328
15.7974 327
15.8034 326
15.8037 327
15.807 326
15.8106 327
15.8107 326
15.8143 325
15.8175 326
15.8179 325
15.8239 324
15.8244 325
15.8275 324
15.8313 325
15.8323 324
15.8347 323
15.8382 324
15.8395 323
15.8443 322
15.8451 323
15.8491 322
15.852 323
15.8527 322
15.8563 321
15.8589 322
15.8599 321
15.8658 322
15.8659 321
15.8695 320
15.8726 321
15.8731 320
15.8767 319
15.8795 320
15.8803 319
15.8839 318
15.8864 319
15.8912 318
15.8933 319
15.8948 318
15.8972 317
15.9002 318
15.9008 317
15.9056 316
15.9071 317
15.9104 316
15.914 317
15.914 316
15.9176 315
15.9209 316
15.9212 315
15.9272 314
15.9278 315
15.9308 314
15.9344 313
15.9346 314
15.938 313
15.9415 314
15.9428 313
15.9476 312
15.9484 313
15.9524 312
15.9553 313
15.956 312
15.9584 311
15.9622 312
15.9645 311
15.9691 312
15.9693 311
15.9729 310
15.976 311
15.9765 310
15.9801 309
15.9829 310
15.9837 309
15.9897 308
15.9898 309
15.9933 308
15.9966 309
15.9969 308
16.0005 307
16.0035 308
16.0041 307
16.0089 306
16.0104 307
16.0137 306
16.0173 307
16.0173 306
16.0209 305
16.0242 306
16.0269 305
16.0311 306
16.0341 305
16.038 306
16.039 305
16.0438 303
16.0449 304
16.0474 303
16.051 302
16.0518 303
16.0558 302
16.0586 303
16.0606 302
16.063 301
16.0655 302
16.0678 301
16.0724 302
16.0726 301
16.0793 302
16.0798 301
16.0846 300
16.0862 301
16.0894 299
16.0918 298
16.0931 299
16.0966 298
16.1 299
16.1014 298
16.1069 299
16.1086 298
16.1135 297
16.1138 298
16.1183 296
16.1207 297
16.1207 296
16.1255 295
16.1275 296
16.1303 295
16.1344 296
16.1375 295
16.1413 296
16.1423 295
16.1471 293
16.1482 294
16.1507 293
16.1543 292
16.1551 293
16.1591 292
16.162 293
16.1639 292
16.1663 291
16.1689 292
16.1711 291
16.1758 292
16.1759 291
16.1827 292
16.1831 291
16.188 290
16.1895 291
16.1928 289
16.1952 288
16.1964 289
16.2 288
16.2033 289
16.2048 288
16.2102 289
16.212 288
16.2168 287
16.2171 288
16.2216 286
16.224 287
16.224 286
16.2288 285
16.2309 286
16.2336 285
16.2378 286
16.2408 285
16.2447 286
16.2456 285
16.2504 283
16.2515 284
16.254 283
16.2576 282
16.2584 283
16.2625 282
16.2653 283
16.2673 282
16.2697 281
16.2722 282
16.2745 281
16.2791 282
16.2793 281
16.286 282
16.2865 281
16.2913 280
16.2929 281
16.2961 279
16.2985 278
16.2998 279
16.3033 278
16.3067 279
16.3081 278
16.3135 279
16.3153 278
16.3201 277
16.3204 278
16.3249 276
16.3273 277
16.3273 276
16.3321 275
16.3342 276
16.337 275
16.3411 276
16.3442 275
16.348 276
16.349 275
16.3538 273
16.3549 274
16.3574 273
16.361 272
16.3618 273
16.3658 272
16.3687 273
16.3706 272
16.373 271
16.3755 272
16.3778 271
16.3824 272
16.3826 271
16.3893 272
16.3898 271
16.3946 270
16.3962 271
16.3994 269
16.4018 268
16.4031 269
16.4066 268
16.41 269
16.4115 268
16.4169 269
16.4187 268
16.4235 267
16.4238 268
16.4283 266
16.4289 267
16.4307 266
16.4341 267
16.4355 266
16.4393 267
16.4403 266
16.4444 267
16.4475 266
16.4496 267
16.4523 266
16.4548 267
16.4571 265
16.4599 266
16.4607 265
16.4643 264
16.4651 265
16.4691 264
16.4703 265
16.4739 264
16.4754 265
16.4763 264
16.4806 265
16.4811 264
16.4858 265
16.486 264
16.4909 265
16.4932 264
16.4961 265
16.498 264
16.5013 265
16.5028 263
16.5052 262
16.5064 263
16.51 262
16.5116 263
16.5148 262
16.5168 263
16.5219 264
16.522 263
16.5268 262
16.5271 263
16.5316 261
16.5323 262
16.534 261
16.5374 262
16.5388 261
16.5426 262
16.5436 261
16.5478 262
16.5508 261
16.5529 262
16.5556 261
16.5581 262
16.5605 260
16.5633 261
16.5641 260
16.5677 259
16.5684 260
16.5725 259
16.5736 260
16.5773 259
16.5788 260
16.5797 259
16.5839 260
16.5845 259
16.5891 260
16.5893 259
16.5943 260
16.5965 259
16.5994 260
16.6013 259
16.6046 260
16.6061 258
16.6085 257
16.6098 258
16.6133 257
16.6149 258
16.6181 257
16.6201 258
16.6253 259
16.6253 258
16.6301 257
16.6304 258
16.6349 256
16.6356 257
16.6374 256
16.6408 257
16.6422 256
16.6459 257
16.647 256
16.6511 257
16.6542 256
16.6563 257
16.659 256
16.6615 257
16.6638 255
16.6666 256
16.6674 255
16.671 254
16.6718 255
16.6758 254
16.677 255
16.6806 254
16.6821 255
16.683 254
16.6873 255
16.6878 254
16.6925 255
16.6926 254
16.6976 255
16.6998 254
16.7028 255
16.7046 254
16.708 255
16.7094 253
16.7119 252
16.7131 253
16.7167 252
16.7183 253
16.7215 252
16.7235 253
16.7286 254
16.7287 253
16.7335 252
16.7338 253
16.7383 251
16.739 252
16.7407 251
16.7441 252
16.7455 251
16.7493 252
16.7503 251
16.7545 252
16.7575 251
16.7596 252
16.7623 251
16.7648 252
16.7671 250
16.77 251
16.7707 250
16.7743 249
16.7751 250
16.7791 249
16.7803 250
16.7839 249
16.7855 250
16.7876 249
16.7888 248
16.79 247
16.7906 248
16.7912 247
16.7924 246
16.7936 245
16.7948 244
16.7958 245
16.796 244
16.7972 243
16.7984 242
16.7996 241
16.8008 240
16.801 241
16.802 240
16.8032 239
16.8044 238
16.8054 239
16.8056 238
16.8068 237
16.808 236
16.8092 235
16.8099 236
16.8104 235
16.8116 234
16.8128 233
16.814 232
16.8143 233
16.8152 232
16.8164 231
16.8176 230
16.8188 231
16.8188 230
16.82 229
16.8212 228
16.8224 227
16.8232 228
16.8236 227
16.8248 226
16.826 225
16.8272 224
16.8276 225
16.8284 224
16.8296 223
16.8308 222
16.832 221
16.8321 222
16.8332 221
16.8344 220
16.8356 219
16.8365 220
16.8368 219
16.838 218
16.8392 217
16.8404 216
16.841 217
16.8416 216
16.8428 215
16.844 214
16.8452 213
16.8454 214
16.8464 213
16.8476 212
16.8488 211
16.8499 212
16.85 211
16.8512 210
16.8524 209
16.8536 208
16.8543 209
16.8548 208
16.856 207
16.8572 206
16.8584 205
16.8588 206
16.8596 205
16.8609 204
16.8621 203
16.8632 204
16.8633 203
16.8645 202
16.8657 201
16.8669 200
16.8677 201
16.8681 200
16.8693 199
16.8705 198
16.8717 197
16.8721 198
16.8729 197
16.8741 196
16.8753 195
16.8765 194
16.8766 195
16.8777 194
16.8789 193
16.8801 192
16.881 193
16.8813 192
16.8825 191
16.8837 190
16.8849 189
16.8855 190
16.8861 189
16.8873 188
16.8885 187
16.8897 186
16.8899 187
16.8909 186
16.8921 185
16.8933 184
16.8943 185
16.8981 184
16.8988 185
16.9032 186
16.9041 185
16.9077 186
16.9101 185
16.9121 186
16.9161 185
16.9166 186
16.921 187
16.9233 186
16.9255 187
16.9281 186
16.9299 187
16.9341 186
16.9344 187
16.9388 188
16.9414 187
16.9433 188
16.9474 187
16.9477 188
16.9522 189
16.9534 188
16.9566 189
16.9594 188
16.961 189
16.9654 188
16.9655 189
16.9699 190
16.9714 189
16.9744 190
16.9774 189
16.9788 190
16.9833 191
16.9834 190
16.9877 191
16.9894 190
16.9922 191
16.9954 190
16.9966 191
17.0011 192
17.0014 191
17.0055 192
17.0074 191
17.01 192
17.0135 191
17.0144 192
17.0189 193
17.0195 192
17.0233 193
17.0255 192
17.0277 193
17.0322 194
17.0327 193
17.0366 194
17.0387 193
17.0411 194
17.0447 193
17.0455 194
17.05 195
17.0507 194
17.0544 195
17.0567 194
17.0589 195
17.0627 194
17.0633 195
17.0678 196
17.0687 195
17.0722 196
17.0747 195
17.0767 196
17.0807 195
17.0811 196
17.0856 197
17.0868 196
17.09 197
17.0928 196
17.0944 197
17.0989 198
17.1 197
17.1033 198
17.1072 197
17.1078 198
17.112 197
17.1122 198
17.1167 199
17.118 198
17.1211 199
17.1252 198
17.1256 199
17.13 200
17.1312 199
17.1345 200
17.1372 199
17.1389 200
17.1434 201
17.1444 200
17.1478 201
17.1504 200
17.1523 201
17.1564 200
17.1567 201
17.1611 202
17.1625 201
17.1656 202
17.1697 201
17.17 202
17.1745 203
17.1757 202
17.1789 203
17.1817 202
17.1834 203
17.1877 202
17.1878 203
17.1923 204
17.1949 203
17.1967 204
17.2012 205
17.2021 204
17.2056 205
17.2069 204
17.2101 205
17.2129 204
17.2145 205
17.219 206
17.2201 205
17.2234 206
17.2261 205
17.2278 206
17.2321 205
17.2323 206
17.2367 207
17.2394 206
17.2412 207
17.2454 206
17.2456 207
17.2501 208
17.2514 207
17.2545 208
17.2574 207
17.259 208
17.2634 209
17.2646 208
17.2679 209
17.2706 208
17.2723 209
17.2766 208
17.2768 209
17.2812 210
17.2826 209
17.2857 210
17.2898 209
17.2901 210
17.2945 211
17.297 210
17.299 211
17.3018 210
17.3034 211
17.3078 210
17.3079 211
17.3123 212
17.3151 211
17.3168 212
17.3211 211
17.3212 212
17.3257 213
17.3271 212
17.3301 213
17.3332 212
17.3346 213
17.339 214
17.3392 213
17.3435 214
17.3452 213
17.3479 214
17.3512 213
17.3524 214
17.3568 215
17.3584 214
17.3612 215
17.3644 214
17.3657 215
17.3701 216
17.3704 215
17.3746 216
17.3764 215
17.379 216
17.3835 217
17.3836 216
17.3879 217
17.3908 216
17.3924 217
17.3956 216
17.3968 217
17.4013 218
17.4017 217
17.4057 218
17.4089 217
17.4102 218
17.4146 219
17.4149 218
17.4191 219
17.4209 218
17.4235 219
17.4279 220
17.4281 219
17.4324 220
17.4341 219
17.4368 220
17.4401 219
17.4413 220
17.4457 221
17.4461 220
17.4502 221
17.4533 220
17.4546 221
17.4591 222
17.4593 221
17.4635 222
17.4641 221
17.468 222
17.4689 221
17.4724 222
17.4749 221
17.4769 222
17.4798 221
17.4813 222
17.4846 221
17.4858 222
17.4902 223
17.4906 222
17.4946 223
17.4954 222
17.499 221
17.4991 222
17.5035 223
17.5038 222
17.508 223
17.5098 222
17.5124 223
17.5146 222
17.5169 223
17.5194 222
17.5213 223
17.5254 222
17.5258 223
17.5302 224
17.5302 223
17.5347 224
17.535 223
17.5391 224
17.5398 223
17.5436 224
17.5446 223
17.548 224
17.5494 223
17.5525 224
17.5555 223
17.5569 224
17.5603 223
17.5613 224
17.5651 223
17.5658 224
17.5699 223
17.5702 224
17.5747 225
17.5759 224
17.5791 225
17.5807 224
17.5836 225
17.5855 224
17.588 225
17.5915 224
17.5925 225
17.5963 224
17.5969 225
17.5999 224
17.6014 225
17.6047 224
17.6058 225
17.6103 226
17.6107 225
17.6147 226
17.6155 225
17.6192 226
17.6203 225
17.6236 226
17.6264 225
17.628 226
17.6312 225
17.6325 226
17.636 225
17.6369 226
17.6408 225
17.6414 226
17.6456 225
17.6458 226
17.6503 227
17.6504 226
17.6547 227
17.6564 226
17.6592 227
17.6612 226
17.6636 227
17.666 226
17.6681 227
17.6708 226
17.6725 227
17.6768 226
17.677 227
17.6814 228
17.6816 227
17.6859 228
17.6864 227
17.6903 228
17.6924 227
17.6947 228
17.6972 227
17.6992 228
17.7009 227
17.7036 228
17.7057 227
17.7081 228
17.7117 227
17.7125 228
17.7165 227
17.717 228
17.7213 227
17.7214 228
17.7259 229
17.7273 228
17.7303 229
17.7321 228
17.7348 229
17.7369 228
17.7392 229
17.7417 228
17.7437 229
17.7465 228
17.7481 229
17.7513 228
17.7526 229
17.757 230
17.7573 229
17.7614 230
17.7621 229
17.7659 230
17.7669 229
17.7703 230
17.7717 229
17.7748 230
17.7777 229
17.7792 230
17.7825 229
17.7837 230
17.7874 229
17.7881 230
17.7926 231
17.7934 230
17.797 231
17.7982 230
17.8066 228
17.815 226
17.8186 224
17.821 222
17.8234 220
17.8258 218
17.8282 216
17.8306 214
17.833 212
17.8354 210
17.8378 208
17.8402 206
17.8426 204
17.845 202
17.8474 200
17.8498 198
17.8522 196
17.8546 194
17.857 192
17.8594 190
17.8618 188
17.8642 186
17.8666 184
17.8691 182
17.8715 180
17.8739 178
17.8763 176
17.8787 174
17.8811 172
17.8835 170
17.8859 168
17.8883 166
17.8907 164
17.8931 162
17.8955 160
17.8979 158
17.9003 156
17.9027 154
17.9051 152
17.9075 150
17.9099 148
17.9099 149
17.9123 147
17.9144 148
17.9147 146
17.9171 144
17.9188 145
17.9195 143
17.9219 141
17.9232 142
17.9243 140
17.9267 138
17.9277 139
17.9291 137
17.9315 135
17.9321 136
17.9339 134
17.9363 132
17.9366 133
17.9387 131
17.941 132
17.9411 130
17.9436 128
17.9455 129
17.946 127
17.9484 125
17.9499 126
17.9508 124
17.9532 122
17.9544 123
17.9556 121
17.958 119
17.9588 120
17.9604 118
17.9628 116
17.9633 117
17.9652 115
17.9676 113
17.9677 114
17.97 112
17.9722 113
17.9724 111
17.9748 109
17.9766 110
17.9772 108
17.9796 106
17.9811 107
17.982 105
17.9844 103
17.9855 104
17.9868 102
17.9892 100
17.9899 101
17.9916 99
17.994 97
17.9944 98
17.9964 96
17.9988 94
17.9988 95
18.0012 93
18.0033 94
18.0036 92
18.006 90
18.0077 91
18.0084 89
18.0108 87
18.0122 88
18.0132 86
18.0156 84
18.0166 85
18.0181 83
18.0205 81
18.0211 82
18.0229 80
18.0253 78
18.0255 79
18.0277 77
18.03 78
18.0301 76
18.0325 74
18.0344 75
18.0349 73
18.0373 71
18.0389 72
18.0397 70
18.0421 68
18.0433 69
18.0445 67
18.0469 65
18.0478 66
18.0493 64
18.0517 62
18.0522 63
18.0541 61
18.0565 59
18.0566 60
18.0589 58
18.0611 59
18.0613 57
18.0637 55
18.0655 56
18.0661 54
18.0685 52
18.07 53
18.0709 51
18.0733 49
18.0744 50
18.0757 48
18.0781 46
18.0789 47
18.0805 45
18.0829 43
18.0833 44
18.0853 42
18.0877 40
18.0878 41
18.0922 42
18.0967 43
18.1011 44
18.1056 45
18.11 46
18.1145 47
18.1158 45
18.1189 46
18.1233 47
18.1247 45
18.1278 46
18.1322 47
18.1336 45
18.1367 46
18.1411 47
18.1425 45
18.1456 46
18.15 47
18.1514 45
18.1545 46
18.1589 47
18.1603 45
18.1634 46
18.1678 47
18.1692 45
18.1723 46
18.1767 47
18.1781 45
18.1812 46
18.1856 47
18.187 45
18.19 46
18.1945 47
18.1959 45
18.1989 46
18.2034 47
18.2048 45
18.2078 46
18.2123 47
18.2137 45
18.2167 46
18.2212 47
18.2226 45
18.2256 46
18.2301 47
18.2315 45
18.2345 46
18.239 47
18.2404 45
18.2434 46
18.2479 47
18.2492 45
18.2523 46
18.2567 47
18.2581 45
18.2612 46
18.2656 47
18.267 45
18.2701 46
18.2745 47
18.2759 45
18.279 46
18.2834 47
18.2848 45
18.2879 46
18.2923 47
18.2937 45
18.2968 46
18.3012 47
18.3026 45
18.3057 46
18.3101 47
18.3115 45
18.3146 46
18.319 47
18.3204 45
18.3234 46
18.3279 47
18.3293 45
18.3323 46
18.3368 47
18.3382 45
18.3412 46
18.3457 47
18.3471 45
18.3501 46
18.3546 47
18.356 45
18.359 46
18.3635 47
18.3649 45
18.3679 46
18.3724 47
18.3738 45
18.3768 46
18.3813 47
18.3826 45
18.3857 46
18.3901 47
18.3915 45
18.3946 46
18.399 47
18.4004 45
18.4035 46
18.4079 47
18.4093 45
18.4124 46
18.4168 47
18.4182 45
18.4213 46
18.4257 47
18.4271 45
18.4302 46
18.4346 47
18.436 45
18.4391 46
18.4435 47
18.4449 45
18.448 46
18.4524 47
18.4538 45
18.4568 46
18.4613 47
18.4627 45
18.4657 46
18.4702 47
18.4716 45
18.4746 46
18.4791 47
18.4805 45
18.4835 46
18.488 47
18.4894 45
18.4924 46
18.4969 47
18.4983 45
18.5013 46
18.5058 47
18.5072 45
18.5102 46
18.5147 47
18.516 45
18.5191 46
18.5235 47
18.5249 45
18.528 46
18.5324 47
18.5338 45
18.5369 46
18.5413 47
18.5427 45
18.5458 46
18.5502 47
18.5516 45
18.5547 46
18.5591 47
18.5605 45
18.5636 46
18.568 47
18.5694 45
18.5725 46
18.5769 47
18.5783 45
18.5814 46
18.5858 47
18.5872 45
18.5902 46
18.5947 47
18.5961 45
18.5991 46
18.6036 47
18.605 45
18.608 46
18.6125 47
18.6139 45
18.6169 46
18.6214 47
18.6228 45
18.6258 46
18.6303 47
18.6317 45
18.6347 46
18.6392 47
18.6406 45
18.6436 46
18.6481 47
18.6494 45
18.6525 46
18.6569 47
18.6583 45
18.6614 46
18.6658 47
18.6672 45
18.6703 46
18.6747 47
18.6761 45
18.6792 46
18.6836 47
18.685 45
18.6881 46
18.6925 47
18.697 48
18.6981 46
18.7014 47
18.7028 45
18.7059 46
18.7103 47
18.7117 45
18.7148 46
18.7192 47
18.7206 45
18.7236 46
18.7281 47
18.7295 45
18.7325 46
18.737 47
18.7384 45
18.7414 46
18.7459 47
18.7473 45
18.7503 46
18.7548 47
18.7562 45
18.7592 46
18.7637 47
18.7651 45
18.7681 46
18.7726 47
18.774 45
18.777 46
18.7814 47
18.7828 45
18.7859 46
18.7903 47
18.7917 45
18.7948 46
18.7992 47
18.8006 45
18.8037 46
18.8081 47
18.8095 45
18.8126 46
18.817 47
18.8184 45
18.8215 46
18.8259 47
18.8273 45
18.8304 46
18.8348 47
18.8362 45
18.8393 46
18.8437 47
18.8451 45
18.8481 46
18.8526 47
18.854 45
18.857 46
18.8615 47
18.8629 45
18.8659 46
18.8704 47
18.8718 45
18.8748 46
18.8793 47
18.8807 45
18.8837 46
18.8882 47
18.8896 45
18.8926 46
18.8971 47
18.9015 48
18.902 46
18.906 47
18.908 45
18.9104 46
18.914 47
18.9162 45
18.9175 46
18.9211 47
18.9246 48
18.9251 46
18.9282 47
18.9317 48
18.934 46
18.9353 47
18.9389 48
18.9424 49
18.9429 47
18.946 48
18.9495 49
18.9518 47
18.9531 48
18.9566 49
18.9602 50
18.9607 48
18.9638 49
18.9673 50
18.9696 48
18.9709 49
18.9744 50
18.978 51
18.9785 49
18.9815 50
18.9851 51
18.9874 49
18.9887 50
18.9922 51
18.9958 52
18.9963 50
18.9993 51
19.0029 52
19.0052 50
19.0065 51
19.01 52
19.0136 53
19.0141 51
19.0171 52
19.0207 53
19.023 51
19.0242 52
19.0278 53
19.0314 54
19.0319 52
19.0349 53
19.0385 54
19.0408 52
19.042 53
19.0456 54
19.0491 55
19.0496 53
19.0527 54
19.0563 55
19.0585 53
19.0598 54
19.0634 55
19.0669 56
19.0674 54
19.0705 55
19.074 56
19.0763 54
19.0776 55
19.0812 56
19.0847 57
19.0852 55
19.0883 56
19.0918 57
19.0941 55
19.0954 56
19.0989 57
19.1025 58
19.1061 59
19.1094 57
19.1096 58
19.1132 59
19.1167 60
19.1203 61
19.1214 59
19.1238 57
19.1238 58
19.1262 56
19.1274 57
19.131 58
19.1332 56
19.1345 57
19.1381 58
19.1404 56
19.1416 57
19.1452 58
19.1475 56
19.1487 57
19.1523 58
19.1546 56
19.1559 57
19.1594 58
19.1617 56
19.1629 57
19.1663 58
19.1688 56
19.1697 57
19.1731 58
19.1759 56
19.1765 57
19.1798 58
19.183 56
19.1832 57
19.1866 58
19.19 59
19.1902 57
19.1934 58
19.1968 59
19.1973 57
19.2002 58
19.2034 59
19.2044 57
19.2067 58
19.2099 59
19.2115 57
19.2132 58
19.2164 59
19.2186 57
19.2197 58
19.223 59
19.2257 57
19.2262 58
19.2295 59
19.2327 60
19.2328 58
19.236 59
19.2391 60
19.24 58
19.2423 59
19.2454 60
19.2471 58
19.2485 59
19.2517 60
19.2542 58
19.2548 59
19.2579 60
19.2611 61
19.2613 59
19.2642 60
19.2673 61
19.2684 59
19.2705 60
19.2735 61
19.2755 59
19.2765 60
19.2795 61
19.2826 62
19.2826 60
19.2856 61
19.2886 62
19.2898 60
19.2916 61
19.2947 62
19.2969 60
19.2977 61
19.3007 62
19.3037 63
19.3068 64
19.3073 62
19.3098 63
19.3127 64
19.3156 65
19.3185 66
19.3215 67
19.3241 65
19.3244 66
19.3273 67
19.3302 68
19.3331 69
19.3361 70
19.3385 68
19.339 69
19.3419 70
19.3448 71
19.3477 72
19.3481 70
19.3505 68
19.3507 69
19.3529 67
19.3536 68
19.3553 66
19.3565 67
19.3577 65
19.3594 66
19.3609 64
19.3623 65
19.3653 66
19.3678 64
19.3682 65
19.3711 66
19.374 67
19.3746 65
19.3769 66
19.3799 67
19.3813 65
19.3828 66
19.3857 67
19.3881 65
19.3886 66
19.3915 67
19.3945 68
19.3949 66
19.3974 67
19.4003 68
19.4017 66
19.4032 67
19.4061 68
19.4082 66
19.409 67
19.412 68
19.4147 66
19.4149 67
19.4178 68
19.4207 69
19.4212 67
19.4236 68
19.4265 69
19.4277 67
19.4293 68
19.4322 69
19.4342 67
19.4351 68
19.4379 69
19.4406 67
19.4407 68
19.4435 69
19.4463 70
19.4469 68
19.4491 69
19.4518 70
19.4532 68
19.4546 69
19.4574 70
19.4594 68
19.4602 69
19.463 70
19.4657 68
19.4658 69
19.4686 70
19.4714 71
19.472 69
19.4741 70
19.4769 71
19.478 69
19.4797 70
19.4825 71
19.4841 69
19.4853 70
19.488 71
19.4901 69
19.4907 70
19.4934 71
19.4961 72
19.4962 70
19.4988 71
19.5015 72
19.5022 70
19.5042 71
19.5069 72
19.5096 73
19.5123 74
19.515 75
19.516 73
19.5178 74
19.5204 75
19.5231 76
19.5257 77
19.528 75
19.5284 76
19.531 77
19.5337 78
19.5363 79
19.539 80
19.54 78
19.5417 79
19.5443 80
19.547 81
19.5496 82
19.552 80
19.5523 81
19.5549 82
19.5576 83
19.5602 84
19.5629 85
19.564 83
19.5656 84
19.57 85
19.5744 86
19.576 84
19.5788 85
19.5833 86
19.5877 87
19.5881 85
19.5921 86
19.5965 87
19.6001 85
19.601 86
19.6025 84
19.6049 82
19.6054 83
19.6073 81
19.6097 79
19.6098 80
19.6121 78
19.6142 79
19.6145 77
19.6169 75
19.6187 76
19.6193 74
19.6217 72
19.6231 73
19.6241 71
19.6265 69
19.6275 70
19.6289 68
19.6313 66
19.6319 67
19.6337 65
19.6362 66
19.6366 64
19.6393 65
19.6422 63
19.6424 64
19.6454 65
19.6478 63
19.6485 64
19.6515 65
19.6533 63
19.6544 64
19.6574 65
19.6589 63
19.6604 64
19.6633 65
19.6645 63
19.6663 64
19.6693 65
19.6701 63
19.6723 64
19.6752 65
19.6756 63
19.6782 64
19.6812 65
19.6812 63
19.6841 64
19.6868 62
19.6871 63
19.6901 64
19.6922 62
19.6931 63
19.696 64
19.6976 62
19.699 63
19.7019 64
19.703 62
19.7048 63
19.7077 64
19.7084 62
19.7106 63
19.7134 64
19.7163 65
19.7192 66
19.7204 64
19.7221 65
19.725 66
19.7279 67
19.7307 68
19.7325 66
19.7336 67
19.7365 68
19.7393 69
19.7422 70
19.7445 68
19.7451 69
19.7479 70
19.7508 71
19.7537 72
19.7565 70
19.7565 71
19.7594 72
19.7623 73
19.7651 74
19.768 75
19.7685 73
19.7709 74
19.7738 75
19.7766 76
19.7781 74
19.7795 75
19.7824 76
19.7852 77
19.7877 75
19.7881 76
19.791 77
19.7938 78
19.7967 79
19.7996 80
19.7998 78
19.8024 79
19.8053 80
19.8082 81
19.811 82
19.8118 80
19.8139 81
19.8168 82
19.819 80
19.8196 81
19.8225 82
19.8254 83
19.8283 84
19.831 82
19.8311 83
19.834 84
19.8369 85
19.8397 86
19.8426 87
19.8455 88
19.8478 86
19.8483 87
19.8512 88
19.8541 89
19.8569 90
19.8598 91
19.8627 92
19.8646 90
19.8655 91
19.8684 92
19.8713 93
19.8741 94
19.877 95
19.8799 96
19.8815 94
19.8828 95
19.8856 96
19.8885 97
19.8914 98
19.8942 99
19.8971 100
19.8983 98
19.9 99
19.9007 97
19.9028 98
19.9031 96
19.9055 94
19.9057 95
19.9079 93
19.9086 94
19.9103 92
19.9114 93
19.9127 91
19.9143 92
19.9151 90
19.9172 91
19.9175 89
19.9199 87
19.92 88
19.9223 86
19.9229 87
19.9247 85
19.9258 86
19.9271 84
19.9286 85
19.9295 83
19.9315 84
19.9319 82
19.9343 80
19.9344 81
19.9367 79
19.9373 80
19.9401 81
19.943 82
19.9459 83
19.9463 81
19.9487 82
19.9516 83
19.9545 84
19.956 82
19.9573 83
19.9602 84
19.9631 85
19.9659 86
19.968 84
19.9688 85
19.9717 86
19.9745 87
19.9774 88
19.98 86
19.9803 87
19.9832 88
19.986 89
19.9889 90
19.9918 91
19.992 89
19.9946 90
19.9975 91
20.0004 92
20.0032 93
20.004 91
20.0061 92
20.009 93
20.0118 94
20.0147 95
20.016 93
20.0176 94
20.0204 95
20.0233 96
20.0262 97
20.0281 95
20.029 96
20.0319 97
20.0348 98
20.0377 99
20.0401 97
20.0405 98
20.0434 99
20.0463 100
20.0491 101
20.0509 99
20.052 100
20.0549 101
20.0577 102
20.0593 100
20.0606 101
20.0635 102
20.0663 103
20.0692 104
20.0713 102
20.0721 103
20.0749 104
20.0778 105
20.0807 106
20.0833 104
20.0835 105
20.0864 106
20.0893 107
20.0922 108
20.095 109
20.0953 107
20.0979 108
20.1008 109
20.1036 110
20.1065 111
20.1074 109
20.1094 110
20.1122 111
20.1151 112
20.118 113
20.1194 111
20.1208 112
20.1237 113
20.1266 114
20.1294 115
20.1314 113
20.1323 114
20.1352 115
20.138 116
20.1409 117
20.1434 115
20.1438 116
20.1467 117
20.1495 118
20.1524 119
20.153 117
20.1553 118
20.1581 119
20.161 120
20.1626 118
20.1639 119
20.1667 120
20.1696 121
20.1725 122
20.1746 120
20.1753 121
20.1782 122
20.1811 123
20.1839 124
20.1867 122
20.1868 123
20.1897 124
20.1925 125
20.1954 126
20.1983 127
20.1987 125
20.2012 126
20.204 127
20.2069 128
20.2098 129
20.2107 127
20.2126 128
20.2155 129
20.2184 130
20.2212 131
20.2227 129
20.2241 130
20.227 131
20.2298 132
20.2327 133
20.2347 131
20.2356 132
20.2384 133
20.2413 134
20.2442 135
20.2467 133
20.2471 134
20.2499 135
20.2528 136
20.2557 137
20.2585 138
20.2588 136
20.2614 137
20.2643 138
20.2671 139
20.27 140
20.2708 138
20.2729 139
20.2757 140
20.2786 141
20.2815 142
20.2828 140
20.2843 141
20.2872 142
20.2901 143
20.2929 144
20.2948 142
20.2958 143
20.2987 144
20.3016 145
20.3044 146
20.3068 144
20.3073 145
20.3102 146
20.313 147
20.3159 148
20.32 146
20.32 147
20.3229 148
20.3261 146
20.3261 147
20.3285 145
20.3289 146
20.3309 144
20.3318 145
20.3333 143
20.3347 144
20.3357 142
20.3375 143
20.3381 141
20.3404 142
20.3405 140
20.3433 141
20.3461 142
20.349 143
20.3513 141
20.3519 142
20.3547 143
20.3576 144
20.3597 142
20.3605 143
20.3633 144
20.3662 145
20.3691 146
20.3717 144
20.3719 145
20.3748 146
20.3777 147
20.3806 148
20.3837 146
20.3837 147
20.3866 148
20.3957 146
20.3957 147
20.3986 148
20.4078 146
20.4078 147
20.4106 148
20.4198 146
20.4198 147
20.4226 148
20.4318 146
20.4318 147
20.4347 148
20.4438 146
20.4438 147
20.4467 148
20.4534 146
20.4534 147
20.4563 148
20.463 146
20.463 147
20.4659 148
20.475 146
20.475 147
20.4779 148
20.4871 146
20.4871 147
20.4899 148
20.4991 146
20.4991 147
20.502 148
20.5111 146
20.5111 147
20.514 148
20.5231 146
20.5231 147
20.526 148
20.5351 146
20.5351 147
20.538 148
20.5471 146
20.5471 147
20.55 148
20.5592 146
20.5592 147
20.562 148
20.5664 146
20.5664 147
20.5692 148
20.5832 146
20.5832 147
20.5861 148
20.5904 146
20.5904 147
20.5933 148
20.6024 146
20.6024 147
20.6053 148
20.6144 146
20.6144 147
20.6173 148
20.6265 146
20.6265 147
20.6293 148
20.6385 146
20.6385 147
20.6413 148
20.6505 146
20.6505 147
20.6534 148
20.6601 146
20.6601 147
20.663 148
20.6697 146
20.6697 147
20.6726 148
20.6817 146
20.6817 147
20.6846 148
20.6937 146
20.6937 147
20.6966 148
20.7058 146
20.7058 147
20.7086 148
20.7178 146
20.7178 147
20.7206 148
20.7298 146
20.7298 147
20.7327 148
20.7418 146
20.7418 147
20.7447 148
20.7538 146
20.7538 147
20.7567 148
20.7622 146
20.7622 147
20.7651 148
20.773 146
20.773 147
20.7759 148
20.7851 146
20.7851 147
20.7879 148
20.7971 146
20.7971 147
20.7999 148
20.8091 146
20.8091 147
20.812 148
20.8211 146
20.8211 147
20.824 148
20.8331 146
20.8331 147
20.836 148
20.8451 146
20.8451 147
20.848 148
20.856 146
20.856 147
20.8588 148
20.8632 146
20.8632 147
20.866 148
20.8692 146
20.8692 147
20.872 148
20.8764 146
20.8764 147
20.8793 148
20.8836 146
20.8836 147
20.8865 148
20.8908 146
20.8908 147
20.8937 148
20.8992 146
20.8992 147
20.9015 148
20.9038 149
20.9061 150
20.9064 148
20.9084 149
20.9107 150
20.9136 148
20.9136 149
20.9159 150
20.9208 148
20.9208 149
20.9231 150
20.9281 148
20.9281 149
20.9303 150
20.9365 148
20.9365 149
20.9388 150
20.9437 148
20.9437 149
20.946 150
20.9509 148
20.9509 149
20.9532 150
20.9581 148
20.9581 149
20.9604 150
20.9629 148
20.9629 149
20.9652 150
20.9713 148
20.9713 149
20.9736 150
20.9785 148
20.9785 149
20.9808 150
20.9857 148
20.9857 149
20.988 150
20.9929 148
20.9929 149
20.9952 150
21.0001 148
21.0001 149
21.0024 150
21.0086 148
21.0086 149
21.0109 150
21.0158 148
21.0158 149
21.0181 150
21.0206 148
21.0206 149
21.0229 150
21.023 148
21.0252 149
21.0254 147
21.0275 148
21.0298 149
21.0302 147
21.032 148
21.0343 149
21.0366 150
21.0374 148
21.0389 149
21.0412 150
21.047 148
21.047 149
21.0493 150
21.053 148
21.053 149
21.0553 150
21.0602 148
21.0602 149
21.0625 150
21.0674 148
21.0674 149
21.0697 150
21.0746 148
21.0746 149
21.0769 150
21.0819 148
21.0819 149
21.0842 150
21.0951 148
21.0951 149
21.0974 150
21.1071 148
21.1203 146
21.1203 147
21.1241 148
21.1323 146
21.1323 147
21.1361 148
21.1443 146
21.1443 147
21.1482 148
21.1552 146
21.1552 147
21.159 148
21.1648 146
21.1648 147
21.1686 148
21.1768 146
21.1768 147
21.1806 148
21.19 146
21.19 147
21.1938 148
21.202 146
21.202 147
21.2058 148
21.2152 146
21.2152 147
21.2191 148
21.2273 146
21.2273 147
21.2311 148
21.2393 146
21.2393 147
21.2431 148
21.2525 146
21.2525 147
21.2563 148
21.2645 146
21.2645 147
21.2683 148
21.2717 146
21.2722 147
21.276 148
21.2873 146
21.2873 147
21.2912 148
21.2969 146
21.2969 147
21.3008 148
21.3102 146
21.3102 147
21.314 148
21.3222 146
21.3222 147
21.325 148
21.3342 146
21.3342 147
21.3371 148
21.3474 146
21.3474 147
21.3503 148
21.3594 146
21.3594 147
21.3623 148
21.369 146
21.369 147
21.3719 148
21.3799 146
21.3799 147
21.3827 148
21.3919 146
21.3919 147
21.3947 148
21.4051 146
21.4051 147
21.408 148
21.4171 146
21.4171 147
21.42 148
21.4291 146
21.4291 147
21.432 148
21.4423 146
21.4423 147
21.4452 148
21.4544 146
21.4544 147
21.4572 148
21.464 146
21.464 147
21.4668 148
21.4748 146
21.4748 147
21.4776 148
21.4868 146
21.4868 147
21.4897 148
21.5 146
21.5 147
21.5029 148
21.512 146
21.512 147
21.5149 148
21.524 146
21.524 147
21.5269 148
21.5373 146
21.5373 147
21.5401 148
21.5493 146
21.5493 147
21.5521 148
21.5625 146
21.5625 147
21.5654 148
21.5721 146
21.5721 147
21.575 148
21.5793 146
21.5793 147
21.5822 148
21.5865 146
21.5865 147
21.5894 148
21.5937 146
21.5937 147
21.5966 148
21.6022 146
21.6022 147
21.605 148
21.6094 146
21.6094 147
21.6122 148
21.6166 146
21.6166 147
21.6194 148
21.6214 146
21.6223 147
21.6252 148
21.6262 146
21.628 147
21.6309 148
21.6334 146
21.6338 147
21.6366 148
21.6418 146
21.6418 147
21.6447 148
21.649 146
21.649 147
21.6519 148
21.6562 146
21.6562 147
21.6591 148
21.6634 146
21.6634 147
21.6663 148
21.6706 146
21.6706 147
21.6735 148
21.6791 146
21.6791 147
21.6819 148
21.6839 146
21.6848 147
21.6877 148
21.6935 146
21.6935 147
21.6963 148
21.7007 146
21.7007 147
21.7036 148
21.7079 146
21.7079 147
21.7108 148
21.7163 146
21.7163 147
21.7192 148
21.7235 146
21.7235 147
21.7264 148
21.7307 146
21.7307 147
21.7336 148
21.7379 146
21.7379 147
21.7408 148
21.7427 146
21.7437 147
21.7451 145
21.7465 146
21.7494 147
21.7499 145
21.7523 146
21.7551 147
21.758 148
21.7584 146
21.7609 147
21.7632 145
21.7637 146
21.7666 147
21.7695 148
21.7704 146
21.7724 147
21.7752 148
21.7776 146
21.7781 147
21.781 148
21.7848 146
21.7848 147
21.7877 148
21.7932 146
21.7932 147
21.7961 148
21.8004 146
21.8004 147
21.8033 148
21.8076 146
21.8076 147
21.8105 148
21.8196 146
21.8196 147
21.8225 148
21.8473 146
21.8473 147
21.8501 148
21.8605 146
21.8605 147
21.8634 148
21.8725 146
21.8725 147
21.8754 148
21.8821 146
21.8821 147
21.885 148
21.8929 146
21.8929 147
21.8958 148
21.905 146
21.905 147
21.9078 148
21.9206 146
21.9206 147
21.9234 148
21.9326 146
21.9326 147
21.9355 148
21.9446 146
21.9446 147
21.9475 148
21.9578 146
21.9578 147
21.9607 148
21.9698 146
21.9698 147
21.9727 148
21.9855 146
21.9855 147
21.9883 148
21.9951 146
21.9951 147
21.9979 148
22.0047 146
22.0047 147
22.0076 148
22.0203 146
22.0203 147
22.0232 148
22.0299 146
22.0299 147
22.0328 148
22.0455 146
22.0455 147
22.0484 148
22.0552 146
22.0552 147
22.058 148
22.0672 146
22.0672 147
22.07 148
22.0828 146
22.0828 147
22.0857 148
22.0948 146
22.0948 147
22.0977 148
22.1056 146
22.1056 147
22.1085 148
22.1152 146
22.1152 147
22.1181 148
22.1272 146
22.1272 147
22.1301 148
22.1429 146
22.1429 147
22.1457 148
22.1549 146
22.1549 147
22.1578 148
22.1681 146
22.1681 147
22.171 148
22.1801 146
22.1801 147
22.183 148
22.1921 146
22.1921 147
22.195 148
22.203 146
22.203 147
22.2058 148
22.215 146
22.215 147
22.2178 148
22.227 146
22.227 147
22.2299 148
22.2402 146
22.2402 147
22.2431 148
22.2522 146
22.2522 147
22.2551 148
22.2654 146
22.2654 147
22.2683 148
22.2799 146
22.2799 147
22.2827 148
22.2931 146
22.2931 147
22.2959 148
22.3051 146
22.3051 147
22.308 148
22.3147 146
22.3147 147
22.3176 148
22.3219 146
22.3219 147
22.3248 148
22.3303 146
22.3303 147
22.3332 148
22.3375 146
22.3375 147
22.3404 148
22.3471 146
22.3471 147
22.35 148
22.3544 146
22.3544 147
22.3572 148
22.3592 146
22.3601 147
22.363 148
22.3676 146
22.3676 147
22.3704 148
22.3724 146
22.3733 147
22.3762 148
22.3796 146
22.3796 147
22.3825 148
22.3868 146
22.3868 147
22.3897 148
22.394 146
22.394 147
22.3969 148
22.4024 146
22.4024 147
22.4053 148
22.4096 146
22.4096 147
22.4125 148
22.4168 146
22.4168 147
22.4197 148
22.4264 146
22.4264 147
22.4293 148
22.4313 146
22.4322 147
22.4351 148
22.4421 146
22.4421 147
22.4449 148
22.4493 146
22.4493 147
22.4521 148
22.4565 146
22.4565 147
22.4594 148
22.4637 146
22.4637 147
22.4666 148
22.4709 146
22.4709 147
22.4738 148
22.4793 146
22.4793 147
22.4822 148
22.4865 146
22.4865 147
22.4894 148
22.4913 146
22.4923 147
22.4951 148
22.4961 146
22.498 147
22.5009 148
22.5034 146
22.5037 147
22.5066 148
22.5082 146
22.5095 147
22.5123 148
22.5166 146
22.5166 147
22.5194 148
22.5214 146
22.5223 147
22.5252 148
22.5286 146
22.5286 147
22.5315 148
22.5358 146
22.5358 147
22.5387 148
22.543 146
22.543 147
22.5459 148
22.5502 146
22.5502 147
22.5531 148
22.5586 146
22.5586 147
22.5615 148
22.5706 146
22.5706 147
22.5735 148
22.6007 146
22.6007 147
22.603 148
22.6053 149
22.6076 150
22.6139 148
22.6139 149
22.6162 150
22.6259 148
22.6259 149
22.6282 150
22.6355 148
22.6355 149
22.6378 150
22.6487 148
22.6487 149
22.651 150
22.6608 148
22.6608 149
22.6631 150
22.6764 148
22.6764 149
22.6787 150
22.6884 148
22.6884 149
22.6907 150
22.7004 148
22.7004 149
22.7027 150
22.716 148
22.716 149
22.7183 150
22.728 148
22.728 149
22.7303 150
22.7437 148
22.7437 149
22.746 150
22.7533 148
22.7533 149
22.7556 150
22.7629 148
22.7629 149
22.7652 150
22.7809 148
22.7809 149
22.7832 150
22.7905 148
22.7905 149
22.7928 150
22.8062 148
22.8158 146
22.8158 147
22.8196 148
22.8278 146
22.8278 147
22.8316 148
22.8458 146
22.8458 147
22.8496 148
22.8578 146
22.8578 147
22.8616 148
22.8686 146
22.8686 147
22.8725 148
22.8782 146
22.8782 147
22.8821 148
22.8903 146
22.8903 147
22.8941 148
22.9083 146
22.9083 147
22.9121 148
22.9203 146
22.9203 147
22.9241 148
22.9335 146
22.9335 147
22.9373 148
22.9455 146
22.9455 147
22.9494 148
22.9588 146
22.9588 147
22.9626 148
22.9708 146
22.9708 147
22.9746 148
22.9828 146
22.9828 147
22.9866 148
22.996 146
22.996 147
22.9998 148
23.008 146
23.008 147
23.0118 148
23.0212 146
23.0212 147
23.0241 148
23.0357 146
23.0357 147
23.0385 148
23.0513 146
23.0513 147
23.0541 148
23.0633 146
23.0633 147
23.0662 148
23.0753 146
23.0753 147
23.0782 148
23.0861 146
23.0861 147
23.089 148
23.0933 146
23.0933 147
23.0962 148
23.1029 146
23.1029 147
23.1058 148
23.1102 146
23.1102 147
23.113 148
23.121 146
23.121 147
23.1238 148
23.1282 146
23.1282 147
23.1311 148
23.133 146
23.1339 147
23.1368 148
23.1402 146
23.1402 147
23.1431 148
23.145 146
23.1459 147
23.1488 148
23.1534 146
23.1534 147
23.1563 148
23.1606 146
23.1606 147
23.1635 148
23.1678 146
23.1678 147
23.1707 148
23.1774 146
23.1774 147
23.1803 148
23.1847 146
23.1847 147
23.1875 148
23.1931 146
23.1931 147
23.1959 148
23.2003 146
23.2003 147
23.2031 148
23.2075 146
23.2075 147
23.2104 148
23.2171 146
23.2171 147
23.22 148
23.2255 146
23.2255 147
23.2284 148
23.2327 146
23.2327 147
23.2356 148
23.2399 146
23.2399 147
23.2428 148
23.2471 146
23.2471 147
23.25 148
23.2568 146
23.2568 147
23.2596 148
23.2628 146
23.2628 147
23.2656 148
23.27 146
23.27 147
23.2728 148
23.2748 146
23.2757 147
23.2786 148
23.2796 146
23.2814 147
23.2843 148
23.2868 146
23.2872 147
23.2901 148
23.294 146
23.294 147
23.2969 148
23.2988 146
23.2997 147
23.3026 148
23.3072 146
23.3072 147
23.3101 148
23.3144 146
23.3144 147
23.3173 148
23.3216 146
23.3216 147
23.3245 148
23.3288 146
23.3288 147
23.3317 148
23.3397 146
23.3397 147
23.3425 148
23.3517 146
23.3517 147
23.3545 148
23.3817 146
23.3817 147
23.3846 148
23.3889 146
23.3889 147
23.3918 148
23.3961 146
23.3961 147
23.399 148
23.4094 146
23.4094 147
23.4122 148
23.419 146
23.419 147
23.4218 148
23.4346 146
23.4346 147
23.4375 148
23.4466 146
23.4466 147
23.4495 148
23.4622 146
23.4622 147
23.4651 148
23.4742 146
23.4742 147
23.4771 148
23.4863 146
23.4863 147
23.4891 148
23.5043 146
23.5043 147
23.5072 148
23.5163 146
23.5163 147
23.5192 148
23.5319 146
23.5319 147
23.5348 148
23.5415 146
23.5415 147
23.5444 148
23.5511 146
23.5511 147
23.554 148
23.5716 146
23.5716 147
23.5744 148
23.5812 146
23.5812 147
23.5841 148
23.6064 146
23.6064 147
23.6093 148
23.6196 146
23.6196 147
23.6225 148
23.6389 146
23.6389 147
23.6417 148
23.6521 146
23.6521 147
23.6549 148
23.6617 146
23.6617 147
23.6646 148
23.6713 146
23.6713 147
23.6742 148
23.6845 146
23.6845 147
23.6874 148
23.7037 146
23.7037 147
23.7066 148
23.717 146
23.717 147
23.7198 148
23.729 146
23.729 147
23.7319 148
23.7422 146
23.7422 147
23.7451 148
23.7566 146
23.7566 147
23.7595 148
23.7698 146
23.7698 147
23.7727 148
23.7819 146
23.7819 147
23.7847 148
23.7939 146
23.7939 147
23.7967 148
23.8071 146
23.8071 147
23.81 148
23.8191 146
23.8191 147
23.822 148
23.8347 146
23.8347 147
23.8376 148
23.8515 146
23.8515 147
23.8544 148
23.8648 146
23.8648 147
23.8676 148
23.8768 146
23.8768 147
23.8796 148
23.8864 146
23.8864 147
23.8893 148
23.8948 146
23.8948 147
23.8977 148
23.9044 146
23.9044 147
23.9073 148
23.9116 146
23.9116 147
23.9145 148
23.9248 146
23.9248 147
23.9277 148
23.9296 146
23.9306 147
23.9334 148
23.9369 146
23.9369 147
23.9397 148
23.9417 146
23.9426 147
23.9455 148
23.9489 146
23.9489 147
23.9517 148
23.9561 146
23.9561 147
23.959 148
23.9645 146
23.9645 147
23.9674 148
23.9717 146
23.9717 147
23.9746 148
23.9813 146
23.9813 147
23.9842 148
23.9885 146
23.9885 147
23.9914 148
23.9993 146
23.9993 147
24.0022 148
24.0066 146
24.0066 147
24.0094 148
24.0138 146
24.0138 147
24.0166 148
24.0234 146
24.0234 147
24.0262 148
24.0306 146
24.0306 147
24.0335 148
24.039 146
24.039 147
24.0419 148
24.0462 146
24.0462 147
24.0491 148
24.0534 146
24.0534 147
24.0563 148
24.063 146
24.063 147
24.0659 148
24.0714 146
24.0714 147
24.0743 148
24.0762 146
24.0772 147
24.08 148
24.0835 146
24.0835 147
24.0863 148
24.0883 146
24.0892 147
24.0921 148
24.0955 146
24.0955 147
24.0983 148
24.1003 146
24.1012 147
24.1041 148
24.1075 146
24.1075 147
24.1104 148
24.1159 146
24.1159 147
24.1188 148
24.1231 146
24.1231 147
24.126 148
24.1303 146
24.1303 147
24.1332 148
24.1375 146
24.1375 147
24.1404 148
24.1507 146
24.1507 147
24.1536 148
24.1628 146
24.1628 147
24.1656 148
24.1928 146
24.1928 147
24.1957 148
24.2 146
24.2 147
24.2029 148
24.2084 146
24.2084 147
24.2113 148
24.2228 146
24.2228 147
24.2257 148
24.2325 146
24.2325 147
24.2353 148
24.2481 146
24.2481 147
24.2509 148
24.2601 146
24.2601 147
24.263 148
24.2781 146
24.2781 147
24.2804 148
24.2827 149
24.285 150
24.2901 148
24.2901 149
24.2924 150
24.3033 148
24.3033 149
24.3056 150
24.3202 148
24.3202 149
24.3225 150
24.3334 148
24.3334 149
24.3357 150
24.3502 148
24.3502 149
24.3525 150
24.361 148
24.361 149
24.3633 150
24.3706 148
24.3706 149
24.3729 150
24.3911 148
24.3911 149
24.3934 150
24.4007 148
24.4007 149
24.403 150
24.4283 148
24.4283 149
24.4306 150
24.4403 148
24.4403 149
24.4426 150
24.4608 148
24.4608 149
24.4631 150
24.4752 148
24.4752 149
24.4775 150
24.486 148
24.4956 146
24.4956 147
24.4994 148
24.5076 146
24.5076 147
24.5114 148
24.528 146
24.528 147
24.5319 148
24.5437 146
24.5437 147
24.5475 148
24.5557 146
24.5557 147
24.5595 148
24.5677 146
24.5677 147
24.5715 148
24.5833 146
24.5833 147
24.5871 148
24.5977 146
24.5977 147
24.6016 148
24.611 146
24.611 147
24.6148 148
24.623 146
24.623 147
24.6268 148
24.6362 146
24.6362 147
24.64 148
24.6482 146
24.6482 147
24.652 148
24.6662 146
24.6662 147
24.6701 148
24.6831 146
24.6831 147
24.6869 148
24.6963 146
24.6963 147
24.6991 148
24.7083 146
24.7083 147
24.7112 148
24.7179 146
24.7179 147
24.7208 148
24.7287 146
24.7287 147
24.7316 148
24.7383 146
24.7383 147
24.7412 148
24.7455 146
24.7455 147
24.7484 148
24.7588 146
24.7588 147
24.7616 148
24.7636 146
24.7645 147
24.7674 148
24.7708 146
24.7708 147
24.7736 148
24.7756 146
24.7765 147
24.7794 148
24.7828 146
24.7828 147
24.7857 148
24.79 146
24.79 147
24.7929 148
24.8008 146
24.8008 147
24.8037 148
24.808 146
24.808 147
24.8109 148
24.8176 146
24.8176 147
24.8205 148
24.8248 146
24.8248 147
24.8277 148
24.8357 146
24.8357 147
24.8385 148
24.8429 146
24.8429 147
24.8457 148
24.8501 146
24.8501 147
24.8529 148
24.8597 146
24.8597 147
24.8626 148
24.8681 146
24.8681 147
24.871 148
24.8777 146
24.8777 147
24.8806 148
24.8849 146
24.8849 147
24.8878 148
24.8921 146
24.8921 147
24.895 148
24.9029 146
24.9029 147
24.9058 148
24.9102 146
24.9102 147
24.913 148
24.915 146
24.9159 147
24.9188 148
24.9222 146
24.9222 147
24.925 148
24.927 146
24.9279 147
24.9308 148
24.9342 146
24.9342 147
24.9371 148
24.939 146
24.9399 147
24.9428 148
24.9474 146
24.9474 147
24.9503 148
24.957 146
24.957 147
24.9599 148
24.9642 146
24.9642 147
24.9671 148
24.9714 146
24.9714 147
24.9743 148
24.9798 146
24.9798 147
24.9827 148
24.9919 146
24.9919 147
24.9947 148
25.0039 146
25.0039 147
25.0067 148
25.0375 146
25.0375 147
25.0404 148
25.0447 146
25.0447 147
25.0476 148
25.0519 146
25.0519 147
25.0548 148
25.0664 146
25.0664 147
25.0692 148
25.0772 146
25.0772 147
25.08 148
25.094 146
25.094 147
25.0969 148
25.1072 146
25.1072 147
25.1101 148
25.124 146
25.124 147
25.1269 148
25.1325 146
25.1325 147
25.1353 148
25.1397 146
25.1397 147
25.1425 148
25.1517 146
25.1517 147
25.1545 148
25.1697 146
25.1697 147
25.1726 148
25.1841 146
25.1841 147
25.187 148
25.2021 146
25.2021 147
25.205 148
25.2118 146
25.2118 147
25.2146 148
25.2214 146
25.2214 147
25.2242 148
25.2442 146
25.2442 147
25.2471 148
25.255 146
25.255 147
25.2579 148
25.2827 146
25.2827 147
25.2855 148
25.2947 146
25.2947 147
25.2975 148
25.3175 146
25.3175 147
25.3204 148
25.3319 146
25.3319 147
25.3348 148
25.3523 146
25.3523 147
25.3552 148
25.3644 146
25.3644 147
25.3672 148
25.3872 146
25.3872 147
25.3901 148
25.4028 146
25.4028 147
25.4057 148
25.4148 146
25.4148 147
25.4177 148
25.4268 146
25.4268 147
25.4297 148
25.4449 146
25.4449 147
25.4477 148
25.4593 146
25.4593 147
25.4622 148
25.4725 146
25.4725 147
25.4754 148
25.4845 146
25.4845 147
25.4874 148
25.5001 146
25.5001 147
25.503 148
25.5122 146
25.5122 147
25.515 148
25.5302 146
25.5302 147
25.533 148
25.547 146
25.547 147
25.5499 148
25.5602 146
25.5602 147
25.5631 148
25.5722 146
25.5722 147
25.5751 148
25.5831 146
25.5831 147
25.5859 148
25.5951 146
25.5951 147
25.5979 148
25.6047 146
25.6047 147
25.6075 148
25.6119 146
25.6119 147
25.6148 148
25.6251 146
25.6251 147
25.628 148
25.6299 146
25.6308 147
25.6337 148
25.6371 146
25.6371 147
25.64 148
25.6419 146
25.6429 147
25.6457 148
25.6491 146
25.6491 147
25.652 148
25.6576 146
25.6576 147
25.6604 148
25.6696 146
25.6696 147
25.6724 148
25.6768 146
25.6768 147
25.6796 148
25.6876 146
25.6876 147
25.6905 148
25.6948 146
25.6948 147
25.6977 148
25.7044 146
25.7044 147
25.7073 148
25.7116 146
25.7116 147
25.7145 148
25.7188 146
25.7188 147
25.7217 148
25.7296 146
25.7296 147
25.7325 148
25.7393 146
25.7393 147
25.7421 148
25.7489 146
25.7489 147
25.7517 148
25.7573 146
25.7573 147
25.7602 148
25.7645 146
25.7645 147
25.7674 148
25.7741 146
25.7741 147
25.777 148
25.7813 146
25.7813 147
25.7842 148
25.7861 146
25.7871 147
25.7899 148
25.7945 146
25.7945 147
25.7974 148
25.7993 146
25.8003 147
25.8031 148
25.8065 146
25.8065 147
25.8094 148
25.8138 146
25.8138 147
25.8166 148
25.821 146
25.821 147
25.8238 148
25.8318 146
25.8318 147
25.8347 148
25.839 146
25.839 147
25.8419 148
25.8462 146
25.8462 147
25.8491 148
25.8534 146
25.8534 147
25.8563 148
25.8666 146
25.8666 147
25.8695 148
25.8786 146
25.8786 147
25.8815 148
25.9135 146
25.9135 147
25.9164 148
25.9207 146
25.9207 147
25.9236 148
25.9291 146
25.9291 147
25.932 148
25.9435 146
25.9435 147
25.9464 148
25.9567 146
25.9567 147
25.9596 148
25.9736 146
25.9736 147
25.9759 148
25.9782 149
25.9805 150
25.9868 148
25.9868 149
25.9891 150
26.0036 148
26.0036 149
26.0059 150
26.0132 148
26.0132 149
26.0155 150
26.0216 148
26.0216 149
26.0239 150
26.0337 148
26.0337 149
26.0359 150
26.0517 148
26.0517 149
26.054 150
26.0661 148
26.0661 149
26.0684 150
26.0865 148
26.0865 149
26.0888 150
26.0961 148
26.0961 149
26.0984 150
26.1057 148
26.1057 149
26.108 150
26.1286 148
26.1286 149
26.1309 150
26.1418 148
26.1418 149
26.1441 150
26.1694 148
26.1694 149
26.1717 150
26.1814 148
26.2067 146
26.2067 147
26.2105 148
26.2211 146
26.2211 147
26.2249 148
26.2415 146
26.2415 147
26.2454 148
26.2547 146
26.2547 147
26.2586 148
26.2788 146
26.2788 147
26.2826 148
26.2944 146
26.2944 147
26.2982 148
26.3064 146
26.3064 147
26.3102 148
26.3196 146
26.3196 147
26.3235 148
26.3389 146
26.3389 147
26.3427 148
26.3545 146
26.3545 147
26.3583 148
26.3665 146
26.3665 147
26.3703 148
26.3797 146
26.3797 147
26.3835 148
26.3965 146
26.3965 147
26.3994 148
26.4098 146
26.4098 147
26.4126 148
26.4266 146
26.4266 147
26.4294 148
26.4446 146
26.4446 147
26.4475 148
26.459 146
26.459 147
26.4619 148
26.4722 146
26.4722 147
26.4751 148
26.4818 146
26.4818 147
26.4847 148
26.4951 146
26.4951 147
26.4979 148
26.5047 146
26.5047 147
26.5075 148
26.5119 146
26.5119 147
26.5148 148
26.5239 146
26.5239 147
26.5268 148
26.5323 146
26.5323 147
26.5352 148
26.5371 146
26.5381 147
26.5409 148
26.5443 146
26.5443 147
26.5472 148
26.5515 146
26.5515 147
26.5544 148
26.5588 146
26.5588 147
26.5616 148
26.572 146
26.572 147
26.5748 148
26.5792 146
26.5792 147
26.582 148
26.5912 146
26.5912 147
26.5941 148
26.5996 146
26.5996 147
26.6025 148
26.6092 146
26.6092 147
26.6121 148
26.6164 146
26.6164 147
26.6193 148
26.6236 146
26.6236 147
26.6265 148
26.6345 146
26.6345 147
26.6373 148
26.6441 146
26.6441 147
26.6469 148
26.6537 146
26.6537 147
26.6565 148
26.6633 146
26.6633 147
26.6662 148
26.6717 146
26.6717 147
26.6746 148
26.6813 146
26.6813 147
26.6842 148
26.6861 146
26.6871 147
26.6899 148
26.6933 146
26.6933 147
26.6962 148
26.7005 146
26.7005 147
26.7034 148
26.7065 146
26.7065 147
26.7094 148
26.7138 146
26.7138 147
26.7166 148
26.721 146
26.721 147
26.7238 148
26.7282 146
26.7282 147
26.731 148
26.7414 146
26.7414 147
26.7443 148
26.7486 146
26.7486 147
26.7515 148
26.7558 146
26.7558 147
26.7587 148
26.763 146
26.763 147
26.7659 148
26.7762 146
26.7762 147
26.7791 148
26.7883 146
26.7883 147
26.7911 148
26.8255 146
26.8255 147
26.8284 148
26.8339 146
26.8339 147
26.8368 148
26.8411 146
26.8411 147
26.844 148
26.8555 146
26.8555 147
26.8584 148
26.8712 146
26.8712 147
26.874 148
26.8856 146
26.8856 147
26.8885 148
26.8928 146
26.8928 147
26.8957 148
26.9036 146
26.9036 147
26.9065 148
26.9204 146
26.9204 147
26.9233 148
26.9312 146
26.9312 147
26.9341 148
26.9385 146
26.9385 147
26.9413 148
26.9505 146
26.9505 147
26.9533 148
26.9709 146
26.9709 147
26.9738 148
26.9853 146
26.9853 147
26.9882 148
27.0057 146
27.0057 147
27.0086 148
27.0154 146
27.0154 147
27.0182 148
27.0262 146
27.0262 147
27.029 148
27.0514 146
27.0514 147
27.0543 148
27.0634 146
27.0634 147
27.0663 148
27.0935 146
27.0935 147
27.0963 148
27.1319 146
27.1319 147
27.1348 148
27.1463 146
27.1463 147
27.1492 148
27.1692 146
27.1692 147
27.172 148
27.1812 146
27.1812 147
27.184 148
27.2064 146
27.2064 147
27.2093 148
27.2244 146
27.2244 147
27.2273 148
27.2365 146
27.2365 147
27.2393 148
27.2497 146
27.2497 147
27.2525 148
27.2689 146
27.2689 147
27.2718 148
27.2869 146
27.2869 147
27.2898 148
27.2989 146
27.2989 147
27.3018 148
27.3122 146
27.3122 147
27.315 148
27.329 146
27.329 147
27.3318 148
27.3422 146
27.3422 147
27.3451 148
27.359 146
27.359 147
27.3619 148
27.3794 146
27.3794 147
27.3823 148
27.3939 146
27.3939 147
27.3967 148
27.4071 146
27.4071 147
27.4099 148
27.4167 146
27.4167 147
27.4196 148
27.4323 146
27.4323 147
27.4352 148
27.4419 146
27.4419 147
27.4448 148
27.4491 146
27.4491 147
27.452 148
27.4624 146
27.4624 147
27.4652 148
27.4696 146
27.4696 147
27.4724 148
27.4744 146
27.4753 147
27.4782 148
27.4816 146
27.4816 147
27.4844 148
27.4888 146
27.4888 147
27.4917 148
27.496 146
27.496 147
27.4989 148
27.5116 146
27.5116 147
27.5145 148
27.5188 146
27.5188 147
27.5217 148
27.532 146
27.532 147
27.5349 148
27.5393 146
27.5393 147
27.5421 148
27.5489 146
27.5489 147
27.5517 148
27.5561 146
27.5561 147
27.5589 148
27.5633 146
27.5633 147
27.5662 148
27.5765 146
27.5765 147
27.5794 148
27.5861 146
27.5861 147
27.589 148
27.5957 146
27.5957 147
27.5986 148
27.6065 146
27.6065 147
27.6094 148
27.6138 146
27.6138 147
27.6166 148
27.6234 146
27.6234 147
27.6262 148
27.6282 146
27.6291 147
27.632 148
27.6366 146
27.6438 144
27.651 142
27.6582 140
27.6654 138
27.6738 136
27.6859 134
27.6931 132
27.7003 130
27.7087 128
27.7231 126
27.7351 124
27.7736 122
27.7832 120
27.7904 118
27.806 116
27.8204 114
27.8361 112
27.8433 110
27.8553 108
27.8733 106
27.8829 104
27.8913 102
27.9033 100
27.9262 98
27.9406 96
27.961 94
27.9706 92
27.9838 90
27.9838 91
28.0091 89
28.0091 90
28.0154 91
28.0211 89
28.0218 90
28.0281 91
28.0535 89
28.0535 90
28.0599 91
28.0944 89
28.0944 90
28.1007 91
28.1088 89
28.1088 90
28.1136 91
28.1316 89
28.1316 90
28.1364 91
28.1437 89
28.1437 90
28.1484 91
28.1713 89
28.1713 90
28.1761 91
28.1893 89
28.1893 90
28.1941 91
28.2013 89
28.2013 90
28.2061 91
28.217 89
28.217 90
28.2217 91
28.2374 89
28.2374 90
28.2421 91
28.2542 89
28.2542 90
28.259 91
28.2674 89
28.2674 90
28.2722 91
28.2818 89
28.2818 90
28.2866 91
28.2999 89
28.2999 90
28.3046 91
28.3119 89
28.3119 90
28.3166 91
28.3299 89
28.3299 90
28.3347 91
28.3515 89
28.3515 90
28.3563 91
28.3672 89
28.3672 90
28.3719 91
28.3792 89
28.3792 90
28.3839 91
28.39 89
28.39 90
28.3947 91
28.4068 89
28.4068 90
28.4116 91
28.4176 89
28.4176 90
28.4224 91
28.4248 89
28.4271 90
28.4319 91
28.4369 89
28.4369 90
28.4416 91
28.4441 89
28.4464 90
28.4489 88
28.4511 89
28.4559 90
28.4573 88
28.4606 89
28.4645 87
28.4654 88
28.4702 89
28.4717 87
28.4749 88
28.4797 89
28.4844 90
28.4892 91
28.4897 89
28.4939 90
28.4969 88
28.4987 89
28.5034 90
28.5082 91
28.5089 89
28.513 90
28.5162 88
28.5177 89
28.5225 90
28.527 88
28.5272 89
28.532 90
28.5342 88
28.5367 89
28.5414 87
28.5415 88
28.5463 89
28.551 90
28.5558 91
28.557 89
28.5605 90
28.5653 91
28.5666 89
28.57 90
28.5748 91
28.5762 89
28.5796 90
28.5843 91
28.5871 89
28.5891 90
28.5938 91
28.5943 89
28.5986 90
28.6033 91
28.6039 89
28.6081 90
28.6087 88
28.6129 89
28.6176 90
28.6224 91
28.9343 89
28.9343 90
28.9391 91
28.9463 89
28.9463 90
28.9511 91
28.98 89
28.98 90
28.9847 91
29.022 89
29.022 90
29.0268 91
29.0377 89
29.0377 90
29.0424 91
29.0629 89
29.0629 90
29.0676 91
29.0749 89
29.0749 90
29.0797 91
29.1025 89
29.1025 90
29.1073 91
29.123 89
29.123 90
29.1277 91
29.135 89
29.135 90
29.1397 91
29.1506 89
29.1506 90
29.1554 91
29.1722 89
29.1722 90
29.177 91
29.1903 89
29.1903 90
29.195 91
29.2023 89
29.2023 90
29.207 91
29.2179 89
29.2179 90
29.2226 91
29.2383 89
29.2383 90
29.2431 91
29.2503 89
29.2503 90
29.2551 91
29.2684 89
29.2684 90
29.2731 91
29.29 89
29.29 90
29.2947 91
29.308 89
29.32 87
29.3308 85
29.3477 83
29.3609 81
29.3681 79
29.3801 77
29.3873 75
29.3981 73
29.4053 71
29.415 69
29.4282 67
29.4378 65
29.4474 63
29.4582 61
29.4678 59
29.4774 57
29.4846 55
29.4979 53
29.5075 51
29.5171 49
29.5279 47
29.5375 45
29.5471 43
29.5543 41
29.5676 39
29.7736 38
29.904 36
29.916 34
29.9521 32
29.9965 30
30.0121 28
30.0374 26
30.0494 24
30.0794 22
30.0999 20
30.1119 18
30.1299 16
30.1527 14
30.1696 12
30.1852 10
30.1996 8
30.22 6
30.2332 4
30.2525 2
30.2525 3
30.2572 4
30.2753 2
30.2753 3
30.2801 4
31.1981 2
31.1981 3
31.204 4
31.21 5
31.2159 6
31.2218 7
31.2246 5
31.2277 6
31.2336 7
31.2396 8
31.2455 9
31.2514 10
31.2573 11
31.2632 12
31.2692 13
31.2751 14
31.281 15
31.2869 16
31.2928 17
31.2987 18
31.3047 19
31.3106 20
31.3165 21
31.3224 22
31.3283 23
31.3343 24
31.3402 25
31.3461 26
31.352 27
31.3579 28
31.3639 29
31.3698 30
31.3757 31
31.3816 32
31.3875 33
31.3934 34
31.3994 35
31.4053 36
31.4112 37
31.4171 38
31.423 39
31.429 40
31.4349 41
31.4408 42
31.4467 43
31.4526 44
31.4586 45
31.4645 46
31.4704 47
31.4763 48
31.4822 49
31.4881 50
31.4941 51
31.5 52
31.5059 53
31.5118 54
31.5177 55
31.5237 56
31.5296 57
31.5355 58
31.5414 59
31.5473 60
31.5532 61
31.5592 62
31.5651 63
31.571 64
31.5769 65
31.5828 66
31.5888 67
31.5947 68
31.6006 69
31.6065 70
31.6124 71
31.6184 72
31.6243 73
31.6302 74
31.6361 75
31.642 76
31.6479 77
31.6539 78
31.6598 79
31.6657 80
31.6716 81
31.6775 82
31.6835 83
31.6894 84
31.6953 85
31.7012 86
31.7071 87
31.7131 88
31.719 89
31.7249 90
31.7308 91
31.7367 92
31.7426 93
31.7486 94
31.7545 95
31.7604 96
31.7663 97
31.7722 98
31.7782 99
31.7841 100
31.79 101
31.7959 102
31.8018 103
31.8078 104
31.8137 105
31.8196 106
31.8255 107
31.8314 108
31.8373 109
31.8433 110
31.8492 111
31.8551 112
31.861 113
31.8669 114
31.8729 115
31.8788 116
31.8847 117
31.8906 118
31.8965 119
31.9025 120
31.9084 121
31.9143 122
31.9202 123
31.9261 124
31.932 125
31.938 126
31.9439 127
31.9498 128
31.9557 129
31.9616 130
31.9676 131
31.9735 132
31.9794 133
31.9853 134
31.9912 135
31.9972 136
32.0031 137
32.009 138
32.0149 139
32.0208 140
32.0267 141
32.0327 142
32.0386 143
32.0445 144
32.0504 145
32.0563 146
32.0623 147
32.0682 148
32.0741 149
32.08 150
32.0859 151
32.0919 152
32.0978 153
32.1037 154
32.1096 155
32.1155 156
32.1214 157
32.1274 158
32.1333 159
32.1392 160
32.1451 161
32.151 162
32.157 163
32.1629 164
32.1688 165
32.1747 166
32.1806 167
32.1865 168
32.1925 169
32.1984 170
32.2043 171
32.2102 172
32.2161 173
32.2221 174
32.228 175
32.2339 176
32.2398 177
32.2457 178
32.2517 179
32.2576 180
32.2615 0
32.2615 1
32.2627 0
32.2674 1
32.2734 2
32.2784 0
32.2793 1
32.2852 2
32.2911 3
32.2916 1
32.297 2
32.303 3
32.3084 1
32.3089 2
32.3148 3
32.3207 4
32.324 2
32.3266 3
32.3326 4
32.3385 5
32.3408 3
32.3444 4
32.3503 5
32.3562 6
32.3565 4
32.3621 5
32.3686 6
32.3733 4
32.375 5
32.3814 6
32.3878 7
32.3889 5
32.3943 6
32.4007 7
32.4045 5
32.4071 6
32.4135 7
32.4199 8
32.4214 6
32.4264 7
32.4328 8
32.437 6
32.4392 7
32.4456 8
32.4521 9
32.4526 7
32.4585 8
32.467 6
32.4826 4
32.4995 2
32.5151 0
32.7048 1
32.7061 0
32.9511 1
32.9621 0
33.1975 1
33.2048 0
33.206 1
33.2146 2
33.2204 0
33.2232 1
33.2318 2
33.2372 0
33.2403 1
33.2489 2
33.2541 0
33.2575 1
33.2661 2
33.2697 0
33.2747 1
33.2832 2
33.2865 0
33.2918 1
33.3004 2
33.3033 0
33.309 1
33.3175 2
33.319 0
33.3261 1
33.3334 0
33.3347 1
33.3433 2
33.349 0
33.3518 1
33.3604 2
33.3658 0
33.369 1
33.3826 0
34.726 1
36.4905 0
38.4015 1
39.9592 0
42.2075 1
43.9725 0
46.6534 1
48.1134 0
50.7065 1
52.3166 0
54.9854 1
56.6244 0
59.3423 1
61.0571 0
63.8591 1
65.5408 0
68.3259 1
69.2634 0
72.1264 1
73.1542 0
75.9295 1
76.9669 0
79.6221 1
80.7327 0
83.1947 1
84.5562 0
86.8323 1
88.5959 0
91.1726 1
92.7643 0
95.3204 1
96.618 0
98.9366 1
