0.200111 1
0.200111 1449
0.200111 2897
0.200111 4345
0.200111 5793
0.200111 7241
0.200111 8689
0.200111 10137
0.200111 11585
0.200111 13033
0.200111 14481
0.401609 15929
0.40853 17377
0.41545 18825
0.422371 20273
0.429291 21721
0.436212 23169
0.443132 24617
0.450052 26065
0.456973 27513
0.463893 28961
0.470814 30409
0.477734 31857
0.484654 33305
0.491575 34753
0.498495 36201
0.505416 37649
0.512336 39097
0.519256 40545
0.603103 41993
0.610024 43441
0.619926 44889
0.626846 46337
0.633766 47785
0.640687 49233
0.647607 50681
0.654528 52129
0.661448 53577
0.668369 55025
0.675289 56473
0.681698 57921
0.688107 59369
0.6936 60817
0.699093 62265
0.704587 63713
0.709393 65161
0.7142 66609
0.718472 68057
0.722745 69505
0.727018 70953
0.73129 72401
0.735563 73849
0.739835 75297
0.744108 76745
0.748381 78193
0.752653 79641
0.756926 81089
0.761198 82537
0.765471 83985
0.769743 85433
0.774016 86881
0.778289 88329
0.782561 89777
0.804597 91225
0.80887 92673
0.813142 94121
0.817415 95569
0.831032 97017
0.835305 98465
0.839577 99913
0.84385 101361
0.852661 102809
0.856934 104257
0.861206 105705
0.865479 107153
0.869751 108601
0.874024 110049
0.878296 111497
0.882569 112945
0.886842 114393
0.891114 115841
0.895387 117289
0.899659 118737
0.903932 120185
0.908204 121633
0.912477 123081
0.91675 124529
0.921022 125977
0.925295 127425
0.929567 128873
0.93384 130321
0.938113 131769
0.94232 133217
0.946527 134665
0.950411 136113
0.954295 137561
0.957901 139009
0.961508 140457
0.965114 141905
0.96848 143353
0.971846 144801
0.975002 146249
0.978157 147697
0.981313 149145
0.984283 150593
0.987253 152041
0.990223 153489
0.993193 154937
0.996163 156385
0.999133 157833
1.0021 159281
1.00507 160729
1.00804 162177
1.01101 163625
1.01398 165073
1.01695 166521
1.01992 167969
1.02289 169417
1.02586 170865
1.02867 172313
1.03148 173761
1.03429 175209
1.0371 176657
1.03991 178105
1.04272 179553
1.04553 181001
1.04834 182449
1.05114 183897
1.05395 185345
1.05676 186793
1.05957 188241
1.06202 189689
1.06446 191137
1.06691 192585
1.06935 194033
1.07819 195481
1.0805 196929
1.08282 198377
1.08514 199825
1.10222 201273
1.10453 202721
1.10685 204169
1.10915 205617
1.11144 207065
1.11368 208513
1.11582 209961
1.11787 211409
1.11983 212857
1.12172 214305
1.12361 215753
1.12544 217201
1.12728 218649
1.12911 220097
1.13094 221545
1.13277 222993
1.1346 224441
1.13643 225889
1.13826 227337
1.14009 228785
1.14192 230233
1.14375 231681
1.14558 233129
1.14741 234577
1.14924 236025
1.15107 237473
1.15291 238921
1.15474 240369
1.15657 241817
1.1584 243265
1.16023 244713
1.16206 246161
1.16389 247609
1.16572 249057
1.16755 250505
1.16938 251953
1.17121 253401
1.17304 254849
1.17487 256297
1.1767 257745
1.17854 259193
1.18037 260641
1.1822 262089
1.18403 263537
1.18586 264985
1.18769 266433
1.18952 267881
1.19135 269329
1.19318 270777
1.19501 272225
1.19684 273673
1.19867 275121
1.2005 276569
1.20233 278017
1.20416 279465
1.206 280913
1.20783 282361
1.20966 283809
1.21149 285257
1.21332 286705
1.21515 288153
1.21698 289601
1.21881 291049
1.22064 292497
1.2223 293945
1.22396 295393
1.22562 296841
1.22728 298289
1.22894 299737
1.2306 301185
1.23226 302633
1.23385 304081
1.23545 305529
1.23705 306977
1.23864 308425
1.24024 309873
1.24183 311321
1.24343 312769
1.24503 314217
1.24656 315665
1.2481 317113
1.24964 318561
1.25117 320009
1.25271 321457
1.25425 322905
1.25578 324353
1.25732 325801
1.25886 327249
1.26039 328697
1.26193 330145
1.26347 331593
1.265 333041
1.26654 334489
1.26808 335937
1.26961 337385
1.27115 338833
1.27269 340281
1.27422 341729
1.27576 343177
1.2773 344625
1.27883 346073
1.28037 347521
1.28191 348969
1.28344 350417
1.28493 351865
1.28642 353313
1.28791 354761
1.2894 356209
1.2965 357657
1.29794 359105
1.29938 360553
1.30082 362001
1.30852 363449
1.30991 364897
1.3113 366345
1.3127 367793
1.32294 369241
1.32429 370689
1.32564 372137
1.32699 373585
1.33255 375033
1.3339 376481
1.33525 377929
1.3366 379377
1.34457 380825
1.34592 382273
1.34727 383721
1.34861 385169
1.3662 386617
1.36754 388065
1.36889 389513
1.37024 390961
1.37821 392409
1.37956 393857
1.38091 395305
1.38226 396753
1.41426 398201
1.41561 399649
1.41696 401097
1.41831 402545
1.41966 403993
1.42101 405441
1.42236 406889
1.4237 408337
1.42505 409785
1.4264 411233
1.42775 412681
1.4291 414129
1.43045 415577
1.4318 417025
1.43315 418473
1.4345 419921
1.43585 421369
1.4372 422817
1.43855 424265
1.4399 425713
1.44124 427161
1.44259 428609
1.44394 430057
1.44529 431505
1.44664 432953
1.44799 434401
1.44934 435849
1.45069 437297
1.45204 438745
1.45339 440193
1.45474 441641
1.45609 443089
1.45744 444537
1.45879 445985
1.46013 447433
1.46143 448881
1.46274 450329
1.46404 451777
1.46533 453225
1.4666 454673
1.46786 456121
1.46912 457569
1.47038 459017
1.47162 460465
1.47286 461913
1.47407 463361
1.47528 464809
1.47648 466257
1.47769 467705
1.47886 469153
1.48004 470601
1.48121 472049
1.48238 473497
1.48354 474945
1.4847 476393
1.48585 477841
1.48701 479289
1.48817 480737
1.48933 482185
1.49048 483633
1.49164 485081
1.4928 486529
1.49393 487977
1.49506 489425
1.49619 490873
1.49732 492321
1.49845 493769
1.49958 495217
1.50068 496665
1.50179 498113
1.50289 499561
1.504 501009
1.5051 502457
1.50621 503905
1.50731 505353
1.50842 506801
1.5095 508249
1.51058 509697
1.51166 511145
1.51274 512593
1.51382 514041
1.5149 515489
1.51598 516937
1.51706 518385
1.51814 519833
1.51922 521281
1.5203 522729
1.52138 524177
1.52246 525625
1.52354 527073
1.52462 528521
1.5257 529969
1.52678 531417
1.52786 532865
1.52894 534313
1.53002 535761
1.5311 537209
1.53218 538657
1.53326 540105
1.53434 541553
1.53542 543001
1.5365 544449
1.53758 545897
1.53866 547345
1.53974 548793
1.54082 550241
1.5419 551689
1.54298 553137
1.54406 554585
1.54514 556033
1.54622 557481
1.5473 558929
1.54838 560377
1.54946 561825
1.55054 563273
1.55162 564721
1.5527 566169
1.55378 567617
1.55486 569065
1.55594 570513
1.55702 571961
1.5581 573409
1.55918 574857
1.56026 576305
1.56134 577753
1.56242 579201
1.5635 580649
1.56458 582097
1.56566 583545
1.56674 584993
1.56806 586441
1.56914 587889
1.57768 589337
1.57876 590785
1.58369 592233
1.58477 593681
1.5921 595129
1.59318 596577
1.59931 598025
1.60039 599473
1.60652 600921
1.6076 602369
1.61373 603817
1.61481 605265
1.62093 606713
1.62201 608161
1.62814 609609
1.62922 611057
1.63535 612505
1.63643 613953
1.64256 615401
1.64364 616849
1.64977 618297
1.65085 619745
1.65698 621193
1.65806 622641
1.65913 624089
1.66021 625537
1.66419 626985
1.66527 628433
1.6714 629881
1.67248 631329
1.68822 632777
1.6893 634225
1.69543 635673
1.69651 637121
1.71226 638569
1.71333 640017
1.71947 641465
1.72054 642913
1.74109 644361
1.74217 645809
1.7483 647257
1.74938 648705
1.76032 650153
1.76139 651601
1.76753 653049
1.7686 654497
1.78435 655945
1.78543 657393
1.79156 658841
1.79264 660289
1.82761 661737
1.82868 663185
1.83482 664633
1.83589 666081
1.85164 667529
1.85272 668977
1.85885 670425
1.85993 671873
1.92374 673321
1.92481 674769
1.92614 676217
1.92722 677665
1.92854 679113
1.92962 680561
1.93095 682009
1.93202 683457
1.93335 684905
1.93442 686353
1.93575 687801
1.93683 689249
1.93816 690697
1.93923 692145
1.94056 693593
1.94163 695041
1.94296 696489
1.94404 697937
1.94537 699385
1.94644 700833
1.94777 702281
1.94884 703729
1.95017 705177
1.95125 706625
1.95258 708073
1.95365 709521
1.95498 710969
1.95605 712417
1.95738 713865
1.95846 715313
1.95979 716761
1.96086 718209
1.96219 719657
1.96326 721105
1.96459 722553
1.96567 724001
1.967 725449
1.96807 726897
1.9694 728345
1.97047 729793
1.9718 731241
1.97288 732689
1.97421 734137
1.97528 735585
1.97661 737033
1.97768 738481
1.97901 739929
1.98009 741377
1.98141 742825
1.98249 744273
1.98382 745721
1.98489 747169
1.98622 748617
1.9873 750065
1.99343 751513
1.9945 752961
2.00064 754409
2.00171 755857
2.00785 757305
2.00892 758753
2.01506 760201
2.01613 761649
2.01746 763097
2.01854 764545
2.02227 765993
2.02334 767441
2.02828 768889
2.02935 770337
2.03429 771785
2.03536 773233
2.03669 774681
2.03776 776129
2.0439 777577
2.04497 779025
2.05111 780473
2.05218 781921
2.05351 783369
2.05458 784817
2.06072 786265
2.06179 787713
2.06793 789161
2.069 790609
2.07033 792057
2.07141 793505
2.07754 794953
2.07862 796401
2.08475 797849
2.08583 799297
2.08716 800745
2.08823 802193
2.09437 803641
2.09544 805089
2.10157 806537
2.10265 807985
2.10398 809433
2.10505 810881
2.10999 812329
2.11106 813777
2.11479 815225
2.11587 816673
2.1208 818121
2.12187 819569
2.1232 821017
2.12428 822465
2.13041 823913
2.13149 825361
2.13762 826809
2.1387 828257
2.14123 829705
2.1423 831153
2.14724 832601
2.14831 834049
2.15445 835497
2.15552 836945
2.15685 838393
2.15792 839841
2.16286 841289
2.16393 842737
2.16766 844185
2.16874 845633
2.17367 847081
2.17474 848529
2.18088 849977
2.18195 851425
2.18809 852873
2.18916 854321
2.19049 855769
2.19157 857217
2.1929 858665
2.19397 860113
2.20011 861561
2.20118 863009
2.21693 864457
2.218 865905
2.22894 867353
2.23002 868801
2.24096 870249
2.24203 871697
2.25298 873145
2.25405 874593
2.26499 876041
2.26607 877489
2.27701 878937
2.27808 880385
2.28902 881833
2.2901 883281
2.30104 884729
2.30211 886177
2.31306 887625
2.31413 889073
2.32507 890521
2.32615 891969
2.33709 893417
2.33816 894865
2.3491 896313
2.35018 897761
2.35631 899209
2.35739 900657
2.36352 902105
2.3646 903553
2.37554 905001
2.37661 906449
2.40678 907897
2.40786 909345
2.4188 910793
2.41987 912241
2.45004 913689
2.45111 915137
2.46205 916585
2.46313 918033
2.50291 919481
2.50398 920929
2.51493 922377
2.516 923825
2.53655 925273
2.53763 926721
2.54857 928169
2.54964 929617
2.57981 931065
2.58089 932513
2.59183 933961
2.5929 935409
2.66152 936857
2.66259 938305
2.67354 939753
2.67461 941201
2.70478 942649
2.70585 944097
2.71679 945545
2.71787 946993
2.84416 948441
2.84524 949889
2.84657 951337
2.84764 952785
2.84897 954233
2.85004 955681
2.85137 957129
2.85245 958577
2.85378 960025
2.85485 961473
2.85618 962921
2.85725 964369
2.85858 965817
2.85966 967265
2.86099 968713
2.86206 970161
2.86339 971609
2.86446 973057
2.86579 974505
2.86687 975953
2.8682 977401
2.86927 978849
2.8706 980297
2.87167 981745
2.873 983193
2.87408 984641
2.87541 986089
2.87648 987537
2.87781 988985
2.87888 990433
2.88021 991881
2.88129 993329
2.88261 994777
2.88369 996225
2.88502 997673
2.88609 999121
2.88742 1000569
2.8885 1002017
2.88982 1003465
2.8909 1004913
2.89223 1006361
2.8933 1007809
2.89463 1009257
2.8957 1010705
2.89703 1012153
2.89811 1013601
2.89944 1015049
2.90051 1016497
2.90184 1017945
2.90291 1019393
2.90424 1020841
2.90532 1022289
2.90665 1023737
2.90772 1025185
2.91866 1026633
2.91974 1028081
2.93068 1029529
2.93175 1030977
2.94269 1032425
2.94377 1033873
2.95471 1035321
2.95578 1036769
2.95711 1038217
2.95819 1039665
2.96432 1041113
2.9654 1042561
2.97153 1044009
2.97261 1045457
2.97634 1046905
2.97741 1048353
2.97874 1049801
2.97982 1051249
2.98595 1052697
2.98703 1054145
2.99316 1055593
2.99424 1057041
2.99557 1058489
2.99664 1059937
3.00277 1061385
3.00385 1062833
3.01119 1064281
3.01226 1065729
3.01359 1067177
3.01466 1068625
3.0208 1070073
3.02187 1071521
3.02801 1072969
3.02908 1074417
3.03041 1075865
3.03149 1077313
3.03762 1078761
3.0387 1080209
3.04483 1081657
3.0459 1083105
3.04723 1084553
3.04831 1086001
3.05565 1087449
3.05672 1088897
3.06045 1090345
3.06153 1091793
3.06526 1093241
3.06633 1094689
3.06766 1096137
3.06874 1097585
3.07487 1099033
3.07594 1100481
3.08208 1101929
3.08315 1103377
3.08689 1104825
3.08796 1106273
3.09169 1107721
3.09277 1109169
3.1001 1110617
3.10118 1112065
3.10251 1113513
3.10358 1114961
3.10972 1116409
3.11079 1117857
3.11452 1119305
3.1156 1120753
3.11933 1122201
3.1204 1123649
3.12654 1125097
3.12761 1126545
3.13375 1127993
3.13482 1129441
3.13615 1130889
3.13723 1132337
3.13856 1133785
3.13963 1135233
3.14697 1136681
3.14804 1138129
3.16379 1139577
3.16486 1141025
3.17701 1142473
3.17808 1143921
3.18902 1145369
3.1901 1146817
3.20104 1148265
3.20211 1149713
3.21426 1151161
3.21533 1152609
3.22627 1154057
3.22735 1155505
3.23949 1156953
3.24056 1158401
3.25151 1159849
3.25258 1161297
3.26352 1162745
3.2646 1164193
3.27674 1165641
3.27781 1167089
3.28876 1168537
3.28983 1169985
3.30197 1171433
3.30305 1172881
3.30918 1174329
3.31026 1175777
3.31639 1177225
3.31747 1178673
3.32841 1180121
3.32948 1181569
3.36205 1183017
3.36313 1184465
3.37407 1185913
3.37514 1187361
3.40651 1188809
3.40759 1190257
3.41973 1191705
3.4208 1193153
3.46179 1194601
3.46286 1196049
3.475 1197497
3.47608 1198945
3.49663 1200393
3.49771 1201841
3.50985 1203289
3.51092 1204737
3.54229 1206185
3.54337 1207633
3.55431 1209081
3.55538 1210529
3.62761 1211977
3.62868 1213425
3.64082 1214873
3.6419 1216321
3.67327 1217769
3.67434 1219217
3.68528 1220665
3.68636 1222113
3.81866 1223561
3.81974 1225009
3.82106 1226457
3.82214 1227905
3.82347 1229353
3.82454 1230801
3.82587 1232249
3.82694 1233697
3.82827 1235145
3.82935 1236593
3.83068 1238041
3.83175 1239489
3.83308 1240937
3.83415 1242385
3.83548 1243833
3.83656 1245281
3.83789 1246729
3.83896 1248177
3.84029 1249625
3.84136 1251073
3.84269 1252521
3.84377 1253969
3.8451 1255417
3.84617 1256865
3.8475 1258313
3.84857 1259761
3.8499 1261209
3.85098 1262657
3.85231 1264105
3.85338 1265553
3.85471 1267001
3.85578 1268449
3.85711 1269897
3.85819 1271345
3.85952 1272793
3.86059 1274241
3.86192 1275689
3.86299 1277137
3.86432 1278585
3.8654 1280033
3.86673 1281481
3.8678 1282929
3.86913 1284377
3.8702 1285825
3.87153 1287273
3.87261 1288721
3.87393 1290169
3.87501 1291617
3.87634 1293065
3.87741 1294513
3.87874 1295961
3.87982 1297409
3.88114 1298857
3.88222 1300305
3.89436 1301753
3.89544 1303201
3.90638 1304649
3.90745 1306097
3.9196 1307545
3.92067 1308993
3.93161 1310441
3.93269 1311889
3.93401 1313337
3.93509 1314785
3.94122 1316233
3.9423 1317681
3.94843 1319129
3.94951 1320577
3.95444 1322025
3.95552 1323473
3.95685 1324921
3.95792 1326369
3.96405 1327817
3.96513 1329265
3.97126 1330713
3.97234 1332161
3.97367 1333609
3.97474 1335057
3.98088 1336505
3.98195 1337953
3.99049 1339401
3.99156 1340849
3.99289 1342297
4.00186 1343745
4.01084 1345193
4.01981 1346641
4.02878 1348089
4.03775 1349537
4.04672 1350985
4.05569 1352433
4.06466 1353881
4.07363 1355329
4.0826 1356777
4.09157 1358225
4.10054 1359673
4.10952 1361121
4.11849 1362569
4.12746 1364017
4.13643 1365465
4.1454 1366913
4.15437 1368361
4.16334 1369809
4.17231 1371257
4.18128 1372705
4.19025 1374153
4.19923 1375601
4.2082 1377049
4.21717 1378497
4.22614 1379945
4.23511 1381393
4.24408 1382841
4.25305 1384289
4.26202 1385737
4.27099 1387185
4.27996 1388633
4.28893 1390081
4.29791 1391529
4.30688 1392977
4.31585 1394425
4.32482 1395873
4.33379 1397321
4.34276 1398769
4.35173 1400217
4.3607 1401665
4.36967 1403113
4.37864 1404561
4.38762 1406009
4.39659 1407457
4.40556 1408905
4.41453 1410353
4.4235 1411801
4.43247 1413249
4.44144 1414697
4.45041 1416145
4.45938 1417593
4.46835 1419041
4.47732 1420489
4.4863 1421937
4.49527 1423385
4.50424 1424833
4.51321 1426281
4.52218 1427729
4.53115 1429177
4.54012 1430625
4.54909 1432073
4.55806 1433521
4.56703 1434969
4.57601 1436417
4.58498 1437865
4.59395 1439313
4.60292 1440761
4.61189 1442209
4.62086 1443657
4.62983 1445105
4.6388 1446553
4.64777 1448001
4.65674 1449449
4.66571 1450897
4.67469 1452345
4.68366 1453793
4.69263 1455241
4.7016 1456689
4.71057 1458137
4.71954 1459585
4.72851 1461033
4.73748 1462481
4.74645 1463929
4.75542 1465377
4.7644 1466825
4.77337 1468273
4.78234 1469721
4.79131 1471169
4.80028 1472617
4.80925 1474065
4.81822 1475513
4.82719 1476961
4.83616 1478409
4.84513 1479857
4.8541 1481305
4.86308 1482753
4.87205 1484201
4.88102 1485649
4.88999 1487097
4.89896 1488545
4.90793 1489993
4.9169 1491441
4.92587 1492889
4.93484 1494337
4.94381 1495785
4.95279 1497233
4.96176 1498681
4.97073 1500129
4.9797 1501577
4.98867 1503025
4.99764 1504473
5.00661 1505921
5.01558 1507369
5.02455 1508817
5.03352 1510265
5.04249 1511713
5.05147 1513161
5.06044 1514609
5.06941 1516057
5.07838 1517505
5.08735 1518953
5.09632 1520401
5.10529 1521849
5.11426 1523297
5.12323 1524745
5.1322 1526193
5.14118 1527641
5.15015 1529089
5.15912 1530537
5.16809 1531985
5.17706 1533433
5.18603 1534881
5.195 1536329
5.20397 1537777
5.21294 1539225
5.22191 1540673
5.23088 1542121
5.23986 1543569
5.24883 1545017
5.2578 1546465
5.26677 1547913
5.27574 1549361
5.28471 1550809
5.29368 1552257
5.30265 1553705
5.31162 1555153
5.32059 1556601
5.32956 1558049
5.33854 1559497
5.34751 1560945
5.35648 1562393
5.36545 1563841
5.37442 1565289
5.38339 1566737
5.39236 1568185
5.40133 1569633
5.4103 1571081
5.41927 1572529
5.42825 1573977
5.43722 1575425
5.44619 1576873
5.45516 1578321
5.46413 1579769
5.4731 1581217
5.48207 1582665
5.49104 1584113
5.50001 1585561
5.50898 1587009
5.51795 1588457
5.52693 1589905
5.5359 1591353
5.54487 1592801
5.55384 1594249
5.56281 1595697
5.57178 1597145
5.58075 1598593
5.58972 1600041
5.59869 1601489
5.60766 1602937
5.61664 1604385
5.62561 1605833
5.63458 1607281
5.64355 1608729
5.65252 1610177
5.66149 1611625
5.67046 1613073
5.67943 1614521
5.6884 1615969
5.69737 1617417
5.70634 1618865
5.71532 1620313
5.72429 1621761
5.73326 1623209
5.74223 1624657
5.7512 1626105
5.76017 1627553
5.76914 1629001
5.77811 1630449
5.78708 1631897
5.79605 1633345
5.80503 1634793
5.814 1636241
5.82297 1637689
5.83194 1639137
5.84091 1640585
5.84988 1642033
5.85885 1643481
5.86782 1644929
5.87679 1646377
5.88576 1647825
5.89473 1649273
5.90371 1650721
5.91268 1652169
5.92165 1653617
5.93062 1655065
5.93959 1656513
5.94856 1657961
5.95753 1659409
5.9665 1660857
5.97547 1662305
5.98444 1663753
5.99342 1665201
6.00239 1666649
6.01136 1668097
6.02033 1669545
6.0293 1670993
6.03827 1672441
6.04724 1673889
6.05621 1675337
6.06518 1676785
6.07415 1678233
6.08312 1679681
6.0921 1681129
6.10107 1682577
6.11004 1684025
6.11901 1685473
6.12798 1686921
6.13695 1688369
6.14592 1689817
6.15489 1691265
6.16386 1692713
6.17283 1694161
6.18181 1695609
6.19078 1697057
6.19975 1698505
6.20872 1699953
6.21769 1701401
6.22666 1702849
6.23563 1704297
6.2446 1705745
6.25357 1707193
6.26254 1708641
6.27151 1710089
6.28049 1711537
6.28946 1712985
6.29843 1714433
6.3074 1715881
6.31637 1717329
6.32534 1718777
6.33431 1720225
6.34328 1721673
6.35225 1723121
6.36122 1724569
6.3702 1726017
6.37917 1727465
6.38814 1728913
6.39711 1730361
6.40608 1731809
6.41505 1733257
6.42402 1734705
6.43299 1736153
6.44196 1737601
6.45093 1739049
6.4599 1740497
6.46888 1741945
6.47785 1743393
6.48682 1744841
6.49579 1746289
6.50476 1747737
6.51373 1749185
6.5227 1750633
6.53167 1752081
6.54064 1753529
6.54961 1754977
6.55859 1756425
6.56756 1757873
6.57653 1759321
6.5855 1760769
6.59447 1762217
6.60344 1763665
6.61241 1765113
6.62138 1766561
6.63035 1768009
6.63932 1769457
6.64829 1770905
6.65727 1772353
6.66624 1773801
6.67521 1775249
6.68418 1776697
6.69315 1778145
6.70212 1779593
6.71109 1781041
6.72006 1782489
6.72903 1783937
6.738 1785385
6.74698 1786833
6.75595 1788281
6.76492 1789729
6.77389 1791177
6.78286 1792625
6.79183 1794073
6.8008 1795521
6.80977 1796969
6.81874 1798417
6.82771 1799865
6.83668 1801313
6.84566 1802761
6.85463 1804209
6.8636 1805657
6.87257 1807105
6.88154 1808553
6.89051 1810001
6.89948 1811449
6.90845 1812897
6.91742 1814345
6.92639 1815793
6.93537 1817241
6.94434 1818689
6.95331 1820137
6.96228 1821585
6.97125 1823033
6.98022 1824481
6.98919 1825929
6.99816 1827377
7.00713 1828825
7.0161 1830273
7.02507 1831721
7.03405 1833169
7.04302 1834617
7.05199 1836065
7.06096 1837513
7.06993 1838961
7.0789 1840409
7.08787 1841857
7.09684 1843305
7.10581 1844753
7.11478 1846201
7.12376 1847649
7.13273 1849097
7.1417 1850545
7.15067 1851993
7.15964 1853441
7.16861 1854889
7.17758 1856337
7.18655 1857785
7.19552 1859233
7.20449 1860681
7.21346 1862129
7.22244 1863577
7.23141 1865025
7.24038 1866473
7.24935 1867921
7.25832 1869369
7.26729 1870817
7.27626 1872265
7.28523 1873713
7.2942 1875161
7.30317 1876609
7.31215 1878057
7.32112 1879505
7.33009 1880953
7.33906 1882401
7.34803 1883849
7.357 1885297
7.36597 1886745
7.37494 1888193
7.38391 1889641
7.39288 1891089
7.40185 1892537
7.41083 1893985
7.4198 1895433
7.42877 1896881
7.43774 1898329
7.44671 1899777
7.45568 1901225
7.46465 1902673
7.47362 1904121
7.48259 1905569
7.49156 1907017
7.50054 1908465
7.50951 1909913
7.51848 1911361
7.52745 1912809
7.53642 1914257
7.54539 1915705
7.55436 1917153
7.56333 1918601
7.5723 1920049
7.58127 1921497
7.59024 1922945
7.59922 1924393
7.60819 1925841
7.61716 1927289
7.62613 1928737
7.6351 1930185
7.64407 1931633
7.65304 1933081
7.66201 1934529
7.67098 1935977
7.67995 1937425
7.68893 1938873
7.6979 1940321
7.70687 1941769
7.71584 1943217
7.72481 1944665
7.73378 1946113
7.74275 1947561
7.75172 1949009
7.76069 1950457
7.76966 1951905
7.77863 1953353
7.78761 1954801
7.79658 1956249
7.80555 1957697
7.81452 1959145
7.82349 1960593
7.83246 1962041
7.84143 1963489
7.8504 1964937
7.85937 1966385
7.86834 1967833
7.87732 1969281
7.88629 1970729
7.89526 1972177
7.90423 1973625
7.9132 1975073
7.92217 1976521
7.93114 1977969
7.94011 1979417
7.94908 1980865
7.95805 1982313
7.96702 1983761
7.976 1985209
7.98497 1986657
7.99394 1988105
8.00291 1989553
8.01188 1991001
8.02085 1992449
8.02982 1993897
8.03879 1995345
8.04776 1996793
8.05673 1998241
8.06571 1999689
8.07468 2001137
8.08365 2002585
8.09262 2004033
8.10159 2005481
8.11056 2006929
8.11953 2008377
8.1285 2009825
8.13747 2011273
8.14644 2012721
8.15541 2014169
8.16439 2015617
8.17336 2017065
8.18233 2018513
8.1913 2019961
8.20027 2021409
8.20924 2022857
8.21821 2024305
8.22718 2025753
8.23615 2027201
8.24512 2028649
8.2541 2030097
8.26307 2031545
8.27204 2032993
8.28101 2034441
8.28998 2035889
8.29895 2037337
8.30792 2038785
8.31689 2040233
8.32586 2041681
8.33483 2043129
8.3438 2044577
8.35278 2046025
8.36175 2047473
8.37072 2048921
8.37969 2050369
8.38866 2051817
8.39763 2053265
8.4066 2054713
8.41557 2056161
8.42454 2057609
8.43351 2059057
8.44248 2060505
8.45146 2061953
8.46043 2063401
8.4694 2064849
8.47837 2066297
8.48734 2067745
8.49631 2069193
8.50528 2070641
8.51425 2072089
8.52322 2073537
8.53219 2074985
8.54117 2076433
8.55014 2077881
8.55911 2079329
8.56808 2080777
8.57705 2082225
8.58602 2083673
8.59499 2085121
8.60396 2086569
8.61293 2088017
8.6219 2089465
8.63087 2090913
8.63985 2092361
8.64882 2093809
8.65779 2095257
8.66676 2096705
8.67573 2098153
8.6847 2099601
8.69367 2101049
8.70264 2102497
8.71161 2103945
8.72058 2105393
8.72956 2106841
8.73853 2108289
8.7475 2109737
8.75647 2111185
8.76544 2112633
8.77441 2114081
8.78338 2115529
8.79235 2116977
8.80132 2118425
8.81029 2119873
8.81926 2121321
8.82824 2122769
8.83721 2124217
8.84618 2125665
8.85515 2127113
8.86412 2128561
8.87309 2130009
8.88206 2131457
8.89103 2132905
8.9 2134353
8.90897 2135801
8.91795 2137249
8.92692 2138697
8.93589 2140145
8.94486 2141593
8.95383 2143041
8.9628 2144489
8.97177 2145937
8.98074 2147385
8.98971 2148833
8.99868 2150281
9.00765 2151729
9.01663 2153177
9.0256 2154625
9.03457 2156073
9.04354 2157521
9.05251 2158969
9.06148 2160417
9.07045 2161865
9.07942 2163313
9.08839 2164761
9.09736 2166209
9.10634 2167657
9.11531 2169105
9.12428 2170553
9.13325 2172001
9.14222 2173449
9.15119 2174897
9.16016 2176345
9.16913 2177793
9.1781 2179241
9.18707 2180689
9.19604 2182137
9.20502 2183585
9.21399 2185033
9.22296 2186481
9.23193 2187929
9.2409 2189377
9.24987 2190825
9.25884 2192273
9.26781 2193721
9.27678 2195169
9.28575 2196617
9.29473 2198065
9.3037 2199513
9.31267 2200961
9.32164 2202409
9.33061 2203857
9.33958 2205305
9.34855 2206753
9.35752 2208201
9.36649 2209649
9.37546 2211097
9.38443 2212545
9.39341 2213993
9.40238 2215441
9.41135 2216889
9.42032 2218337
9.42929 2219785
9.43826 2221233
9.44723 2222681
9.4562 2224129
9.46517 2225577
9.47414 2227025
9.48312 2228473
9.49209 2229921
9.50106 2231369
9.51003 2232817
9.519 2234265
9.52797 2235713
9.53694 2237161
9.54591 2238609
9.55488 2240057
9.56385 2241505
9.57282 2242953
9.5818 2244401
9.59077 2245849
9.59974 2247297
9.60871 2248745
9.61768 2250193
9.62665 2251641
9.63562 2253089
9.64459 2254537
9.65356 2255985
9.66253 2257433
9.67151 2258881
9.68048 2260329
9.68945 2261777
9.69842 2263225
9.70739 2264673
9.71636 2266121
9.72533 2267569
9.7343 2269017
9.74327 2270465
9.75224 2271913
9.76121 2273361
9.77019 2274809
9.77916 2276257
9.78813 2277705
9.7971 2279153
9.80607 2280601
9.81504 2282049
9.82401 2283497
9.83298 2284945
9.84195 2286393
9.85092 2287841
9.8599 2289289
9.86887 2290737
9.87784 2292185
9.88681 2293633
9.89578 2295081
9.90475 2296529
9.91372 2297977
9.92269 2299425
9.93166 2300873
9.94063 2302321
9.9496 2303769
9.95858 2305217
9.96755 2306665
9.97652 2308113
9.98549 2309561
9.99446 2311009
10.0034 2312457
10.0124 2313905
10.0214 2315353
10.0303 2316801
10.0393 2318249
10.0483 2319697
10.0573 2321145
10.0662 2322593
10.0752 2324041
10.0842 2325489
10.0931 2326937
10.1021 2328385
10.1111 2329833
10.1201 2331281
10.129 2332729
10.138 2334177
10.147 2335625
10.1559 2337073
10.1649 2338521
10.1739 2339969
10.1828 2341417
10.1918 2342865
10.2008 2344313
11.3899 2345761
11.393 2347209
11.4092 2348657
11.4123 2350105
12.5026 2351553
12.5051 2353001
12.5076 2354449
12.5101 2355897
12.5126 2357345
12.515 2358793
12.5175 2360241
12.52 2361689
12.5225 2363137
12.525 2364585
12.5275 2366033
12.5299 2367481
12.5324 2368929
12.5349 2370377
12.5374 2371825
12.5399 2373273
12.5424 2374721
12.5448 2376169
12.5473 2377617
12.5498 2379065
12.5523 2380513
12.5548 2381961
12.5573 2383409
12.5597 2384857
12.5622 2386305
12.5647 2387753
12.5672 2389201
12.5697 2390649
12.5722 2392097
12.5746 2393545
12.5771 2394993
12.5796 2396441
12.5821 2397889
12.5846 2399337
12.5871 2400785
12.5895 2402233
12.592 2403681
12.5945 2405129
12.597 2406577
12.5995 2408025
12.602 2409473
12.6044 2410921
12.6069 2412369
12.6094 2413817
12.6119 2415265
12.6144 2416713
12.6169 2418161
12.6193 2419609
12.6218 2421057
12.6243 2422505
12.6268 2423953
12.6293 2425401
12.6318 2426849
12.6342 2428297
12.6367 2429745
12.6392 2431193
12.6417 2432641
12.6442 2434089
12.6467 2435537
12.6491 2436985
12.6516 2438433
12.6541 2439881
12.6566 2441329
12.6591 2442777
12.6616 2444225
12.664 2445673
12.6665 2447121
12.669 2448569
12.6715 2450017
12.674 2451465
12.6765 2452913
12.6789 2454361
12.6814 2455809
12.6839 2457257
12.6864 2458705
12.6889 2460153
12.6914 2461601
12.6938 2463049
12.6963 2464497
12.6988 2465945
12.7013 2467393
12.7038 2468841
12.7063 2470289
12.7087 2471737
12.7112 2473185
12.7137 2474633
12.7162 2476081
12.7187 2477529
12.7212 2478977
12.7236 2480425
12.7261 2481873
12.7286 2483321
12.7311 2484769
12.7336 2486217
12.7361 2487665
12.7385 2489113
12.741 2490561
12.7435 2492009
12.746 2493457
12.7485 2494905
12.751 2496353
12.7534 2497801
12.7559 2499249
12.7584 2500697
12.7609 2502145
12.7634 2503593
12.7659 2505041
12.7683 2506489
12.7708 2507937
12.7733 2509385
12.7758 2510833
12.7783 2512281
12.7808 2513729
12.7832 2515177
12.7857 2516625
12.7882 2518073
12.7907 2519521
12.7932 2520969
12.7957 2522417
12.7981 2523865
12.8006 2525313
12.8031 2526761
12.8056 2528209
12.8081 2529657
12.8106 2531105
12.813 2532553
12.8155 2534001
12.818 2535449
12.8205 2536897
12.823 2538345
12.8255 2539793
12.8279 2541241
12.8304 2542689
12.8329 2544137
12.8354 2545585
12.8379 2547033
12.8404 2548481
12.8428 2549929
12.8453 2551377
12.8478 2552825
12.8503 2554273
12.8528 2555721
12.8553 2557169
12.8577 2558617
12.8602 2560065
12.8627 2561513
12.8652 2562961
12.8677 2564409
12.8702 2565857
12.8726 2567305
12.8751 2568753
12.8776 2570201
12.8801 2571649
12.8826 2573097
12.8851 2574545
12.8875 2575993
12.89 2577441
12.8925 2578889
12.895 2580337
12.8975 2581785
12.9 2583233
12.9024 2584681
12.9049 2586129
12.9074 2587577
12.9099 2589025
12.9124 2590473
12.9149 2591921
12.9173 2593369
12.9198 2594817
12.9223 2596265
12.9248 2597713
12.9273 2599161
12.9298 2600609
12.9322 2602057
12.9347 2603505
12.9372 2604953
12.9397 2606401
12.9422 2607849
12.9447 2609297
12.9471 2610745
12.9496 2612193
12.9521 2613641
12.9546 2615089
12.9571 2616537
12.9596 2617985
12.962 2619433
12.9645 2620881
12.967 2622329
12.9695 2623777
12.972 2625225
12.9745 2626673
12.9769 2628121
12.9794 2629569
12.9819 2631017
12.9844 2632465
13.6934 2633913
13.6975 2635361
13.7017 2636809
13.7058 2638257
13.7099 2639705
13.7141 2641153
13.7182 2642601
13.7223 2644049
13.7265 2645497
13.7306 2646945
13.7347 2648393
13.7389 2649841
13.743 2651289
13.7471 2652737
13.7513 2654185
13.7554 2655633
13.7595 2657081
13.7637 2658529
13.7678 2659977
13.7719 2661425
13.7761 2662873
13.7802 2664321
13.7843 2665769
13.7885 2667217
13.7926 2668665
13.7967 2670113
13.8009 2671561
13.805 2673009
13.8091 2674457
13.8133 2675905
13.8174 2677353
13.8215 2678801
13.8257 2680249
13.8298 2681697
13.8339 2683145
13.8381 2684593
13.8422 2686041
13.8463 2687489
13.8505 2688937
13.8546 2690385
13.8588 2691833
13.8629 2693281
13.867 2694729
13.8712 2696177
13.8753 2697625
13.8794 2699073
13.8836 2700521
13.8877 2701969
13.8918 2703417
13.896 2704865
13.9001 2706313
13.9042 2707761
13.9084 2709209
13.9125 2710657
13.9166 2712105
13.9208 2713553
13.9249 2715001
13.929 2716449
13.9332 2717897
13.9373 2719345
13.9414 2720793
13.9456 2722241
13.9497 2723689
13.9538 2725137
13.958 2726585
13.9621 2728033
13.9662 2729481
13.9704 2730929
13.9745 2732377
13.9786 2733825
13.9828 2735273
13.9869 2736721
13.991 2738169
13.9952 2739617
13.9993 2741065
14.0034 2742513
14.0076 2743961
14.0117 2745409
14.0158 2746857
14.02 2748305
14.0241 2749753
14.0282 2751201
14.0324 2752649
14.0365 2754097
14.0406 2755545
14.0448 2756993
14.0489 2758441
14.053 2759889
14.0572 2761337
14.0613 2762785
14.0654 2764233
14.0696 2765681
14.0737 2767129
14.0778 2768577
14.082 2770025
14.0861 2771473
14.0902 2772921
14.0944 2774369
14.0985 2775817
14.1026 2777265
14.1068 2778713
14.1109 2780161
14.115 2781609
14.1192 2783057
14.1233 2784505
14.1274 2785953
14.1316 2787401
14.1357 2788849
14.1398 2790297
14.144 2791745
14.1481 2793193
14.1522 2794641
14.1564 2796089
14.1605 2797537
14.1646 2798985
14.1688 2800433
14.1729 2801881
14.177 2803329
14.1812 2804777
14.1853 2806225
14.1894 2807673
14.1936 2809121
14.1977 2810569
14.2018 2812017
14.206 2813465
14.2101 2814913
14.2142 2816361
14.2184 2817809
14.2225 2819257
14.2266 2820705
14.2308 2822153
14.2349 2823601
14.239 2825049
14.2432 2826497
14.2473 2827945
14.2514 2829393
14.2556 2830841
14.2597 2832289
14.2638 2833737
14.268 2835185
14.2721 2836633
14.2762 2838081
14.2804 2839529
14.2845 2840977
14.2886 2842425
14.2928 2843873
14.2969 2845321
14.301 2846769
14.3052 2848217
14.3093 2849665
14.3134 2851113
14.3176 2852561
14.3217 2854009
14.3258 2855457
14.33 2856905
14.3341 2858353
14.3382 2859801
14.3424 2861249
14.3465 2862697
14.3506 2864145
14.3548 2865593
14.3589 2867041
14.363 2868489
14.3672 2869937
14.3713 2871385
14.3754 2872833
14.3796 2874281
14.3837 2875729
14.3878 2877177
14.392 2878625
14.3961 2880073
14.4002 2881521
14.4044 2882969
14.4085 2884417
14.4126 2885865
14.4168 2887313
14.4209 2888761
14.425 2890209
14.4292 2891657
14.4333 2893105
14.4374 2894553
14.4416 2896001
14.4457 2897449
14.4498 2898897
14.454 2900345
14.4581 2901793
14.4622 2903241
14.4664 2904689
14.4705 2906137
14.4746 2907585
14.4788 2909033
14.4829 2910481
14.487 2911929
14.4912 2913377
14.4953 2914825
14.4994 2916273
14.5036 2917721
14.5077 2919169
14.5118 2920617
14.516 2922065
14.5201 2923513
14.5242 2924961
14.5284 2926409
14.5325 2927857
14.5366 2929305
14.5408 2930753
14.5449 2932201
14.549 2933649
14.5532 2935097
14.5573 2936545
14.5614 2937993
14.5656 2939441
14.5697 2940889
14.5738 2942337
14.578 2943785
14.5821 2945233
14.5862 2946681
14.5904 2948129
14.5945 2949577
14.5986 2951025
14.6028 2952473
14.6069 2953921
14.611 2955369
14.6152 2956817
14.6193 2958265
14.6234 2959713
14.6276 2961161
14.6317 2962609
14.6358 2964057
14.64 2965505
14.6441 2966953
14.6483 2968401
14.6524 2969849
14.6565 2971297
14.6607 2972745
14.6648 2974193
14.6689 2975641
14.6731 2977089
14.6772 2978537
14.6813 2979985
14.6855 2981433
14.6896 2982881
14.6937 2984329
14.6979 2985777
14.702 2987225
14.7061 2988673
14.7103 2990121
14.7144 2991569
14.7185 2993017
14.7227 2994465
14.7268 2995913
14.7309 2997361
14.7351 2998809
14.7392 3000257
14.7433 3001705
14.7475 3003153
14.7516 3004601
14.7557 3006049
14.7599 3007497
14.764 3008945
14.7681 3010393
14.7723 3011841
14.7764 3013289
14.7805 3014737
14.7847 3016185
14.7888 3017633
14.7929 3019081
14.7971 3020529
14.8012 3021977
14.8053 3023425
14.8095 3024873
14.8136 3026321
14.8177 3027769
14.8219 3029217
14.826 3030665
14.8301 3032113
14.8343 3033561
14.8384 3035009
14.8425 3036457
14.8467 3037905
14.8508 3039353
14.8549 3040801
14.8591 3042249
14.8632 3043697
14.8673 3045145
14.8715 3046593
14.8756 3048041
14.8797 3049489
14.8839 3050937
14.888 3052385
14.8921 3053833
14.8963 3055281
14.9004 3056729
14.9045 3058177
14.9087 3059625
14.9128 3061073
14.9169 3062521
14.9211 3063969
14.9252 3065417
14.9293 3066865
14.9335 3068313
14.9376 3069761
14.9417 3071209
14.9459 3072657
14.95 3074105
14.9541 3075553
14.9583 3077001
14.9624 3078449
14.9665 3079897
14.9707 3081345
14.9748 3082793
14.9789 3084241
14.9831 3085689
14.9872 3087137
14.9913 3088585
14.9955 3090033
14.9996 3091481
15.0037 3092929
15.0079 3094377
15.012 3095825
15.0161 3097273
15.0203 3098721
15.0244 3100169
15.0285 3101617
15.0327 3103065
15.0368 3104513
15.0409 3105961
15.0451 3107409
15.0492 3108857
15.0533 3110305
15.0575 3111753
15.0616 3113201
15.0657 3114649
15.0699 3116097
15.074 3117545
15.0781 3118993
15.0823 3120441
15.0864 3121889
15.0905 3123337
15.0947 3124785
15.0988 3126233
15.1029 3127681
15.1071 3129129
15.1112 3130577
15.1153 3132025
15.1195 3133473
15.1236 3134921
15.1277 3136369
15.1319 3137817
15.136 3139265
15.1401 3140713
15.1443 3142161
15.1484 3143609
15.1525 3145057
15.1567 3146505
15.1608 3147953
15.1649 3149401
15.1691 3150849
15.1732 3152297
15.1773 3153745
15.1815 3155193
15.1856 3156641
15.1897 3158089
15.1939 3159537
15.198 3160985
15.2021 3162433
15.2063 3163881
15.2104 3165329
15.2145 3166777
15.2187 3168225
15.2228 3169673
15.2269 3171121
15.2311 3172569
15.2352 3174017
15.2393 3175465
15.2435 3176913
15.2476 3178361
15.2517 3179809
15.2559 3181257
15.26 3182705
15.2641 3184153
15.271 3185601
15.2779 3187049
15.2848 3188497
15.2903 2639705
15.2939 3188497
15.2939 3189945
15.3008 3191393
15.3077 3192841
15.3146 3194289
15.3215 3195737
15.3284 3197185
15.3353 3198633
15.3422 3200081
15.3491 3201529
15.356 3202977
15.3628 3204425
15.3697 3205873
15.3766 3207321
15.3835 3208769
15.3904 3210217
15.3973 3211665
15.4042 3213113
15.4111 3214561
15.418 3216009
15.4248 2686041
15.4248 2687489
15.4317 3216009
15.4317 3217457
15.4386 3218905
15.4455 3220353
15.4524 3221801
15.4593 3223249
15.4662 3224697
15.4731 3226145
15.48 3227593
15.4868 3229041
15.4937 3230489
15.5006 3231937
15.5075 3233385
15.5144 3234833
15.5213 3236281
15.5282 2722241
15.5282 2723689
15.5351 3236281
15.5351 3237729
15.542 3239177
15.5488 3240625
15.5557 3242073
15.5626 3243521
15.5695 3244969
15.5764 3246417
15.5833 3247865
15.5902 3249313
15.5971 3250761
15.604 3252209
15.6109 3253657
15.6177 3255105
15.6246 3256553
15.6315 2758441
15.6315 2759889
15.6384 3256553
15.6384 3258001
15.6453 3259449
15.6522 3260897
15.6591 3262345
15.666 3263793
15.6729 3265241
15.6797 3266689
15.6866 3268137
15.6935 3269585
15.7004 3271033
15.7073 3272481
15.7142 3273929
15.7211 3275377
15.728 3276825
15.7349 2794641
15.7349 2796089
15.7417 3276825
15.7417 3278273
15.7486 3279721
15.7555 3281169
15.7624 3282617
15.7693 3284065
15.7762 3285513
15.7831 3286961
15.79 3288409
15.7969 3289857
15.8037 3291305
15.8106 3292753
15.8175 3294201
15.8244 3295649
15.8313 3297097
15.8382 3298545
15.8451 3299993
15.852 3301441
15.8589 3302889
15.8658 3304337
15.8726 3305785
15.8795 3307233
15.8864 3308681
15.8933 3310129
15.9002 3311577
15.9071 3313025
15.914 3314473
15.9209 3315921
15.9278 3317369
15.9346 3318817
15.9415 3320265
15.9484 3321713
15.9553 3323161
15.9622 3324609
15.9691 3326057
15.976 3327505
15.9829 3328953
15.9898 3330401
15.9966 3331849
16.0035 3333297
16.0104 3334745
16.0173 3336193
16.0242 3337641
16.0311 3339089
16.038 3340537
16.0449 2903241
16.0449 2904689
16.0518 3340537
16.0518 3341985
16.0586 3343433
16.0655 3344881
16.0724 3346329
16.0793 3347777
16.0862 3349225
16.0931 2919169
16.0931 2920617
16.1 3349225
16.1 3350673
16.1069 3352121
16.1138 3353569
16.1207 2929305
16.1207 2930753
16.1275 3353569
16.1275 3355017
16.1344 3356465
16.1413 3357913
16.1482 2939441
16.1482 2940889
16.1551 3357913
16.1551 3359361
16.162 3360809
16.1689 3362257
16.1758 3363705
16.1827 3365153
16.1895 3366601
16.1964 2955369
16.1964 2956817
16.2033 3366601
16.2033 3368049
16.2102 3369497
16.2171 3370945
16.224 2965505
16.224 2966953
16.2309 3370945
16.2309 3372393
16.2378 3373841
16.2447 3375289
16.2515 2975641
16.2515 2977089
16.2584 3375289
16.2584 3376737
16.2653 3378185
16.2722 3379633
16.2791 3381081
16.286 3382529
16.2929 3383977
16.2998 2991569
16.2998 2993017
16.3067 3383977
16.3067 3385425
16.3135 3386873
16.3204 3388321
16.3273 3001705
16.3273 3003153
16.3342 3388321
16.3342 3389769
16.3411 3391217
16.348 3392665
16.3549 3011841
16.3549 3013289
16.3618 3392665
16.3618 3394113
16.3687 3395561
16.3755 3397009
16.3824 3398457
16.3893 3399905
16.3962 3401353
16.4031 3027769
16.4031 3029217
16.41 3401353
16.41 3402801
16.4169 3404249
16.4238 3405697
16.4289 3037905
16.4289 3039353
16.4341 3405697
16.4341 3407145
16.4393 3408593
16.4444 3410041
16.4496 3411489
16.4548 3412937
16.4599 3048041
16.4599 3049489
16.4651 3412937
16.4651 3414385
16.4703 3415833
16.4754 3417281
16.4806 3418729
16.4858 3420177
16.4909 3421625
16.4961 3423073
16.5013 3424521
16.5064 3063969
16.5064 3065417
16.5116 3424521
16.5116 3425969
16.5168 3427417
16.5219 3428865
16.5271 3430313
16.5323 3074105
16.5323 3075553
16.5374 3430313
16.5374 3431761
16.5426 3433209
16.5478 3434657
16.5529 3436105
16.5581 3437553
16.5633 3084241
16.5633 3085689
16.5684 3437553
16.5684 3439001
16.5736 3440449
16.5788 3441897
16.5839 3443345
16.5891 3444793
16.5943 3446241
16.5994 3447689
16.6046 3449137
16.6098 3100169
16.6098 3101617
16.6149 3449137
16.6149 3450585
16.6201 3452033
16.6253 3453481
16.6304 3454929
16.6356 3110305
16.6356 3111753
16.6408 3454929
16.6408 3456377
16.6459 3457825
16.6511 3459273
16.6563 3460721
16.6615 3462169
16.6666 3120441
16.6666 3121889
16.6718 3462169
16.6718 3463617
16.677 3465065
16.6821 3466513
16.6873 3467961
16.6925 3469409
16.6976 3470857
16.7028 3472305
16.708 3473753
16.7131 3136369
16.7131 3137817
16.7183 3473753
16.7183 3475201
16.7235 3476649
16.7286 3478097
16.7338 3479545
16.739 3146505
16.739 3147953
16.7441 3479545
16.7441 3480993
16.7493 3482441
16.7545 3483889
16.7596 3485337
16.7648 3486785
16.77 3156641
16.77 3158089
16.7751 3486785
16.7751 3488233
16.7803 3489681
16.7855 3491129
16.7906 3492577
16.7958 3494025
16.801 3495473
16.8054 3496921
16.8099 3498369
16.8143 3499817
16.8188 3501265
16.8232 3502713
16.8276 3504161
16.8321 3505609
16.8365 3507057
16.841 3508505
16.8454 3509953
16.8499 3511401
16.8543 3512849
16.8588 3514297
16.8632 3515745
16.8677 3517193
16.8721 3518641
16.8766 3520089
16.881 3521537
16.8855 3522985
16.8899 3524433
16.8943 3525881
16.8988 3527329
16.9032 3528777
16.9077 3530225
16.9121 3531673
16.9166 3533121
16.921 3534569
16.9255 3536017
16.9299 3537465
16.9344 3538913
16.9388 3540361
16.9433 3541809
16.9477 3543257
16.9522 3544705
16.9566 3546153
16.961 3547601
16.9655 3549049
16.9699 3550497
16.9744 3551945
16.9788 3553393
16.9833 3554841
16.9877 3556289
16.9922 3557737
16.9966 3559185
17.0011 3560633
17.0055 3562081
17.01 3563529
17.0144 3564977
17.0189 3566425
17.0233 3567873
17.0277 3569321
17.0322 3570769
17.0366 3572217
17.0411 3573665
17.0455 3575113
17.05 3576561
17.0544 3578009
17.0589 3579457
17.0633 3580905
17.0678 3582353
17.0722 3583801
17.0767 3585249
17.0811 3586697
17.0856 3588145
17.09 3589593
17.0944 3591041
17.0989 3592489
17.1033 3593937
17.1078 3595385
17.1122 3596833
17.1167 3598281
17.1211 3599729
17.1256 3601177
17.13 3602625
17.1345 3604073
17.1389 3605521
17.1434 3606969
17.1478 3608417
17.1523 3609865
17.1567 3611313
17.1611 3612761
17.1656 3614209
17.17 3615657
17.1745 3617105
17.1789 3618553
17.1834 3620001
17.1878 3621449
17.1923 3622897
17.1967 3624345
17.2012 3625793
17.2056 3627241
17.2101 3628689
17.2145 3630137
17.219 3631585
17.2234 3633033
17.2278 3634481
17.2323 3635929
17.2367 3637377
17.2412 3638825
17.2456 3640273
17.2501 3641721
17.2545 3643169
17.259 3644617
17.2634 3646065
17.2679 3647513
17.2723 3648961
17.2768 3650409
17.2812 3651857
17.2857 3653305
17.2901 3654753
17.2945 3656201
17.299 3657649
17.3034 3659097
17.3079 3660545
17.3123 3661993
17.3168 3663441
17.3212 3664889
17.3257 3666337
17.3301 3667785
17.3346 3669233
17.339 3670681
17.3435 3672129
17.3479 3673577
17.3524 3675025
17.3568 3676473
17.3612 3677921
17.3657 3679369
17.3701 3680817
17.3746 3682265
17.379 3683713
17.3835 3685161
17.3879 3686609
17.3924 3688057
17.3968 3689505
17.4013 3690953
17.4057 3692401
17.4102 3693849
17.4146 3695297
17.4191 3696745
17.4235 3698193
17.4279 3699641
17.4324 3701089
17.4368 3702537
17.4413 3703985
17.4457 3705433
17.4502 3706881
17.4546 3708329
17.4591 3709777
17.4635 3711225
17.468 3712673
17.4724 3714121
17.4769 3715569
17.4813 3717017
17.4858 3718465
17.4902 3719913
17.4946 3721361
17.4991 3722809
17.5035 3724257
17.508 3725705
17.5124 3727153
17.5169 3728601
17.5213 3730049
17.5258 3731497
17.5302 3732945
17.5347 3734393
17.5391 3735841
17.5436 3737289
17.548 3738737
17.5525 3740185
17.5569 3741633
17.5613 3743081
17.5658 3744529
17.5702 3745977
17.5747 3747425
17.5791 3748873
17.5836 3750321
17.588 3751769
17.5925 3753217
17.5969 3754665
17.6014 3756113
17.6058 3757561
17.6103 3759009
17.6147 3760457
17.6192 3761905
17.6236 3763353
17.628 3764801
17.6325 3766249
17.6369 3767697
17.6414 3769145
17.6458 3770593
17.6503 3772041
17.6547 3773489
17.6592 3774937
17.6636 3776385
17.6681 3777833
17.6725 3779281
17.677 3780729
17.6814 3782177
17.6859 3783625
17.6903 3785073
17.6947 3786521
17.6992 3787969
17.7036 3789417
17.7081 3790865
17.7125 3792313
17.717 3793761
17.7214 3795209
17.7259 3796657
17.7303 3798105
17.7348 3799553
17.7392 3801001
17.7437 3802449
17.7481 3803897
17.7526 3805345
17.757 3806793
17.7614 3808241
17.7659 3809689
17.7703 3811137
17.7748 3812585
17.7792 3814033
17.7837 3815481
17.7881 3816929
17.7926 3818377
17.797 3819825
17.9099 3821273
17.9144 3822721
17.9188 3824169
17.9232 3825617
17.9277 3827065
17.9321 3828513
17.9366 3829961
17.941 3831409
17.9455 3832857
17.9499 3834305
17.9544 3835753
17.9588 3837201
17.9633 3838649
17.9677 3840097
17.9722 3841545
17.9766 3842993
17.9811 3844441
17.9855 3845889
17.9899 3847337
17.9944 3848785
17.9988 3850233
18.0033 3851681
18.0077 3853129
18.0122 3854577
18.0166 3856025
18.0211 3857473
18.0255 3858921
18.03 3860369
18.0344 3861817
18.0389 3863265
18.0433 3864713
18.0478 3866161
18.0522 3867609
18.0566 3869057
18.0611 3870505
18.0655 3871953
18.07 3873401
18.0744 3874849
18.0789 3876297
18.0833 3877745
18.0878 3879193
18.0922 3880641
18.0967 3882089
18.1011 3883537
18.1056 3884985
18.11 3886433
18.1145 3887881
18.1189 3889329
18.1233 3890777
18.1278 3892225
18.1322 3893673
18.1367 3895121
18.1411 3896569
18.1456 3898017
18.15 3899465
18.1545 3900913
18.1589 3902361
18.1634 3903809
18.1678 3905257
18.1723 3906705
18.1767 3908153
18.1812 3909601
18.1856 3911049
18.19 3912497
18.1945 3913945
18.1989 3915393
18.2034 3916841
18.2078 3918289
18.2123 3919737
18.2167 3921185
18.2212 3922633
18.2256 3924081
18.2301 3925529
18.2345 3926977
18.239 3928425
18.2434 3929873
18.2479 3931321
18.2523 3932769
18.2567 3934217
18.2612 3935665
18.2656 3937113
18.2701 3938561
18.2745 3940009
18.279 3941457
18.2834 3942905
18.2879 3944353
18.2923 3945801
18.2968 3947249
18.3012 3948697
18.3057 3950145
18.3101 3951593
18.3146 3953041
18.319 3954489
18.3234 3955937
18.3279 3957385
18.3323 3958833
18.3368 3960281
18.3412 3961729
18.3457 3963177
18.3501 3964625
18.3546 3966073
18.359 3967521
18.3635 3968969
18.3679 3970417
18.3724 3971865
18.3768 3973313
18.3813 3974761
18.3857 3976209
18.3901 3977657
18.3946 3979105
18.399 3980553
18.4035 3982001
18.4079 3983449
18.4124 3984897
18.4168 3986345
18.4213 3987793
18.4257 3989241
18.4302 3990689
18.4346 3992137
18.4391 3993585
18.4435 3995033
18.448 3996481
18.4524 3997929
18.4568 3999377
18.4613 4000825
18.4657 4002273
18.4702 4003721
18.4746 4005169
18.4791 4006617
18.4835 4008065
18.488 4009513
18.4924 4010961
18.4969 4012409
18.5013 4013857
18.5058 4015305
18.5102 4016753
18.5147 4018201
18.5191 4019649
18.5235 4021097
18.528 4022545
18.5324 4023993
18.5369 4025441
18.5413 4026889
18.5458 4028337
18.5502 4029785
18.5547 4031233
18.5591 4032681
18.5636 4034129
18.568 4035577
18.5725 4037025
18.5769 4038473
18.5814 4039921
18.5858 4041369
18.5902 4042817
18.5947 4044265
18.5991 4045713
18.6036 4047161
18.608 4048609
18.6125 4050057
18.6169 4051505
18.6214 4052953
18.6258 4054401
18.6303 4055849
18.6347 4057297
18.6392 4058745
18.6436 4060193
18.6481 4061641
18.6525 4063089
18.6569 4064537
18.6614 4065985
18.6658 4067433
18.6703 4068881
18.6747 4070329
18.6792 4071777
18.6836 4073225
18.6881 4074673
18.6925 4076121
18.697 4077569
18.7014 4079017
18.7059 4080465
18.7103 4081913
18.7148 4083361
18.7192 4084809
18.7236 4086257
18.7281 4087705
18.7325 4089153
18.737 4090601
18.7414 4092049
18.7459 4093497
18.7503 4094945
18.7548 4096393
18.7592 4097841
18.7637 4099289
18.7681 4100737
18.7726 4102185
18.777 4103633
18.7814 4105081
18.7859 4106529
18.7903 4107977
18.7948 4109425
18.7992 4110873
18.8037 4112321
18.8081 4113769
18.8126 4115217
18.817 4116665
18.8215 4118113
18.8259 4119561
18.8304 4121009
18.8348 4122457
18.8393 4123905
18.8437 4125353
18.8481 4126801
18.8526 4128249
18.857 4129697
18.8615 4131145
18.8659 4132593
18.8704 4134041
18.8748 4135489
18.8793 4136937
18.8837 4138385
18.8882 4139833
18.8926 4141281
18.8971 4142729
18.9015 4144177
18.906 4145625
18.9104 4147073
18.914 4148521
18.9175 4149969
18.9211 4151417
18.9246 4152865
18.9282 4154313
18.9317 4155761
18.9353 4157209
18.9389 4158657
18.9424 4160105
18.946 4161553
18.9495 4163001
18.9531 4164449
18.9566 4165897
18.9602 4167345
18.9638 4168793
18.9673 4170241
18.9709 4171689
18.9744 4173137
18.978 4174585
18.9815 4176033
18.9851 4177481
18.9887 4178929
18.9922 4180377
18.9958 4181825
18.9993 4183273
19.0029 4184721
19.0065 4186169
19.01 4187617
19.0136 4189065
19.0171 4190513
19.0207 4191961
19.0242 4193409
19.0278 4194857
19.0314 4196305
19.0349 4197753
19.0385 4199201
19.042 4200649
19.0456 4202097
19.0491 4203545
19.0527 4204993
19.0563 4206441
19.0598 4207889
19.0634 4209337
19.0669 4210785
19.0705 4212233
19.074 4213681
19.0776 4215129
19.0812 4216577
19.0847 4218025
19.0883 4219473
19.0918 4220921
19.0954 4222369
19.0989 4223817
19.1025 4225265
19.1061 4226713
19.1096 4228161
19.1132 4229609
19.1167 4231057
19.1203 4232505
19.1238 4233953
19.1274 4235401
19.131 4236849
19.1345 4238297
19.1381 4239745
19.1416 4241193
19.1452 4242641
19.1487 4244089
19.1523 4245537
19.1559 4246985
19.1594 4248433
19.1629 4249881
19.1663 4251329
19.1697 4252777
19.1731 4254225
19.1765 4255673
19.1798 4257121
19.1832 4258569
19.1866 4260017
19.19 4261465
19.1934 4262913
19.1968 4264361
19.2002 4265809
19.2034 4267257
19.2067 4268705
19.2099 4270153
19.2132 4271601
19.2164 4273049
19.2197 4274497
19.223 4275945
19.2262 4277393
19.2295 4278841
19.2327 4280289
19.236 4281737
19.2391 4283185
19.2423 4284633
19.2454 4286081
19.2485 4287529
19.2517 4288977
19.2548 4290425
19.2579 4291873
19.2611 4293321
19.2642 4294769
19.2673 4296217
19.2705 4297665
19.2735 4299113
19.2765 4300561
19.2795 4302009
19.2826 4303457
19.2856 4304905
19.2886 4306353
19.2916 4307801
19.2947 4309249
19.2977 4310697
19.3007 4312145
19.3037 4313593
19.3068 4315041
19.3098 4316489
19.3127 4317937
19.3156 4319385
19.3185 4320833
19.3215 4322281
19.3244 4323729
19.3273 4325177
19.3302 4326625
19.3331 4328073
19.3361 4329521
19.339 4330969
19.3419 4332417
19.3448 4333865
19.3477 4335313
19.3507 4336761
19.3536 4338209
19.3565 4339657
19.3594 4341105
19.3623 4342553
19.3653 4344001
19.3682 4345449
19.3711 4346897
19.374 4348345
19.3769 4349793
19.3799 4351241
19.3828 4352689
19.3857 4354137
19.3886 4355585
19.3915 4357033
19.3945 4358481
19.3974 4359929
19.4003 4361377
19.4032 4362825
19.4061 4364273
19.409 4365721
19.412 4367169
19.4149 4368617
19.4178 4370065
19.4207 4371513
19.4236 4372961
19.4265 4374409
19.4293 4375857
19.4322 4377305
19.4351 4378753
19.4379 4380201
19.4407 4381649
19.4435 4383097
19.4463 4384545
19.4491 4385993
19.4518 4387441
19.4546 4388889
19.4574 4390337
19.4602 4391785
19.463 4393233
19.4658 4394681
19.4686 4396129
19.4714 4397577
19.4741 4399025
19.4769 4400473
19.4797 4401921
19.4825 4403369
19.4853 4404817
19.488 4406265
19.4907 4407713
19.4934 4409161
19.4961 4410609
19.4988 4412057
19.5015 4413505
19.5042 4414953
19.5069 4416401
19.5096 4417849
19.5123 4419297
19.515 4420745
19.5178 4422193
19.5204 4423641
19.5231 4425089
19.5257 4426537
19.5284 4427985
19.531 4429433
19.5337 4430881
19.5363 4432329
19.539 4433777
19.5417 4435225
19.5443 4436673
19.547 4438121
19.5496 4439569
19.5523 4441017
19.5549 4442465
19.5576 4443913
19.5602 4445361
19.5629 4446809
19.5656 4448257
19.57 4449705
19.5744 4451153
19.5788 4452601
19.5833 4454049
19.5877 4455497
19.5921 4456945
19.5965 4458393
19.601 4459841
19.6054 4461289
19.6098 4462737
19.6142 4464185
19.6187 4465633
19.6231 4467081
19.6275 4468529
19.6319 4469977
19.6362 4471425
19.6393 4472873
19.6424 4474321
19.6454 4475769
19.6485 4477217
19.6515 4478665
19.6544 4480113
19.6574 4481561
19.6604 4483009
19.6633 4484457
19.6663 4485905
19.6693 4487353
19.6723 4488801
19.6752 4490249
19.6782 4491697
19.6812 4493145
19.6841 4494593
19.6871 4496041
19.6901 4497489
19.6931 4498937
19.696 4500385
19.699 4501833
19.7019 4503281
19.7048 4504729
19.7077 4506177
19.7106 4507625
19.7134 4509073
19.7163 4510521
19.7192 4511969
19.7221 4513417
19.725 4514865
19.7279 4516313
19.7307 4517761
19.7336 4519209
19.7365 4520657
19.7393 4522105
19.7422 4523553
19.7451 4525001
19.7479 4526449
19.7508 4527897
19.7537 4529345
19.7565 4530793
19.7594 4532241
19.7623 4533689
19.7651 4535137
19.768 4536585
19.7709 4538033
19.7738 4539481
19.7766 4540929
19.7795 4542377
19.7824 4543825
19.7852 4545273
19.7881 4546721
19.791 4548169
19.7938 4549617
19.7967 4551065
19.7996 4552513
19.8024 4553961
19.8053 4555409
19.8082 4556857
19.811 4558305
19.8139 4559753
19.8168 4561201
19.8196 4562649
19.8225 4564097
19.8254 4565545
19.8283 4566993
19.8311 4568441
19.834 4569889
19.8369 4571337
19.8397 4572785
19.8426 4574233
19.8455 4575681
19.8483 4577129
19.8512 4578577
19.8541 4580025
19.8569 4581473
19.8598 4582921
19.8627 4584369
19.8655 4585817
19.8684 4587265
19.8713 4588713
19.8741 4590161
19.877 4591609
19.8799 4593057
19.8828 4594505
19.8856 4595953
19.8885 4597401
19.8914 4598849
19.8942 4600297
19.8971 4601745
19.9 4603193
19.9028 4604641
19.9057 4606089
19.9086 4607537
19.9114 4608985
19.9143 4610433
19.9172 4611881
19.92 4613329
19.9229 4614777
19.9258 4616225
19.9286 4617673
19.9315 4619121
19.9344 4620569
19.9373 4622017
19.9401 4623465
19.943 4624913
19.9459 4626361
19.9487 4627809
19.9516 4629257
19.9545 4630705
19.9573 4632153
19.9602 4633601
19.9631 4635049
19.9659 4636497
19.9688 4637945
19.9717 4639393
19.9745 4640841
19.9774 4642289
19.9803 4643737
19.9832 4645185
19.986 4646633
19.9889 4648081
19.9918 4649529
19.9946 4650977
19.9975 4652425
20.0004 4653873
20.0032 4655321
20.0061 4656769
20.009 4658217
20.0118 4659665
20.0147 4661113
20.0176 4662561
20.0204 4664009
20.0233 4665457
20.0262 4666905
20.029 4668353
20.0319 4669801
20.0348 4671249
20.0377 4672697
20.0405 4674145
20.0434 4675593
20.0463 4677041
20.0491 4678489
20.052 4679937
20.0549 4681385
20.0577 4682833
20.0606 4684281
20.0635 4685729
20.0663 4687177
20.0692 4688625
20.0721 4690073
20.0749 4691521
20.0778 4692969
20.0807 4694417
20.0835 4695865
20.0864 4697313
20.0893 4698761
20.0922 4700209
20.095 4701657
20.0979 4703105
20.1008 4704553
20.1036 4706001
20.1065 4707449
20.1094 4708897
20.1122 4710345
20.1151 4711793
20.118 4713241
20.1208 4714689
20.1237 4716137
20.1266 4717585
20.1294 4719033
20.1323 4720481
20.1352 4721929
20.138 4723377
20.1409 4724825
20.1438 4726273
20.1467 4727721
20.1495 4729169
20.1524 4730617
20.1553 4732065
20.1581 4733513
20.161 4734961
20.1639 4736409
20.1667 4737857
20.1696 4739305
20.1725 4740753
20.1753 4742201
20.1782 4743649
20.1811 4745097
20.1839 4746545
20.1868 4747993
20.1897 4749441
20.1925 4750889
20.1954 4752337
20.1983 4753785
20.2012 4755233
20.204 4756681
20.2069 4758129
20.2098 4759577
20.2126 4761025
20.2155 4762473
20.2184 4763921
20.2212 4765369
20.2241 4766817
20.227 4768265
20.2298 4769713
20.2327 4771161
20.2356 4772609
20.2384 4774057
20.2413 4775505
20.2442 4776953
20.2471 4778401
20.2499 4779849
20.2528 4781297
20.2557 4782745
20.2585 4784193
20.2614 4785641
20.2643 4787089
20.2671 4788537
20.27 4789985
20.2729 4791433
20.2757 4792881
20.2786 4794329
20.2815 4795777
20.2843 4797225
20.2872 4798673
20.2901 4800121
20.2929 4801569
20.2958 4803017
20.2987 4804465
20.3016 4805913
20.3044 4807361
20.3073 4808809
20.3102 4810257
20.313 4811705
20.3159 4813153
20.32 4814601
20.3229 4816049
20.3261 4817497
20.3289 4818945
20.3318 4820393
20.3347 4821841
20.3375 4823289
20.3404 4824737
20.3433 4826185
20.3461 4827633
20.349 4829081
20.3519 4830529
20.3547 4831977
20.3576 4833425
20.3605 4834873
20.3633 4836321
20.3662 4837769
20.3691 4839217
20.3719 4840665
20.3748 4842113
20.3777 4843561
20.3806 4845009
20.3837 4846457
20.3866 4847905
20.3957 4849353
20.3986 4850801
20.4078 4852249
20.4106 4853697
20.4198 4855145
20.4226 4856593
20.4318 4858041
20.4347 4859489
20.4438 4860937
20.4467 4862385
20.4534 4863833
20.4563 4865281
20.463 4866729
20.4659 4868177
20.475 4869625
20.4779 4871073
20.4871 4872521
20.4899 4873969
20.4991 4875417
20.502 4876865
20.5111 4878313
20.514 4879761
20.5231 4881209
20.526 4882657
20.5351 4884105
20.538 4885553
20.5471 4887001
20.55 4888449
20.5592 4889897
20.562 4891345
20.5664 4892793
20.5692 4894241
20.5832 4895689
20.5861 4897137
20.5904 4898585
20.5933 4900033
20.6024 4901481
20.6053 4902929
20.6144 4904377
20.6173 4905825
20.6265 4907273
20.6293 4908721
20.6385 4910169
20.6413 4911617
20.6505 4913065
20.6534 4914513
20.6601 4915961
20.663 4917409
20.6697 4918857
20.6726 4920305
20.6817 4921753
20.6846 4923201
20.6937 4924649
20.6966 4926097
20.7058 4927545
20.7086 4928993
20.7178 4930441
20.7206 4931889
20.7298 4933337
20.7327 4934785
20.7418 4936233
20.7447 4937681
20.7538 4939129
20.7567 4940577
20.7622 4942025
20.7651 4943473
20.773 4944921
20.7759 4946369
20.7851 4947817
20.7879 4949265
20.7971 4950713
20.7999 4952161
20.8091 4953609
20.812 4955057
20.8211 4956505
20.824 4957953
20.8331 4959401
20.836 4960849
20.8451 4962297
20.848 4963745
20.856 4965193
20.8588 4966641
20.8632 4968089
20.866 4969537
20.8692 4970985
20.872 4972433
20.8764 4973881
20.8793 4975329
20.8836 4976777
20.8865 4978225
20.8908 4979673
20.8937 4981121
20.8992 4982569
20.9015 4984017
20.9038 4985465
20.9061 4986913
20.9084 4988361
20.9107 4989809
20.9136 4991257
20.9159 4992705
20.9208 4994153
20.9231 4995601
20.9281 4997049
20.9303 4998497
20.9365 4999945
20.9388 5001393
20.9437 5002841
20.946 5004289
20.9509 5005737
20.9532 5007185
20.9581 5008633
20.9604 5010081
20.9629 5011529
20.9652 5012977
20.9713 5014425
20.9736 5015873
20.9785 5017321
20.9808 5018769
20.9857 5020217
20.988 5021665
20.9929 5023113
20.9952 5024561
21.0001 5026009
21.0024 5027457
21.0086 5028905
21.0109 5030353
21.0158 5031801
21.0181 5033249
21.0206 5034697
21.0229 5036145
21.0252 5037593
21.0275 5039041
21.0298 5040489
21.032 5041937
21.0343 5043385
21.0366 5044833
21.0389 5046281
21.0412 5047729
21.047 5049177
21.0493 5050625
21.053 5052073
21.0553 5053521
21.0602 5054969
21.0625 5056417
21.0674 5057865
21.0697 5059313
21.0746 5060761
21.0769 5062209
21.0819 5063657
21.0842 5065105
21.0951 5066553
21.0974 5068001
21.1203 5069449
21.1241 5070897
21.1323 5072345
21.1361 5073793
21.1443 5075241
21.1482 5076689
21.1552 5078137
21.159 5079585
21.1648 5081033
21.1686 5082481
21.1768 5083929
21.1806 5085377
21.19 5086825
21.1938 5088273
21.202 5089721
21.2058 5091169
21.2152 5092617
21.2191 5094065
21.2273 5095513
21.2311 5096961
21.2393 5098409
21.2431 5099857
21.2525 5101305
21.2563 5102753
21.2645 5104201
21.2683 5105649
21.2722 5107097
21.276 5108545
21.2873 5109993
21.2912 5111441
21.2969 5112889
21.3008 5114337
21.3102 5115785
21.314 5117233
21.3222 5118681
21.325 5120129
21.3342 5121577
21.3371 5123025
21.3474 5124473
21.3503 5125921
21.3594 5127369
21.3623 5128817
21.369 5130265
21.3719 5131713
21.3799 5133161
21.3827 5134609
21.3919 5136057
21.3947 5137505
21.4051 5138953
21.408 5140401
21.4171 5141849
21.42 5143297
21.4291 5144745
21.432 5146193
21.4423 5147641
21.4452 5149089
21.4544 5150537
21.4572 5151985
21.464 5153433
21.4668 5154881
21.4748 5156329
21.4776 5157777
21.4868 5159225
21.4897 5160673
21.5 5162121
21.5029 5163569
21.512 5165017
21.5149 5166465
21.524 5167913
21.5269 5169361
21.5373 5170809
21.5401 5172257
21.5493 5173705
21.5521 5175153
21.5625 5176601
21.5654 5178049
21.5721 5179497
21.575 5180945
21.5793 5182393
21.5822 5183841
21.5865 5185289
21.5894 5186737
21.5937 5188185
21.5966 5189633
21.6022 5191081
21.605 5192529
21.6094 5193977
21.6122 5195425
21.6166 5196873
21.6194 5198321
21.6223 5199769
21.6252 5201217
21.628 5202665
21.6309 5204113
21.6338 5205561
21.6366 5207009
21.6418 5208457
21.6447 5209905
21.649 5211353
21.6519 5212801
21.6562 5214249
21.6591 5215697
21.6634 5217145
21.6663 5218593
21.6706 5220041
21.6735 5221489
21.6791 5222937
21.6819 5224385
21.6848 5225833
21.6877 5227281
21.6935 5228729
21.6963 5230177
21.7007 5231625
21.7036 5233073
21.7079 5234521
21.7108 5235969
21.7163 5237417
21.7192 5238865
21.7235 5240313
21.7264 5241761
21.7307 5243209
21.7336 5244657
21.7379 5246105
21.7408 5247553
21.7437 5249001
21.7465 5250449
21.7494 5251897
21.7523 5253345
21.7551 5254793
21.758 5256241
21.7609 5257689
21.7637 5259137
21.7666 5260585
21.7695 5262033
21.7724 5263481
21.7752 5264929
21.7781 5266377
21.781 5267825
21.7848 5269273
21.7877 5270721
21.7932 5272169
21.7961 5273617
21.8004 5275065
21.8033 5276513
21.8076 5277961
21.8105 5279409
21.8196 5280857
21.8225 5282305
21.8473 5283753
21.8501 5285201
21.8605 5286649
21.8634 5288097
21.8725 5289545
21.8754 5290993
21.8821 5292441
21.885 5293889
21.8929 5295337
21.8958 5296785
21.905 5298233
21.9078 5299681
21.9206 5301129
21.9234 5302577
21.9326 5304025
21.9355 5305473
21.9446 5306921
21.9475 5308369
21.9578 5309817
21.9607 5311265
21.9698 5312713
21.9727 5314161
21.9855 5315609
21.9883 5317057
21.9951 5318505
21.9979 5319953
22.0047 5321401
22.0076 5322849
22.0203 5324297
22.0232 5325745
22.0299 5327193
22.0328 5328641
22.0455 5330089
22.0484 5331537
22.0552 5332985
22.058 5334433
22.0672 5335881
22.07 5337329
22.0828 5338777
22.0857 5340225
22.0948 5341673
22.0977 5343121
22.1056 5344569
22.1085 5346017
22.1152 5347465
22.1181 5348913
22.1272 5350361
22.1301 5351809
22.1429 5353257
22.1457 5354705
22.1549 5356153
22.1578 5357601
22.1681 5359049
22.171 5360497
22.1801 5361945
22.183 5363393
22.1921 5364841
22.195 5366289
22.203 5367737
22.2058 5369185
22.215 5370633
22.2178 5372081
22.227 5373529
22.2299 5374977
22.2402 5376425
22.2431 5377873
22.2522 5379321
22.2551 5380769
22.2654 5382217
22.2683 5383665
22.2799 5385113
22.2827 5386561
22.2931 5388009
22.2959 5389457
22.3051 5390905
22.308 5392353
22.3147 5393801
22.3176 5395249
22.3219 5396697
22.3248 5398145
22.3303 5399593
22.3332 5401041
22.3375 5402489
22.3404 5403937
22.3471 5405385
22.35 5406833
22.3544 5408281
22.3572 5409729
22.3601 5411177
22.363 5412625
22.3676 5414073
22.3704 5415521
22.3733 5416969
22.3762 5418417
22.3796 5419865
22.3825 5421313
22.3868 5422761
22.3897 5424209
22.394 5425657
22.3969 5427105
22.4024 5428553
22.4053 5430001
22.4096 5431449
22.4125 5432897
22.4168 5434345
22.4197 5435793
22.4264 5437241
22.4293 5438689
22.4322 5440137
22.4351 5441585
22.4421 5443033
22.4449 5444481
22.4493 5445929
22.4521 5447377
22.4565 5448825
22.4594 5450273
22.4637 5451721
22.4666 5453169
22.4709 5454617
22.4738 5456065
22.4793 5457513
22.4822 5458961
22.4865 5460409
22.4894 5461857
22.4923 5463305
22.4951 5464753
22.498 5466201
22.5009 5467649
22.5037 5469097
22.5066 5470545
22.5095 5471993
22.5123 5473441
22.5166 5474889
22.5194 5476337
22.5223 5477785
22.5252 5479233
22.5286 5480681
22.5315 5482129
22.5358 5483577
22.5387 5485025
22.543 5486473
22.5459 5487921
22.5502 5489369
22.5531 5490817
22.5586 5492265
22.5615 5493713
22.5706 5495161
22.5735 5496609
22.6007 5498057
22.603 5499505
22.6053 5500953
22.6076 5502401
22.6139 5503849
22.6162 5505297
22.6259 5506745
22.6282 5508193
22.6355 5509641
22.6378 5511089
22.6487 5512537
22.651 5513985
22.6608 5515433
22.6631 5516881
22.6764 5518329
22.6787 5519777
22.6884 5521225
22.6907 5522673
22.7004 5524121
22.7027 5525569
22.716 5527017
22.7183 5528465
22.728 5529913
22.7303 5531361
22.7437 5532809
22.746 5534257
22.7533 5535705
22.7556 5537153
22.7629 5538601
22.7652 5540049
22.7809 5541497
22.7832 5542945
22.7905 5544393
22.7928 5545841
22.8158 5547289
22.8196 5548737
22.8278 5550185
22.8316 5551633
22.8458 5553081
22.8496 5554529
22.8578 5555977
22.8616 5557425
22.8686 5558873
22.8725 5560321
22.8782 5561769
22.8821 5563217
22.8903 5564665
22.8941 5566113
22.9083 5567561
22.9121 5569009
22.9203 5570457
22.9241 5571905
22.9335 5573353
22.9373 5574801
22.9455 5576249
22.9494 5577697
22.9588 5579145
22.9626 5580593
22.9708 5582041
22.9746 5583489
22.9828 5584937
22.9866 5586385
22.996 5587833
22.9998 5589281
23.008 5590729
23.0118 5592177
23.0212 5593625
23.0241 5595073
23.0357 5596521
23.0385 5597969
23.0513 5599417
23.0541 5600865
23.0633 5602313
23.0662 5603761
23.0753 5605209
23.0782 5606657
23.0861 5608105
23.089 5609553
23.0933 5611001
23.0962 5612449
23.1029 5613897
23.1058 5615345
23.1102 5616793
23.113 5618241
23.121 5619689
23.1238 5621137
23.1282 5622585
23.1311 5624033
23.1339 5625481
23.1368 5626929
23.1402 5628377
23.1431 5629825
23.1459 5631273
23.1488 5632721
23.1534 5634169
23.1563 5635617
23.1606 5637065
23.1635 5638513
23.1678 5639961
23.1707 5641409
23.1774 5642857
23.1803 5644305
23.1847 5645753
23.1875 5647201
23.1931 5648649
23.1959 5650097
23.2003 5651545
23.2031 5652993
23.2075 5654441
23.2104 5655889
23.2171 5657337
23.22 5658785
23.2255 5660233
23.2284 5661681
23.2327 5663129
23.2356 5664577
23.2399 5666025
23.2428 5667473
23.2471 5668921
23.25 5670369
23.2568 5671817
23.2596 5673265
23.2628 5674713
23.2656 5676161
23.27 5677609
23.2728 5679057
23.2757 5680505
23.2786 5681953
23.2814 5683401
23.2843 5684849
23.2872 5686297
23.2901 5687745
23.294 5689193
23.2969 5690641
23.2997 5692089
23.3026 5693537
23.3072 5694985
23.3101 5696433
23.3144 5697881
23.3173 5699329
23.3216 5700777
23.3245 5702225
23.3288 5703673
23.3317 5705121
23.3397 5706569
23.3425 5708017
23.3517 5709465
23.3545 5710913
23.3817 5712361
23.3846 5713809
23.3889 5715257
23.3918 5716705
23.3961 5718153
23.399 5719601
23.4094 5721049
23.4122 5722497
23.419 5723945
23.4218 5725393
23.4346 5726841
23.4375 5728289
23.4466 5729737
23.4495 5731185
23.4622 5732633
23.4651 5734081
23.4742 5735529
23.4771 5736977
23.4863 5738425
23.4891 5739873
23.5043 5741321
23.5072 5742769
23.5163 5744217
23.5192 5745665
23.5319 5747113
23.5348 5748561
23.5415 5750009
23.5444 5751457
23.5511 5752905
23.554 5754353
23.5716 5755801
23.5744 5757249
23.5812 5758697
23.5841 5760145
23.6064 5761593
23.6093 5763041
23.6196 5764489
23.6225 5765937
23.6389 5767385
23.6417 5768833
23.6521 5770281
23.6549 5771729
23.6617 5773177
23.6646 5774625
23.6713 5776073
23.6742 5777521
23.6845 5778969
23.6874 5780417
23.7037 5781865
23.7066 5783313
23.717 5784761
23.7198 5786209
23.729 5787657
23.7319 5789105
23.7422 5790553
23.7451 5792001
23.7566 5793449
23.7595 5794897
23.7698 5796345
23.7727 5797793
23.7819 5799241
23.7847 5800689
23.7939 5802137
23.7967 5803585
23.8071 5805033
23.81 5806481
23.8191 5807929
23.822 5809377
23.8347 5810825
23.8376 5812273
23.8515 5813721
23.8544 5815169
23.8648 5816617
23.8676 5818065
23.8768 5819513
23.8796 5820961
23.8864 5822409
23.8893 5823857
23.8948 5825305
23.8977 5826753
23.9044 5828201
23.9073 5829649
23.9116 5831097
23.9145 5832545
23.9248 5833993
23.9277 5835441
23.9306 5836889
23.9334 5838337
23.9369 5839785
23.9397 5841233
23.9426 5842681
23.9455 5844129
23.9489 5845577
23.9517 5847025
23.9561 5848473
23.959 5849921
23.9645 5851369
23.9674 5852817
23.9717 5854265
23.9746 5855713
23.9813 5857161
23.9842 5858609
23.9885 5860057
23.9914 5861505
23.9993 5862953
24.0022 5864401
24.0066 5865849
24.0094 5867297
24.0138 5868745
24.0166 5870193
24.0234 5871641
24.0262 5873089
24.0306 5874537
24.0335 5875985
24.039 5877433
24.0419 5878881
24.0462 5880329
24.0491 5881777
24.0534 5883225
24.0563 5884673
24.063 5886121
24.0659 5887569
24.0714 5889017
24.0743 5890465
24.0772 5891913
24.08 5893361
24.0835 5894809
24.0863 5896257
24.0892 5897705
24.0921 5899153
24.0955 5900601
24.0983 5902049
24.1012 5903497
24.1041 5904945
24.1075 5906393
24.1104 5907841
24.1159 5909289
24.1188 5910737
24.1231 5912185
24.126 5913633
24.1303 5915081
24.1332 5916529
24.1375 5917977
24.1404 5919425
24.1507 5920873
24.1536 5922321
24.1628 5923769
24.1656 5925217
24.1928 5926665
24.1957 5928113
24.2 5929561
24.2029 5931009
24.2084 5932457
24.2113 5933905
24.2228 5935353
24.2257 5936801
24.2325 5938249
24.2353 5939697
24.2481 5941145
24.2509 5942593
24.2601 5944041
24.263 5945489
24.2781 5946937
24.2804 5948385
24.2827 5949833
24.285 5951281
24.2901 5952729
24.2924 5954177
24.3033 5955625
24.3056 5957073
24.3202 5958521
24.3225 5959969
24.3334 5961417
24.3357 5962865
24.3502 5964313
24.3525 5965761
24.361 5967209
24.3633 5968657
24.3706 5970105
24.3729 5971553
24.3911 5973001
24.3934 5974449
24.4007 5975897
24.403 5977345
24.4283 5978793
24.4306 5980241
24.4403 5981689
24.4426 5983137
24.4608 5984585
24.4631 5986033
24.4752 5987481
24.4775 5988929
24.4956 5990377
24.4994 5991825
24.5076 5993273
24.5114 5994721
24.528 5996169
24.5319 5997617
24.5437 5999065
24.5475 6000513
24.5557 6001961
24.5595 6003409
24.5677 6004857
24.5715 6006305
24.5833 6007753
24.5871 6009201
24.5977 6010649
24.6016 6012097
24.611 6013545
24.6148 6014993
24.623 6016441
24.6268 6017889
24.6362 6019337
24.64 6020785
24.6482 6022233
24.652 6023681
24.6662 6025129
24.6701 6026577
24.6831 6028025
24.6869 6029473
24.6963 6030921
24.6991 6032369
24.7083 6033817
24.7112 6035265
24.7179 6036713
24.7208 6038161
24.7287 6039609
24.7316 6041057
24.7383 6042505
24.7412 6043953
24.7455 6045401
24.7484 6046849
24.7588 6048297
24.7616 6049745
24.7645 6051193
24.7674 6052641
24.7708 6054089
24.7736 6055537
24.7765 6056985
24.7794 6058433
24.7828 6059881
24.7857 6061329
24.79 6062777
24.7929 6064225
24.8008 6065673
24.8037 6067121
24.808 6068569
24.8109 6070017
24.8176 6071465
24.8205 6072913
24.8248 6074361
24.8277 6075809
24.8357 6077257
24.8385 6078705
24.8429 6080153
24.8457 6081601
24.8501 6083049
24.8529 6084497
24.8597 6085945
24.8626 6087393
24.8681 6088841
24.871 6090289
24.8777 6091737
24.8806 6093185
24.8849 6094633
24.8878 6096081
24.8921 6097529
24.895 6098977
24.9029 6100425
24.9058 6101873
24.9102 6103321
24.913 6104769
24.9159 6106217
24.9188 6107665
24.9222 6109113
24.925 6110561
24.9279 6112009
24.9308 6113457
24.9342 6114905
24.9371 6116353
24.9399 6117801
24.9428 6119249
24.9474 6120697
24.9503 6122145
24.957 6123593
24.9599 6125041
24.9642 6126489
24.9671 6127937
24.9714 6129385
24.9743 6130833
24.9798 6132281
24.9827 6133729
24.9919 6135177
24.9947 6136625
25.0039 6138073
25.0067 6139521
25.0375 6140969
25.0404 6142417
25.0447 6143865
25.0476 6145313
25.0519 6146761
25.0548 6148209
25.0664 6149657
25.0692 6151105
25.0772 6152553
25.08 6154001
25.094 6155449
25.0969 6156897
25.1072 6158345
25.1101 6159793
25.124 6161241
25.1269 6162689
25.1325 6164137
25.1353 6165585
25.1397 6167033
25.1425 6168481
25.1517 6169929
25.1545 6171377
25.1697 6172825
25.1726 6174273
25.1841 6175721
25.187 6177169
25.2021 6178617
25.205 6180065
25.2118 6181513
25.2146 6182961
25.2214 6184409
25.2242 6185857
25.2442 6187305
25.2471 6188753
25.255 6190201
25.2579 6191649
25.2827 6193097
25.2855 6194545
25.2947 6195993
25.2975 6197441
25.3175 6198889
25.3204 6200337
25.3319 6201785
25.3348 6203233
25.3523 6204681
25.3552 6206129
25.3644 6207577
25.3672 6209025
25.3872 6210473
25.3901 6211921
25.4028 6213369
25.4057 6214817
25.4148 6216265
25.4177 6217713
25.4268 6219161
25.4297 6220609
25.4449 6222057
25.4477 6223505
25.4593 6224953
25.4622 6226401
25.4725 6227849
25.4754 6229297
25.4845 6230745
25.4874 6232193
25.5001 6233641
25.503 6235089
25.5122 6236537
25.515 6237985
25.5302 6239433
25.533 6240881
25.547 6242329
25.5499 6243777
25.5602 6245225
25.5631 6246673
25.5722 6248121
25.5751 6249569
25.5831 6251017
25.5859 6252465
25.5951 6253913
25.5979 6255361
25.6047 6256809
25.6075 6258257
25.6119 6259705
25.6148 6261153
25.6251 6262601
25.628 6264049
25.6308 6265497
25.6337 6266945
25.6371 6268393
25.64 6269841
25.6429 6271289
25.6457 6272737
25.6491 6274185
25.652 6275633
25.6576 6277081
25.6604 6278529
25.6696 6279977
25.6724 6281425
25.6768 6282873
25.6796 6284321
25.6876 6285769
25.6905 6287217
25.6948 6288665
25.6977 6290113
25.7044 6291561
25.7073 6293009
25.7116 6294457
25.7145 6295905
25.7188 6297353
25.7217 6298801
25.7296 6300249
25.7325 6301697
25.7393 6303145
25.7421 6304593
25.7489 6306041
25.7517 6307489
25.7573 6308937
25.7602 6310385
25.7645 6311833
25.7674 6313281
25.7741 6314729
25.777 6316177
25.7813 6317625
25.7842 6319073
25.7871 6320521
25.7899 6321969
25.7945 6323417
25.7974 6324865
25.8003 6326313
25.8031 6327761
25.8065 6329209
25.8094 6330657
25.8138 6332105
25.8166 6333553
25.821 6335001
25.8238 6336449
25.8318 6337897
25.8347 6339345
25.839 6340793
25.8419 6342241
25.8462 6343689
25.8491 6345137
25.8534 6346585
25.8563 6348033
25.8666 6349481
25.8695 6350929
25.8786 6352377
25.8815 6353825
25.9135 6355273
25.9164 6356721
25.9207 6358169
25.9236 6359617
25.9291 6361065
25.932 6362513
25.9435 6363961
25.9464 6365409
25.9567 6366857
25.9596 6368305
25.9736 6369753
25.9759 6371201
25.9782 6372649
25.9805 6374097
25.9868 6375545
25.9891 6376993
26.0036 6378441
26.0059 6379889
26.0132 6381337
26.0155 6382785
26.0216 6384233
26.0239 6385681
26.0337 6387129
26.0359 6388577
26.0517 6390025
26.054 6391473
26.0661 6392921
26.0684 6394369
26.0865 6395817
26.0888 6397265
26.0961 6398713
26.0984 6400161
26.1057 6401609
26.108 6403057
26.1286 6404505
26.1309 6405953
26.1418 6407401
26.1441 6408849
26.1694 6410297
26.1717 6411745
26.2067 6413193
26.2105 6414641
26.2211 6416089
26.2249 6417537
26.2415 6418985
26.2454 6420433
26.2547 6421881
26.2586 6423329
26.2788 6424777
26.2826 6426225
26.2944 6427673
26.2982 6429121
26.3064 6430569
26.3102 6432017
26.3196 6433465
26.3235 6434913
26.3389 6436361
26.3427 6437809
26.3545 6439257
26.3583 6440705
26.3665 6442153
26.3703 6443601
26.3797 6445049
26.3835 6446497
26.3965 6447945
26.3994 6449393
26.4098 6450841
26.4126 6452289
26.4266 6453737
26.4294 6455185
26.4446 6456633
26.4475 6458081
26.459 6459529
26.4619 6460977
26.4722 6462425
26.4751 6463873
26.4818 6465321
26.4847 6466769
26.4951 6468217
26.4979 6469665
26.5047 6471113
26.5075 6472561
26.5119 6474009
26.5148 6475457
26.5239 6476905
26.5268 6478353
26.5323 6479801
26.5352 6481249
26.5381 6482697
26.5409 6484145
26.5443 6485593
26.5472 6487041
26.5515 6488489
26.5544 6489937
26.5588 6491385
26.5616 6492833
26.572 6494281
26.5748 6495729
26.5792 6497177
26.582 6498625
26.5912 6500073
26.5941 6501521
26.5996 6502969
26.6025 6504417
26.6092 6505865
26.6121 6507313
26.6164 6508761
26.6193 6510209
26.6236 6511657
26.6265 6513105
26.6345 6514553
26.6373 6516001
26.6441 6517449
26.6469 6518897
26.6537 6520345
26.6565 6521793
26.6633 6523241
26.6662 6524689
26.6717 6526137
26.6746 6527585
26.6813 6529033
26.6842 6530481
26.6871 6531929
26.6899 6533377
26.6933 6534825
26.6962 6536273
26.7005 6537721
26.7034 6539169
26.7065 6540617
26.7094 6542065
26.7138 6543513
26.7166 6544961
26.721 6546409
26.7238 6547857
26.7282 6549305
26.731 6550753
26.7414 6552201
26.7443 6553649
26.7486 6555097
26.7515 6556545
26.7558 6557993
26.7587 6559441
26.763 6560889
26.7659 6562337
26.7762 6563785
26.7791 6565233
26.7883 6566681
26.7911 6568129
26.8255 6569577
26.8284 6571025
26.8339 6572473
26.8368 6573921
26.8411 6575369
26.844 6576817
26.8555 6578265
26.8584 6579713
26.8712 6581161
26.874 6582609
26.8856 6584057
26.8885 6585505
26.8928 6586953
26.8957 6588401
26.9036 6589849
26.9065 6591297
26.9204 6592745
26.9233 6594193
26.9312 6595641
26.9341 6597089
26.9385 6598537
26.9413 6599985
26.9505 6601433
26.9533 6602881
26.9709 6604329
26.9738 6605777
26.9853 6607225
26.9882 6608673
27.0057 6610121
27.0086 6611569
27.0154 6613017
27.0182 6614465
27.0262 6615913
27.029 6617361
27.0514 6618809
27.0543 6620257
27.0634 6621705
27.0663 6623153
27.0935 6624601
27.0963 6626049
27.1319 6627497
27.1348 6628945
27.1463 6630393
27.1492 6631841
27.1692 6633289
27.172 6634737
27.1812 6636185
27.184 6637633
27.2064 6639081
27.2093 6640529
27.2244 6641977
27.2273 6643425
27.2365 6644873
27.2393 6646321
27.2497 6647769
27.2525 6649217
27.2689 6650665
27.2718 6652113
27.2869 6653561
27.2898 6655009
27.2989 6656457
27.3018 6657905
27.3122 6659353
27.315 6660801
27.329 6662249
27.3318 6663697
27.3422 6665145
27.3451 6666593
27.359 6668041
27.3619 6669489
27.3794 6670937
27.3823 6672385
27.3939 6673833
27.3967 6675281
27.4071 6676729
27.4099 6678177
27.4167 6679625
27.4196 6681073
27.4323 6682521
27.4352 6683969
27.4419 6685417
27.4448 6686865
27.4491 6688313
27.452 6689761
27.4624 6691209
27.4652 6692657
27.4696 6694105
27.4724 6695553
27.4753 6697001
27.4782 6698449
27.4816 6699897
27.4844 6701345
27.4888 6702793
27.4917 6704241
27.496 6705689
27.4989 6707137
27.5116 6708585
27.5145 6710033
27.5188 6711481
27.5217 6712929
27.532 6714377
27.5349 6715825
27.5393 6717273
27.5421 6718721
27.5489 6720169
27.5517 6721617
27.5561 6723065
27.5589 6724513
27.5633 6725961
27.5662 6727409
27.5765 6728857
27.5794 6730305
27.5861 6731753
27.589 6733201
27.5957 6734649
27.5986 6736097
27.6065 6737545
27.6094 6738993
27.6138 6740441
27.6166 6741889
27.6234 6743337
27.6262 6744785
27.6291 6746233
27.632 6747681
27.9838 6749129
28.0091 6750577
28.0154 6752025
28.0218 6753473
28.0281 6754921
28.0535 6756369
28.0599 6757817
28.0944 6759265
28.1007 6760713
28.1088 6762161
28.1136 6763609
28.1316 6765057
28.1364 6766505
28.1437 6767953
28.1484 6769401
28.1713 6770849
28.1761 6772297
28.1893 6773745
28.1941 6775193
28.2013 6776641
28.2061 6778089
28.217 6779537
28.2217 6780985
28.2374 6782433
28.2421 6783881
28.2542 6785329
28.259 6786777
28.2674 6788225
28.2722 6789673
28.2818 6791121
28.2866 6792569
28.2999 6794017
28.3046 6795465
28.3119 6796913
28.3166 6798361
28.3299 6799809
28.3347 6801257
28.3515 6802705
28.3563 6804153
28.3672 6805601
28.3719 6807049
28.3792 6808497
28.3839 6809945
28.39 6811393
28.3947 6812841
28.4068 6814289
28.4116 6815737
28.4176 6817185
28.4224 6818633
28.4271 6820081
28.4319 6821529
28.4369 6822977
28.4416 6824425
28.4464 6825873
28.4511 6827321
28.4559 6828769
28.4606 6830217
28.4654 6831665
28.4702 6833113
28.4749 6834561
28.4797 6836009
28.4844 6837457
28.4892 6838905
28.4939 6840353
28.4987 6841801
28.5034 6843249
28.5082 6844697
28.513 6846145
28.5177 6847593
28.5225 6849041
28.5272 6850489
28.532 6851937
28.5367 6853385
28.5415 6854833
28.5463 6856281
28.551 6857729
28.5558 6859177
28.5605 6860625
28.5653 6862073
28.57 6863521
28.5748 6864969
28.5796 6866417
28.5843 6867865
28.5891 6869313
28.5938 6870761
28.5986 6872209
28.6033 6873657
28.6081 6875105
28.6129 6876553
28.6176 6878001
28.6224 6879449
28.9343 6880897
28.9391 6882345
28.9463 6883793
28.9511 6885241
28.98 6886689
28.9847 6888137
29.022 6889585
29.0268 6891033
29.0377 6892481
29.0424 6893929
29.0629 6895377
29.0676 6896825
29.0749 6898273
29.0797 6899721
29.1025 6901169
29.1073 6902617
29.123 6904065
29.1277 6905513
29.135 6906961
29.1397 6908409
29.1506 6909857
29.1554 6911305
29.1722 6912753
29.177 6914201
29.1903 6915649
29.195 6917097
29.2023 6918545
29.207 6919993
29.2179 6921441
29.2226 6922889
29.2383 6924337
29.2431 6925785
29.2503 6927233
29.2551 6928681
29.2684 6930129
29.2731 6931577
29.29 6933025
29.2947 6934473
30.2525 6935921
30.2572 6937369
30.2753 6938817
30.2801 6940265
31.1981 6941713
31.204 6943161
31.21 6944609
31.2159 6946057
31.2218 6947505
31.2277 6948953
31.2336 6950401
31.2396 6951849
31.2455 6953297
31.2514 6954745
31.2573 6956193
31.2632 6957641
31.2692 6959089
31.2751 6960537
31.281 6961985
31.2869 6963433
31.2928 6964881
31.2987 6966329
31.3047 6967777
31.3106 6969225
31.3165 6970673
31.3224 6972121
31.3283 6973569
31.3343 6975017
31.3402 6976465
31.3461 6977913
31.352 6979361
31.3579 6980809
31.3639 6982257
31.3698 6983705
31.3757 6985153
31.3816 6986601
31.3875 6988049
31.3934 6989497
31.3994 6990945
31.4053 6992393
31.4112 6993841
31.4171 6995289
31.423 6996737
31.429 6998185
31.4349 6999633
31.4408 7001081
31.4467 7002529
31.4526 7003977
31.4586 7005425
31.4645 7006873
31.4704 7008321
31.4763 7009769
31.4822 7011217
31.4881 7012665
31.4941 7014113
31.5 7015561
31.5059 7017009
31.5118 7018457
31.5177 7019905
31.5237 7021353
31.5296 7022801
31.5355 7024249
31.5414 7025697
31.5473 7027145
31.5532 7028593
31.5592 7030041
31.5651 7031489
31.571 7032937
31.5769 7034385
31.5828 7035833
31.5888 7037281
31.5947 7038729
31.6006 7040177
31.6065 7041625
31.6124 7043073
31.6184 7044521
31.6243 7045969
31.6302 7047417
31.6361 7048865
31.642 7050313
31.6479 7051761
31.6539 7053209
31.6598 7054657
31.6657 7056105
31.6716 7057553
31.6775 7059001
31.6835 7060449
31.6894 7061897
31.6953 7063345
31.7012 7064793
31.7071 7066241
31.7131 7067689
31.719 7069137
31.7249 7070585
31.7308 7072033
31.7367 7073481
31.7426 7074929
31.7486 7076377
31.7545 7077825
31.7604 7079273
31.7663 7080721
31.7722 7082169
31.7782 7083617
31.7841 7085065
31.79 7086513
31.7959 7087961
31.8018 7089409
31.8078 7090857
31.8137 7092305
31.8196 7093753
31.8255 7095201
31.8314 7096649
31.8373 7098097
31.8433 7099545
31.8492 7100993
31.8551 7102441
31.861 7103889
31.8669 7105337
31.8729 7106785
31.8788 7108233
31.8847 7109681
31.8906 7111129
31.8965 7112577
31.9025 7114025
31.9084 7115473
31.9143 7116921
31.9202 7118369
31.9261 7119817
31.932 7121265
31.938 7122713
31.9439 7124161
31.9498 7125609
31.9557 7127057
31.9616 7128505
31.9676 7129953
31.9735 7131401
31.9794 7132849
31.9853 7134297
31.9912 7135745
31.9972 7137193
32.0031 7138641
32.009 7140089
32.0149 7141537
32.0208 7142985
32.0267 7144433
32.0327 7145881
32.0386 7147329
32.0445 7148777
32.0504 7150225
32.0563 7151673
32.0623 7153121
32.0682 7154569
32.0741 7156017
32.08 7157465
32.0859 7158913
32.0919 7160361
32.0978 7161809
32.1037 7163257
32.1096 7164705
32.1155 7166153
32.1214 7167601
32.1274 7169049
32.1333 7170497
32.1392 7171945
32.1451 7173393
32.151 7174841
32.157 7176289
32.1629 7177737
32.1688 7179185
32.1747 7180633
32.1806 7182081
32.1865 7183529
32.1925 7184977
32.1984 7186425
32.2043 7187873
32.2102 7189321
32.2161 7190769
32.2221 7192217
32.228 7193665
32.2339 7195113
32.2398 7196561
32.2457 7198009
32.2517 7199457
32.2576 7200905
32.2615 6940265
32.2615 6941713
32.2627 6943161
32.2674 6944609
32.2734 6946057
32.2793 6947505
32.2852 6948953
32.2911 6950401
32.297 6951849
32.303 6953297
32.3089 6954745
32.3148 6956193
32.3207 6957641
32.3266 6959089
32.3326 6960537
32.3385 6961985
32.3444 6963433
32.3503 6964881
32.3562 6966329
32.3621 6967777
32.3686 6969225
32.375 6970673
32.3814 6972121
32.3878 6973569
32.3943 6975017
32.4007 6976465
32.4071 6977913
32.4135 6979361
32.4199 6980809
32.4264 6982257
32.4328 6983705
32.4392 6985153
32.4456 6986601
32.4521 6988049
32.4585 6989497
32.5319 6992393
32.5475 6995289
32.5631 6998185
32.58 7001081
32.5956 7003977
32.6124 7006873
32.628 7009769
32.6449 7012665
32.6605 7015561
32.6749 7018457
32.6905 7021353
32.7048 7022801
32.7061 7024249
32.7218 7027145
32.7386 7030041
32.7542 7032937
32.771 7035833
32.7866 7038729
32.8035 7041625
32.8191 7044521
32.8347 7047417
32.8515 7050313
32.8672 7053209
32.8828 7056105
32.8972 7059001
32.9128 7061897
32.9296 7064793
32.9453 7067689
32.9511 7069137
32.9621 7070585
32.9777 7073481
32.9933 7076377
33.0101 7079273
33.027 7082169
33.0426 7085065
33.0594 7087961
33.0762 7090857
33.0918 7093753
33.1075 7096649
33.1219 7099545
33.1387 7102441
33.1555 7105337
33.1712 7108233
33.188 7111129
33.1975 7112577
33.2048 7114025
33.206 7115473
33.2146 7116921
33.2232 7118369
33.2318 7119817
33.2403 7121265
33.2489 7122713
33.2575 7124161
33.2661 7125609
33.2747 7127057
33.2832 7128505
33.2918 7129953
33.3004 7131401
33.309 7132849
33.3175 7134297
33.3261 7135745
33.3334 7137193
33.3347 7138641
33.3433 7140089
33.3518 7141537
33.3604 7142985
33.369 7144433
33.3826 7145881
33.3983 7148777
33.4151 7151673
33.4319 7154569
33.4475 7157465
33.4643 7160361
33.4812 7163257
33.4968 7166153
33.5136 7169049
33.5292 7171945
33.5449 7174841
33.5605 7177737
33.5761 7180633
33.5929 7183529
33.6097 7186425
33.6254 7189321
33.6422 7192217
33.659 7195113
33.6746 7198009
33.689 7200905
34.726 7202353
38.4015 7203801
42.2075 7205249
46.6534 7206697
50.7065 7208145
54.9854 7209593
59.3423 7211041
63.8591 7212489
68.3259 7213937
72.1264 7215385
75.9295 7216833
79.6221 7218281
83.1947 7219729
86.8323 7221177
91.1726 7222625
95.3204 7224073
98.9366 7225521
