0 0
0.1 0
0.2 0
0.3 0
0.4 0
0.5 0
0.6 0
0.7 0
0.8 0
0.9 0
1 0
1.1 0
1.2 0
1.3 55
1.4 136
1.5 164
1.6 272
1.7 334
1.8 399
1.9 470
2 502
2.1 519
2.2 519
2.3 523
2.4 526
2.5 531
2.6 534
2.7 537
2.8 542
2.9 544
3 547
3.1 549
3.2 552
3.3 555
3.4 560
3.5 562
3.6 566
3.7 569
3.8 574
3.9 577
4 578
4.1 558
4.2 547
4.3 549
4.4 552
4.5 558
4.6 566
4.7 574
4.8 587
4.9 552
5 538
5.1 533
5.2 537
5.3 539
5.4 545
5.5 549
5.6 554
5.7 559
5.8 564
5.9 561
6 562
6.1 568
6.2 571
6.3 575
6.4 579
6.5 585
6.6 588
6.7 593
6.8 597
6.9 600
7 605
7.1 607
7.2 611
7.3 617
7.4 620
7.5 626
7.6 629
7.7 633
7.8 637
7.9 642
8 645
8.1 649
8.2 652
8.3 658
8.4 663
8.5 665
8.6 671
8.7 674
8.8 678
8.9 683
9 687
9.1 691
9.2 696
9.3 700
9.4 703
9.5 706
9.6 712
9.7 717
9.8 719
9.9 725
10 729
10.1 733
10.2 738
10.3 732
10.4 724
10.5 717
10.6 711
10.7 703
10.8 696
10.9 688
11 683
11.1 676
11.2 669
11.3 662
11.4 654
11.5 661
11.6 664
11.7 669
11.8 672
11.9 679
12 686
12.1 690
12.2 698
12.3 704
12.4 713
12.5 721
12.6 761
12.7 811
12.8 860
12.9 910
13 959
13.1 969
13.2 980
13.3 992
13.4 1002
13.5 1015
13.6 1026
13.7 1034
13.8 1034
13.9 1033
14 1032
14.1 1033
14.2 1034
14.3 1033
14.4 1033
14.5 1033
14.6 1034
14.7 1035
14.8 1034
14.9 1034
15 1033
15.1 1034
15.2 1034
15.3 992
15.4 924
15.5 856
15.6 787
15.7 718
15.8 649
15.9 635
16 626
16.1 617
16.2 611
16.3 604
16.4 598
16.5 594
16.6 591
16.7 589
16.8 586
16.9 526
17 465
17.1 404
17.2 343
17.3 282
17.4 222
17.5 160
17.6 100
17.7 39
17.8 0
17.9 0
18 0
18.1 0
18.2 0
18.3 0
18.4 0
18.5 0
18.6 0
18.7 0
18.8 0
18.9 0
19 0
19.1 0
19.2 0
19.3 0
19.4 0
19.5 0
19.6 0
19.7 0
19.8 0
19.9 76
20 111
20.1 194
20.2 278
20.3 302
20.4 311
20.5 314
20.6 317
20.7 319
20.8 325
20.9 328
21 330
21.1 334
21.2 334
21.3 340
21.4 342
21.5 346
21.6 349
21.7 352
21.8 354
21.9 357
22 362
22.1 364
22.2 368
22.3 370
22.4 374
22.5 376
22.6 381
22.7 385
22.8 387
22.9 390
23 394
23.1 396
23.2 399
23.3 402
23.4 404
23.5 410
23.6 414
23.7 416
23.8 420
23.9 422
24 425
24.1 428
24.2 431
24.3 436
24.4 440
24.5 443
24.6 446
24.7 449
24.8 451
24.9 455
25 457
25.1 462
25.2 464
25.3 469
25.4 472
25.5 475
25.6 479
25.7 480
25.8 484
25.9 488
26 493
26.1 497
26.2 499
26.3 502
26.4 506
26.5 508
26.6 510
26.7 513
26.8 516
26.9 520
27 524
27.1 529
27.2 534
27.3 535
27.4 540
27.5 541
27.6 546
27.7 533
27.8 523
27.9 510
28 502
28.1 506
28.2 509
28.3 512
28.4 515
28.5 519
28.6 521
28.7 527
28.8 530
28.9 535
29 538
29.1 542
29.2 544
29.3 549
29.4 537
29.5 520
29.6 507
29.7 512
29.8 519
29.9 527
30 525
30.1 523
30.2 517
30.3 520
30.4 529
30.5 538
30.6 549
30.7 559
30.8 569
30.9 580
31 589
31.1 602
31.2 614
31.3 636
31.4 666
31.5 694
31.6 724
31.7 754
31.8 780
31.9 812
32 842
32.1 874
32.2 905
32.3 930
32.4 945
32.5 956
32.6 956
32.7 956
32.8 958
32.9 961
33 963
33.1 966
33.2 967
33.3 979
33.4 992
33.5 993
33.6 996
33.7 1001
33.8 1003
33.9 1010
34 1021
34.1 1034
34.2 1034
34.3 1034
34.4 1034
34.5 1033
34.6 1034
34.7 1034
34.8 1035
34.9 1033
35 1034
35.1 1033
35.2 1034
35.3 1035
35.4 1033
35.5 1034
35.6 1033
35.7 971
35.8 887
35.9 804
36 769
36.1 770
36.2 770
36.3 768
36.4 763
36.5 746
36.6 701
36.7 659
36.8 615
36.9 573
37 531
37.1 490
37.2 782
37.3 825
37.4 762
37.5 696
37.6 623
37.7 557
37.8 529
37.9 497
38 465
38.1 860
38.2 856
38.3 857
38.4 861
38.5 862
38.6 867
38.7 874
38.8 880
38.9 888
39 894
39.1 903
39.2 911
39.3 917
39.4 927
39.5 934
39.6 943
39.7 952
39.8 959
39.9 966
40 976
40.1 985
40.2 991
40.3 1000
40.4 1007
40.5 1016
40.6 1023
40.7 1030
40.8 1034
40.9 1033
41 1034
41.1 1034
41.2 1033
41.3 1034
41.4 1035
41.5 1033
41.6 1034
41.7 1033
41.8 1034
41.9 1035
42 1033
42.1 1034
42.2 1033
42.3 1034
42.4 967
42.5 884
42.6 801
42.7 718
42.8 647
42.9 646
43 646
43.1 646
43.2 647
43.3 646
43.4 646
43.5 646
43.6 646
43.7 647
43.8 644
43.9 718
44 725
44.1 726
44.2 727
44.3 727
44.4 711
44.5 636
44.6 559
44.7 481
44.8 404
44.9 328
45 490
45.1 721
45.2 721
45.3 725
45.4 727
45.5 731
45.6 736
45.7 738
45.8 743
45.9 746
46 751
46.1 756
46.2 759
46.3 765
46.4 769
46.5 774
46.6 778
46.7 783
46.8 788
46.9 794
47 796
47.1 801
47.2 805
47.3 810
47.4 815
47.5 817
47.6 823
47.7 826
47.8 831
47.9 834
48 837
48.1 840
48.2 844
48.3 849
48.4 850
48.5 855
48.6 857
48.7 861
48.8 864
48.9 866
49 870
49.1 873
49.2 875
49.3 878
49.4 880
49.5 883
49.6 886
49.7 887
49.8 890
49.9 891
50 894
50.1 897
50.2 897
50.3 900
50.4 900
50.5 903
50.6 905
50.7 905
50.8 909
50.9 910
51 911
51.1 913
51.2 913
51.3 915
51.4 917
51.5 916
51.6 918
51.7 918
51.8 920
51.9 921
52 920
52.1 922
52.2 921
52.3 923
52.4 921
52.5 923
52.6 922
52.7 924
52.8 925
52.9 924
53 925
53.1 924
53.2 926
53.3 926
53.4 925
53.5 927
53.6 927
53.7 927
53.8 927
53.9 926
54 928
54.1 929
54.2 927
54.3 928
54.4 927
54.5 929
54.6 930
54.7 928
54.8 929
54.9 929
55 931
55.1 931
55.2 931
55.3 932
55.4 932
55.5 933
55.6 933
55.7 933
55.8 934
55.9 936
56 934
56.1 936
56.2 936
56.3 937
56.4 939
56.5 938
56.6 938
56.7 940
56.8 942
56.9 941
57 943
57.1 943
57.2 945
57.3 947
57.4 947
57.5 949
57.6 950
57.7 952
57.8 954
57.9 955
58 958
58.1 960
58.2 962
58.3 964
58.4 965
58.5 968
58.6 972
58.7 972
58.8 976
58.9 977
59 981
59.1 985
59.2 986
59.3 990
59.4 994
59.5 998
59.6 1002
59.7 1004
59.8 1009
59.9 1013
60 1017
60.1 1021
60.2 1024
60.3 1029
60.4 1035
60.5 1033
60.6 1034
60.7 1033
60.8 1034
60.9 1034
61 1034
61.1 1033
61.2 1034
61.3 1035
61.4 1033
61.5 1034
61.6 1033
61.7 1034
61.8 1034
61.9 1033
62 1018
62.1 935
62.2 852
62.3 768
62.4 685
62.5 639
62.6 640
62.7 639
62.8 639
62.9 639
63 639
63.1 640
63.2 639
63.3 639
63.4 639
63.5 639
63.6 1035
63.7 1024
63.8 1016
63.9 944
64 872
64.1 799
64.2 726
64.3 653
64.4 582
64.5 509
64.6 437
64.7 412
64.8 328
64.9 327
65 330
65.1 335
65.2 310
65.3 227
65.4 213
65.5 214
65.6 214
65.7 213
65.8 213
65.9 217
66 218
66.1 251
66.2 253
66.3 258
66.4 261
66.5 265
66.6 270
66.7 273
66.8 279
66.9 284
67 287
67.1 293
67.2 296
67.3 302
67.4 308
67.5 310
67.6 316
67.7 319
67.8 324
67.9 329
68 332
68.1 337
68.2 341
68.3 344
68.4 349
68.5 352
68.6 356
68.7 361
68.8 362
68.9 366
69 368
69.1 371
69.2 374
69.3 377
69.4 379
69.5 382
69.6 386
69.7 386
69.8 389
69.9 391
70 394
70.1 397
70.2 397
70.3 400
70.4 400
70.5 403
70.6 405
70.7 405
70.8 408
70.9 409
71 410
71.1 412
71.2 412
71.3 414
71.4 416
71.5 415
71.6 417
71.7 417
71.8 419
71.9 420
72 419
72.1 421
72.2 421
72.3 423
72.4 423
72.5 423
72.6 424
72.7 424
72.8 425
72.9 425
73 424
73.1 423
73.2 425
73.3 425
73.4 424
73.5 425
73.6 425
73.7 425
73.8 425
73.9 424
74 426
74.1 427
74.2 425
74.3 426
74.4 425
74.5 426
74.6 427
74.7 425
74.8 426
74.9 426
75 427
75.1 427
75.2 426
75.3 427
75.4 427
75.5 428
75.6 428
75.7 428
75.8 429
75.9 430
76 430
76.1 431
76.2 431
76.3 432
76.4 434
76.5 432
76.6 434
76.7 434
76.8 436
76.9 434
77 436
77.1 436
77.2 438
77.3 440
77.4 439
77.5 442
77.6 442
77.7 444
77.8 446
77.9 446
78 449
78.1 451
78.2 452
78.3 454
78.4 455
78.5 458
78.6 462
78.7 462
78.8 465
78.9 467
79 470
79.1 474
79.2 475
79.3 479
79.4 481
79.5 485
79.6 488
79.7 492
79.8 496
79.9 500
80 504
80.1 508
80.2 511
80.3 516
80.4 521
80.5 523
80.6 527
80.7 533
80.8 537
80.9 542
81 548
81.1 552
81.2 558
81.3 565
81.4 568
81.5 575
81.6 580
81.7 587
81.8 595
81.9 599
82 607
82.1 612
82.2 620
82.3 627
82.4 634
82.5 642
82.6 650
82.7 657
82.8 665
82.9 672
83 682
83.1 691
83.2 697
83.3 708
83.4 716
83.5 727
83.6 737
83.7 744
83.8 755
83.9 764
84 775
84.1 786
84.2 795
84.3 806
84.4 816
84.5 827
84.6 837
84.7 850
84.8 860
84.9 873
85 885
85.1 896
85.2 909
85.3 921
85.4 933
85.5 947
85.6 960
85.7 975
85.8 989
85.9 1001
86 1016
86.1 1029
86.2 1034
86.3 1035
86.4 1033
86.5 1034
86.6 1033
86.7 1034
86.8 1034
86.9 1033
87 1034
87.1 1034
87.2 1034
87.3 1034
87.4 1033
87.5 1034
87.6 1035
87.7 1032
87.8 949
87.9 866
88 783
88.1 724
88.2 723
88.3 723
88.4 723
88.5 721
88.6 717
88.7 690
88.8 646
88.9 604
89 560
89.1 518
89.2 479
89.3 860
89.4 850
89.5 783
89.6 717
89.7 650
89.8 585
89.9 554
90 518
90.1 480
90.2 837
90.3 832
90.4 830
90.5 836
90.6 836
90.7 846
90.8 856
90.9 863
91 873
91.1 881
91.2 892
91.3 901
91.4 908
91.5 918
91.6 926
91.7 934
91.8 943
91.9 950
92 959
92.1 968
92.2 975
92.3 984
92.4 991
92.5 1000
92.6 1006
92.7 1014
92.8 1020
92.9 1029
93 1035
93.1 1033
93.2 1034
93.3 1033
93.4 1034
93.5 1035
93.6 1033
93.7 1034
93.8 1033
93.9 1034
94 1034
94.1 1033
94.2 1034
94.3 1034
94.4 1034
94.5 1034
94.6 988
94.7 905
94.8 822
94.9 738
95 655
95.1 646
95.2 647
95.3 647
95.4 647
95.5 647
95.6 647
95.7 648
95.8 647
95.9 647
96 647
96.1 647
96.2 713
96.3 714
96.4 721
96.5 720
96.6 721
96.7 660
96.8 582
96.9 505
97 428
97.1 348
97.2 305
97.3 714
97.4 718
97.5 723
97.6 728
97.7 731
97.8 737
97.9 740
98 746
98.1 752
98.2 755
98.3 761
98.4 765
98.5 770
98.6 775
98.7 779
98.8 784
98.9 789
99 794
99.1 799
99.2 802
99.3 808
99.4 813
99.5 815
99.6 820
99.7 823
99.8 828
99.9 833
100 834
