0.200111 0.2
0.401609 0.200125
0.406416 0.200859
0.411222 0.202127
0.416029 0.203861
0.420835 0.205878
0.603103 0.230519
0.619926 0.228079
0.631942 0.225694
0.644626 0.223482
0.658467 0.221547
0.672307 0.219979
0.686148 0.218606
0.699989 0.21728
0.71383 0.21612
0.804597 0.22473
0.831032 0.224264
0.852661 0.224481
0.855064 0.223296
0.862942 0.221384
0.876783 0.219711
0.8896 0.218247
0.900587 0.216841
0.910887 0.215486
0.919966 0.214175
0.928511 0.213153
0.937057 0.212259
0.945602 0.211477
0.954147 0.210792
0.962692 0.210193
0.971237 0.209669
0.979782 0.209085
1.00609 0.21095
1.02532 0.211706
1.05896 0.215368
1.07819 0.218822
1.10222 0.223844
1.10462 0.226864
1.10703 0.228756
1.10943 0.229536
1.11183 0.229469
1.11423 0.22866
1.11664 0.227203
1.11904 0.225178
1.12252 0.22278
1.13106 0.220683
1.13961 0.218847
1.14802 0.217242
1.15579 0.215711
1.163 0.214497
1.16997 0.213185
1.1765 0.212162
1.18281 0.211142
1.18875 0.210249
1.19469 0.209468
1.20063 0.208784
1.20657 0.208186
1.2196 0.208538
1.23162 0.209721
1.24363 0.211506
1.25565 0.213818
1.26766 0.21659
1.28208 0.220142
1.2965 0.224374
1.30852 0.228827
1.32294 0.233849
1.33255 0.238743
1.34457 0.2439
1.3662 0.250537
1.37821 0.25647
1.41426 0.265536
1.41666 0.271344
1.41907 0.276176
1.42147 0.280154
1.42387 0.283385
1.42628 0.286087
1.42868 0.288201
1.43108 0.289926
1.43349 0.29131
1.43589 0.292271
1.43829 0.292987
1.44069 0.293489
1.4431 0.293803
1.4455 0.293828
1.4479 0.293724
1.45031 0.293509
1.45271 0.29307
1.45511 0.292686
1.45752 0.2921
1.45992 0.291338
1.46232 0.290671
1.46473 0.289837
1.46713 0.288982
1.46953 0.288109
1.47194 0.287096
1.47434 0.286084
1.47674 0.285073
1.47915 0.284064
1.48155 0.283056
1.49236 0.283049
1.49957 0.283418
1.50798 0.284366
1.51519 0.285695
1.5224 0.287358
1.52961 0.289188
1.53682 0.29129
1.54644 0.294004
1.55124 0.296503
1.56326 0.299815
1.56806 0.302963
1.57768 0.306468
1.58369 0.309909
1.5921 0.313671
1.59931 0.317462
1.60652 0.321279
1.61373 0.325119
1.62093 0.328854
1.62814 0.332748
1.63535 0.336654
1.64256 0.340572
1.64977 0.344501
1.65698 0.348438
1.66419 0.352508
1.6714 0.35657
1.68822 0.361874
1.69543 0.366389
1.71226 0.372091
1.71947 0.376829
1.74109 0.383351
1.7483 0.388432
1.76032 0.394128
1.76753 0.399112
1.78435 0.405223
1.79156 0.41032
1.82761 0.418905
1.83482 0.424917
1.85164 0.431927
1.85885 0.437811
1.92374 0.45071
1.92614 0.458246
1.92854 0.464715
1.93095 0.470251
1.93335 0.47522
1.93575 0.479442
1.93816 0.483137
1.94056 0.48637
1.94296 0.489074
1.94537 0.491439
1.94777 0.493509
1.95017 0.495321
1.95258 0.496781
1.95498 0.498058
1.95738 0.499176
1.95979 0.500029
1.96219 0.500775
1.96459 0.501428
1.967 0.501875
1.9694 0.502265
1.9718 0.502607
1.97421 0.502906
1.97661 0.503168
1.97901 0.503397
1.98141 0.503597
1.98382 0.503773
1.98622 0.503926
1.99343 0.504685
2.00064 0.505975
2.00785 0.507603
2.01506 0.509778
2.01746 0.51168
2.02227 0.513595
2.02828 0.515771
2.03429 0.518175
2.03669 0.520278
2.0439 0.522743
2.05111 0.525525
2.05351 0.527959
2.06072 0.530715
2.06793 0.53375
2.07033 0.536531
2.07754 0.539465
2.08475 0.542657
2.08716 0.545575
2.09437 0.548753
2.10157 0.552159
2.10398 0.555139
2.10999 0.558122
2.11479 0.561106
2.1208 0.564218
2.1232 0.567066
2.13041 0.570183
2.13762 0.573535
2.14123 0.576718
2.14724 0.579878
2.15445 0.583268
2.15685 0.586235
2.16286 0.589331
2.16766 0.592414
2.17367 0.595612
2.18088 0.598911
2.18809 0.602547
2.19049 0.605729
2.1929 0.608513
2.20011 0.611698
2.21693 0.616111
2.22894 0.620347
2.24096 0.624804
2.25298 0.629078
2.26499 0.633444
2.27701 0.638013
2.28902 0.642636
2.30104 0.647182
2.31306 0.651784
2.32507 0.656436
2.33709 0.661132
2.3491 0.665865
2.35631 0.669882
2.36352 0.674022
2.37554 0.678519
2.40678 0.685454
2.4188 0.690897
2.45004 0.698785
2.46205 0.705062
2.50291 0.714679
2.51493 0.721844
2.53655 0.729989
2.54857 0.737115
2.57981 0.746351
2.59183 0.753807
2.66152 0.768206
2.67354 0.777805
2.70478 0.789205
2.71679 0.798554
2.84416 0.82186
2.84657 0.834377
2.84897 0.845205
2.85137 0.854805
2.85378 0.863079
2.85618 0.870444
2.85858 0.876889
2.86099 0.882403
2.86339 0.887352
2.86579 0.891558
2.8682 0.895363
2.8706 0.898693
2.873 0.901606
2.87541 0.904156
2.87781 0.906261
2.88021 0.908228
2.88261 0.90995
2.88502 0.911456
2.88742 0.912774
2.88982 0.913802
2.89223 0.914827
2.89463 0.915724
2.89703 0.916508
2.89944 0.917195
2.90184 0.91767
2.90424 0.918212
2.90665 0.918685
2.91866 0.920224
2.93068 0.922196
2.94269 0.924547
2.95471 0.927229
2.95711 0.92895
2.96432 0.931081
2.97153 0.933196
2.97634 0.934922
2.97874 0.935931
2.98595 0.93744
2.99316 0.938885
2.99557 0.939399
3.00277 0.940474
3.01119 0.941665
3.01359 0.941957
3.0208 0.942837
3.02801 0.943733
3.03041 0.943891
3.03762 0.94453
3.04483 0.945088
3.04723 0.945077
3.05565 0.945693
3.06045 0.946106
3.06526 0.946593
3.06766 0.946519
3.07487 0.946954
3.08208 0.94746
3.08689 0.947527
3.09169 0.947711
3.1001 0.948247
3.10251 0.948091
3.10972 0.94858
3.11452 0.948883
3.11933 0.949147
3.12654 0.949504
3.13375 0.949816
3.13615 0.949464
3.13856 0.949156
3.14697 0.949636
3.16379 0.951182
3.17701 0.952159
3.18902 0.953014
3.20104 0.953762
3.21426 0.954542
3.22627 0.955224
3.23949 0.955946
3.25151 0.956578
3.26352 0.957131
3.27674 0.957739
3.28876 0.958272
3.30197 0.958863
3.30918 0.95888
3.31639 0.958895
3.32841 0.959533
3.36205 0.962842
3.37407 0.963361
3.40651 0.966316
3.41973 0.966527
3.46179 0.970461
3.475 0.970653
3.49663 0.971947
3.50985 0.971953
3.54229 0.974584
3.55431 0.974511
3.62761 0.982072
3.64082 0.981563
3.67327 0.983743
3.68528 0.983275
3.81866 0.997991
3.82106 0.995242
3.82347 0.992837
3.82587 0.990607
3.82827 0.988781
3.83068 0.987183
3.83308 0.985786
3.83548 0.984562
3.83789 0.983367
3.84029 0.982446
3.84269 0.98164
3.8451 0.980935
3.8475 0.980318
3.8499 0.979654
3.85231 0.979197
3.85471 0.978797
3.85711 0.978448
3.85952 0.978142
3.86192 0.977749
3.86432 0.97753
3.86673 0.977339
3.86913 0.977172
3.87153 0.977025
3.87393 0.976772
3.87634 0.976676
3.87874 0.976591
3.88114 0.976517
3.89436 0.977828
3.90638 0.978974
3.9196 0.980102
3.93161 0.98109
3.93401 0.980828
3.94122 0.9811
3.94843 0.981337
3.95444 0.98142
3.95685 0.981118
3.96405 0.981603
3.97126 0.981903
3.97367 0.98154
3.98088 0.981847
3.99049 0.982491
3.99289 0.98218
4.0013 0.982782
4.00851 0.98331
4.01092 0.983021
4.01813 0.983518
4.02534 0.983954
4.02774 0.983709
4.03495 0.983996
4.04096 0.983996
4.04576 0.983997
4.04817 0.983747
4.05538 0.984154
4.06259 0.984509
4.06739 0.984446
4.0722 0.984515
4.08301 0.985326
4.08542 0.98516
4.09263 0.98564
4.09743 0.98581
4.10224 0.985959
4.10945 0.986339
4.11666 0.986672
4.11906 0.986463
4.12146 0.986155
4.12988 0.986635
4.1467 0.988056
4.16232 0.989299
4.17433 0.990137
4.18635 0.99087
4.19957 0.991636
4.21158 0.992181
4.22721 0.993159
4.23922 0.993889
4.25244 0.994653
4.26445 0.995321
4.27647 0.995781
4.29209 0.996683
4.2993 0.996598
4.30651 0.996523
4.31973 0.997208
4.35457 1.00068
4.36659 1.00097
4.40024 1.00398
4.41465 1.00435
4.45791 1.00843
4.47233 1.00863
4.49516 1.00993
4.50718 1.00994
4.54323 1.01282
4.55524 1.01272
4.63094 1.0205
4.64536 1.02006
4.67901 1.02231
4.69102 1.02164
4.83281 1.03719
4.83521 1.03454
4.83762 1.0321
4.84002 1.03008
4.84242 1.02832
4.84483 1.02666
4.84723 1.02533
4.84963 1.02404
4.85204 1.02303
4.85444 1.02215
4.85684 1.02126
4.85925 1.0206
4.86165 1.0199
4.86405 1.01941
4.86646 1.01899
4.86886 1.01849
4.87126 1.01818
4.87367 1.01778
4.87607 1.01756
4.87847 1.01736
4.88088 1.01707
4.88328 1.01693
4.88568 1.01669
4.88809 1.01661
4.89049 1.01641
4.89289 1.01623
4.89529 1.0162
4.90731 1.0173
4.91933 1.01814
4.93495 1.01925
4.94696 1.02009
4.94937 1.0197
4.95658 1.01987
4.96499 1.02013
4.96979 1.02012
4.9722 1.01973
4.97941 1.02001
4.98662 1.02013
4.98902 1.01974
4.99623 1.02002
5.00704 1.02077
5.00945 1.02043
5.02387 1.02062
5.03708 1.02029
5.0491 1.01926
5.06112 1.0176
5.07914 1.01615
5.08875 1.01376
5.10437 1.01141
5.11639 1.00861
5.13682 1.00641
5.15364 1.00436
5.17166 1.00256
5.18969 1.00099
5.20891 0.999744
5.22453 0.998401
5.24136 0.997101
5.25938 0.996088
5.2774 0.995202
5.29423 0.994302
5.31225 0.993514
5.33508 0.99345
5.3495 0.992894
5.37233 0.993032
5.39035 0.993153
5.40958 0.993384
5.43001 0.993961
5.45043 0.994716
5.46726 0.995251
5.48768 0.99597
5.50571 0.996599
5.52493 0.997274
5.54536 0.99824
5.56338 0.999085
5.58501 1.00032
5.60544 1.00178
5.62827 1.00369
5.64509 1.00522
5.66552 1.00682
5.68595 1.00847
5.70277 1.00979
5.7232 1.01131
5.74603 1.01327
5.76645 1.01524
5.78688 1.01721
5.80851 1.01943
5.82894 1.02163
5.85177 1.02418
5.86859 1.02628
5.87099 1.02612
5.8734 1.0241
5.8758 1.02034
5.88902 1.01667
5.90584 1.01321
5.92386 1.01019
5.93828 1.00716
5.9515 1.00389
5.96352 1.00028
5.98154 0.997121
5.99716 0.994106
6.01398 0.991218
6.03081 0.988566
6.05123 0.98662
6.06926 0.984918
6.08608 0.983303
6.10651 0.98214
6.12453 0.981122
6.14376 0.980357
6.16178 0.979688
6.18221 0.979602
6.19903 0.979401
6.21946 0.979476
6.23748 0.979542
6.25551 0.979599
6.27473 0.979774
6.29155 0.979802
6.31198 0.980077
6.33001 0.980442
6.34923 0.980887
6.36725 0.981276
6.38768 0.981867
6.40691 0.982508
6.42493 0.98307
6.44536 0.983936
6.46218 0.984569
6.48261 0.985373
6.50063 0.986201
6.51986 0.987051
6.53788 0.987795
6.55831 0.98882
6.57513 0.989593
6.59556 0.990519
6.61599 0.991579
6.63281 0.992382
6.65324 0.993459
6.67126 0.994401
6.69049 0.995351
6.70851 0.996182
6.72894 0.99716
6.74816 0.998265
6.76619 0.999232
6.78661 1.00033
6.80464 1.00129
6.82386 1.00238
6.84069 1.0032
6.86111 1.0043
6.87433 1.00464
6.89115 1.00481
6.91158 1.00521
6.9284 1.00543
6.94643 1.00563
6.96445 1.0058
6.98368 1.00608
7.0017 1.00632
7.02213 1.0069
7.03895 1.00716
7.05938 1.00777
7.0774 1.0083
7.09542 1.00876
7.11465 1.00929
7.13147 1.00963
7.1519 1.0103
7.16992 1.01089
7.18915 1.01165
7.20717 1.01232
7.2276 1.01316
7.24683 1.01401
7.26485 1.01476
7.28528 1.01579
7.3021 1.01657
7.32253 1.0175
7.34055 1.01831
7.35857 1.01902
7.3778 1.01977
7.39582 1.02042
7.41505 1.02124
7.43548 1.02221
7.4535 1.02306
7.47273 1.02405
7.49075 1.02492
7.51118 1.02606
7.528 1.02692
7.54843 1.02793
7.56525 1.02869
7.58568 1.02961
7.6037 1.03041
7.62293 1.03123
7.64215 1.0322
7.66138 1.03318
7.6782 1.0339
7.69863 1.03479
7.71665 1.03557
7.73588 1.03637
7.7539 1.03707
7.77433 1.03807
7.79355 1.03918
7.81158 1.04016
7.83201 1.04139
7.84883 1.04222
7.86925 1.04331
7.88728 1.04427
7.9053 1.04512
7.92453 1.04598
7.94135 1.0466
7.96178 1.0474
7.9798 1.0481
7.99903 1.04897
8.01705 1.04972
8.03748 1.05063
8.0543 1.0513
8.07473 1.05214
8.09275 1.05287
8.11198 1.05376
8.13 1.05467
8.15043 1.05571
8.16725 1.05649
8.18648 1.05731
8.2057 1.05814
8.22493 1.059
8.24295 1.05975
8.26338 1.06078
8.2802 1.06156
8.30063 1.06249
8.31745 1.06318
8.33788 1.06403
8.3559 1.06478
8.37513 1.06568
8.39556 1.06672
8.41358 1.06763
8.43281 1.06868
8.45083 1.06959
8.47005 1.07064
8.48808 1.07156
8.5061 1.07237
8.52653 1.07332
8.54335 1.07403
8.56378 1.0749
8.58421 1.07604
8.60103 1.07691
8.62146 1.07792
8.63948 1.07881
8.65871 1.0797
8.67673 1.08049
8.69596 1.08131
8.71398 1.08202
8.73321 1.08289
8.75123 1.08365
8.77166 1.0847
8.78968 1.08561
8.80891 1.08653
8.82693 1.08734
8.84736 1.08842
8.86418 1.08925
8.88461 1.09022
8.90263 1.09106
8.92186 1.09193
8.93988 1.09269
8.96031 1.09373
8.97953 1.09476
8.99756 1.09567
9.01678 1.09658
9.03481 1.09739
9.05283 1.09809
9.07326 1.09908
9.09008 1.09994
9.11051 1.10095
9.12733 1.10171
9.14776 1.10262
9.16578 1.10342
9.18501 1.10436
9.20303 1.10519
9.22346 1.10617
9.24268 1.10715
9.26071 1.108
9.27993 1.10888
9.29796 1.10964
9.31598 1.11031
9.33641 1.11127
9.35323 1.11199
9.37366 1.11287
9.39168 1.11363
9.41091 1.11455
9.43133 1.11573
9.44936 1.11677
9.46858 1.1178
9.48661 1.1187
9.50704 1.11986
9.52386 1.12063
9.54429 1.12167
9.56111 1.12246
9.57913 1.12316
9.59956 1.12401
9.61878 1.12489
9.63681 1.12565
9.65724 1.12669
9.67406 1.12748
9.69449 1.12842
9.71251 1.12924
9.73173 1.13021
9.74976 1.13106
9.77019 1.13218
9.78941 1.13328
9.80744 1.13425
9.82666 1.13522
9.84469 1.13606
9.86271 1.13681
9.88314 1.13783
9.89996 1.13848
9.92039 1.13942
9.93721 1.14011
9.95764 1.14098
9.97806 1.1421
9.99489 1.14284
10.0153 1.14386
10.0333 1.14475
10.0526 1.14566
10.0706 1.14658
10.091 1.14775
10.1078 1.14854
10.1271 1.14947
10.1463 1.15041
10.1655 1.15136
10.1835 1.15219
10.204 1.15317
10.2208 1.15389
10.2412 1.15491
10.2592 1.15579
10.2785 1.15669
10.2965 1.15748
10.3169 1.15842
10.3337 1.15912
10.3542 1.1601
10.371 1.16072
10.3914 1.16175
10.4094 1.16266
10.4287 1.16358
10.4467 1.16438
10.4671 1.16546
10.4839 1.16615
10.5044 1.16713
10.5224 1.16799
10.5416 1.16887
10.5596 1.16963
10.5801 1.17068
10.5993 1.17172
10.6173 1.17263
10.6377 1.17368
10.6546 1.17447
10.6738 1.17528
10.693 1.17625
10.7098 1.17697
10.7303 1.17797
10.7471 1.17872
10.7675 1.17963
10.7879 1.18068
10.8048 1.18147
10.8252 1.18254
10.8432 1.18347
10.8624 1.18441
10.8805 1.18523
10.9009 1.1862
10.9177 1.18693
10.9369 1.18769
10.9562 1.1886
10.9754 1.18953
10.9934 1.19034
11.0138 1.19129
11.0307 1.19213
11.0511 1.19324
11.0691 1.19421
11.0883 1.19518
11.1064 1.19604
11.1268 1.19703
11.1436 1.19778
11.164 1.19881
11.1833 1.19983
11.2013 1.20073
11.2205 1.20164
11.2385 1.20243
11.2566 1.20313
11.277 1.20399
11.2938 1.20461
11.3142 1.20554
11.3323 1.20634
11.3515 1.2073
11.3719 1.20839
11.3899 1.20934
11.4092 1.21042
12.5026 1.19824
12.5219 1.18746
13.6934 1.18791
13.7018 1.18867
13.709 1.18971
13.7174 1.191
13.7222 1.19212
13.7295 1.19336
13.7379 1.19481
13.7463 1.19659
13.7547 1.19851
13.7631 1.2007
13.7703 1.20286
13.7787 1.20513
13.7859 1.20736
13.7943 1.20982
13.8016 1.21221
13.81 1.21469
13.8172 1.21723
13.8256 1.21982
13.8328 1.22235
13.84 1.22505
13.8484 1.2278
13.8556 1.23045
13.8652 1.23339
13.8737 1.23634
13.8821 1.23942
13.8893 1.24237
13.8977 1.24532
13.9049 1.24816
13.9133 1.25114
13.9205 1.254
13.9289 1.25687
13.9361 1.25976
13.9433 1.26254
13.9518 1.26535
13.959 1.26806
13.9674 1.27092
13.9746 1.27368
13.9842 1.27672
13.9926 1.27976
14.001 1.28291
14.0082 1.28592
14.0166 1.28893
14.0239 1.29182
14.0323 1.29484
14.0395 1.29773
14.0467 1.30052
14.0551 1.30345
14.0623 1.30627
14.0707 1.30911
14.0779 1.31197
14.0863 1.31498
14.0935 1.31785
14.1032 1.321
14.1116 1.32412
14.12 1.32723
14.1272 1.33033
14.1356 1.33341
14.1428 1.33636
14.15 1.33932
14.1584 1.34228
14.1656 1.34512
14.1741 1.3481
14.1813 1.35096
14.1897 1.35384
14.1969 1.35661
14.2053 1.35954
14.2125 1.36234
14.2221 1.36543
14.2305 1.3685
14.2389 1.37156
14.2461 1.37462
14.2546 1.37766
14.2618 1.38058
14.2702 1.38363
14.2774 1.38655
14.2858 1.38948
14.293 1.39242
14.3014 1.39537
14.3086 1.3982
14.317 1.4013
14.3243 1.40426
14.3327 1.40723
14.3411 1.41033
14.3507 1.41354
14.3579 1.41659
14.3663 1.41977
14.3735 1.4228
14.3819 1.42582
14.3891 1.42885
14.3975 1.43186
14.4048 1.43476
14.4132 1.43779
14.4204 1.44069
14.4288 1.4436
14.436 1.4464
14.4444 1.44935
14.4516 1.45218
14.6564 1.47966
15.2603 1.49058
15.2687 1.50013
15.2819 1.50911
17.8066 1.44935
17.815 1.39681
17.8186 1.35008
17.821 1.3082
17.8234 1.2708
17.8258 1.2372
17.8282 1.20705
17.8306 1.17992
17.833 1.15543
17.8354 1.13312
17.8378 1.11273
17.8402 1.09414
17.8426 1.077
17.845 1.06125
17.8474 1.04659
17.8498 1.03289
17.8522 1.02016
17.8546 1.00826
17.857 0.997104
17.8594 0.986466
17.8618 0.976283
17.8642 0.966623
17.8666 0.957295
17.8691 0.948383
17.8715 0.93971
17.8739 0.931246
17.8763 0.923216
17.8787 0.915314
17.8811 0.907649
17.8835 0.900068
17.8859 0.89256
17.8883 0.88524
17.8907 0.87796
17.8931 0.87084
17.8955 0.863735
17.8979 0.856643
17.9003 0.849813
17.9027 0.842961
17.9051 0.836216
17.9075 0.829439
17.9099 0.822634
17.9123 0.81593
17.9147 0.809189
17.9171 0.80254
17.9195 0.795847
17.9219 0.789242
17.9243 0.782711
17.9267 0.776122
17.9291 0.769607
17.9315 0.763031
17.9339 0.756402
17.9363 0.749852
17.9387 0.743246
17.9411 0.736715
17.9436 0.73025
17.946 0.723719
17.9484 0.717254
17.9508 0.710722
17.9532 0.704257
17.9556 0.697725
17.958 0.691134
17.9604 0.684618
17.9628 0.67804
17.9652 0.671535
17.9676 0.665093
17.97 0.658582
17.9724 0.652134
17.9748 0.645617
17.9772 0.639165
17.9796 0.632644
17.982 0.626189
17.9844 0.619665
17.9868 0.613082
17.9892 0.606697
17.9916 0.600235
17.994 0.59383
17.9964 0.587352
17.9988 0.580808
18.0012 0.574332
18.0036 0.56779
18.006 0.561316
18.0084 0.554777
18.0108 0.548305
18.0132 0.541892
18.0156 0.535405
18.0181 0.52898
18.0205 0.522482
18.0229 0.515922
18.0253 0.509432
18.0277 0.502878
18.0301 0.496393
18.0325 0.489844
18.0349 0.483363
18.0373 0.476943
18.0397 0.47045
18.0421 0.464019
18.0445 0.457516
18.0469 0.450952
18.0493 0.444458
18.0517 0.437901
18.0541 0.431413
18.0565 0.424986
18.0589 0.418488
18.0613 0.412052
18.0637 0.405546
18.0661 0.399102
18.0685 0.39259
18.0709 0.386016
18.0733 0.379514
18.0757 0.37295
18.0781 0.366581
18.0805 0.360133
18.0829 0.353617
18.0853 0.347165
18.0877 0.340644
18.1158 0.323814
18.1247 0.309087
18.1336 0.296201
18.1425 0.284926
18.1514 0.27506
18.1603 0.266428
18.1692 0.258874
18.1781 0.252265
18.187 0.246357
18.1959 0.241312
18.2048 0.236898
18.2137 0.233036
18.2226 0.229656
18.2315 0.226699
18.2404 0.224112
18.2492 0.221848
18.2581 0.219867
18.267 0.218134
18.2759 0.216617
18.2848 0.21529
18.2937 0.214129
18.3026 0.213112
18.3115 0.212223
18.3204 0.211445
18.3293 0.210765
18.3382 0.210169
18.3471 0.209648
18.356 0.209067
18.3649 0.208684
18.3738 0.208348
18.3826 0.208055
18.3915 0.207798
18.4004 0.207573
18.4093 0.207376
18.4182 0.207204
18.4271 0.207054
18.436 0.206922
18.4449 0.206807
18.4538 0.206706
18.4627 0.206618
18.4716 0.206541
18.4805 0.206473
18.4894 0.206414
18.4983 0.206362
18.5072 0.206317
18.516 0.206277
18.5249 0.206243
18.5338 0.206212
18.5427 0.206186
18.5516 0.206163
18.5605 0.206142
18.5694 0.206124
18.5783 0.206109
18.5872 0.206095
18.5961 0.206083
18.605 0.205948
18.6139 0.205954
18.6228 0.20596
18.6317 0.205965
18.6406 0.205969
18.6494 0.205973
18.6583 0.205977
18.6672 0.20598
18.6761 0.205982
18.685 0.205984
18.6981 0.206611
18.7028 0.206535
18.7117 0.206468
18.7206 0.20641
18.7295 0.206358
18.7384 0.206314
18.7473 0.206274
18.7562 0.20624
18.7651 0.20621
18.774 0.206059
18.7828 0.206051
18.7917 0.206045
18.8006 0.206039
18.8095 0.206034
18.8184 0.20603
18.8273 0.206026
18.8362 0.206023
18.8451 0.20602
18.854 0.205893
18.8629 0.205906
18.8718 0.205918
18.8807 0.205928
18.8896 0.205937
18.902 0.20632
18.908 0.20628
18.9162 0.206245
18.9251 0.206214
18.934 0.206188
18.9429 0.206164
18.9518 0.206144
18.9607 0.206126
18.9696 0.20611
18.9785 0.206096
18.9874 0.206084
18.9963 0.206074
19.0052 0.206064
19.0141 0.206056
19.023 0.205924
19.0319 0.205934
19.0408 0.205942
19.0496 0.205949
19.0585 0.205956
19.0674 0.205961
19.0763 0.205966
19.0852 0.20597
19.0941 0.205974
19.1094 0.206727
19.1214 0.207886
19.1238 0.208151
19.1262 0.207757
19.1332 0.207412
19.1404 0.207111
19.1475 0.206847
19.1546 0.206616
19.1617 0.206414
19.1688 0.206237
19.1759 0.206083
19.183 0.206072
19.1902 0.205938
19.1973 0.205821
19.2044 0.205718
19.2115 0.205629
19.2186 0.20555
19.2257 0.205481
19.2328 0.205421
19.24 0.205368
19.2471 0.205322
19.2542 0.205282
19.2613 0.205247
19.2684 0.205216
19.2755 0.205189
19.2826 0.205165
19.2898 0.205145
19.2969 0.205127
19.3073 0.205611
19.3241 0.207159
19.3385 0.209389
19.3481 0.211716
19.3505 0.213126
19.3529 0.213736
19.3553 0.213769
19.3577 0.213173
19.3609 0.212151
19.3678 0.211257
19.3746 0.210475
19.3813 0.209791
19.3881 0.209192
19.3949 0.208543
19.4017 0.2081
19.4082 0.207712
19.4147 0.207373
19.4212 0.207077
19.4277 0.206817
19.4342 0.20659
19.4406 0.206391
19.4469 0.206092
19.4532 0.205956
19.4594 0.205836
19.4657 0.205607
19.472 0.205406
19.478 0.205355
19.4841 0.205311
19.4901 0.205272
19.4962 0.205238
19.5022 0.205208
19.516 0.206057
19.528 0.20755
19.54 0.209606
19.552 0.21228
19.564 0.21537
19.576 0.218824
19.5881 0.222721
19.6001 0.226881
19.6025 0.230021
19.6049 0.232268
19.6073 0.23386
19.6097 0.234752
19.6121 0.235158
19.6145 0.235138
19.6169 0.234621
19.6193 0.233793
19.6217 0.232569
19.6241 0.231123
19.6265 0.229358
19.6289 0.227438
19.6313 0.225383
19.6337 0.223085
19.6366 0.2207
19.6422 0.218737
19.6478 0.216895
19.6533 0.215283
19.6589 0.213873
19.6645 0.212639
19.6701 0.211684
19.6756 0.210723
19.6812 0.210008
19.6868 0.209257
19.6922 0.2086
19.6976 0.208025
19.703 0.207647
19.7084 0.207191
19.7204 0.207667
19.7325 0.208834
19.7445 0.210729
19.7565 0.213263
19.7685 0.21623
19.7781 0.219452
19.7877 0.22277
19.7998 0.226549
19.8118 0.230605
19.819 0.234405
19.831 0.238604
19.8478 0.243529
19.8646 0.248837
19.8815 0.254483
19.8983 0.260422
19.9007 0.264745
19.9031 0.267777
19.9055 0.269554
19.9079 0.27036
19.9103 0.27044
19.9127 0.27001
19.9151 0.269259
19.9175 0.268101
19.9199 0.266589
19.9223 0.26489
19.9247 0.262904
19.9271 0.260791
19.9295 0.258442
19.9319 0.255887
19.9343 0.253401
19.9367 0.250726
19.9463 0.248885
19.956 0.247649
19.968 0.247318
19.98 0.247904
19.992 0.249291
20.004 0.251254
20.016 0.253722
20.0281 0.256757
20.0401 0.260163
20.0509 0.263642
20.0593 0.267062
20.0713 0.270929
20.0833 0.275063
20.0953 0.27943
20.1074 0.284126
20.1194 0.288986
20.1314 0.293987
20.1434 0.299114
20.153 0.304225
20.1626 0.309072
20.1746 0.314063
20.1867 0.31918
20.1987 0.324532
20.2107 0.329966
20.2227 0.33547
20.2347 0.341036
20.2467 0.346782
20.2588 0.352559
20.2708 0.358364
20.2828 0.364194
20.2948 0.370169
20.3068 0.376148
20.32 0.38238
20.3261 0.387957
20.3285 0.392338
20.3309 0.39567
20.3333 0.398212
20.3357 0.40006
20.3381 0.401303
20.3405 0.40189
20.3513 0.403029
20.3597 0.4044
20.3717 0.40635
20.3837 0.408806
20.3957 0.411705
20.4078 0.415117
20.4198 0.418853
20.4318 0.422871
20.4438 0.427137
20.4534 0.431495
20.463 0.435808
20.475 0.440332
20.4871 0.445166
20.4991 0.450145
20.5111 0.455252
20.5231 0.46047
20.5351 0.465912
20.5471 0.471423
20.5592 0.476995
20.5664 0.481995
20.5832 0.487871
20.5904 0.493137
20.6024 0.498495
20.6144 0.503933
20.6265 0.509566
20.6385 0.515246
20.6505 0.520965
20.6601 0.526469
20.6697 0.531786
20.6817 0.537187
20.6937 0.542664
20.7058 0.548331
20.7178 0.55404
20.7298 0.559785
20.7418 0.565562
20.7538 0.571491
20.7622 0.577055
20.773 0.582548
20.7851 0.588105
20.7971 0.593842
20.8091 0.599611
20.8211 0.60541
20.8331 0.611234
20.8451 0.617204
20.856 0.622929
20.8632 0.628188
20.8692 0.632789
20.8764 0.637066
20.8836 0.640932
20.8908 0.644441
20.8992 0.648011
20.9064 0.651259
20.9136 0.654227
20.9208 0.656949
20.9281 0.659705
20.9365 0.662367
20.9437 0.664821
20.9509 0.667093
20.9581 0.669457
20.9629 0.671275
20.9713 0.67324
20.9785 0.675085
20.9857 0.67695
20.9929 0.678706
21.0001 0.680493
21.0086 0.682306
21.0158 0.683893
21.0206 0.685156
21.023 0.685887
21.0254 0.686151
21.0302 0.686257
21.0374 0.6866
21.047 0.6874
21.053 0.6881
21.0602 0.688837
21.0674 0.689733
21.0746 0.690641
21.0819 0.691561
21.0951 0.692616
21.1071 0.693539
21.1203 0.694472
21.1323 0.695288
21.1443 0.696002
21.1552 0.696751
21.1648 0.697283
21.1768 0.697747
21.19 0.698404
21.202 0.698978
21.2152 0.699606
21.2273 0.700155
21.2393 0.700636
21.2525 0.701181
21.2645 0.701659
21.2717 0.702076
21.2873 0.702317
21.2969 0.702777
21.3102 0.70343
21.3222 0.704001
21.3342 0.704501
21.3474 0.705063
21.3594 0.705556
21.369 0.705986
21.3799 0.706488
21.3919 0.706927
21.4051 0.707561
21.4171 0.708116
21.4291 0.708601
21.4423 0.709151
21.4544 0.709632
21.464 0.709678
21.4748 0.709968
21.4868 0.710347
21.5 0.710929
21.512 0.711438
21.524 0.711883
21.5373 0.712398
21.5493 0.712848
21.5625 0.713367
21.5721 0.713821
21.5793 0.714094
21.5865 0.714457
21.5937 0.714775
21.6022 0.715303
21.6094 0.715765
21.6166 0.715919
21.6214 0.716179
21.6262 0.716407
21.6334 0.716856
21.6418 0.717374
21.649 0.717827
21.6562 0.718099
21.6634 0.718337
21.6706 0.718545
21.6791 0.718851
21.6839 0.71912
21.6935 0.71948
21.7007 0.719795
21.7079 0.720071
21.7163 0.720562
21.7235 0.720867
21.7307 0.721008
21.7379 0.721132
21.7427 0.721241
21.7451 0.721086
21.7499 0.72095
21.7584 0.721331
21.7632 0.72179
21.7704 0.721941
21.7776 0.722198
21.7848 0.722424
21.7932 0.722871
21.8004 0.723262
21.8076 0.723604
21.8196 0.723654
21.8473 0.724072
21.8605 0.724563
21.8725 0.724993
21.8821 0.725243
21.8929 0.725588
21.905 0.72589
21.9206 0.726403
21.9326 0.726853
21.9446 0.727121
21.9578 0.727481
21.9698 0.727796
21.9855 0.728446
21.9951 0.728766
22.0047 0.72917
22.0203 0.729649
22.0299 0.730068
22.0455 0.730684
22.0552 0.730974
22.0672 0.731227
22.0828 0.731699
22.0948 0.732111
22.1056 0.732597
22.1152 0.733023
22.1272 0.733395
22.1429 0.733845
22.1549 0.73424
22.1681 0.734835
22.1801 0.73523
22.1921 0.735577
22.203 0.736005
22.215 0.736504
22.227 0.736941
22.2402 0.737323
22.2522 0.737658
22.2654 0.738076
22.2799 0.738566
22.2931 0.739245
22.3051 0.739715
22.3147 0.74
22.3219 0.74025
22.3303 0.740719
22.3375 0.741129
22.3471 0.741613
22.3544 0.742036
22.3592 0.742157
22.3676 0.742512
22.3724 0.742698
22.3796 0.743111
22.3868 0.743347
22.394 0.743554
22.4024 0.743859
22.4096 0.744127
22.4168 0.744361
22.4264 0.744691
22.4313 0.74498
22.4421 0.745482
22.4493 0.745922
22.4565 0.746307
22.4637 0.746393
22.4709 0.746469
22.4793 0.746786
22.4865 0.747062
22.4913 0.74718
22.4961 0.747157
22.5034 0.747262
22.5082 0.747355
22.5166 0.747685
22.5214 0.74785
22.5286 0.748118
22.5358 0.748479
22.543 0.748669
22.5502 0.748835
22.5586 0.749106
22.5706 0.749343
22.6007 0.7498
22.6139 0.7502
22.6259 0.75055
22.6355 0.750856
22.6487 0.751499
22.6608 0.752062
22.6764 0.752554
22.6884 0.752985
22.7004 0.753362
22.716 0.754066
22.728 0.754683
22.7437 0.755098
22.7533 0.755461
22.7629 0.755778
22.7809 0.756306
22.7905 0.756892
22.8062 0.757406
22.8158 0.75773
22.8278 0.758014
22.8458 0.758637
22.8578 0.759183
22.8686 0.75966
22.8782 0.760077
22.8903 0.760443
22.9083 0.761137
22.9203 0.761745
22.9335 0.762152
22.9455 0.762508
22.9588 0.762944
22.9708 0.763576
22.9828 0.764129
22.996 0.764863
23.008 0.765255
23.0212 0.765723
23.0357 0.766258
23.0513 0.766976
23.0633 0.767354
23.0753 0.767685
23.0861 0.768224
23.0933 0.768696
23.1029 0.769109
23.1102 0.769595
23.121 0.770021
23.1282 0.770518
23.133 0.770704
23.1402 0.770991
23.145 0.771117
23.1534 0.771477
23.1606 0.771793
23.1678 0.771943
23.1774 0.772326
23.1847 0.77266
23.1931 0.773202
23.2003 0.773302
23.2075 0.773514
23.2171 0.7737
23.2255 0.773988
23.2327 0.774239
23.2399 0.774459
23.2471 0.774777
23.2568 0.775055
23.2628 0.775173
23.27 0.775401
23.2748 0.775476
23.2796 0.775542
23.2868 0.775724
23.294 0.776008
23.2988 0.776007
23.3072 0.776381
23.3144 0.776709
23.3216 0.77687
23.3288 0.777011
23.3397 0.77751
23.3517 0.777946
23.3817 0.778328
23.3889 0.778912
23.3961 0.779423
23.4094 0.779995
23.419 0.780371
23.4346 0.781074
23.4466 0.78169
23.4622 0.782229
23.4742 0.7827
23.4863 0.783113
23.5043 0.783724
23.5163 0.784258
23.5319 0.784726
23.5415 0.785135
23.5511 0.785618
23.5716 0.786291
23.5812 0.78688
23.6064 0.787395
23.6196 0.78797
23.6389 0.788599
23.6521 0.789399
23.6617 0.789849
23.6713 0.790243
23.6845 0.790713
23.7037 0.791249
23.717 0.791843
23.729 0.792237
23.7422 0.792833
23.7566 0.793478
23.7698 0.794169
23.7819 0.794773
23.7939 0.795051
23.8071 0.795545
23.8191 0.795852
23.8347 0.796245
23.8515 0.796714
23.8648 0.79725
23.8768 0.797719
23.8864 0.798004
23.8948 0.798379
23.9044 0.798831
23.9116 0.799102
23.9248 0.799715
23.9296 0.799875
23.9369 0.800266
23.9417 0.800358
23.9489 0.800688
23.9561 0.800977
23.9645 0.801355
23.9717 0.801685
23.9813 0.801975
23.9885 0.802228
23.9993 0.802699
24.0066 0.803112
24.0138 0.803473
24.0234 0.803789
24.0306 0.80394
24.039 0.804198
24.0462 0.804548
24.0534 0.80473
24.063 0.805013
24.0714 0.805512
24.0762 0.805698
24.0835 0.805985
24.0883 0.806112
24.0955 0.806348
24.1003 0.806305
24.1075 0.806517
24.1159 0.806702
24.1231 0.806989
24.1303 0.807241
24.1375 0.807461
24.1507 0.807903
24.1628 0.80829
24.1928 0.808629
24.2 0.80905
24.2084 0.809419
24.2228 0.809867
24.2325 0.810383
24.2481 0.810835
24.2601 0.811231
24.2781 0.811827
24.2901 0.812349
24.3033 0.81293
24.3202 0.813314
24.3334 0.813775
24.3502 0.814428
24.361 0.815124
24.3706 0.815609
24.3911 0.816158
24.4007 0.816513
24.4283 0.817199
24.4403 0.817674
24.4608 0.818215
24.4752 0.818813
24.486 0.819461
24.4956 0.820029
24.5076 0.8204
24.528 0.820975
24.5437 0.821728
24.5557 0.822387
24.5677 0.822714
24.5833 0.82325
24.5977 0.823843
24.611 0.824488
24.623 0.825052
24.6362 0.825545
24.6482 0.825977
24.6662 0.82673
24.6831 0.827389
24.6963 0.827965
24.7083 0.82847
24.7179 0.828786
24.7287 0.829438
24.7383 0.830008
24.7455 0.830507
24.7588 0.830944
24.7636 0.831201
24.7708 0.831551
24.7756 0.831732
24.7828 0.832015
24.79 0.832138
24.8008 0.832621
24.808 0.833168
24.8176 0.833522
24.8248 0.833832
24.8357 0.834103
24.8429 0.83434
24.8501 0.834673
24.8597 0.834839
24.8681 0.835234
24.8777 0.835705
24.8849 0.835991
24.8921 0.836368
24.9029 0.836697
24.9102 0.836985
24.915 0.836986
24.9222 0.837238
24.927 0.837208
24.9342 0.837432
24.939 0.837378
24.9474 0.837706
24.957 0.838243
24.9642 0.838587
24.9714 0.838889
24.9798 0.839278
24.9919 0.839493
25.0039 0.839681
25.0375 0.840346
25.0447 0.840803
25.0519 0.841078
25.0664 0.841443
25.0772 0.841888
25.094 0.842277
25.1072 0.842867
25.124 0.843259
25.1325 0.844101
25.1397 0.844714
25.1517 0.845124
25.1697 0.845609
25.1841 0.846283
25.2021 0.846997
25.2118 0.847373
25.2214 0.847826
25.2442 0.848473
25.255 0.849289
25.2827 0.849878
25.2947 0.850393
25.3175 0.851219
25.3319 0.851816
25.3523 0.852464
25.3644 0.853031
25.3872 0.853777
25.4028 0.85443
25.4148 0.855001
25.4268 0.855501
25.4449 0.856189
25.4593 0.856915
25.4725 0.857551
25.4845 0.858107
25.5001 0.858843
25.5122 0.859488
25.5302 0.860052
25.547 0.860546
25.5602 0.860977
25.5722 0.861355
25.5831 0.861936
25.5951 0.862569
25.6047 0.862998
25.6119 0.863373
25.6251 0.863826
25.6299 0.863973
25.6371 0.864351
25.6419 0.864433
25.6491 0.864753
25.6576 0.865159
25.6696 0.865639
25.6768 0.865934
25.6876 0.866443
25.6948 0.866887
25.7044 0.867151
25.7116 0.867382
25.7188 0.86746
25.7296 0.867777
25.7393 0.86818
25.7489 0.868533
25.7573 0.869091
25.7645 0.869455
25.7741 0.869773
25.7813 0.869926
25.7861 0.87006
25.7945 0.870303
25.7993 0.870515
25.8065 0.870701
25.8138 0.871113
25.821 0.871349
25.8318 0.87168
25.839 0.87197
25.8462 0.872349
25.8534 0.872555
25.8666 0.872861
25.8786 0.873128
25.9135 0.873487
25.9207 0.873801
25.9291 0.874326
25.9435 0.87466
25.9567 0.875203
25.9736 0.875803
25.9868 0.876202
26.0036 0.876552
26.0132 0.877108
26.0216 0.877719
26.0337 0.878255
26.0517 0.878723
26.0661 0.879132
26.0865 0.879741
26.0961 0.880398
26.1057 0.880848
26.1286 0.881242
26.1418 0.881837
26.1694 0.882482
26.1814 0.883047
26.2067 0.883791
26.2211 0.884567
26.2415 0.885121
26.2547 0.885731
26.2788 0.88639
26.2944 0.887091
26.3064 0.887705
26.3196 0.888367
26.3389 0.889071
26.3545 0.889812
26.3665 0.890335
26.3797 0.890919
26.3965 0.891554
26.4098 0.892234
26.4266 0.892705
26.4446 0.893242
26.459 0.893962
26.4722 0.894717
26.4818 0.895127
26.4951 0.895736
26.5047 0.896269
26.5119 0.896735
26.5239 0.896894
26.5323 0.897532
26.5371 0.89784
26.5443 0.89836
26.5515 0.898815
26.5588 0.899088
26.572 0.899452
26.5792 0.899896
26.5912 0.900409
26.5996 0.900983
26.6092 0.901485
26.6164 0.901924
26.6236 0.902309
26.6345 0.902645
26.6441 0.902939
26.6537 0.903197
26.6633 0.903547
26.6717 0.903979
26.6813 0.904357
26.6861 0.904437
26.6933 0.904632
26.7005 0.904803
26.7065 0.904953
26.7138 0.905209
26.721 0.905433
26.7282 0.905754
26.7414 0.906284
26.7486 0.906749
26.7558 0.90703
26.763 0.907401
26.7762 0.907726
26.7883 0.908011
26.8255 0.908509
26.8339 0.909071
26.8411 0.909437
26.8555 0.909757
26.8712 0.910412
26.8856 0.910611
26.8928 0.911035
26.9036 0.91178
26.9204 0.912433
26.9312 0.913129
26.9385 0.913613
26.9505 0.914036
26.9709 0.914656
26.9853 0.915199
27.0057 0.915674
27.0154 0.91609
27.0262 0.916704
27.0514 0.917491
27.0634 0.918055
27.0935 0.918798
27.1319 0.919573
27.1463 0.920251
27.1692 0.92122
27.1812 0.921942
27.2064 0.9227
27.2244 0.923612
27.2365 0.924411
27.2497 0.925109
27.2689 0.925721
27.2869 0.926506
27.2989 0.927192
27.3122 0.927918
27.329 0.928429
27.3422 0.929
27.359 0.9295
27.3794 0.930187
27.3939 0.930664
27.4071 0.931206
27.4167 0.93168
27.4323 0.932345
27.4419 0.932927
27.4491 0.933561
27.4624 0.934241
27.4696 0.934586
27.4744 0.934763
27.4816 0.935042
27.4888 0.935287
27.496 0.935501
27.5116 0.936064
27.5188 0.936431
27.532 0.937002
27.5393 0.937377
27.5489 0.937579
27.5561 0.937882
27.5633 0.938147
27.5765 0.938628
27.5861 0.93905
27.5957 0.939419
27.6065 0.939866
27.6138 0.940133
27.6234 0.940366
27.6282 0.940446
27.6366 0.940765
27.6438 0.941044
27.651 0.941539
27.6582 0.941971
27.6654 0.94235
27.6738 0.942681
27.6859 0.942846
27.6931 0.943115
27.7003 0.943351
27.7087 0.943557
27.7231 0.943987
27.7351 0.944364
27.7736 0.944818
27.7832 0.945466
27.7904 0.945908
27.806 0.946544
27.8204 0.946851
27.8361 0.94737
27.8433 0.947824
27.8553 0.948346
27.8733 0.948928
27.8829 0.949187
27.8913 0.949663
27.9033 0.95008
27.9262 0.95082
27.9406 0.951343
27.961 0.951925
27.9706 0.952309
27.9838 0.952896
28.0091 0.953534
28.0211 0.954092
28.0535 0.95483
28.0944 0.955852
28.1088 0.95662
28.1316 0.957293
28.1437 0.957881
28.1713 0.958771
28.1893 0.95955
28.2013 0.960231
28.217 0.961077
28.2374 0.962067
28.2542 0.962809
28.2674 0.963583
28.2818 0.96426
28.2999 0.965102
28.3119 0.96559
28.3299 0.966141
28.3515 0.966873
28.3672 0.967764
28.3792 0.968294
28.39 0.968882
28.4068 0.969522
28.4176 0.970331
28.4248 0.970915
28.4369 0.971301
28.4441 0.971763
28.4489 0.971918
28.4573 0.972428
28.4645 0.972874
28.4717 0.973265
28.4897 0.973857
28.4969 0.974375
28.5089 0.974578
28.5162 0.974881
28.527 0.975271
28.5342 0.975612
28.5414 0.97591
28.557 0.976547
28.5666 0.976978
28.5762 0.977481
28.5871 0.977921
28.5943 0.978306
28.6039 0.978518
28.6087 0.978578
28.9343 0.975131
28.9463 0.969614
28.98 0.967287
29.022 0.966752
29.0377 0.963033
29.0629 0.961279
29.0749 0.958369
29.1025 0.957823
29.123 0.956345
29.135 0.954302
29.1506 0.953014
29.1722 0.952762
29.1903 0.952167
29.2023 0.951146
29.2179 0.950378
29.2383 0.950581
29.2503 0.950008
29.2684 0.950257
29.29 0.95085
29.308 0.950994
29.32 0.950744
29.3308 0.950276
29.3477 0.950617
29.3609 0.950415
29.3681 0.949863
29.3801 0.949755
29.3873 0.949286
29.3981 0.949
29.4053 0.9485
29.415 0.947937
29.4282 0.94807
29.4378 0.948061
29.4474 0.948179
29.4582 0.948406
29.4678 0.948606
29.4774 0.94878
29.4846 0.948682
29.4979 0.948972
29.5075 0.949351
29.5171 0.949682
29.5279 0.950097
29.5375 0.950459
29.5471 0.950902
29.5543 0.950914
29.5676 0.951425
29.7736 0.976372
29.904 0.975575
29.916 0.974878
29.9521 0.974644
29.9965 0.974563
30.0121 0.974618
30.0374 0.974666
30.0494 0.974707
30.0794 0.974994
30.0999 0.975245
30.1119 0.975464
30.1299 0.975906
30.1527 0.976418
30.1696 0.976741
30.1852 0.977523
30.1996 0.978083
30.22 0.978572
30.2332 0.979126
30.2525 0.979735
30.2753 0.980518
31.1981 0.976203
31.2246 0.972803
36.4905 1.0717
39.9592 1.13249
43.9725 1.21155
48.1134 1.24261
52.3166 1.28853
56.6244 1.33234
61.0571 1.38017
65.5408 1.41778
69.2634 1.3578
73.1542 1.31658
76.9669 1.28163
80.7327 1.26018
84.5562 1.27291
88.5959 1.33417
92.7643 1.3664
96.618 1.35785
