0.1 0.00448
0.2 0
0.3 1.20416
0.4 0
0.5 2.16
0.6 0
0.7 4.32
0.8 0
0.9 8.64
1 0
1.1 17.28
1.2 0
1.3 14.88
1.4 17.28
1.5 5.28
1.6 13.44
1.7 14.4
1.8 15.84
1.9 18.24
2 6.24
2.1 7.08
2.2 5.64
2.3 8.52
2.4 8.52
2.5 9.36
2.6 9.12
2.7 10.08
2.8 9.84
2.9 4.44
3 6.6
3.1 6.36
3.2 7.2
3.3 8.4
3.4 9
3.5 9.12
3.6 9.84
3.7 9.6
3.8 10.32
3.9 3.48
4 6.84
4.1 6
4.2 7.8
4.3 8.64
4.4 9.24
4.5 9.36
4.6 9.6
4.7 9.6
4.8 10.32
4.9 3.72
5 7.32
5.1 8.4
5.2 9
5.3 9.12
5.4 9.24
5.5 9.12
5.6 9.12
5.7 9.24
5.8 9.12
5.9 8.52
6 8.88
6.1 9
6.2 9.12
6.3 9.36
6.4 9
6.5 9.36
6.6 9.12
6.7 9
6.8 9.36
6.9 9.12
7 9
7.1 9.12
7.2 9
7.3 9.36
7.4 9.12
7.5 9
7.6 9.12
7.7 9.36
7.8 9
7.9 9.12
8 9
8.1 9.36
8.2 9.12
8.3 9.24
8.4 9.12
8.5 9.12
8.6 9.24
8.7 9.12
8.8 9
8.9 9.12
9 9.36
9.1 9
9.2 9.12
9.3 9.12
9.4 9.24
9.5 9.12
9.6 9
9.7 9.36
9.8 9.12
9.9 9
10 9.36
10.1 9.12
10.2 9
10.3 9.12
10.4 9.36
10.5 9
10.6 9.12
10.7 9.24
10.8 9.12
10.9 9.36
11 9
11.1 9.12
11.2 9.12
11.3 9.24
11.4 9.12
11.5 10.32
11.6 10.32
11.7 10.56
11.8 10.68
11.9 10.44
12 10.8
12.1 10.68
12.2 10.92
12.3 10.92
12.4 10.8
12.5 10.8
12.6 10.92
12.7 10.92
12.8 11.16
12.9 11.04
13 11.28
13.1 11.4
13.2 11.04
13.3 11.4
13.4 11.28
13.5 11.52
13.6 11.52
13.7 11.04
13.8 7.68
13.9 8.16
14 8.4
14.1 7.8
14.2 8.16
14.3 8.28
14.4 8.64
14.5 9.84
14.6 11.76
14.7 12.12
14.8 11.88
14.9 12
15 12.12
15.1 11.88
15.2 12
15.3 2.88
15.4 0
15.5 0
15.6 0
15.7 0
15.8 0.12
15.9 7.08
16 7.08
16.1 7.32
16.2 7.44
16.3 7.328
16.4 7.44
16.5 7.44
16.6 7.44
16.7 7.44
16.8 6.6
16.9 0
17 0
17.1 0
17.2 0
17.3 0
17.4 0
17.5 0
17.6 0
17.7 0
17.8 0
17.9 0.12
18 0
18.1 0
18.2 0
18.3 0.24
18.4 0
18.5 0.48
18.6 0
18.7 0.96
18.8 0
18.9 0.96
19 0.96
19.1 0
19.2 3.84
19.3 0
19.4 7.68
19.5 0
19.6 15.36
19.7 0
19.8 14.4
19.9 16.32
20 9.6
20.1 15.84
20.2 15.6
20.3 8.52
20.4 6.84
20.5 8.28
20.6 8.28
20.7 8.4
20.8 8.28
20.9 7.56
21 7.08
21.1 7.08
21.2 8.28
21.3 8.28
21.4 8.28
21.5 8.4
21.6 8.04
21.7 7.08
21.8 6.48
21.9 8.64
22 8.52
22.1 8.64
22.2 8.28
22.3 8.52
22.4 7.08
22.5 7.08
22.6 7.8
22.7 8.52
22.8 8.64
22.9 8.52
23 8.28
23.1 8.4
23.2 7.32
23.3 6.72
23.4 8.4
23.5 8.52
23.6 8.88
23.7 8.52
23.8 8.52
23.9 8.64
24 7.08
24.1 6.96
24.2 8.4
24.3 8.52
24.4 8.52
24.5 8.88
24.6 8.76
24.7 8.88
24.8 7.56
24.9 7.32
25 7.32
25.1 8.76
25.2 8.64
25.3 8.76
25.4 9.12
25.5 8.76
25.6 8.64
25.7 7.56
25.8 6.96
25.9 8.4
26 8.52
26.1 8.64
26.2 9.24
26.3 8.88
26.4 8.76
26.5 8.88
26.6 7.32
26.7 7.56
26.8 7.8
26.9 8.76
27 8.88
27.1 8.76
27.2 9.6
27.3 8.52
27.4 9.12
27.5 7.8
27.6 7.8
27.7 7.32
27.8 8.88
27.9 8.52
28 9.12
28.1 9.24
28.2 9.12
28.3 9.12
28.4 8.76
28.5 7.8
28.6 7.8
28.7 10.08
28.8 10.56
28.9 10.44
29 9.48
29.1 9.6
29.2 9.12
29.3 8.76
29.4 8.4
29.5 8.04
29.6 8.64
29.7 10.68
29.8 10.56
29.9 10.92
30 9.72
30.1 9.72
30.2 9.48
30.3 9.84
30.4 11.16
30.5 11.28
30.6 11.04
30.7 11.28
30.8 11.04
30.9 11.4
31 11.28
31.1 11.28
31.2 11.28
31.3 10.92
31.4 11.52
31.5 11.52
31.6 11.28
31.7 11.52
31.8 11.28
31.9 11.76
32 11.76
32.1 11.52
32.2 11.76
32.3 10.92
32.4 9.84
32.5 9.72
32.6 9.84
32.7 10.08
32.8 10.44
32.9 10.08
33 10.32
33.1 10.08
33.2 10.32
33.3 10.08
33.4 10.08
33.5 10.44
33.6 10.2
33.7 10.8
33.8 10.2
33.9 10.56
34 11.64
34.1 12.6
34.2 12.36
34.3 12.6
34.4 12.24
34.5 12.36
34.6 12.6
34.7 12.24
34.8 10.8
34.9 10.8221
35 10.2144
35.1 10.1693
35.2 9.95616
35.3 10.2144
35.4 9.95616
35.5 10.1693
35.6 10.2144
35.7 1.32096
35.8 0
35.9 0
36 6.84
36.1 9.96
36.2 9.96
36.3 9.84
36.4 10.08
36.5 7.68
36.6 5.16
36.7 5.28
36.8 5.16
36.9 5.16
37 5.16
37.1 5.16
37.2 51.9555
37.3 6.24
37.4 2.4
37.5 1.92
37.6 1.2
37.7 2.76
37.8 6.48
37.9 6.6
38 6.48
38.1 58.08
38.2 9.96
38.3 10.44
38.4 10.32
38.5 10.2
38.6 10.44
38.7 10.8
38.8 10.68
38.9 10.92
39 11.04
39.1 10.8
39.2 10.92
39.3 10.8
39.4 11.16
39.5 11.04
39.6 10.8
39.7 11.16
39.8 10.8
39.9 11.04
40 10.8
40.1 11.16
40.2 10.8
40.3 11.04
40.4 11.04
40.5 10.68
40.6 11.04
40.7 10.68
40.8 11.04
40.9 11.04
41 10.68
41.1 11.04
41.2 10.92
41.3 10.68
41.4 10.92
41.5 10.68
41.6 10.92
41.7 10.92
41.8 10.56
41.9 10.92
42 10.56
42.1 10.8
42.2 10.92
42.3 10.44
42.4 1.2
42.5 0
42.6 0
42.7 0
42.8 2.4
42.9 9.84864
43 10.08
43.1 9.96
43.2 9.96
43.3 9.96
43.4 9.96
43.5 10.08
43.6 9.96
43.7 9.96
43.8 9.84
43.9 18.8493
44 11.16
44.1 10.08
44.2 8.64
44.3 10.08
44.4 8.28
44.5 0.72
44.6 0.72
44.7 0.72
44.8 0.96
44.9 0.72
45 61.56
45.1 6.48
45.2 10.08
45.3 10.44
45.4 10.44
45.5 10.32
45.6 10.44
45.7 10.32
45.8 10.56
45.9 10.56
46 10.44
46.1 10.56
46.2 10.68
46.3 10.32
46.4 10.68
46.5 10.32
46.6 10.68
46.7 10.56
46.8 10.44
46.9 10.56
47 10.32
47.1 10.68
47.2 10.56
47.3 10.44
47.4 10.56
47.5 10.32
47.6 10.56
47.7 10.56
47.8 10.32
47.9 10.56
48 10.32
48.1 10.44
48.2 10.32
48.3 10.44
48.4 10.32
48.5 10.44
48.6 10.44
48.7 10.2
48.8 10.44
48.9 10.44
49 10.2
49.1 10.44
49.2 10.2
49.3 10.32
49.4 10.44
49.5 10.08
49.6 10.44
49.7 10.08
49.8 10.32
49.9 10.32
50 10.08
50.1 10.32
50.2 10.08
50.3 10.32
50.4 10.32
50.5 9.96
50.6 10.32
50.7 10.2
50.8 10.08
50.9 10.2
51 9.96
51.1 10.32
51.2 10.2
51.3 9.96
51.4 10.2
51.5 9.96
51.6 10.2
51.7 10.2
51.8 9.96
51.9 10.08
52 9.96
52.1 10.2
52.2 9.84
52.3 10.2
52.4 9.96
52.5 10.08
52.6 10.2
52.7 9.84
52.8 10.08
52.9 9.96
53 10.08
53.1 10.08
53.2 9.96
53.3 10.08
53.4 10.08
53.5 9.96
53.6 10.08
53.7 9.84
53.8 10.08
53.9 10.08
54 9.96
54.1 10.08
54.2 9.84
54.3 10.08
54.4 10.08
54.5 9.96
54.6 10.08
54.7 9.84
54.8 10.2
54.9 10.08
55 9.84
55.1 10.08
55.2 10.2
55.3 9.84
55.4 10.08
55.5 9.96
55.6 10.08
55.7 10.2
55.8 9.84
55.9 10.2
56 9.84
56.1 10.2
56.2 10.2
56.3 9.84
56.4 10.2
56.5 9.96
56.6 10.2
56.7 9.96
56.8 10.2
56.9 9.96
57 10.2
57.1 10.2
57.2 9.96
57.3 10.32
57.4 9.96
57.5 10.2
57.6 10.32
57.7 10.08
57.8 10.2
57.9 10.32
58 10.08
58.1 10.32
58.2 10.08
58.3 10.32
58.4 10.32
58.5 10.08
58.6 10.44
58.7 10.08
58.8 10.44
58.9 10.44
59 10.2
59.1 10.32
59.2 10.2
59.3 10.56
59.4 10.44
59.5 10.2
59.6 10.56
59.7 10.56
59.8 10.2
59.9 10.56
60 10.32
60.1 10.56
60.2 10.68
60.3 10.32
60.4 10.56
60.5 10.44
60.6 10.68
60.7 10.68
60.8 10.44
60.9 10.44
61 10.68
61.1 10.8
61.2 10.44
61.3 10.92
61.4 10.44
61.5 10.8
61.6 10.92
61.7 10.56
61.8 10.92
61.9 10.68
62 7.68
62.1 0
62.2 0
62.3 0
62.4 0
62.5 5.52
62.6 9.8704
62.7 9.96
62.8 9.96
62.9 10.08
63 9.96
63.1 9.96
63.2 9.96
63.3 10.08
63.4 9.96
63.5 9.96
63.6 63.9904
63.7 12.48
63.8 8.64
63.9 0.96
64 1.32
64.1 1.2
64.2 1.32
64.3 1.44
64.4 1.2
64.5 1.32
64.6 1.44
64.7 6.84
64.8 0.24
64.9 10.56
65 10.56
65.1 10.44
65.2 6
65.3 0
65.4 9.36
65.5 9.96
65.6 9.96
65.7 9.96
65.8 10.08
65.9 10.44
66 10.44
66.1 13.68
66.2 10.44
66.3 10.2
66.4 10.56
66.5 10.32
66.6 10.56
66.7 10.68
66.8 10.32
66.9 10.68
67 10.32
67.1 10.68
67.2 10.68
67.3 10.32
67.4 10.68
67.5 10.44
67.6 10.56
67.7 10.56
67.8 10.44
67.9 10.56
68 10.56
68.1 10.32
68.2 10.56
68.3 10.32
68.4 10.56
68.5 10.44
68.6 10.32
68.7 10.44
68.8 10.2
68.9 10.44
69 10.56
69.1 10.2
69.2 10.08
69.3 10.44
69.4 10.44
69.5 10.08
69.6 10.44
69.7 10.08
69.8 10.44
69.9 10.32
70 10.08
70.1 10.32
70.2 10.08
70.3 10.32
70.4 10.32
70.5 9.96
70.6 10.32
70.7 10.2
70.8 10.08
70.9 10.2
71 10.08
71.1 10.2
71.2 10.2
71.3 9.96
71.4 10.2
71.5 9.96
71.6 10.2
71.7 10.2
71.8 9.96
71.9 10.08
72 9.96
72.1 10.2
72.2 10.08
72.3 9.96
72.4 10.08
72.5 10.2
72.6 9.84
72.7 10.08
72.8 9.96
72.9 10.08
73 9.84
73.1 10.08
73.2 9.96
73.3 10.08
73.4 10.08
73.5 9.84
73.6 10.08
73.7 9.84
73.8 10.08
73.9 10.08
74 9.96
74.1 10.08
74.2 9.84
74.3 10.08
74.4 10.08
74.5 9.84
74.6 10.08
74.7 9.84
74.8 10.08
74.9 10.2
75 9.84
75.1 10.08
75.2 10.08
75.3 9.84
75.4 10.08
75.5 9.96
75.6 10.08
75.7 10.2
75.8 9.84
75.9 10.08
76 9.96
76.1 10.08
76.2 10.2
76.3 9.84
76.4 10.2
76.5 9.84
76.6 10.2
76.7 10.2
76.8 9.96
76.9 9.84
77 10.2
77.1 10.2
77.2 9.96
77.3 10.2
77.4 10.08
77.5 10.2
77.6 10.2
77.7 9.96
77.8 10.32
77.9 10.2
78 10.08
78.1 10.32
78.2 10.08
78.3 10.32
78.4 10.32
78.5 10.08
78.6 10.32
78.7 10.08
78.8 10.44
78.9 10.32
79 10.2
79.1 10.32
79.2 10.2
79.3 10.44
79.4 10.44
79.5 10.32
79.6 10.44
79.7 10.44
79.8 10.32
79.9 10.44
80 10.32
80.1 10.56
80.2 10.56
80.3 10.32
80.4 10.56
80.5 10.44
80.6 10.56
80.7 10.44
80.8 10.68
80.9 10.44
81 10.68
81.1 10.68
81.2 10.56
81.3 10.68
81.4 10.56
81.5 10.8
81.6 10.8
81.7 10.56
81.8 10.8
81.9 10.68
82 10.8
82.1 10.92
82.2 10.68
82.3 10.92
82.4 10.92
82.5 10.8
82.6 11.04
82.7 10.68
82.8 11.04
82.9 11.04
83 10.92
83.1 11.04
83.2 10.8
83.3 11.16
83.4 11.28
83.5 10.92
83.6 11.16
83.7 10.92
83.8 11.16
83.9 11.4
84 11.04
84.1 11.4
84.2 11.28
84.3 11.04
84.4 11.16
84.5 11.28
84.6 11.28
84.7 11.52
84.8 11.52
84.9 11.16
85 11.52
85.1 11.52
85.2 11.28
85.3 11.52
85.4 11.28
85.5 11.76
85.6 11.76
85.7 11.52
85.8 11.76
85.9 11.52
86 11.76
86.1 11.76
86.2 11.4
86.3 11.76
86.4 11.52
86.5 11.76
86.6 12
86.7 11.88
86.8 12
86.9 12.12
87 11.88
87.1 11.3293
87.2 9.95616
87.3 10.2144
87.4 10.1693
87.5 9.95616
87.6 10.2144
87.7 8.83008
87.8 0
87.9 0
88 0
88.1 3.84
88.2 9.96
88.3 10.08
88.4 9.84
88.5 9.96
88.6 9.96
88.7 6.72
88.8 5.16
88.9 5.16
89 5.16
89.1 5.16
89.2 5.28
89.3 51.2227
89.4 7.68
89.5 2.16
89.6 2.16
89.7 1.92
89.8 2.28
89.9 6.48
90 6.6
90.1 6.6
90.2 55.08
90.3 10.44
90.4 10.32
90.5 10.2
90.6 10.32
90.7 10.8
90.8 11.28
90.9 10.92
91 11.16
91.1 11.16
91.2 10.92
91.3 11.16
91.4 11.04
91.5 10.8
91.6 11.16
91.7 10.8
91.8 11.04
91.9 11.16
92 10.8
92.1 11.04
92.2 10.92
92.3 11.04
92.4 11.04
92.5 10.68
92.6 10.8
92.7 10.92
92.8 11.04
92.9 10.8
93 10.92
93.1 10.68
93.2 10.92
93.3 10.92
93.4 10.68
93.5 10.8
93.6 10.56
93.7 10.92
93.8 10.8
93.9 10.56
94 10.8
94.1 10.8
94.2 10.56
94.3 10.68
94.4 10.56
94.5 10.68
94.6 3.72
94.7 0
94.8 0
94.9 0
95 0
95.1 9.96
95.2 9.8608
95.3 9.96
95.4 9.96
95.5 10.08
95.6 9.96
95.7 9.96
95.8 9.96
95.9 10.08
96 9.96
96.1 17.7738
96.2 9.96
96.3 10.68
96.4 9.36
96.5 9.84
96.6 10.08
96.7 2.64
96.8 0.72
96.9 0.72
97 0.72
97.1 0.72
97.2 60.12
97.3 4.68
97.4 10.56
97.5 10.32
97.6 10.68
97.7 10.32
97.8 10.68
97.9 10.68
98 10.44
98.1 10.68
98.2 10.32
98.3 10.68
98.4 10.68
98.5 10.44
98.6 10.56
98.7 10.44
98.8 10.68
98.9 10.56
99 10.44
99.1 10.56
99.2 10.68
99.3 10.32
99.4 10.56
99.5 10.32
99.6 10.56
99.7 10.56
99.8 10.32
99.9 10.56
100 10.32
