0.200111 10
0.401609 11
0.404013 13
0.406416 15
0.408819 17
0.411222 19
0.630785 21
0.644626 23
0.658467 25
0.672307 27
0.686148 29
0.699989 31
0.71383 33
0.804597 35
0.818438 37
0.832279 39
0.846119 41
0.85996 43
0.873801 45
0.88622 47
0.897751 49
0.907731 51
0.917045 53
0.941882 55
0.950161 57
0.95844 59
0.966719 61
1.00609 63
1.01437 65
1.02265 67
1.03093 69
1.03921 71
1.04749 73
1.05576 75
1.06404 77
1.07232 79
1.0806 81
1.08888 83
1.09716 85
1.10544 87
1.11372 89
1.122 91
1.13027 93
1.13855 95
1.14683 97
1.15482 99
1.16224 101
1.16916 103
1.17565 105
1.18214 107
1.18863 109
1.19512 111
1.20161 113
1.2081 115
1.21442 117
1.22056 119
1.2265 121
1.23094 123
1.23526 125
1.23945 127
1.24364 129
1.24783 131
1.25194 133
1.25596 135
1.25998 137
1.264 139
1.268 141
1.27196 143
1.27583 145
1.2796 147
1.28337 149
1.28714 151
1.29092 153
1.29464 155
1.29836 157
1.30199 159
1.30553 161
1.30908 163
1.31262 165
1.31617 167
1.31971 169
1.32325 171
1.32679 173
1.33032 175
1.33384 177
1.33736 179
1.34087 181
1.34438 183
1.3479 185
1.35141 187
1.35492 189
1.35844 191
1.36195 193
1.36546 195
1.36898 197
1.37249 199
1.376 201
1.37952 203
1.38303 205
1.38654 207
1.39006 209
1.39357 211
1.39708 213
1.40057 215
1.40406 217
1.40742 219
1.41077 221
1.41399 223
1.4172 225
1.42029 227
1.42339 229
1.42613 231
1.42888 233
1.4316 235
1.43427 237
1.43689 239
1.43951 241
1.44214 243
1.44467 245
1.44721 247
1.44975 249
1.4522 251
1.45465 253
1.45711 255
1.45954 257
1.46194 259
1.46434 261
1.46674 263
1.46915 265
1.47155 267
1.47395 269
1.47636 271
1.47876 273
1.48116 275
1.48357 277
1.48597 279
1.48837 281
1.49078 283
1.49318 285
1.49558 287
1.49799 289
1.50039 291
1.50279 293
1.5052 295
1.5076 297
1.51 299
1.51241 301
1.51481 303
1.51721 305
1.51962 307
1.52202 309
1.52442 311
1.52682 313
1.52923 315
1.53163 317
1.53403 319
1.53644 321
1.53884 323
1.54124 325
1.54365 327
1.54605 329
1.54845 331
1.55086 333
1.55326 335
1.55566 337
1.55807 339
1.56047 341
1.56287 343
1.56528 345
1.56768 347
1.57008 349
1.57249 351
1.57489 353
1.57729 355
1.5797 357
1.5821 359
1.5845 361
1.5869 363
1.58931 365
1.59171 367
1.59411 369
1.59652 371
1.59892 373
1.60132 375
1.60373 377
1.60613 379
1.60853 381
1.61094 383
1.61334 385
1.61574 387
1.61815 389
1.62055 391
1.62295 393
1.62536 395
1.62776 397
1.63016 399
1.63257 401
1.63497 403
1.63737 405
1.63978 407
1.64218 409
1.64458 411
1.64698 413
1.64939 415
1.65179 417
1.65419 419
1.6566 421
1.659 423
1.6614 425
1.66381 427
1.66621 429
1.66861 431
1.67102 433
1.67342 435
1.67582 437
1.67823 439
1.68063 441
1.68303 443
1.68544 445
1.68784 447
1.69024 449
1.69265 451
1.69505 453
1.69745 455
1.69986 457
1.70226 459
1.70466 461
1.70706 463
1.70947 465
1.71187 467
1.71427 469
1.71668 471
1.71908 473
1.72148 475
1.72389 477
1.72629 479
1.72869 481
1.7311 483
1.7335 485
1.7359 487
1.78156 489
3.36047 489.725
3.94685 342.45
4.15593 340.45
5.46807 337.889
5.56901 339.889
5.77088 337.889
7.18396 339.889
7.38583 337.889
8.79891 339.889
9.00078 337.889
10.2024 185.313
10.2024 4
10.2048 6
10.2048 4
10.2072 6
10.2072 4
10.2096 6
10.2096 4
10.212 6
10.212 4
10.2144 6
10.2144 4
10.2168 6
10.2168 4
10.2192 6
10.2192 4
10.2216 6
10.2216 4
10.224 6
10.224 4
10.2264 6
10.2264 4
10.2288 6
10.2288 4
10.2312 6
10.2312 4
10.2336 6
10.2336 4
10.236 6
10.236 4
10.2384 6
10.2384 4
10.2408 6
10.2408 4
10.2432 6
10.2432 4
10.2456 6
10.2456 4
10.248 6
10.248 4
10.2504 6
10.2504 4
10.2528 6
10.2528 4
10.2552 6
10.2552 4
10.2577 6
10.2577 4
10.2601 6
10.2601 4
10.2625 6
10.2625 4
10.2649 6
10.2649 4
10.2673 6
10.2673 4
10.2697 6
10.2697 4
10.2721 6
10.2721 4
10.2745 6
10.2745 4
10.2769 6
10.2769 4
10.2793 6
10.2793 4
10.2817 6
10.2817 4
10.2841 6
10.2841 4
10.2865 6
10.2865 4
10.2889 6
10.2889 4
10.2913 6
10.2913 4
10.2937 6
10.2937 4
10.2961 6
10.2961 4
10.2985 6
10.2985 4
10.3009 6
10.3009 4
10.3033 6
10.3033 4
10.3057 6
10.3057 4
10.3081 6
10.3081 4
10.3105 6
10.3105 4
10.3129 6
10.3129 4
10.3153 6
10.3153 4
10.3177 6
10.3177 4
10.3201 6
10.3201 4
10.3225 6
10.3225 4
10.3249 6
10.3249 4
10.3273 6
10.3273 4
10.3297 6
10.3297 4
10.3321 6
10.3321 4
10.3346 6
10.3346 4
10.337 6
10.337 4
10.3394 6
10.3394 4
10.3418 6
10.3418 4
10.3442 6
10.3442 4
10.3466 6
10.3466 4
10.349 6
10.349 4
10.3514 6
10.3514 4
10.3538 6
10.3538 4
10.3562 6
10.3562 4
10.3586 6
10.3586 4
10.361 6
10.361 4
10.3634 6
10.3634 4
10.3658 6
10.3658 4
10.3682 6
10.3682 4
10.3706 6
10.3706 4
10.373 6
10.373 4
10.3754 6
10.3754 4
10.3778 6
10.3778 4
10.3802 6
10.3802 4
10.3826 6
10.3826 4
10.385 6
10.385 4
10.3874 6
10.3874 4
10.3898 6
10.3898 4
10.3922 6
10.3922 4
10.3946 6
10.3946 4
10.397 6
10.397 4
10.3994 6
10.3994 4
10.4018 6
10.4018 4
10.4042 6
10.4042 4
10.4066 6
10.4066 4
10.4091 6
10.4091 4
10.4115 6
10.4115 4
10.4139 6
10.4139 4
10.4163 6
10.4163 4
10.6154 337.889
10.6154 339.889
10.619 341.889
10.818 343.889
10.8205 345.889
10.8229 347.889
10.8253 349.889
10.8277 351.889
10.8301 353.889
10.8325 355.889
10.8349 357.889
10.8373 359.367
10.8397 357.307
10.8421 355.503
10.8445 353.926
10.8469 352.338
10.8493 351.155
10.8517 350.122
10.8541 349.217
10.8565 348.425
10.8589 347.524
10.8613 346.944
10.8637 346.228
10.8661 345.81
10.8685 345.444
10.8709 344.916
10.8733 344.662
10.8757 344.231
10.8781 344.063
10.8805 343.915
10.8829 343.578
10.8853 343.491
10.8877 343.207
10.8901 343.166
10.8925 343.131
10.8949 342.892
10.8974 342.891
10.8998 342.682
10.907 342.54
10.9118 342.412
10.919 342.359
10.9238 342.273
10.931 342.267
10.9358 342.203
11.0367 344.185
11.0488 344.157
11.0608 344.143
11.0728 344.136
11.0848 344.132
11.2602 342.132
12.6901 344.132
12.8944 342.132
14.3243 344.132
14.5286 342.132
15.9585 344.132
16.1628 342.132
17.5927 344.132
17.7969 342.132
19.2268 344.132
19.4311 342.132
20.861 344.132
21.0653 342.132
21.2359 202.952
21.2359 4
21.2383 6
21.2383 4
21.2407 6
21.2407 4
21.2431 6
21.2431 4
21.2455 6
21.2455 4
21.2479 6
21.2479 4
21.2503 6
21.2503 4
21.2527 6
21.2527 4
21.2551 6
21.2551 4
21.2575 6
21.2575 4
21.26 6
21.26 4
21.2624 6
21.2624 4
21.2648 6
21.2648 4
21.2672 6
21.2672 4
21.2696 6
21.2696 4
21.272 6
21.272 4
21.2744 6
21.2744 4
21.2768 6
21.2768 4
21.2792 6
21.2792 4
21.2816 6
21.2816 4
21.284 6
21.284 4
21.2864 6
21.2864 4
21.2888 6
21.2888 4
21.2912 6
21.2912 4
21.2936 6
21.2936 4
21.296 6
21.296 4
21.2984 6
21.2984 4
21.3008 6
21.3008 4
21.3032 6
21.3032 4
21.3056 6
21.3056 4
21.308 6
21.308 4
21.3104 6
21.3104 4
21.3128 6
21.3128 4
21.3152 6
21.3152 4
21.3176 6
21.3176 4
21.32 6
21.32 4
21.3224 6
21.3224 4
21.3248 6
21.3248 4
21.3272 6
21.3272 4
21.3296 6
21.3296 4
21.332 6
21.332 4
21.3345 6
21.3345 4
21.3369 6
21.3369 4
21.3393 6
21.3393 4
21.3417 6
21.3417 4
21.3441 6
21.3441 4
21.3465 6
21.3465 4
21.3489 6
21.3489 4
21.3513 6
21.3513 4
21.3537 6
21.3537 4
21.3561 6
21.3561 4
21.3585 6
21.3585 4
21.3609 6
21.3609 4
21.3633 6
21.3633 4
21.3657 6
21.3657 4
21.3681 6
21.3681 4
21.3705 6
21.3705 4
21.3729 6
21.3729 4
21.3753 6
21.3753 4
21.3777 6
21.3777 4
21.3801 6
21.3801 4
21.3825 6
21.3825 4
21.3849 6
21.3849 4
21.3873 6
21.3873 4
21.3897 6
21.3897 4
21.3921 6
21.3921 4
21.3945 6
21.3945 4
21.3969 6
21.3969 4
21.3993 6
21.3993 4
21.4017 6
21.4017 4
21.4041 6
21.4041 4
21.4065 6
21.4065 4
21.4089 6
21.4089 4
21.4114 6
21.4114 4
21.4138 6
21.4138 4
21.4162 6
21.4162 4
21.4186 6
21.4186 4
21.421 6
21.421 4
21.4234 6
21.4234 4
21.4258 6
21.4258 4
21.4282 6
21.4282 4
21.4306 6
21.4306 4
21.433 6
21.433 4
21.4354 6
21.4354 4
21.4378 6
21.4378 4
21.4402 6
21.4402 4
21.4426 6
21.4426 4
21.445 6
21.445 4
21.4474 6
21.4474 4
21.4498 6
21.4498 4
21.6489 342.132
21.6489 344.132
21.6525 346.132
21.8516 348.132
21.854 350.132
21.8564 352.132
21.8588 354.132
21.8612 356.132
21.8636 358.132
21.866 360.132
21.8684 362.132
21.8708 361.564
21.8732 359.229
21.8756 357.186
21.878 355.398
21.8804 353.833
21.8828 352.256
21.8852 351.084
21.8876 350.059
21.89 349.162
21.8924 348.377
21.8948 347.482
21.8973 346.907
21.8997 346.404
21.9021 345.964
21.9045 345.579
21.9069 345.034
21.9093 344.765
21.9117 344.53
21.9141 344.324
21.9165 344.144
21.9189 343.778
21.9213 343.666
21.9237 343.568
21.9261 343.482
21.9285 343.407
21.9309 343.134
21.9333 343.102
21.9357 342.867
21.9429 342.664
21.9477 342.507
21.9549 342.423
21.9597 342.323
21.9669 342.299
21.9718 342.228
21.9838 342.18
21.9958 342.155
22.0078 342.142
22.1448 342.136
22.1568 342.132
22.277 344.132
22.5005 342.132
23.9304 344.132
24.1346 342.132
25.5645 344.132
25.7688 342.132
27.1987 344.132
27.403 342.132
28.8329 344.132
29.0372 342.132
30.4671 344.132
30.6713 342.132
32.1012 344.132
32.3055 342.132
32.4569 199.808
32.4569 4
32.4593 6
32.4593 4
32.4617 6
32.4617 4
32.4641 6
32.4641 4
32.4665 6
32.4665 4
32.4689 6
32.4689 4
32.4713 6
32.4713 4
32.4737 6
32.4737 4
32.4761 6
32.4761 4
32.4785 6
32.4785 4
32.4809 6
32.4809 4
32.4833 6
32.4833 4
32.4858 6
32.4858 4
32.4882 6
32.4882 4
32.4906 6
32.4906 4
32.493 6
32.493 4
32.4954 6
32.4954 4
32.4978 6
32.4978 4
32.5002 6
32.5002 4
32.5026 6
32.5026 4
32.505 6
32.505 4
32.5074 6
32.5074 4
32.5098 6
32.5098 4
32.5122 6
32.5122 4
32.5146 6
32.5146 4
32.517 6
32.517 4
32.5194 6
32.5194 4
32.5218 6
32.5218 4
32.5242 6
32.5242 4
32.5266 6
32.5266 4
32.529 6
32.529 4
32.5314 6
32.5314 4
32.5338 6
32.5338 4
32.5362 6
32.5362 4
32.5386 6
32.5386 4
32.541 6
32.541 4
32.5434 6
32.5434 4
32.5458 6
32.5458 4
32.5482 6
32.5482 4
32.5506 6
32.5506 4
32.553 6
32.553 4
32.5554 6
32.5554 4
32.5578 6
32.5578 4
32.5602 6
32.5602 4
32.5627 6
32.5627 4
32.5651 6
32.5651 4
32.5675 6
32.5675 4
32.5699 6
32.5699 4
32.5723 6
32.5723 4
32.5747 6
32.5747 4
32.5771 6
32.5771 4
32.5795 6
32.5795 4
32.5819 6
32.5819 4
32.5843 6
32.5843 4
32.5867 6
32.5867 4
32.5891 6
32.5891 4
32.5915 6
32.5915 4
32.5939 6
32.5939 4
32.5963 6
32.5963 4
32.5987 6
32.5987 4
32.6011 6
32.6011 4
32.6035 6
32.6035 4
32.6059 6
32.6059 4
32.6083 6
32.6083 4
32.6107 6
32.6107 4
32.6131 6
32.6131 4
32.6155 6
32.6155 4
32.6179 6
32.6179 4
32.6203 6
32.6203 4
32.6227 6
32.6227 4
32.6251 6
32.6251 4
32.6275 6
32.6275 4
32.6299 6
32.6299 4
32.6323 6
32.6323 4
32.6347 6
32.6347 4
32.6372 6
32.6372 4
32.6396 6
32.6396 4
32.642 6
32.642 4
32.6444 6
32.6444 4
32.6468 6
32.6468 4
32.6492 6
32.6492 4
32.6516 6
32.6516 4
32.654 6
32.654 4
32.6564 6
32.6564 4
32.6588 6
32.6588 4
32.6612 6
32.6612 4
32.6636 6
32.6636 4
32.666 6
32.666 4
32.6684 6
32.6684 4
32.6708 6
32.6708 4
32.6732 6
32.6732 4
32.6756 6
32.6756 4
32.8747 342.132
32.8747 344.132
32.8783 346.132
33.0774 348.132
33.0798 350.132
33.0822 352.132
33.0846 354.132
33.087 356.132
33.0894 358.132
33.0918 360.132
33.0942 362.132
33.0966 363.847
33.099 361.227
33.1014 358.934
33.1038 356.719
33.1062 354.99
33.1086 353.476
33.111 352.152
33.1134 350.993
33.1158 349.771
33.1182 348.91
33.1206 348.157
33.123 347.497
33.1255 346.921
33.1279 346.208
33.1303 345.792
33.1327 345.428
33.1351 345.11
33.1375 344.831
33.1399 344.38
33.1423 344.193
33.1447 344.029
33.1471 343.885
33.1495 343.76
33.1519 343.443
33.1543 343.372
33.1567 343.311
33.1591 343.258
33.1615 343.211
33.1639 342.961
33.1663 342.952
33.1687 342.735
33.1759 342.576
33.1807 342.439
33.1879 342.378
33.1927 342.288
33.2 342.276
33.2048 342.21
33.2168 342.171
33.2288 342.15
33.3658 342.144
33.3778 342.136
33.3898 342.132
33.9113 344.132
34.1348 342.132
35.5647 344.132
35.769 342.132
37.1989 344.132
37.4031 342.132
38.8331 344.132
39.0373 342.132
40.4672 344.132
40.6715 342.132
42.1014 344.132
42.3057 342.132
43.7356 344.132
43.9399 342.132
43.9879 182.733
43.9879 4
43.9903 6
43.9903 4
43.9927 6
43.9927 4
43.9951 6
43.9951 4
43.9975 6
43.9975 4
43.9999 6
43.9999 4
44.0023 6
44.0023 4
44.0047 6
44.0047 4
44.0071 6
44.0071 4
44.0095 6
44.0095 4
44.0119 6
44.0119 4
44.0144 6
44.0144 4
44.0168 6
44.0168 4
44.0192 6
44.0192 4
44.0216 6
44.0216 4
44.024 6
44.024 4
44.0264 6
44.0264 4
44.0288 6
44.0288 4
44.0312 6
44.0312 4
44.0336 6
44.0336 4
44.036 6
44.036 4
44.0384 6
44.0384 4
44.0408 6
44.0408 4
44.0432 6
44.0432 4
44.0456 6
44.0456 4
44.048 6
44.048 4
44.0504 6
44.0504 4
44.0528 6
44.0528 4
44.0552 6
44.0552 4
44.0576 6
44.0576 4
44.06 6
44.06 4
44.0624 6
44.0624 4
44.0648 6
44.0648 4
44.0672 6
44.0672 4
44.0696 6
44.0696 4
44.072 6
44.072 4
44.0744 6
44.0744 4
44.0768 6
44.0768 4
44.0792 6
44.0792 4
44.0816 6
44.0816 4
44.084 6
44.084 4
44.0864 6
44.0864 4
44.0889 6
44.0889 4
44.0913 6
44.0913 4
44.0937 6
44.0937 4
44.0961 6
44.0961 4
44.0985 6
44.0985 4
44.1009 6
44.1009 4
44.1033 6
44.1033 4
44.1057 6
44.1057 4
44.1081 6
44.1081 4
44.1105 6
44.1105 4
44.1129 6
44.1129 4
44.1153 6
44.1153 4
44.1177 6
44.1177 4
44.1201 6
44.1201 4
44.1225 6
44.1225 4
44.1249 6
44.1249 4
44.1273 6
44.1273 4
44.1297 6
44.1297 4
44.1321 6
44.1321 4
44.1345 6
44.1345 4
44.1369 6
44.1369 4
44.1393 6
44.1393 4
44.1417 6
44.1417 4
44.1441 6
44.1441 4
44.1465 6
44.1465 4
44.1489 6
44.1489 4
44.1513 6
44.1513 4
44.1537 6
44.1537 4
44.1561 6
44.1561 4
44.1585 6
44.1585 4
44.1609 6
44.1609 4
44.1634 6
44.1634 4
44.1658 6
44.1658 4
44.1682 6
44.1682 4
44.1706 6
44.1706 4
44.173 6
44.173 4
44.1754 6
44.1754 4
44.1778 6
44.1778 4
44.1802 6
44.1802 4
44.1826 6
44.1826 4
44.185 6
44.185 4
44.1874 6
44.1874 4
44.1898 6
44.1898 4
44.1922 6
44.1922 4
44.1946 6
44.1946 4
44.197 6
44.197 4
44.1994 6
44.1994 4
44.2018 6
44.2018 4
44.2042 6
44.2042 4
44.2066 6
44.2066 4
44.209 6
44.209 4
44.2114 6
44.2114 4
44.2138 6
44.2138 4
44.2162 6
44.2162 4
44.2186 6
44.2186 4
44.221 6
44.221 4
44.2234 6
44.2234 4
44.2258 6
44.2258 4
44.2282 6
44.2282 4
44.2306 6
44.2306 4
44.233 6
44.233 4
44.4333 342.132
44.4333 344.132
44.4357 346.132
44.636 348.132
44.6384 350.132
44.6408 352.132
44.6432 354.132
44.6456 356.132
44.648 358.132
44.6505 360.132
44.6529 360.465
44.6577 359.017
44.6601 357
44.6625 355.235
44.6649 353.483
44.6673 352.158
44.6697 350.999
44.6721 349.984
44.6745 349.097
44.6769 348.112
44.6793 347.458
44.6817 346.886
44.6841 346.385
44.6865 345.948
44.6889 345.356
44.6913 345.047
44.6937 344.568
44.6961 344.358
44.6985 344.173
44.7009 343.804
44.7033 343.689
44.7057 343.38
44.7081 343.318
44.7105 343.263
44.7129 343.008
44.7153 342.992
44.7177 342.77
44.7249 342.599
44.7298 342.458
44.737 342.39
44.7418 342.297
44.749 342.282
44.7538 342.215
44.7658 342.173
44.8523 344.173
44.8788 344.157
44.8908 344.143
44.9028 344.136
44.9148 344.132
45.0758 342.132
46.5057 344.132
46.71 342.132
48.1399 344.132
48.3442 342.132
49.7741 344.132
49.9783 342.132
51.4082 344.132
51.6125 342.132
53.0424 344.132
53.2467 342.132
54.6766 344.132
54.8809 342.132
54.9169 181.059
54.9169 4
54.9193 6
54.9193 4
54.9217 6
54.9217 4
54.9241 6
54.9241 4
54.9265 6
54.9265 4
54.9289 6
54.9289 4
54.9313 6
54.9313 4
54.9337 6
54.9337 4
54.9361 6
54.9361 4
54.9385 6
54.9385 4
54.941 6
54.941 4
54.9434 6
54.9434 4
54.9458 6
54.9458 4
54.9482 6
54.9482 4
54.9506 6
54.9506 4
54.953 6
54.953 4
54.9554 6
54.9554 4
54.9578 6
54.9578 4
54.9602 6
54.9602 4
54.9626 6
54.9626 4
54.965 6
54.965 4
54.9674 6
54.9674 4
54.9698 6
54.9698 4
54.9722 6
54.9722 4
54.9746 6
54.9746 4
54.977 6
54.977 4
54.9794 6
54.9794 4
54.9818 6
54.9818 4
54.9842 6
54.9842 4
54.9866 6
54.9866 4
54.989 6
54.989 4
54.9914 6
54.9914 4
54.9938 6
54.9938 4
54.9962 6
54.9962 4
54.9986 6
54.9986 4
55.001 6
55.001 4
55.0034 6
55.0034 4
55.0058 6
55.0058 4
55.0082 6
55.0082 4
55.0106 6
55.0106 4
55.013 6
55.013 4
55.0155 6
55.0155 4
55.0179 6
55.0179 4
55.0203 6
55.0203 4
55.0227 6
55.0227 4
55.0251 6
55.0251 4
55.0275 6
55.0275 4
55.0299 6
55.0299 4
55.0323 6
55.0323 4
55.0347 6
55.0347 4
55.0371 6
55.0371 4
55.0395 6
55.0395 4
55.0419 6
55.0419 4
55.0443 6
55.0443 4
55.0467 6
55.0467 4
55.0491 6
55.0491 4
55.0515 6
55.0515 4
55.0539 6
55.0539 4
55.0563 6
55.0563 4
55.0587 6
55.0587 4
55.0611 6
55.0611 4
55.0635 6
55.0635 4
55.0659 6
55.0659 4
55.0683 6
55.0683 4
55.0707 6
55.0707 4
55.0731 6
55.0731 4
55.0755 6
55.0755 4
55.0779 6
55.0779 4
55.0803 6
55.0803 4
55.0827 6
55.0827 4
55.0851 6
55.0851 4
55.0875 6
55.0875 4
55.09 6
55.09 4
55.0924 6
55.0924 4
55.0948 6
55.0948 4
55.0972 6
55.0972 4
55.0996 6
55.0996 4
55.102 6
55.102 4
55.1044 6
55.1044 4
55.1068 6
55.1068 4
55.1092 6
55.1092 4
55.1116 6
55.1116 4
55.114 6
55.114 4
55.1164 6
55.1164 4
55.1188 6
55.1188 4
55.1212 6
55.1212 4
55.1236 6
55.1236 4
55.126 6
55.126 4
55.1284 6
55.1284 4
55.1308 6
55.1308 4
55.1332 6
55.1332 4
55.1356 6
55.1356 4
55.138 6
55.138 4
55.1404 6
55.1404 4
55.1428 6
55.1428 4
55.1452 6
55.1452 4
55.1476 6
55.1476 4
55.15 6
55.15 4
55.1524 6
55.1524 4
55.1548 6
55.1548 4
55.1572 6
55.1572 4
55.1596 6
55.1596 4
55.162 6
55.162 4
55.1645 6
55.1645 4
55.3635 342.132
55.3635 344.132
55.3671 346.132
55.5662 348.132
55.5686 350.132
55.571 352.132
55.5734 354.132
55.5758 356.132
55.5783 357.117
55.6023 355.516
55.6047 353.936
55.6071 352.555
55.6095 351.346
55.6119 350.079
55.6143 349.18
55.6167 348.185
55.6191 347.522
55.6215 346.942
55.6239 346.227
55.6263 345.809
55.6287 345.235
55.6311 344.941
55.6335 344.684
55.6359 344.25
55.6383 344.079
55.6407 343.722
55.6431 343.617
55.6455 343.525
55.6479 343.237
55.6503 343.192
55.6528 342.945
55.6552 342.938
55.6576 342.931
55.66 342.717
55.6648 342.548
55.672 342.45
55.6768 342.343
55.684 342.314
55.6888 342.238
55.7801 344.238
55.7897 344.185
55.8017 344.157
55.8138 344.143
55.8258 344.136
55.8378 344.132
56.0036 342.132
57.4335 344.132
57.6378 342.132
59.0677 344.132
59.272 342.132
60.7019 344.132
60.9061 342.132
62.3361 344.132
62.5403 342.132
63.9702 344.132
64.1745 342.132
65.6044 344.132
65.8087 342.132
65.8399 180.374
65.8399 4
65.8423 6
65.8423 4
65.8447 6
65.8447 4
65.8471 6
65.8471 4
65.8495 6
65.8495 4
65.8519 6
65.8519 4
65.8543 6
65.8543 4
65.8567 6
65.8567 4
65.8591 6
65.8591 4
65.8615 6
65.8615 4
65.8639 6
65.8639 4
65.8664 6
65.8664 4
65.8688 6
65.8688 4
65.8712 6
65.8712 4
65.8736 6
65.8736 4
65.876 6
65.876 4
65.8784 6
65.8784 4
65.8808 6
65.8808 4
65.8832 6
65.8832 4
65.8856 6
65.8856 4
65.888 6
65.888 4
65.8904 6
65.8904 4
65.8928 6
65.8928 4
65.8952 6
65.8952 4
65.8976 6
65.8976 4
65.9 6
65.9 4
65.9024 6
65.9024 4
65.9048 6
65.9048 4
65.9072 6
65.9072 4
65.9096 6
65.9096 4
65.912 6
65.912 4
65.9144 6
65.9144 4
65.9168 6
65.9168 4
65.9192 6
65.9192 4
65.9216 6
65.9216 4
65.924 6
65.924 4
65.9264 6
65.9264 4
65.9288 6
65.9288 4
65.9312 6
65.9312 4
65.9336 6
65.9336 4
65.936 6
65.936 4
65.9384 6
65.9384 4
65.9409 6
65.9409 4
65.9433 6
65.9433 4
65.9457 6
65.9457 4
65.9481 6
65.9481 4
65.9505 6
65.9505 4
65.9529 6
65.9529 4
65.9553 6
65.9553 4
65.9577 6
65.9577 4
65.9601 6
65.9601 4
65.9625 6
65.9625 4
65.9649 6
65.9649 4
65.9673 6
65.9673 4
65.9697 6
65.9697 4
65.9721 6
65.9721 4
65.9745 6
65.9745 4
65.9769 6
65.9769 4
65.9793 6
65.9793 4
65.9817 6
65.9817 4
65.9841 6
65.9841 4
65.9865 6
65.9865 4
65.9889 6
65.9889 4
65.9913 6
65.9913 4
65.9937 6
65.9937 4
65.9961 6
65.9961 4
65.9985 6
65.9985 4
66.0009 6
66.0009 4
66.0033 6
66.0033 4
66.0057 6
66.0057 4
66.0081 6
66.0081 4
66.0105 6
66.0105 4
66.0129 6
66.0129 4
66.0153 6
66.0153 4
66.0178 6
66.0178 4
66.0202 6
66.0202 4
66.0226 6
66.0226 4
66.025 6
66.025 4
66.0274 6
66.0274 4
66.0298 6
66.0298 4
66.0322 6
66.0322 4
66.0346 6
66.0346 4
66.037 6
66.037 4
66.0394 6
66.0394 4
66.0418 6
66.0418 4
66.0442 6
66.0442 4
66.0466 6
66.0466 4
66.049 6
66.049 4
66.0514 6
66.0514 4
66.0538 6
66.0538 4
66.0562 6
66.0562 4
66.0586 6
66.0586 4
66.061 6
66.061 4
66.0634 6
66.0634 4
66.0658 6
66.0658 4
66.0682 6
66.0682 4
66.0706 6
66.0706 4
66.073 6
66.073 4
66.0754 6
66.0754 4
66.0778 6
66.0778 4
66.0802 6
66.0802 4
66.0826 6
66.0826 4
66.085 6
66.085 4
66.0874 6
66.0874 4
66.0898 6
66.0898 4
66.2901 342.132
66.2901 344.132
66.2925 346.132
66.4928 348.132
66.4952 350.132
66.4976 352.132
66.5 354.132
66.5024 355.749
66.5217 354.206
66.5241 352.791
66.5265 351.552
66.5289 350.26
66.5313 349.338
66.5337 348.531
66.5361 347.825
66.5385 347.207
66.5409 346.459
66.5433 346.012
66.5457 345.412
66.5481 345.096
66.5505 344.82
66.5529 344.369
66.5553 344.184
66.5577 343.813
66.5601 343.697
66.5625 343.595
66.5649 343.298
66.5673 343.246
66.5697 342.992
66.5721 342.979
66.5745 342.967
66.5769 342.748
66.5818 342.571
66.589 342.466
66.5938 342.356
66.601 342.321
66.6058 342.245
66.6178 342.188
66.7187 342.185
66.7308 342.157
66.7428 342.143
66.7548 342.136
66.7668 342.132
67.1153 344.132
67.3388 342.132
68.7687 344.132
68.9729 342.132
70.4028 344.132
70.6071 342.132
72.037 344.132
72.2413 342.132
73.6712 344.132
73.8755 342.132
75.3054 344.132
75.5096 342.132
76.9395 344.132
77.1438 342.132
77.2159 186.614
77.2159 4
77.2183 6
77.2183 4
77.2207 6
77.2207 4
77.2231 6
77.2231 4
77.2255 6
77.2255 4
77.2279 6
77.2279 4
77.2303 6
77.2303 4
77.2327 6
77.2327 4
77.2351 6
77.2351 4
77.2375 6
77.2375 4
77.2399 6
77.2399 4
77.2423 6
77.2423 4
77.2448 6
77.2448 4
77.2472 6
77.2472 4
77.2496 6
77.2496 4
77.252 6
77.252 4
77.2544 6
77.2544 4
77.2568 6
77.2568 4
77.2592 6
77.2592 4
77.2616 6
77.2616 4
77.264 6
77.264 4
77.2664 6
77.2664 4
77.2688 6
77.2688 4
77.2712 6
77.2712 4
77.2736 6
77.2736 4
77.276 6
77.276 4
77.2784 6
77.2784 4
77.2808 6
77.2808 4
77.2832 6
77.2832 4
77.2856 6
77.2856 4
77.288 6
77.288 4
77.2904 6
77.2904 4
77.2928 6
77.2928 4
77.2952 6
77.2952 4
77.2976 6
77.2976 4
77.3 6
77.3 4
77.3024 6
77.3024 4
77.3048 6
77.3048 4
77.3072 6
77.3072 4
77.3096 6
77.3096 4
77.312 6
77.312 4
77.3144 6
77.3144 4
77.3168 6
77.3168 4
77.3193 6
77.3193 4
77.3217 6
77.3217 4
77.3241 6
77.3241 4
77.3265 6
77.3265 4
77.3289 6
77.3289 4
77.3313 6
77.3313 4
77.3337 6
77.3337 4
77.3361 6
77.3361 4
77.3385 6
77.3385 4
77.3409 6
77.3409 4
77.3433 6
77.3433 4
77.3457 6
77.3457 4
77.3481 6
77.3481 4
77.3505 6
77.3505 4
77.3529 6
77.3529 4
77.3553 6
77.3553 4
77.3577 6
77.3577 4
77.3601 6
77.3601 4
77.3625 6
77.3625 4
77.3649 6
77.3649 4
77.3673 6
77.3673 4
77.3697 6
77.3697 4
77.3721 6
77.3721 4
77.3745 6
77.3745 4
77.3769 6
77.3769 4
77.3793 6
77.3793 4
77.3817 6
77.3817 4
77.3841 6
77.3841 4
77.3865 6
77.3865 4
77.3889 6
77.3889 4
77.3913 6
77.3913 4
77.3938 6
77.3938 4
77.3962 6
77.3962 4
77.3986 6
77.3986 4
77.401 6
77.401 4
77.4034 6
77.4034 4
77.4058 6
77.4058 4
77.4082 6
77.4082 4
77.4106 6
77.4106 4
77.413 6
77.413 4
77.4154 6
77.4154 4
77.4178 6
77.4178 4
77.4202 6
77.4202 4
77.4226 6
77.4226 4
77.425 6
77.425 4
77.4274 6
77.4274 4
77.4298 6
77.4298 4
77.4322 6
77.4322 4
77.4346 6
77.4346 4
77.437 6
77.437 4
77.4394 6
77.4394 4
77.4418 6
77.4418 4
77.4442 6
77.4442 4
77.4466 6
77.4466 4
77.449 6
77.449 4
77.4514 6
77.4514 4
77.4538 6
77.4538 4
77.6529 342.132
77.6529 344.132
77.6565 346.132
77.8556 348.132
77.858 350.132
77.8604 352.132
77.8628 354.132
77.8652 356.132
77.8676 358.132
77.87 360.132
77.8724 362.132
77.8748 364.132
77.8772 366.132
77.8796 365.463
77.8821 362.641
77.8845 360.171
77.8869 357.802
77.8893 355.936
77.8917 354.305
77.8941 352.877
77.8965 351.628
77.8989 350.327
77.9013 349.396
77.9037 348.582
77.9061 347.869
77.9085 347.246
77.9109 346.492
77.9133 346.041
77.9157 345.439
77.9181 345.119
77.9205 344.839
77.9229 344.387
77.9253 344.199
77.9277 343.826
77.9301 343.708
77.9325 343.605
77.9349 343.307
77.9373 343.253
77.9397 342.999
77.9421 342.985
77.9445 342.972
77.9469 342.753
77.9517 342.575
77.959 342.468
77.9638 342.357
77.971 342.323
77.9758 342.246
77.9878 342.189
78.0887 342.185
78.1007 342.157
78.1128 342.143
78.1248 342.136
78.1368 342.132
78.4853 344.132
78.7088 342.132
80.1387 344.132
80.3429 342.132
81.7728 344.132
81.9771 342.132
83.407 344.132
83.6113 342.132
85.0412 344.132
85.2455 342.132
86.6754 344.132
86.8796 342.132
88.3095 344.132
88.5138 342.132
88.5979 188.522
88.5979 4
88.6003 6
88.6003 4
88.6027 6
88.6027 4
88.6051 6
88.6051 4
88.6075 6
88.6075 4
88.6099 6
88.6099 4
88.6123 6
88.6123 4
88.6147 6
88.6147 4
88.6171 6
88.6171 4
88.6196 6
88.6196 4
88.622 6
88.622 4
88.6244 6
88.6244 4
88.6268 6
88.6268 4
88.6292 6
88.6292 4
88.6316 6
88.6316 4
88.634 6
88.634 4
88.6364 6
88.6364 4
88.6388 6
88.6388 4
88.6412 6
88.6412 4
88.6436 6
88.6436 4
88.646 6
88.646 4
88.6484 6
88.6484 4
88.6508 6
88.6508 4
88.6532 6
88.6532 4
88.6556 6
88.6556 4
88.658 6
88.658 4
88.6604 6
88.6604 4
88.6628 6
88.6628 4
88.6652 6
88.6652 4
88.6676 6
88.6676 4
88.67 6
88.67 4
88.6724 6
88.6724 4
88.6748 6
88.6748 4
88.6772 6
88.6772 4
88.6796 6
88.6796 4
88.682 6
88.682 4
88.6844 6
88.6844 4
88.6868 6
88.6868 4
88.6892 6
88.6892 4
88.6916 6
88.6916 4
88.694 6
88.694 4
88.6965 6
88.6965 4
88.6989 6
88.6989 4
88.7013 6
88.7013 4
88.7037 6
88.7037 4
88.7061 6
88.7061 4
88.7085 6
88.7085 4
88.7109 6
88.7109 4
88.7133 6
88.7133 4
88.7157 6
88.7157 4
88.7181 6
88.7181 4
88.7205 6
88.7205 4
88.7229 6
88.7229 4
88.7253 6
88.7253 4
88.7277 6
88.7277 4
88.7301 6
88.7301 4
88.7325 6
88.7325 4
88.7349 6
88.7349 4
88.7373 6
88.7373 4
88.7397 6
88.7397 4
88.7421 6
88.7421 4
88.7445 6
88.7445 4
88.7469 6
88.7469 4
88.7493 6
88.7493 4
88.7517 6
88.7517 4
88.7541 6
88.7541 4
88.7565 6
88.7565 4
88.7589 6
88.7589 4
88.7613 6
88.7613 4
88.7637 6
88.7637 4
88.7661 6
88.7661 4
88.7685 6
88.7685 4
88.771 6
88.771 4
88.7734 6
88.7734 4
88.7758 6
88.7758 4
88.7782 6
88.7782 4
88.7806 6
88.7806 4
88.783 6
88.783 4
88.7854 6
88.7854 4
88.7878 6
88.7878 4
88.7902 6
88.7902 4
88.7926 6
88.7926 4
88.795 6
88.795 4
88.7974 6
88.7974 4
88.7998 6
88.7998 4
88.8022 6
88.8022 4
88.8046 6
88.8046 4
88.807 6
88.807 4
88.8094 6
88.8094 4
88.8118 6
88.8118 4
88.8142 6
88.8142 4
88.8166 6
88.8166 4
88.819 6
88.819 4
88.8214 6
88.8214 4
88.8238 6
88.8238 4
88.8262 6
88.8262 4
88.8286 6
88.8286 4
88.831 6
88.831 4
88.8334 6
88.8334 4
89.0325 342.132
89.0325 344.132
89.0361 346.132
89.2352 348.132
89.2376 350.132
89.24 352.132
89.2424 354.132
89.2448 356.132
89.2472 358.132
89.2496 360.132
89.252 362.132
89.2544 364.132
89.2568 366.132
89.2593 364.437
89.2617 361.743
89.2641 359.385
89.2665 357.323
89.2689 355.309
89.2713 353.756
89.2737 352.397
89.2761 351.207
89.2785 350.167
89.2809 349.048
89.2833 348.278
89.2857 347.603
89.2881 347.013
89.2905 346.497
89.2929 345.837
89.2953 345.468
89.2977 344.936
89.3001 344.68
89.3025 344.455
89.3049 344.05
89.3073 343.905
89.3097 343.568
89.3121 343.483
89.3145 343.407
89.3169 343.134
89.3193 343.103
89.3217 342.867
89.3289 342.664
89.3338 342.507
89.341 342.423
89.3458 342.323
89.353 342.299
89.3578 342.228
89.3698 342.18
89.4828 342.157
89.4948 342.143
89.5068 342.136
89.5188 342.132
89.8673 344.132
90.0908 342.132
91.5207 344.132
91.7249 342.132
93.1548 344.132
93.3591 342.132
94.789 344.132
94.9933 342.132
96.4232 344.132
96.6275 342.132
98.0574 344.132
98.2616 342.132
99.6915 344.132
99.8958 342.132
99.9679 186.614
99.9679 4
99.9703 6
99.9703 4
99.9727 6
99.9727 4
99.9751 6
99.9751 4
99.9775 6
99.9775 4
99.9799 6
99.9799 4
99.9823 6
99.9823 4
99.9847 6
99.9847 4
99.9871 6
99.9871 4
99.9895 6
99.9895 4
99.9919 6
99.9919 4
99.9943 6
99.9943 4
99.9968 6
99.9968 4
99.9992 6
99.9992 4
