0.1 0.00448
0.2 0
0.3 1.20416
0.4 0
0.5 1.8
0.6 0.36
0.7 1.8
0.8 2.04
0.9 2.88
1 3.12
1.1 5.52
1.2 6.84
1.3 9.6
1.4 14.52
1.5 19.44
1.6 20.04
1.7 19.92
1.8 14.04
1.9 10.08
2 9.84
2.1 10.08
2.2 9.96
2.3 9.96
2.4 10.08
2.5 9.84
2.6 10.08
2.7 10.08
2.8 9.84
2.9 10.08
3 9.96
3.1 9.96
3.2 10.08
3.3 9.84
3.4 7.44
3.5 3.48
3.6 3.48
3.7 3.48
3.8 3.48
3.9 3.48
4 8.04
4.1 12.6
4.2 10.44
4.3 7.56
4.4 8.52
4.5 10.08
4.6 10.08
4.7 10.08
4.8 10.08
4.9 9.96
5 10.08
5.1 10.08
5.2 10.08
5.3 10.08
5.4 10.08
5.5 9.96
5.6 10.8
5.7 12.48
5.8 11.04
5.9 7.56
6 8.16
6.1 9.96
6.2 9.96
6.3 9.96
6.4 9.96
6.5 10.08
6.6 9.96
6.7 9.96
6.8 9.96
6.9 10.08
7 9.96
7.1 9.96
7.2 10.32
7.3 12.48
7.4 11.88
7.5 7.44
7.6 7.8
7.7 9.96
7.8 10.08
7.9 9.96
8 9.96
8.1 9.96
8.2 9.96
8.3 10.08
8.4 9.96
8.5 9.96
8.6 9.96
8.7 10.08
8.8 9.96
8.9 12.48
9 12.48
9.1 7.56
9.2 7.44
9.3 9.96
9.4 9.96
9.5 9.96
9.6 10.08
9.7 9.96
9.8 9.96
9.9 9.96
10 9.96
10.1 10.08
10.2 9.96
10.3 0.24
10.4 0
10.5 0.36
10.6 0
10.7 8.52
10.8 9.96
10.9 9.96
11 10.08
11.1 11.52
11.2 12.48
11.3 10.56
11.4 7.44
11.5 8.4
11.6 9.96
11.7 9.96
11.8 10.08
11.9 9.96
12 9.96
12.1 9.96
12.2 10.08
12.3 9.96
12.4 9.96
12.5 9.96
12.6 9.96
12.7 10.32
12.8 12.48
12.9 12.24
13 7.44
13.1 7.44
13.2 10.08
13.3 9.96
13.4 9.96
13.5 9.96
13.6 10.08
13.7 9.96
13.8 9.96
13.9 9.96
14 9.96
14.1 10.08
14.2 9.96
14.3 9.96
14.4 11.88
14.5 12.48
14.6 9
14.7 7.44
14.8 9.12
14.9 9.96
15 10.08
15.1 9.96
15.2 9.96
15.3 9.96
15.4 10.08
15.5 9.96
15.6 9.96
15.7 9.96
15.8 9.96
15.9 10.08
16 10.92
16.1 12.48
16.2 10.68
16.3 7.56
16.4 8.28
16.5 9.96
16.6 9.96
16.7 9.96
16.8 10.08
16.9 9.96
17 9.96
17.1 9.96
17.2 9.96
17.3 10.08
17.4 9.96
17.5 9.96
17.6 10.2
17.7 12.48
17.8 12.36
17.9 7.44
18 7.56
18.1 9.84
18.2 10.08
18.3 9.96
18.4 9.96
18.5 9.96
18.6 10.08
18.7 9.96
18.8 9.96
18.9 9.96
19 9.96
19.1 10.08
19.2 9.96
19.3 11.76
19.4 12.48
19.5 9.12
19.6 7.44
19.7 9.12
19.8 9.96
19.9 10.08
20 9.96
20.1 9.96
20.2 9.96
20.3 10.08
20.4 9.96
20.5 9.96
20.6 9.96
20.7 9.96
20.8 10.08
20.9 10.92
21 12.48
21.1 10.8
21.2 7.44
21.3 2.76
21.4 0
21.5 0.36
21.6 0
21.7 5.16
21.8 9.96
21.9 9.96
22 10.08
22.1 9.96
22.2 9.96
22.3 10.56
22.4 12.48
22.5 12.48
22.6 7.56
22.7 7.56
22.8 9.84
22.9 9.96
23 9.96
23.1 9.96
23.2 10.08
23.3 9.96
23.4 9.96
23.5 9.96
23.6 10.08
23.7 9.96
23.8 9.96
23.9 9.96
24 11.76
24.1 12.48
24.2 9.24
24.3 7.44
24.4 9
24.5 9.96
24.6 10.08
24.7 9.96
24.8 9.96
24.9 9.96
25 10.08
25.1 9.96
25.2 9.96
25.3 9.96
25.4 9.96
25.5 10.08
25.6 10.8
25.7 12.48
25.8 11.04
25.9 7.44
26 8.16
26.1 9.96
26.2 9.96
26.3 9.96
26.4 10.08
26.5 9.96
26.6 9.96
26.7 9.96
26.8 10.08
26.9 9.96
27 9.96
27.1 9.96
27.2 10.08
27.3 12.48
27.4 12.48
27.5 7.68
27.6 7.44
27.7 9.72
27.8 10.08
27.9 9.96
28 9.96
28.1 9.96
28.2 10.08
28.3 9.96
28.4 9.96
28.5 9.96
28.6 9.96
28.7 10.08
28.8 9.96
28.9 11.64
29 12.48
29.1 9.36
29.2 7.56
29.3 8.88
29.4 9.96
29.5 9.96
29.6 10.08
29.7 9.96
29.8 9.96
29.9 9.96
30 9.96
30.1 10.08
30.2 9.96
30.3 9.96
30.4 9.96
30.5 10.8
30.6 12.48
30.7 11.16
30.8 7.44
30.9 8.16
31 9.96
31.1 9.96
31.2 9.96
31.3 10.08
31.4 9.96
31.5 9.96
31.6 9.96
31.7 10.08
31.8 9.96
31.9 9.96
32 9.96
32.1 9.96
32.2 12.48
32.3 12.48
32.4 7.8
32.5 4.32
32.6 0
32.7 0.36
32.8 0
32.9 2.64
33 9.96
33.1 9.96
33.2 9.96
33.3 9.96
33.4 10.08
33.5 9.96
33.6 9.96
33.7 9.96
33.8 10.08
33.9 9.96
34 12.12
34.1 12.48
34.2 9.36
34.3 7.44
34.4 9
34.5 9.96
34.6 10.08
34.7 9.96
34.8 9.96
34.9 9.96
35 9.96
35.1 10.08
35.2 9.96
35.3 9.96
35.4 9.96
35.5 10.08
35.6 10.8
35.7 12.48
35.8 11.04
35.9 7.44
36 8.16
36.1 9.96
36.2 9.96
36.3 9.96
36.4 10.08
36.5 9.96
36.6 9.96
36.7 9.96
36.8 9.96
36.9 10.08
37 9.96
37.1 9.96
37.2 10.08
37.3 12.48
37.4 12.48
37.5 7.68
37.6 7.44
37.7 9.72
37.8 10.08
37.9 9.96
38 9.96
38.1 9.96
38.2 9.96
38.3 10.08
38.4 9.96
38.5 9.96
38.6 9.96
38.7 10.08
38.8 9.96
38.9 11.64
39 12.48
39.1 9.36
39.2 7.56
39.3 8.88
39.4 9.96
39.5 9.96
39.6 10.08
39.7 9.96
39.8 9.96
39.9 9.96
40 9.96
40.1 10.08
40.2 9.96
40.3 9.96
40.4 9.96
40.5 10.8
40.6 12.48
40.7 11.16
40.8 7.44
40.9 8.04
41 10.08
41.1 9.96
41.2 9.96
41.3 9.96
41.4 9.96
41.5 10.08
41.6 9.96
41.7 9.96
41.8 9.96
41.9 10.08
42 9.96
42.1 9.96
42.2 12.48
42.3 12.48
42.4 7.8
42.5 7.44
42.6 9.72
42.7 10.08
42.8 9.96
42.9 9.96
43 9.96
43.1 10.08
43.2 9.96
43.3 9.96
43.4 9.96
43.5 9.96
43.6 10.08
43.7 9.96
43.8 11.52
43.9 12.48
44 8.64
44.1 0
44.2 0
44.3 0.48
44.4 0
44.5 6.72
44.6 9.96
44.7 9.96
44.8 10.08
44.9 11.16
45 12.48
45.1 11.28
45.2 7.44
45.3 8.04
45.4 9.96
45.5 9.96
45.6 10.08
45.7 9.96
45.8 9.96
45.9 9.96
46 10.08
46.1 9.96
46.2 9.96
46.3 9.96
46.4 9.96
46.5 10.08
46.6 12.36
46.7 12.48
46.8 7.92
46.9 7.56
47 9.6
47.1 9.96
47.2 9.96
47.3 9.96
47.4 10.08
47.5 9.96
47.6 9.96
47.7 9.96
47.8 10.08
47.9 9.96
48 9.96
48.1 9.96
48.2 11.52
48.3 12.48
48.4 9.72
48.5 7.44
48.6 8.76
48.7 9.96
48.8 10.08
48.9 9.96
49 9.96
49.1 9.96
49.2 10.08
49.3 9.96
49.4 9.96
49.5 9.96
49.6 9.96
49.7 10.08
49.8 10.56
49.9 12.48
50 11.52
50.1 7.44
50.2 7.92
50.3 9.96
50.4 9.96
50.5 9.96
50.6 10.08
50.7 9.96
50.8 9.96
50.9 9.96
51 10.08
51.1 9.96
51.2 9.96
51.3 9.96
51.4 9.96
51.5 12.36
51.6 12.48
51.7 8.16
51.8 7.44
51.9 9.48
52 10.08
52.1 9.96
52.2 9.96
52.3 9.96
52.4 10.08
52.5 9.96
52.6 9.96
52.7 9.96
52.8 9.96
52.9 10.08
53 9.96
53.1 11.4
53.2 12.48
53.3 9.84
53.4 7.56
53.5 8.64
53.6 9.96
53.7 10.08
53.8 9.96
53.9 9.96
54 9.96
54.1 10.08
54.2 9.96
54.3 9.96
54.4 9.96
54.5 9.96
54.6 10.08
54.7 10.56
54.8 12.48
54.9 11.52
55 1.32
55.1 0
55.2 0.36
55.3 0
55.4 3.72
55.5 9.96
55.6 9.96
55.7 10.08
55.8 10.44
55.9 12.48
56 12.48
56.1 7.68
56.2 7.56
56.3 9.72
56.4 9.96
56.5 10.08
56.6 9.96
56.7 9.96
56.8 9.96
56.9 9.96
57 10.08
57.1 9.96
57.2 9.96
57.3 9.96
57.4 10.08
57.5 11.64
57.6 12.48
57.7 9.36
57.8 7.44
57.9 9
58 9.96
58.1 9.96
58.2 9.96
58.3 9.96
58.4 10.08
58.5 9.96
58.6 9.96
58.7 9.96
58.8 10.08
58.9 9.96
59 9.96
59.1 10.8
59.2 12.48
59.3 11.16
59.4 7.44
59.5 8.04
59.6 9.96
59.7 10.08
59.8 9.96
59.9 9.96
60 9.96
60.1 9.96
60.2 10.08
60.3 9.96
60.4 9.96
60.5 9.96
60.6 10.08
60.7 9.96
60.8 12.36
60.9 12.48
61 7.92
61.1 7.44
61.2 9.72
61.3 9.96
61.4 9.96
61.5 9.96
61.6 10.08
61.7 9.96
61.8 9.96
61.9 9.96
62 10.08
62.1 9.96
62.2 9.96
62.3 9.96
62.4 11.64
62.5 12.48
62.6 9.48
62.7 7.56
62.8 8.76
62.9 10.08
63 9.96
63.1 9.96
63.2 9.96
63.3 9.96
63.4 10.08
63.5 9.96
63.6 9.96
63.7 9.96
63.8 10.08
63.9 9.96
64 10.68
64.1 12.48
64.2 11.28
64.3 7.44
64.4 8.04
64.5 9.96
64.6 10.08
64.7 9.96
64.8 9.96
64.9 9.96
65 9.96
65.1 10.08
65.2 9.96
65.3 9.96
65.4 9.96
65.5 10.08
65.6 9.96
65.7 12.36
65.8 12.48
65.9 3.48
66 0
66.1 0.48
66.2 0
66.3 1.08
66.4 9.96
66.5 9.96
66.6 9.96
66.7 10.08
66.8 9.96
66.9 9.96
67 9.96
67.1 9.96
67.2 12.12
67.3 12.48
67.4 9.48
67.5 7.56
67.6 8.88
67.7 9.96
67.8 9.96
67.9 10.08
68 9.96
68.1 9.96
68.2 9.96
68.3 9.96
68.4 10.08
68.5 9.96
68.6 9.96
68.7 9.96
68.8 10.8
68.9 12.48
69 11.16
69.1 7.44
69.2 8.04
69.3 10.08
69.4 9.96
69.5 9.96
69.6 9.96
69.7 9.96
69.8 10.08
69.9 9.96
70 9.96
70.1 9.96
70.2 10.08
70.3 9.96
70.4 9.96
70.5 12.36
70.6 12.48
70.7 7.92
70.8 7.56
70.9 9.6
71 9.96
71.1 10.08
71.2 9.96
71.3 9.96
71.4 9.96
71.5 9.96
71.6 10.08
71.7 9.96
71.8 9.96
71.9 9.96
72 10.08
72.1 11.52
72.2 12.48
72.3 9.6
72.4 7.44
72.5 8.88
72.6 9.96
72.7 9.96
72.8 9.96
72.9 9.96
73 10.08
73.1 9.96
73.2 9.96
73.3 9.96
73.4 10.08
73.5 9.96
73.6 9.96
73.7 10.68
73.8 12.48
73.9 11.28
74 7.56
74.1 7.92
74.2 9.96
74.3 9.96
74.4 10.08
74.5 9.96
74.6 9.96
74.7 9.96
74.8 10.08
74.9 9.96
75 9.96
75.1 9.96
75.2 9.96
75.3 10.08
75.4 12.36
75.5 12.48
75.6 7.92
75.7 7.56
75.8 9.6
75.9 9.96
76 10.08
76.1 9.96
76.2 9.96
76.3 9.96
76.4 9.96
76.5 10.08
76.6 9.96
76.7 9.96
76.8 9.96
76.9 10.08
77 11.4
77.1 12.48
77.2 9.72
77.3 1.2
77.4 0
77.5 0.36
77.6 0
77.7 4.8
77.8 9.96
77.9 9.96
78 9.96
78.1 10.08
78.2 9.96
78.3 9.96
78.4 9.96
78.5 10.32
78.6 12.48
78.7 12.6
78.8 7.92
78.9 7.44
79 9.72
79.1 9.96
79.2 9.96
79.3 10.08
79.4 9.96
79.5 9.96
79.6 9.96
79.7 9.96
79.8 10.08
79.9 9.96
80 9.96
80.1 9.96
80.2 11.52
80.3 12.48
80.4 9.72
80.5 7.44
80.6 8.76
80.7 10.08
80.8 9.96
80.9 9.96
81 9.96
81.1 9.96
81.2 10.08
81.3 9.96
81.4 9.96
81.5 9.96
81.6 10.08
81.7 9.96
81.8 10.68
81.9 12.48
82 11.28
82.1 7.56
82.2 7.92
82.3 9.96
82.4 9.96
82.5 9.96
82.6 10.08
82.7 9.96
82.8 9.96
82.9 9.96
83 10.08
83.1 9.96
83.2 9.96
83.3 9.96
83.4 9.96
83.5 12.36
83.6 12.48
83.7 8.04
83.8 7.56
83.9 9.6
84 9.96
84.1 9.96
84.2 9.96
84.3 9.96
84.4 10.08
84.5 9.96
84.6 9.96
84.7 9.96
84.8 10.08
84.9 9.96
85 9.96
85.1 11.4
85.2 12.48
85.3 9.84
85.4 7.44
85.5 8.76
85.6 9.96
85.7 9.96
85.8 10.08
85.9 9.96
86 9.96
86.1 9.96
86.2 10.08
86.3 9.96
86.4 9.96
86.5 9.96
86.6 9.96
86.7 10.68
86.8 12.48
86.9 11.52
87 7.44
87.1 7.92
87.2 9.96
87.3 9.96
87.4 10.08
87.5 9.96
87.6 9.96
87.7 9.96
87.8 9.96
87.9 10.08
88 9.96
88.1 9.96
88.2 9.96
88.3 10.08
88.4 12.24
88.5 12.48
88.6 8.04
88.7 0
88.8 0
88.9 0.36
89 0
89.1 6.84
89.2 9.96
89.3 9.96
89.4 9.96
89.5 10.08
89.6 9.96
89.7 9.96
89.8 9.96
89.9 10.8
90 12.48
90.1 12.12
90.2 7.44
90.3 7.68
90.4 9.96
90.5 9.96
90.6 9.96
90.7 9.96
90.8 10.08
90.9 9.96
91 9.96
91.1 9.96
91.2 10.08
91.3 9.96
91.4 9.96
91.5 9.96
91.6 12
91.7 12.48
91.8 8.76
91.9 7.44
92 9.24
92.1 10.08
92.2 9.96
92.3 9.96
92.4 9.96
92.5 9.96
92.6 10.08
92.7 9.96
92.8 9.96
92.9 9.96
93 10.08
93.1 9.96
93.2 11.04
93.3 12.48
93.4 10.56
93.5 7.44
93.6 8.4
93.7 9.96
93.8 9.96
93.9 9.96
94 10.08
94.1 9.96
94.2 9.96
94.3 9.96
94.4 10.08
94.5 9.96
94.6 9.96
94.7 9.96
94.8 10.32
94.9 12.48
95 12.12
95.1 7.56
95.2 7.44
95.3 10.08
95.4 9.96
95.5 9.96
95.6 9.96
95.7 9.96
95.8 10.08
95.9 9.96
96 9.96
96.1 9.96
96.2 10.08
96.3 9.96
96.4 9.96
96.5 11.88
96.6 12.48
96.7 8.88
96.8 7.56
96.9 9.12
97 9.96
97.1 9.96
97.2 10.08
97.3 9.96
97.4 9.96
97.5 9.96
97.6 10.08
97.7 9.96
97.8 9.96
97.9 9.96
98 9.96
98.1 11.04
98.2 12.48
98.3 10.68
98.4 7.44
98.5 8.4
98.6 9.96
98.7 9.96
98.8 9.96
98.9 10.08
99 9.96
99.1 9.96
99.2 9.96
99.3 10.08
99.4 9.96
99.5 9.96
99.6 9.96
99.7 10.2
99.8 12.48
99.9 12.36
100 5.04
