0.200111 10
0.401609 11
0.404013 13
0.406416 15
0.408819 17
0.411222 19
0.603103 21
0.605506 23
0.60791 25
0.610313 27
0.612716 29
0.615119 31
0.617522 33
0.619926 35
0.622329 37
0.804597 39
0.807 41
0.809403 43
0.811807 45
0.81421 47
0.816613 49
0.819016 51
0.821419 53
0.823823 55
0.826226 57
0.828629 59
0.831032 61
0.833435 63
0.835839 65
0.838242 67
0.840645 69
0.843048 71
0.845451 73
1.00609 75
1.00849 77
1.0109 79
1.0133 81
1.0157 83
1.01811 85
1.02051 87
1.02291 89
1.02532 91
1.02772 93
1.03012 95
1.03253 97
1.03493 99
1.03733 101
1.03974 103
1.04214 105
1.04454 107
1.04695 109
1.04935 111
1.05175 113
1.05415 115
1.05656 117
1.05896 119
1.06136 121
1.06377 123
1.06617 125
1.06857 127
1.07098 129
1.07338 131
1.07578 133
1.07819 135
1.08059 137
1.08299 139
1.0854 141
1.0878 143
1.0902 145
1.20758 147
1.20999 149
1.21239 151
1.21479 153
1.2172 155
1.2196 157
1.222 159
1.22441 161
1.22681 163
1.22921 165
1.23162 167
1.23402 169
1.23642 171
1.23883 173
1.24123 175
1.24363 177
1.24604 179
1.24844 181
1.25084 183
1.25325 185
1.25565 187
1.25805 189
1.26045 191
1.26286 193
1.26526 195
1.26766 197
1.27007 199
1.27247 201
1.27487 203
1.27728 205
1.27968 207
1.28208 209
1.28449 211
1.28689 213
1.28929 215
1.2917 217
1.2941 219
1.2965 221
1.29891 223
1.30131 225
1.30371 227
1.30612 229
1.30852 231
1.31092 233
1.31333 235
1.31573 237
1.31813 239
1.32053 241
1.32294 243
1.32534 245
1.32774 247
1.33015 249
1.33255 251
1.33495 253
1.33736 255
1.33976 257
1.34216 259
1.34457 261
1.34697 263
1.34937 265
1.35178 267
1.35418 269
1.35658 271
1.35899 273
1.36139 275
1.36379 277
1.3662 279
1.3686 281
1.371 283
1.37341 285
1.37581 287
1.37821 289
1.40908 291
1.41148 293
1.41388 295
1.41629 297
1.41869 299
1.42109 301
1.4235 303
1.4259 305
1.4283 307
1.43071 309
1.43311 311
1.43551 313
1.43792 315
1.44032 317
1.44272 319
1.44513 321
1.44753 323
1.44993 325
1.45234 327
1.45474 329
1.45714 331
1.45955 333
1.46195 335
1.46435 337
1.46676 339
1.46916 341
1.47156 343
1.47396 345
1.47637 347
1.47877 349
1.48117 351
1.48358 353
1.48598 355
1.48838 357
1.49079 359
1.49319 361
1.49559 363
1.498 365
1.5004 367
1.5028 369
1.50521 371
1.50761 373
1.51001 375
1.51242 377
1.51482 379
1.51722 381
1.51963 383
1.52203 385
1.52443 387
1.52684 389
1.52924 391
1.53164 393
1.53404 395
1.53645 397
1.53885 399
1.54125 401
1.54366 403
1.54606 405
1.54846 407
1.55087 409
1.55327 411
1.55567 413
1.55808 415
1.56048 417
1.56288 419
1.56529 421
1.56769 423
1.57009 425
1.5725 427
1.5749 429
1.5773 431
1.57971 433
1.58211 435
1.58451 437
1.58692 439
1.58932 441
1.59172 443
1.59412 445
1.59653 447
1.59893 449
1.60133 451
1.60374 453
1.60614 455
1.60854 457
1.61095 459
1.61335 461
1.61575 463
1.61816 465
1.62056 467
1.62296 469
1.62537 471
1.62777 473
1.63017 475
1.63258 477
1.63498 479
1.63738 481
1.63979 483
1.64219 485
1.64459 487
1.647 489
1.6494 491
1.6518 493
1.6542 495
1.65661 497
1.65901 499
1.66141 501
1.66382 503
1.66622 505
1.66862 507
1.67103 509
1.67343 511
1.67583 513
1.67824 515
1.68064 517
1.68304 519
1.68545 521
1.68785 523
1.69025 525
1.69266 527
1.69506 529
1.69746 531
1.69987 533
1.70227 535
1.70467 537
1.70708 539
1.70948 541
1.71188 543
1.71428 545
1.71669 547
1.71909 549
1.72149 551
1.7239 553
1.7263 555
1.7287 557
1.73111 559
1.73351 561
1.73591 563
1.73832 565
1.74072 567
1.74312 569
1.74553 571
1.74793 573
1.75033 575
1.75274 577
1.75514 579
1.75754 581
1.75995 583
1.76235 585
1.76475 587
1.76716 589
1.76956 591
1.77196 593
1.77436 595
1.77677 597
1.77917 599
1.78157 601
1.78398 603
1.78638 605
1.78878 607
1.79119 609
1.79359 611
1.79599 613
1.7984 615
1.8008 617
1.8032 619
1.80561 621
1.80801 623
1.81041 625
1.81282 627
1.81522 629
1.81762 631
1.82003 633
1.82243 635
1.82483 637
1.82724 639
1.82964 641
1.83204 643
1.83444 645
1.83685 647
1.83925 649
1.84165 651
1.84406 653
1.84646 655
1.84886 657
1.85127 659
1.85367 661
1.85607 663
1.85848 665
1.86088 667
1.86328 669
1.86569 671
1.86809 673
1.87049 675
1.8729 677
1.8753 679
1.8777 681
1.88011 683
1.88251 685
1.88491 687
1.88732 689
1.88972 691
1.89212 693
1.89452 695
1.89693 697
1.89933 699
1.90173 701
1.90414 703
1.90654 705
1.90894 707
1.91135 709
1.91375 711
1.91615 713
1.91856 715
1.92096 717
1.92336 719
1.92577 721
1.92817 723
1.93057 725
1.93298 727
1.93538 729
1.93778 731
1.94019 733
1.94259 735
1.94499 737
1.9474 739
1.9498 741
1.9522 743
1.9546 745
1.95701 747
1.95941 749
1.96181 751
1.96422 753
1.96662 755
1.96902 757
1.97143 759
1.97383 761
1.97623 763
1.97864 765
1.98104 767
1.98344 769
1.98585 771
1.98825 773
1.99065 775
1.99306 777
1.99546 779
1.99786 781
2.00027 783
2.00267 785
2.00507 787
2.00748 789
2.00988 791
2.01228 793
2.01468 795
2.01709 797
2.01949 799
2.02189 801
2.0243 803
2.0267 805
2.0291 807
2.03151 809
2.03391 811
2.03631 813
2.03872 815
2.04112 817
2.04352 819
2.04593 821
2.04833 823
2.05073 825
2.05314 827
2.05554 829
2.05794 831
2.06035 833
2.06275 835
2.06515 837
2.06756 839
2.06996 841
2.07236 843
2.07476 845
2.07717 847
2.07957 849
2.08197 851
2.08438 853
2.08678 855
2.08918 857
2.0928 856
2.09401 855.395
2.09521 853.093
2.09642 852
2.09762 849
2.09882 848
2.10002 845
2.10122 844
2.10242 841
2.10363 840.204
2.10483 837
2.10603 836
2.10723 833
2.10843 832
2.10963 829
2.11084 828
2.11204 825.316
2.11324 824
2.11444 821
2.11564 820.023
2.11684 817
2.11805 816
2.11925 813
2.12045 812
2.12165 809
2.12285 808
2.12405 805.135
2.12525 804
2.12646 801
2.12766 800
2.12886 797
2.13006 796
2.13126 793
2.13246 792.247
2.13367 789
2.13487 788
2.13607 785
2.13727 784
2.13847 781
2.13967 780
2.14088 777.359
2.14208 776
2.14328 773
2.14448 772.066
2.14568 769
2.14688 768
2.14809 765
2.14929 764
2.15049 761
2.15289 757.178
2.15409 756
2.15529 753
2.1565 752
2.1577 749
2.1589 748
2.1601 745
2.1613 744.29
2.1625 741
2.16371 740
2.16491 737
2.16611 736
2.16731 733
2.16851 732
2.16971 729
2.17092 728
2.17212 725
2.17332 724.109
2.17452 721
2.17572 720
2.17692 717
2.17813 716
2.17933 713
2.18053 712
2.18173 709.221
2.18293 708
2.18413 705
2.18533 704
2.18654 701
2.18774 700
2.18894 697
2.19014 696.333
2.19134 693
2.19254 692
2.19375 689.041
2.19495 688
2.19615 685
2.19735 684
2.19855 681
2.19975 680
2.20096 677
2.20216 676.153
2.20336 673
2.20456 672
2.20576 669
2.20696 668
2.20817 665
2.20937 664
2.21057 661.265
2.21177 660
2.21297 657
2.21417 656
2.21537 653
2.21658 652
2.21778 649
2.21898 648.376
2.22018 645
2.22138 644
2.22258 641.084
2.22379 640
2.22499 637
2.22619 636
2.22739 633
2.22859 632
2.22979 629
2.231 628.195
2.2322 625
2.2334 624
2.2346 621
2.2358 620
2.237 617
2.23821 616
2.23941 613.307
2.24061 612
2.24181 609
2.24301 608.015
2.24421 605
2.24541 604
2.24662 601
2.24782 600
2.24902 598
2.25142 596
2.25383 594
2.25623 592
2.25863 590
2.26104 588
2.26344 586
2.26584 584
2.26825 582
2.27065 580
2.27305 578
2.27545 576
2.27786 574
2.28026 572
2.28266 570
2.28507 568
2.28747 566
2.28987 564
2.29228 562
2.29468 560
2.29708 558
2.29949 556
2.30189 554
2.30429 552
2.3067 550
2.3091 548
2.3115 546
2.31391 544
2.31631 542
2.31871 540
2.32112 538
2.32352 536
2.32592 534
2.32833 532
2.33073 530
2.33313 528
2.33553 526
2.33794 524
2.34034 522
2.34274 520
2.34515 518
2.34755 516
2.34995 514
2.35236 512
2.35476 510
2.35716 508
2.35957 506
2.36197 504
2.36437 502
2.36678 500
2.36918 498
2.37158 496
2.37399 494
2.37639 492
2.37879 490
2.3812 488
2.3836 486
2.386 484
2.38841 482
2.39081 480
2.39321 478
2.39561 476
2.39802 474
2.40042 472
2.40282 470
2.40523 468
2.40763 466
2.41003 464
2.41244 462
2.41484 460
2.41724 458
2.41965 456
2.42205 454
2.42445 452
2.42686 450
2.42926 448
2.43166 446
2.43407 444
2.43647 442
2.43887 440
2.44128 438
2.44368 436
2.44608 434
2.44849 432
2.45089 430
2.45329 428
2.45569 426
2.4581 424
2.4605 422
2.4629 420
2.46531 418
2.46771 416
2.47011 414
2.47252 412
2.47492 410
2.47732 408
2.47973 406
2.48213 404
2.48453 402
2.48694 400
2.48934 398
2.49174 396
2.49415 394
2.49655 392
2.49895 390
2.50136 388
2.50376 386
2.50616 384
2.50857 382
2.51097 380
2.51337 378
2.51577 376
2.51818 374
2.52058 372
2.52298 370
2.52539 368
2.52779 366
2.53019 364
2.5326 362
2.535 360
2.5374 358
2.53981 356
2.54221 354
2.54461 352
2.54702 350
2.54942 348
2.55182 346
2.55423 344
2.55663 342
2.55903 340
2.56144 338
2.56384 336
2.56624 334
2.56865 332
2.57105 330
2.57345 328
2.57585 326
2.57826 324
2.58066 322
2.58306 320
2.58547 318
2.58787 316
2.59027 314
2.59268 312
2.59508 310
2.59748 308
2.59989 306
2.60229 304
2.60469 302
2.6071 431
2.6083 432
2.6095 431
2.6107 432
2.6119 431
2.6131 432
2.61431 431
2.61551 432
2.61671 431
2.61791 432
2.61911 431
2.62031 432
2.62152 431
2.62272 432
2.62392 431
2.62512 432
2.62632 431
2.62752 432
2.62873 431
2.62993 432
2.63113 431
2.63233 432
2.63353 431
2.63473 432
2.63593 431
2.63714 432
2.63834 431
2.63954 432
2.64074 431
2.64194 432
2.64314 431
2.64435 432
2.64555 431
2.64675 432
2.64795 431
2.64915 432
2.65035 431
2.65156 432
2.65276 431
2.65396 432
2.65516 431
2.65636 432
2.65756 431
2.65877 432
2.65997 431
2.66117 432
2.66237 431
2.66357 432
2.66477 431
2.66597 432
2.66718 431
2.66838 432
2.66958 431
2.67078 432
2.67198 431
2.67318 432
2.67439 431
2.67559 432
2.67679 431
2.67799 432
2.67919 431
2.68039 432
2.6816 431
2.6828 432
2.684 431
2.6852 432
2.6864 431
2.6876 432
2.68881 431
2.69001 432
2.69121 431
2.69241 432
2.69361 431
2.69481 432
2.69601 431
2.69722 432
2.69842 431
2.69962 432
2.70082 431
2.70202 432
2.70322 431
2.70443 432
2.70563 431
2.70683 432
2.70803 431
2.70923 432
2.71043 431
2.71164 432
2.71284 431
2.71404 432
2.71524 431
2.71644 432
2.71764 431
2.71885 432
2.72005 431
2.72125 432
2.72245 431
2.72365 432
2.72485 431
2.72605 432
2.72726 431
2.72846 432
2.72966 431
2.73086 432
2.73206 431
2.73326 432
2.73447 431
2.73567 432
2.73687 431
2.73807 432
2.73927 431
2.74047 432
2.74168 431
2.74288 432
2.74408 431
2.74528 432
2.74648 431
2.74768 432
2.74889 431
2.75009 432
2.75129 431
2.75249 432
2.75369 431
2.75489 432
2.75609 431
2.7573 432
2.7585 431
2.7597 432
2.7609 431
2.7621 432
2.7633 431
2.76451 432
2.76571 431
2.76691 432
2.76811 431
2.76931 432
2.77051 431
2.77172 432
2.77292 431
2.77412 432
2.77532 431
2.77652 432
2.77772 431
2.77893 432
2.78013 431
2.78133 432
2.78253 431
2.78373 432
2.78493 431
2.78613 432
2.78734 431
2.78854 432
2.78974 431
2.79094 432
2.79214 431
2.79334 432
2.79455 431
2.79575 432
2.79695 431
2.79815 432
2.79935 431
2.80055 432
2.80176 431
2.80296 432
2.80416 431
2.80536 432
2.80656 431
2.80776 432
2.80897 431
2.81017 432
2.81137 431
2.81257 432
2.81377 431
2.81497 432
2.81617 431
2.81738 432
2.81858 431
2.81978 432
2.82098 431
2.82218 432
2.82338 431
2.82459 432
2.82579 431
2.82699 432
2.82819 431
2.82939 432
2.83059 431
2.8318 432
2.833 431
2.8342 432
2.8354 431
2.8366 432
2.8378 431
2.83901 432
2.84021 431
2.84141 432
2.84261 431
2.84381 432
2.84501 431
2.84621 432
2.84742 431
2.84862 432
2.84982 431
2.85102 432
2.85222 431
2.85342 432
2.85463 431
2.85583 432
2.85703 431
2.85823 432
2.85943 431
2.86063 432
2.86184 431
2.86304 432
2.86424 431
2.86544 432
2.86664 431
2.86784 432
2.86905 431
2.87025 432
2.87145 431
2.87265 432
2.87385 431
2.87505 432
2.87625 431
2.87746 432
2.87866 431
2.87986 432
2.88106 431
2.88226 432
2.88346 431
2.88467 432
2.88587 431
2.88707 432
2.88827 431
2.88947 432
2.89067 431
2.89188 432
2.89308 431
2.89428 432
2.89548 431
2.89668 432
2.89788 431
2.89909 432
2.90029 431
2.90149 432
2.90269 431
2.90389 432
2.90509 431
2.90629 432
2.9075 431
2.9087 432
2.9099 431
2.9111 432
2.9123 431
2.9135 432
2.91471 431
2.91591 432
2.91711 431
2.91831 432
2.91951 431
2.92071 432
2.92192 431
2.92312 432
2.92432 431
2.92552 432
2.92672 431
2.92792 432
2.92913 431
2.93033 432
2.93153 431
2.93273 432
2.93393 431
2.93513 432
2.93633 431
2.93754 432
2.93874 431
2.93994 432
2.94114 431
2.94234 432
2.94354 431
2.94475 432
2.94595 431
2.94715 432
2.94835 431
2.94955 432
2.95075 431
2.95196 432
2.95316 431
2.95436 432
2.95556 431
2.95676 432
2.95796 431
2.95917 432
2.96037 431
2.96157 432
2.96277 431
2.96397 432
2.96517 431
2.96637 432
2.96758 431
2.96878 432
2.96998 431
2.97118 432
2.97238 431
2.97358 432
2.97479 431
2.97599 432
2.97719 431
2.97839 432
2.97959 431
2.98079 432
2.982 431
2.9832 432
2.9844 431
2.9856 432
2.9868 431
2.988 432
2.98921 431
2.99041 432
2.99161 431
2.99281 432
2.99401 431
2.99521 432
2.99641 431
2.99762 432
2.99882 431
3.00002 432
3.00122 431
3.00242 432
3.00362 431
3.00483 432
3.00603 431
3.00723 432
3.00843 431
3.00963 432
3.01083 431
3.01204 432
3.01324 431
3.01444 432
3.01564 431
3.01684 432
3.01804 431
3.01925 432
3.02045 431
3.02165 432
3.02285 431
3.02405 432
3.02525 431
3.02645 432
3.02766 431
3.02886 432
3.03006 431
3.03126 432
3.03246 431
3.03366 432
3.03487 431
3.03607 432
3.03727 431
3.03847 432
3.03967 431
3.04087 432
3.04208 431
3.04328 432
3.04448 431
3.04568 432
3.04688 431
3.04808 432
3.04929 431
3.05049 432
3.05169 431
3.05289 432
3.05409 431
3.05529 432
3.05649 431
3.0577 432
3.0589 431
3.0601 432
3.0613 431
3.0625 432
3.0637 431
3.06491 432
3.06611 431
3.06731 432
3.06851 431
3.06971 432
3.07091 431
3.07212 432
3.07332 431
3.07452 432
3.07572 431
3.07692 432
3.07812 431
3.07933 432
3.08053 431
3.08173 432
3.08293 431
3.08413 432
3.08533 431
3.08653 432
3.08774 431
3.08894 432
3.09014 431
3.09134 432
3.09254 431
3.09374 432
3.09495 431
3.09615 432
3.09735 431
3.09855 432
3.09975 431
3.10095 432
3.10216 431
3.10336 432
3.10456 431
3.10576 432
3.10696 431
3.10816 432
3.10937 431
3.11057 432
3.11177 431
3.11297 432
3.11417 431
3.11537 432
3.11657 431
3.11777 432
3.11896 431
3.12016 430
3.143 428
3.6071 1
3.63446 2
3.63565 22
3.65728 23
3.65847 452
3.68251 453
3.70654 454
3.73057 455
4.73057 1
5.33381 2
5.5365 4
5.7392 6
5.7416 8
5.94189 10
5.9443 12
5.9467 14
5.9491 16
6.14459 18
6.14699 20
6.1494 22
6.1518 24
6.1542 26
6.15661 28
6.15901 30
6.16141 32
6.34729 34
6.34969 36
6.35209 38
6.3545 40
6.3569 42
6.3593 44
6.3617 46
6.36411 48
6.36651 50
6.36891 52
6.37132 54
6.37372 56
6.37612 58
6.37853 60
6.38093 62
6.38333 64
6.54998 66
6.55238 68
6.55479 70
6.55719 72
6.55959 74
6.562 76
6.5644 78
6.5668 80
6.56921 82
6.57161 84
6.57401 86
6.57642 88
6.57882 90
6.58122 92
6.58363 94
6.58603 96
6.58843 98
6.59084 100
6.59324 102
6.59564 104
6.59804 106
6.60045 108
6.60285 110
6.60525 112
6.60766 114
6.61006 116
6.61246 118
6.61487 120
6.61727 122
6.61967 124
6.62208 126
6.62448 128
6.75268 130
6.75508 132
6.75748 134
6.75989 136
6.76229 138
6.76469 140
6.7671 142
6.7695 144
6.7719 146
6.77431 148
6.77671 150
6.77911 152
6.78151 154
6.78392 156
6.78632 158
6.78872 160
6.79113 162
6.79353 164
6.79593 166
6.79834 168
6.80074 170
6.80314 172
6.80555 174
6.80795 176
6.81035 178
6.81276 180
6.81516 182
6.81756 184
6.81997 186
6.82237 188
6.82477 190
6.82718 192
6.82958 194
6.83198 196
6.83439 198
6.83679 200
6.83919 202
6.84159 204
6.844 206
6.8464 208
6.8488 210
6.85121 212
6.85361 214
6.85601 216
6.85842 218
6.86082 220
6.86322 222
6.86563 224
6.86803 226
6.87043 228
6.87284 230
6.87524 232
6.87764 234
6.88005 236
6.88245 238
6.88485 240
6.88726 242
6.88966 244
6.89206 246
6.89447 248
6.89687 250
6.89927 252
6.90167 254
6.90408 256
6.95537 258
6.95777 260
6.96018 262
6.96258 264
6.96498 266
6.96739 268
6.96979 270
6.97219 272
6.9746 274
6.977 276
6.9794 278
6.98181 280
6.98421 282
6.98661 284
6.98902 286
6.99142 288
6.99382 290
6.99623 292
6.99863 294
7.00103 296
7.00344 298
7.00584 300
7.00824 302
7.01065 304
7.01305 306
7.01545 308
7.01785 310
7.02026 312
7.02266 314
7.02506 316
7.02747 318
7.0515 319
7.07553 320
7.09956 321
7.1236 322
7.14763 323
7.17166 324
7.19569 325
7.21972 326
7.24376 327
7.26779 328
7.29182 329
7.31585 330
7.33988 331
7.36392 332
7.38795 333
7.41198 334
7.43601 335
7.46004 336
7.48408 337
7.50811 338
7.53214 339
7.55617 340
7.5802 341
7.60424 342
7.62827 343
7.6523 344
7.67633 345
7.70036 346
7.7244 347
7.74843 348
7.77246 349
7.79649 350
7.82052 351
7.84456 352
7.86859 353
7.89262 354
7.91665 355
7.94068 356
7.96472 357
7.98875 358
8.01278 359
8.03681 360
8.06084 361
8.08488 362
8.10891 363
8.13294 364
8.15697 365
8.181 366
8.20504 367
8.22907 368
8.2531 369
8.27713 370
8.30116 371
8.3252 372
8.34923 373
8.37326 374
8.39729 375
8.42132 376
8.44536 377
8.46939 378
8.49342 379
8.51745 380
8.54148 381
8.56552 382
8.58955 383
8.61358 384
8.63761 385
8.66164 386
8.68568 387
8.70971 388
8.73374 389
8.75777 390
8.7818 391
8.80584 392
8.82987 393
8.8539 394
8.87793 395
8.90196 396
8.926 397
8.95003 398
8.97406 399
8.99809 400
9.02212 401
9.04616 402
9.07019 403
9.09422 404
9.11825 405
9.14228 406
9.16632 407
9.19035 408
9.21438 409
9.23841 410
9.26244 411
9.28648 412
9.31051 413
9.33454 414
9.35857 415
9.3826 416
9.40664 417
9.43067 418
9.4547 419
9.47873 420
9.50276 421
9.5268 422
9.55083 423
9.57486 424
9.59889 425
9.62292 426
9.64696 427
9.67099 428
9.69502 429
9.71905 430
9.74308 431
9.76712 432
9.79115 433
9.81518 434
9.83921 435
9.86324 436
9.88728 437
9.91131 438
9.93534 439
9.95937 440
9.9834 441
10.0074 442
10.0315 443
10.0555 444
10.0795 445
10.1036 446
10.1276 447
10.1516 448
10.1757 449
10.1997 450
10.2129 449
10.2141 448.394
10.2153 448.091
10.2165 447.788
10.2177 447.485
10.2189 447.182
10.2201 446
10.2213 445
10.2225 444
10.2237 443
10.2249 442
10.2261 441
10.2273 440.528
10.2285 439
10.2297 438
10.2309 437
10.2321 436
10.2333 435
10.2346 434.177
10.2358 433
10.237 431
10.2382 430
10.2394 429
10.2406 428
10.2418 427
10.243 426.524
10.2442 425
10.2454 424
10.2466 423
10.2478 422
10.249 421
10.2502 420.173
10.2514 419
10.2526 418
10.2538 417
10.255 416
10.2562 415
10.2574 414
10.2586 413.52
10.2598 412
10.261 410
10.2622 409
10.2634 408
10.2646 407
10.2658 406.169
10.267 405
10.2682 404
10.2694 403
10.2706 402
10.2718 401
10.273 400
10.2742 399.516
10.2754 398
10.2766 397
10.2778 396
10.279 395
10.2802 394
10.2814 393.165
10.2826 392
10.2838 389
10.285 388
10.2862 387
10.2874 386
10.2886 385
10.2898 384.512
10.291 383
10.2922 382
10.2934 381
10.2946 380
10.2958 379
10.297 378.161
10.2982 377
10.2994 376
10.3006 375
10.3019 374
10.3031 373
10.3043 372
10.3055 371.508
10.3067 370
10.3079 369
10.3091 368
10.3103 367
10.3115 366
10.3127 365.157
10.3139 364
10.3151 363
10.3163 362
10.3175 361
10.3187 360
10.3199 359
10.3211 358.503
10.3223 357
10.3235 356
10.3247 355
10.3259 354
10.3271 353
10.3283 352.153
10.3295 351
10.3307 350
10.3319 349
10.3331 347
10.3343 346
10.3355 345
10.3367 344.499
10.3379 343
10.3391 342
10.3403 341
10.3415 340
10.3427 339
10.3439 338.148
10.3451 337
10.3463 336
10.3475 335
10.3487 334
10.3499 333
10.3511 332
10.3523 331.495
10.3535 330
10.3547 329
10.3559 328
10.3571 326
10.3583 325
10.3595 324.144
10.3607 323
10.3619 322
10.3631 321
10.3643 320
10.3655 319
10.3667 318
10.3679 317.491
10.3691 316
10.3703 315
10.3812 314
10.4052 313
10.4292 312
10.4533 311
10.4773 310
10.5013 309
10.5253 308
10.5494 307
10.5734 306
10.5974 305
10.6215 304
10.6455 303
10.6695 302
10.6936 301
10.7176 300
10.7272 315
11.0781 316
11.0805 317
11.0829 318
11.0853 319
11.0877 320
11.0901 321
11.0925 322
11.0949 323
11.1261 324
11.1718 325
11.2102 326
11.2463 327
11.2823 328
11.3136 329
11.3472 330
11.3737 331
11.4049 332
11.4313 333
11.4602 334
11.4866 335
11.513 336
11.5395 337
11.5659 338
11.5923 339
11.6188 340
11.6428 341
11.6692 342
11.6933 343
11.7197 344
11.7437 345
11.7702 346
11.7918 347
11.8158 348
11.8399 349
11.8639 350
11.8879 351
11.912 352
11.936 353
11.96 354
11.9841 355
12.0081 356
12.0321 357
12.0586 358
12.0826 359
12.109 360
12.1331 361
12.1595 362
12.1835 363
12.21 364
12.2364 365
12.2604 366
12.2869 367
12.3133 368
12.3421 369
12.3686 370
12.3974 371
12.4239 372
12.4527 373
12.4791 374
12.508 375
12.5344 376
12.5632 377
12.5897 378
12.6185 379
12.6449 380
12.6738 381
12.7002 382
12.7315 383
12.7579 384
12.7891 385
12.818 386
12.8492 387
12.8781 388
12.9093 389
12.9381 390
12.9694 391
13.003 392
13.0343 393
13.0679 394
13.1016 395
13.1352 396
13.1688 397
13.2025 398
13.2361 399
13.2698 400
13.3058 401
13.3419 402
13.3779 403
13.4164 404
13.4524 405
13.4909 406
13.5269 407
13.5654 408
13.6062 409
13.6471 410
13.6879 411
13.7288 412
13.7696 413
13.8105 414
13.8538 415
13.8994 416
13.9427 417
13.9883 418
14.034 419
14.0821 420
14.1325 421
14.183 422
14.2335 423
14.2839 424
14.3392 425
14.3921 426
14.4473 427
14.505 428
14.5603 429
14.6252 430
14.6877 431
14.7526 432
14.8174 433
14.8895 434
14.964 435
15.0385 436
15.0782 435
15.0794 434.393
15.0806 434.089
15.0818 433.786
15.083 433.482
15.0842 433.178
15.0854 432
15.0866 431
15.0878 430
15.089 429
15.0902 428
15.0914 427
15.0926 426.376
15.0938 425
15.095 424
15.0962 423
15.0974 422
15.0986 421
15.0998 420
15.101 419.574
15.1022 418
15.1034 417
15.1046 416
15.1058 415
15.107 414
15.1082 413.075
15.1094 412
15.1106 411
15.1118 410
15.113 409
15.1142 408
15.1154 407
15.1166 406.273
15.1178 405
15.119 404
15.1203 403
15.1215 402
15.1227 401
15.1239 400
15.1251 399.47
15.1263 398
15.1275 397
15.1287 396
15.1299 395
15.1311 394
15.1323 393
15.1335 392.668
15.1347 391
15.1359 390
15.1371 389
15.1383 388
15.1395 387
15.1407 386.169
15.1419 385
15.1431 383
15.1443 382
15.1455 381
15.1467 380
15.1479 379
15.1491 378.367
15.1503 377
15.1515 376
15.1527 375
15.1539 374
15.1551 373
15.1563 372
15.1575 371.564
15.1587 370
15.1599 369
15.1611 368
15.1623 367
15.1635 366
15.1647 365.066
15.1659 364
15.1671 363
15.1683 362
15.1695 361
15.1707 360
15.1719 359
15.1731 358.263
15.1743 357
15.1755 356
15.1767 355
15.1779 354
15.1791 353
15.1803 352
15.1815 351.461
15.1827 350
15.1839 349
15.1851 348
15.1863 347
15.1875 346
15.1888 345
15.19 344.659
15.1912 343
15.1924 342
15.1936 341
15.1948 340
15.196 339
15.1972 338.16
15.1984 337
15.1996 336
15.2008 335
15.202 334
15.2032 333
15.2044 332
15.2056 330.358
15.2068 329
15.208 328
15.2092 327
15.2104 326
15.2116 325
15.2128 324
15.214 323.555
15.2152 322
15.2164 321
15.2176 320
15.2188 319
15.22 318
15.2212 317.057
15.2224 316
15.2236 315
15.2248 314
15.226 313
15.2272 312
15.2284 311
15.2296 310.254
15.2308 309
15.232 308
15.2332 307
15.2344 306
15.2356 305
15.2705 304
15.3005 303
15.4074 302
15.4819 301
15.5564 300
15.5925 305
15.9169 306
15.9193 307
15.9217 308
15.9241 309
15.9265 310
15.9433 311
16.0178 312
16.0803 313
16.1332 314
16.1861 315
16.2317 316
16.2798 317
16.3254 318
16.3711 319
16.4096 320
16.4528 321
16.4937 322
16.5369 323
16.5778 324
16.621 325
16.6643 326
16.7076 327
16.7508 328
16.7941 329
16.8373 330
16.8806 331
16.9238 332
16.9671 333
17.0128 334
17.056 335
17.1017 336
17.1449 337
17.1954 338
17.2411 339
17.2915 340
17.342 341
17.3925 342
17.4429 343
17.4934 344
17.5439 345
17.604 346
17.6616 347
17.7217 348
17.7794 349
17.8395 350
17.8995 351
17.9692 352
18.0389 353
18.1086 354
18.1783 355
18.2504 356
18.3345 357
18.421 358
18.5052 359
18.5917 360
18.6974 361
18.7863 362
18.8945 363
19.0098 364
19.1468 365
19.2934 366
19.4544 367
19.6587 368
19.8798 369
20.3244 370
22.5209 371
22.8742 372
23.1217 373
23.3188 374
23.4846 375
23.6288 376
23.7585 377
23.9148 378
24.1407 379
24.2921 380
24.4338 381
24.5204 382
24.6357 383
24.727 384
24.8184 385
24.9073 386
24.9722 387
25.0491 388
25.126 389
25.1909 390
25.2581 391
25.323 392
25.3831 393
25.4408 394
25.5009 395
25.5585 396
25.6114 397
25.6643 398
25.7172 399
25.7652 400
25.8133 401
25.8613 402
25.9094 403
25.9551 404
25.9959 405
26.0392 406
26.0824 407
26.1257 408
26.1666 409
26.2074 410
26.2483 411
26.2891 412
26.3276 413
26.3636 414
26.4021 415
26.4381 416
26.4766 417
26.5078 418
26.5439 419
26.5775 420
26.6135 421
26.6472 422
26.6808 423
26.7145 424
26.7481 425
26.7818 426
26.813 427
26.8443 428
26.8755 429
26.9067 430
26.938 431
26.9668 432
26.9981 433
27.0269 434
27.0581 435
27.087 436
27.1158 437
27.1447 438
27.1735 439
27.1999 440
27.2288 441
27.2552 442
27.284 443
27.3105 444
27.3369 445
27.3633 446
27.3898 447
27.3934 446
27.3946 445.39
27.3958 445.085
27.397 444.78
27.3982 444.474
27.3994 444.17
27.4006 443
27.4018 442
27.403 441
27.4042 440
27.4054 439
27.4066 438
27.4078 437.472
27.409 436
27.4102 435
27.4114 434
27.4126 433
27.4138 432
27.415 431.079
27.4162 430
27.4174 429
27.4186 428
27.4198 427
27.421 426
27.4222 425
27.4234 424.381
27.4246 422
27.4258 421
27.427 420
27.4282 419
27.4294 418
27.4307 417
27.4319 416
27.4331 415
27.4343 414
27.4355 413
27.4367 412
27.4379 411
27.4391 410.289
27.4403 409
27.4415 408
27.4427 407
27.4439 406
27.4451 405
27.4463 404
27.4475 403
27.4487 402
27.4499 401
27.4511 400
27.4523 399
27.4535 398
27.4547 397.198
27.4559 395
27.4571 394
27.4583 393
27.4595 392
27.4607 391
27.4619 390
27.4631 389.5
27.4643 388
27.4655 387
27.4667 386
27.4679 385
27.4691 384
27.4703 383.107
27.4715 382
27.4727 381
27.4739 380
27.4751 379
27.4763 378
27.4775 377
27.4787 376.41
27.4799 375
27.4811 374
27.4823 373
27.4835 372
27.4847 370
27.4859 369.017
27.4871 368
27.4883 367
27.4895 366
27.4907 365
27.4919 364
27.4931 363
27.4943 362.318
27.4955 361
27.4967 360
27.4979 359
27.4991 358
27.5004 357
27.5016 356
27.5028 355
27.504 354
27.5052 353
27.5064 352
27.5076 351
27.5088 350
27.51 349.227
27.5112 348
27.5124 347
27.5136 346
27.5148 345
27.516 343
27.5172 342
27.5184 341.529
27.5196 340
27.5208 339
27.522 338
27.5232 337
27.5244 336
27.5256 335.136
27.5268 334
27.528 333
27.5292 332
27.5304 331
27.5316 330
27.5328 329
27.534 328.438
27.5352 327
27.5364 326
27.5376 325
27.5388 324
27.54 323
27.5412 322.045
27.5424 321
27.5436 320
27.5448 318
27.546 317
27.5472 316
27.5484 315
27.5496 314.347
27.5508 313
27.552 312
27.5761 311
27.6049 310
27.6337 309
27.6626 308
27.6914 307
27.7178 306
27.7467 305
27.7731 304
27.802 303
27.8284 302
27.8548 301
27.8813 300
27.9077 312
27.9089 311
27.9125 312
28.2826 313
28.285 314
28.2874 315
28.2898 316
28.2922 317
28.2946 318
28.297 319
28.2994 320
28.321 321
28.3691 322
28.4099 323
28.4484 324
28.4844 325
28.5157 326
28.5493 327
28.5782 328
28.6094 329
28.6358 330
28.6647 331
28.6911 332
28.7175 333
28.744 334
28.7704 335
28.7969 336
28.8233 337
28.8473 338
28.8738 339
28.8978 340
28.9242 341
28.9483 342
28.9747 343
28.9963 344
29.0204 345
29.0444 346
29.0684 347
29.0924 348
29.1165 349
29.1405 350
29.1645 351
29.1886 352
29.2126 353
29.2366 354
29.2607 355
29.2847 356
29.3111 357
29.3352 358
29.3616 359
29.3856 360
29.4121 361
29.4385 362
29.4649 363
29.4914 364
29.5178 365
29.5443 366
29.5707 367
29.5971 368
29.626 369
29.6524 370
29.6812 371
29.7077 372
29.7365 373
29.7629 374
29.7918 375
29.8182 376
29.8471 377
29.8735 378
29.9047 379
29.9312 380
29.9624 381
29.9912 382
30.0225 383
30.0513 384
30.0826 385
30.1114 386
30.1426 387
30.1715 388
30.2051 389
30.2364 390
30.27 391
30.3013 392
30.3349 393
30.3685 394
30.4022 395
30.4358 396
30.4719 397
30.5055 398
30.5416 399
30.5776 400
30.6137 401
30.6497 402
30.6858 403
30.7266 404
30.7627 405
30.8035 406
30.842 407
30.8828 408
30.9237 409
30.9645 410
31.0078 411
31.0535 412
31.0967 413
31.1424 414
31.1856 415
31.2313 416
31.2794 417
31.3298 418
31.3779 419
31.4284 420
31.4788 421
31.5341 422
31.5894 423
31.6446 424
31.7023 425
31.7624 426
31.8225 427
31.885 428
31.9499 429
32.0147 430
32.0868 431
32.1589 432
32.2334 433
32.3199 434
32.392 435
32.4678 434
32.469 433.392
32.4702 433.087
32.4714 432.783
32.4726 432.479
32.4738 432.174
32.475 431
32.4762 430
32.4774 429
32.4786 428
32.4798 427
32.481 426
32.4822 425.356
32.4834 424
32.4846 423
32.4858 422
32.487 421
32.4882 420
32.4894 419
32.4906 418.539
32.4918 417
32.493 416
32.4942 415
32.4954 414
32.4966 413
32.4978 412.025
32.499 411
32.5002 410
32.5014 409
32.5026 408
32.5038 407
32.505 406
32.5062 405.207
32.5074 404
32.5086 403
32.5098 402
32.511 401
32.5122 400
32.5134 399
32.5146 398.389
32.5158 397
32.517 396
32.5182 395
32.5194 394
32.5206 393
32.5218 392
32.523 391.571
32.5242 390
32.5254 389
32.5266 388
32.5278 387
32.529 386
32.5302 385.057
32.5314 384
32.5326 382
32.5338 381
32.535 380
32.5362 379
32.5375 378
32.5387 377.24
32.5399 376
32.5411 375
32.5423 374
32.5435 373
32.5447 372
32.5459 371
32.5471 370.421
32.5483 369
32.5495 368
32.5507 367
32.5519 366
32.5531 365
32.5543 364
32.5555 363.604
32.5567 362
32.5579 361
32.5591 360
32.5603 359
32.5615 358
32.5627 357.09
32.5639 356
32.5651 355
32.5663 354
32.5675 353
32.5687 352
32.5699 351
32.5711 350.272
32.5723 349
32.5735 348
32.5747 347
32.5759 346
32.5771 345
32.5783 344
32.5795 343.454
32.5807 342
32.5819 341
32.5831 340
32.5843 339
32.5855 338
32.5867 337
32.5879 336.636
32.5891 335
32.5903 334
32.5915 333
32.5927 332
32.5939 331
32.5951 330.123
32.5963 329
32.5975 328
32.5987 327
32.5999 326
32.6011 325
32.6023 324
32.6035 323.305
32.6047 321
32.6059 320
32.6072 319
32.6084 318
32.6096 317
32.6108 316
32.612 315.487
32.6132 314
32.6144 313
32.6156 312
32.6168 311
32.618 310
32.6192 309
32.6204 308.669
32.6216 307
32.6228 306
32.624 305
32.6252 304
32.6768 303
32.7513 302
32.8379 301
32.91 300
32.9821 304
33.2704 305
33.2728 306
33.2752 307
33.2776 308
33.28 309
33.2896 310
33.3641 311
33.4266 312
33.4843 313
33.5324 314
33.5852 315
33.6261 316
33.6717 317
33.7198 318
33.7607 317
33.7619 316.388
33.7631 316.081
33.7643 315.776
33.7655 315.469
33.7667 315.163
33.7679 314.856
33.7691 314.55
33.7703 314.244
33.7715 313
33.7727 312
33.7739 311
33.7751 310
33.7763 309
33.7775 308
33.7787 307
33.7799 306
33.7811 305.086
33.7823 304
33.7835 303
33.7847 302
33.7859 301
33.7871 300
33.7883 299
33.7895 298
33.7907 297
33.7919 296
33.7931 295
33.7943 294
33.7955 293
33.7967 292
33.7979 291
33.7991 290
33.8003 289
33.8015 288
33.8027 287
33.8039 286
33.8051 285
33.8063 284
33.8075 283
33.8087 282
33.8099 281
33.8111 280
33.8123 279
33.8135 278
33.8147 277.307
33.8159 276
33.8171 275
33.8183 274
33.8196 273
33.8208 272
33.822 271
33.8232 270
33.8244 269
33.8256 268.15
33.8268 267
33.828 266
33.8292 265
33.8304 264
33.8316 263
33.8328 262
33.834 261
33.8352 260
33.8364 259
33.8376 258
33.8388 257
33.84 256
33.8412 255
33.8424 254
33.8436 253
33.8448 252
33.846 251
33.8472 250
33.8484 249
33.8496 248
33.8508 247
33.852 246
33.8532 245
33.8544 244
33.8556 243
33.8568 242
33.858 241
33.8592 240.371
33.8604 239
33.8616 238
33.8628 237
33.864 236
33.8652 235
33.8664 234
33.8676 233
33.8688 232
33.87 231.213
33.8712 230
33.8724 229
33.8736 228
33.8748 227
33.876 226
33.8772 225
33.8784 224
33.8796 223
33.8808 222
34.1416 223
34.144 224
34.1464 225
34.1488 226
34.1512 227
34.1632 228
34.2545 229
34.3242 230
34.3819 231
34.4348 232
34.49 233
34.5453 234
34.6006 235
34.6462 236
34.6943 237
34.7424 238
34.788 239
34.8433 240
34.8938 241
34.9418 242
34.9995 243
35.0572 244
35.1149 245
35.1725 246
35.2326 247
35.2903 248
35.3504 249
35.4081 250
35.4681 251
35.5282 252
35.5931 253
35.6652 254
35.7397 255
35.8166 256
35.8935 257
35.9704 258
36.0473 259
36.1482 260
36.2275 261
36.3309 262
36.4366 263
36.5424 264
36.689 263
36.6902 262.384
36.6914 262.075
36.6926 261.767
36.6938 261.459
36.695 261.151
36.6962 260.843
36.6974 260.534
36.6986 260.226
36.6998 259.918
36.701 259.609
36.7022 258
36.7034 257
36.7046 256
36.7058 255
36.707 254
36.7082 253
36.7094 252
36.7106 251
36.7118 250
36.713 249
36.7142 248.517
36.7154 247
36.7166 246
36.7178 245
36.719 244
36.7202 243
36.7214 242
36.7226 241
36.7238 240
36.725 239
36.7262 238
36.7274 237.425
36.7286 236
36.7298 235
36.731 234
36.7322 233
36.7334 232
36.7346 231
36.7358 230
36.737 229
36.7382 228
36.7394 227
36.7406 226.334
36.7418 225
36.743 224
36.7442 223
36.7454 222
36.7466 221
36.7478 220
36.7491 219
36.7503 218
36.7515 217
36.7527 216
36.7539 215.242
36.7551 214
36.7563 213
36.7575 212
36.7587 211
36.7599 210
36.7611 209
36.7623 208
36.7635 207
36.7647 206
36.7659 205
36.7671 204.15
36.7683 203
36.7695 202
36.7707 201
36.7719 200
36.7731 199
36.7743 198
36.7755 197
36.7767 196
36.7779 195
36.7791 194
36.7803 193.058
36.7815 192
36.7827 191
36.7839 190
36.7851 189
36.7863 188
36.7875 187
36.7887 186
36.7899 185
36.7911 184
37.005 185
37.0074 186
37.0098 187
37.0122 188
37.0146 189
37.0386 190
37.0915 191
37.1732 192
37.2453 193
37.315 194
37.3655 195
37.4183 196
37.476 197
37.5361 198
37.5938 199
37.6538 200
37.7139 201
37.774 202
37.8341 203
37.8942 204
37.9542 205
38.0167 206
38.0888 207
38.1609 208
38.2426 209
38.3267 210
38.4109 211
38.495 212
38.5791 213
38.6632 214
38.7497 215
38.8386 216
38.9636 217
39.0934 218
39.2255 219
39.3553 220
39.4875 221
39.7254 222
39.8864 223
40.1556 224
41.2046 223
41.2058 222.381
41.207 222.071
41.2082 221.762
41.2094 221.452
41.2106 221.142
41.2118 220.832
41.213 220.523
41.2142 220.213
41.2154 219.903
41.2166 219.593
41.2178 219.284
41.219 218.974
41.2202 217
41.2214 216
41.2226 215
41.2238 214
41.225 213
41.2262 212
41.2274 211
41.2286 210
41.2298 209
41.231 208
41.2322 207
41.2334 206.193
41.2346 205.883
41.2358 204
41.237 203
41.2382 202
41.2394 201
41.2406 200
41.2418 199
41.243 198
41.2442 197
41.2454 196
41.2466 195
41.2478 194
41.249 193.103
41.2502 192.793
41.2514 191
41.2526 190
41.2538 189
41.2551 188
41.2563 187
41.2575 186
41.2587 185
41.2599 184
41.2611 183
41.2623 182
41.2635 181
41.2647 180.012
41.2659 179.702
41.2671 178
41.2683 177
41.2695 176
41.2707 175
41.2719 174
41.2731 173
41.2743 172
41.2755 171
41.2767 170
41.2779 169
41.2791 168
41.2803 167
41.2815 166.612
41.2827 165
41.2839 164
41.2851 163
41.2863 162
41.2875 161
41.2887 160
41.2899 159
41.2911 158
41.2923 157
41.2935 156
41.4725 157
41.4749 158
41.4773 159
41.4797 160
41.4962 161
41.4986 162
41.501 163
41.5034 164
41.5058 165
41.5178 166
41.5539 167
41.5875 168
41.6188 169
41.6812 170
41.7446 171
41.783 172
41.8455 173
41.8863 174
41.9368 175
41.9825 176
42.0209 177
42.0642 178
42.105 179
42.1483 180
42.1915 181
42.2348 182
42.2781 183
42.3213 184
42.3646 185
42.4078 186
42.4535 187
42.4968 188
42.5424 189
42.5857 190
42.6313 191
42.677 192
42.7227 193
42.7683 194
42.814 195
42.862 196
42.9077 197
42.9558 198
43.0086 199
43.0615 200
43.1216 201
43.1817 202
43.2417 203
43.3018 204
43.3619 205
43.4244 206
43.4845 207
43.547 208
43.6191 209
43.6911 210
43.7753 211
43.8594 212
43.9435 213
44.03 214
44.1141 215
44.215 216
44.3304 217
44.4602 218
44.5899 219
44.7221 220
44.8543 221
45.1018 222
45.2532 223
45.52 224
48.1683 225
48.5216 226
48.7691 227
48.9662 228
49.132 229
49.2762 230
49.406 231
49.5261 232
49.6343 233
49.7352 234
49.8289 235
49.9178 236
50.0019 237
50.0813 238
50.1582 239
50.2303 240
50.2999 241
50.4321 242
50.5499 243
50.646 244
50.7253 245
50.7926 246
50.8671 247
50.932 248
50.9849 249
51.0425 250
51.1026 251
51.1627 252
51.2132 253
51.2636 254
51.3141 255
51.3646 256
51.4126 257
51.4535 258
51.4943 259
51.54 260
51.5833 261
51.6289 262
51.6722 263
51.7106 264
51.7515 265
51.7899 266
51.8308 267
51.8692 268
51.9101 269
51.9413 270
51.975 271
52.011 272
52.0471 273
52.0831 274
52.1192 275
52.1528 276
52.1841 277
52.2177 278
52.2489 279
52.2826 280
52.3162 281
52.3499 282
52.3763 283
52.4051 284
52.4364 285
52.4652 286
52.4965 287
52.5277 288
52.559 289
52.5854 290
52.6142 291
52.6431 292
52.6719 293
52.7007 294
52.7296 295
52.756 296
52.7825 297
52.8089 298
52.8353 299
52.8642 300
52.8906 301
52.917 302
52.9411 303
52.9675 304
52.9915 305
53.018 306
53.042 307
53.0684 308
53.0901 309
53.1141 310
53.1381 311
53.1622 312
53.1862 313
53.2102 314
53.2343 315
53.2559 316
53.2799 317
53.3015 318
53.3256 319
53.3472 320
53.3712 321
53.3929 322
53.4121 323
53.4361 324
53.4578 325
53.4818 326
53.5034 327
53.525 328
53.5467 329
53.5683 330
53.5899 331
53.6116 332
53.6332 333
53.6524 334
53.674 335
53.6933 336
53.7149 337
53.7341 338
53.7557 339
53.7726 340
53.7942 341
53.8134 342
53.8351 343
53.8543 344
53.8759 345
53.8927 346
53.912 347
53.9312 348
53.9504 349
53.9696 350
53.9889 351
54.0057 352
54.0249 353
54.0441 354
54.0634 355
54.0826 356
54.1018 357
54.1186 358
54.1379 359
54.1547 360
54.1739 361
54.1907 362
54.21 363
54.2268 364
54.246 365
54.2628 366
54.282 367
54.2989 368
54.3157 369
54.3325 370
54.3493 371
54.3662 372
54.383 373
54.3998 374
54.4166 375
54.4335 376
54.4503 377
54.4671 378
54.4839 379
54.5007 380
54.5176 381
54.5344 382
54.5512 383
54.568 384
54.5849 385
54.5993 386
54.6137 387
54.6305 388
54.6449 389
54.6618 390
54.6762 391
54.693 392
54.7074 393
54.7242 394
54.7387 395
54.7555 396
54.7699 397
54.7867 398
54.8011 399
54.818 400
54.8324 401
54.8492 402
54.8636 403
54.8804 404
54.8949 405
54.9117 406
54.9261 407
54.9405 408
54.9549 409
54.9694 410
54.9838 411
54.9982 412
55.0126 413
55.027 414
55.0415 415
55.0559 416
55.0703 417
55.0847 418
55.0991 419
55.1136 420
55.128 421
55.1424 422
55.1568 423
55.1712 424
55.1857 425
55.2001 426
55.2145 427
55.2289 428
55.2433 429
55.2577 430
55.2698 431
55.2842 432
55.2986 433
55.313 434
55.3274 435
55.3395 436
55.3515 437
55.3659 438
55.3779 439
55.3923 440
55.4043 441
55.4188 442
55.4308 443
55.4452 444
55.4572 445
55.4716 446
55.4836 447
55.4981 448
55.5101 449
55.5245 450
55.5365 451
55.5509 452
55.563 453
55.5774 454
55.5894 455
55.6038 456
55.6158 457
55.6302 458
55.6423 459
55.6567 460
55.6687 461
55.6807 462
55.6927 463
55.7071 464
55.7192 465
55.7312 466
55.7432 467
55.7552 468
55.7612 467
55.7624 466.392
55.7636 466.088
55.7648 465.783
55.766 465.479
55.7672 465.175
55.7684 464
55.7696 463
55.7708 462
55.772 461
55.7732 460
55.7745 459
55.7757 457
55.7769 456
55.7781 455
55.7793 454
55.7805 453
55.7817 452
55.7829 451
55.7841 450
55.7853 449
55.7865 448
55.7877 446
55.7889 445
55.7901 444.319
55.7913 443
55.7925 442
55.7937 441
55.7949 440
55.7961 439
55.7973 438.135
55.7985 437
55.7997 436
55.8009 435
55.8021 433
55.8033 432
55.8045 431
55.8057 430
55.8069 429
55.8081 428
55.8093 427
55.8105 426
55.8117 425
55.8129 424
55.8141 423
55.8153 422
55.8165 420
55.8177 419
55.8189 418
55.8201 417.279
55.8213 416
55.8225 415
55.8237 414
55.8249 413
55.8261 412
55.8273 411.095
55.8285 410
55.8297 409
55.8309 407
55.8321 406
55.8333 405
55.8345 404
55.8357 403
55.8369 402
55.8381 401
55.8393 400
55.8405 399
55.8417 398
55.8429 397
55.8442 396
55.8454 394
55.8466 393
55.8478 392
55.849 391
55.8502 390.239
55.8514 389
55.8526 388
55.8538 387
55.855 386
55.8562 385
55.8574 383.055
55.8586 382
55.8598 381
55.861 380
55.8622 379
55.8634 378
55.8646 377
55.8658 376
55.867 375
55.8682 374
55.8694 372
55.8706 371
55.8718 370
55.873 369
55.8742 368
55.8754 367
55.8766 366
55.8778 365
55.879 364
55.8802 363.199
55.8814 362
55.8826 361
55.8838 359
55.885 358
55.8862 357
55.8874 356.015
55.8886 355
55.8898 354
55.891 353
55.8922 352
55.8934 351
55.8946 350
55.8958 348
55.897 347
55.8982 346
55.8994 345
55.9006 344
55.9018 343
55.903 342.343
55.9042 341
55.9054 340
55.9066 339
55.9078 338
55.909 337
55.9102 335.16
55.9114 334
55.9126 333
55.9138 332
55.915 331
55.9162 330
55.9174 329
55.9187 328
55.9199 327
55.9223 326
55.9367 325
55.9487 324
55.9631 323
55.9751 322
55.9895 321
56.0016 320
56.016 319
56.028 318
56.0424 317
56.0544 316
56.0689 315
56.0809 314
56.0953 313
56.1073 312
56.1217 311
56.1337 310
56.1482 309
56.1602 308
56.1746 307
56.1866 306
56.1986 305
56.2106 304
56.2251 303
56.2371 302
56.2491 301
56.2611 300
56.2731 299
56.2755 327
56.6324 328
56.6348 329
56.6372 330
56.6396 331
56.642 332
56.6444 333
56.6468 334
56.6612 335
56.7093 336
56.7453 337
56.7814 338
56.8174 339
56.8511 340
56.8823 341
56.9136 342
56.94 343
56.9688 344
56.9953 345
57.0241 346
57.0505 347
57.077 348
57.101 349
57.1274 350
57.1515 351
57.1755 352
57.1995 353
57.2236 354
57.2476 355
57.2716 356
57.2957 357
57.3221 358
57.3461 359
57.3678 360
57.3918 361
57.4158 362
57.4399 363
57.4639 364
57.4879 365
57.5119 366
57.536 367
57.56 368
57.584 369
57.6081 370
57.6321 371
57.6561 372
57.6802 373
57.7042 374
57.7282 375
57.7523 376
57.7763 377
57.8003 378
57.8244 379
57.8508 380
57.8748 381
57.9013 382
57.9277 383
57.9517 384
57.9782 385
58.0046 386
58.031 387
58.0575 388
58.0839 389
58.1103 390
58.1368 391
58.1656 392
58.1921 393
58.2209 394
58.2473 395
58.2762 396
58.3026 397
58.3314 398
58.3603 399
58.3891 400
58.4204 401
58.4492 402
58.4804 403
58.5093 404
58.5405 405
58.5694 406
58.6006 407
58.6318 408
58.6631 409
58.6943 410
58.728 411
58.7592 412
58.7929 413
58.8241 414
58.8577 415
58.8914 416
58.925 417
58.9587 418
58.9947 419
59.0284 420
59.0644 421
59.1005 422
59.1389 423
59.1774 424
59.2158 425
59.2543 426
59.2927 427
59.3312 428
59.3744 429
59.4129 430
59.4537 431
59.497 432
59.5403 433
59.5835 434
59.6292 435
59.6772 436
59.7229 437
59.771 438
59.8166 439
59.8515 438
59.8527 437.393
59.8539 437.089
59.8551 436.785
59.8563 436.481
59.8575 436.177
59.8587 435
59.8599 434
59.8611 433
59.8623 432
59.8635 431
59.8647 430
59.8659 429.405
59.8671 428
59.8683 427
59.8695 426
59.8707 425
59.8719 424
59.8731 423
59.8743 422.633
59.8755 421
59.8767 420
59.8779 419
59.8791 418
59.8803 417
59.8815 416.165
59.8827 415
59.8839 414
59.8851 413
59.8863 412
59.8875 411
59.8887 410
59.8899 409.393
59.8911 408
59.8923 406
59.8935 405
59.8947 404
59.8959 403
59.8971 402
59.8983 401.622
59.8995 400
59.9007 399
59.9019 398
59.9031 397
59.9044 396
59.9056 395.153
59.9068 394
59.908 393
59.9092 392
59.9104 391
59.9116 390
59.9128 389
59.914 388.381
59.9152 387
59.9164 386
59.9176 385
59.9188 384
59.92 383
59.9212 382
59.9224 381.609
59.9236 380
59.9248 379
59.926 378
59.9272 377
59.9284 376
59.9296 375.141
59.9308 373
59.932 372
59.9332 371
59.9344 370
59.9356 369
59.9368 368
59.938 367.369
59.9392 366
59.9404 365
59.9416 364
59.9428 363
59.944 362
59.9452 361
59.9464 360.597
59.9476 359
59.9488 358
59.95 357
59.9512 356
59.9524 355
59.9536 354.129
59.9548 353
59.956 352
59.9572 351
59.9584 350
59.9596 349
59.9608 348
59.962 347.357
59.9632 346
59.9644 345
59.9656 344
59.9668 343
59.968 342
59.9692 341
59.9704 340.585
59.9716 338
59.9728 337
59.9741 336
59.9753 335
59.9765 334
59.9777 333.117
59.9789 332
59.9801 331
59.9813 330
59.9825 329
59.9837 328
59.9849 327
59.9861 326.345
59.9873 325
59.9885 324
59.9897 323
59.9909 322
59.9921 321
59.9933 320
59.9945 319.573
59.9957 318
59.9969 317
59.9981 316
59.9993 315
60.0005 314
60.0017 313.105
60.0029 312
60.0041 311
60.0053 310
60.0065 309
60.0077 308
60.0089 307
60.0149 306
60.0582 305
60.1014 304
60.1471 303
60.1951 302
60.2408 301
60.2889 300
60.3345 299
60.3646 307
60.6938 308
60.6962 309
60.6986 310
60.701 311
60.7034 312
60.737 313
60.8115 314
60.874 315
60.9269 316
60.9774 317
61.0206 318
61.0687 319
61.1143 320
61.1528 321
61.1937 322
61.2369 323
61.2778 324
61.321 325
61.3643 326
61.4075 327
61.4508 328
61.4941 329
61.5373 330
61.5758 331
61.619 332
61.6623 333
61.7079 334
61.7512 335
61.7969 336
61.8401 337
61.8858 338
61.929 339
61.9747 340
62.0179 341
62.0636 342
62.1141 343
62.1645 344
62.215 345
62.2679 346
62.3183 347
62.3712 348
62.4217 349
62.4818 350
62.5418 351
62.6019 352
62.662 353
62.7221 354
62.787 355
62.8519 356
62.924 357
62.9936 358
63.0657 359
63.1499 360
63.2364 361
63.3229 362
63.4094 363
63.5103 364
63.6065 365
63.7146 366
63.8252 367
63.9718 368
64.1183 369
64.2673 370
64.4884 371
64.7095 372
65.1565 373
67.3338 374
67.6871 375
67.9346 376
68.1317 377
68.2975 378
68.4441 379
68.5042 378
68.5054 377.392
68.5066 377.087
68.5078 376.782
68.509 376.478
68.5102 376.173
68.5114 375.869
68.5126 374
68.5138 373
68.515 372
68.5162 371
68.5174 370
68.5186 369
68.5198 368.361
68.521 368.057
68.5222 367
68.5234 366
68.5246 365
68.5258 364
68.527 363
68.5282 362
68.5294 361
68.5306 360.244
68.5318 359
68.533 358
68.5342 357
68.5354 356
68.5366 355
68.5378 354
68.539 353
68.5402 352
68.5414 351
68.5426 350
68.5438 349
68.545 348
68.5462 347
68.5475 346
68.5487 345
68.5499 344
68.5511 343
68.5523 342
68.5535 341
68.5547 340
68.5559 339
68.5571 338
68.5583 337.113
68.5595 336
68.5607 335
68.5619 334
68.5631 333
68.5643 332
68.5655 331
68.5667 330
68.5679 329.3
68.5691 328
68.5703 327
68.5715 326
68.5727 325
68.5739 324
68.5751 323
68.5763 322
68.5775 321
68.5787 320
68.5799 319
68.5811 318
68.5823 317
68.5835 316
68.5847 315
68.5859 314
68.5871 313
68.5883 312
68.5895 311
68.5907 310
68.5919 309
68.5931 308
68.5943 307
68.5955 306.169
68.5967 305
68.5979 304
68.5991 303
68.6003 302
68.6015 301
68.6027 300
68.6039 299
68.6051 298.356
68.6063 297
68.6075 296
68.6087 295
68.6099 294
68.6111 293
68.6123 292
68.6135 291
68.6147 290
68.6159 289
68.6171 288
68.6183 287
68.6195 286
68.6207 285
68.622 284
68.6232 283.037
68.6244 282
68.6256 281
68.6268 280
68.628 279
68.6292 278
68.6304 277
68.6316 276
68.6328 275.224
68.634 274
68.6352 273
68.6364 272
68.6376 271
68.6388 270
68.64 269
68.6412 268
68.6424 267
68.6436 266
68.6448 265
68.9584 266
68.9608 267
68.9632 268
68.9656 269
68.968 270
68.9704 271
68.9728 272
68.9752 273
68.9776 274
68.98 275
68.9824 276
68.9848 277
69.0377 278
69.1026 279
69.1482 280
69.1963 281
69.2396 282
69.278 283
69.3141 284
69.3477 285
69.3814 286
69.415 287
69.4462 288
69.4775 289
69.5087 290
69.54 291
69.5664 292
69.5952 293
69.6241 294
69.6529 295
69.6818 296
69.7106 297
69.7394 298
69.7683 299
69.7971 300
69.8259 301
69.8524 302
69.8812 303
69.9077 304
69.9365 305
69.9653 306
69.9942 307
70.0206 308
70.0518 309
70.0807 310
70.1119 311
70.1408 312
70.172 313
70.2032 314
70.2345 315
70.2657 316
70.297 317
70.3282 318
70.3595 319
70.3907 320
70.4219 321
70.4532 322
70.4844 323
70.5157 324
70.5493 325
70.583 326
70.6166 327
70.6502 328
70.6863 329
70.7199 330
70.756 331
70.792 332
70.8281 333
70.8641 334
70.9002 335
70.941 336
70.9771 337
71.0155 338
71.0564 339
71.0948 340
71.1357 341
71.1765 342
71.2174 343
71.2631 344
71.3087 345
71.3544 346
71.4 347
71.4457 348
71.4914 349
71.537 350
71.5899 351
71.6404 352
71.6932 353
71.7461 354
71.799 355
71.8518 356
71.9119 357
71.9744 358
72.0345 359
72.097 360
72.1571 361
72.2291 362
72.3012 363
72.3733 364
72.4454 365
72.5175 366
72.6064 367
72.693 368
72.7819 369
72.8708 370
72.9789 371
73.0895 372
73.2024 373
73.3514 374
73.5004 375
73.6494 376
73.8753 377
74.1012 378
74.5554 379
76.6943 380
77.0476 381
77.2951 382
77.4922 383
77.658 384
77.8046 385
77.9343 386
78.1602 387
78.2612 388
78.4462 389
78.5424 390
78.6841 391
78.7755 392
78.8932 393
78.9869 394
79.0807 395
79.16 396
79.2393 397
79.3066 398
79.3739 399
79.4411 400
79.5084 401
79.5613 402
79.6214 403
79.6815 404
79.7343 405
79.7896 406
79.8425 407
79.8978 408
79.9458 409
79.9939 410
80.0419 411
80.0924 412
80.1309 413
80.1765 414
80.2198 415
80.2654 416
80.3063 417
80.3472 418
80.388 419
80.4289 420
80.4673 421
80.5058 422
80.5442 423
80.5827 424
80.6211 425
80.6548 426
80.6908 427
80.7269 428
80.7629 429
80.7966 430
80.8302 431
80.8638 432
80.8975 433
80.9311 434
80.9624 435
80.9936 436
81.0273 437
81.0585 438
81.0897 439
81.1186 440
81.1498 441
81.1787 442
81.2099 443
81.2363 444
81.2652 445
81.2808 444
81.282 443.392
81.2832 443.088
81.2844 442.783
81.2856 442.479
81.2868 442.175
81.288 441
81.2892 440
81.2904 439
81.2916 438
81.2928 437
81.294 436
81.2952 435.463
81.2964 434
81.2976 433
81.2988 432
81.3 431
81.3012 430
81.3024 429.055
81.3036 428
81.3048 427
81.306 426
81.3072 425
81.3084 424
81.3096 423
81.3108 422.342
81.3121 421
81.3133 420
81.3145 418
81.3157 417
81.3169 416
81.3181 415
81.3193 414
81.3205 413
81.3217 412
81.3229 411
81.3241 410
81.3253 409
81.3265 408.222
81.3277 407
81.3289 406
81.3301 405
81.3313 404
81.3325 403
81.3337 402
81.3349 401.509
81.3361 400
81.3373 399
81.3385 398
81.3397 397
81.3409 396
81.3421 395.101
81.3433 394
81.3445 393
81.3457 392
81.3469 391
81.3481 389
81.3493 388
81.3505 387.389
81.3517 386
81.3529 385
81.3541 384
81.3553 383
81.3565 382
81.3577 381
81.3589 380
81.3601 379
81.3613 378
81.3625 377
81.3637 376
81.3649 375
81.3661 374.268
81.3673 373
81.3685 372
81.3697 371
81.3709 370
81.3721 369
81.3733 368
81.3745 367.555
81.3757 366
81.3769 365
81.3782 364
81.3794 363
81.3806 362
81.3818 360.147
81.383 359
81.3842 358
81.3854 357
81.3866 356
81.3878 355
81.389 354
81.3902 353.435
81.3914 352
81.3926 351
81.3938 350
81.395 349
81.3962 348
81.3974 347.027
81.3986 346
81.3998 345
81.401 344
81.4022 343
81.4034 342
81.4046 341
81.4058 340.314
81.407 339
81.4082 338
81.4094 337
81.4106 336
81.4118 335
81.413 334
81.4142 333
81.4154 331
81.4166 330
81.4178 329
81.419 328
81.4202 327
81.4214 326.194
81.4226 325
81.4238 324
81.425 323
81.4262 322
81.4274 321
81.4286 320
81.4298 319.481
81.431 318
81.4322 317
81.4334 316
81.4346 315
81.4358 314
81.437 313.073
81.4382 312
81.4394 311
81.449 310
81.4803 309
81.5115 308
81.5199 307
81.5764 306
81.6077 305
81.6365 304
81.6677 303
81.6966 302
81.7278 301
81.7543 300
81.7831 299
81.7951 311
82.1423 312
82.1447 313
82.1472 314
82.1496 315
82.152 316
82.1544 317
82.1568 318
82.1592 319
82.1952 320
82.2433 321
82.2841 322
82.3226 323
82.3586 324
82.3899 325
82.4235 326
82.45 327
82.4812 328
82.5076 329
82.5365 330
82.5629 331
82.5893 332
82.6158 333
82.6422 334
82.6686 335
82.6927 336
82.7191 337
82.7431 338
82.7696 339
82.7936 340
82.82 341
82.8441 342
82.8705 343
82.8945 344
82.9186 345
82.9426 346
82.9666 347
82.9907 348
83.0147 349
83.0387 350
83.0628 351
83.0868 352
83.1132 353
83.1373 354
83.1613 355
83.1877 356
83.2118 357
83.2382 358
83.2646 359
83.2911 360
83.3175 361
83.3439 362
83.3704 363
83.3968 364
83.4233 365
83.4497 366
83.4761 367
83.5026 368
83.529 369
83.5578 370
83.5843 371
83.6131 372
83.6395 373
83.6684 374
83.6948 375
83.7237 376
83.7525 377
83.7837 378
83.8126 379
83.8438 380
83.8727 381
83.9039 382
83.9327 383
83.964 384
83.9928 385
84.0241 386
84.0553 387
84.0889 388
84.1202 389
84.1538 390
84.1851 391
84.2187 392
84.2524 393
84.286 394
84.322 395
84.3557 396
84.3917 397
84.4278 398
84.4638 399
84.4999 400
84.5359 401
84.5744 402
84.6152 403
84.6537 404
84.6945 405
84.733 406
84.7739 407
84.8147 408
84.858 409
84.9012 410
84.9469 411
84.9901 412
85.0358 413
85.0839 414
85.1295 415
85.1776 416
85.2281 417
85.2761 418
85.329 419
85.3819 420
85.4371 421
85.4924 422
85.5477 423
85.6102 424
85.6726 425
85.7375 426
85.8 427
85.8673 428
85.937 429
86.0115 430
86.0836 431
86.1701 432
86.2566 433
86.3431 434
86.4297 435
86.4549 434
86.4561 433.392
86.4573 433.087
86.4585 432.783
86.4597 432.479
86.4609 432.174
86.4621 431
86.4633 430
86.4645 429
86.4657 428
86.4669 427
86.4681 426
86.4693 425.356
86.4705 424
86.4717 423
86.4729 422
86.4741 421
86.4753 420
86.4765 419
86.4777 418.539
86.4789 417
86.4801 416
86.4813 415
86.4825 414
86.4837 413
86.4849 412.025
86.4861 411
86.4873 410
86.4885 409
86.4897 408
86.4909 407
86.4921 406
86.4933 405.207
86.4945 404
86.4958 403
86.497 402
86.4982 401
86.4994 400
86.5006 399
86.5018 398.389
86.503 397
86.5042 396
86.5054 395
86.5066 394
86.5078 393
86.509 392
86.5102 391.571
86.5114 390
86.5126 389
86.5138 388
86.515 387
86.5162 386
86.5174 385.057
86.5186 384
86.5198 383
86.521 382
86.5222 381
86.5234 380
86.5246 379
86.5258 378.24
86.527 377
86.5282 376
86.5294 374
86.5306 373
86.5318 372
86.533 371
86.5342 370.421
86.5354 368
86.5366 367
86.5378 366
86.539 365
86.5402 364
86.5414 363
86.5426 362.604
86.5438 361
86.545 360
86.5462 359
86.5474 358
86.5486 357
86.5498 356.09
86.551 355
86.5522 354
86.5534 353
86.5546 352
86.5558 351
86.557 350
86.5582 349.272
86.5595 348
86.5607 347
86.5619 346
86.5631 345
86.5643 344
86.5655 343
86.5667 342.454
86.5679 341
86.5691 340
86.5703 339
86.5715 338
86.5727 337
86.5739 336
86.5751 335.636
86.5763 334
86.5775 333
86.5787 332
86.5799 331
86.5811 330
86.5823 329.123
86.5835 328
86.5847 327
86.5859 326
86.5871 325
86.5883 324
86.5895 323
86.5907 322.305
86.5919 321
86.5931 320
86.5943 319
86.5955 318
86.5967 317
86.5979 316
86.5991 315.487
86.6003 314
86.6015 313
86.6027 312
86.6039 311
86.6051 310
86.6063 309
86.6075 308.669
86.6087 307
86.6099 306
86.6111 305
86.6123 304
86.688 303
86.7745 302
86.8611 301
86.9476 300
86.9692 304
87.308 305
87.3104 306
87.3128 307
87.3152 308
87.3176 309
87.3513 310
87.4258 311
87.4883 312
87.5411 313
87.594 314
87.6397 315
87.6877 316
87.7334 317
87.7766 318
87.8175 319
87.8608 320
87.9016 321
87.9449 322
87.9857 323
88.029 324
88.0722 325
88.1155 326
88.1588 327
88.202 328
88.2453 329
88.2885 330
88.3318 331
88.375 332
88.4183 333
88.4616 334
88.5072 335
88.5505 336
88.5961 337
88.6466 338
88.6971 339
88.7475 340
88.798 341
88.8485 342
88.8989 343
88.9494 344
89.0071 345
89.06 346
89.1176 347
89.1777 348
89.2354 349
89.2955 350
89.3652 351
89.4349 352
89.5045 353
89.5742 354
89.6439 355
89.7305 356
89.8146 357
89.9011 358
89.9852 359
90.0933 360
90.2015 361
90.3096 362
90.4178 363
90.562 364
90.7086 365
90.8527 366
91.0738 367
91.2925 368
91.7347 369
93.9216 370
94.2725 371
94.52 372
94.7171 373
94.8853 374
95.0295 375
95.1593 376
95.3155 377
95.5414 378
95.6928 379
95.8346 380
95.9211 381
96.034 382
96.1254 383
96.2167 384
96.308 385
96.3705 386
96.4474 387
96.5243 388
96.5916 389
96.6565 390
96.7238 391
96.7814 392
96.8391 393
96.8992 394
96.9569 395
97.0097 396
97.0626 397
97.1155 398
97.166 399
97.2092 400
97.2573 401
97.3053 402
97.3534 403
97.3967 404
97.4399 405
97.4832 406
97.5264 407
97.5649 408
97.6057 409
97.6466 410
97.6874 411
97.7259 412
97.7619 413
97.8004 414
97.8364 415
97.8749 416
97.9085 417
97.9446 418
97.9782 419
98.0143 420
98.0479 421
98.0816 422
98.1152 423
98.1489 424
98.1825 425
98.2113 426
98.2426 427
98.2738 428
98.3051 429
98.3363 430
98.3651 431
98.3964 432
98.4252 433
98.4565 434
98.4853 435
98.5141 436
98.543 437
98.5718 438
98.6007 439
98.6271 440
98.6535 441
98.6824 442
98.7088 443
98.7352 444
98.7617 445
98.7881 446
98.8145 447
98.823 446
98.8242 445.39
98.8254 445.085
98.8266 444.78
98.8278 444.474
98.829 444.17
98.8302 443
98.8314 442
98.8326 441
98.8338 440
98.835 439
98.8362 438
98.8374 437.472
98.8386 436
98.8398 435
98.841 434
98.8422 433
98.8434 432
98.8446 431.079
98.8458 430
98.847 429
98.8482 428
98.8494 427
98.8506 426
98.8518 425
98.853 424.381
98.8542 422
98.8554 421
98.8566 420
98.8578 419
98.859 418
98.8602 417
98.8614 416
98.8626 415
98.8638 414
98.865 413
98.8662 412
98.8674 411
98.8686 410.289
98.8698 409
98.871 408
98.8722 407
98.8734 406
98.8746 405
98.8758 404
98.877 403
98.8782 402
98.8794 401
98.8807 400
98.8819 399
98.8831 397
98.8843 396.198
98.8855 395
98.8867 394
98.8879 393
98.8891 392
98.8903 391
98.8915 390
98.8927 389.5
98.8939 388
98.8951 387
98.8963 386
98.8975 385
98.8987 384
98.8999 383.107
98.9011 382
98.9023 381
98.9035 380
98.9047 379
98.9059 378
98.9071 377
98.9083 376.41
98.9095 375
98.9107 374
98.9119 373
98.9131 372
98.9143 370
98.9155 369.017
98.9167 368
98.9179 367
98.9191 366
98.9203 365
98.9215 364
98.9227 363
98.9239 362.318
98.9251 361
98.9263 360
98.9275 359
98.9287 358
98.9299 357
98.9311 356
98.9323 355
98.9335 354
98.9347 353
98.9359 352
98.9371 351
98.9383 350
98.9395 349.227
98.9407 348
98.9419 347
98.9431 345
98.9443 344
98.9455 343
98.9467 342
98.9479 341.529
98.9491 340
98.9503 339
98.9516 338
98.9528 337
98.954 336
98.9552 335.136
98.9564 334
98.9576 333
98.9588 332
98.96 331
98.9612 330
98.9624 329
98.9636 328.438
98.9648 327
98.966 326
98.9672 325
98.9684 324
98.9696 323
98.9708 322.045
98.972 321
98.9732 320
98.9744 318
98.9756 317
98.9768 316
98.978 315
98.9792 314.347
98.9804 313
98.9816 312
99.0032 311
99.0321 310
99.0609 309
99.0897 308
99.1186 307
99.145 306
99.1714 305
99.2003 304
99.2267 303
99.2532 302
99.2796 301
99.306 300
99.3325 299
99.3373 312
99.6917 313
99.6941 314
99.6965 315
99.6989 316
99.7013 317
99.7037 318
99.7061 319
99.7085 320
99.7566 321
99.7975 322
99.8359 323
99.872 324
99.9056 325
99.9392 326
99.9705 327
99.9993 328
