0 0
0.1 0
0.2 0
0.3 0
0.4 0
0.5 0
0.6 0
0.7 0
0.8 0
0.9 0
1 0
1.1 67
1.2 0
1.3 68
1.4 133
1.5 186
1.6 257
1.7 256
1.8 257
1.9 258
2 256
2.1 257
2.2 178
2.3 130
2.4 130
2.5 129
2.6 129
2.7 256
2.8 257
2.9 257
3 256
3.1 257
3.2 258
3.3 257
3.4 256
3.5 256
3.6 256
3.7 258
3.8 208
3.9 125
4 42
4.1 0
4.2 0
4.3 55
4.4 0
4.5 0
4.6 0
4.7 0
4.8 0
4.9 0
5 0
5.1 0
5.2 0
5.3 0
5.4 0
5.5 0
5.6 0
5.7 0
5.8 0
5.9 0
6 0
6.1 0
6.2 0
6.3 0
6.4 25
6.5 0
6.6 31
6.7 8
6.8 30
6.9 112
7 115
7.1 148
7.2 153
7.3 157
7.4 161
7.5 166
7.6 170
7.7 174
7.8 178
7.9 181
8 187
8.1 192
8.2 194
8.3 199
8.4 202
8.5 207
8.6 213
8.7 215
8.8 220
8.9 223
9 228
9.1 232
9.2 235
9.3 241
9.4 245
9.5 249
9.6 253
9.7 256
9.8 256
9.9 258
10 256
10.1 257
10.2 256
10.3 197
10.4 130
10.5 129
10.6 129
10.7 129
10.8 145
10.9 144
11 144
11.1 148
11.2 154
11.3 158
11.4 159
11.5 164
11.6 166
11.7 171
11.8 175
11.9 179
12 184
12.1 188
12.2 192
12.3 196
12.4 198
12.5 203
12.6 207
12.7 209
12.8 214
12.9 216
13 220
13.1 224
13.2 225
13.3 229
13.4 231
13.5 234
13.6 237
13.7 239
13.8 242
13.9 244
14 247
14.1 249
14.2 250
14.3 253
14.4 255
14.5 255
14.6 257
14.7 256
14.8 256
14.9 258
15 256
15.1 251
15.2 168
15.3 130
15.4 129
15.5 129
15.6 129
15.7 135
15.8 135
15.9 134
16 140
16.1 141
16.2 144
16.3 146
16.4 147
16.5 150
16.6 153
16.7 155
16.8 158
16.9 159
17 162
17.1 165
17.2 165
17.3 168
17.4 169
17.5 172
17.6 175
17.7 175
17.8 178
17.9 178
18 181
18.1 182
18.2 183
18.3 185
18.4 186
18.5 187
18.6 188
18.7 188
18.8 191
18.9 192
19 191
19.1 193
19.2 193
19.3 194
19.4 196
19.5 195
19.6 196
19.7 196
19.8 197
19.9 198
20 197
20.1 198
20.2 198
20.3 198
20.4 199
20.5 198
20.6 199
20.7 200
20.8 198
20.9 199
21 198
21.1 199
21.2 200
21.3 198
21.4 199
21.5 198
21.6 199
21.7 199
21.8 198
21.9 199
22 199
22.1 199
22.2 199
22.3 198
22.4 199
22.5 200
22.6 199
22.7 200
22.8 199
22.9 201
23 202
23.1 200
23.2 202
23.3 201
23.4 203
23.5 204
23.6 203
23.7 205
23.8 206
23.9 206
24 207
24.1 206
24.2 208
24.3 209
24.4 208
24.5 210
24.6 210
24.7 212
24.8 214
24.9 213
25 216
25.1 216
25.2 218
25.3 220
25.4 221
25.5 223
25.6 225
25.7 227
25.8 229
25.9 230
26 233
26.1 237
26.2 237
26.3 241
26.4 242
26.5 246
26.6 250
26.7 251
26.8 255
26.9 256
27 257
27.1 257
27.2 256
27.3 257
27.4 257
27.5 181
27.6 128
27.7 128
27.8 128
27.9 129
28 141
28.1 141
28.2 141
28.3 144
28.4 151
28.5 154
28.6 156
28.7 160
28.8 165
28.9 167
29 172
29.1 175
29.2 181
29.3 186
29.4 188
29.5 192
29.6 195
29.7 200
29.8 203
29.9 206
30 210
30.1 214
30.2 217
30.3 220
30.4 222
30.5 226
30.6 230
30.7 231
30.8 234
30.9 236
31 239
31.1 242
31.2 243
31.3 246
31.4 247
31.5 250
31.6 252
31.7 252
31.8 255
31.9 257
32 257
32.1 257
32.2 256
32.3 257
32.4 258
32.5 242
32.6 159
32.7 129
32.8 130
32.9 129
33 133
33.1 133
33.2 133
33.3 140
33.4 139
33.5 142
33.6 143
33.7 146
33.8 127
33.9 51
34 51
34.1 51
34.2 58
34.3 57
34.4 60
34.5 60
34.6 63
34.7 65
34.8 67
34.9 69
35 70
35.1 73
35.2 75
35.3 75
35.4 78
35.5 80
35.6 80
35.7 83
35.8 83
35.9 85
36 88
36.1 87
36.2 89
36.3 89
36.4 91
36.5 92
36.6 92
36.7 92
36.8 15
36.9 14
37 13
37.1 19
37.2 20
37.3 22
37.4 24
37.5 25
37.6 27
37.7 28
37.8 31
37.9 32
38 33
38.1 36
38.2 37
38.3 37
38.4 39
38.5 39
38.6 42
38.7 44
38.8 43
38.9 45
39 45
39.1 46
39.2 47
39.3 47
39.4 49
39.5 49
39.6 50
39.7 50
39.8 50
39.9 52
40 53
40.1 51
40.2 53
40.3 52
40.4 53
40.5 54
40.6 52
40.7 53
40.8 52
40.9 53
41 53
41.1 52
41.2 53
41.3 0
41.4 0
41.5 0
41.6 5
41.7 5
41.8 0
41.9 3
42 6
42.1 6
42.2 9
42.3 11
42.4 14
42.5 17
42.6 18
42.7 21
42.8 22
42.9 25
43 27
43.1 28
43.2 31
43.3 32
43.4 34
43.5 36
43.6 36
43.7 38
43.8 41
43.9 40
44 42
44.1 42
44.2 44
44.3 46
44.4 45
44.5 47
44.6 46
44.7 48
44.8 49
44.9 49
45 50
45.1 50
45.2 51
45.3 52
45.4 51
45.5 52
45.6 54
45.7 52
45.8 53
45.9 52
46 53
46.1 54
46.2 52
46.3 53
46.4 52
46.5 53
46.6 53
46.7 52
46.8 53
46.9 54
47 53
47.1 53
47.2 52
47.3 53
47.4 54
47.5 52
47.6 53
47.7 52
47.8 53
47.9 54
48 52
48.1 53
48.2 53
48.3 54
48.4 54
48.5 53
48.6 55
48.7 55
48.8 56
48.9 56
49 56
49.1 57
49.2 59
49.3 58
49.4 59
49.5 59
49.6 61
49.7 63
49.8 62
49.9 64
50 64
50.1 67
50.2 68
50.3 68
50.4 70
50.5 71
50.6 72
50.7 73
50.8 73
50.9 76
51 79
51.1 78
51.2 81
51.3 82
51.4 85
51.5 88
51.6 89
51.7 92
51.8 93
51.9 97
52 100
52.1 102
52.2 106
52.3 109
52.4 112
52.5 115
52.6 118
52.7 122
52.8 127
52.9 128
53 133
53.1 136
53.2 142
53.3 147
53.4 149
53.5 155
53.6 158
53.7 164
53.8 169
53.9 173
54 180
54.1 185
54.2 190
54.3 196
54.4 201
54.5 208
54.6 215
54.7 219
54.8 227
54.9 232
55 240
55.1 248
55.2 253
55.3 257
55.4 256
55.5 257
55.6 257
55.7 256
55.8 237
55.9 154
56 129
56.1 128
56.2 128
56.3 156
56.4 157
56.5 156
56.6 156
56.7 163
56.8 167
56.9 171
57 172
57.1 177
57.2 180
57.3 185
57.4 189
57.5 193
57.6 198
57.7 202
57.8 206
57.9 210
58 213
58.1 218
58.2 222
58.3 224
58.4 229
58.5 231
58.6 235
58.7 239
58.8 240
58.9 244
59 246
59.1 250
59.2 253
59.3 254
59.4 257
59.5 257
59.6 257
59.7 257
59.8 256
59.9 228
60 145
60.1 128
60.2 128
60.3 128
60.4 137
60.5 137
60.6 136
60.7 136
60.8 141
60.9 144
61 146
61.1 147
61.2 150
61.3 153
61.4 155
61.5 157
61.6 159
61.7 162
61.8 165
61.9 166
62 169
62.1 170
62.2 173
62.3 176
62.4 176
62.5 179
62.6 179
62.7 182
62.8 184
62.9 184
63 186
63.1 188
63.2 189
63.3 190
63.4 190
63.5 192
63.6 194
63.7 193
63.8 195
63.9 195
64 197
64.1 198
64.2 197
64.3 199
64.4 198
64.5 200
64.6 200
64.7 199
64.8 201
64.9 201
65 201
65.1 201
65.2 201
65.3 202
65.4 203
65.5 201
65.6 202
65.7 201
65.8 202
65.9 202
66 201
66.1 202
66.2 201
66.3 202
66.4 202
66.5 201
66.6 202
66.7 202
66.8 201
66.9 202
67 201
67.1 202
67.2 203
67.3 201
67.4 203
67.5 202
67.6 203
67.7 204
67.8 203
67.9 204
68 204
68.1 205
68.2 206
68.3 205
68.4 207
68.5 208
68.6 140
68.7 94
68.8 94
68.9 94
69 107
69.1 106
69.2 109
69.3 111
69.4 115
69.5 118
69.6 120
69.7 125
69.8 127
69.9 132
70 135
70.1 138
70.2 142
70.3 145
70.4 147
70.5 152
70.6 154
70.7 158
70.8 161
70.9 162
71 166
71.1 167
71.2 171
71.3 173
71.4 174
71.5 177
71.6 178
71.7 181
71.8 183
71.9 184
72 187
72.1 188
72.2 189
72.3 191
72.4 192
72.5 194
72.6 196
72.7 195
72.8 198
72.9 198
73 200
73.1 201
73.2 200
73.3 202
73.4 202
73.5 203
73.6 204
73.7 204
73.8 205
73.9 207
74 205
74.1 206
74.2 206
74.3 207
74.4 208
74.5 206
74.6 208
74.7 207
74.8 208
74.9 208
75 207
75.1 208
75.2 207
75.3 208
75.4 208
75.5 207
75.6 208
75.7 209
75.8 207
75.9 208
76 207
76.1 208
76.2 209
76.3 207
76.4 208
76.5 207
76.6 208
76.7 208
76.8 208
76.9 209
77 209
77.1 210
77.2 210
77.3 209
77.4 211
77.5 212
77.6 211
77.7 213
77.8 212
77.9 214
78 216
78.1 214
78.2 216
78.3 216
78.4 217
78.5 218
78.6 218
78.7 220
78.8 220
78.9 221
79 223
79.1 223
79.2 225
79.3 227
79.4 227
79.5 229
79.6 230
79.7 233
79.8 236
79.9 235
80 238
80.1 239
80.2 243
80.3 245
80.4 247
80.5 250
80.6 253
80.7 255
80.8 257
80.9 256
81 257
81.1 258
81.2 256
81.3 253
81.4 170
81.5 128
81.6 129
81.7 128
81.8 128
81.9 140
82 141
82.1 140
82.2 147
82.3 151
82.4 153
82.5 157
82.6 161
82.7 163
82.8 168
82.9 173
83 175
83.1 181
83.2 184
83.3 188
83.4 193
83.5 195
83.6 200
83.7 202
83.8 207
83.9 210
84 212
84.1 217
84.2 220
84.3 223
84.4 225
84.5 227
84.6 231
84.7 234
84.8 235
84.9 238
85 239
85.1 243
85.2 246
85.3 246
85.4 249
85.5 249
85.6 252
85.7 254
85.8 254
85.9 257
86 257
86.1 257
86.2 257
86.3 256
86.4 257
86.5 232
86.6 148
86.7 129
86.8 129
86.9 129
87 134
87.1 133
87.2 133
87.3 133
87.4 140
87.5 140
87.6 142
87.7 144
87.8 147
87.9 150
88 151
88.1 154
88.2 155
88.3 159
88.4 161
88.5 162
88.6 165
88.7 167
88.8 169
88.9 171
89 172
89.1 175
89.2 178
89.3 177
89.4 180
89.5 180
89.6 183
89.7 185
89.8 184
89.9 186
90 187
90.1 188
90.2 189
90.3 189
90.4 191
90.5 192
90.6 193
90.7 193
90.8 193
90.9 195
91 196
91.1 195
91.2 196
91.3 195
91.4 197
91.5 198
91.6 196
91.7 197
91.8 197
91.9 198
92 198
92.1 197
92.2 198
92.3 198
92.4 198
92.5 198
92.6 197
92.7 198
92.8 199
92.9 197
93 198
93.1 197
93.2 198
93.3 199
93.4 197
93.5 198
93.6 197
93.7 198
93.8 198
93.9 197
94 199
94.1 199
94.2 199
94.3 200
94.4 199
94.5 200
94.6 202
94.7 200
94.8 202
94.9 202
95 203
95.1 205
95.2 204
95.3 205
95.4 205
95.5 206
95.6 207
95.7 206
95.8 208
95.9 209
96 210
96.1 211
96.2 211
96.3 213
96.4 216
96.5 215
96.6 217
96.7 218
96.8 221
96.9 223
97 223
97.1 226
97.2 227
97.3 230
97.4 232
97.5 234
97.6 237
97.7 240
97.8 242
97.9 245
98 247
98.1 251
98.2 255
98.3 256
98.4 257
98.5 256
98.6 257
98.7 258
98.8 256
98.9 205
99 128
99.1 129
99.2 128
99.3 128
99.4 141
99.5 142
99.6 142
99.7 141
99.8 149
99.9 153
100 157
