0.2 0.00448
0.3 0
0.4 0.0208
0.5 0
0.6 0.03744
0.7 0
0.8 0.07488
0.9 0
1 0.14976
1.1 0
1.2 0.16224
1.3 0.13728
1.4 0.15808
1.5 0.17472
1.6 0.17472
1.7 0.17056
1.8 0.17472
1.9 0.17056
2 0.20896
2.1 0.50464
2.2 0.50464
2.3 0.50464
2.4 0.50464
2.5 0.51072
2.6 0.50464
2.7 0.50464
2.8 0.50464
2.9 0.51072
3 0.50464
3.1 0.44832
3.2 0.45152
3.3 0.45152
3.4 0.45696
3.5 0.45152
3.6 0.32384
3.7 0.32768
3.8 0.4032
3.9 0.3984
4 0.3984
4.1 0.3984
4.2 0.22528
4.3 0
4.4 0.47424
4.5 0.31008
4.6 0.02432
4.7 0.18848
4.8 0.01824
4.9 0.03456
5 0
5.1 0
5.2 0
5.3 0.00416
5.4 0
5.5 0.00416
5.6 0
5.7 0.00832
5.8 0
5.9 0.01664
6 0
6.1 0.03328
6.2 0
6.3 0.06656
6.4 0
6.5 0.08736
6.6 0.04576
6.7 0.0832
6.8 0.17472
6.9 0.08736
7 0.17472
7.1 0.17056
7.2 0.17472
7.3 0.17472
7.4 0.17056
7.5 0.17472
7.6 0.17056
7.7 0.17472
7.8 0.17472
7.9 0.17056
8 0.17472
8.1 0.17056
8.2 0.17472
8.3 0.17472
8.4 0.17056
8.5 0.17472
8.6 0.17056
8.7 0.17472
8.8 0.17472
8.9 0.17056
9 0.17472
9.1 0.17472
9.2 0.17056
9.3 0.17472
9.4 0.17056
9.5 0.17472
9.6 0.17472
9.7 0.17056
9.8 0.17472
9.9 0.17056
10 0.17472
10.1 0.17472
10.2 0.43424
10.3 0.50464
10.4 0.50464
10.5 0.51072
10.6 0.50464
10.7 0.50464
10.8 0.50464
10.9 0.51072
11 0.39232
11.1 0.17056
11.2 0.17472
11.3 0.17056
11.4 0.17472
11.5 0.17472
11.6 0.17056
11.7 0.17472
11.8 0.17472
11.9 0.17056
12 0.17472
12.1 0.17056
12.2 0.17472
12.3 0.17472
12.4 0.17056
12.5 0.17472
12.6 0.17056
12.7 0.17472
12.8 0.17472
12.9 0.17056
13 0.17472
13.1 0.17056
13.2 0.17472
13.3 0.17472
13.4 0.17056
13.5 0.17472
13.6 0.17472
13.7 0.17056
13.8 0.17472
13.9 0.17056
14 0.17472
14.1 0.17472
14.2 0.17056
14.3 0.17472
14.4 0.17056
14.5 0.17472
14.6 0.17472
14.7 0.17056
14.8 0.17472
14.9 0.17056
15 0.23392
15.1 0.4304
15.2 0.50336
15.3 0.50464
15.4 0.51072
15.5 0.50464
15.6 0.50464
15.7 0.48736
15.8 0.4208
15.9 0.2128
16 0.17472
16.1 0.17056
16.2 0.17472
16.3 0.17472
16.4 0.17056
16.5 0.17472
16.6 0.17056
16.7 0.17472
16.8 0.17472
16.9 0.17056
17 0.17472
17.1 0.17056
17.2 0.17472
17.3 0.17472
17.4 0.17056
17.5 0.17472
17.6 0.17056
17.7 0.17472
17.8 0.17472
17.9 0.17056
18 0.17472
18.1 0.17472
18.2 0.17056
18.3 0.17472
18.4 0.17056
18.5 0.17472
18.6 0.17472
18.7 0.17056
18.8 0.17472
18.9 0.17056
19 0.17472
19.1 0.17472
19.2 0.17056
19.3 0.17472
19.4 0.17056
19.5 0.17472
19.6 0.17472
19.7 0.17056
19.8 0.17472
19.9 0.17472
20 0.17056
20.1 0.17472
20.2 0.17056
20.3 0.17472
20.4 0.17472
20.5 0.17056
20.6 0.17472
20.7 0.17056
20.8 0.17472
20.9 0.17472
21 0.17056
21.1 0.17472
21.2 0.17056
21.3 0.17472
21.4 0.17472
21.5 0.17056
21.6 0.17472
21.7 0.17472
21.8 0.17056
21.9 0.17472
22 0.17056
22.1 0.17472
22.2 0.17472
22.3 0.17056
22.4 0.17472
22.5 0.17056
22.6 0.17472
22.7 0.17472
22.8 0.17056
22.9 0.17472
23 0.17056
23.1 0.17472
23.2 0.17472
23.3 0.17056
23.4 0.17472
23.5 0.17472
23.6 0.17056
23.7 0.17472
23.8 0.17056
23.9 0.17472
24 0.17472
24.1 0.17056
24.2 0.17472
24.3 0.17056
24.4 0.17472
24.5 0.17472
24.6 0.17056
24.7 0.17472
24.8 0.17056
24.9 0.17472
25 0.17472
25.1 0.17056
25.2 0.17472
25.3 0.17472
25.4 0.17056
25.5 0.17472
25.6 0.17056
25.7 0.17472
25.8 0.17472
25.9 0.17056
26 0.17472
26.1 0.17056
26.2 0.17472
26.3 0.17472
26.4 0.17056
26.5 0.17472
26.6 0.17056
26.7 0.17472
26.8 0.17472
26.9 0.17056
27 0.17472
27.1 0.17472
27.2 0.17056
27.3 0.19648
27.4 0.46496
27.5 0.50464
27.6 0.51072
27.7 0.50464
27.8 0.50464
27.9 0.50464
28 0.51072
28.1 0.50464
28.2 0.38784
28.3 0.17056
28.4 0.17472
28.5 0.17472
28.6 0.17056
28.7 0.17472
28.8 0.17056
28.9 0.17472
29 0.17472
29.1 0.17056
29.2 0.17472
29.3 0.17056
29.4 0.17472
29.5 0.17472
29.6 0.17056
29.7 0.17472
29.8 0.17472
29.9 0.17056
30 0.17472
30.1 0.17056
30.2 0.17472
30.3 0.17472
30.4 0.17056
30.5 0.17472
30.6 0.17056
30.7 0.17472
30.8 0.17472
30.9 0.17056
31 0.17472
31.1 0.17056
31.2 0.17472
31.3 0.17472
31.4 0.17056
31.5 0.17472
31.6 0.17472
31.7 0.17056
31.8 0.17472
31.9 0.17056
32 0.17472
32.1 0.17472
32.2 0.17056
32.3 0.17472
32.4 0.25152
32.5 0.44096
32.6 0.504
32.7 0.50464
32.8 0.50464
32.9 0.51072
33 0.50464
33.1 0.456
33.2 0.33248
33.3 0.17056
33.4 0.17472
33.5 0.17472
33.6 0.17056
33.7 0.26784
33.8 0.4032
33.9 0.3984
34 0.3984
34.1 0.2672
34.2 0.17056
34.3 0.17472
34.4 0.17472
34.5 0.17056
34.6 0.17472
34.7 0.17472
34.8 0.17056
34.9 0.17472
35 0.17056
35.1 0.17472
35.2 0.17472
35.3 0.17056
35.4 0.17472
35.5 0.17056
35.6 0.17472
35.7 0.17472
35.8 0.17056
35.9 0.17472
36 0.17056
36.1 0.17472
36.2 0.17472
36.3 0.17056
36.4 0.17472
36.5 0.17472
36.6 0.2032
36.7 0.3984
36.8 0.3984
36.9 0.3984
37 0.1856
37.1 0.17472
37.2 0.17056
37.3 0.17472
37.4 0.17472
37.5 0.17056
37.6 0.17472
37.7 0.17056
37.8 0.17472
37.9 0.17472
38 0.17056
38.1 0.17472
38.2 0.17056
38.3 0.17472
38.4 0.17472
38.5 0.17056
38.6 0.17472
38.7 0.17056
38.8 0.17472
38.9 0.17472
39 0.17056
39.1 0.17472
39.2 0.17472
39.3 0.17056
39.4 0.17472
39.5 0.17056
39.6 0.17472
39.7 0.17472
39.8 0.17056
39.9 0.17472
40 0.17056
40.1 0.17472
40.2 0.17472
40.3 0.17056
40.4 0.17472
40.5 0.17056
40.6 0.17472
40.7 0.17472
40.8 0.17056
40.9 0.17472
41 0.17472
41.1 0.17056
41.2 0.3936
41.3 0.3984
41.4 0.31296
41.5 0.17472
41.6 0.15392
41.7 0.17472
41.8 0.17056
41.9 0.17472
42 0.17056
42.1 0.17472
42.2 0.17472
42.3 0.17056
42.4 0.17472
42.5 0.17056
42.6 0.17472
42.7 0.17472
42.8 0.17056
42.9 0.17472
43 0.17472
43.1 0.17056
43.2 0.17472
43.3 0.17056
43.4 0.17472
43.5 0.17472
43.6 0.17056
43.7 0.17472
43.8 0.17056
43.9 0.17472
44 0.17472
44.1 0.17056
44.2 0.17472
44.3 0.17056
44.4 0.17472
44.5 0.17472
44.6 0.17056
44.7 0.17472
44.8 0.17472
44.9 0.17056
45 0.17472
45.1 0.17056
45.2 0.17472
45.3 0.17472
45.4 0.17056
45.5 0.17472
45.6 0.17056
45.7 0.17472
45.8 0.17472
45.9 0.17056
46 0.17472
46.1 0.17056
46.2 0.17472
46.3 0.17472
46.4 0.17056
46.5 0.17472
46.6 0.17472
46.7 0.17056
46.8 0.17472
46.9 0.17056
47 0.17472
47.1 0.17472
47.2 0.17056
47.3 0.17472
47.4 0.17056
47.5 0.17472
47.6 0.17472
47.7 0.17056
47.8 0.17472
47.9 0.17056
48 0.17472
48.1 0.17472
48.2 0.17056
48.3 0.17472
48.4 0.17472
48.5 0.17056
48.6 0.17472
48.7 0.17056
48.8 0.17472
48.9 0.17472
49 0.17056
49.1 0.17472
49.2 0.17056
49.3 0.17472
49.4 0.17472
49.5 0.17056
49.6 0.17472
49.7 0.17056
49.8 0.17472
49.9 0.17472
50 0.17056
50.1 0.17472
50.2 0.17472
50.3 0.17056
50.4 0.17472
50.5 0.17056
50.6 0.17472
50.7 0.17472
50.8 0.17056
50.9 0.17472
51 0.17056
51.1 0.17472
51.2 0.17472
51.3 0.17056
51.4 0.17472
51.5 0.17056
51.6 0.17472
51.7 0.17472
51.8 0.17056
51.9 0.17472
52 0.17472
52.1 0.17056
52.2 0.17472
52.3 0.17056
52.4 0.17472
52.5 0.17472
52.6 0.17056
52.7 0.17472
52.8 0.17056
52.9 0.17472
53 0.17472
53.1 0.17056
53.2 0.17472
53.3 0.17056
53.4 0.17472
53.5 0.17472
53.6 0.17056
53.7 0.17472
53.8 0.17472
53.9 0.17056
54 0.17472
54.1 0.17056
54.2 0.17472
54.3 0.17472
54.4 0.17056
54.5 0.17472
54.6 0.17056
54.7 0.17472
54.8 0.17472
54.9 0.17056
55 0.17472
55.1 0.17056
55.2 0.17472
55.3 0.17472
55.4 0.17056
55.5 0.17472
55.6 0.17472
55.7 0.29088
55.8 0.50464
55.9 0.50464
56 0.50464
56.1 0.51072
56.2 0.50464
56.3 0.50464
56.4 0.50464
56.5 0.51072
56.6 0.25952
56.7 0.17056
56.8 0.17472
56.9 0.17056
57 0.17472
57.1 0.17472
57.2 0.17056
57.3 0.17472
57.4 0.17472
57.5 0.17056
57.6 0.17472
57.7 0.17056
57.8 0.17472
57.9 0.17472
58 0.17056
58.1 0.17472
58.2 0.17056
58.3 0.17472
58.4 0.17472
58.5 0.17056
58.6 0.17472
58.7 0.17056
58.8 0.17472
58.9 0.17472
59 0.17056
59.1 0.17472
59.2 0.17472
59.3 0.17056
59.4 0.17472
59.5 0.17056
59.6 0.17472
59.7 0.17472
59.8 0.2912
59.9 0.48992
60 0.50464
60.1 0.51072
60.2 0.50464
60.3 0.50464
60.4 0.50464
60.5 0.50464
60.6 0.41248
60.7 0.17472
60.8 0.17056
60.9 0.17472
61 0.17472
61.1 0.17056
61.2 0.17472
61.3 0.17056
61.4 0.17472
61.5 0.17472
61.6 0.17056
61.7 0.17472
61.8 0.17056
61.9 0.17472
62 0.17472
62.1 0.17056
62.2 0.17472
62.3 0.17056
62.4 0.17472
62.5 0.17472
62.6 0.17056
62.7 0.17472
62.8 0.17472
62.9 0.17056
63 0.17472
63.1 0.17056
63.2 0.17472
63.3 0.17472
63.4 0.17056
63.5 0.17472
63.6 0.17056
63.7 0.17472
63.8 0.17472
63.9 0.17056
64 0.17472
64.1 0.17056
64.2 0.17472
64.3 0.17472
64.4 0.17056
64.5 0.17472
64.6 0.17472
64.7 0.17056
64.8 0.17472
64.9 0.17056
65 0.17472
65.1 0.17472
65.2 0.17056
65.3 0.17472
65.4 0.17056
65.5 0.17472
65.6 0.17472
65.7 0.17056
65.8 0.17472
65.9 0.17472
66 0.17056
66.1 0.17472
66.2 0.17056
66.3 0.17472
66.4 0.17472
66.5 0.17056
66.6 0.17472
66.7 0.17056
66.8 0.17472
66.9 0.17472
67 0.17056
67.1 0.17472
67.2 0.17056
67.3 0.17472
67.4 0.17472
67.5 0.17056
67.6 0.17472
67.7 0.17472
67.8 0.17056
67.9 0.17472
68 0.17056
68.1 0.17472
68.2 0.17472
68.3 0.17056
68.4 0.17472
68.5 0.3936
68.6 0.4032
68.7 0.3984
68.8 0.3984
68.9 0.30528
69 0.17056
69.1 0.17472
69.2 0.17472
69.3 0.17056
69.4 0.17472
69.5 0.17472
69.6 0.17056
69.7 0.17472
69.8 0.17056
69.9 0.17472
70 0.17472
70.1 0.17056
70.2 0.17472
70.3 0.17056
70.4 0.17472
70.5 0.17472
70.6 0.17056
70.7 0.17472
70.8 0.17056
70.9 0.17472
71 0.17472
71.1 0.17056
71.2 0.17472
71.3 0.17472
71.4 0.17056
71.5 0.17472
71.6 0.17056
71.7 0.17472
71.8 0.17472
71.9 0.17056
72 0.17472
72.1 0.17056
72.2 0.17472
72.3 0.17472
72.4 0.17056
72.5 0.17472
72.6 0.17056
72.7 0.17472
72.8 0.17472
72.9 0.17056
73 0.17472
73.1 0.17472
73.2 0.17056
73.3 0.17472
73.4 0.17056
73.5 0.17472
73.6 0.17472
73.7 0.17056
73.8 0.17472
73.9 0.17056
74 0.17472
74.1 0.17472
74.2 0.17056
74.3 0.17472
74.4 0.17056
74.5 0.17472
74.6 0.17472
74.7 0.17056
74.8 0.17472
74.9 0.17472
75 0.17056
75.1 0.17472
75.2 0.17056
75.3 0.17472
75.4 0.17472
75.5 0.17056
75.6 0.17472
75.7 0.17056
75.8 0.17472
75.9 0.17472
76 0.17056
76.1 0.17472
76.2 0.17056
76.3 0.17472
76.4 0.17472
76.5 0.17056
76.6 0.17472
76.7 0.17472
76.8 0.17056
76.9 0.17472
77 0.17056
77.1 0.17472
77.2 0.17472
77.3 0.17056
77.4 0.17472
77.5 0.17056
77.6 0.17472
77.7 0.17472
77.8 0.17056
77.9 0.17472
78 0.17056
78.1 0.17472
78.2 0.17472
78.3 0.17056
78.4 0.17472
78.5 0.17472
78.6 0.17056
78.7 0.17472
78.8 0.17056
78.9 0.17472
79 0.17472
79.1 0.17056
79.2 0.17472
79.3 0.17056
79.4 0.17472
79.5 0.17472
79.6 0.17056
79.7 0.17472
79.8 0.17056
79.9 0.17472
80 0.17472
80.1 0.17056
80.2 0.17472
80.3 0.17472
80.4 0.17056
80.5 0.17472
80.6 0.17056
80.7 0.17472
80.8 0.17472
80.9 0.17056
81 0.17472
81.1 0.17056
81.2 0.22848
81.3 0.4752
81.4 0.50464
81.5 0.50464
81.6 0.50464
81.7 0.51072
81.8 0.50464
81.9 0.50464
82 0.4976
82.1 0.27904
82.2 0.17056
82.3 0.17472
82.4 0.17056
82.5 0.17472
82.6 0.17472
82.7 0.17056
82.8 0.17472
82.9 0.17056
83 0.17472
83.1 0.17472
83.2 0.17056
83.3 0.17472
83.4 0.17056
83.5 0.17472
83.6 0.17472
83.7 0.17056
83.8 0.17472
83.9 0.17472
84 0.17056
84.1 0.17472
84.2 0.17056
84.3 0.17472
84.4 0.17472
84.5 0.17056
84.6 0.17472
84.7 0.17056
84.8 0.17472
84.9 0.17472
85 0.17056
85.1 0.17472
85.2 0.17056
85.3 0.17472
85.4 0.17472
85.5 0.17056
85.6 0.17472
85.7 0.17472
85.8 0.17056
85.9 0.17472
86 0.17056
86.1 0.17472
86.2 0.17472
86.3 0.17056
86.4 0.28352
86.5 0.47328
86.6 0.51072
86.7 0.50464
86.8 0.50464
86.9 0.50464
87 0.50464
87.1 0.47552
87.2 0.40928
87.3 0.19104
87.4 0.17056
87.5 0.17472
87.6 0.17472
87.7 0.17056
87.8 0.17472
87.9 0.17056
88 0.17472
88.1 0.17472
88.2 0.17056
88.3 0.17472
88.4 0.17472
88.5 0.17056
88.6 0.17472
88.7 0.17056
88.8 0.17472
88.9 0.17472
89 0.17056
89.1 0.17472
89.2 0.17056
89.3 0.17472
89.4 0.17472
89.5 0.17056
89.6 0.17472
89.7 0.17056
89.8 0.17472
89.9 0.17472
90 0.17056
90.1 0.17472
90.2 0.17472
90.3 0.17056
90.4 0.17472
90.5 0.17056
90.6 0.17472
90.7 0.17472
90.8 0.17056
90.9 0.17472
91 0.17056
91.1 0.17472
91.2 0.17472
91.3 0.17056
91.4 0.17472
91.5 0.17056
91.6 0.17472
91.7 0.17472
91.8 0.17056
91.9 0.17472
92 0.17472
92.1 0.17056
92.2 0.17472
92.3 0.17056
92.4 0.17472
92.5 0.17472
92.6 0.17056
92.7 0.17472
92.8 0.17056
92.9 0.17472
93 0.17472
93.1 0.17056
93.2 0.17472
93.3 0.17056
93.4 0.17472
93.5 0.17472
93.6 0.17056
93.7 0.17472
93.8 0.17472
93.9 0.17056
94 0.17472
94.1 0.17056
94.2 0.17472
94.3 0.17472
94.4 0.17056
94.5 0.17472
94.6 0.17056
94.7 0.17472
94.8 0.17472
94.9 0.17056
95 0.17472
95.1 0.17056
95.2 0.17472
95.3 0.17472
95.4 0.17056
95.5 0.17472
95.6 0.17472
95.7 0.17056
95.8 0.17472
95.9 0.17056
96 0.17472
96.1 0.17472
96.2 0.17056
96.3 0.17472
96.4 0.17056
96.5 0.17472
96.6 0.17472
96.7 0.17056
96.8 0.17472
96.9 0.17056
97 0.17472
97.1 0.17472
97.2 0.17056
97.3 0.17472
97.4 0.17472
97.5 0.17056
97.6 0.17472
97.7 0.17056
97.8 0.17472
97.9 0.17472
98 0.17056
98.1 0.17472
98.2 0.17056
98.3 0.17472
98.4 0.17472
98.5 0.17056
98.6 0.17472
98.7 0.17056
98.8 0.39616
98.9 0.50464
99 0.50464
99.1 0.50464
99.2 0.51072
99.3 0.50464
99.4 0.50464
99.5 0.50464
99.6 0.43648
99.7 0.17472
99.8 0.17056
99.9 0.17472
100 0.17472
