0.1 0.00448
0.2 0
0.3 1.20416
0.4 0
0.5 2.16
0.6 0
0.7 4.32
0.8 0
0.9 8.64
1 0
1.1 17.28
1.2 0
1.3 18.72
1.4 15.84
1.5 18.24
1.6 20.16
1.7 20.16
1.8 19.68
1.9 20.16
2 19.68
2.1 18.72
2.2 0
2.3 5.16
2.4 9.96
2.5 9.96
2.6 10.08
2.7 25.56
2.8 9.84
2.9 10.08
3 9.84
3.1 10.08
3.2 10.08
3.3 9.96
3.4 9.96
3.5 10.08
3.6 9.96
3.7 61.68
3.8 3.36
3.9 0
4 0
4.1 0
4.2 0
4.3 15.48
4.4 0
4.5 0.48
4.6 3.72
4.7 0.36
4.8 0.72
4.9 0
5 0.12
5.1 0
5.2 0
5.3 0
5.4 0.24
5.5 0
5.6 0.48
5.7 0
5.8 0.96
5.9 0
6 1.92
6.1 0
6.2 3.84
6.3 0
6.4 7.68
6.5 0
6.6 10.08
6.7 5.28
6.8 9.6
6.9 20.16
7 10.08
7.1 13.32
7.2 10.32
7.3 10.56
7.4 10.56
7.5 10.32
7.6 10.56
7.7 10.32
7.8 10.68
7.9 10.56
8 10.32
8.1 10.56
8.2 10.32
8.3 10.56
8.4 10.68
8.5 10.32
8.6 10.56
8.7 10.32
8.8 10.56
8.9 10.56
9 10.44
9.1 10.56
9.2 10.56
9.3 10.32
9.4 10.56
9.5 10.32
9.6 10.68
9.7 10.56
9.8 10.32
9.9 10.56
10 10.32
10.1 10.56
10.2 10.68
10.3 1.68
10.4 2.88
10.5 9.96
10.6 10.08
10.7 9.96
10.8 11.76
10.9 9.96
11 10.08
11.1 10.92
11.2 10.08
11.3 10.44
11.4 10.2
11.5 10.56
11.6 10.56
11.7 10.32
11.8 10.56
11.9 10.56
12 10.32
12.1 10.56
12.2 10.32
12.3 10.56
12.4 10.56
12.5 10.2
12.6 10.56
12.7 10.2
12.8 10.56
12.9 10.44
13 10.2
13.1 10.44
13.2 10.2
13.3 10.44
13.4 10.44
13.5 10.2
13.6 10.32
13.7 10.44
13.8 10.08
13.9 10.44
14 10.08
14.1 10.32
14.2 10.32
14.3 10.08
14.4 10.32
14.5 9.96
14.6 10.32
14.7 10.32
14.8 9.96
14.9 10.32
15 9.96
15.1 8.52
15.2 0
15.3 6.36
15.4 9.96
15.5 10.08
15.6 10.56
15.7 9.96
15.8 9.96
15.9 9.96
16 10.68
16.1 10.32
16.2 10.08
16.3 10.32
16.4 10.32
16.5 10.2
16.6 10.32
16.7 10.08
16.8 10.44
16.9 10.32
17 10.08
17.1 10.32
17.2 10.2
17.3 10.32
17.4 10.32
17.5 10.08
17.6 10.2
17.7 10.08
17.8 10.32
17.9 10.32
18 9.96
18.1 10.2
18.2 10.32
18.3 9.96
18.4 10.2
18.5 9.96
18.6 10.32
18.7 10.2
18.8 9.96
18.9 10.2
19 9.84
19.1 10.2
19.2 10.2
19.3 9.96
19.4 10.08
19.5 9.96
19.6 10.08
19.7 10.2
19.8 9.84
19.9 10.2
20 10.08
20.1 9.84
20.2 10.08
20.3 9.84
20.4 10.2
20.5 10.08
20.6 9.84
20.7 10.08
20.8 9.84
20.9 10.08
21 10.08
21.1 9.84
21.2 10.08
21.3 9.84
21.4 10.08
21.5 10.08
21.6 9.84
21.7 10.08
21.8 10.08
21.9 9.84
22 10.08
22.1 9.84
22.2 10.08
22.3 10.08
22.4 9.84
22.5 10.08
22.6 9.96
22.7 10.08
22.8 10.08
22.9 9.96
23 10.08
23.1 9.84
23.2 10.2
23.3 10.08
23.4 9.96
23.5 10.2
23.6 10.08
23.7 9.96
23.8 10.2
23.9 9.84
24 10.2
24.1 10.08
24.2 9.96
24.3 10.2
24.4 9.84
24.5 10.2
24.6 10.2
24.7 9.96
24.8 10.2
24.9 9.96
25 10.32
25.1 10.2
25.2 10.08
25.3 10.2
25.4 10.32
25.5 9.96
25.6 10.32
25.7 10.08
25.8 10.32
25.9 10.32
26 10.2
26.1 10.32
26.2 10.08
26.3 10.44
26.4 10.32
26.5 10.2
26.6 10.44
26.7 10.2
26.8 10.44
26.9 10.44
27 10.32
27.1 10.44
27.2 10.56
27.3 10.2
27.4 10.32
27.5 0
27.6 4.68
27.7 10.08
27.8 9.96
27.9 9.96
28 11.52
28.1 10.08
28.2 9.96
28.3 10.92
28.4 10.08
28.5 10.44
28.6 10.44
28.7 10.32
28.8 10.56
28.9 10.32
29 10.56
29.1 10.56
29.2 10.32
29.3 10.56
29.4 10.32
29.5 10.56
29.6 10.56
29.7 10.2
29.8 10.56
29.9 10.44
30 10.32
30.1 10.44
30.2 10.2
30.3 10.44
30.4 10.44
30.5 10.2
30.6 10.44
30.7 10.2
30.8 10.32
30.9 10.44
31 10.08
31.1 10.44
31.2 10.08
31.3 10.32
31.4 10.32
31.5 10.08
31.6 10.32
31.7 10.2
31.8 10.08
31.9 10.32
32 9.96
32.1 10.32
32.2 10.2
32.3 9.96
32.4 10.32
32.5 7.2
32.6 0
32.7 7.44
32.8 9.96
32.9 9.96
33 10.44
33.1 10.08
33.2 9.96
33.3 10.68
33.4 9.96
33.5 10.32
33.6 10.32
33.7 10.08
33.8 6.84
33.9 1.8
34 10.08
34.1 9.96
34.2 10.68
34.3 9.96
34.4 10.32
34.5 10.32
34.6 9.96
34.7 10.44
34.8 10.08
34.9 10.32
35 10.32
35.1 9.96
35.2 10.32
35.3 10.32
35.4 9.96
35.5 10.32
35.6 10.08
35.7 10.2
35.8 10.2
35.9 10.08
36 10.2
36.1 9.96
36.2 10.2
36.3 10.2
36.4 9.96
36.5 10.2
36.6 9.96
36.7 9.6
36.8 0.96
36.9 9.96
37 9.96
37.1 10.8
37.2 10.2
37.3 9.96
37.4 10.32
37.5 10.08
37.6 10.32
37.7 10.2
37.8 10.08
37.9 10.32
38 10.2
38.1 10.08
38.2 10.2
38.3 9.96
38.4 10.2
38.5 10.32
38.6 9.96
38.7 10.2
38.8 9.96
38.9 10.2
39 10.2
39.1 9.96
39.2 10.08
39.3 9.96
39.4 10.2
39.5 10.2
39.6 9.84
39.7 10.08
39.8 10.2
39.9 9.96
40 10.08
40.1 9.84
40.2 10.2
40.3 10.08
40.4 9.84
40.5 10.08
40.6 9.84
40.7 10.08
40.8 10.08
40.9 9.84
41 10.08
41.1 9.84
41.2 10.08
41.3 1.92
41.4 9.96
41.5 9.24
41.6 10.8
41.7 9.12
41.8 10.32
41.9 10.08
42 10.32
42.1 10.08
42.2 10.44
42.3 10.32
42.4 10.08
42.5 10.44
42.6 10.08
42.7 10.32
42.8 10.32
42.9 10.08
43 10.32
43.1 10.32
43.2 10.08
43.3 10.2
43.4 10.08
43.5 10.32
43.6 10.2
43.7 10.08
43.8 10.2
43.9 9.96
44 10.2
44.1 10.2
44.2 9.96
44.3 10.2
44.4 9.96
44.5 10.2
44.6 10.2
44.7 9.84
44.8 10.2
44.9 10.2
45 9.84
45.1 10.08
45.2 9.96
45.3 10.2
45.4 10.08
45.5 9.84
45.6 10.2
45.7 9.84
45.8 10.08
45.9 10.08
46 9.84
46.1 10.08
46.2 9.84
46.3 10.08
46.4 10.08
46.5 9.84
46.6 10.08
46.7 10.08
46.8 9.84
46.9 10.08
47 9.84
47.1 10.08
47.2 10.08
47.3 9.84
47.4 10.08
47.5 9.84
47.6 10.08
47.7 10.08
47.8 9.84
47.9 10.08
48 9.84
48.1 10.08
48.2 10.2
48.3 9.84
48.4 10.08
48.5 10.08
48.6 9.96
48.7 10.08
48.8 9.96
48.9 10.08
49 10.2
49.1 9.84
49.2 10.2
49.3 9.96
49.4 10.08
49.5 10.2
49.6 9.96
49.7 10.2
49.8 9.96
49.9 10.2
50 10.2
50.1 10.08
50.2 10.2
50.3 10.32
50.4 9.84
50.5 10.2
50.6 9.96
50.7 10.2
50.8 10.32
50.9 9.96
51 10.32
51.1 9.96
51.2 10.32
51.3 10.32
51.4 10.08
51.5 10.44
51.6 10.08
51.7 10.32
51.8 10.44
51.9 10.08
52 10.44
52.1 10.44
52.2 10.2
52.3 10.44
52.4 10.2
52.5 10.56
52.6 10.44
52.7 10.2
52.8 10.56
52.9 10.32
53 10.56
53.1 10.56
53.2 10.32
53.3 10.56
53.4 10.44
53.5 10.56
53.6 10.68
53.7 10.44
53.8 10.68
53.9 10.68
54 10.44
54.1 10.68
54.2 10.56
54.3 10.8
54.4 10.8
54.5 10.44
54.6 10.92
54.7 10.56
54.8 10.8
54.9 10.92
55 10.68
55.1 10.92
55.2 10.56
55.3 11.04
55.4 10.92
55.5 10.8
55.6 10.92
55.7 11.04
55.8 7.08
55.9 0
56 7.92
56.1 9.96
56.2 10.08
56.3 13.32
56.4 9.96
56.5 9.96
56.6 10.08
56.7 10.92
56.8 10.2
56.9 10.44
57 10.32
57.1 10.44
57.2 10.68
57.3 10.32
57.4 10.56
57.5 10.56
57.6 10.32
57.7 10.56
57.8 10.32
57.9 10.56
58 10.56
58.1 10.32
58.2 10.56
58.3 10.2
58.4 10.56
58.5 10.44
58.6 10.2
58.7 10.56
58.8 10.2
58.9 10.44
59 10.44
59.1 10.08
59.2 10.44
59.3 10.44
59.4 10.08
59.5 10.44
59.6 10.08
59.7 10.32
59.8 10.32
59.9 5.52
60 0
60.1 9
60.2 10.08
60.3 9.96
60.4 10.92
60.5 9.96
60.6 9.96
60.7 10.32
60.8 10.44
60.9 10.08
61 10.32
61.1 10.32
61.2 10.2
61.3 10.32
61.4 10.08
61.5 10.44
61.6 10.32
61.7 10.08
61.8 10.44
61.9 10.08
62 10.32
62.1 10.32
62.2 10.08
62.3 10.32
62.4 10.08
62.5 10.32
62.6 10.2
62.7 10.08
62.8 10.32
62.9 10.2
63 10.08
63.1 10.2
63.2 9.96
63.3 10.2
63.4 10.2
63.5 9.96
63.6 10.2
63.7 9.96
63.8 10.2
63.9 10.2
64 9.96
64.1 10.08
64.2 9.96
64.3 10.2
64.4 10.08
64.5 9.96
64.6 10.08
64.7 10.08
64.8 9.96
64.9 10.08
65 9.84
65.1 10.08
65.2 10.2
65.3 9.84
65.4 10.08
65.5 9.84
65.6 10.08
65.7 10.08
65.8 9.84
65.9 10.08
66 9.84
66.1 10.08
66.2 10.08
66.3 9.84
66.4 10.08
66.5 10.08
66.6 9.84
66.7 10.08
66.8 9.84
66.9 10.08
67 10.08
67.1 9.84
67.2 10.08
67.3 9.84
67.4 10.2
67.5 10.08
67.6 9.84
67.7 10.2
67.8 9.84
67.9 10.08
68 10.2
68.1 9.84
68.2 10.2
68.3 10.2
68.4 9.84
68.5 10.2
68.6 0.84
68.7 5.4
68.8 10.08
68.9 9.96
69 11.4
69.1 9.96
69.2 10.44
69.3 10.32
69.4 10.2
69.5 10.44
69.6 10.32
69.7 10.44
69.8 10.56
69.9 10.2
70 10.56
70.1 10.44
70.2 10.2
70.3 10.56
70.4 10.2
70.5 10.44
70.6 10.44
70.7 10.2
70.8 10.44
70.9 10.08
71 10.44
71.1 10.44
71.2 10.08
71.3 10.32
71.4 10.08
71.5 10.44
71.6 10.32
71.7 10.08
71.8 10.32
71.9 10.2
72 10.08
72.1 10.32
72.2 9.96
72.3 10.2
72.4 10.32
72.5 9.96
72.6 10.2
72.7 10.08
72.8 10.2
72.9 10.2
73 9.96
73.1 10.2
73.2 9.84
73.3 10.2
73.4 10.2
73.5 9.84
73.6 10.2
73.7 10.2
73.8 9.84
73.9 10.2
74 9.84
74.1 10.08
74.2 10.2
74.3 9.84
74.4 10.08
74.5 9.84
74.6 10.2
74.7 10.08
74.8 9.84
74.9 10.08
75 9.84
75.1 10.08
75.2 10.08
75.3 9.84
75.4 10.08
75.5 10.08
75.6 9.84
75.7 10.08
75.8 9.84
75.9 10.08
76 10.08
76.1 9.84
76.2 10.08
76.3 9.84
76.4 10.08
76.5 10.08
76.6 9.84
76.7 10.2
76.8 9.84
76.9 10.08
77 10.08
77.1 9.96
77.2 10.08
77.3 10.2
77.4 9.84
77.5 10.2
77.6 9.84
77.7 10.2
77.8 10.08
77.9 9.96
78 10.2
78.1 9.84
78.2 10.2
78.3 10.2
78.4 9.84
78.5 10.2
78.6 9.96
78.7 10.2
78.8 10.2
78.9 9.96
79 10.2
79.1 10.2
79.2 9.96
79.3 10.2
79.4 10.08
79.5 10.2
79.6 10.32
79.7 10.08
79.8 10.32
79.9 10.08
80 10.32
80.1 10.32
80.2 10.08
80.3 10.32
80.4 10.2
80.5 10.32
80.6 10.44
80.7 10.2
80.8 10.44
80.9 10.44
81 10.2
81.1 10.44
81.2 10.2
81.3 9
81.4 0
81.5 6
81.6 9.96
81.7 9.96
81.8 11.52
81.9 9.96
82 9.96
82.1 9.96
82.2 10.92
82.3 10.32
82.4 10.44
82.5 10.2
82.6 10.56
82.7 10.56
82.8 10.32
82.9 10.56
83 10.32
83.1 10.56
83.2 10.56
83.3 10.32
83.4 10.56
83.5 10.2
83.6 10.56
83.7 10.56
83.8 10.2
83.9 10.44
84 10.32
84.1 10.44
84.2 10.44
84.3 10.2
84.4 10.44
84.5 10.44
84.6 10.08
84.7 10.44
84.8 10.08
84.9 10.32
85 10.44
85.1 10.08
85.2 10.32
85.3 10.08
85.4 10.32
85.5 10.32
85.6 9.96
85.7 10.32
85.8 9.96
85.9 10.32
86 10.2
86.1 10.08
86.2 10.2
86.3 10.2
86.4 9.96
86.5 6.12
86.6 0
86.7 8.64
86.8 10.08
86.9 9.96
87 10.44
87.1 9.96
87.2 10.08
87.3 9.96
87.4 10.68
87.5 10.08
87.6 10.32
87.7 10.32
87.8 10.08
87.9 10.32
88 10.2
88.1 10.32
88.2 10.32
88.3 10.2
88.4 10.32
88.5 10.08
88.6 10.44
88.7 10.32
88.8 10.08
88.9 10.32
89 10.2
89.1 10.08
89.2 10.32
89.3 10.08
89.4 10.2
89.5 10.2
89.6 10.08
89.7 10.2
89.8 9.96
89.9 10.2
90 10.32
90.1 9.96
90.2 10.08
90.3 9.96
90.4 10.2
90.5 10.2
90.6 9.96
90.7 10.08
90.8 10.2
90.9 9.96
91 10.08
91.1 9.96
91.2 10.08
91.3 10.2
91.4 9.84
91.5 10.08
91.6 9.84
91.7 10.08
91.8 10.2
91.9 9.84
92 10.08
92.1 9.84
92.2 10.08
92.3 10.08
92.4 9.84
92.5 10.08
92.6 10.08
92.7 9.84
92.8 10.08
92.9 9.84
93 10.08
93.1 10.08
93.2 9.84
93.3 10.08
93.4 9.84
93.5 10.08
93.6 10.08
93.7 9.84
93.8 10.08
93.9 9.84
94 10.2
94.1 10.08
94.2 9.84
94.3 10.2
94.4 10.08
94.5 9.84
94.6 10.2
94.7 9.84
94.8 10.2
94.9 10.2
95 9.84
95.1 10.2
95.2 9.96
95.3 10.08
95.4 10.2
95.5 9.84
95.6 10.2
95.7 10.2
95.8 9.84
95.9 10.2
96 9.96
96.1 10.2
96.2 10.2
96.3 9.96
96.4 10.32
96.5 9.96
96.6 10.32
96.7 10.2
96.8 10.08
96.9 10.32
97 9.96
97.1 10.32
97.2 10.32
97.3 10.08
97.4 10.44
97.5 10.32
97.6 10.08
97.7 10.44
97.8 10.08
97.9 10.44
98 10.44
98.1 10.2
98.2 10.44
98.3 10.2
98.4 10.56
98.5 10.44
98.6 10.2
98.7 10.56
98.8 10.32
98.9 3
99 1.8
99.1 9.96
99.2 9.96
99.3 9.96
99.4 11.64
99.5 9.96
99.6 9.96
99.7 10.44
99.8 10.8
99.9 10.08
100 10.56
