0 0
0.1 0
0.2 0
0.3 0
0.4 0
0.5 0
0.6 0
0.7 0
0.8 0
0.9 0
1 0
1.1 0
1.2 0
1.3 55
1.4 136
1.5 164
1.6 272
1.7 334
1.8 399
1.9 470
2 502
2.1 519
2.2 519
2.3 523
2.4 526
2.5 531
2.6 534
2.7 537
2.8 542
2.9 544
3 547
3.1 549
3.2 552
3.3 555
3.4 560
3.5 562
3.6 566
3.7 569
3.8 574
3.9 577
4 578
4.1 558
4.2 547
4.3 549
4.4 552
4.5 558
4.6 566
4.7 574
4.8 587
4.9 552
5 538
5.1 533
5.2 537
5.3 539
5.4 545
5.5 549
5.6 554
5.7 559
5.8 564
5.9 561
6 562
6.1 568
6.2 571
6.3 575
6.4 579
6.5 585
6.6 588
6.7 593
6.8 597
6.9 600
7 605
7.1 607
7.2 611
7.3 617
7.4 620
7.5 626
7.6 629
7.7 633
7.8 637
7.9 642
8 645
8.1 649
8.2 652
8.3 658
8.4 663
8.5 665
8.6 671
8.7 674
8.8 678
8.9 683
9 687
9.1 691
9.2 696
9.3 700
9.4 703
9.5 706
9.6 712
9.7 717
9.8 719
9.9 725
10 729
10.1 733
10.2 738
10.3 732
10.4 724
10.5 717
10.6 711
10.7 703
10.8 696
10.9 688
11 683
11.1 676
11.2 669
11.3 662
11.4 654
11.5 661
11.6 664
11.7 669
11.8 672
11.9 679
12 686
12.1 690
12.2 698
12.3 704
12.4 713
12.5 721
12.6 761
12.7 811
12.8 860
12.9 910
13 959
13.1 969
13.2 980
13.3 992
13.4 1002
13.5 1015
13.6 1026
13.7 1039
13.8 1044
13.9 1052
14 1060
14.1 1069
14.2 1079
14.3 1088
14.4 1099
14.5 1119
14.6 1161
14.7 1204
14.8 1242
14.9 1284
15 1323
15.1 1365
15.2 1407
15.3 1437
15.4 1440
15.5 1446
15.6 1453
15.7 1459
15.8 1467
15.9 1477
16 1485
16.1 1494
16.2 1511
16.3 1530
16.4 1550
16.5 1574
16.6 1597
16.7 1623
16.8 1648
16.9 1674
17 1699
17.1 1724
17.2 1748
17.3 1774
17.4 1801
17.5 1829
17.6 1858
17.7 1886
17.8 1917
17.9 1946
18 1975
18.1 1993
18.2 2003
18.3 2010
18.4 2016
18.5 2021
18.6 2026
18.7 2026
18.8 2026
18.9 2028
19 2027
19.1 2030
19.2 2030
19.3 2032
19.4 2031
19.5 2033
19.6 2033
19.7 2035
19.8 2033
19.9 2034
20 2035
20.1 2035
20.2 2036
20.3 2036
20.4 2038
20.5 2039
20.6 2040
20.7 2039
20.8 2039
20.9 2039
21 2037
21.1 2037
21.2 2038
21.3 2037
21.4 2034
21.5 2033
21.6 2033
21.7 2033
21.8 2032
21.9 2033
22 2032
22.1 2033
22.2 2032
22.3 2033
22.4 2032
22.5 2033
22.6 2019
22.7 1999
22.8 1982
22.9 1964
23 1945
23.1 1927
23.2 1908
23.3 1890
23.4 1871
23.5 1853
23.6 1834
23.7 1817
23.8 1797
23.9 1778
24 1760
24.1 1740
24.2 1722
24.3 1705
24.4 1684
24.5 1668
24.6 1646
24.7 1624
24.8 1607
24.9 1607
25 1607
25.1 1607
25.2 1608
25.3 1609
25.4 1608
25.5 1608
25.6 1607
25.7 1607
25.8 1607
25.9 1607
26 1608
26.1 1609
26.2 1608
26.3 1608
26.4 1608
26.5 1609
26.6 1616
26.7 1636
26.8 1653
26.9 1672
27 1691
27.1 1709
27.2 1728
27.3 1748
27.4 1765
27.5 1785
27.6 1802
27.7 1820
27.8 1840
27.9 1858
28 1877
28.1 1897
28.2 1920
28.3 1942
28.4 1945
28.5 1947
28.6 1951
28.7 1956
28.8 1959
28.9 1962
29 1966
29.1 1968
29.2 1972
29.3 1976
29.4 1978
29.5 1983
29.6 1984
29.7 1989
29.8 1994
29.9 1995
30 2000
30.1 2003
30.2 2006
30.3 2011
30.4 2020
30.5 2027
30.6 2032
30.7 2038
30.8 2044
30.9 2049
31 2054
31.1 2061
31.2 2066
31.3 2070
31.4 2071
31.5 2071
31.6 2070
31.7 2070
31.8 2071
31.9 2071
32 2068
32.1 2070
32.2 2067
32.3 2061
32.4 2058
32.5 2054
32.6 2049
32.7 2039
32.8 2031
32.9 2025
33 2019
33.1 2011
33.2 2002
33.3 1995
33.4 1987
33.5 1982
33.6 1978
33.7 1936
33.8 1888
33.9 1841
34 1799
34.1 1754
34.2 1711
34.3 1668
34.4 1623
34.5 1582
34.6 1544
34.7 1506
34.8 1461
34.9 1417
35 1372
35.1 1333
35.2 1293
35.3 1254
35.4 1215
35.5 1175
35.6 1135
35.7 1112
35.8 1093
35.9 1048
36 990
36.1 932
36.2 875
36.3 815
36.4 1117
36.5 1866
36.6 2007
36.7 1923
36.8 1840
36.9 1757
37 1674
37.1 1604
37.2 1541
37.3 1478
37.4 1414
37.5 1365
37.6 1321
37.7 1352
37.8 1399
37.9 1441
38 1490
38.1 1536
38.2 1586
38.3 1634
38.4 1680
38.5 1730
38.6 1777
38.7 1825
38.8 1874
38.9 1920
39 1969
39.1 2018
39.2 2064
39.3 2070
39.4 2012
39.5 1963
39.6 1964
39.7 1966
39.8 1970
39.9 1975
40 1977
40.1 1981
40.2 1986
40.3 1990
40.4 1995
40.5 2000
40.6 2003
40.7 2008
40.8 2013
40.9 2015
41 2022
41.1 2026
41.2 2028
41.3 2034
41.4 2047
41.5 2059
41.6 2034
41.7 1983
41.8 1943
41.9 1902
42 1861
42.1 1820
42.2 1780
42.3 1740
42.4 1698
42.5 1657
42.6 1617
42.7 1576
42.8 1535
42.9 1494
43 1454
43.1 1412
43.2 1373
43.3 1331
43.4 1296
43.5 1262
43.6 1226
43.7 1202
43.8 1187
43.9 1190
44 1965
44.1 2052
44.2 1995
44.3 1937
44.4 1880
44.5 1823
44.6 1766
44.7 1698
44.8 1630
44.9 1562
45 1495
45.1 1427
45.2 1359
45.3 1291
45.4 1218
45.5 1151
45.6 1121
45.7 1136
45.8 1176
45.9 1218
46 1259
46.1 1305
46.2 1351
46.3 1399
46.4 1444
46.5 1491
46.6 1536
46.7 1581
46.8 1629
46.9 1626
47 1566
47.1 1498
47.2 1416
47.3 1385
47.4 1358
47.5 1333
47.6 1308
47.7 1269
47.8 1217
47.9 1168
48 1118
48.1 1067
48.2 1017
48.3 968
48.4 917
48.5 868
48.6 830
48.7 801
48.8 897
48.9 831
49 980
49.1 1041
49.2 1017
49.3 998
49.4 997
49.5 1428
49.6 1743
49.7 1660
49.8 1576
49.9 1441
50 1301
50.1 1237
50.2 1189
50.3 1186
50.4 1192
50.5 1217
50.6 1250
50.7 1298
50.8 1349
50.9 1399
51 1446
51.1 1497
51.2 1545
51.3 1596
51.4 1646
51.5 1694
51.6 1744
51.7 1793
51.8 1843
51.9 1892
52 1919
52.1 1946
52.2 1973
52.3 2000
52.4 2005
52.5 2010
52.6 2014
52.7 2018
52.8 2023
52.9 2029
53 2034
53.1 2040
53.2 2045
53.3 2048
53.4 2052
53.5 2056
53.6 2063
53.7 2068
53.8 2069
53.9 2069
54 2070
54.1 2071
54.2 2069
54.3 2069
54.4 2069
54.5 2070
54.6 2069
54.7 2070
54.8 2069
54.9 2069
55 2069
55.1 2070
55.2 2070
55.3 2070
55.4 2071
55.5 2071
55.6 2069
55.7 2070
55.8 2069
55.9 2069
56 2069
56.1 2065
56.2 2024
56.3 1979
56.4 1935
56.5 1892
56.6 1852
56.7 1809
56.8 1765
56.9 1725
57 1690
57.1 1651
57.2 1606
57.3 1560
57.4 1514
57.5 1469
57.6 1423
57.7 1378
57.8 1334
57.9 1291
58 1244
58.1 1196
58.2 1150
58.3 1114
58.4 1081
58.5 1099
58.6 1128
58.7 1224
58.8 1141
58.9 1157
59 1457
59.1 1373
59.2 1290
59.3 1207
59.4 1126
59.5 1044
59.6 961
59.7 882
59.8 814
59.9 741
60 681
60.1 609
60.2 601
60.3 598
60.4 607
60.5 615
60.6 625
60.7 633
60.8 641
60.9 652
61 660
61.1 668
61.2 657
61.3 656
61.4 657
61.5 656
61.6 656
61.7 655
61.8 656
61.9 656
62 656
62.1 654
62.2 658
62.3 662
62.4 667
62.5 671
62.6 674
62.7 680
62.8 684
62.9 688
63 692
63.1 695
63.2 700
63.3 705
63.4 710
63.5 720
63.6 727
63.7 737
63.8 747
63.9 753
64 764
64.1 771
64.2 781
64.3 790
64.4 797
64.5 803
64.6 809
64.7 814
64.8 817
64.9 820
65 826
65.1 832
65.2 834
65.3 840
65.4 844
65.5 848
65.6 853
65.7 857
65.8 861
65.9 864
66 869
66.1 872
66.2 878
66.3 881
66.4 886
66.5 890
66.6 893
66.7 899
66.8 902
66.9 908
67 911
67.1 914
67.2 920
67.3 924
67.4 929
67.5 932
67.6 934
67.7 940
67.8 946
67.9 948
68 952
68.1 955
68.2 961
68.3 967
68.4 969
68.5 973
68.6 976
68.7 983
68.8 988
68.9 994
69 999
69.1 1006
69.2 1014
69.3 1023
69.4 1031
69.5 1040
69.6 1052
69.7 1060
69.8 1073
69.9 1083
70 1094
70.1 1106
70.2 1117
70.3 1131
70.4 1143
70.5 1154
70.6 1167
70.7 1178
70.8 1189
70.9 1202
71 1214
71.1 1224
71.2 1235
71.3 1247
71.4 1272
71.5 1295
71.6 1319
71.7 1344
71.8 1369
71.9 1397
72 1421
72.1 1447
72.2 1474
72.3 1502
72.4 1528
72.5 1557
72.6 1585
72.7 1615
72.8 1643
72.9 1670
73 1681
73.1 1684
73.2 1686
73.3 1688
73.4 1690
73.5 1686
73.6 1680
73.7 1677
73.8 1672
73.9 1667
74 1663
74.1 1657
74.2 1653
74.3 1649
74.4 1646
74.5 1641
74.6 1635
74.7 1632
74.8 1628
74.9 1621
75 1618
75.1 1614
75.2 1607
75.3 1606
75.4 1606
75.5 1609
75.6 1609
75.7 1608
75.8 1609
75.9 1608
76 1608
76.1 1607
76.2 1607
76.3 1609
76.4 1609
76.5 1608
76.6 1608
76.7 1607
76.8 1609
76.9 1610
77 1607
77.1 1611
77.2 1616
77.3 1620
77.4 1623
77.5 1629
77.6 1634
77.7 1638
77.8 1644
77.9 1646
78 1653
78.1 1657
78.2 1660
78.3 1666
78.4 1671
78.5 1675
78.6 1681
78.7 1685
78.8 1688
78.9 1688
79 1690
79.1 1689
79.2 1689
79.3 1690
79.4 1691
79.5 1690
79.6 1690
79.7 1688
79.8 1690
79.9 1691
80 1691
80.1 1692
80.2 1691
80.3 1691
80.4 1692
80.5 1693
80.6 1694
80.7 1693
80.8 1695
80.9 1695
81 1698
81.1 1699
81.2 1699
81.3 1701
81.4 1701
81.5 1701
81.6 1703
81.7 1704
81.8 1707
81.9 1709
82 1709
82.1 1710
82.2 1710
82.3 1713
82.4 1715
82.5 1715
82.6 1715
82.7 1715
82.8 1716
82.9 1716
83 1717
83.1 1716
83.2 1717
83.3 1717
83.4 1717
83.5 1719
83.6 1719
83.7 1721
83.8 1719
83.9 1723
84 1724
84.1 1723
84.2 1724
84.3 1726
84.4 1727
84.5 1729
84.6 1728
84.7 1732
84.8 1734
84.9 1734
85 1735
85.1 1736
85.2 1736
85.3 1738
85.4 1739
85.5 1739
85.6 1741
85.7 1741
85.8 1743
85.9 1742
86 1745
86.1 1744
86.2 1746
86.3 1746
86.4 1746
86.5 1750
86.6 1750
86.7 1751
86.8 1753
86.9 1752
87 1751
87.1 1744
87.2 1737
87.3 1732
87.4 1726
87.5 1717
87.6 1709
87.7 1703
87.8 1695
87.9 1687
88 1681
88.1 1672
88.2 1666
88.3 1659
88.4 1651
88.5 1641
88.6 1632
88.7 1626
88.8 1615
88.9 1608
89 1606
89.1 1606
89.2 1609
89.3 1609
89.4 1608
89.5 1609
89.6 1607
89.7 1608
89.8 1606
89.9 1607
90 1608
90.1 1609
90.2 1607
90.3 1608
90.4 1609
90.5 1608
90.6 1609
90.7 1608
90.8 1616
90.9 1622
91 1631
91.1 1636
91.2 1645
91.3 1653
91.4 1659
91.5 1665
91.6 1674
91.7 1681
91.8 1691
91.9 1698
92 1705
92.1 1713
92.2 1719
92.3 1729
92.4 1737
92.5 1740
92.6 1739
92.7 1741
92.8 1742
92.9 1743
93 1744
93.1 1744
93.2 1744
93.3 1744
93.4 1745
93.5 1747
93.6 1747
93.7 1749
93.8 1748
93.9 1749
94 1749
94.1 1749
94.2 1752
94.3 1752
94.4 1753
94.5 1753
94.6 1756
94.7 1757
94.8 1760
94.9 1762
95 1763
95.1 1765
95.2 1766
95.3 1768
95.4 1770
95.5 1773
95.6 1775
95.7 1778
95.8 1781
95.9 1781
96 1783
96.1 1783
96.2 1787
96.3 1789
96.4 1783
96.5 1781
96.6 1777
96.7 1774
96.8 1771
96.9 1766
97 1765
97.1 1761
97.2 1757
97.3 1756
97.4 1756
97.5 1754
97.6 1754
97.7 1752
97.8 1752
97.9 1752
98 1751
98.1 1750
98.2 1750
98.3 1754
98.4 1755
98.5 1758
98.6 1761
98.7 1764
98.8 1768
98.9 1772
99 1774
99.1 1777
99.2 1777
99.3 1780
99.4 1780
99.5 1781
99.6 1782
99.7 1782
99.8 1783
99.9 1783
100 1783
