0.200111 1
2.66152 1.06702
2.67354 1.07871
2.70478 1.10608
2.71679 1.111
2.84416 1.24264
2.84657 1.2501
2.84897 1.24362
2.85137 1.23041
2.85378 1.21098
2.85618 1.19029
2.85858 1.16833
2.86099 1.1451
2.86339 1.12397
2.86579 1.10267
2.8682 1.08414
2.8706 1.06691
2.873 1.05108
2.87541 1.03665
2.87781 1.02248
2.88021 1.01113
2.88261 1.0009
2.88502 1
3.40651 1.0137
3.41973 1.00375
3.46179 1.02985
3.475 1.01673
3.49663 1.01685
3.50985 1.00569
3.54229 1.02093
3.55431 1.00986
3.62761 1.06907
3.64082 1.05088
3.67327 1.05317
3.68528 1.03909
3.81866 1.15758
3.82106 1.13692
3.82347 1.11834
3.82587 1.10257
3.82827 1.08736
3.83068 1.0739
3.83308 1.06201
3.83548 1.05151
3.83789 1.04314
3.84029 1.03464
3.84269 1.02724
3.8451 1.02077
3.8475 1.01513
3.8499 1.01108
3.85231 1.00642
3.85471 1.00241
3.85711 1
3.9196 1.00411
3.93161 1.00699
3.93401 1.00235
3.94122 1
4.1467 1.00746
4.16232 1.0138
4.17433 1.01521
4.18635 1.01554
4.19957 1.01627
4.21158 1.01502
4.22721 1.01811
4.23922 1.01844
4.25244 1.01918
4.26445 1.01906
4.27647 1.01727
4.29209 1.02002
4.2993 1.01478
4.30651 1.01076
4.31973 1.01336
4.35457 1.04059
4.36659 1.03322
4.40024 1.05219
4.41465 1.04354
4.45791 1.07047
4.47233 1.05672
4.49516 1.05637
4.50718 1.04484
4.54323 1.06206
4.55524 1.05047
4.63094 1.1111
4.64536 1.09151
4.67901 1.09383
4.69102 1.08059
4.83281 1.20576
4.83521 1.18215
4.83762 1.16235
4.84002 1.14387
4.84242 1.12775
4.84483 1.11455
4.84723 1.1019
4.84963 1.09179
4.85204 1.08189
4.85444 1.07332
4.85684 1.06679
4.85925 1.06001
4.86165 1.05506
4.86405 1.04968
4.86646 1.0451
4.86886 1.04206
4.87126 1.03834
4.87367 1.03608
4.87607 1.03306
4.87847 1.03055
4.88088 1.02932
4.88328 1.02719
4.88568 1.02632
4.88809 1.02452
4.89049 1.02395
4.89289 1.02329
4.89529 1.02173
4.90731 1.03024
4.91933 1.03454
4.93495 1.04041
4.94696 1.04272
4.94937 1.03977
4.95658 1.03621
4.96499 1.03452
4.96979 1.03104
4.9722 1.03104
4.97941 1.03077
4.98662 1.02919
4.98902 1.02967
4.99623 1.02973
5.00704 1.03402
5.00945 1.03314
5.02387 1.03173
5.03708 1.03125
5.0491 1.03577
5.06112 1.04324
5.07914 1.04698
5.08875 1.05603
5.10437 1.06187
5.11639 1.06887
5.13682 1.06921
5.15364 1.06787
5.17166 1.06456
5.18969 1.06005
5.20891 1.05403
5.22453 1.04986
5.24136 1.04609
5.25938 1.04093
5.2774 1.03592
5.29423 1.03205
5.31225 1.02812
5.33508 1.01992
5.3495 1.0172
5.37233 1.01237
5.39035 1.00862
5.40958 1.00683
5.43001 1.00866
5.45043 1.01178
5.46726 1.01234
5.48768 1.01453
5.50571 1.01555
5.52493 1.01689
5.54536 1.02068
5.56338 1.02267
5.58501 1.02793
5.60544 1.03416
5.62827 1.04319
5.64509 1.04717
5.66552 1.05105
5.68595 1.05482
5.70277 1.05508
5.7232 1.0575
5.74603 1.0636
5.76645 1.06871
5.78688 1.07307
5.80851 1.07912
5.82894 1.08396
5.85177 1.0913
5.86859 1.09344
5.87099 1.07777
5.8734 1.07896
5.8758 1.09159
5.88902 1.09945
5.90584 1.10297
5.92386 1.10172
5.93828 1.1
5.9515 1.09968
5.96352 1.10102
5.98154 1.09796
5.99716 1.09385
6.01398 1.08913
6.03081 1.08322
6.05123 1.07318
6.06926 1.06346
6.08608 1.05512
6.10651 1.04531
6.12453 1.03664
6.14376 1.02812
6.16178 1.02086
6.18221 1.01117
6.19903 1.00468
6.21946 1
6.44536 1.00255
6.46218 1.0036
6.48261 1.00607
6.50063 1.00835
6.51986 1.01046
6.53788 1.0113
6.55831 1.01466
6.57513 1.01515
6.59556 1.01709
6.61599 1.01999
6.63281 1.02011
6.65324 1.02288
6.67126 1.024
6.69049 1.02515
6.70851 1.02518
6.72894 1.02673
6.74816 1.02928
6.76619 1.03023
6.78661 1.03234
6.80464 1.03297
6.82386 1.03485
6.84069 1.03419
6.86111 1.03634
6.87433 1.03136
6.89115 1.02621
6.91158 1.02445
6.9284 1.02165
6.94643 1.01936
6.96445 1.01747
6.98368 1.01703
7.0017 1.01646
7.02213 1.01919
7.03895 1.01848
7.05938 1.02109
7.0774 1.02252
7.09542 1.02313
7.11465 1.02431
7.13147 1.0236
7.1519 1.02615
7.16992 1.02748
7.18915 1.03021
7.20717 1.03158
7.2276 1.03428
7.24683 1.0367
7.26485 1.03777
7.28528 1.04129
7.3021 1.0419
7.32253 1.04393
7.34055 1.04464
7.35857 1.04446
7.3778 1.04483
7.39582 1.04445
7.41505 1.04584
7.43548 1.04842
7.4535 1.0495
7.47273 1.05182
7.49075 1.0527
7.51118 1.05596
7.528 1.0563
7.54843 1.05804
7.56525 1.05734
7.58568 1.0584
7.6037 1.05839
7.62293 1.05882
7.64215 1.06066
7.66138 1.06232
7.6782 1.06159
7.69863 1.06265
7.71665 1.06267
7.73588 1.06313
7.7539 1.06277
7.77433 1.06526
7.79355 1.06852
7.81158 1.06998
7.83201 1.07359
7.84883 1.07298
7.86925 1.07517
7.88728 1.07585
7.9053 1.07552
7.92453 1.07567
7.94135 1.0739
7.96178 1.07427
7.9798 1.07385
7.99903 1.07517
8.01705 1.07541
8.03748 1.07718
8.0543 1.07658
8.07473 1.0778
8.09275 1.07798
8.11198 1.07972
8.13 1.08137
8.15043 1.08407
8.16725 1.08406
8.18648 1.08449
8.2057 1.08522
8.22493 1.08616
8.24295 1.08612
8.26338 1.08881
8.2802 1.0888
8.30063 1.09036
8.31745 1.08959
8.33788 1.09066
8.3559 1.09072
8.37513 1.09236
8.39556 1.09505
8.41358 1.09616
8.43281 1.09844
8.45083 1.09924
8.47005 1.10129
8.48808 1.1019
8.5061 1.10156
8.52653 1.10285
8.54335 1.10186
8.56378 1.10274
8.58421 1.10602
8.60103 1.10635
8.62146 1.10809
8.63948 1.10851
8.65871 1.10918
8.67673 1.10889
8.69596 1.10911
8.71398 1.10857
8.73321 1.10979
8.75123 1.10994
8.77166 1.11276
8.78968 1.11396
8.80891 1.11518
8.82693 1.1153
8.84736 1.11805
8.86418 1.11804
8.88461 1.11956
8.90263 1.11986
8.92186 1.12046
8.93988 1.12016
8.96031 1.12264
8.97953 1.12472
8.99756 1.12537
9.01678 1.1262
9.03481 1.12601
9.05283 1.12517
9.07326 1.1273
9.09008 1.12803
9.11051 1.13008
9.12733 1.1296
9.14776 1.13083
9.16578 1.13096
9.18501 1.13261
9.20303 1.13301
9.22346 1.13484
9.24268 1.13648
9.26071 1.13686
9.27993 1.13751
9.29796 1.13724
9.31598 1.13637
9.33641 1.1385
9.35323 1.13814
9.37366 1.13949
9.39168 1.13973
9.41091 1.1415
9.43133 1.14539
9.44936 1.14727
9.46858 1.14891
9.48661 1.14923
9.50704 1.15207
9.52386 1.15092
9.54429 1.15277
9.56111 1.15211
9.57913 1.15093
9.59956 1.15168
9.61878 1.15263
9.63681 1.15257
9.65724 1.15523
9.67406 1.15519
9.69449 1.15672
9.71251 1.15705
9.73173 1.15882
9.74976 1.15931
9.77019 1.1623
9.78941 1.16469
9.80744 1.16552
9.82666 1.16643
9.84469 1.16626
9.86271 1.16539
9.88314 1.16746
9.89996 1.16587
9.92039 1.16748
9.93721 1.16675
9.95764 1.16784
9.97806 1.17127
9.99489 1.17061
10.0153 1.17285
10.0333 1.17364
10.0526 1.17457
10.0706 1.1756
10.091 1.17895
10.1078 1.17817
10.1271 1.17916
10.1463 1.18021
10.1655 1.1813
10.1835 1.18129
10.204 1.1828
10.2208 1.18196
10.2412 1.18406
10.2592 1.18475
10.2785 1.18562
10.2965 1.18548
10.3169 1.18694
10.3337 1.18608
10.3542 1.18821
10.371 1.18669
10.3914 1.18951
10.4094 1.19073
10.4287 1.19197
10.4467 1.1921
10.4671 1.19487
10.4839 1.19375
10.5044 1.19568
10.5224 1.19627
10.5416 1.19709
10.5596 1.19693
10.5801 1.19952
10.5993 1.20167
10.6173 1.20238
10.6377 1.20436
10.6546 1.2038
10.6738 1.20382
10.693 1.20537
10.7098 1.20456
10.7303 1.2067
10.7471 1.2063
10.7675 1.20759
10.7879 1.21001
10.8048 1.20979
10.8252 1.21231
10.8432 1.21326
10.8624 1.21429
10.8805 1.21423
10.9009 1.21572
10.9177 1.21486
10.9369 1.21471
10.9562 1.21618
10.9754 1.21761
10.9934 1.21787
11.0138 1.21961
11.0307 1.22007
11.0511 1.22306
11.0691 1.22434
11.0883 1.22557
11.1064 1.22564
11.1268 1.2272
11.1436 1.22637
11.164 1.22847
11.1833 1.23027
11.2013 1.23073
11.2205 1.23141
11.2385 1.23113
11.2566 1.23022
11.277 1.23118
11.2938 1.23002
11.3142 1.23198
11.3323 1.23264
11.3515 1.23468
11.3719 1.23762
11.3899 1.23888
11.4092 1.24123
12.5026 1.31878
12.5219 1.36411
13.6934 1.32392
13.7018 1.29678
13.709 1.27912
13.7174 1.26835
13.7222 1.25914
13.7295 1.2535
13.7379 1.25156
13.7463 1.25334
13.7547 1.25649
13.7631 1.26167
13.7703 1.26589
13.7787 1.27054
13.7859 1.27429
13.7943 1.27965
13.8016 1.28378
13.81 1.28814
13.8172 1.29263
13.8256 1.29715
13.8328 1.30052
13.84 1.30533
13.8484 1.30996
13.8556 1.31327
13.8652 1.31906
13.8737 1.3242
13.8821 1.32998
13.8893 1.33386
13.8977 1.33757
13.9049 1.34002
13.9133 1.34388
13.9205 1.34641
13.9289 1.34919
13.9361 1.35213
13.9433 1.35405
13.9518 1.35644
13.959 1.35802
13.9674 1.36134
13.9746 1.36357
13.9842 1.36846
13.9926 1.37284
14.001 1.37796
14.0082 1.3813
14.0166 1.38454
14.0239 1.38659
14.0323 1.3901
14.0395 1.39234
14.0467 1.39374
14.0551 1.39685
14.0623 1.39887
14.0707 1.40129
14.0779 1.40399
14.0863 1.40802
14.0935 1.41066
14.1032 1.41575
14.1116 1.42019
14.12 1.42416
14.1272 1.42779
14.1356 1.43118
14.1428 1.43327
14.15 1.43564
14.1584 1.4382
14.1656 1.43979
14.1741 1.44299
14.1813 1.44503
14.1897 1.44743
14.1969 1.44896
14.2053 1.45218
14.2125 1.45429
14.2221 1.45904
14.2305 1.46328
14.2389 1.46715
14.2461 1.47075
14.2546 1.47415
14.2618 1.47628
14.2702 1.47983
14.2774 1.48207
14.2858 1.48456
14.293 1.48725
14.3014 1.49007
14.3086 1.49185
14.317 1.49634
14.3243 1.49924
14.3327 1.5022
14.3411 1.50632
14.3507 1.51121
14.3579 1.51431
14.3663 1.51847
14.3735 1.52105
14.3819 1.52372
14.3891 1.52644
14.3975 1.52922
14.4048 1.53091
14.4132 1.53414
14.4204 1.53617
14.4288 1.53852
14.436 1.53999
14.4444 1.54314
14.4516 1.54517
14.6564 1.76922
15.2663 1.80184
15.2747 1.81609
15.2855 1.82122
15.2927 1.81468
15.3012 1.80399
15.3084 1.78869
15.3192 1.77419
15.3276 1.75849
15.3384 1.74585
15.3456 1.73122
15.3564 1.71908
15.3648 1.70677
15.3744 1.69697
15.3841 1.6892
15.3913 1.67857
15.3997 1.66857
15.4105 1.66268
15.4189 1.65639
15.4297 1.65228
15.4369 1.64641
15.4465 1.64293
15.4562 1.64005
15.4646 1.63656
15.4754 1.63617
15.4826 1.6334
15.4934 1.63251
15.5018 1.63069
15.5102 1.62944
15.521 1.63089
15.5283 1.62853
15.5367 1.62594
15.5475 1.62664
15.5559 1.62621
15.5667 1.6273
15.5739 1.62603
15.5847 1.62773
15.5931 1.62804
15.6028 1.62856
15.6124 1.63035
15.6196 1.6296
15.628 1.62719
15.6388 1.62823
15.6472 1.62934
15.658 1.63274
15.6652 1.63202
15.6748 1.63191
15.6845 1.63338
15.6929 1.63365
15.7001 1.63199
15.7109 1.63246
15.7217 1.63551
15.7301 1.63686
15.7385 1.63707
15.7493 1.63989
15.7566 1.63994
15.765 1.63812
15.7758 1.63962
15.7842 1.64108
15.795 1.64475
15.8022 1.64423
15.8106 1.64317
15.8214 1.64515
15.8299 1.64579
15.8383 1.64553
15.8491 1.64806
15.8575 1.64906
15.8683 1.65128
15.8767 1.65204
15.8875 1.6552
15.8959 1.65654
15.9056 1.65778
15.9152 1.66007
15.9236 1.66079
15.9344 1.66383
15.9428 1.66389
15.95 1.6631
15.962 1.66626
15.9692 1.66642
15.9789 1.66569
15.9885 1.66667
15.9969 1.66654
16.0077 1.66793
16.0161 1.66923
16.0269 1.67157
16.0353 1.67346
16.0461 1.67616
16.0546 1.67711
16.063 1.67689
16.0738 1.67928
16.0822 1.68003
16.0906 1.67967
16.1014 1.68198
16.1098 1.68268
16.123 1.68794
16.1351 1.69504
16.1471 1.70327
16.1591 1.71097
16.1711 1.7193
16.1843 1.72905
16.1951 1.73731
16.2096 1.7467
16.2204 1.75443
16.2348 1.7643
16.2456 1.77208
16.2564 1.77722
16.2708 1.78502
16.2817 1.79114
16.2961 1.80055
16.3069 1.80531
16.3201 1.81252
16.3321 1.81904
16.3453 1.82504
16.3562 1.82951
16.3682 1.83405
16.3814 1.83975
16.3922 1.8428
16.4066 1.8486
16.4174 1.85282
16.4319 1.85935
16.4427 1.86287
16.4547 1.86662
16.4679 1.87166
16.4787 1.87529
16.4931 1.88135
16.504 1.8845
16.5172 1.89021
16.5292 1.89423
16.5424 1.89937
16.5532 1.90297
16.5652 1.90668
16.5785 1.91047
16.5893 1.91319
16.6037 1.9186
16.6145 1.92241
16.6289 1.9274
16.6397 1.93091
16.653 1.93568
16.665 1.94017
16.6758 1.9422
16.6902 1.94825
16.701 1.95246
16.7142 1.95655
16.7262 1.96057
16.7395 1.96565
16.7503 1.96918
16.7635 1.97281
16.7755 1.97651
16.7863 1.97914
16.8007 1.98445
16.8116 1.98705
16.826 1.99235
16.8368 1.99607
16.8512 2.00322
16.862 2.007
16.8728 2.00852
16.8873 2.01418
16.8981 2.01699
16.9113 2.02127
16.9233 2.02541
16.9365 2.03058
16.9473 2.03306
16.9618 2.03824
16.9726 2.04185
16.9834 2.04441
16.9978 2.04855
17.0086 2.0515
17.023 2.05817
17.0339 2.06054
17.0483 2.0668
17.0591 2.07113
17.0711 2.07528
17.0843 2.07931
17.0951 2.08213
17.1084 2.08642
17.1204 2.09056
17.1336 2.0946
17.1444 2.09746
17.1588 2.10291
17.1696 2.10671
17.1805 2.10828
17.1949 2.11289
17.2057 2.11617
17.2201 2.12194
17.2309 2.12486
17.2453 2.13149
17.2562 2.13608
17.2694 2.1404
17.2814 2.14454
17.2922 2.14742
17.3054 2.15174
17.3138 2.15027
17.3307 2.15289
17.3451 2.1538
17.3571 2.14912
17.3727 2.14424
17.3871 2.1394
17.4003 2.13252
17.4172 2.13012
17.4316 2.12635
17.4448 2.12068
17.4616 2.11841
17.4736 2.11402
17.4905 2.11287
17.5037 2.10946
17.5181 2.10689
17.5349 2.10612
17.5481 2.10548
17.5626 2.10386
17.577 2.10165
17.5902 2.09911
17.607 2.10094
17.6214 2.10121
17.6359 2.10044
17.6503 2.10014
17.6647 2.09906
17.6815 2.10201
17.6959 2.10313
17.7104 2.10415
17.7248 2.10396
17.7416 2.1075
17.7572 2.11124
17.7716 2.11282
17.7861 2.11404
17.8017 2.11503
17.8173 2.11812
17.8317 2.1192
17.8461 2.12007
17.8606 2.11966
17.8786 2.12406
17.893 2.12714
17.9074 2.12815
17.9218 2.12778
17.9387 2.12988
17.9531 2.13252
17.9675 2.13323
17.9819 2.13266
17.9987 2.13464
18.0144 2.13833
18.0288 2.13974
18.0432 2.14073
18.0576 2.14033
18.0744 2.1424
18.0889 2.14387
18.1033 2.14494
18.1213 2.1491
18.1357 2.15081
18.1501 2.15308
18.167 2.15573
18.179 2.1541
18.1958 2.15528
18.2102 2.15611
18.227 2.16009
18.2427 2.16276
18.2572 2.16452
18.2705 2.1634
18.2853 2.16379
18.2972 2.1607
18.3121 2.15875
18.3265 2.15651
18.3388 2.15189
18.3532 2.15031
18.3651 2.14632
18.38 2.14307
18.3944 2.14152
18.4088 2.14118
18.4211 2.13942
18.4356 2.13788
18.4479 2.13515
18.4623 2.1334
18.4746 2.13182
18.489 2.13089
18.5035 2.13012
18.5158 2.13033
18.5302 2.12981
18.5425 2.12997
18.5544 2.13164
18.5667 2.13068
18.5776 2.12984
18.5887 2.12894
18.5984 2.12822
18.6102 2.12878
18.6199 2.12793
18.6322 2.13066
18.6419 2.13012
18.6538 2.13188
18.6635 2.13292
18.6758 2.13457
18.6855 2.13548
18.6952 2.13587
18.7075 2.13704
18.7172 2.13759
18.7291 2.13996
18.74 2.14014
18.7511 2.14223
18.7608 2.14218
18.7727 2.14296
18.7824 2.14316
18.7947 2.14522
18.8044 2.14513
18.8167 2.14697
18.8264 2.14784
18.8382 2.14916
18.8479 2.14853
18.8577 2.14772
18.87 2.14795
18.8797 2.14775
18.8915 2.14954
18.9012 2.14926
18.9135 2.15097
18.9232 2.15175
18.9351 2.15302
18.9448 2.15236
18.9557 2.15266
18.9668 2.15249
18.9791 2.1554
18.9888 2.15583
19.0007 2.15683
19.0104 2.15709
19.0201 2.15685
19.0324 2.15741
19.0421 2.1574
19.0539 2.15812
19.0637 2.1571
19.076 2.1583
19.0857 2.15873
19.098 2.15977
19.1077 2.16009
19.1186 2.16104
19.1292 2.16129
19.1415 2.16332
19.1513 2.16427
19.161 2.16223
19.1728 2.16272
19.1825 2.16268
19.1948 2.16342
19.2045 2.16354
19.2168 2.16551
19.2265 2.16532
19.2384 2.16706
19.2481 2.16782
19.2578 2.16567
19.2701 2.16724
19.281 2.16905
19.2917 2.16873
19.304 2.17037
19.3137 2.17106
19.3234 2.16998
19.3343 2.17
19.345 2.16963
19.3573 2.17127
19.367 2.17088
19.3793 2.17362
19.389 2.17281
19.4008 2.17412
19.4105 2.17461
19.4202 2.17341
19.4325 2.17448
19.4435 2.17595
19.4541 2.17654
19.4638 2.17542
19.4735 2.17429
19.4858 2.17432
19.4981 2.17739
19.5078 2.17796
19.5197 2.17908
19.5294 2.17944
19.5417 2.18154
19.5526 2.18252
19.5633 2.18387
19.5756 2.18657
19.5853 2.18677
19.5976 2.18865
19.6085 2.19052
19.6191 2.19123
19.6314 2.19341
19.6411 2.1943
19.653 2.19431
19.6639 2.19487
19.675 2.1958
19.6873 2.19811
19.697 2.19905
19.7089 2.20021
19.7198 2.20036
19.7309 2.20098
19.7427 2.20305
19.7524 2.20268
19.7647 2.20408
19.7756 2.20552
19.7867 2.20586
19.7986 2.20771
19.8083 2.20831
19.8206 2.20919
19.8315 2.21027
19.8421 2.21146
19.8544 2.21273
19.8642 2.21292
19.8765 2.21464
19.8874 2.21512
19.898 2.2159
19.9103 2.21801
19.92 2.21762
19.9319 2.2178
19.9442 2.22065
19.9539 2.21963
19.9662 2.22165
19.9759 2.22121
19.9877 2.22138
20 2.22424
20.0098 2.22435
20.0221 2.22601
20.0313 2.22531
20.0436 2.22644
20.0559 2.22767
20.0656 2.22783
20.0775 2.22953
20.0898 2.23113
20.0995 2.23152
20.1118 2.23336
20.1215 2.23277
20.1333 2.23395
20.1456 2.23632
20.1553 2.23609
20.1672 2.23749
20.1795 2.23999
20.1892 2.23982
20.2015 2.24125
20.2134 2.24374
20.2231 2.24354
20.2354 2.24492
20.2451 2.24511
20.2569 2.24451
20.2692 2.24679
20.2789 2.24648
20.2912 2.24783
20.3031 2.25028
20.3128 2.25006
20.3251 2.25145
20.336 2.25279
20.3466 2.25295
20.3589 2.25347
20.3687 2.2531
20.381 2.25442
20.3919 2.25462
20.4025 2.2552
20.4148 2.25717
20.4245 2.25667
20.4364 2.25792
20.4473 2.25921
20.4584 2.25939
20.4707 2.26109
20.4804 2.26155
20.4936 2.26343
20.5033 2.26399
20.5147 2.2648
20.5256 2.26465
20.5363 2.265
20.5472 2.26569
20.5578 2.26438
20.5689 2.26401
20.5803 2.26542
20.5921 2.26689
20.6018 2.26614
20.6128 2.26618
20.6234 2.26564
20.6344 2.26585
20.6441 2.26547
20.6577 2.26695
20.6674 2.26743
20.6783 2.26835
20.689 2.26732
20.7008 2.26838
20.7105 2.2686
20.7233 2.27051
20.733 2.27127
20.7449 2.27239
20.7546 2.27149
20.7664 2.27263
20.7761 2.27289
20.7872 2.27257
20.7969 2.27074
20.8087 2.27133
20.8201 2.27243
20.8299 2.2716
20.8396 2.27064
20.8514 2.27073
20.8611 2.27043
20.8722 2.271
20.8819 2.26878
20.8924 2.26811
20.9034 2.26851
20.9131 2.26738
20.9246 2.26751
20.9343 2.26735
20.9461 2.26815
20.9558 2.26732
20.9656 2.26655
20.9753 2.26471
20.9871 2.26558
20.9968 2.26488
21.0079 2.26427
21.0176 2.26373
21.0273 2.26327
21.037 2.26368
21.0506 2.26558
21.0603 2.26672
21.07 2.26507
21.0797 2.26383
21.0915 2.26515
21.1013 2.26479
21.111 2.26395
21.1228 2.26497
21.1325 2.26442
21.1436 2.26507
21.155 2.26653
21.1647 2.26625
21.1744 2.26594
21.1863 2.26786
21.196 2.26675
21.2057 2.26587
21.2154 2.26517
21.2272 2.26574
21.237 2.26491
21.248 2.26539
21.2577 2.26459
21.2674 2.26398
21.2771 2.26352
21.2907 2.26537
21.3004 2.26654
21.3101 2.26722
21.321 2.26757
21.3317 2.26769
21.3414 2.26766
21.3511 2.26662
21.3629 2.26675
21.3727 2.26675
21.3824 2.26617
21.3934 2.26626
21.4031 2.26625
21.415 2.26618
21.4264 2.26831
21.4361 2.26964
21.4458 2.26834
21.4555 2.26735
21.4674 2.26869
21.4771 2.26837
21.4881 2.26918
21.4986 2.26961
21.5084 2.26865
21.5181 2.26791
21.5308 2.26959
21.5405 2.26948
21.5502 2.2693
21.5612 2.2702
21.5718 2.26957
21.5815 2.26904
21.5912 2.26875
21.6031 2.26957
21.6128 2.26891
21.6225 2.2688
21.6335 2.26839
21.6432 2.26804
21.6551 2.26887
21.6665 2.27049
21.6762 2.27147
21.6859 2.27055
21.6957 2.2698
21.7075 2.27084
21.7172 2.2703
21.7269 2.26987
21.7366 2.26947
21.7485 2.26934
21.7612 2.27144
21.7709 2.27048
21.7828 2.272
21.7925 2.27177
21.8044 2.27263
21.8154 2.27308
21.8251 2.27213
21.8369 2.27137
21.8484 2.27189
21.8581 2.27215
21.8699 2.27221
21.881 2.27216
21.8907 2.2714
21.9025 2.27148
21.914 2.27146
21.9237 2.27105
21.9355 2.27223
21.9452 2.27181
21.9571 2.27257
21.9668 2.27231
21.9795 2.27288
21.9892 2.27204
22.0011 2.27252
22.0108 2.27253
22.0227 2.27287
22.0337 2.27301
22.0434 2.27217
22.0552 2.27239
22.0667 2.27246
22.0764 2.27197
22.0882 2.2721
22.0979 2.27175
22.1098 2.2719
22.1208 2.27193
22.1323 2.27302
22.142 2.27278
22.1538 2.27244
22.1635 2.2723
22.1754 2.27211
22.1864 2.27304
22.1961 2.27246
22.2097 2.27426
22.2194 2.27424
22.2291 2.27341
22.241 2.27276
22.252 2.27224
22.2617 2.27184
22.2735 2.2724
22.285 2.27272
22.2947 2.27241
22.3065 2.27268
22.3162 2.27243
22.3281 2.27266
22.3391 2.27389
22.3506 2.27463
22.3624 2.27616
22.3721 2.27594
22.384 2.27568
22.3937 2.27482
22.4047 2.27414
22.4165 2.2743
22.428 2.27545
22.4377 2.275
22.4495 2.27574
22.4593 2.27501
22.4703 2.27444
22.4821 2.27512
22.4918 2.27517
22.5033 2.27564
22.5142 2.27587
22.5248 2.27503
22.5367 2.27531
22.5464 2.27472
22.5591 2.27613
22.5689 2.27556
22.5807 2.27548
22.5904 2.27535
22.6023 2.27631
22.6133 2.27688
22.623 2.27603
22.6348 2.27538
22.6463 2.276
22.656 2.27616
22.6678 2.27658
22.6789 2.27678
22.6886 2.27601
22.7004 2.27626
22.7119 2.27636
22.7216 2.2759
22.7334 2.27604
22.7453 2.27832
22.755 2.27749
22.7656 2.27684
22.7774 2.27744
22.7872 2.27664
22.799 2.27716
22.81 2.27743
22.8215 2.27753
22.8312 2.27752
22.843 2.27856
22.8527 2.27807
22.8646 2.27773
22.8756 2.27743
22.8853 2.27727
22.8972 2.2771
22.9086 2.27805
22.9183 2.27748
22.9302 2.27816
22.9412 2.27853
22.9509 2.27862
22.9628 2.27776
22.9725 2.27789
22.9839 2.27786
22.9936 2.27772
23.0055 2.27735
23.0164 2.27704
23.027 2.27677
23.038 2.27654
23.0495 2.27634
23.0596 2.27667
23.071 2.27763
23.0808 2.27771
23.0926 2.27723
23.1036 2.27686
23.1133 2.27706
23.1252 2.2768
23.1366 2.27656
23.1463 2.27636
23.156 2.27668
23.1679 2.27681
23.1776 2.27768
23.1895 2.27723
23.2005 2.27684
23.2102 2.27736
23.2216 2.27757
23.2325 2.27669
23.2432 2.27603
23.255 2.27664
23.2647 2.277
23.2758 2.27712
23.2855 2.27794
23.2973 2.27742
23.307 2.27694
23.3185 2.2765
23.3282 2.27698
23.34 2.27626
23.3511 2.27569
23.3616 2.2761
23.3726 2.27625
23.3841 2.27551
23.3938 2.27567
23.4035 2.27654
23.4153 2.27605
23.425 2.27649
23.4369 2.2766
23.4479 2.2765
23.4576 2.27714
23.4695 2.27606
23.4809 2.27523
23.4906 2.27509
23.5025 2.27457
23.5135 2.27415
23.5232 2.27424
23.5329 2.27595
23.5448 2.2751
23.5562 2.27493
23.5659 2.27527
23.5756 2.27619
23.5875 2.2757
23.5972 2.27608
23.609 2.27523
23.6201 2.27451
23.6315 2.27411
23.6412 2.27367
23.6531 2.27348
23.6628 2.27407
23.6746 2.27343
23.6843 2.27378
23.6954 2.27386
23.7051 2.27376
23.7169 2.27354
23.7283 2.27287
23.7381 2.27279
23.7499 2.27262
23.7596 2.27327
23.7715 2.27265
23.7812 2.27301
23.7922 2.27222
23.8036 2.27159
23.8134 2.27198
23.8231 2.27298
23.8349 2.27345
23.8458 2.27356
23.8565 2.27343
23.8675 2.27226
23.8784 2.27137
23.8891 2.27067
23.9005 2.27013
23.9102 2.27059
23.922 2.26997
23.9331 2.26951
23.9428 2.26997
23.9525 2.27106
23.9643 2.27074
23.9758 2.27042
23.9855 2.27097
23.9973 2.2703
24.0071 2.27064
24.0189 2.26984
24.0299 2.26922
24.0396 2.26963
24.0511 2.26902
24.0612 2.26933
24.0726 2.26943
24.0823 2.26939
24.0942 2.26911
24.1052 2.26886
24.1149 2.26983
24.1268 2.26944
24.1382 2.26932
24.1479 2.26907
24.1598 2.26903
24.1695 2.26886
24.1813 2.26887
24.1924 2.26882
24.2021 2.26877
24.2135 2.26876
24.2232 2.26871
24.2351 2.26872
24.2448 2.26955
24.2566 2.26907
24.2677 2.26915
24.2774 2.26882
24.2909 2.27005
24.3006 2.26967
24.3125 2.27047
24.3222 2.26979
24.3332 2.27038
24.3429 2.27037
24.3548 2.26966
24.3662 2.27024
24.3759 2.27031
24.3878 2.26959
24.3975 2.26903
24.4093 2.26973
24.4204 2.27014
24.4318 2.27033
24.4415 2.2698
24.4534 2.27115
24.4631 2.27084
24.4749 2.27054
24.486 2.27027
24.4957 2.27017
24.5054 2.27
24.5172 2.26995
24.5287 2.26986
24.5384 2.26983
24.5502 2.26978
24.5599 2.26975
24.5718 2.26973
24.5828 2.26967
24.5925 2.26971
24.604 2.26965
24.6137 2.26953
24.6255 2.26965
24.6352 2.26955
24.6471 2.26966
24.6581 2.2708
24.6678 2.27063
24.6797 2.27032
24.6911 2.27117
24.7008 2.27105
24.7127 2.27166
24.7224 2.27085
24.7334 2.27023
24.7452 2.27088
24.7549 2.27021
24.7664 2.27075
26.5245 2.70599
26.5363 2.96237
28.2953 3.09248
28.305 3.13832
28.319 3.12211
28.3317 3.06756
28.3436 2.9905
28.3584 2.89847
28.3703 2.80138
28.3835 2.70405
28.397 2.60881
28.4102 2.51887
28.4238 2.43442
28.4369 2.35717
28.4505 2.28625
28.4637 2.22267
28.4755 2.16596
28.4891 2.11471
28.5022 2.06962
28.5158 2.03004
28.529 1.9945
28.5425 1.96282
28.5553 1.93563
28.5671 1.91317
28.582 1.89105
28.5939 1.87438
28.607 1.86426
28.6206 1.85976
28.6338 1.85807
28.6473 1.85946
28.6605 1.86179
28.6741 1.86699
28.6872 1.87177
28.6991 1.87507
28.7126 1.87846
28.7258 1.88298
28.7394 1.88819
28.7525 1.89267
28.7661 1.89772
28.7793 1.90307
28.7907 1.90517
28.8047 1.90845
28.8174 1.91137
28.8314 1.91628
28.8446 1.9202
28.8582 1.92456
28.8713 1.92802
28.8828 1.92973
28.8959 1.93139
28.9095 1.93416
28.9235 1.93766
28.9362 1.94162
28.9502 1.94586
28.963 1.94799
28.9748 1.9487
28.9897 1.95298
29.0015 1.95514
29.0147 1.95699
29.0283 1.96089
29.0414 1.96389
29.055 1.96627
29.0682 1.96936
29.0817 1.9729
29.0949 1.9756
29.1067 1.97661
29.1203 1.97875
29.1335 1.98166
29.147 1.98509
29.1602 1.9877
29.1728 1.98865
29.1869 1.99188
29.1984 1.99325
29.2124 1.99564
29.2255 1.99759
29.2391 2.00151
29.2523 2.00448
29.2637 2.00453
29.2768 2.00493
29.2904 2.00784
29.3044 2.01133
29.3172 2.01404
29.3311 2.01735
29.3439 2.01992
29.3557 2.02085
29.3706 2.0241
29.3825 2.02663
29.3956 2.02868
29.4092 2.03153
29.4224 2.0338
29.4359 2.03679
29.4491 2.04026
29.4627 2.0429
29.4758 2.04498
29.4877 2.04669
29.5012 2.04929
29.5144 2.05137
29.528 2.05309
29.5411 2.05684
29.5547 2.05969
29.5679 2.06191
29.5793 2.06258
29.5933 2.06564
29.6064 2.06803
29.62 2.07109
29.6332 2.07348
29.6468 2.07653
29.6599 2.07889
29.6714 2.07966
29.6853 2.08164
29.6981 2.08446
29.7121 2.08782
29.7248 2.08928
29.7388 2.09174
29.7515 2.09485
29.7634 2.09615
29.7766 2.09738
29.7901 2.10082
29.8033 2.1035
29.8169 2.10564
29.83 2.10856
29.8436 2.11199
29.8568 2.11462
29.8703 2.11782
29.8822 2.11915
29.8953 2.12148
29.9089 2.12338
29.9221 2.12611
29.9356 2.12827
29.9488 2.13118
29.9614 2.13346
29.9755 2.13644
29.9874 2.13763
30.001 2.1399
30.0141 2.14289
30.0277 2.14523
30.0408 2.14713
30.0535 2.14987
30.0676 2.15318
30.079 2.15459
30.093 2.15588
30.1057 2.15822
30.1197 2.16129
30.1325 2.1637
30.1455 2.16679
30.1575 2.16807
30.1711 2.17041
30.1842 2.17234
30.1978 2.17513
30.211 2.17736
30.2245 2.18034
30.2377 2.1827
30.2513 2.18688
30.2631 2.18887
30.2763 2.19053
30.2898 2.19198
30.303 2.19443
30.3166 2.19755
30.3297 2.19999
30.3433 2.20309
30.3565 2.20663
30.3683 2.20818
30.3819 2.20953
30.395 2.2119
30.4086 2.21496
30.4218 2.21735
30.4353 2.2204
30.4472 2.22164
30.4582 2.22169
30.4679 2.2176
30.4794 2.21424
30.4912 2.2115
30.5009 2.20703
30.5141 2.20603
30.5238 2.20182
30.5352 2.20005
30.5471 2.1989
30.5568 2.19483
30.57 2.19341
30.5797 2.19159
30.5915 2.1907
30.603 2.18933
30.6127 2.18659
30.6258 2.18748
30.6355 2.18634
30.6474 2.18611
30.6588 2.18539
30.6707 2.18663
30.6804 2.18579
30.6935 2.18697
30.7033 2.18612
30.7147 2.18618
30.7265 2.18688
30.7376 2.18686
30.749 2.18752
30.7587 2.18637
30.7706 2.18629
30.7824 2.18695
30.7934 2.18697
30.8031 2.18659
30.815 2.18594
30.8264 2.18627
30.8361 2.18613
30.8493 2.18794
30.859 2.18766
30.8709 2.18712
30.8823 2.18866
30.892 2.18821
30.9051 2.18982
30.9157 2.18941
30.9267 2.18991
30.9382 2.19103
30.95 2.19254
30.9597 2.19092
30.9729 2.19286
30.9826 2.19267
30.994 2.1933
31.0059 2.19336
31.0156 2.19305
31.0288 2.19475
31.0385 2.1944
31.0503 2.19495
31.0618 2.19608
31.0715 2.19536
31.0833 2.19565
31.0943 2.19551
31.1062 2.19734
31.1176 2.19822
31.1273 2.19732
31.1392 2.1975
31.151 2.19954
31.1621 2.20055
31.1735 2.20085
31.1844 2.20181
31.195 2.20206
31.2069 2.20185
31.2179 2.20135
31.2276 2.20066
31.2412 2.20325
31.2509 2.20238
31.2628 2.20258
31.2738 2.2035
31.2847 2.20378
31.2953 2.20363
31.3068 2.20319
31.3186 2.20484
31.3305 2.20674
31.3415 2.20765
31.3512 2.20676
31.3627 2.20693
31.3745 2.20783
31.3842 2.20695
31.3974 2.20829
31.4071 2.20884
31.4189 2.20886
31.4304 2.20967
31.4401 2.20873
31.4532 2.21116
31.463 2.21019
31.4748 2.21032
31.4862 2.21234
31.4972 2.21334
31.5078 2.21252
31.5196 2.21274
31.5307 2.21368
31.5421 2.21509
31.554 2.21566
31.5637 2.21455
31.5768 2.21684
31.5865 2.21687
31.5975 2.21652
31.6098 2.21706
31.6195 2.21707
31.6314 2.21785
31.6424 2.21803
31.6543 2.21892
31.6657 2.22029
31.6754 2.21971
31.6872 2.22009
31.6991 2.22112
31.7101 2.22257
31.7198 2.22091
31.7313 2.22058
31.7431 2.22115
31.7528 2.22009
31.766 2.22132
31.7774 2.22297
31.7871 2.22261
31.799 2.22317
31.8099 2.22322
31.8219 2.22406
31.8316 2.22429
31.8434 2.22525
31.8549 2.22556
31.8667 2.22655
31.8777 2.228
31.8896 2.22974
31.8993 2.22938
31.9107 2.22876
31.9226 2.23024
31.9323 2.22973
31.9454 2.23128
31.9552 2.23082
31.9666 2.23127
31.9784 2.23234
31.9882 2.23157
32 2.2307
32.011 2.23204
32.0229 2.23261
32.0343 2.23377
32.044 2.23308
32.0559 2.2334
32.0669 2.23329
32.0787 2.23402
32.0902 2.23531
32.102 2.23808
32.1117 2.2373
32.1236 2.23754
32.1346 2.23845
32.146 2.23982
32.1579 2.24035
32.1676 2.23919
32.1795 2.24029
32.1905 2.24066
32.2023 2.24167
32.212 2.24084
32.2235 2.24105
32.2353 2.24197
32.2463 2.24223
32.2582 2.24317
32.2679 2.24232
32.2793 2.24253
32.2912 2.24346
32.3009 2.2415
32.3141 2.24438
32.3238 2.24373
32.3352 2.24409
32.3471 2.24514
32.3568 2.24439
32.3699 2.24582
32.3814 2.24757
32.3915 2.24727
32.4029 2.24784
32.4148 2.24901
32.4257 2.24943
32.4367 2.24934
32.4474 2.25006
32.4588 2.25019
32.4706 2.25104
32.4817 2.25239
32.4922 2.25291
32.4998 2.25063
32.5095 2.25103
32.5192 2.25209
32.5289 2.25248
32.5386 2.25466
32.5483 2.25688
32.558 2.26021
32.5656 2.25974
32.5753 2.26009
32.5851 2.26213
32.5952 2.26416
32.6049 2.26614
32.6146 2.26805
32.6222 2.26766
32.6319 2.26797
32.6416 2.26877
32.6513 2.27102
32.661 2.27309
32.6707 2.27501
32.6804 2.2768
32.6888 2.27623
32.6986 2.27747
32.7083 2.27881
32.718 2.28019
32.7256 2.27934
32.7353 2.27927
32.745 2.27975
32.753 2.27835
32.7627 2.27911
32.7724 2.2802
32.7808 2.27925
32.7896 2.27921
32.8002 2.28093
32.8078 2.28044
32.8175 2.28073
32.8272 2.28155
32.8369 2.28273
32.8449 2.28188
32.8546 2.28308
32.8622 2.28228
32.8719 2.28127
32.8816 2.28241
32.8913 2.28387
32.8997 2.28439
32.9073 2.28316
32.9182 2.28528
32.9267 2.28513
32.9364 2.28572
32.9462 2.28793
32.9559 2.28894
32.9639 2.28914
32.9736 2.28992
32.9829 2.28997
32.9926 2.29178
33.0006 2.29138
33.0103 2.29289
33.0187 2.29229
33.0284 2.29254
33.0372 2.29338
33.0457 2.29236
33.0554 2.29348
33.0642 2.2938
33.0748 2.29471
33.0828 2.29487
33.0925 2.29567
33.1001 2.29577
33.1098 2.2954
33.1195 2.29587
33.1292 2.29802
33.1376 2.2979
33.1452 2.29739
33.1561 2.29889
33.1646 2.29834
33.1743 2.29981
33.1835 2.30038
33.1938 2.30259
33.2018 2.30248
33.2115 2.30421
33.2199 2.30378
33.2296 2.30416
33.2372 2.30396
33.2469 2.3034
33.2566 2.30486
33.2663 2.30654
33.2739 2.30497
33.2836 2.30576
33.2937 2.307
33.3013 2.3074
33.311 2.30725
33.3207 2.30787
33.3304 2.31011
33.3388 2.31006
33.3485 2.31183
33.3561 2.31143
33.3658 2.31072
33.3755 2.31208
33.3852 2.31369
33.3944 2.31544
33.4029 2.31501
33.4126 2.31539
33.421 2.31631
33.4308 2.31647
33.4383 2.31612
33.448 2.31657
33.4578 2.31757
33.4675 2.31893
33.475 2.31826
33.4848 2.3185
33.4945 2.31936
33.5025 2.31951
33.5122 2.32031
33.5219 2.32041
33.5316 2.32232
33.54 2.32202
33.5497 2.32364
33.5573 2.32316
33.567 2.32239
33.5767 2.32372
33.5864 2.32532
36.3819 2.63015
36.3891 2.8108
36.3975 2.90427
36.4047 2.93842
36.4119 2.93159
36.4191 2.89803
36.4275 2.84791
36.4347 2.78843
36.4431 2.72373
36.4503 2.65934
36.4576 2.59707
36.466 2.5363
36.4732 2.47925
36.4816 2.42637
36.4888 2.37781
36.496 2.33354
36.5044 2.29341
36.5116 2.25806
36.5188 2.22599
36.5261 2.197
36.5345 2.17089
36.5429 2.14653
36.5501 2.12494
36.5585 2.10577
36.5657 2.08961
36.5729 2.07495
36.5801 2.06167
36.5885 2.04966
36.5969 2.03791
36.6066 2.02755
36.6162 2.02098
36.6258 2.0152
36.6354 2.01178
36.645 2.00898
36.6546 2.00654
36.6642 2.00343
36.6738 2.00075
36.6835 1.99831
36.6919 1.99686
36.7027 1.99419
36.7111 1.99159
36.7207 1.98724
36.7303 1.98356
36.7399 1.98032
36.7495 1.97559
36.7592 1.97084
36.7676 1.96876
36.7772 1.96569
36.7868 1.96283
36.7964 1.96009
36.806 1.95651
36.8144 1.95326
36.8216 1.94935
36.8289 1.94414
36.8361 1.93819
36.8445 1.93187
36.8517 1.92632
36.8589 1.92048
36.8661 1.91457
36.8745 1.90874
36.8817 1.90308
36.8901 1.89676
36.8973 1.89194
36.9058 1.8864
36.913 1.88229
36.9202 1.87826
36.9274 1.87524
36.9358 1.87112
36.943 1.86726
36.9502 1.8645
36.9574 1.86158
36.9658 1.85858
36.973 1.85557
36.9815 1.85257
36.9887 1.84961
36.9959 1.84759
37.0043 1.84441
37.0115 1.8414
37.0187 1.83941
37.0271 1.83631
37.0343 1.8343
37.0415 1.83209
37.0487 1.83064
37.0572 1.82789
37.0644 1.82521
37.0716 1.82348
37.0788 1.82233
37.0872 1.81975
37.0944 1.81716
37.1028 1.81458
37.11 1.81202
37.1184 1.80863
37.1256 1.8065
37.1329 1.80519
37.1401 1.80347
37.1485 1.80062
37.1557 1.79882
37.1629 1.79767
37.1701 1.79515
37.1773 1.79352
37.1857 1.79156
37.1929 1.78938
37.2013 1.78619
37.2086 1.78415
37.2158 1.78284
37.223 1.78108
37.2314 1.77814
37.2386 1.77624
37.247 1.77236
37.2542 1.76992
37.2614 1.76842
37.2686 1.76749
37.2771 1.76423
37.2843 1.76218
37.2915 1.7609
37.2987 1.75918
37.3059 1.75805
37.3143 1.75549
37.3215 1.7538
37.3299 1.75088
37.3371 1.74809
37.3455 1.74542
37.3528 1.74284
37.36 1.74121
37.3672 1.73929
37.3744 1.73806
37.3828 1.73546
37.39 1.7329
37.3972 1.73126
37.4044 1.72929
37.4128 1.72712
37.42 1.72482
37.4285 1.72156
37.4357 1.7195
37.4429 1.71819
37.4483 1.71821
37.4507 1.72158
37.4543 1.72597
37.4579 1.73156
37.4615 1.73581
37.4639 1.74151
37.4675 1.74599
37.4699 1.75108
37.4723 1.75442
37.4747 1.75807
37.4784 1.75981
37.4808 1.76092
37.4832 1.76137
37.4868 1.76116
37.4904 1.75942
37.494 1.75654
37.4964 1.7537
37.4988 1.75163
37.5024 1.74725
37.5048 1.74396
37.5072 1.74037
37.5096 1.73734
37.5132 1.73191
37.5156 1.72753
37.5192 1.72199
37.5216 1.71653
37.524 1.7111
37.5276 1.70562
37.5312 1.69919
37.5348 1.69216
37.5372 1.68563
37.5396 1.68029
37.5432 1.67303
37.5456 1.6672
37.5492 1.6605
37.5517 1.65411
37.5553 1.64704
37.5577 1.64131
37.5613 1.63463
37.5637 1.62823
37.5673 1.62111
37.5709 1.61444
37.5733 1.60717
37.5757 1.6013
37.5781 1.59541
37.5805 1.59034
37.5841 1.5831
37.5865 1.57713
37.5889 1.57192
37.5913 1.56538
37.5949 1.55886
37.5973 1.55233
37.5997 1.54667
37.6021 1.53974
37.6201 1.51976
37.7199 1.52851
37.8196 1.63158
38.0689 1.96267
39.3228 2.84439
39.3252 3.39911
39.3276 3.71945
39.33 3.87684
39.3324 3.92217
39.3348 3.89119
39.3372 3.81198
39.3396 3.70225
39.342 3.57792
39.3444 3.44545
39.3468 3.31154
39.3492 3.18286
39.3516 3.0592
39.3541 2.94358
39.3565 2.83549
39.3589 2.73661
39.3613 2.64663
39.3637 2.56397
39.3661 2.4907
39.3685 2.42343
39.3709 2.36196
39.3733 2.3071
39.3757 2.27181
39.3781 2.2505
39.3805 2.23969
39.3829 2.23498
39.3853 2.2342
39.3877 2.23669
39.3901 2.24011
39.3925 2.24382
39.3949 2.24826
39.3973 2.25191
39.3997 2.25472
39.4021 2.25667
39.4045 2.25864
39.4069 2.25945
39.4093 2.25925
39.4117 2.25904
39.4141 2.25772
39.4165 2.25549
39.4189 2.25338
39.4213 2.2503
39.4237 2.24645
39.429 2.24026
39.4335 2.23256
39.4385 2.22396
39.443 2.21401
39.4454 2.20685
39.4504 2.19888
39.4554 2.18958
39.4599 2.18134
39.4623 2.17474
39.4673 2.16744
39.4723 2.15889
39.4769 2.15141
39.4793 2.14554
39.4843 2.13809
39.4892 2.13057
39.4916 2.12571
39.4962 2.11987
39.5085 2.10642
39.5182 2.09111
39.5305 2.07331
39.5423 2.05362
39.5546 2.03427
39.5665 2.01581
39.5788 1.99771
39.5911 1.98049
39.6029 1.96624
39.6152 1.95536
39.6275 1.95043
39.6394 1.94852
39.6517 1.94872
39.6635 1.95149
39.6758 1.95482
39.6881 1.95961
39.6978 1.96079
39.7097 1.96404
39.722 1.96752
39.7343 1.97222
39.7461 1.97768
39.7606 1.98467
39.7703 1.98809
39.7826 1.99129
39.7949 1.99545
39.8067 1.99907
39.819 2.00341
39.8313 2.00819
39.8432 2.01206
39.8555 2.01529
39.8673 2.01806
39.8796 2.02163
39.8919 2.02457
39.9038 2.02708
39.9161 2.03153
39.9283 2.035
39.9402 2.03778
39.9525 2.04008
39.9643 2.04318
39.9766 2.04568
39.9889 2.04776
40.0008 2.0507
40.0131 2.0542
40.0254 2.05693
40.0372 2.06025
40.0507 2.06396
40.0638 2.06789
40.0763 2.07194
40.0881 2.07604
40.1004 2.07901
40.1127 2.08121
40.1246 2.08402
40.1369 2.08612
40.1487 2.08774
40.161 2.08906
40.1733 2.09246
40.1851 2.09498
40.1974 2.09692
40.2097 2.09961
40.2216 2.10166
40.2339 2.1033
40.2457 2.10468
40.258 2.10816
40.2703 2.11078
40.2822 2.11282
40.2945 2.1156
40.3068 2.11775
40.3186 2.11948
40.3309 2.12095
40.3428 2.12338
40.3563 2.12759
40.3695 2.13183
40.3818 2.13606
40.3941 2.14024
40.4059 2.1421
40.4182 2.14578
40.4305 2.14843
40.4424 2.15037
40.4547 2.15185
40.4665 2.15417
40.4788 2.15594
40.4911 2.15847
40.503 2.16041
40.5153 2.16307
40.5276 2.16509
40.5394 2.1667
40.5517 2.16917
40.5636 2.1711
40.5759 2.17267
40.5882 2.17628
40.6 2.17898
40.6123 2.18107
40.6246 2.18275
40.6365 2.18529
40.6488 2.1873
40.6618 2.19008
40.6755 2.19561
40.6873 2.19957
40.6996 2.20244
40.7119 2.20455
40.7238 2.20729
40.7361 2.21046
40.7479 2.21165
40.7602 2.21491
40.7725 2.2173
40.7844 2.21911
40.7967 2.22055
40.809 2.22288
40.8208 2.22469
40.8331 2.2273
40.845 2.22931
40.8573 2.23206
40.8696 2.23418
40.8814 2.237
40.8937 2.23916
40.906 2.24201
40.9179 2.24307
40.9302 2.24633
40.942 2.2488
40.9555 2.25186
40.9687 2.25644
40.981 2.26087
40.9933 2.26403
41.0052 2.26632
41.0175 2.26916
41.0293 2.27123
41.0416 2.27281
41.0539 2.27519
41.0658 2.277
41.0781 2.27956
41.0904 2.2815
41.1022 2.28417
41.1145 2.2862
41.1264 2.2878
41.1387 2.29027
41.151 2.29219
41.1628 2.29376
41.1751 2.29623
41.1874 2.29932
41.1993 2.30167
41.2115 2.30354
41.2234 2.30622
41.2357 2.30832
41.248 2.31003
41.261 2.31374
41.2747 2.31878
41.2866 2.32241
41.2989 2.32506
41.3107 2.32817
41.323 2.33158
41.3353 2.33405
41.3472 2.33701
41.3595 2.33918
41.3718 2.34081
41.3836 2.34211
41.3959 2.34433
41.4078 2.34606
41.4201 2.3486
41.4324 2.35168
41.4442 2.354
41.4565 2.3558
41.4688 2.35727
41.4806 2.35966
41.4929 2.36156
41.5034 2.362
41.513 2.36151
41.6171 2.46508
41.6195 2.43199
41.6219 2.41291
41.6243 2.40248
41.6267 2.39784
41.6291 2.39692
41.6315 2.39914
41.6339 2.40221
41.6363 2.40554
41.6387 2.40957
41.6411 2.41283
41.6461 2.41263
41.6537 2.40917
41.6604 2.40358
41.667 2.3958
41.6725 2.38938
41.6801 2.38129
41.6859 2.3749
41.6922 2.36706
41.704 2.35494
41.7138 2.34309
41.7235 2.32999
41.7332 2.3174
41.7442 2.30465
41.7539 2.29399
41.7636 2.28324
41.7733 2.27367
41.7831 2.26519
41.7949 2.25593
41.8046 2.24826
41.8161 2.24013
41.8258 2.23375
41.8355 2.22873
41.8452 2.22476
41.8549 2.22247
41.8667 2.2201
41.8765 2.21819
41.8862 2.21665
41.8959 2.2154
41.9056 2.21438
41.9153 2.21354
41.9272 2.2151
41.9369 2.216
41.9466 2.21643
41.9576 2.21766
41.9673 2.21943
41.977 2.22038
41.9867 2.21965
41.9965 2.21893
42.0083 2.22162
42.018 2.22318
42.0294 2.22507
42.0392 2.22715
42.0489 2.22708
42.0586 2.22668
42.0683 2.22609
42.0801 2.22876
42.0899 2.22908
42.0996 2.22894
42.1093 2.22964
42.119 2.22864
42.1308 2.2299
42.1405 2.23154
42.1503 2.23229
42.1613 2.23355
42.171 2.2329
42.1807 2.23322
42.1904 2.23308
42.2001 2.23264
42.212 2.23427
42.2217 2.23502
42.2331 2.23742
42.2428 2.23751
42.2526 2.2383
42.2623 2.23844
42.272 2.23702
42.2838 2.23908
42.2935 2.24009
42.3032 2.24037
42.313 2.23905
42.3248 2.24118
42.3345 2.24223
42.3442 2.24253
42.3553 2.24459
42.365 2.24442
42.3747 2.24389
42.3844 2.24314
42.3941 2.2434
42.406 2.24433
42.4157 2.24459
42.4271 2.24777
42.4368 2.24837
42.4465 2.24834
42.4562 2.24791
42.4659 2.24722
42.4778 2.24864
42.4875 2.2492
42.4972 2.25032
42.5069 2.24954
42.5166 2.24864
42.5285 2.25106
42.5382 2.2523
42.5479 2.2516
42.5589 2.25188
42.5687 2.25281
42.5784 2.25306
42.5881 2.25284
42.5999 2.25458
42.6096 2.25536
42.6211 2.25773
42.6308 2.25777
42.6405 2.25849
42.6502 2.25854
42.6599 2.25702
42.6718 2.25899
42.6815 2.25991
42.6912 2.26012
42.7009 2.25871
42.7106 2.25852
42.7225 2.26028
42.7322 2.26109
42.7419 2.26124
42.7529 2.26208
42.7626 2.26225
42.7741 2.26423
42.782 2.26403
42.7918 2.26236
42.8036 2.26313
42.8133 2.26441
42.8248 2.26602
42.8345 2.2667
42.8442 2.26788
42.8539 2.26712
42.8636 2.26621
42.8754 2.26749
42.8852 2.26909
42.8949 2.26864
42.9046 2.26795
42.9143 2.26824
42.9261 2.27034
42.9359 2.27023
42.9469 2.27091
42.9566 2.2721
42.968 2.27476
42.9777 2.27498
42.9857 2.27356
42.9976 2.27446
43.0073 2.27465
43.0187 2.27551
43.0284 2.27681
43.0381 2.27726
43.0479 2.27602
43.0576 2.27592
43.0694 2.27774
43.0791 2.27856
43.0888 2.27758
43.0986 2.27767
43.1083 2.27737
43.1201 2.27906
43.1298 2.27983
43.1395 2.27996
43.1506 2.2808
43.1603 2.28098
43.1717 2.28298
43.1814 2.28391
43.1906 2.283
43.2013 2.28424
43.211 2.28355
43.2224 2.28495
43.2321 2.28662
43.2418 2.2862
43.2515 2.28551
43.2634 2.28692
43.2731 2.2886
43.2828 2.28818
43.2937 2.28862
43.3034 2.28963
43.3141 2.29103
43.3238 2.29042
43.3335 2.2896
43.3445 2.29091
43.3542 2.2914
43.3657 2.29246
43.3754 2.29389
43.3851 2.29443
43.397 2.29549
43.4067 2.29576
43.4164 2.29663
43.4261 2.29678
43.4358 2.29532
43.4455 2.29507
43.4552 2.29453
43.4671 2.29607
43.4768 2.2956
43.4865 2.29606
43.4983 2.29827
43.5081 2.29936
43.5178 2.29969
43.5288 2.30064
43.5385 2.30087
43.5482 2.30174
43.5597 2.30304
43.5694 2.30348
43.5791 2.30335
43.5909 2.3051
43.6006 2.30584
43.6104 2.30589
43.6201 2.30661
43.6298 2.30554
43.6407 2.30554
43.6504 2.30514
43.661 2.30675
43.6708 2.30632
43.6805 2.30565
43.6915 2.3071
43.702 2.30882
43.7117 2.30846
43.7228 2.30896
43.7325 2.31004
43.7439 2.3115
43.7536 2.31206
43.7633 2.31315
43.7731 2.31345
43.7828 2.31211
43.7946 2.31306
43.7996 2.30935
43.8047 2.3109
43.8113 2.31395
43.8209 2.31517
43.8281 2.31691
43.8377 2.31799
43.8461 2.31857
43.8557 2.3179
43.8629 2.31906
43.8725 2.31867
43.8821 2.31639
43.8906 2.31559
43.8954 2.31837
43.8978 2.32499
43.9002 2.33371
43.9086 2.33894
43.9158 2.34254
43.9206 2.34572
43.9278 2.34754
43.9338 2.34918
43.941 2.34791
43.9482 2.34649
43.9554 2.34491
43.9627 2.34319
43.9699 2.34047
43.9771 2.3371
43.9843 2.33423
43.9915 2.33081
43.9987 2.32794
44.0071 2.32369
44.0143 2.32038
44.0215 2.31682
44.0287 2.31402
44.0359 2.31171
44.0432 2.30796
44.0504 2.30509
44.0576 2.3028
44.0648 2.30086
44.072 2.29825
44.0792 2.29522
44.0864 2.29282
44.0936 2.28993
44.1008 2.28764
44.1092 2.28395
44.1165 2.28119
44.1237 2.27816
44.1309 2.27585
44.1381 2.27312
44.1453 2.27014
44.1525 2.26789
44.1597 2.26611
44.1669 2.26372
44.1741 2.26094
44.1813 2.25881
44.1886 2.25707
44.1958 2.25468
44.203 2.25274
44.2102 2.2502
44.2174 2.24727
44.2246 2.245
44.2318 2.24313
44.239 2.24062
44.2462 2.23771
44.2534 2.23543
44.2619 2.23267
44.2691 2.22874
44.2763 2.22589
44.2835 2.22375
44.2907 2.22203
44.2979 2.21969
44.3051 2.21694
44.3123 2.21483
44.3195 2.21223
44.3267 2.2102
44.3339 2.20852
44.3412 2.20615
44.3484 2.20334
44.3556 2.20114
44.3628 2.19932
44.37 2.19684
44.3772 2.19393
44.3844 2.19165
44.3916 2.18888
44.3988 2.18669
44.4072 2.18311
44.4145 2.18044
44.4217 2.17749
44.4289 2.17526
44.4361 2.1726
44.4433 2.16968
44.4505 2.16749
44.4577 2.16575
44.4649 2.16428
44.4721 2.16118
44.4793 2.15883
44.4865 2.15695
44.4938 2.15446
44.501 2.15247
44.5082 2.1499
44.5154 2.14785
44.5226 2.14522
44.5298 2.14311
44.537 2.14045
44.5442 2.13743
44.5514 2.1351
44.5598 2.13231
44.5671 2.12926
44.5743 2.12605
44.5815 2.12367
44.5887 2.1218
44.5959 2.11937
44.6031 2.11657
44.6103 2.11443
44.6175 2.1127
44.6247 2.11033
44.6319 2.10842
44.6392 2.1059
44.6464 2.103
44.6536 2.10075
44.6608 2.09891
44.668 2.09643
44.6752 2.09353
44.6824 2.09127
44.6896 2.0894
44.6968 2.08688
44.7052 2.08308
44.7125 2.08027
44.7197 2.07722
44.7269 2.07494
44.7341 2.07226
44.7413 2.0702
44.7485 2.06766
44.7557 2.0657
44.7629 2.06407
44.7701 2.06088
44.7773 2.05847
44.7857 2.05569
44.793 2.05356
44.8002 2.05009
44.8074 2.04755
44.8146 2.04562
44.8218 2.04318
44.829 2.04041
44.8362 2.03834
44.8434 2.03668
44.8506 2.03439
44.8578 2.03256
44.8651 2.03012
44.8723 2.0273
44.8795 2.02512
44.8867 2.02335
44.8939 2.02092
44.9011 2.01808
44.9083 2.01588
44.9155 2.01405
44.9227 2.01158
44.9311 2.00781
44.9384 2.00503
44.9456 2.00201
44.9528 1.99976
44.96 1.99797
44.9672 1.99558
44.9744 1.9928
44.9816 1.99068
44.9888 1.98895
44.996 1.98569
45.0032 1.98325
45.0104 1.98133
45.0177 1.97971
45.0249 1.97738
45.0321 1.97459
45.0393 1.97239
45.0465 1.96969
45.0537 1.96755
45.0609 1.96575
45.0681 1.96327
45.0753 1.96035
45.0837 1.95717
45.091 1.95474
45.0982 1.95103
45.1054 1.94831
45.1126 1.94623
45.1198 1.94455
45.1258 1.94221
45.1318 1.93945
45.139 1.93469
45.145 1.93051
45.151 1.92591
45.157 1.92201
45.1643 1.91777
45.1703 1.91428
45.1763 1.91044
45.1823 1.90735
45.1883 1.90478
45.1955 1.90169
45.2015 1.89833
45.2087 1.89487
45.2135 1.89316
45.2207 1.89082
45.2267 1.88897
45.2339 1.8857
45.24 1.88334
45.246 1.8816
45.252 1.88024
45.258 1.87826
45.2652 1.87501
45.2712 1.87278
45.2772 1.87123
45.2832 1.86924
45.2904 1.86699
45.2964 1.86548
45.3024 1.86444
45.3084 1.86369
45.3157 1.86132
45.3217 1.85973
45.3277 1.85863
45.3337 1.85783
45.3397 1.85631
45.3469 1.85433
45.3529 1.85296
45.3589 1.85197
45.3661 1.84857
45.3709 1.8481
45.3781 1.84595
45.3841 1.84451
45.3914 1.84264
45.3974 1.84051
45.4034 1.83914
45.4094 1.83823
45.4166 1.83672
45.4226 1.83483
45.4286 1.8336
45.4346 1.83277
45.4406 1.83217
45.4478 1.82993
45.4538 1.82843
45.4598 1.8274
45.4659 1.82665
45.4731 1.82429
45.4791 1.82183
45.4851 1.82022
45.4911 1.81916
45.4983 1.81755
45.5043 1.8156
45.5103 1.81433
45.5163 1.81349
45.5235 1.81202
45.5295 1.81014
45.5355 1.80891
45.5421 1.8072
45.5601 1.79571
45.5893 1.81184
45.5929 1.8159
45.5989 1.81512
45.6013 1.80777
45.6061 1.79842
45.6097 1.79365
45.6145 1.79222
45.6181 1.7938
45.6217 1.79806
45.6253 1.80205
45.6277 1.80826
45.701 1.85192
45.7803 1.95911
45.8609 2.10911
45.9402 2.28366
46.0207 2.47113
46.1012 2.66459
46.1805 2.85597
46.261 3.04447
46.3415 3.22747
46.4208 3.40117
46.5013 3.56782
46.5818 3.7269
46.6611 3.87721
46.7416 4.01931
46.8582 4.19546
48.8089 4.18103
48.8113 4.10524
48.8137 3.99225
48.8161 3.85728
48.8185 3.71279
48.8209 3.56635
48.8233 3.42211
48.8257 3.28451
48.8281 3.15448
48.8305 3.03416
48.8329 2.92376
48.8353 2.82222
48.8377 2.73037
48.8401 2.64663
48.8425 2.57154
48.8449 2.50424
48.8473 2.44307
48.8498 2.38852
48.8522 2.33892
48.8546 2.29481
48.857 2.25634
48.8594 2.22077
48.8618 2.18891
48.8642 2.15937
48.8666 2.13298
48.869 2.10925
48.8714 2.08692
48.8738 2.0669
48.8762 2.04791
48.8786 2.0309
48.881 2.01548
48.8834 2.00051
48.8906 1.9826
48.9026 1.9589
48.911 1.93484
48.9218 1.91044
48.9303 1.88747
48.9411 1.86441
48.9471 1.84646
48.9555 1.83057
48.9615 1.81824
48.9699 1.80681
48.9795 1.79453
48.9879 1.78386
48.9963 1.77367
49.0048 1.76587
49.0144 1.7572
49.0228 1.75
49.0312 1.74308
49.0384 1.73833
49.048 1.73244
49.0564 1.72779
49.0648 1.72405
49.0733 1.72013
49.0817 1.71708
49.0913 1.71293
49.0985 1.71082
49.1081 1.70745
49.1165 1.70513
49.1249 1.70354
49.1333 1.70157
49.1417 1.70029
49.1514 1.69773
49.1586 1.69705
49.1682 1.69495
49.1766 1.69376
49.185 1.69318
49.1934 1.6921
49.2018 1.69161
49.2102 1.69061
49.2186 1.69019
49.2271 1.69012
49.2355 1.69026
49.2451 1.68875
49.2535 1.68799
49.2619 1.68771
49.2703 1.68684
49.2799 1.68562
49.2883 1.68421
50.5483 2.03009
50.5579 2.23329
52.2975 2.26444
52.3073 2.2699
52.3196 2.26061
52.3319 2.24202
52.3416 2.21576
52.3534 2.18757
52.3657 2.15908
52.378 2.13251
52.3873 2.10365
52.3996 2.07756
52.4119 2.05421
52.4237 2.03347
52.4346 2.01406
52.4457 1.9962
52.458 1.98222
52.4699 1.9691
52.4822 1.95927
52.4919 1.94753
52.5037 1.93828
52.516 1.93104
52.5283 1.92545
52.538 1.91895
52.5499 1.91322
52.5622 1.91048
52.5745 1.9088
52.5837 1.90457
52.596 1.90331
52.6083 1.90304
52.6202 1.90351
52.6299 1.90118
52.6422 1.90159
52.6545 1.90277
52.6663 1.90452
52.6773 1.90556
52.6884 1.90617
52.7002 1.90765
52.7125 1.90976
52.7246 1.91231
52.7345 1.91291
52.7464 1.91449
52.7587 1.91677
52.771 1.91952
52.7802 1.92034
52.7925 1.92215
52.8048 1.92351
52.8167 1.92574
52.8264 1.9263
52.8387 1.92804
52.851 1.93058
52.8628 1.93367
52.8725 1.93487
52.8848 1.93706
52.8967 1.93993
52.909 1.94326
52.9187 1.94462
52.931 1.94693
52.9428 1.94989
52.9551 1.9544
52.966 1.95766
52.9767 1.95893
52.989 1.96114
53.0013 1.96512
53.0131 1.96913
53.0228 1.96976
53.0351 1.97265
53.0474 1.97594
53.0593 1.97947
53.069 1.98089
53.0813 1.98318
53.0932 1.98492
53.1055 1.98744
53.1152 1.98824
53.1275 1.99016
53.1393 1.99286
53.1516 1.99606
53.1613 1.99736
53.1732 1.99963
53.1855 2.00257
53.1978 2.00595
53.2087 2.00849
53.2193 2.01045
53.2316 2.01316
53.2439 2.01637
53.2558 2.0199
53.2655 2.02138
53.2778 2.02374
53.2896 2.02671
53.3019 2.03007
53.3116 2.03143
53.3239 2.03372
53.3358 2.03663
53.3481 2.04109
53.3578 2.04204
53.3696 2.04404
53.3819 2.04675
53.3942 2.04995
53.4039 2.05008
53.4158 2.05157
53.4281 2.05512
53.4404 2.05892
53.4513 2.06173
53.462 2.06273
53.4743 2.06593
53.4861 2.06947
53.4984 2.07322
53.5081 2.07483
53.5204 2.07726
53.5323 2.08026
53.5446 2.08362
53.5543 2.08497
53.5661 2.08723
53.5784 2.09011
53.5907 2.0934
53.6004 2.09471
53.6123 2.09695
53.6246 2.09983
53.6369 2.10313
53.6466 2.10444
53.6584 2.1067
53.6707 2.1096
53.6826 2.11179
53.6935 2.11352
53.7046 2.11495
53.7169 2.11733
53.7287 2.12035
53.741 2.12491
53.7507 2.12597
53.7626 2.12808
53.7749 2.13089
53.7872 2.1353
53.7969 2.13625
53.8087 2.13827
53.821 2.14216
53.8333 2.14613
53.8431 2.1479
53.8549 2.14931
53.8672 2.15276
53.879 2.15643
53.8888 2.15686
53.9011 2.15965
53.9134 2.16289
53.9252 2.16643
53.9361 2.16902
53.9472 2.17097
53.9591 2.17363
53.9714 2.17563
53.9835 2.17833
53.9934 2.17925
54.0052 2.18125
54.0175 2.184
54.0298 2.18723
54.0395 2.18854
54.0514 2.19082
54.0637 2.19375
54.0755 2.19713
54.0852 2.19852
54.0975 2.20086
54.1098 2.20384
54.1217 2.20723
54.1314 2.20864
54.1437 2.21098
54.1555 2.21396
54.1678 2.21735
54.1775 2.21875
54.1898 2.22109
54.2017 2.22405
54.214 2.22743
54.2249 2.22995
54.236 2.23301
54.2478 2.2353
54.2601 2.23933
54.272 2.24111
54.2817 2.24141
54.2945 2.24412
54.3063 2.24733
54.3181 2.25087
54.3292 2.25347
54.3406 2.25545
54.3525 2.25814
54.3622 2.25906
54.3753 2.26219
54.3868 2.26455
54.3977 2.26639
54.4083 2.26791
54.4202 2.27034
54.4312 2.27227
54.443 2.27499
54.4545 2.27713
54.4663 2.27999
54.4774 2.28221
54.4892 2.28514
54.5006 2.28739
54.5125 2.29033
54.5222 2.29147
54.5319 2.29029
54.5395 2.28651
54.5513 2.28448
54.5589 2.27923
54.5686 2.27534
54.5783 2.27249
54.5881 2.27045
54.5978 2.26791
54.6075 2.26625
54.6155 2.26299
54.6252 2.26101
54.6349 2.25884
54.6446 2.25773
54.6543 2.25738
54.664 2.25758
54.6737 2.25704
54.6834 2.25715
54.6932 2.25772
54.7029 2.25747
54.7126 2.25783
54.721 2.25635
54.7307 2.25593
54.7404 2.25625
54.7501 2.25708
54.7598 2.25712
54.7695 2.25777
54.7793 2.25883
54.789 2.2579
54.7987 2.25792
54.8084 2.25859
54.8181 2.2597
54.8278 2.25997
54.8375 2.26081
54.8472 2.26202
54.8569 2.26234
54.8667 2.2632
54.8746 2.26216
54.8856 2.26326
54.8941 2.26353
54.9038 2.26326
54.9135 2.26376
54.9232 2.26478
54.9329 2.26502
54.9413 2.26474
54.9523 2.26638
54.9607 2.26591
54.9718 2.26742
54.9802 2.26799
54.9899 2.26792
54.9996 2.26857
55.0093 2.2697
55.019 2.27113
55.0266 2.26938
55.0384 2.27004
55.046 2.26893
55.0579 2.27005
55.0654 2.26929
55.0751 2.26953
55.0849 2.26932
55.0946 2.26996
55.1043 2.27116
55.114 2.2716
55.1237 2.27265
55.1334 2.2741
55.1431 2.2758
55.1528 2.27652
55.1626 2.27769
55.1723 2.27915
55.1803 2.27855
55.1917 2.27995
55.1997 2.2793
55.2111 2.28181
55.2191 2.2819
55.2288 2.28149
55.2385 2.28189
55.2482 2.28285
55.258 2.28304
55.2677 2.28386
55.2774 2.28396
55.2858 2.28246
55.2955 2.28219
55.3052 2.28275
55.3149 2.28275
55.3246 2.28351
55.3343 2.28477
55.344 2.28636
55.3538 2.28702
55.3635 2.28816
55.3732 2.28963
55.3829 2.29017
55.3926 2.2912
55.4002 2.29031
55.4111 2.29153
55.4196 2.29078
55.4293 2.29099
55.439 2.29184
55.447 2.29087
55.4589 2.29209
55.4664 2.29138
55.4783 2.2939
55.4859 2.29294
55.4956 2.29303
55.5053 2.29383
55.515 2.29399
55.5247 2.29372
55.5344 2.2943
55.5441 2.29546
55.5525 2.29473
55.5644 2.29726
55.572 2.29632
55.5838 2.29869
55.5914 2.29876
55.6011 2.29953
55.6108 2.29964
55.6205 2.30045
55.6302 2.30171
55.6399 2.30215
55.6497 2.30314
55.6594 2.30451
55.6691 2.30611
55.6788 2.30672
55.6885 2.30779
55.6982 2.30915
55.7074 2.30957
55.7176 2.31048
55.7256 2.30948
55.7371 2.3117
55.745 2.31158
55.7548 2.31102
55.7645 2.31018
55.7742 2.31031
55.7839 2.30997
55.7936 2.31048
55.802 2.31042
55.8117 2.30999
55.8214 2.31046
55.8311 2.31153
55.8409 2.31188
55.8506 2.31286
55.8603 2.31426
55.87 2.31479
55.8797 2.31587
55.8894 2.3173
55.8982 2.31782
55.9067 2.3166
55.9164 2.31651
55.9261 2.31718
55.9358 2.31724
55.9456 2.31802
55.9553 2.31928
55.965 2.31973
55.9747 2.32075
55.9844 2.32214
55.9941 2.32377
56.0038 2.32329
56.0135 2.32365
56.0232 2.32458
56.033 2.32477
56.0427 2.32559
56.0545 2.32908
58.3683 4.65815
58.403 2.32908
61.1389 3.35028
61.1413 3.98625
61.1581 4.33603
61.2014 4.46352
61.241 4.44463
61.2795 4.33103
61.3215 4.15516
61.3696 3.93865
61.4176 3.70327
61.4657 3.4621
61.5126 3.2257
61.5606 2.99908
61.6087 2.78698
61.6568 2.59029
61.7048 2.41002
61.7517 2.24718
61.7998 2.101
61.8478 1.96957
61.8959 1.85208
61.9439 1.74845
61.9908 1.65726
62.0389 1.57636
62.0869 1.50487
62.135 1.44197
62.1831 1.38681
63.2681 1.35175
63.3174 1.32102
64.4565 1.31888
64.5022 1.31676
64.5502 1.31706
64.5983 1.3191
64.6463 1.32125
64.6932 1.32352
64.7413 1.32706
64.7893 1.33148
64.8374 1.33536
64.8855 1.34002
64.9323 1.34408
64.9804 1.34887
65.0285 1.35301
65.0765 1.35786
65.1246 1.36317
65.1714 1.36652
65.2195 1.37083
65.2676 1.37579
65.3156 1.38117
65.3637 1.3857
65.4106 1.38965
65.4586 1.39435
65.5067 1.39955
65.5548 1.40394
65.6028 1.40892
65.6497 1.41316
65.6977 1.41803
65.7446 1.42107
65.7903 1.4229
65.8347 1.42173
65.8804 1.42091
65.9261 1.41932
65.9705 1.4162
66.0162 1.41445
66.0642 1.41489
66.1099 1.41462
66.1544 1.41395
66.2 1.41423
66.2457 1.41297
66.2901 1.4119
66.3358 1.41104
66.3815 1.41154
66.4271 1.41188
66.4716 1.41104
66.5196 1.41399
66.5653 1.41724
66.6098 1.41731
66.6554 1.41865
66.7011 1.42089
66.7467 1.42261
66.7912 1.42287
66.8369 1.42333
66.8825 1.42509
66.927 1.4255
66.9726 1.42615
67.0207 1.43039
67.0664 1.43475
67.1108 1.43578
67.1565 1.43796
67.2021 1.44092
67.2466 1.44215
67.2923 1.44336
67.3379 1.44458
67.3824 1.44583
67.4281 1.44825
67.4737 1.4492
67.5194 1.45145
67.5638 1.45231
67.6095 1.45453
67.6552 1.45653
67.6996 1.45726
67.7453 1.45942
67.7933 1.4648
67.839 1.46777
67.8835 1.47022
67.9291 1.47345
67.9748 1.47493
68.0192 1.47638
68.0649 1.47781
68.1106 1.48038
68.155 1.48147
68.2007 1.48269
68.2463 1.48516
68.292 1.48847
68.3365 1.48893
68.3821 1.4909
68.4278 1.49275
68.4722 1.49454
68.5179 1.49517
68.5636 1.49729
68.608 1.4993
68.6537 1.50123
68.6993 1.50312
68.7474 1.50835
68.7919 1.51128
68.8375 1.51488
68.8832 1.51777
68.9276 1.51906
68.9733 1.52152
69.019 1.52253
69.0646 1.52483
69.1091 1.52688
69.1547 1.52875
69.2004 1.53053
69.2449 1.53111
69.2905 1.53318
69.3362 1.53625
69.3807 1.5366
69.4263 1.53853
69.472 1.5404
69.5176 1.54337
69.5621 1.54481
69.6078 1.54635
69.6534 1.5491
69.7003 1.55378
69.7459 1.55632
69.7916 1.55967
69.8373 1.56353
69.8817 1.56433
69.9274 1.56647
69.973 1.56952
70.0175 1.57091
70.0632 1.57232
70.1112 1.57602
70.1593 1.5801
70.2049 1.57991
70.2542 1.58362
70.3023 1.58657
70.3515 1.59124
70.3996 1.59477
70.4489 1.59974
70.4981 1.60564
70.5474 1.61209
70.5967 1.61769
70.6459 1.62378
70.6964 1.63125
70.7457 1.63843
70.7853 1.63969
70.8238 1.64037
70.8658 1.64409
70.9055 1.64871
70.9451 1.65278
70.9872 1.65984
71.0268 1.66544
71.0701 1.67451
71.1098 1.68129
71.1494 1.68758
71.1915 1.69459
71.2311 1.70089
71.272 1.70553
71.314 1.71353
71.3549 1.72032
71.3945 1.72511
71.4354 1.73079
71.4786 1.73926
71.5183 1.74504
71.5592 1.7512
71.6012 1.75759
71.6421 1.76407
71.6829 1.76945
71.7262 1.77743
71.767 1.78484
71.8103 1.79406
71.8511 1.80101
71.892 1.80638
71.9353 1.81405
71.9761 1.82096
72.017 1.82618
72.0614 1.83476
72.1023 1.84214
72.1708 1.86443
72.2381 1.884
72.3077 1.90144
72.3774 1.91831
72.4471 1.93569
72.5168 1.95091
72.5865 1.96675
72.655 1.98055
72.7235 1.99172
72.7932 2.0044
72.8629 2.01575
72.929 2.02273
72.9987 2.03241
73.0684 2.04275
73.1359 2.05124
73.1968 2.05058
73.255 2.04281
73.3133 2.02947
73.3742 2.01733
73.4252 1.99404
73.4689 1.97288
73.5151 1.95824
73.5588 1.94282
73.6024 1.92955
73.6487 1.92035
73.6924 1.91193
73.736 1.90428
73.7802 1.8985
73.8238 1.89192
73.8675 1.88722
73.9112 1.88394
73.9548 1.87948
73.9985 1.8766
74.0448 1.87713
74.0884 1.87772
74.1347 1.8795
74.1784 1.88093
74.222 1.88212
74.2683 1.88539
74.3119 1.88553
74.3561 1.88695
74.4019 1.88923
74.446 1.88981
74.4918 1.89263
74.5359 1.89468
74.5796 1.8962
74.6258 1.89846
74.6695 1.90009
74.7132 1.90129
74.7594 1.90443
74.8031 1.90549
74.8494 1.90851
74.893 1.91057
74.9367 1.91084
74.9834 1.9133
75.0266 1.91385
75.0707 1.91424
75.114 1.91343
75.1581 1.91298
75.2026 1.91281
75.4236 2.11198
76.9671 2.13594
77.1874 2.1596
78.7525 2.19094
78.7974 2.19707
78.8437 2.18566
78.8899 2.16317
78.9345 2.13598
78.9794 2.10569
79.0257 2.07352
79.0698 2.04295
79.1161 2.01267
79.1623 1.98362
79.2068 1.95813
79.2531 1.93318
79.298 1.91212
79.3443 1.89254
79.3906 1.87464
79.4368 1.86335
79.4813 1.85575
79.5276 1.85308
79.5739 1.85382
79.6188 1.85575
79.665 1.85959
79.7096 1.8624
79.7558 1.86674
79.8021 1.87315
79.847 1.87748
79.8933 1.88259
79.9374 1.88589
79.9837 1.88906
80.0303 1.89436
80.0745 1.89764
80.1215 1.90289
80.1656 1.90491
80.2119 1.90811
80.2582 1.9132
80.3039 1.91726
80.3489 1.91945
80.3948 1.92262
80.4393 1.9253
80.4864 1.9299
80.5317 1.93236
80.5768 1.93449
80.6213 1.93641
80.6641 1.93593
80.7065 1.93165
80.7493 1.9272
80.7939 1.9239
80.8388 1.92261
80.8808 1.91824
80.9253 1.91643
80.9681 1.91417
81.0113 1.91168
81.0533 1.90687
81.0979 1.90399
81.1407 1.90139
81.1852 1.90129
81.228 1.89841
81.2725 1.89822
81.3153 1.89762
81.3589 1.89565
81.4017 1.89393
81.4451 1.89355
81.4879 1.89185
81.532 1.89042
81.5752 1.89035
81.6176 1.88894
81.6625 1.89006
81.7057 1.88947
81.7491 1.89001
81.7919 1.88905
81.8364 1.89048
81.8792 1.89013
81.9216 1.88858
81.9644 1.88739
82.0089 1.88759
82.0518 1.88649
82.0963 1.88791
82.1391 1.88875
82.1832 1.8903
82.2264 1.89007
82.2684 1.88863
82.3129 1.88867
82.3558 1.88858
82.3999 1.8884
82.4431 1.88931
82.4855 1.88868
82.521 1.89076
82.5561 1.89094
82.5916 1.88991
82.6267 1.88902
82.6604 1.88912
82.6959 1.88809
82.731 1.8876
82.7665 1.8883
82.8016 1.88865
82.8371 1.88989
82.873 1.89283
82.9077 1.89349
82.9427 1.89484
82.9765 1.89439
83.012 1.89499
83.0479 1.89629
83.0826 1.89691
83.1185 1.89932
83.1527 1.89952
83.1891 1.90161
83.2229 1.90155
83.2576 1.90118
83.2935 1.90287
83.3286 1.90367
83.3641 1.90499
83.3992 1.90663
83.4329 1.9051
83.4697 1.90709
83.5035 1.90693
83.539 1.90757
83.5741 1.90876
83.6079 1.90692
83.6447 1.90759
83.6785 1.9077
83.714 1.90743
83.749 1.90919
83.7845 1.91002
83.8196 1.91022
83.8551 1.91225
83.891 1.91436
83.9257 1.91535
83.9595 1.91446
83.9946 1.91346
84.0301 1.91466
84.066 1.91509
84.1011 1.91724
84.1357 1.91714
84.1712 1.91779
84.2063 1.91895
84.2418 1.9193
84.2756 1.91911
84.3107 1.91858
84.3462 1.91897
84.3813 1.91997
84.415 1.91913
84.4505 1.91932
84.4843 1.91797
84.5194 1.91674
84.5528 1.9145
84.5887 1.9139
84.6216 1.91216
84.6571 1.91307
84.6922 1.91464
84.726 1.91437
84.7593 1.91399
84.7931 1.91355
84.8269 1.91309
84.8598 1.91165
84.8936 1.91156
84.927 1.91139
84.9586 1.91061
84.9924 1.91061
85.0262 1.91279
85.0578 1.91188
85.0894 1.91146
85.1232 1.91205
85.1549 1.91121
85.1865 1.91057
85.2194 1.91119
85.2519 1.91152
85.2849 1.91279
85.3152 1.91241
85.3468 1.91206
85.3798 1.91285
85.4101 1.91329
85.4417 1.91234
85.4734 1.91274
85.505 1.91405
85.5367 1.91481
85.5666 1.91519
85.5982 1.91643
85.6285 1.91598
85.6602 1.91778
85.6897 1.91656
85.7213 1.91784
85.7512 1.91853
85.7829 1.91993
85.811 1.91842
85.8427 1.91947
85.8726 1.91999
85.9021 1.92015
85.9324 1.92006
85.9641 1.92318
85.9936 1.92392
86.0213 1.92303
86.053 1.92332
86.0812 1.92328
86.1111 1.92415
86.1414 1.92562
86.17 1.92523
86.1987 1.92471
86.229 1.92638
86.2568 1.92612
86.2863 1.92682
86.3166 1.92816
86.3444 1.92766
86.3726 1.92706
86.4025 1.92754
86.432 1.92987
86.4602 1.93003
86.4901 1.9321
86.5183 1.93205
86.5478 1.93283
86.5764 1.93303
86.6059 1.93285
86.6337 1.93243
86.6619 1.93185
86.6905 1.93232
86.72 1.9335
86.7478 1.934
86.7759 1.93405
86.8049 1.93493
86.8319 1.9341
86.8618 1.93552
86.8879 1.93394
86.9178 1.93487
86.946 1.93523
86.9738 1.93522
87.0041 1.93832
87.0319 1.93898
87.0601 1.94022
87.0878 1.93959
87.116 1.93997
87.1438 1.93878
87.172 1.9377
87.2019 1.94009
87.228 1.93916
87.2566 1.93938
87.2843 1.9404
87.3125 1.9408
87.3403 1.94191
87.3676 1.94124
87.395 1.94051
87.4245 1.94201
87.4522 1.94387
87.4787 1.94257
87.5048 1.94029
87.5347 1.94191
87.5607 1.94163
87.5872 1.94121
87.615 1.94071
87.6432 1.94129
87.6708 1.94148
87.6974 1.9414
87.7235 1.94003
87.7521 1.94231
87.7798 1.94364
87.8059 1.94318
87.8324 1.94378
87.8601 1.94509
87.8862 1.9446
87.9127 1.94404
87.9404 1.94458
87.9665 1.94473
87.9929 1.94461
88.0207 1.94546
88.0468 1.94581
88.0732 1.94695
88.0976 1.94524
88.1254 1.94613
88.1518 1.94653
88.1779 1.94659
88.2022 1.94529
88.23 1.94537
88.2564 1.94751
88.2808 1.94649
88.3068 1.94561
88.3328 1.94599
88.3598 1.94833
88.3854 1.9497
88.4106 1.95039
88.4349 1.94836
88.4623 1.95018
88.4866 1.95005
88.5113 1.94974
88.5374 1.95046
88.5617 1.9496
88.5882 1.95108
88.6125 1.95074
88.6368 1.9503
88.6633 1.95207
88.6876 1.95191
88.7133 1.95272
88.7376 1.95304
88.7639 1.95416
88.7884 1.95466
88.8127 1.95476
88.837 1.9557
88.8614 1.95496
88.8857 1.95422
89.0981 2.16613
90.6501 2.27495
90.8625 2.21099
91.0632 2.16352
92.427 2.26348
92.4569 2.31035
92.4851 2.32279
92.5146 2.3123
92.5445 2.28628
92.5727 2.25272
92.6026 2.21268
92.6308 2.17239
92.6586 2.13321
92.6889 2.09427
92.7184 2.05593
92.7462 2.02193
92.7765 1.99012
92.806 1.96171
92.8346 1.9356
92.8641 1.91192
92.8919 1.89329
92.9222 1.87505
92.9517 1.86222
92.9803 1.85582
93.0098 1.85282
93.0393 1.85332
93.0679 1.85395
93.0974 1.85806
93.1252 1.86106
93.1555 1.86553
93.185 1.87092
93.2136 1.87458
93.2431 1.8804
93.2709 1.88308
93.3012 1.88812
93.3307 1.89243
93.3593 1.8973
93.3888 1.90136
93.4183 1.90596
93.4461 1.9086
93.4764 1.91216
93.5059 1.9163
93.5345 1.91966
93.564 1.9236
93.5935 1.92676
93.6221 1.9305
93.6516 1.93347
93.6794 1.93477
93.7097 1.93723
93.7392 1.94159
93.7678 1.94381
93.7973 1.94683
93.8263 1.94925
93.8555 1.95128
93.885 1.95416
93.9149 1.95761
93.9431 1.96029
93.973 1.96244
94.0012 1.96538
94.0307 1.9677
94.0606 1.97073
94.0888 1.97197
94.1187 1.97429
94.1482 1.97846
94.1764 1.98047
94.2063 1.98327
94.2345 1.98435
94.264 1.98654
94.2939 1.9895
94.3221 1.99183
94.3499 1.99149
94.3763 1.98941
94.4045 1.9885
94.431 1.98507
94.4566 1.98007
94.4848 1.97641
94.5113 1.97378
94.5369 1.96856
94.5651 1.96624
94.5916 1.96259
94.6194 1.96151
94.6458 1.95886
94.6719 1.95521
94.6997 1.95325
94.7278 1.95249
94.7543 1.95256
94.7821 1.95322
94.8085 1.95202
94.8346 1.94961
94.8624 1.94982
94.8888 1.94843
94.917 1.94938
94.9435 1.94852
94.9691 1.94648
94.9973 1.94706
95.0238 1.94603
95.0494 1.94395
95.0776 1.94346
95.1041 1.94406
95.1319 1.94426
95.1583 1.9442
95.1844 1.94284
95.2122 1.9429
95.2404 1.94503
95.2668 1.94514
95.2933 1.94503
95.3211 1.94589
95.3471 1.94627
95.3728 1.94437
95.401 1.94379
95.4287 1.94438
95.4552 1.94464
95.4813 1.94466
95.5077 1.9434
95.5355 1.94356
95.5637 1.94468
95.5901 1.94643
95.6179 1.94744
95.644 1.9468
95.6704 1.9462
95.6982 1.9479
95.7259 1.94886
95.7529 1.94931
95.7785 1.94828
95.8067 1.94853
95.8332 1.94965
95.8596 1.94908
95.8874 1.94964
95.9135 1.94871
95.9413 1.95017
95.9677 1.94984
95.9938 1.94832
96.0202 1.94715
96.048 1.94738
96.0762 1.94968
96.1027 1.94995
96.1283 1.94884
96.1565 1.94909
96.183 1.94912
96.2107 1.95014
96.2372 1.95068
96.2654 1.95202
96.291 1.95161
96.3175 1.95117
96.3384 1.95142
96.3627 1.95
96.3832 1.94892
96.4062 1.94921
96.4284 1.95042
96.4489 1.94999
96.4719 1.9507
96.4923 1.95106
96.5167 1.95341
96.5376 1.95482
96.558 1.95444
96.581 1.95623
96.6032 1.95834
96.6258 1.9595
96.6467 1.95999
96.6689 1.96003
96.6915 1.96203
96.7124 1.96193
96.7346 1.96268
96.7559 1.96287
96.7781 1.96381
96.8007 1.96525
96.8216 1.96475
96.8438 1.96521
96.8664 1.96744
96.8872 1.96745
96.9094 1.96823
96.932 1.96951
96.9529 1.96887
96.9755 1.9692
96.9977 1.97019
97.0186 1.9705
97.0412 1.97146
97.0621 1.97173
97.0843 1.97155
97.1069 1.97219
97.1278 1.97226
97.1504 1.97308
97.1726 1.9744
97.1935 1.97378
97.2161 1.97526
97.2381 1.97588
97.2613 1.97816
97.2817 1.97815
97.3039 1.97774
97.3269 1.97932
97.3474 1.97884
97.3696 1.97926
97.3917 1.97915
97.4131 1.97982
97.4361 1.98214
97.4562 1.98103
97.4805 1.98328
97.5018 1.98324
97.524 1.98392
97.5445 1.98397
97.5675 1.98472
97.5897 1.98594
97.611 1.98521
97.6332 1.98657
97.6553 1.98707
97.6766 1.98699
97.6988 1.98766
97.7193 1.98657
97.7436 1.98884
97.7645 1.98884
97.7858 1.98843
97.808 1.98891
97.8302 1.98997
97.8528 1.99142
97.8737 1.99085
97.8963 1.99233
97.9185 1.99292
97.9394 1.9929
97.962 1.99361
97.9828 1.99255
98.005 1.99372
98.0276 1.99412
98.0485 1.994
98.0711 1.99467
98.0933 1.99588
98.1142 1.99629
98.1368 1.99618
98.1577 1.99573
98.1799 1.99507
98.2098 2.00441
98.2436 2.00794
98.2791 2.01085
98.3128 2.00879
98.3475 2.0057
98.3813 2.00087
98.4164 1.99723
98.4501 1.99608
98.4835 1.9967
98.5173 1.9984
98.5524 1.99894
98.5861 1.99957
98.619 2.00197
98.6511 2.00449
98.6849 2.00693
98.7199 2.00745
98.7516 2.00843
98.7854 2.00874
98.8171 2.00946
98.8504 2.00948
98.8825 2.00988
98.9158 2.00959
98.9475 2.00969
98.9791 2.00911
99.0129 2.00719
99.0445 2.00621
99.0762 2.00493
99.1078 2.00435
99.1394 2.0033
99.1638 2.00544
99.1881 2.00509
99.2128 2.0031
99.2368 2.00098
99.2611 1.99706
99.2854 1.99386
99.308 1.9912
99.3323 1.98807
99.3567 1.98474
99.381 1.9805
99.404 1.97757
99.4284 1.9747
99.4517 1.97282
99.4749 1.97162
99.4992 1.96913
99.5235 1.96678
99.5461 1.96458
99.5692 1.96343
99.5935 1.9621
99.6157 1.96157
99.64 1.9598
99.6626 1.95905
99.6869 1.95721
99.7078 1.95825
99.7322 1.95667
99.7543 1.95611
99.777 1.95621
99.8013 1.95409
99.8243 1.95237
99.8465 1.95186
99.8708 1.95038
99.8934 1.9492
99.9143 1.95002
99.9365 1.95118
99.9591 1.95162
99.9834 1.94983
