0.200111 0.2
0.401609 0.200125
0.406416 0.200859
0.411222 0.202127
0.416029 0.203861
0.420835 0.205878
0.603103 0.230519
0.619926 0.228079
0.631942 0.225694
0.644626 0.223482
0.658467 0.221547
0.672307 0.219979
0.686148 0.218606
0.699989 0.21728
0.71383 0.21612
0.804597 0.22473
0.831032 0.224264
0.852661 0.224481
0.855064 0.223296
0.862942 0.221384
0.876783 0.219711
0.8896 0.218247
0.900587 0.216841
0.910887 0.215486
0.919966 0.214175
0.928511 0.213153
0.937057 0.212259
0.945602 0.211477
0.954147 0.210792
0.962692 0.210193
0.971237 0.209669
0.979782 0.209085
1.00609 0.21095
1.02532 0.211706
1.05896 0.215368
1.07819 0.218822
1.10222 0.223844
1.10462 0.226864
1.10703 0.228756
1.10943 0.229536
1.11183 0.229469
1.11423 0.22866
1.11664 0.227203
1.11904 0.225178
1.12252 0.22278
1.13106 0.220683
1.13961 0.218847
1.14802 0.217242
1.15579 0.215711
1.163 0.214497
1.16997 0.213185
1.1765 0.212162
1.18281 0.211142
1.18875 0.210249
1.19469 0.209468
1.20063 0.208784
1.20657 0.208186
1.2196 0.208538
1.23162 0.209721
1.24363 0.211506
1.25565 0.213818
1.26766 0.21659
1.28208 0.220142
1.2965 0.224374
1.30852 0.228827
1.32294 0.233849
1.33255 0.238743
1.34457 0.2439
1.3662 0.250537
1.37821 0.25647
1.41426 0.265536
1.41666 0.271344
1.41907 0.276176
1.42147 0.280154
1.42387 0.283385
1.42628 0.286087
1.42868 0.288201
1.43108 0.289926
1.43349 0.29131
1.43589 0.292271
1.43829 0.292987
1.44069 0.293489
1.4431 0.293803
1.4455 0.293828
1.4479 0.293724
1.45031 0.293509
1.45271 0.29307
1.45511 0.292686
1.45752 0.2921
1.45992 0.291338
1.46232 0.290671
1.46473 0.289837
1.46713 0.288982
1.46953 0.288109
1.47194 0.287096
1.47434 0.286084
1.47674 0.285073
1.47915 0.284064
1.48155 0.283056
1.49236 0.283049
1.49957 0.283418
1.50798 0.284366
1.51519 0.285695
1.5224 0.287358
1.52961 0.289188
1.53682 0.29129
1.54644 0.294004
1.55124 0.296503
1.56326 0.299815
1.56806 0.302963
1.57768 0.306468
1.58369 0.309909
1.5921 0.313671
1.59931 0.317462
1.60652 0.321279
1.61373 0.325119
1.62093 0.328854
1.62814 0.332748
1.63535 0.336654
1.64256 0.340572
1.64977 0.344501
1.65698 0.348438
1.66419 0.352508
1.6714 0.35657
1.68822 0.361874
1.69543 0.366389
1.71226 0.372091
1.71947 0.376829
1.74109 0.383351
1.7483 0.388432
1.76032 0.394128
1.76753 0.399112
1.78435 0.405223
1.79156 0.41032
1.82761 0.418905
1.83482 0.424917
1.85164 0.431927
1.85885 0.437811
1.92374 0.45071
1.92614 0.458246
1.92854 0.464715
1.93095 0.470251
1.93335 0.47522
1.93575 0.479442
1.93816 0.483137
1.94056 0.48637
1.94296 0.489074
1.94537 0.491439
1.94777 0.493509
1.95017 0.495321
1.95258 0.496781
1.95498 0.498058
1.95738 0.499176
1.95979 0.500029
1.96219 0.500775
1.96459 0.501428
1.967 0.501875
1.9694 0.502265
1.9718 0.502607
1.97421 0.502906
1.97661 0.503168
1.97901 0.503397
1.98141 0.503597
1.98382 0.503773
1.98622 0.503926
1.99343 0.504685
2.00064 0.505975
2.00785 0.507603
2.01506 0.509778
2.01746 0.51168
2.02227 0.513595
2.02828 0.515771
2.03429 0.518175
2.03669 0.520278
2.0439 0.522743
2.05111 0.525525
2.05351 0.527959
2.06072 0.530715
2.06793 0.53375
2.07033 0.536531
2.07754 0.539465
2.08475 0.542657
2.08716 0.545575
2.09437 0.548753
2.10157 0.552159
2.10398 0.555139
2.10999 0.558122
2.11479 0.561106
2.1208 0.564218
2.1232 0.567066
2.13041 0.570183
2.13762 0.573535
2.14123 0.576718
2.14724 0.579878
2.15445 0.583268
2.15685 0.586235
2.16286 0.589331
2.16766 0.592414
2.17367 0.595612
2.18088 0.598911
2.18809 0.602547
2.19049 0.605729
2.1929 0.608513
2.20011 0.611698
2.21693 0.616111
2.22894 0.620347
2.24096 0.624804
2.25298 0.629078
2.26499 0.633444
2.27701 0.638013
2.28902 0.642636
2.30104 0.647182
2.31306 0.651784
2.32507 0.656436
2.33709 0.661132
2.3491 0.665865
2.35631 0.669882
2.36352 0.674022
2.37554 0.678519
2.40678 0.685454
2.4188 0.690897
2.45004 0.698785
2.46205 0.705062
2.50291 0.714679
2.51493 0.721844
2.53655 0.729989
2.54857 0.737115
2.57981 0.746351
2.59183 0.753807
2.66152 0.768206
2.67354 0.777805
2.70478 0.789205
2.71679 0.798554
2.84416 0.82186
2.84657 0.834377
2.84897 0.845205
2.85137 0.854805
2.85378 0.863079
2.85618 0.870444
2.85858 0.876889
2.86099 0.882403
2.86339 0.887352
2.86579 0.891558
2.8682 0.895363
2.8706 0.898693
2.873 0.901606
2.87541 0.904156
2.87781 0.906261
2.88021 0.908228
2.88261 0.90995
2.88502 0.911456
2.88742 0.912774
2.88982 0.913802
2.89223 0.914827
2.89463 0.915724
2.89703 0.916508
2.89944 0.917195
2.90184 0.91767
2.90424 0.918212
2.90665 0.918685
2.91866 0.920224
2.93068 0.922196
2.94269 0.924547
2.95471 0.927229
2.95711 0.92895
2.96432 0.931081
2.97153 0.933196
2.97634 0.934922
2.97874 0.935931
2.98595 0.93744
2.99316 0.938885
2.99557 0.939399
3.00277 0.940474
3.01119 0.941665
3.01359 0.941957
3.0208 0.942837
3.02801 0.943733
3.03041 0.943891
3.03762 0.94453
3.04483 0.945088
3.04723 0.945077
3.05565 0.945693
3.06045 0.946106
3.06526 0.946593
3.06766 0.946519
3.07487 0.946954
3.08208 0.94746
3.08689 0.947527
3.09169 0.947711
3.1001 0.948247
3.10251 0.948091
3.10972 0.94858
3.11452 0.948883
3.11933 0.949147
3.12654 0.949504
3.13375 0.949816
3.13615 0.949464
3.13856 0.949156
3.14697 0.949636
3.16379 0.951182
3.17701 0.952159
3.18902 0.953014
3.20104 0.953762
3.21426 0.954542
3.22627 0.955224
3.23949 0.955946
3.25151 0.956578
3.26352 0.957131
3.27674 0.957739
3.28876 0.958272
3.30197 0.958863
3.30918 0.95888
3.31639 0.958895
3.32841 0.959533
3.36205 0.962842
3.37407 0.963361
3.40651 0.966316
3.41973 0.966527
3.46179 0.970461
3.475 0.970653
3.49663 0.971947
3.50985 0.971953
3.54229 0.974584
3.55431 0.974511
3.62761 0.982072
3.64082 0.981563
3.67327 0.983743
3.68528 0.983275
3.81866 0.997991
3.82106 0.995242
3.82347 0.992837
3.82587 0.990607
3.82827 0.988781
3.83068 0.987183
3.83308 0.985786
3.83548 0.984562
3.83789 0.983367
3.84029 0.982446
3.84269 0.98164
3.8451 0.980935
3.8475 0.980318
3.8499 0.979654
3.85231 0.979197
3.85471 0.978797
3.85711 0.978448
3.85952 0.978142
3.86192 0.977749
3.86432 0.97753
3.86673 0.977339
3.86913 0.977172
3.87153 0.977025
3.87393 0.976772
3.87634 0.976676
3.87874 0.976591
3.88114 0.976517
3.89436 0.977828
3.90638 0.978974
3.9196 0.980102
3.93161 0.98109
3.93401 0.980828
3.94122 0.9811
3.94843 0.981337
3.95444 0.98142
3.95685 0.981118
3.96405 0.981603
3.97126 0.981903
3.97367 0.98154
3.98088 0.981847
3.99049 0.982491
3.99289 0.98218
4.0013 0.982782
4.00851 0.98331
4.01092 0.983021
4.01813 0.983518
4.02534 0.983954
4.02774 0.983709
4.03495 0.983996
4.04096 0.983996
4.04576 0.983997
4.04817 0.983747
4.05538 0.984154
4.06259 0.984509
4.06739 0.984446
4.0722 0.984515
4.08301 0.985326
4.08542 0.98516
4.09263 0.98564
4.09743 0.98581
4.10224 0.985959
4.10945 0.986339
4.11666 0.986672
4.11906 0.986463
4.12146 0.986155
4.12988 0.986635
4.1467 0.988056
4.16232 0.989299
4.17433 0.990137
4.18635 0.99087
4.19957 0.991636
4.21158 0.992181
4.22721 0.993159
4.23922 0.993889
4.25244 0.994653
4.26445 0.995321
4.27647 0.995781
4.29209 0.996683
4.2993 0.996598
4.30651 0.996523
4.31973 0.997208
4.35457 1.00068
4.36659 1.00097
4.40024 1.00398
4.41465 1.00435
4.45791 1.00843
4.47233 1.00863
4.49516 1.00993
4.50718 1.00994
4.54323 1.01282
4.55524 1.01272
4.63094 1.0205
4.64536 1.02006
4.67901 1.02231
4.69102 1.02164
4.83281 1.03719
4.83521 1.03454
4.83762 1.0321
4.84002 1.03008
4.84242 1.02832
4.84483 1.02666
4.84723 1.02533
4.84963 1.02404
4.85204 1.02303
4.85444 1.02215
4.85684 1.02126
4.85925 1.0206
4.86165 1.0199
4.86405 1.01941
4.86646 1.01899
4.86886 1.01849
4.87126 1.01818
4.87367 1.01778
4.87607 1.01756
4.87847 1.01736
4.88088 1.01707
4.88328 1.01693
4.88568 1.01669
4.88809 1.01661
4.89049 1.01641
4.89289 1.01623
4.89529 1.0162
4.90731 1.0173
4.91933 1.01814
4.93495 1.01925
4.94696 1.02009
4.94937 1.0197
4.95658 1.01987
4.96499 1.02013
4.96979 1.02012
4.9722 1.01973
4.97941 1.02001
4.98662 1.02013
4.98902 1.01974
4.99623 1.02002
5.00704 1.02077
5.00945 1.02043
5.02387 1.02062
5.03708 1.02029
5.0491 1.01926
5.06112 1.0176
5.07914 1.01615
5.08875 1.01376
5.10437 1.01141
5.11639 1.00861
5.13682 1.00641
5.15364 1.00436
5.17166 1.00256
5.18969 1.00099
5.20891 0.999744
5.22453 0.998401
5.24136 0.997101
5.25938 0.996088
5.2774 0.995202
5.29423 0.994302
5.31225 0.993514
5.33508 0.99345
5.3495 0.992894
5.37233 0.993032
5.39035 0.993153
5.40958 0.993384
5.43001 0.993961
5.45043 0.994716
5.46726 0.995251
5.48768 0.99597
5.50571 0.996599
5.52493 0.997274
5.54536 0.99824
5.56338 0.999085
5.58501 1.00032
5.60544 1.00178
5.62827 1.00369
5.64509 1.00522
5.66552 1.00682
5.68595 1.00847
5.70277 1.00979
5.7232 1.01131
5.74603 1.01327
5.76645 1.01524
5.78688 1.01721
5.80851 1.01943
5.82894 1.02163
5.85177 1.02418
5.86859 1.02628
5.87099 1.02612
5.8734 1.0241
5.8758 1.02034
5.88902 1.01667
5.90584 1.01321
5.92386 1.01019
5.93828 1.00716
5.9515 1.00389
5.96352 1.00028
5.98154 0.997121
5.99716 0.994106
6.01398 0.991218
6.03081 0.988566
6.05123 0.98662
6.06926 0.984918
6.08608 0.983303
6.10651 0.98214
6.12453 0.981122
6.14376 0.980357
6.16178 0.979688
6.18221 0.979602
6.19903 0.979401
6.21946 0.979476
6.23748 0.979542
6.25551 0.979599
6.27473 0.979774
6.29155 0.979802
6.31198 0.980077
6.33001 0.980442
6.34923 0.980887
6.36725 0.981276
6.38768 0.981867
6.40691 0.982508
6.42493 0.98307
6.44536 0.983936
6.46218 0.984569
6.48261 0.985373
6.50063 0.986201
6.51986 0.987051
6.53788 0.987795
6.55831 0.98882
6.57513 0.989593
6.59556 0.990519
6.61599 0.991579
6.63281 0.992382
6.65324 0.993459
6.67126 0.994401
6.69049 0.995351
6.70851 0.996182
6.72894 0.99716
6.74816 0.998265
6.76619 0.999232
6.78661 1.00033
6.80464 1.00129
6.82386 1.00238
6.84069 1.0032
6.86111 1.0043
6.87433 1.00464
6.89115 1.00481
6.91158 1.00521
6.9284 1.00543
6.94643 1.00563
6.96445 1.0058
6.98368 1.00608
7.0017 1.00632
7.02213 1.0069
7.03895 1.00716
7.05938 1.00777
7.0774 1.0083
7.09542 1.00876
7.11465 1.00929
7.13147 1.00963
7.1519 1.0103
7.16992 1.01089
7.18915 1.01165
7.20717 1.01232
7.2276 1.01316
7.24683 1.01401
7.26485 1.01476
7.28528 1.01579
7.3021 1.01657
7.32253 1.0175
7.34055 1.01831
7.35857 1.01902
7.3778 1.01977
7.39582 1.02042
7.41505 1.02124
7.43548 1.02221
7.4535 1.02306
7.47273 1.02405
7.49075 1.02492
7.51118 1.02606
7.528 1.02692
7.54843 1.02793
7.56525 1.02869
7.58568 1.02961
7.6037 1.03041
7.62293 1.03123
7.64215 1.0322
7.66138 1.03318
7.6782 1.0339
7.69863 1.03479
7.71665 1.03557
7.73588 1.03637
7.7539 1.03707
7.77433 1.03807
7.79355 1.03918
7.81158 1.04016
7.83201 1.04139
7.84883 1.04222
7.86925 1.04331
7.88728 1.04427
7.9053 1.04512
7.92453 1.04598
7.94135 1.0466
7.96178 1.0474
7.9798 1.0481
7.99903 1.04897
8.01705 1.04972
8.03748 1.05063
8.0543 1.0513
8.07473 1.05214
8.09275 1.05287
8.11198 1.05376
8.13 1.05467
8.15043 1.05571
8.16725 1.05649
8.18648 1.05731
8.2057 1.05814
8.22493 1.059
8.24295 1.05975
8.26338 1.06078
8.2802 1.06156
8.30063 1.06249
8.31745 1.06318
8.33788 1.06403
8.3559 1.06478
8.37513 1.06568
8.39556 1.06672
8.41358 1.06763
8.43281 1.06868
8.45083 1.06959
8.47005 1.07064
8.48808 1.07156
8.5061 1.07237
8.52653 1.07332
8.54335 1.07403
8.56378 1.0749
8.58421 1.07604
8.60103 1.07691
8.62146 1.07792
8.63948 1.07881
8.65871 1.0797
8.67673 1.08049
8.69596 1.08131
8.71398 1.08202
8.73321 1.08289
8.75123 1.08365
8.77166 1.0847
8.78968 1.08561
8.80891 1.08653
8.82693 1.08734
8.84736 1.08842
8.86418 1.08925
8.88461 1.09022
8.90263 1.09106
8.92186 1.09193
8.93988 1.09269
8.96031 1.09373
8.97953 1.09476
8.99756 1.09567
9.01678 1.09658
9.03481 1.09739
9.05283 1.09809
9.07326 1.09908
9.09008 1.09994
9.11051 1.10095
9.12733 1.10171
9.14776 1.10262
9.16578 1.10342
9.18501 1.10436
9.20303 1.10519
9.22346 1.10617
9.24268 1.10715
9.26071 1.108
9.27993 1.10888
9.29796 1.10964
9.31598 1.11031
9.33641 1.11127
9.35323 1.11199
9.37366 1.11287
9.39168 1.11363
9.41091 1.11455
9.43133 1.11573
9.44936 1.11677
9.46858 1.1178
9.48661 1.1187
9.50704 1.11986
9.52386 1.12063
9.54429 1.12167
9.56111 1.12246
9.57913 1.12316
9.59956 1.12401
9.61878 1.12489
9.63681 1.12565
9.65724 1.12669
9.67406 1.12748
9.69449 1.12842
9.71251 1.12924
9.73173 1.13021
9.74976 1.13106
9.77019 1.13218
9.78941 1.13328
9.80744 1.13425
9.82666 1.13522
9.84469 1.13606
9.86271 1.13681
9.88314 1.13783
9.89996 1.13848
9.92039 1.13942
9.93721 1.14011
9.95764 1.14098
9.97806 1.1421
9.99489 1.14284
10.0153 1.14386
10.0333 1.14475
10.0526 1.14566
10.0706 1.14658
10.091 1.14775
10.1078 1.14854
10.1271 1.14947
10.1463 1.15041
10.1655 1.15136
10.1835 1.15219
10.204 1.15317
10.2208 1.15389
10.2412 1.15491
10.2592 1.15579
10.2785 1.15669
10.2965 1.15748
10.3169 1.15842
10.3337 1.15912
10.3542 1.1601
10.371 1.16072
10.3914 1.16175
10.4094 1.16266
10.4287 1.16358
10.4467 1.16438
10.4671 1.16546
10.4839 1.16615
10.5044 1.16713
10.5224 1.16799
10.5416 1.16887
10.5596 1.16963
10.5801 1.17068
10.5993 1.17172
10.6173 1.17263
10.6377 1.17368
10.6546 1.17447
10.6738 1.17528
10.693 1.17625
10.7098 1.17697
10.7303 1.17797
10.7471 1.17872
10.7675 1.17963
10.7879 1.18068
10.8048 1.18147
10.8252 1.18254
10.8432 1.18347
10.8624 1.18441
10.8805 1.18523
10.9009 1.1862
10.9177 1.18693
10.9369 1.18769
10.9562 1.1886
10.9754 1.18953
10.9934 1.19034
11.0138 1.19129
11.0307 1.19213
11.0511 1.19324
11.0691 1.19421
11.0883 1.19518
11.1064 1.19604
11.1268 1.19703
11.1436 1.19778
11.164 1.19881
11.1833 1.19983
11.2013 1.20073
11.2205 1.20164
11.2385 1.20243
11.2566 1.20313
11.277 1.20399
11.2938 1.20461
11.3142 1.20554
11.3323 1.20634
11.3515 1.2073
11.3719 1.20839
11.3899 1.20934
11.4092 1.21042
12.5026 1.19824
12.5219 1.18746
13.6934 1.18791
13.7018 1.18867
13.709 1.18971
13.7174 1.191
13.7222 1.19212
13.7295 1.19336
13.7379 1.19481
13.7463 1.19659
13.7547 1.19851
13.7631 1.2007
13.7703 1.20286
13.7787 1.20513
13.7859 1.20736
13.7943 1.20982
13.8016 1.21221
13.81 1.21469
13.8172 1.21723
13.8256 1.21982
13.8328 1.22235
13.84 1.22505
13.8484 1.2278
13.8556 1.23045
13.8652 1.23339
13.8737 1.23634
13.8821 1.23942
13.8893 1.24237
13.8977 1.24532
13.9049 1.24816
13.9133 1.25114
13.9205 1.254
13.9289 1.25687
13.9361 1.25976
13.9433 1.26254
13.9518 1.26535
13.959 1.26806
13.9674 1.27092
13.9746 1.27368
13.9842 1.27672
13.9926 1.27976
14.001 1.28291
14.0082 1.28592
14.0166 1.28893
14.0239 1.29182
14.0323 1.29484
14.0395 1.29773
14.0467 1.30052
14.0551 1.30345
14.0623 1.30627
14.0707 1.30911
14.0779 1.31197
14.0863 1.31498
14.0935 1.31785
14.1032 1.321
14.1116 1.32412
14.12 1.32723
14.1272 1.33033
14.1356 1.33341
14.1428 1.33636
14.15 1.33932
14.1584 1.34228
14.1656 1.34512
14.1741 1.3481
14.1813 1.35096
14.1897 1.35384
14.1969 1.35661
14.2053 1.35954
14.2125 1.36234
14.2221 1.36543
14.2305 1.3685
14.2389 1.37156
14.2461 1.37462
14.2546 1.37766
14.2618 1.38058
14.2702 1.38363
14.2774 1.38655
14.2858 1.38948
14.293 1.39242
14.3014 1.39537
14.3086 1.3982
14.317 1.4013
14.3243 1.40426
14.3327 1.40723
14.3411 1.41033
14.3507 1.41354
14.3579 1.41659
14.3663 1.41977
14.3735 1.4228
14.3819 1.42582
14.3891 1.42885
14.3975 1.43186
14.4048 1.43476
14.4132 1.43779
14.4204 1.44069
14.4288 1.4436
14.436 1.4464
14.4444 1.44935
14.4516 1.45218
14.6564 1.47966
15.2663 1.49133
15.2747 1.50154
15.2855 1.51084
15.2927 1.51874
15.3012 1.52577
15.3084 1.5318
15.3192 1.53733
15.3276 1.54216
15.3384 1.54676
15.3456 1.55067
15.3564 1.55434
15.3648 1.55754
15.3744 1.5606
15.3841 1.56353
15.3913 1.56583
15.3997 1.56786
15.4105 1.57
15.4189 1.57187
15.4297 1.57376
15.4369 1.57529
15.4465 1.57688
15.4562 1.5784
15.4646 1.57972
15.4754 1.58126
15.4826 1.58247
15.4934 1.58379
15.5018 1.58494
15.5102 1.58607
15.521 1.58744
15.5283 1.58838
15.5367 1.58921
15.5475 1.59031
15.5559 1.59127
15.5667 1.59236
15.5739 1.59319
15.5847 1.59429
15.5931 1.59526
15.6028 1.59622
15.6124 1.59732
15.6196 1.59816
15.628 1.59876
15.6388 1.59967
15.6472 1.60058
15.658 1.60176
15.6652 1.60254
15.6748 1.60335
15.6845 1.6043
15.6929 1.60514
15.7001 1.60575
15.7109 1.60653
15.7217 1.60759
15.7301 1.60852
15.7385 1.60933
15.7493 1.61041
15.7566 1.61123
15.765 1.61183
15.7758 1.61273
15.7842 1.61364
15.795 1.61481
15.8022 1.61558
15.8106 1.61626
15.8214 1.61723
15.8299 1.61807
15.8383 1.61881
15.8491 1.61984
15.8575 1.62073
15.8683 1.62177
15.8767 1.62267
15.8875 1.62384
15.8959 1.62486
15.9056 1.62587
15.9152 1.62702
15.9236 1.62801
15.9344 1.62926
15.9428 1.63023
15.95 1.63108
15.962 1.63232
15.9692 1.63328
15.9789 1.63412
15.9885 1.6351
15.9969 1.63596
16.0077 1.63697
16.0161 1.63797
16.0269 1.6391
16.0353 1.64021
16.0461 1.64144
16.0546 1.64251
16.063 1.64344
16.0738 1.64464
16.0822 1.64568
16.0906 1.6466
16.1014 1.64777
16.1098 1.6488
16.123 1.65033
16.1351 1.65216
16.1471 1.65427
16.1591 1.65648
16.1711 1.65892
16.1843 1.66168
16.1951 1.66447
16.2096 1.66754
16.2204 1.6706
16.2348 1.67402
16.2456 1.67739
16.2564 1.68059
16.2708 1.68414
16.2817 1.68763
16.2961 1.69155
16.3069 1.6951
16.3201 1.69897
16.3321 1.70285
16.3453 1.70674
16.3562 1.71052
16.3682 1.71433
16.3814 1.71829
16.3922 1.722
16.4066 1.726
16.4174 1.72988
16.4319 1.73402
16.4427 1.73789
16.4547 1.74178
16.4679 1.74581
16.4787 1.74971
16.4931 1.75387
16.504 1.75776
16.5172 1.76191
16.5292 1.76593
16.5424 1.77006
16.5532 1.77405
16.5652 1.77805
16.5785 1.78204
16.5893 1.78591
16.6037 1.79005
16.6145 1.79404
16.6289 1.79816
16.6397 1.80214
16.653 1.80625
16.665 1.81034
16.6758 1.81417
16.6902 1.8184
16.701 1.82248
16.7142 1.82654
16.7262 1.8306
16.7395 1.83477
16.7503 1.8388
16.7635 1.84283
16.7755 1.84685
16.7863 1.85074
16.8007 1.8549
16.8116 1.85879
16.826 1.86294
16.8368 1.86695
16.8512 1.87133
16.862 1.87541
16.8728 1.87924
16.8873 1.88346
16.8981 1.8874
16.9113 1.89147
16.9233 1.89554
16.9365 1.89972
16.9473 1.90363
16.9618 1.9078
16.9726 1.91183
16.9834 1.91572
16.9978 1.91976
17.0086 1.92366
17.023 1.92796
17.0339 1.93184
17.0483 1.93611
17.0591 1.94022
17.0711 1.94432
17.0843 1.9484
17.0951 1.95235
17.1084 1.95643
17.1204 1.9605
17.1336 1.96457
17.1444 1.96849
17.1588 1.97268
17.1696 1.97672
17.1805 1.98051
17.1949 1.98457
17.2057 1.9885
17.2201 1.99269
17.2309 1.9966
17.2453 2.0009
17.2562 2.00504
17.2694 2.00916
17.2814 2.01326
17.2922 2.01723
17.3054 2.02133
17.3138 2.02479
17.3307 2.02856
17.3451 2.03212
17.3571 2.03498
17.3727 2.03761
17.3871 2.04003
17.4003 2.04203
17.4172 2.04427
17.4316 2.04624
17.4448 2.04783
17.4616 2.0496
17.4736 2.05103
17.4905 2.05265
17.5037 2.05394
17.5181 2.0552
17.5349 2.05655
17.5481 2.05786
17.5626 2.059
17.577 2.06
17.5902 2.06087
17.607 2.06214
17.6214 2.06325
17.6359 2.06422
17.6503 2.06519
17.6647 2.06604
17.6815 2.06729
17.6959 2.06838
17.7104 2.06945
17.7248 2.0704
17.7416 2.07172
17.7572 2.07313
17.7716 2.07437
17.7861 2.07557
17.8017 2.07675
17.8173 2.07815
17.8317 2.07939
17.8461 2.08059
17.8606 2.08164
17.8786 2.08318
17.893 2.08466
17.9074 2.08595
17.9218 2.08708
17.9387 2.08845
17.9531 2.08989
17.9675 2.09116
17.9819 2.09226
17.9987 2.0936
18.0144 2.09515
18.0288 2.09651
18.0432 2.09782
18.0576 2.09897
18.0744 2.10035
18.0889 2.10168
18.1033 2.10297
18.1213 2.1046
18.1357 2.10602
18.1501 2.10752
18.167 2.10908
18.179 2.1102
18.1958 2.11155
18.2102 2.11285
18.227 2.1145
18.2427 2.11606
18.2572 2.11755
18.2705 2.11873
18.2853 2.12002
18.2972 2.12089
18.3121 2.12178
18.3265 2.12256
18.3388 2.12299
18.3532 2.12361
18.3651 2.12391
18.38 2.12417
18.3944 2.12453
18.4088 2.12496
18.4211 2.12522
18.4356 2.12544
18.4479 2.12538
18.4623 2.12546
18.4746 2.1254
18.489 2.12548
18.5035 2.12554
18.5158 2.12535
18.5302 2.12543
18.5425 2.12525
18.5544 2.12485
18.5667 2.12474
18.5776 2.12465
18.5887 2.12469
18.5984 2.12473
18.6102 2.12489
18.6199 2.1249
18.6322 2.12529
18.6419 2.12538
18.6538 2.12571
18.6635 2.12599
18.6758 2.12637
18.6855 2.1267
18.6952 2.12699
18.7075 2.12736
18.7172 2.12769
18.7291 2.12823
18.74 2.12858
18.7511 2.12913
18.7608 2.12949
18.7727 2.12993
18.7824 2.13031
18.7947 2.1309
18.8044 2.13129
18.8167 2.13187
18.8264 2.13239
18.8382 2.13297
18.8479 2.13335
18.8577 2.13368
18.87 2.13409
18.8797 2.13446
18.8915 2.13502
18.9012 2.1354
18.9135 2.13597
18.9232 2.13648
18.9351 2.13704
18.9448 2.13741
18.9557 2.13786
18.9668 2.13825
18.9791 2.13897
18.9888 2.13947
19.0007 2.14004
19.0104 2.14053
19.0201 2.14097
19.0324 2.14147
19.0421 2.14191
19.0539 2.14242
19.0637 2.14275
19.076 2.14328
19.0857 2.14374
19.098 2.14428
19.1077 2.14474
19.1186 2.14527
19.1292 2.14574
19.1415 2.1464
19.1513 2.14697
19.161 2.14723
19.1728 2.1477
19.1825 2.14811
19.1948 2.1486
19.2045 2.14902
19.2168 2.14964
19.2265 2.15006
19.2384 2.15068
19.2481 2.15122
19.2578 2.15144
19.2701 2.15201
19.281 2.15264
19.2917 2.15306
19.304 2.15367
19.3137 2.15422
19.3234 2.15456
19.3343 2.15499
19.345 2.15537
19.3573 2.15595
19.367 2.15633
19.3793 2.15704
19.389 2.15741
19.4008 2.15798
19.4105 2.15848
19.4202 2.1588
19.4325 2.15932
19.4435 2.15991
19.4541 2.16042
19.4638 2.16074
19.4735 2.16102
19.4858 2.1614
19.4981 2.1621
19.5078 2.16258
19.5197 2.16314
19.5294 2.16362
19.5417 2.16429
19.5526 2.16488
19.5633 2.16552
19.5756 2.16633
19.5853 2.16691
19.5976 2.16767
19.6085 2.16847
19.6191 2.16916
19.6314 2.17001
19.6411 2.17076
19.653 2.17142
19.6639 2.17211
19.675 2.17285
19.6873 2.17374
19.697 2.17453
19.7089 2.17533
19.7198 2.17604
19.7309 2.17679
19.7427 2.17769
19.7524 2.17835
19.7647 2.17918
19.7756 2.18004
19.7867 2.18078
19.7986 2.18168
19.8083 2.18247
19.8206 2.18329
19.8315 2.18413
19.8421 2.18499
19.8544 2.18586
19.8642 2.18663
19.8765 2.18755
19.8874 2.18836
19.898 2.18919
19.9103 2.19016
19.92 2.19089
19.9319 2.19166
19.9442 2.1927
19.9539 2.19336
19.9662 2.19432
19.9759 2.19503
19.9877 2.19577
20 2.1968
20.0098 2.19758
20.0221 2.1985
20.0313 2.19919
20.0436 2.20004
20.0559 2.20091
20.0656 2.20167
20.0775 2.20259
20.0898 2.20352
20.0995 2.20433
20.1118 2.20529
20.1215 2.206
20.1333 2.20687
20.1456 2.20789
20.1553 2.20865
20.1672 2.20957
20.1795 2.21063
20.1892 2.21142
20.2015 2.21237
20.2134 2.21345
20.2231 2.21427
20.2354 2.21523
20.2451 2.21608
20.2569 2.21682
20.2692 2.21784
20.2789 2.21861
20.2912 2.21954
20.3031 2.22059
20.3128 2.22139
20.3251 2.22235
20.336 2.2233
20.3466 2.22414
20.3589 2.225
20.3687 2.22575
20.381 2.22665
20.3919 2.22745
20.4025 2.22827
20.4148 2.22923
20.4245 2.22995
20.4364 2.23083
20.4473 2.23173
20.4584 2.23251
20.4707 2.23345
20.4804 2.23427
20.4936 2.23523
20.5033 2.23608
20.5147 2.23695
20.5256 2.2377
20.5363 2.23849
20.5472 2.2393
20.5578 2.23989
20.5689 2.24053
20.5803 2.24134
20.5921 2.24217
20.6018 2.24277
20.6128 2.24343
20.6234 2.244
20.6344 2.24462
20.6441 2.24517
20.6577 2.2459
20.6674 2.24654
20.6783 2.24722
20.689 2.24769
20.7008 2.24836
20.7105 2.24894
20.7233 2.24969
20.733 2.25036
20.7449 2.25106
20.7546 2.25156
20.7664 2.25224
20.7761 2.25283
20.7872 2.25335
20.7969 2.25368
20.8087 2.25422
20.8201 2.25482
20.8299 2.25522
20.8396 2.25557
20.8514 2.25599
20.8611 2.25637
20.8722 2.25682
20.8819 2.25697
20.8924 2.25722
20.9034 2.25757
20.9131 2.25775
20.9246 2.25803
20.9343 2.25828
20.9461 2.25862
20.9558 2.25879
20.9656 2.25894
20.9753 2.25895
20.9871 2.25921
20.9968 2.2593
21.0079 2.25939
21.0176 2.25947
21.0273 2.25953
21.037 2.25934
21.0506 2.25967
21.0603 2.25997
21.07 2.25997
21.0797 2.25997
21.0915 2.26023
21.1013 2.26032
21.111 2.26028
21.1228 2.2605
21.1325 2.26056
21.1436 2.26074
21.155 2.26102
21.1647 2.26114
21.1744 2.26125
21.1863 2.2616
21.196 2.26165
21.2057 2.26169
21.2154 2.26173
21.2272 2.26189
21.237 2.2619
21.248 2.26204
21.2577 2.26203
21.2674 2.26203
21.2771 2.26203
21.2907 2.26227
21.3004 2.26249
21.3101 2.26268
21.321 2.26284
21.3317 2.26299
21.3414 2.26311
21.3511 2.2631
21.3629 2.26321
21.3727 2.26331
21.3824 2.26327
21.3934 2.26336
21.4031 2.26344
21.415 2.26351
21.4264 2.26382
21.4361 2.2641
21.4458 2.26408
21.4555 2.26407
21.4674 2.26431
21.4771 2.2644
21.4881 2.2646
21.4986 2.26477
21.5084 2.2648
21.5181 2.26483
21.5308 2.2651
21.5405 2.26521
21.5502 2.26531
21.5612 2.26552
21.5718 2.26558
21.5815 2.26563
21.5912 2.26555
21.6031 2.26574
21.6128 2.26577
21.6225 2.26567
21.6335 2.26571
21.6432 2.26575
21.6551 2.26591
21.6665 2.26617
21.6762 2.2664
21.6859 2.26635
21.6957 2.2663
21.7075 2.26652
21.7172 2.26658
21.7269 2.2665
21.7366 2.26644
21.7485 2.26651
21.7612 2.26682
21.7709 2.26684
21.7828 2.26711
21.7925 2.26722
21.8044 2.26745
21.8154 2.26764
21.8251 2.26769
21.8369 2.26772
21.8484 2.26788
21.8581 2.26802
21.8699 2.26815
21.881 2.26825
21.8907 2.26822
21.9025 2.26832
21.914 2.2684
21.9237 2.26835
21.9355 2.26856
21.9452 2.26861
21.9571 2.26879
21.9668 2.26869
21.9795 2.26885
21.9892 2.26887
22.0011 2.26901
22.0108 2.26889
22.0227 2.26903
22.0337 2.26915
22.0434 2.26913
22.0552 2.26924
22.0667 2.26933
22.0764 2.26929
22.0882 2.26938
22.0979 2.26933
22.1098 2.26942
22.1208 2.26949
22.1323 2.26968
22.142 2.26959
22.1538 2.26964
22.1635 2.26956
22.1754 2.26962
22.1864 2.26979
22.1961 2.26982
22.2097 2.27009
22.2194 2.2702
22.2291 2.27018
22.241 2.27016
22.252 2.27014
22.2617 2.27012
22.2735 2.27023
22.285 2.27033
22.2947 2.27029
22.3065 2.27037
22.3162 2.27033
22.3281 2.27041
22.3391 2.27061
22.3506 2.27078
22.3624 2.27106
22.3721 2.27118
22.384 2.27128
22.3937 2.27125
22.4047 2.27122
22.4165 2.27131
22.428 2.27152
22.4377 2.27158
22.4495 2.27176
22.4593 2.27179
22.4703 2.27182
22.4821 2.27196
22.4918 2.27184
22.5033 2.27199
22.5142 2.27211
22.5248 2.2721
22.5367 2.27221
22.5464 2.27219
22.5591 2.27241
22.5689 2.27236
22.5807 2.27244
22.5904 2.27251
22.6023 2.2727
22.6133 2.27286
22.623 2.27288
22.6348 2.27289
22.6463 2.27303
22.656 2.2729
22.6678 2.27304
22.6789 2.27316
22.6886 2.27314
22.7004 2.27325
22.7119 2.27334
22.7216 2.2733
22.7334 2.27339
22.7453 2.27371
22.755 2.27375
22.7656 2.27378
22.7774 2.27393
22.7872 2.27394
22.799 2.27407
22.81 2.27419
22.8215 2.27429
22.8312 2.27438
22.843 2.27458
22.8527 2.27451
22.8646 2.27457
22.8756 2.27462
22.8853 2.27455
22.8972 2.2746
22.9086 2.27478
22.9183 2.27481
22.9302 2.27495
22.9412 2.27509
22.9509 2.27495
22.9628 2.27496
22.9725 2.27484
22.9839 2.27473
22.9936 2.27464
23.0055 2.27469
23.0164 2.27472
23.027 2.27476
23.038 2.27479
23.0495 2.27482
23.0596 2.27471
23.071 2.27487
23.0808 2.27477
23.0926 2.27479
23.1036 2.27482
23.1133 2.27472
23.1252 2.27475
23.1366 2.27478
23.1463 2.27481
23.156 2.27471
23.1679 2.27462
23.1776 2.27442
23.1895 2.27437
23.2005 2.27432
23.2102 2.27416
23.2216 2.27401
23.2325 2.27401
23.2432 2.27401
23.255 2.27413
23.2647 2.27399
23.2758 2.27387
23.2855 2.27363
23.2973 2.27355
23.307 2.27349
23.3185 2.27342
23.3282 2.27325
23.34 2.27322
23.3511 2.27319
23.3616 2.27304
23.3726 2.27291
23.3841 2.27292
23.3938 2.27281
23.4035 2.27258
23.4153 2.27251
23.425 2.27232
23.4369 2.27215
23.4479 2.27201
23.4576 2.27176
23.4695 2.27179
23.4809 2.27182
23.4906 2.27171
23.5025 2.27175
23.5135 2.27178
23.5232 2.27168
23.5329 2.27135
23.5448 2.2713
23.5562 2.27139
23.5659 2.27122
23.5756 2.27094
23.5875 2.27082
23.5972 2.27059
23.609 2.27052
23.6201 2.27046
23.6315 2.27052
23.6412 2.27046
23.6531 2.27053
23.6628 2.27034
23.6746 2.27029
23.6843 2.27013
23.6954 2.26999
23.7051 2.26987
23.7169 2.26976
23.7283 2.26979
23.7381 2.26969
23.7499 2.2696
23.7596 2.2694
23.7715 2.26935
23.7812 2.26918
23.7922 2.26916
23.8036 2.26914
23.8134 2.269
23.8231 2.26875
23.8349 2.26853
23.8458 2.26834
23.8565 2.26817
23.8675 2.26815
23.8784 2.26813
23.8891 2.26811
23.9005 2.2681
23.9102 2.26796
23.922 2.26797
23.9331 2.26797
23.9428 2.26785
23.9525 2.26762
23.9643 2.26754
23.9758 2.26747
23.9855 2.26729
23.9973 2.26725
24.0071 2.2671
24.0189 2.26708
24.0299 2.26707
24.0396 2.26694
24.0511 2.26695
24.0612 2.26683
24.0726 2.26673
24.0823 2.26663
24.0942 2.26668
24.1052 2.26672
24.1149 2.26651
24.1268 2.26644
24.1382 2.26651
24.1479 2.26645
24.1598 2.26652
24.1695 2.26645
24.1813 2.26652
24.1924 2.26658
24.2021 2.26651
24.2135 2.26657
24.2232 2.2665
24.2351 2.26656
24.2448 2.26637
24.2566 2.26632
24.2677 2.26641
24.2774 2.26635
24.2909 2.26656
24.3006 2.26662
24.3125 2.26679
24.3222 2.26681
24.3332 2.26696
24.3429 2.26684
24.3548 2.26686
24.3662 2.267
24.3759 2.26688
24.3878 2.26689
24.3975 2.26691
24.4093 2.26704
24.4204 2.26716
24.4318 2.26727
24.4415 2.26723
24.4534 2.26746
24.4631 2.26752
24.4749 2.26758
24.486 2.26763
24.4957 2.26756
24.5054 2.26749
24.5172 2.26755
24.5287 2.26761
24.5384 2.26753
24.5502 2.26759
24.5599 2.26752
24.5718 2.26758
24.5828 2.26763
24.5925 2.26755
24.604 2.26748
24.6137 2.26742
24.6255 2.26749
24.6352 2.26743
24.6471 2.2675
24.6581 2.26769
24.6678 2.2676
24.6797 2.26765
24.6911 2.26782
24.7008 2.26772
24.7127 2.26788
24.7224 2.26789
24.7334 2.26791
24.7452 2.26804
24.7549 2.26804
24.7664 2.26816
26.5245 2.20589
26.5363 2.1514
28.2953 2.10385
28.305 2.062
28.319 2.02587
28.3317 1.99451
28.3436 1.9672
28.3584 1.9438
28.3703 1.92357
28.3835 1.90613
28.397 1.89124
28.4102 1.87846
28.4238 1.86765
28.4369 1.85844
28.4505 1.85076
28.4637 1.84429
28.4755 1.83888
28.4891 1.83452
28.5022 1.83096
28.5158 1.82809
28.529 1.82595
28.5425 1.82446
28.5553 1.8234
28.5671 1.8226
28.582 1.82252
28.5939 1.82246
28.607 1.82278
28.6206 1.82343
28.6338 1.82425
28.6473 1.82534
28.6605 1.82655
28.6741 1.82811
28.6872 1.82972
28.6991 1.83125
28.7126 1.83285
28.7258 1.83462
28.7394 1.83654
28.7525 1.83847
28.7661 1.84054
28.7793 1.84272
28.7907 1.84463
28.8047 1.84668
28.8174 1.84872
28.8314 1.851
28.8446 1.85325
28.8582 1.8556
28.8713 1.8579
28.8828 1.86003
28.8959 1.86215
28.9095 1.86439
28.9235 1.86671
28.9362 1.86912
28.9502 1.87161
28.963 1.87391
28.9748 1.87604
28.9897 1.87854
29.0015 1.88085
29.0147 1.88312
29.0283 1.8856
29.0414 1.88803
29.055 1.8904
29.0682 1.89285
29.0817 1.89537
29.0949 1.89782
29.1067 1.90009
29.1203 1.90246
29.1335 1.9049
29.147 1.90741
29.1602 1.90986
29.1728 1.91213
29.1869 1.91461
29.1984 1.91691
29.2124 1.9193
29.2255 1.92163
29.2391 1.92418
29.2523 1.92666
29.2637 1.92883
29.2768 1.93097
29.2904 1.93335
29.3044 1.93581
29.3172 1.93821
29.3311 1.94068
29.3439 1.9431
29.3557 1.94533
29.3706 1.94779
29.3825 1.95019
29.3956 1.95254
29.4092 1.95498
29.4224 1.95735
29.4359 1.95981
29.4491 1.96233
29.4627 1.96479
29.4758 1.96719
29.4877 1.96954
29.5012 1.97198
29.5144 1.97435
29.528 1.97668
29.5411 1.97922
29.5547 1.9817
29.5679 1.98411
29.5793 1.98635
29.5933 1.9888
29.6064 1.9912
29.62 1.99368
29.6332 1.99609
29.6468 1.99858
29.6599 2.00101
29.6714 2.00326
29.6853 2.0056
29.6981 2.00802
29.7121 2.01052
29.7248 2.01283
29.7388 2.01523
29.7515 2.0177
29.7634 2.01999
29.7766 2.02224
29.7901 2.02471
29.8033 2.02712
29.8169 2.02948
29.83 2.03192
29.8436 2.03443
29.8568 2.03688
29.8703 2.03939
29.8822 2.04172
29.8953 2.04413
29.9089 2.04649
29.9221 2.04893
29.9356 2.05131
29.9488 2.05377
29.9614 2.05618
29.9755 2.05865
29.9874 2.06095
30.001 2.06333
30.0141 2.06579
30.0277 2.06819
30.0408 2.07054
30.0535 2.07297
30.0676 2.07548
30.079 2.07779
30.093 2.08007
30.1057 2.08243
30.1197 2.08488
30.1325 2.08727
30.1455 2.08974
30.1575 2.09202
30.1711 2.09439
30.1842 2.09672
30.1978 2.09913
30.211 2.10149
30.2245 2.10393
30.2377 2.10631
30.2513 2.1089
30.2631 2.11128
30.2763 2.11362
30.2898 2.11592
30.303 2.11831
30.3166 2.12077
30.3297 2.12317
30.3433 2.12565
30.3565 2.12819
30.3683 2.13054
30.3819 2.13285
30.395 2.13525
30.4086 2.13771
30.4218 2.14013
30.4353 2.14261
30.4472 2.14491
30.4582 2.14704
30.4679 2.14866
30.4794 2.15021
30.4912 2.15168
30.5009 2.15285
30.5141 2.15424
30.5238 2.15521
30.5352 2.15631
30.5471 2.15739
30.5568 2.1581
30.57 2.15896
30.5797 2.15971
30.5915 2.1605
30.603 2.16119
30.6127 2.16166
30.6258 2.16246
30.6355 2.16302
30.6474 2.16365
30.6588 2.16419
30.6707 2.16492
30.6804 2.16543
30.6935 2.16612
30.7033 2.16661
30.7147 2.16716
30.7265 2.16776
30.7376 2.16829
30.749 2.16888
30.7587 2.16927
30.7706 2.16974
30.7824 2.17027
30.7934 2.17074
30.8031 2.17114
30.815 2.1715
30.8264 2.17194
30.8361 2.17232
30.8493 2.17291
30.859 2.17329
30.8709 2.17363
30.8823 2.17418
30.892 2.17453
30.9051 2.17509
30.9157 2.17545
30.9267 2.1759
30.9382 2.17641
30.95 2.17698
30.9597 2.17724
30.9729 2.17783
30.9826 2.17823
30.994 2.1787
31.0059 2.17911
31.0156 2.17947
31.0288 2.18004
31.0385 2.18041
31.0503 2.18086
31.0618 2.18138
31.0715 2.1817
31.0833 2.18212
31.0943 2.18248
31.1062 2.18304
31.1176 2.18354
31.1273 2.18384
31.1392 2.18424
31.151 2.18483
31.1621 2.18535
31.1735 2.18581
31.1844 2.18633
31.195 2.18679
31.2069 2.18719
31.2179 2.18754
31.2276 2.18785
31.2412 2.18849
31.2509 2.18881
31.2628 2.18921
31.2738 2.18968
31.2847 2.1901
31.2953 2.19046
31.3068 2.19078
31.3186 2.1913
31.3305 2.19189
31.3415 2.1924
31.3512 2.19273
31.3627 2.19314
31.3745 2.19362
31.3842 2.19392
31.3974 2.19443
31.4071 2.19487
31.4189 2.19527
31.4304 2.19573
31.4401 2.19602
31.4532 2.19664
31.463 2.19693
31.4748 2.19732
31.4862 2.1979
31.4972 2.19841
31.5078 2.19874
31.5196 2.19915
31.5307 2.19963
31.5421 2.20017
31.554 2.20065
31.5637 2.20095
31.5768 2.20158
31.5865 2.20201
31.5975 2.20238
31.6098 2.20283
31.6195 2.20323
31.6314 2.2037
31.6424 2.20411
31.6543 2.2046
31.6657 2.20515
31.6754 2.2055
31.6872 2.20594
31.6991 2.20645
31.7101 2.20702
31.7198 2.20727
31.7313 2.20761
31.7431 2.20803
31.7528 2.20828
31.766 2.20874
31.7774 2.20928
31.7871 2.20962
31.799 2.21004
31.8099 2.21041
31.8219 2.21086
31.8316 2.21125
31.8434 2.21172
31.8549 2.21213
31.8667 2.21261
31.8777 2.21316
31.8896 2.21377
31.8993 2.21417
31.9107 2.21452
31.9226 2.21508
31.9323 2.21545
31.9454 2.21602
31.9552 2.21639
31.9666 2.21684
31.9784 2.21736
31.9882 2.21769
32 2.21798
32.011 2.21848
32.0229 2.21892
32.0343 2.21943
32.044 2.21975
32.0559 2.22016
32.0669 2.22051
32.0787 2.22095
32.0902 2.22146
32.102 2.22215
32.1117 2.22251
32.1236 2.22294
32.1346 2.22345
32.146 2.22402
32.1579 2.22452
32.1676 2.22483
32.1795 2.22535
32.1905 2.2258
32.2023 2.22633
32.212 2.22666
32.2235 2.22708
32.2353 2.22757
32.2463 2.228
32.2582 2.2285
32.2679 2.22881
32.2793 2.22921
32.2912 2.22968
32.3009 2.22985
32.3141 2.23049
32.3238 2.23081
32.3352 2.23121
32.3471 2.23168
32.3568 2.23197
32.3699 2.23247
32.3814 2.23304
32.3915 2.23341
32.4029 2.23386
32.4148 2.23438
32.4257 2.23483
32.4367 2.23523
32.4474 2.2357
32.4588 2.23611
32.4706 2.2366
32.4817 2.23715
32.4922 2.23763
32.4998 2.2378
32.5095 2.2382
32.5192 2.23867
32.5289 2.23909
32.5386 2.2397
32.5483 2.24037
32.558 2.2412
32.5656 2.24167
32.5753 2.24221
32.5851 2.24294
32.5952 2.24369
32.6049 2.24448
32.6146 2.2453
32.6222 2.24588
32.6319 2.24652
32.6416 2.24721
32.6513 2.24806
32.661 2.24893
32.6707 2.24981
32.6804 2.25071
32.6888 2.25137
32.6986 2.2522
32.7083 2.25305
32.718 2.25392
32.7256 2.25455
32.7353 2.25523
32.745 2.25595
32.753 2.25646
32.7627 2.25715
32.7724 2.25788
32.7808 2.2584
32.7896 2.25897
32.8002 2.25973
32.8078 2.26026
32.8175 2.26085
32.8272 2.2615
32.8369 2.26218
32.8449 2.26266
32.8546 2.26333
32.8622 2.26379
32.8719 2.26419
32.8816 2.26479
32.8913 2.26544
32.8997 2.26601
32.9073 2.26639
32.9182 2.26709
32.9267 2.26758
32.9364 2.26813
32.9462 2.26886
32.9559 2.26951
32.9639 2.27007
32.9736 2.27068
32.9829 2.27122
32.9926 2.27195
33.0006 2.27245
33.0103 2.27315
33.0187 2.27363
33.0284 2.27417
33.0372 2.27478
33.0457 2.27518
33.0554 2.27578
33.0642 2.27631
33.0748 2.2769
33.0828 2.27741
33.0925 2.27798
33.1001 2.27849
33.1098 2.27892
33.1195 2.27943
33.1292 2.28013
33.1376 2.28061
33.1452 2.28104
33.1561 2.28166
33.1646 2.28207
33.1743 2.28269
33.1835 2.28323
33.1938 2.28395
33.2018 2.28446
33.2115 2.28515
33.2199 2.28563
33.2296 2.28618
33.2372 2.28665
33.2469 2.28707
33.2566 2.28769
33.2663 2.28835
33.2739 2.28868
33.2836 2.28922
33.2937 2.28982
33.3013 2.29034
33.311 2.2908
33.3207 2.29132
33.3304 2.29203
33.3388 2.29253
33.3485 2.29321
33.3561 2.29369
33.3658 2.2941
33.3755 2.29471
33.3852 2.29537
33.3944 2.29608
33.4029 2.29657
33.4126 2.29712
33.421 2.29773
33.4308 2.29827
33.4383 2.29873
33.448 2.29927
33.4578 2.29986
33.4675 2.3005
33.475 2.30094
33.4848 2.30145
33.4945 2.30201
33.5025 2.30251
33.5122 2.30307
33.5219 2.30356
33.5316 2.30424
33.54 2.30471
33.5497 2.30537
33.5573 2.30583
33.567 2.30622
33.5767 2.30682
33.5864 2.30747
36.3819 2.26328
36.3891 2.22437
36.3975 2.19008
36.4047 2.15969
36.4119 2.13286
36.4191 2.10912
36.4275 2.08811
36.4347 2.06947
36.4431 2.05304
36.4503 2.03828
36.4576 2.025
36.466 2.01325
36.4732 2.00272
36.4816 1.99325
36.4888 1.98472
36.496 1.97701
36.5044 1.97
36.5116 1.9635
36.5188 1.95757
36.5261 1.95212
36.5345 1.94711
36.5429 1.94259
36.5501 1.93839
36.5585 1.93447
36.5657 1.93066
36.5729 1.92708
36.5801 1.92369
36.5885 1.92048
36.5969 1.91755
36.6066 1.91473
36.6162 1.91164
36.6258 1.90856
36.6354 1.90524
36.645 1.90183
36.6546 1.89835
36.6642 1.89493
36.6738 1.89144
36.6835 1.88789
36.6919 1.88415
36.7027 1.88051
36.7111 1.87682
36.7207 1.87334
36.7303 1.8698
36.7399 1.8662
36.7495 1.8628
36.7592 1.85945
36.7676 1.85577
36.7772 1.85217
36.7868 1.84853
36.7964 1.84483
36.806 1.84123
36.8144 1.83758
36.8216 1.834
36.8289 1.83063
36.8361 1.82743
36.8445 1.82437
36.8517 1.82133
36.8589 1.81841
36.8661 1.81561
36.8745 1.81291
36.8817 1.81029
36.8901 1.80788
36.8973 1.8054
36.9058 1.8031
36.913 1.80071
36.9202 1.79837
36.9274 1.79595
36.9358 1.79371
36.943 1.79149
36.9502 1.78918
36.9574 1.78691
36.9658 1.78467
36.973 1.78246
36.9815 1.78028
36.9887 1.77812
36.9959 1.77585
37.0043 1.77375
37.0115 1.77165
37.0187 1.76945
37.0271 1.76739
37.0343 1.76522
37.0415 1.76307
37.0487 1.76081
37.0572 1.75871
37.0644 1.75662
37.0716 1.75442
37.0788 1.75211
37.0872 1.74997
37.0944 1.74785
37.1028 1.74575
37.11 1.74365
37.1184 1.7417
37.1256 1.73961
37.1329 1.73741
37.1401 1.73523
37.1485 1.7332
37.1557 1.73105
37.1629 1.7288
37.1701 1.7267
37.1773 1.72448
37.1857 1.7223
37.1929 1.72014
37.2013 1.71812
37.2086 1.71598
37.2158 1.71373
37.223 1.71152
37.2314 1.70945
37.2386 1.70727
37.247 1.70536
37.2542 1.70332
37.2614 1.70115
37.2686 1.69888
37.2771 1.6969
37.2843 1.69479
37.2915 1.69256
37.2987 1.69037
37.3059 1.68807
37.3143 1.68594
37.3215 1.68369
37.3299 1.68161
37.3371 1.67953
37.3455 1.67747
37.3528 1.67541
37.36 1.67323
37.3672 1.67108
37.3744 1.66882
37.3828 1.66672
37.39 1.66463
37.3972 1.66242
37.4044 1.66024
37.4128 1.65809
37.42 1.65595
37.4285 1.65396
37.4357 1.65184
37.4429 1.64961
37.4483 1.64716
37.4507 1.64414
37.4543 1.64075
37.4579 1.6369
37.4615 1.63291
37.4639 1.62843
37.4675 1.62375
37.4699 1.61865
37.4723 1.61345
37.4747 1.60789
37.4784 1.60228
37.4808 1.59649
37.4832 1.59056
37.4868 1.58449
37.4904 1.57843
37.494 1.57237
37.4964 1.5662
37.4988 1.5598
37.5024 1.55358
37.5048 1.54713
37.5072 1.54061
37.5096 1.53391
37.5132 1.52742
37.5156 1.52074
37.5192 1.51415
37.5216 1.50751
37.524 1.50082
37.5276 1.49409
37.5312 1.48746
37.5348 1.4809
37.5372 1.47429
37.5396 1.4675
37.5432 1.46094
37.5456 1.4542
37.5492 1.44755
37.5517 1.44085
37.5553 1.43425
37.5577 1.42747
37.5613 1.42078
37.5637 1.41406
37.5673 1.40743
37.5709 1.40075
37.5733 1.39416
37.5757 1.38739
37.5781 1.38059
37.5805 1.37364
37.5841 1.36693
37.5865 1.36007
37.5889 1.35306
37.5913 1.34618
37.5949 1.33928
37.5973 1.33237
37.5997 1.32532
37.6021 1.31841
37.6201 1.31336
37.7199 1.32006
37.8196 1.3373
38.0689 1.38227
39.3228 1.49636
39.3252 1.59544
39.3276 1.68113
39.33 1.75524
39.3324 1.81921
39.3348 1.87419
39.3372 1.92141
39.3396 1.96174
39.342 1.99627
39.3444 2.02549
39.3468 2.05005
39.3492 2.07079
39.3516 2.08794
39.3541 2.10208
39.3565 2.11344
39.3589 2.12251
39.3613 2.12957
39.3637 2.13475
39.3661 2.13853
39.3685 2.14084
39.3709 2.14186
39.3733 2.14188
39.3757 2.14102
39.3781 2.13939
39.3805 2.13697
39.3829 2.13397
39.3853 2.13047
39.3877 2.12642
39.3901 2.12199
39.3925 2.11724
39.3949 2.11208
39.3973 2.1067
39.3997 2.10111
39.4021 2.09535
39.4045 2.0893
39.4069 2.08314
39.4093 2.07687
39.4117 2.07039
39.4141 2.06384
39.4165 2.05724
39.4189 2.05046
39.4213 2.04365
39.4237 2.03682
39.429 2.03022
39.4335 2.02381
39.4385 2.01759
39.443 2.01164
39.4454 2.00543
39.4504 1.99938
39.4554 1.99358
39.4599 1.98776
39.4623 1.98179
39.4673 1.97594
39.4723 1.97032
39.4769 1.96466
39.4793 1.95883
39.4843 1.95322
39.4892 1.94769
39.4916 1.94186
39.4962 1.93613
39.5085 1.93148
39.5182 1.92742
39.5305 1.92412
39.5423 1.92161
39.5546 1.91966
39.5665 1.9182
39.5788 1.9173
39.5911 1.91689
39.6029 1.91665
39.6152 1.91682
39.6275 1.91734
39.6394 1.91805
39.6517 1.91892
39.6635 1.92005
39.6758 1.9213
39.6881 1.92276
39.6978 1.92391
39.7097 1.9253
39.722 1.92676
39.7343 1.92842
39.7461 1.93024
39.7606 1.93234
39.7703 1.93417
39.7826 1.93602
39.7949 1.93802
39.8067 1.94002
39.819 1.94214
39.8313 1.94437
39.8432 1.94658
39.8555 1.94875
39.8673 1.95091
39.8796 1.95317
39.8919 1.9554
39.9038 1.9576
39.9161 1.96002
39.9283 1.9624
39.9402 1.96472
39.9525 1.96701
39.9643 1.96938
39.9766 1.97171
39.9889 1.97399
40.0008 1.97637
40.0131 1.97882
40.0254 1.98122
40.0372 1.98369
40.0507 1.98623
40.0638 1.98883
40.0763 1.99147
40.0881 1.99417
40.1004 1.99677
40.1127 1.9993
40.1246 2.00189
40.1369 2.0044
40.1487 2.00685
40.161 2.00924
40.1733 2.01184
40.1851 2.01436
40.1974 2.01681
40.2097 2.01934
40.2216 2.02179
40.2339 2.0242
40.2457 2.02655
40.258 2.0291
40.2703 2.03159
40.2822 2.03402
40.2945 2.03651
40.3068 2.03895
40.3186 2.04133
40.3309 2.04366
40.3428 2.04608
40.3563 2.0487
40.3695 2.05136
40.3818 2.05406
40.3941 2.05681
40.4059 2.05933
40.4182 2.06204
40.4305 2.06466
40.4424 2.0672
40.4547 2.06968
40.4665 2.07222
40.4788 2.07469
40.4911 2.07723
40.503 2.0797
40.5153 2.08224
40.5276 2.08471
40.5394 2.08712
40.5517 2.0896
40.5636 2.09203
40.5759 2.0944
40.5882 2.09698
40.6 2.09948
40.6123 2.10192
40.6246 2.1043
40.6365 2.10677
40.6488 2.10917
40.6618 2.11165
40.6755 2.11444
40.6873 2.11714
40.6996 2.11975
40.7119 2.12228
40.7238 2.12487
40.7361 2.12751
40.7479 2.12995
40.7602 2.13258
40.7725 2.13513
40.7844 2.13761
40.7967 2.14004
40.809 2.14253
40.8208 2.14497
40.8331 2.14747
40.845 2.14991
40.8573 2.15242
40.8696 2.15487
40.8814 2.15739
40.8937 2.15984
40.906 2.16236
40.9179 2.16469
40.9302 2.16723
40.942 2.1697
40.9555 2.17224
40.9687 2.17496
40.981 2.17771
40.9933 2.18037
41.0052 2.18295
41.0175 2.18558
41.0293 2.18813
41.0416 2.19062
41.0539 2.19317
41.0658 2.19564
41.0781 2.19819
41.0904 2.20067
41.1022 2.20321
41.1145 2.20568
41.1264 2.2081
41.1387 2.21058
41.151 2.21301
41.1628 2.21538
41.1751 2.21784
41.1874 2.22036
41.1993 2.22281
41.2115 2.22521
41.2234 2.22768
41.2357 2.2301
41.248 2.23246
41.261 2.23503
41.2747 2.23778
41.2866 2.24043
41.2989 2.243
41.3107 2.24562
41.323 2.2483
41.3353 2.25088
41.3472 2.25352
41.3595 2.25608
41.3718 2.25857
41.3836 2.261
41.3959 2.2635
41.4078 2.26594
41.4201 2.26845
41.4324 2.27102
41.4442 2.27351
41.4565 2.27595
41.4688 2.27833
41.4806 2.28079
41.4929 2.28319
41.5034 2.28542
41.513 2.28749
41.6171 2.30105
41.6195 2.29992
41.6219 2.29793
41.6243 2.29532
41.6267 2.29215
41.6291 2.28851
41.6315 2.28432
41.6339 2.27978
41.6363 2.27493
41.6387 2.26969
41.6411 2.26423
41.6461 2.25895
41.6537 2.25396
41.6604 2.24921
41.667 2.24481
41.6725 2.24033
41.6801 2.23617
41.6859 2.2319
41.6922 2.22791
41.704 2.22467
41.7138 2.22171
41.7235 2.21925
41.7332 2.21709
41.7442 2.21533
41.7539 2.21366
41.7636 2.21233
41.7733 2.21116
41.7831 2.21014
41.7949 2.2095
41.8046 2.20894
41.8161 2.2087
41.8258 2.20848
41.8355 2.2083
41.8452 2.20814
41.8549 2.20787
41.8667 2.20801
41.8765 2.20813
41.8862 2.20824
41.8959 2.20834
41.9056 2.20842
41.9153 2.20849
41.9272 2.20881
41.9369 2.20908
41.9466 2.20932
41.9576 2.20966
41.9673 2.21007
41.977 2.21044
41.9867 2.21063
41.9965 2.2108
42.0083 2.21133
42.018 2.21179
42.0294 2.21231
42.0392 2.2129
42.0489 2.21329
42.0586 2.21363
42.0683 2.21392
42.0801 2.21456
42.0899 2.21499
42.0996 2.21536
42.1093 2.21582
42.119 2.21609
42.1308 2.21658
42.1405 2.21713
42.1503 2.21762
42.1613 2.21816
42.171 2.21852
42.1807 2.21895
42.1904 2.21933
42.2001 2.21967
42.212 2.22021
42.2217 2.22068
42.2331 2.22135
42.2428 2.2218
42.2526 2.22233
42.2623 2.22279
42.272 2.22306
42.2838 2.22368
42.2935 2.22422
42.3032 2.22469
42.313 2.22498
42.3248 2.22561
42.3345 2.22616
42.3442 2.22664
42.3553 2.22731
42.365 2.22777
42.3747 2.22817
42.3844 2.22853
42.3941 2.22896
42.406 2.22947
42.4157 2.22991
42.4271 2.23067
42.4368 2.23121
42.4465 2.23168
42.4562 2.2321
42.4659 2.23246
42.4778 2.23303
42.4875 2.23353
42.4972 2.23408
42.5069 2.23445
42.5166 2.23477
42.5285 2.23542
42.5382 2.23599
42.5479 2.23637
42.5589 2.23682
42.5687 2.23735
42.5784 2.2378
42.5881 2.2382
42.5999 2.2388
42.6096 2.23933
42.6211 2.24004
42.6308 2.24053
42.6405 2.24109
42.6502 2.24158
42.6599 2.24188
42.6718 2.24252
42.6815 2.24308
42.6912 2.24357
42.7009 2.24387
42.7106 2.24427
42.7225 2.24486
42.7322 2.24537
42.7419 2.24583
42.7529 2.24635
42.7626 2.24681
42.7741 2.24746
42.782 2.2479
42.7918 2.24816
42.8036 2.24864
42.8133 2.24919
42.8248 2.24979
42.8345 2.25031
42.8442 2.2509
42.8539 2.25129
42.8636 2.25163
42.8754 2.25217
42.8852 2.25278
42.8949 2.25318
42.9046 2.25353
42.9143 2.25397
42.9261 2.25459
42.9359 2.25502
42.9469 2.25552
42.9566 2.25608
42.968 2.25682
42.9777 2.25734
42.9857 2.25767
42.9976 2.25821
43.0073 2.25869
43.0187 2.25923
43.0284 2.25982
43.0381 2.26035
43.0479 2.26068
43.0576 2.26109
43.0694 2.26171
43.0791 2.26224
43.0888 2.26259
43.0986 2.26301
43.1083 2.26339
43.1201 2.26396
43.1298 2.26447
43.1395 2.26491
43.1506 2.26542
43.1603 2.26587
43.1717 2.26651
43.1814 2.26707
43.1906 2.26744
43.2013 2.26801
43.211 2.26838
43.2224 2.26896
43.2321 2.26959
43.2418 2.27002
43.2515 2.27039
43.2634 2.27096
43.2731 2.27159
43.2828 2.27202
43.2937 2.27252
43.3034 2.27308
43.3141 2.27369
43.3238 2.27411
43.3335 2.27447
43.3445 2.27503
43.3542 2.27553
43.3657 2.27609
43.3754 2.2767
43.3851 2.27724
43.397 2.27784
43.4067 2.27836
43.4164 2.27894
43.4261 2.27944
43.4358 2.27976
43.4455 2.28017
43.4552 2.28052
43.4671 2.28108
43.4768 2.28145
43.4865 2.28189
43.4983 2.28253
43.5081 2.28309
43.5178 2.28358
43.5288 2.28413
43.5385 2.28461
43.5482 2.28516
43.5597 2.28577
43.5694 2.2863
43.5791 2.28676
43.5909 2.28741
43.6006 2.28799
43.6104 2.28849
43.6201 2.28905
43.6298 2.28942
43.6407 2.28987
43.6504 2.29026
43.661 2.29085
43.6708 2.29125
43.6805 2.29159
43.6915 2.29214
43.702 2.29275
43.7117 2.29316
43.7228 2.29364
43.7325 2.29418
43.7439 2.29478
43.7536 2.29531
43.7633 2.2959
43.7731 2.29641
43.7828 2.29673
43.7946 2.29727
43.7996 2.29723
43.8047 2.29658
43.8113 2.29563
43.8209 2.2948
43.8281 2.29383
43.8377 2.29285
43.8461 2.29187
43.8557 2.29101
43.8629 2.28988
43.8725 2.2889
43.8821 2.28816
43.8906 2.28727
43.8954 2.28586
43.8978 2.28375
43.9002 2.28103
43.9086 2.2784
43.9158 2.27573
43.9206 2.27289
43.9278 2.27003
43.9338 2.26702
43.941 2.26427
43.9482 2.26149
43.9554 2.25868
43.9627 2.25584
43.9699 2.25311
43.9771 2.25047
43.9843 2.24779
43.9915 2.24519
43.9987 2.24254
44.0071 2.2401
44.0143 2.23759
44.0215 2.23514
44.0287 2.23262
44.0359 2.23004
44.0432 2.22766
44.0504 2.2252
44.0576 2.22268
44.0648 2.22009
44.072 2.21758
44.0792 2.21513
44.0864 2.21262
44.0936 2.21017
44.1008 2.20764
44.1092 2.20531
44.1165 2.2029
44.1237 2.20054
44.1309 2.1981
44.1381 2.19571
44.1453 2.19337
44.1525 2.19095
44.1597 2.18846
44.1669 2.18602
44.1741 2.18365
44.1813 2.18119
44.1886 2.17867
44.1958 2.17621
44.203 2.17368
44.2102 2.17122
44.2174 2.16882
44.2246 2.16634
44.2318 2.1638
44.239 2.16132
44.2462 2.15891
44.2534 2.15642
44.2619 2.15399
44.2691 2.15174
44.2763 2.1494
44.2835 2.14698
44.2907 2.14448
44.2979 2.14204
44.3051 2.13966
44.3123 2.13721
44.3195 2.1348
44.3267 2.13233
44.3339 2.12979
44.3412 2.12731
44.3484 2.1249
44.3556 2.12241
44.3628 2.11986
44.37 2.11738
44.3772 2.11496
44.3844 2.11246
44.3916 2.11003
44.3988 2.10753
44.4072 2.10521
44.4145 2.10281
44.4217 2.10046
44.4289 2.09803
44.4361 2.09565
44.4433 2.09332
44.4505 2.0909
44.4577 2.08841
44.4649 2.08586
44.4721 2.0835
44.4793 2.08107
44.4865 2.07856
44.4938 2.07611
44.501 2.0736
44.5082 2.07115
44.5154 2.06863
44.5226 2.06618
44.5298 2.06365
44.537 2.0612
44.5442 2.0588
44.5514 2.05632
44.5598 2.05391
44.5671 2.05154
44.5743 2.04923
44.5815 2.04682
44.5887 2.04435
44.5959 2.04193
44.6031 2.03956
44.6103 2.03712
44.6175 2.0346
44.6247 2.03215
44.6319 2.02963
44.6392 2.02718
44.6464 2.02478
44.6536 2.02231
44.6608 2.01977
44.668 2.0173
44.6752 2.01489
44.6824 2.0124
44.6896 2.00985
44.6968 2.00737
44.7052 2.00507
44.7125 2.00269
44.7197 2.00035
44.7269 1.99793
44.7341 1.99557
44.7413 1.99312
44.7485 1.99073
44.7557 1.98826
44.7629 1.98573
44.7701 1.98339
44.7773 1.98097
44.7857 1.9786
44.793 1.97615
44.8002 1.97388
44.8074 1.97152
44.8146 1.96908
44.8218 1.96669
44.829 1.96436
44.8362 1.96194
44.8434 1.95945
44.8506 1.95701
44.8578 1.95451
44.8651 1.95207
44.8723 1.94969
44.8795 1.94723
44.8867 1.9447
44.8939 1.94224
44.9011 1.93983
44.9083 1.93735
44.9155 1.93481
44.9227 1.93233
44.9311 1.93004
44.9384 1.92766
44.9456 1.92533
44.9528 1.92291
44.96 1.92042
44.9672 1.918
44.9744 1.91562
44.9816 1.91317
44.9888 1.91065
44.996 1.90832
45.0032 1.9059
45.0104 1.90341
45.0177 1.90086
45.0249 1.89838
45.0321 1.89596
45.0393 1.89346
45.0465 1.89103
45.0537 1.88853
45.0609 1.88596
45.0681 1.88347
45.0753 1.88103
45.0837 1.87865
45.091 1.8762
45.0982 1.87392
45.1054 1.87156
45.1126 1.86911
45.1198 1.8666
45.1258 1.86415
45.1318 1.86175
45.139 1.85966
45.145 1.85758
45.151 1.85563
45.157 1.85368
45.1643 1.85184
45.1703 1.84999
45.1763 1.84824
45.1823 1.84646
45.1883 1.84465
45.1955 1.84294
45.2015 1.84133
45.2087 1.83979
45.2135 1.83806
45.2207 1.83643
45.2267 1.83475
45.2339 1.83328
45.24 1.83175
45.246 1.83015
45.252 1.82851
45.258 1.82695
45.2652 1.82558
45.2712 1.82413
45.2772 1.82261
45.2832 1.82116
45.2904 1.81977
45.2964 1.8183
45.3024 1.81676
45.3084 1.81516
45.3157 1.81377
45.3217 1.8123
45.3277 1.81076
45.3337 1.80917
45.3397 1.80764
45.3469 1.80619
45.3529 1.80467
45.3589 1.80308
45.3661 1.80182
45.3709 1.80022
45.3781 1.79882
45.3841 1.79734
45.3914 1.79592
45.3974 1.79456
45.4034 1.79311
45.4094 1.7916
45.4166 1.79015
45.4226 1.78875
45.4286 1.78729
45.4346 1.78575
45.4406 1.78416
45.4478 1.78276
45.4538 1.78129
45.4598 1.77975
45.4659 1.77816
45.4731 1.77677
45.4791 1.77542
45.4851 1.77399
45.4911 1.77249
45.4983 1.77106
45.5043 1.76967
45.5103 1.76822
45.5163 1.76669
45.5235 1.76523
45.5295 1.76382
45.5355 1.76235
45.5421 1.76093
45.5601 1.76094
45.5893 1.76369
45.5929 1.76548
45.5989 1.7668
45.6013 1.76732
45.6061 1.76741
45.6097 1.76698
45.6145 1.76623
45.6181 1.76508
45.6217 1.76344
45.6253 1.76164
45.6277 1.75931
45.701 1.76552
45.7803 1.77983
45.8609 1.80148
45.9402 1.82942
46.0207 1.86286
46.1012 1.90126
46.1805 1.94372
46.261 1.99001
46.3415 2.03963
46.4208 2.09193
46.5013 2.14681
46.5818 2.20396
46.6611 2.26297
46.7416 2.3236
46.8582 2.39027
48.8089 2.32786
48.8113 2.2725
48.8137 2.22319
48.8161 2.17929
48.8185 2.14001
48.8209 2.10476
48.8233 2.07316
48.8257 2.04464
48.8281 2.01894
48.8305 1.99557
48.8329 1.97425
48.8353 1.95484
48.8377 1.93699
48.8401 1.92061
48.8425 1.90541
48.8449 1.89124
48.8473 1.87808
48.8498 1.8657
48.8522 1.85411
48.8546 1.8431
48.857 1.83246
48.8594 1.8224
48.8618 1.81273
48.8642 1.80351
48.8666 1.79457
48.869 1.78587
48.8714 1.77752
48.8738 1.76933
48.8762 1.76141
48.8786 1.75361
48.881 1.74591
48.8834 1.73842
48.8906 1.73162
48.9026 1.72604
48.911 1.72116
48.9218 1.71701
48.9303 1.71339
48.9411 1.71046
48.9471 1.70753
48.9555 1.70484
48.9615 1.70211
48.9699 1.6996
48.9795 1.69752
48.9879 1.69558
48.9963 1.69388
49.0048 1.69215
49.0144 1.69075
49.0228 1.68941
49.0312 1.68823
49.0384 1.68695
49.048 1.68596
49.0564 1.68497
49.0648 1.68397
49.0733 1.6831
49.0817 1.68221
49.0913 1.68156
49.0985 1.68074
49.1081 1.68015
49.1165 1.6795
49.1249 1.67882
49.1333 1.67821
49.1417 1.67756
49.1514 1.67712
49.1586 1.67648
49.1682 1.67604
49.1766 1.67554
49.185 1.67497
49.1934 1.67447
49.2018 1.67391
49.2102 1.67343
49.2186 1.67287
49.2271 1.67226
49.2355 1.67161
49.2451 1.67115
49.2535 1.67064
49.2619 1.67006
49.2703 1.66955
49.2799 1.66911
49.2883 1.66872
50.5483 1.61875
50.5579 1.57503
52.2975 1.59678
52.3073 1.61593
52.3196 1.63307
52.3319 1.64843
52.3416 1.662
52.3534 1.67425
52.3657 1.68535
52.378 1.69555
52.3873 1.70448
52.3996 1.71267
52.4119 1.72021
52.4237 1.72719
52.4346 1.73354
52.4457 1.73935
52.458 1.74493
52.4699 1.75006
52.4822 1.75505
52.4919 1.75942
52.5037 1.76362
52.516 1.76767
52.5283 1.77158
52.538 1.77514
52.5499 1.77849
52.5622 1.78193
52.5745 1.78532
52.5837 1.78828
52.596 1.79137
52.6083 1.79445
52.6202 1.79752
52.6299 1.8002
52.6422 1.80305
52.6545 1.80592
52.6663 1.8088
52.6773 1.81158
52.6884 1.81426
52.7002 1.81697
52.7125 1.81973
52.7246 1.82251
52.7345 1.82507
52.7464 1.82769
52.7587 1.83035
52.771 1.83306
52.7802 1.83555
52.7925 1.83811
52.8048 1.84059
52.8167 1.84314
52.8264 1.8455
52.8387 1.84794
52.851 1.85045
52.8628 1.85302
52.8725 1.85539
52.8848 1.85784
52.8967 1.86036
52.909 1.86294
52.9187 1.86532
52.931 1.86778
52.9428 1.87031
52.9551 1.87302
52.966 1.87564
52.9767 1.87806
52.989 1.88055
53.0013 1.88324
53.0131 1.88596
53.0228 1.88834
53.0351 1.89092
53.0474 1.89355
53.0593 1.89624
53.069 1.89871
53.0813 1.90124
53.0932 1.90371
53.1055 1.90625
53.1152 1.90859
53.1275 1.91102
53.1393 1.91352
53.1516 1.91608
53.1613 1.91844
53.1732 1.92089
53.1855 1.9234
53.1978 1.92598
53.2087 1.92848
53.2193 1.93092
53.2316 1.93343
53.2439 1.936
53.2558 1.93863
53.2655 1.94105
53.2778 1.94354
53.2896 1.9461
53.3019 1.94871
53.3116 1.95112
53.3239 1.95361
53.3358 1.95616
53.3481 1.95889
53.3578 1.96128
53.3696 1.96374
53.3819 1.96627
53.3942 1.96886
53.4039 1.97113
53.4158 1.97349
53.4281 1.97605
53.4404 1.97867
53.4513 1.98121
53.462 1.98356
53.4743 1.98612
53.4861 1.98873
53.4984 1.99139
53.5081 1.99384
53.5204 1.99636
53.5323 1.99894
53.5446 2.00157
53.5543 2.004
53.5661 2.0065
53.5784 2.00906
53.5907 2.01168
53.6004 2.01409
53.6123 2.01658
53.6246 2.01913
53.6369 2.02174
53.6466 2.02415
53.6584 2.02663
53.6707 2.02918
53.6826 2.03166
53.6935 2.03407
53.7046 2.03644
53.7169 2.03888
53.7287 2.0414
53.741 2.0441
53.7507 2.04646
53.7626 2.0489
53.7749 2.05142
53.7872 2.05411
53.7969 2.05647
53.8087 2.05892
53.821 2.06155
53.8333 2.06423
53.8431 2.0667
53.8549 2.06912
53.8672 2.07173
53.879 2.07439
53.8888 2.07671
53.9011 2.07925
53.9134 2.08184
53.9252 2.08449
53.9361 2.08705
53.9472 2.08954
53.9591 2.0921
53.9714 2.09459
53.9835 2.09714
53.9934 2.0995
54.0052 2.10194
54.0175 2.10444
54.0298 2.10701
54.0395 2.10939
54.0514 2.11184
54.0637 2.11436
54.0755 2.11694
54.0852 2.11932
54.0975 2.12178
54.1098 2.12431
54.1217 2.12689
54.1314 2.12928
54.1437 2.13175
54.1555 2.13428
54.1678 2.13687
54.1775 2.13926
54.1898 2.14173
54.2017 2.14426
54.214 2.14685
54.2249 2.14937
54.236 2.15195
54.2478 2.15446
54.2601 2.15715
54.272 2.15963
54.2817 2.16193
54.2945 2.16444
54.3063 2.16701
54.3181 2.16963
54.3292 2.17218
54.3406 2.17465
54.3525 2.1772
54.3622 2.17955
54.3753 2.1821
54.3868 2.18459
54.3977 2.18702
54.4083 2.18939
54.4202 2.19184
54.4312 2.19424
54.443 2.19671
54.4545 2.19912
54.4663 2.2016
54.4774 2.20403
54.4892 2.20652
54.5006 2.20896
54.5125 2.21146
54.5222 2.21378
54.5319 2.21581
54.5395 2.21746
54.5513 2.21915
54.5589 2.22038
54.5686 2.22158
54.5783 2.22276
54.5881 2.22392
54.5978 2.22493
54.6075 2.22594
54.6155 2.22669
54.6252 2.22748
54.6349 2.22817
54.6446 2.2289
54.6543 2.22966
54.664 2.23045
54.6737 2.23115
54.6834 2.23188
54.6932 2.23264
54.7029 2.23331
54.7126 2.23402
54.721 2.23452
54.7307 2.23508
54.7404 2.2357
54.7501 2.23636
54.7598 2.23694
54.7695 2.23757
54.7793 2.23825
54.789 2.23872
54.7987 2.23925
54.8084 2.23985
54.8181 2.24049
54.8278 2.24106
54.8375 2.24167
54.8472 2.24234
54.8569 2.24292
54.8667 2.24356
54.8746 2.24399
54.8856 2.24461
54.8941 2.24516
54.9038 2.24564
54.9135 2.24619
54.9232 2.24679
54.9329 2.24731
54.9413 2.24778
54.9523 2.24843
54.9607 2.24887
54.9718 2.24952
54.9802 2.25008
54.9899 2.25057
54.9996 2.25112
55.0093 2.25173
55.019 2.25239
55.0266 2.25272
55.0384 2.25325
55.046 2.25359
55.0579 2.25415
55.0654 2.2545
55.0751 2.25494
55.0849 2.25532
55.0946 2.25578
55.1043 2.25631
55.114 2.25677
55.1237 2.2573
55.1334 2.25789
55.1431 2.25853
55.1528 2.25909
55.1626 2.2597
55.1723 2.26036
55.1803 2.26082
55.1917 2.26146
55.1997 2.26191
55.2111 2.26267
55.2191 2.26321
55.2288 2.26368
55.2385 2.26422
55.2482 2.26482
55.258 2.26534
55.2677 2.26592
55.2774 2.26643
55.2858 2.26675
55.2955 2.26716
55.3052 2.26764
55.3149 2.26806
55.3246 2.26855
55.3343 2.26911
55.344 2.26972
55.3538 2.27026
55.3635 2.27085
55.3732 2.27149
55.3829 2.27206
55.3926 2.27267
55.4002 2.27309
55.4111 2.2737
55.4196 2.27412
55.4293 2.2746
55.439 2.27515
55.447 2.27551
55.4589 2.27607
55.4664 2.27644
55.4783 2.27713
55.4859 2.27749
55.4956 2.27793
55.5053 2.27844
55.515 2.27888
55.5247 2.27927
55.5344 2.27974
55.5441 2.28027
55.5525 2.28061
55.5644 2.28129
55.572 2.28162
55.5838 2.2823
55.5914 2.28276
55.6011 2.28329
55.6108 2.28375
55.6205 2.28428
55.6302 2.28487
55.6399 2.28539
55.6497 2.28597
55.6594 2.2866
55.6691 2.28727
55.6788 2.28786
55.6885 2.2885
55.6982 2.28919
55.7074 2.28979
55.7176 2.29044
55.7256 2.29089
55.7371 2.29165
55.745 2.2922
55.7548 2.29267
55.7645 2.29309
55.7742 2.29358
55.7839 2.294
55.7936 2.2945
55.802 2.29494
55.8117 2.29532
55.8214 2.29578
55.8311 2.29631
55.8409 2.29677
55.8506 2.2973
55.8603 2.29789
55.87 2.2984
55.8797 2.29898
55.8894 2.2996
55.8982 2.30015
55.9067 2.30051
55.9164 2.30095
55.9261 2.30145
55.9358 2.3019
55.9456 2.30241
55.9553 2.30298
55.965 2.30348
55.9747 2.30405
55.9844 2.30467
55.9941 2.30533
56.0038 2.30579
56.0135 2.30632
56.0232 2.3069
56.033 2.30742
56.0427 2.30799
56.0545 2.30887
61.1389 2.16226
61.1413 2.02897
61.1581 1.9091
61.2014 1.80422
61.241 1.71194
61.2795 1.63057
61.3215 1.55925
61.3696 1.49747
61.4176 1.44391
61.4657 1.39767
61.5126 1.35771
61.5606 1.32337
61.6087 1.29383
61.6568 1.2686
61.7048 1.24715
61.7517 1.22888
61.7998 1.21339
61.8478 1.20047
61.8959 1.18979
61.9439 1.18094
61.9908 1.1737
62.0389 1.16798
62.0869 1.16361
62.135 1.16041
62.1831 1.15823
63.2681 1.15508
63.3174 1.15244
64.4565 1.15689
64.5022 1.16115
64.5502 1.16551
64.5983 1.16995
64.6463 1.17433
64.6932 1.17866
64.7413 1.18308
64.7893 1.18757
64.8374 1.192
64.8855 1.1965
64.9323 1.20094
64.9804 1.20544
65.0285 1.20989
65.0765 1.2144
65.1246 1.21898
65.1714 1.22335
65.2195 1.22781
65.2676 1.23233
65.3156 1.23692
65.3637 1.24143
65.4106 1.24587
65.4586 1.25039
65.5067 1.25497
65.5548 1.25947
65.6028 1.26404
65.6497 1.26853
65.6977 1.27309
65.7446 1.27745
65.7903 1.28165
65.8347 1.28544
65.8804 1.28914
65.9261 1.29262
65.9705 1.29579
66.0162 1.29894
66.0642 1.3022
66.1099 1.3053
66.1544 1.30826
66.2 1.31123
66.2457 1.31395
66.2901 1.31658
66.3358 1.31913
66.3815 1.32174
66.4271 1.32427
66.4716 1.32662
66.5196 1.32929
66.5653 1.332
66.6098 1.33438
66.6554 1.33683
66.7011 1.33935
66.7467 1.34181
66.7912 1.34408
66.8369 1.34632
66.8825 1.34866
66.927 1.35082
66.9726 1.35297
67.0207 1.35547
67.0664 1.35804
67.1108 1.36029
67.1565 1.36262
67.2021 1.36505
67.2466 1.36729
67.2923 1.3695
67.3379 1.37169
67.3824 1.37385
67.4281 1.37612
67.4737 1.37823
67.5194 1.38045
67.5638 1.38252
67.6095 1.38471
67.6552 1.38687
67.6996 1.38888
67.7453 1.39102
67.7933 1.39352
67.839 1.39583
67.8835 1.3981
67.9291 1.40046
67.9748 1.40266
68.0192 1.40482
68.0649 1.40697
68.1106 1.40922
68.155 1.41132
68.2007 1.41341
68.2463 1.41561
68.292 1.4179
68.3365 1.41992
68.3821 1.42205
68.4278 1.42417
68.4722 1.42627
68.5179 1.42824
68.5636 1.43034
68.608 1.43242
68.6537 1.43449
68.6993 1.43655
68.7474 1.43899
68.7919 1.44124
68.8375 1.44358
68.8832 1.44588
68.9276 1.44802
68.9733 1.45027
69.019 1.45236
69.0646 1.45457
69.1091 1.45675
69.1547 1.4589
69.2004 1.46104
69.2449 1.46303
69.2905 1.46516
69.3362 1.46739
69.3807 1.46934
69.4263 1.47142
69.472 1.47349
69.5176 1.47568
69.5621 1.47772
69.6078 1.47976
69.6534 1.48191
69.7003 1.4843
69.7459 1.48651
69.7916 1.48882
69.8373 1.49122
69.8817 1.49332
69.9274 1.49553
69.973 1.49784
70.0175 1.49998
70.0632 1.50211
70.1112 1.50447
70.1593 1.50691
70.2049 1.50892
70.2542 1.51131
70.3023 1.51364
70.3515 1.51619
70.3996 1.51866
70.4489 1.52133
70.4981 1.52417
70.5474 1.52714
70.5967 1.53013
70.6459 1.53324
70.6964 1.53658
70.7457 1.54001
70.7853 1.54288
70.8238 1.54565
70.8658 1.54869
70.9055 1.55185
70.9451 1.555
70.9872 1.5585
71.0268 1.56194
71.0701 1.56582
71.1098 1.56959
71.1494 1.57339
71.1915 1.57734
71.2311 1.5813
71.272 1.58514
71.314 1.58937
71.3549 1.59357
71.3945 1.59763
71.4354 1.6018
71.4786 1.60632
71.5183 1.61066
71.5592 1.61508
71.6012 1.61957
71.6421 1.62412
71.6829 1.62861
71.7262 1.63341
71.767 1.63823
71.8103 1.64333
71.8511 1.64829
71.892 1.65312
71.9353 1.65823
71.9761 1.66333
72.017 1.66829
72.0614 1.67363
72.1023 1.67892
72.1708 1.68593
72.2381 1.69307
72.3077 1.70031
72.3774 1.70777
72.4471 1.71555
72.5168 1.72336
72.5865 1.73144
72.655 1.73951
72.7235 1.74744
72.7932 1.75564
72.8629 1.76381
72.929 1.77158
72.9987 1.77963
73.0684 1.7878
73.1359 1.79583
73.1968 1.80285
73.255 1.80887
73.3133 1.81389
73.3742 1.81852
73.4252 1.82146
73.4689 1.8239
73.5151 1.82641
73.5588 1.82836
73.6024 1.83007
73.6487 1.83181
73.6924 1.83333
73.736 1.83467
73.7802 1.83596
73.8238 1.83696
73.8675 1.83797
73.9112 1.83897
73.9548 1.83973
73.9985 1.84051
74.0448 1.84157
74.0884 1.84262
74.1347 1.8438
74.1784 1.84495
74.222 1.84608
74.2683 1.84744
74.3119 1.84851
74.3561 1.8497
74.4019 1.85099
74.446 1.85211
74.4918 1.85347
74.5359 1.85479
74.5796 1.85607
74.6258 1.85743
74.6695 1.85875
74.7132 1.86003
74.7594 1.86153
74.8031 1.86284
74.8494 1.86436
74.893 1.86581
74.9367 1.86709
74.9834 1.86858
75.0266 1.86988
75.0707 1.87114
75.114 1.87225
75.1581 1.87335
75.2026 1.87443
75.4236 1.89762
76.9671 1.88655
77.1874 1.8961
78.7525 1.88221
78.7974 1.87031
78.8437 1.86027
78.8899 1.85186
78.9345 1.84463
78.9794 1.83855
79.0257 1.83361
79.0698 1.82941
79.1161 1.82611
79.1623 1.82359
79.2068 1.82152
79.2531 1.8202
79.298 1.81918
79.3443 1.81866
79.3906 1.81857
79.4368 1.81888
79.4813 1.81927
79.5276 1.81998
79.5739 1.82099
79.6188 1.82211
79.665 1.82347
79.7096 1.82479
79.7558 1.82632
79.8021 1.82815
79.847 1.82988
79.8933 1.83177
79.9374 1.83355
79.9837 1.83536
80.0303 1.83744
80.0745 1.83938
80.1215 1.84158
80.1656 1.84351
80.2119 1.84557
80.2582 1.84788
80.3039 1.85014
80.3489 1.85225
80.3948 1.85447
80.4393 1.85666
80.4864 1.85908
80.5317 1.86132
80.5768 1.86353
80.6213 1.86571
80.6641 1.86762
80.7065 1.86904
80.7493 1.87029
80.7939 1.8715
80.8388 1.87282
80.8808 1.87371
80.9253 1.87475
80.9681 1.87566
81.0113 1.87645
81.0533 1.87689
81.0979 1.87741
81.1407 1.87786
81.1852 1.8785
81.228 1.87881
81.2725 1.87933
81.3153 1.87979
81.3589 1.88007
81.4017 1.88031
81.4451 1.88065
81.4879 1.88082
81.532 1.88096
81.5752 1.88122
81.6176 1.88132
81.6625 1.88165
81.7057 1.88182
81.7491 1.88209
81.7919 1.88221
81.8364 1.88256
81.8792 1.88274
81.9216 1.88277
81.9644 1.8828
82.0089 1.88295
82.0518 1.88295
82.0963 1.88321
82.1391 1.88343
82.1832 1.88375
82.2264 1.88391
82.2684 1.88392
82.3129 1.88406
82.3558 1.88417
82.3999 1.88428
82.4431 1.88449
82.4855 1.88456
82.521 1.88411
82.5561 1.88385
82.5916 1.88374
82.6267 1.88365
82.6604 1.88344
82.6959 1.88339
82.731 1.88346
82.7665 1.88366
82.8016 1.88382
82.8371 1.8841
82.873 1.88458
82.9077 1.88489
82.9427 1.88528
82.9765 1.88549
83.012 1.8858
83.0479 1.8862
83.0826 1.88655
83.1185 1.88711
83.1527 1.88747
83.1891 1.88804
83.2229 1.88841
83.2576 1.88873
83.2935 1.88926
83.3286 1.88973
83.3641 1.89027
83.3992 1.89086
83.4329 1.89112
83.4697 1.89173
83.5035 1.89214
83.539 1.89262
83.5741 1.89317
83.6079 1.8934
83.6447 1.89385
83.6785 1.89424
83.714 1.89459
83.749 1.89514
83.7845 1.89562
83.8196 1.89604
83.8551 1.89666
83.891 1.89733
83.9257 1.89791
83.9595 1.8983
83.9946 1.89864
84.0301 1.89918
84.066 1.89966
84.1011 1.90033
84.1357 1.90079
84.1712 1.90131
84.2063 1.9019
84.2418 1.90241
84.2756 1.90286
84.3107 1.90325
84.3462 1.90372
84.3813 1.90426
84.415 1.9046
84.4505 1.90502
84.4843 1.90527
84.5194 1.90549
84.5528 1.90555
84.5887 1.90573
84.6216 1.90577
84.6571 1.90605
84.6922 1.90641
84.726 1.90661
84.7593 1.90679
84.7931 1.90694
84.8269 1.90707
84.8598 1.90706
84.8936 1.90718
84.927 1.90728
84.9586 1.90725
84.9924 1.90734
85.0262 1.90767
85.0578 1.90771
85.0894 1.90762
85.1232 1.9078
85.1549 1.90782
85.1865 1.90784
85.2194 1.90799
85.2519 1.90812
85.2849 1.90835
85.3152 1.90843
85.3468 1.9085
85.3798 1.90869
85.4101 1.90885
85.4417 1.90887
85.4734 1.90901
85.505 1.90926
85.5367 1.90948
85.5666 1.90967
85.5982 1.90996
85.6285 1.91009
85.6602 1.91045
85.6897 1.91052
85.7213 1.91083
85.7512 1.9111
85.7829 1.91147
85.811 1.91153
85.8427 1.91184
85.8726 1.91211
85.9021 1.91235
85.9324 1.91255
85.9641 1.91311
85.9936 1.91347
86.0213 1.91366
86.053 1.91395
86.0812 1.91421
86.1111 1.91456
86.1414 1.91499
86.17 1.91524
86.1987 1.91546
86.229 1.9159
86.2568 1.91616
86.2863 1.91652
86.3166 1.91695
86.3444 1.91721
86.3726 1.91743
86.4025 1.91775
86.432 1.91829
86.4602 1.91862
86.4901 1.91917
86.5183 1.91953
86.5478 1.91996
86.5764 1.92034
86.6059 1.92067
86.6337 1.92096
86.6619 1.92122
86.6905 1.92157
86.72 1.92199
86.7478 1.92237
86.7759 1.9227
86.8049 1.92311
86.8319 1.92335
86.8618 1.9238
86.8879 1.92395
86.9178 1.92433
86.946 1.92467
86.9738 1.92496
87.0041 1.92559
87.0319 1.92602
87.0601 1.92651
87.0878 1.92682
87.116 1.92722
87.1438 1.92744
87.172 1.92764
87.2019 1.92818
87.228 1.92841
87.2566 1.92873
87.2843 1.92914
87.3125 1.9295
87.3403 1.92994
87.3676 1.9302
87.395 1.93042
87.4245 1.93087
87.4522 1.93138
87.4787 1.93159
87.5048 1.93164
87.5347 1.93206
87.5607 1.9323
87.5872 1.93251
87.615 1.9327
87.6432 1.93299
87.6708 1.93324
87.6974 1.93346
87.7235 1.93353
87.7521 1.93396
87.7798 1.93434
87.8059 1.93455
87.8324 1.93485
87.8601 1.93525
87.8862 1.93547
87.9127 1.93566
87.9404 1.93595
87.9665 1.93621
87.9929 1.93643
88.0207 1.93675
88.0468 1.93703
88.0732 1.9374
88.0976 1.93748
88.1254 1.93779
88.1518 1.93807
88.1779 1.93831
88.2022 1.9384
88.23 1.9386
88.2564 1.93902
88.2808 1.93914
88.3068 1.93925
88.3328 1.93947
88.3598 1.93991
88.3854 1.9403
88.4106 1.94064
88.4349 1.94068
88.4623 1.9411
88.4866 1.94133
88.5113 1.94154
88.5374 1.94185
88.5617 1.94199
88.5882 1.94237
88.6125 1.94257
88.6368 1.94275
88.6633 1.94316
88.6876 1.94339
88.7133 1.94371
88.7376 1.944
88.7639 1.94437
88.7884 1.9447
88.8127 1.94499
88.837 1.94537
88.8614 1.94557
88.8857 1.94575
89.0981 1.96953
90.6501 1.94696
90.8625 1.94897
91.0632 1.95097
92.427 1.9291
92.4569 1.91046
92.4851 1.89441
92.5146 1.8806
92.5445 1.8689
92.5727 1.85879
92.6026 1.85044
92.6308 1.84326
92.6586 1.8371
92.6889 1.83209
92.7184 1.8282
92.7462 1.82493
92.7765 1.82244
92.806 1.82051
92.8346 1.81919
92.8641 1.81842
92.8919 1.81774
92.9222 1.81765
92.9517 1.81782
92.9803 1.81834
93.0098 1.81905
93.0393 1.82004
93.0679 1.82104
93.0974 1.82241
93.1252 1.82373
93.1555 1.82527
93.185 1.82698
93.2136 1.82861
93.2431 1.83053
93.2709 1.83222
93.3012 1.83419
93.3307 1.83617
93.3593 1.83827
93.3888 1.84036
93.4183 1.84257
93.4461 1.84462
93.4764 1.84679
93.5059 1.84907
93.5345 1.85131
93.564 1.85365
93.5935 1.85594
93.6221 1.85832
93.6516 1.86066
93.6794 1.86283
93.7097 1.8651
93.7392 1.86759
93.7678 1.86989
93.7973 1.87228
93.8263 1.87462
93.8555 1.87691
93.885 1.8793
93.9149 1.88176
93.9431 1.88417
93.973 1.88652
94.0012 1.88896
94.0307 1.89134
94.0606 1.89379
94.0888 1.89607
94.1187 1.89844
94.1482 1.90101
94.1764 1.90338
94.2063 1.90583
94.2345 1.9081
94.264 1.91047
94.2939 1.91291
94.3221 1.91529
94.3499 1.91738
94.3763 1.91921
94.4045 1.92106
94.431 1.92255
94.4566 1.92373
94.4848 1.92489
94.5113 1.92603
94.5369 1.92678
94.5651 1.92768
94.5916 1.92834
94.6194 1.92918
94.6458 1.92978
94.6719 1.93018
94.6997 1.93066
94.7278 1.9312
94.7543 1.9318
94.7821 1.93245
94.8085 1.93289
94.8346 1.93316
94.8624 1.93364
94.8888 1.93393
94.917 1.93444
94.9435 1.93476
94.9691 1.93492
94.9973 1.9353
95.0238 1.93551
95.0494 1.93557
95.0776 1.93575
95.1041 1.93603
95.1319 1.93628
95.1583 1.93649
95.1844 1.93656
95.2122 1.93674
95.2404 1.93715
95.2668 1.93738
95.2933 1.93758
95.3211 1.93788
95.3471 1.93815
95.3728 1.93813
95.401 1.93824
95.4287 1.93846
95.4552 1.93865
95.4813 1.93882
95.5077 1.93884
95.5355 1.93899
95.5637 1.93924
95.5901 1.93958
95.6179 1.93989
95.644 1.94002
95.6704 1.94015
95.6982 1.9405
95.7259 1.94082
95.7529 1.94109
95.7785 1.9412
95.8067 1.94143
95.8332 1.94175
95.8596 1.94191
95.8874 1.94217
95.9135 1.94227
95.9413 1.94261
95.9677 1.94279
95.9938 1.94281
96.0202 1.94284
96.048 1.94298
96.0762 1.94336
96.1027 1.94356
96.1283 1.94362
96.1565 1.94379
96.183 1.94394
96.2107 1.9442
96.2372 1.94442
96.2654 1.94475
96.291 1.9449
96.3175 1.94504
96.3384 1.94479
96.3627 1.94481
96.3832 1.94484
96.4062 1.94498
96.4284 1.94523
96.4489 1.94533
96.4719 1.94554
96.4923 1.94572
96.5167 1.94613
96.5376 1.94649
96.558 1.94668
96.581 1.94709
96.6032 1.94758
96.6258 1.94801
96.6467 1.94838
96.6689 1.94871
96.6915 1.94925
96.7124 1.94959
96.7346 1.95002
96.7559 1.95039
96.7781 1.95084
96.8007 1.95136
96.8216 1.95169
96.8438 1.9521
96.8664 1.95272
96.8872 1.95313
96.9094 1.95361
96.932 1.95416
96.9529 1.95451
96.9755 1.95495
96.9977 1.95546
97.0186 1.9559
97.0412 1.95641
97.0621 1.95686
97.0843 1.95725
97.1069 1.95772
97.1278 1.95813
97.1504 1.95861
97.1726 1.95916
97.1935 1.95952
97.2161 1.96008
97.2381 1.96057
97.2613 1.96125
97.2817 1.96172
97.3039 1.96213
97.3269 1.96274
97.3474 1.96314
97.3696 1.96363
97.3917 1.96405
97.4131 1.96454
97.4361 1.96522
97.4562 1.96557
97.4805 1.96625
97.5018 1.96672
97.524 1.96725
97.5445 1.96772
97.5675 1.96826
97.5897 1.96885
97.611 1.96924
97.6332 1.96984
97.6553 1.97036
97.6766 1.97081
97.6988 1.97134
97.7193 1.97167
97.7436 1.97234
97.7645 1.97279
97.7858 1.97319
97.808 1.97367
97.8302 1.97421
97.8528 1.97481
97.8737 1.97521
97.8963 1.97581
97.9185 1.97633
97.9394 1.97679
97.962 1.97732
97.9828 1.97765
98.005 1.9782
98.0276 1.97867
98.0485 1.97909
98.0711 1.97958
98.0933 1.98013
98.1142 1.98061
98.1368 1.98104
98.1577 1.98141
98.1799 1.98173
98.2098 1.98314
98.2436 1.98412
98.2791 1.98511
98.3128 1.98559
98.3475 1.98589
98.3813 1.98591
98.4164 1.98592
98.4501 1.98568
98.4835 1.98522
98.5173 1.98457
98.5524 1.984
98.5861 1.98337
98.619 1.98245
98.6511 1.98139
98.6849 1.98022
98.7199 1.97919
98.7516 1.97804
98.7854 1.97691
98.8171 1.97567
98.8504 1.97446
98.8825 1.97316
98.9158 1.97189
98.9475 1.97053
98.9791 1.96921
99.0129 1.96806
99.0445 1.9668
99.0762 1.96558
99.1078 1.96425
99.1394 1.96297
99.1638 1.96123
99.1881 1.9597
99.2128 1.95836
99.2368 1.95707
99.2611 1.95606
99.2854 1.95505
99.308 1.95404
99.3323 1.95316
99.3567 1.95239
99.381 1.95184
99.404 1.95124
99.4284 1.95071
99.4517 1.95012
99.4749 1.94948
99.4992 1.94904
99.5235 1.94866
99.5461 1.94833
99.5692 1.94791
99.5935 1.94755
99.6157 1.94711
99.64 1.94684
99.6626 1.94649
99.6869 1.9463
99.7078 1.94576
99.7322 1.94554
99.7543 1.94523
99.777 1.94482
99.8013 1.94472
99.8243 1.94463
99.8465 1.94443
99.8708 1.94437
99.8934 1.94433
99.9143 1.94404
99.9365 1.94366
99.9591 1.94332
99.9834 1.94328
