0.1 0.00448
0.2 0
0.3 1.20416
0.4 0
0.5 1.8
0.6 0.36
0.7 1.8
0.8 2.28
0.9 2.4
1 3.24
1.1 3.48
1.2 6.24
1.3 7.08
1.4 3
1.5 8.16
1.6 8.52
1.7 3.24
1.8 1.92
1.9 0.96
2 6.72
2.1 4.32
2.2 4.56
2.3 1.92
2.4 1.92
2.5 0.96
2.6 1.44
2.7 0.48
2.8 0.48
2.9 5.64
3 3.72
3.1 4.08
3.2 3.12
3.3 1.92
3.4 1.44
3.5 1.2
3.6 0.72
3.7 0.96
3.8 0
3.9 6.72
4 3.24
4.1 1.32
4.2 1.44
4.3 1.32
4.4 1.32
4.5 1.32
4.6 1.32
4.7 1.32
4.8 1.32
4.9 1.44
5 1.32
5.1 1.32
5.2 1.32
5.3 1.32
5.4 1.32
5.5 1.32
5.6 1.44
5.7 1.32
5.8 1.32
5.9 1.32
6 1.32
6.1 1.32
6.2 1.44
6.3 1.32
6.4 1.32
6.5 1.32
6.6 1.32
6.7 1.32
6.8 1.32
6.9 1.44
7 1.32
7.1 1.32
7.2 1.32
7.3 1.32
7.4 1.32
7.5 1.32
7.6 1.44
7.7 1.32
7.8 1.32
7.9 1.32
8 1.32
8.1 1.32
8.2 1.32
8.3 1.44
8.4 1.32
8.5 1.32
8.6 1.32
8.7 1.32
8.8 1.32
8.9 1.32
9 1.44
9.1 1.32
9.2 1.32
9.3 1.32
9.4 1.32
9.5 1.32
9.6 1.44
9.7 1.32
9.8 1.32
9.9 1.32
10 1.32
10.1 1.32
10.2 1.32
10.3 0.12
10.4 0
10.5 0
10.6 0
10.7 0
10.8 0
10.9 0
11 0
11.1 0
11.2 0
11.3 0
11.4 0.24
11.5 0.24
11.6 0
11.7 0
11.8 0
11.9 0
12 0
12.1 0
12.2 0
12.3 0
12.4 0
12.5 0
12.6 4.8
12.7 4.8
12.8 4.8
12.9 4.92
13 4.08
13.1 0
13.2 0
13.3 0
13.4 0
13.5 0
13.6 0
13.7 0.24
13.8 2.88
13.9 2.88
14 3
14.1 2.88
14.2 2.88
14.3 2.88
14.4 2.88
14.5 3
14.6 2.88
14.7 2.88
14.8 2.88
14.9 2.88
15 3
15.1 2.88
15.2 2.88
15.3 2.52
15.4 1.8
15.5 1.68
15.6 1.8
15.7 1.68
15.8 1.8
15.9 1.68
16 1.8
16.1 1.68
16.2 1.8
16.3 1.68
16.4 1.8
16.5 2.16
16.6 2.28
16.7 2.28
16.8 2.4
16.9 2.28
17 2.28
17.1 2.4
17.2 2.28
17.3 2.28
17.4 2.4
17.5 2.28
17.6 2.28
17.7 2.4
17.8 2.28
17.9 2.4
18 2.28
18.1 2.28
18.2 2.4
18.3 2.28
18.4 2.28
18.5 2.4
18.6 2.28
18.7 2.28
18.8 2.4
18.9 2.28
19 2.28
19.1 2.4
19.2 2.28
19.3 2.28
19.4 2.4
19.5 2.28
19.6 2.16
19.7 2.28
19.8 2.16
19.9 2.28
20 2.16
20.1 2.16
20.2 2.28
20.3 2.16
20.4 2.28
20.5 2.16
20.6 2.16
20.7 2.28
20.8 2.16
20.9 2.28
21 2.16
21.1 2.16
21.2 2.28
21.3 2.16
21.4 2.28
21.5 2.16
21.6 2.28
21.7 2.16
21.8 2.16
21.9 2.28
22 2.16
22.1 2.28
22.2 2.16
22.3 2.28
22.4 2.16
22.5 2.28
22.6 0.12
22.7 0
22.8 0
22.9 0
23 0
23.1 0
23.2 0
23.3 0
23.4 0
23.5 0
23.6 0
23.7 0
23.8 0
23.9 0
24 0
24.1 0
24.2 0
24.3 0
24.4 0
24.5 0
24.6 0
24.7 0
24.8 0.48
24.9 0
25 0
25.1 0
25.2 0
25.3 0
25.4 0
25.5 0
25.6 0
25.7 0
25.8 0
25.9 0
26 0
26.1 0
26.2 0
26.3 0
26.4 0
26.5 0
26.6 1.8
26.7 2.16
26.8 2.28
26.9 2.16
27 2.28
27.1 2.28
27.2 2.16
27.3 2.28
27.4 2.28
27.5 2.16
27.6 2.28
27.7 2.16
27.8 2.28
27.9 2.28
28 2.16
28.1 2.28
28.2 2.16
28.3 2.28
28.4 2.28
28.5 2.16
28.6 2.28
28.7 2.28
28.8 2.16
28.9 2.28
29 2.16
29.1 2.28
29.2 2.28
29.3 2.16
29.4 2.28
29.5 2.28
29.6 2.16
29.7 2.28
29.8 2.16
29.9 2.28
30 2.28
30.1 2.16
30.2 2.28
30.3 2.52
30.4 2.76
30.5 2.76
30.6 2.88
30.7 2.76
30.8 2.76
30.9 2.76
31 2.88
31.1 2.76
31.2 2.76
31.3 2.76
31.4 2.88
31.5 2.76
31.6 2.76
31.7 2.88
31.8 2.76
31.9 2.76
32 2.76
32.1 2.64
32.2 1.68
32.3 1.68
32.4 1.68
32.5 1.68
32.6 1.68
32.7 1.68
32.8 1.68
32.9 1.68
33 1.68
33.1 1.68
33.2 1.68
33.3 1.68
33.4 1.8
33.5 1.68
33.6 1.8
33.7 1.8
33.8 1.8
33.9 1.8
34 2.4
34.1 2.4
34.2 2.52
34.3 2.4
34.4 2.52
34.5 2.4
34.6 2.52
34.7 2.52
34.8 1.68
34.9 1.92
35 1.8
35.1 2.52
35.2 2.4
35.3 2.52
35.4 2.4
35.5 2.52
35.6 2.52
35.7 2.4
35.8 2.52
35.9 2.4
36 2.52
36.1 2.52
36.2 2.4
36.3 2.52
36.4 1.8
36.5 0
36.6 0
36.7 0
36.8 0
36.9 0
37 0
37.1 1.92
37.2 2.4
37.3 2.52
37.4 2.4
37.5 2.52
37.6 2.4
37.7 2.52
37.8 2.52
37.9 2.4
38 2.52
38.1 2.4
38.2 2.52
38.3 2.52
38.4 2.4
38.5 2.52
38.6 2.4
38.7 2.52
38.8 2.52
38.9 2.4
39 2.52
39.1 2.4
39.2 2.52
39.3 0.6
39.4 1.92
39.5 2.52
39.6 2.52
39.7 2.4
39.8 2.52
39.9 2.4
40 2.52
40.1 2.52
40.2 2.4
40.3 2.52
40.4 2.4
40.5 2.52
40.6 2.52
40.7 2.4
40.8 2.52
40.9 2.4
41 2.52
41.1 2.52
41.2 2.4
41.3 2.52
41.4 2.4
41.5 2.52
41.6 2.52
41.7 2.4
41.8 2.52
41.9 2.4
42 2.52
42.1 2.52
42.2 2.4
42.3 2.52
42.4 2.4
42.5 2.52
42.6 2.4
42.7 2.52
42.8 2.52
42.9 2.4
43 2.52
43.1 2.4
43.2 2.52
43.3 2.64
43.4 3.12
43.5 3
43.6 3.12
43.7 3.12
43.8 3.12
43.9 3
44 3.12
44.1 3.12
44.2 3.12
44.3 3.12
44.4 3.12
44.5 3
44.6 3
44.7 1.92
44.8 1.8
44.9 1.92
45 1.8
45.1 1.92
45.2 1.8
45.3 1.92
45.4 1.92
45.5 1.92
45.6 1.92
45.7 2.04
45.8 1.92
45.9 2.04
46 2.4
46.1 2.64
46.2 2.64
46.3 2.64
46.4 2.64
46.5 2.64
46.6 2.64
46.7 2.64
46.8 2.76
46.9 2.76
47 2.64
47.1 2.64
47.2 2.64
47.3 2.64
47.4 2.64
47.5 2.64
47.6 2.76
47.7 0.72
47.8 0
47.9 0
48 0
48.1 0
48.2 0
48.3 0
48.4 0
48.5 0
48.6 0
48.7 0
48.8 0
48.9 0
49 0
49.1 0
49.2 0
49.3 0.48
49.4 0
49.5 0
49.6 0
49.7 0
49.8 0
49.9 0
50 0
50.1 0
50.2 0
50.3 0
50.4 0
50.5 0
50.6 1.44
50.7 2.64
50.8 2.64
50.9 2.64
51 2.64
51.1 2.76
51.2 2.64
51.3 2.64
51.4 2.64
51.5 2.64
51.6 2.64
51.7 2.64
51.8 2.64
51.9 2.76
52 2.64
52.1 2.64
52.2 2.64
52.3 2.64
52.4 2.64
52.5 2.64
52.6 2.64
52.7 2.76
52.8 2.64
52.9 2.64
53 2.64
53.1 2.64
53.2 2.64
53.3 2.64
53.4 2.64
53.5 2.76
53.6 2.64
53.7 2.64
53.8 2.64
53.9 2.64
54 2.64
54.1 2.64
54.2 2.64
54.3 2.76
54.4 2.64
54.5 2.64
54.6 2.64
54.7 2.64
54.8 2.64
54.9 2.64
55 2.64
55.1 2.76
55.2 2.64
55.3 2.64
55.4 2.64
55.5 2.88
55.6 3.36
55.7 3.36
55.8 3.24
55.9 3.36
56 3.36
56.1 2.88
56.2 2.4
56.3 2.52
56.4 2.64
56.5 2.28
56.6 2.16
56.7 2.28
56.8 2.28
56.9 2.88
57 3.24
57.1 2.52
57.2 2.04
57.3 1.92
57.4 2.04
57.5 1.92
57.6 2.04
57.7 2.04
57.8 1.92
57.9 2.04
58 1.92
58.1 2.04
58.2 1.92
58.3 2.04
58.4 2.28
58.5 2.64
58.6 2.16
58.7 0
58.8 0
58.9 0
59 0
59.1 0
59.2 0
59.3 0
59.4 0
59.5 0
59.6 0
59.7 0.12
59.8 0
59.9 0.12
60 0.48
60.1 0.6
60.2 0.6
60.3 0.48
60.4 0.6
60.5 0.6
60.6 0.48
60.7 0.6
60.8 0.48
60.9 0.6
61 0.6
61.1 0.36
61.2 0
61.3 0
61.4 0
61.5 0
61.6 0
61.7 0
61.8 0
61.9 0
62 0
62.1 0
62.2 0.36
62.3 0.12
62.4 0
62.5 0
62.6 0
62.7 0
62.8 0
62.9 0
63 0
63.1 0
63.2 0
63.3 0.24
63.4 0.6
63.5 0.48
63.6 0.6
63.7 0.48
63.8 0.6
63.9 0.6
64 0.48
64.1 0.6
64.2 0.6
64.3 0.48
64.4 0.6
64.5 0.48
64.6 0.6
64.7 0.6
64.8 0.48
64.9 0.6
65 0.6
65.1 0.48
65.2 0.6
65.3 0.48
65.4 0.6
65.5 0.6
65.6 0.48
65.7 0.6
65.8 0.6
65.9 0.48
66 0.6
66.1 0.48
66.2 0.6
66.3 0.6
66.4 0.48
66.5 0.6
66.6 0.6
66.7 0.48
66.8 0.6
66.9 0.48
67 0.6
67.1 0.6
67.2 0.48
67.3 0.6
67.4 0.6
67.5 0.48
67.6 0.6
67.7 0.48
67.8 0.6
67.9 0.6
68 0.48
68.1 0.6
68.2 0.6
68.3 0.48
68.4 0.6
68.5 0.48
68.6 0.6
68.7 0.48
68.8 0.6
68.9 0.48
69 0.6
69.1 0.48
69.2 0.48
69.3 0.72
69.4 0.6
69.5 0.72
69.6 0.6
69.7 0.72
69.8 0.6
69.9 0.72
70 0.6
70.1 0.72
70.2 0.6
70.3 0.72
70.4 0.6
70.5 0.48
70.6 0.36
70.7 0.36
70.8 0.48
70.9 0.36
71 0.36
71.1 0.36
71.2 0.48
71.3 0.36
71.4 0.36
71.5 0.48
71.6 0.36
71.7 0.6
71.8 0.48
71.9 0.6
72 0.48
72.1 0.6
72.2 0.6
72.3 0.48
72.4 0.6
72.5 0.6
72.6 0.48
72.7 0.6
72.8 0.48
72.9 0.6
73 0.6
73.1 0.48
73.2 0.6
73.3 0.6
73.4 0.36
73.5 0
73.6 0
73.7 0
73.8 0
73.9 0
74 0
74.1 0
74.2 0
74.3 0
74.4 0
74.5 0
74.6 0
74.7 0
74.8 0
74.9 0
75 0
75.1 0
75.2 0.12
75.3 0.24
75.4 0
75.5 0.12
75.6 0
75.7 0
75.8 0
75.9 0
76 0
76.1 0
76.2 0
76.3 0
76.4 0
76.5 0
76.6 0
76.7 0
76.8 0
76.9 0
77 0.24
77.1 0.6
77.2 0.48
77.3 0.6
77.4 0.6
77.5 0.48
77.6 0.6
77.7 0.48
77.8 0.6
77.9 0.6
78 0.48
78.1 0.6
78.2 0.6
78.3 0.48
78.4 0.6
78.5 0.48
78.6 0.6
78.7 0.6
78.8 0.48
78.9 0.6
79 0.48
79.1 0.6
79.2 0.6
79.3 0.48
79.4 0.6
79.5 0.6
79.6 0.48
79.7 0.6
79.8 0.48
79.9 0.6
80 0.6
80.1 0.48
80.2 0.6
80.3 0.6
80.4 0.48
80.5 0.6
80.6 0.48
80.7 0.72
80.8 0.72
80.9 0.72
81 0.6
81.1 0.72
81.2 0.72
81.3 0.72
81.4 0.6
81.5 0.72
81.6 0.72
81.7 0.72
81.8 0.72
81.9 0.6
82 0.72
82.1 0.72
82.2 0.72
82.3 0.6
82.4 0.72
82.5 0.72
82.6 0.72
82.7 0.72
82.8 0.6
82.9 0.72
83 0.72
83.1 0.72
83.2 0.84
83.3 0.72
83.4 0.72
83.5 0.72
83.6 0.84
83.7 0.72
83.8 0.84
83.9 0.84
84 0.72
84.1 0.84
84.2 0.84
84.3 0.84
84.4 0.84
84.5 0.84
84.6 0.84
84.7 0.84
84.8 0.84
84.9 0.84
85 0.84
85.1 0.84
85.2 0.84
85.3 0.96
85.4 0.84
85.5 0.84
85.6 0.96
85.7 0.84
85.8 0.84
85.9 0.96
86 0.84
86.1 0.96
86.2 0.96
86.3 0.84
86.4 0.96
86.5 0.96
86.6 0.96
86.7 0.96
86.8 0.96
86.9 0.96
87 0.72
87.1 0
87.2 0
87.3 0
87.4 0
87.5 0
87.6 0
87.7 0
87.8 0
87.9 0
88 0
88.1 0
88.2 0
88.3 0
88.4 0
88.5 0
88.6 0
88.7 0
88.8 0
88.9 0.36
89 0
89.1 0.12
89.2 0
89.3 0
89.4 0
89.5 0
89.6 0
89.7 0
89.8 0
89.9 0
90 0
90.1 0
90.2 0
90.3 0
90.4 0
90.5 0
90.6 0
90.7 0.48
90.8 0.96
90.9 0.84
91 0.96
91.1 0.84
91.2 0.96
91.3 0.84
91.4 0.96
91.5 0.84
91.6 0.84
91.7 0.96
91.8 0.84
91.9 0.96
92 0.84
92.1 0.96
92.2 0.84
92.3 0.96
92.4 0.84
92.5 0.96
92.6 0.84
92.7 0.96
92.8 0.84
92.9 0.96
93 0.84
93.1 0.96
93.2 0.84
93.3 0.84
93.4 0.96
93.5 0.84
93.6 0.96
93.7 0.84
93.8 0.96
93.9 0.84
94 0.96
94.1 0.84
94.2 0.96
94.3 0.84
94.4 0.96
94.5 1.08
94.6 1.2
94.7 1.08
94.8 1.08
94.9 1.2
95 1.08
95.1 1.08
95.2 1.2
95.3 1.08
95.4 1.08
95.5 1.2
95.6 1.08
95.7 1.08
95.8 1.2
95.9 1.08
96 1.08
96.1 1.2
96.2 1.08
96.3 0.72
96.4 0.72
96.5 0.6
96.6 0.72
96.7 0.72
96.8 0.72
96.9 0.6
97 0.72
97.1 0.72
97.2 0.72
97.3 0.96
97.4 1.08
97.5 0.96
97.6 0.96
97.7 1.08
97.8 1.08
97.9 0.96
98 1.08
98.1 1.08
98.2 1.08
98.3 1.08
98.4 1.08
98.5 1.08
98.6 1.08
98.7 1.08
98.8 1.08
98.9 1.08
99 1.08
99.1 1.08
99.2 1.08
99.3 1.08
99.4 1.08
99.5 1.08
99.6 1.08
99.7 1.08
99.8 1.08
99.9 1.08
100 1.08
