0.1 0.00448
0.2 0
0.3 1.20416
0.4 0
0.5 2.16
0.6 0
0.7 4.32
0.8 0
0.9 8.64
1 0
1.1 17.28
1.2 0
1.3 14.88
1.4 17.28
1.5 5.28
1.6 13.44
1.7 14.4
1.8 15.84
1.9 18.24
2 6.24
2.1 7.08
2.2 5.64
2.3 8.52
2.4 8.52
2.5 9.36
2.6 9.12
2.7 10.08
2.8 9.84
2.9 4.44
3 6.6
3.1 6.36
3.2 7.2
3.3 8.4
3.4 9
3.5 9.12
3.6 9.84
3.7 9.6
3.8 10.32
3.9 3.48
4 6.84
4.1 6
4.2 7.8
4.3 8.64
4.4 9.24
4.5 9.36
4.6 9.6
4.7 9.6
4.8 10.32
4.9 3.72
5 7.32
5.1 8.4
5.2 9
5.3 9.12
5.4 9.24
5.5 9.12
5.6 9.12
5.7 9.24
5.8 9.12
5.9 8.52
6 8.88
6.1 9
6.2 9.12
6.3 9.36
6.4 9
6.5 9.36
6.6 9.12
6.7 9
6.8 9.36
6.9 9.12
7 9
7.1 9.12
7.2 9
7.3 9.36
7.4 9.12
7.5 9
7.6 9.12
7.7 9.36
7.8 9
7.9 9.12
8 9
8.1 9.36
8.2 9.12
8.3 9.24
8.4 9.12
8.5 9.12
8.6 9.24
8.7 9.12
8.8 9
8.9 9.12
9 9.36
9.1 9
9.2 9.12
9.3 9.12
9.4 9.24
9.5 9.12
9.6 9
9.7 9.36
9.8 9.12
9.9 9
10 9.36
10.1 9.12
10.2 9
10.3 9.12
10.4 9.36
10.5 9
10.6 9.12
10.7 9.24
10.8 9.12
10.9 9.36
11 9
11.1 9.12
11.2 9.12
11.3 9.24
11.4 9.12
11.5 10.32
11.6 10.32
11.7 10.56
11.8 10.68
11.9 10.44
12 10.8
12.1 10.68
12.2 10.92
12.3 10.92
12.4 10.8
12.5 10.8
12.6 10.92
12.7 10.92
12.8 11.16
12.9 11.04
13 11.28
13.1 11.4
13.2 11.04
13.3 11.4
13.4 11.28
13.5 11.52
13.6 11.52
13.7 11.04
13.8 7.68
13.9 8.16
14 8.4
14.1 7.8
14.2 8.16
14.3 8.28
14.4 8.64
14.5 9.84
14.6 11.76
14.7 12.12
14.8 11.88
14.9 12
15 12.12
15.1 11.88
15.2 12
15.3 10.68
15.4 8.64
15.5 9
15.6 9
15.7 9
15.8 9.36
15.9 9.24
16 9.36
16.1 9.24
16.2 8.6192
16.3 8.23872
16.4 8.0256
16.5 7.98048
16.6 8.28384
16.7 8.23872
16.8 7.98048
16.9 8.0256
17 8.23872
17.1 8.28384
17.2 7.98048
17.3 8.0256
17.4 8.49696
17.5 8.23872
17.6 8.49696
17.7 8.49696
17.8 8.49696
17.9 8.49696
18 8.49696
18.1 8.49696
18.2 8.49696
18.3 8.49696
18.4 8.1568
18.5 8.23872
18.6 8.0256
18.7 7.8944
18.8 7.64032
18.9 7.68128
19 7.85344
19.1 7.68128
19.2 7.85344
19.3 7.68128
19.4 7.85344
19.5 7.68128
19.6 7.85344
19.7 7.8944
19.8 7.85344
19.9 7.68128
20 8.0256
20.1 7.72224
20.2 7.81248
20.3 8.0256
20.4 7.72224
20.5 7.81248
20.6 7.85344
20.7 7.8944
20.8 7.64032
20.9 7.68128
21 7.64032
21.1 7.68128
21.2 7.85344
21.3 7.68128
21.4 7.50912
21.5 7.85344
21.6 7.68128
21.7 7.72224
21.8 7.64032
21.9 7.8944
22 7.81248
22.1 7.50912
22.2 8.0256
22.3 7.72224
22.4 7.81248
22.5 7.72224
22.6 7.81248
22.7 7.85344
22.8 7.68128
22.9 7.81248
23 7.85344
23.1 7.68128
23.2 7.85344
23.3 7.68128
23.4 7.72224
23.5 7.81248
23.6 7.72224
23.7 7.81248
23.8 7.72224
23.9 7.81248
24 7.72224
24.1 7.64032
24.2 7.8944
24.3 7.81248
24.4 7.72224
24.5 7.81248
24.6 7.72224
24.7 7.81248
24.8 8.45184
24.9 9.82912
25 10.0013
25.1 10.0832
25.2 9.82912
25.3 10.0832
25.4 10.0422
25.5 9.87008
25.6 10.0422
25.7 9.87008
25.8 10.0422
25.9 10.0832
26 9.82912
26.1 10.0832
26.2 10.0422
26.3 9.87008
26.4 10.0422
26.5 9.87008
26.6 9.69792
26.7 9.91104
26.8 10.0013
26.9 10.0013
27 9.91104
27.1 10.0013
27.2 9.91104
27.3 10.0422
27.4 10.0832
27.5 9.82912
27.6 10.0832
27.7 10.0013
27.8 9.91104
27.9 10.0422
28 9.87008
28.1 10.0422
28.2 10.0832
28.3 9.69792
28.4 8.0256
28.5 8.23872
28.6 8.11584
28.7 8.06656
28.8 8.19776
28.9 8.23872
29 8.0256
29.1 8.23872
29.2 8.0256
29.3 8.23872
29.4 8.23872
29.5 8.0256
29.6 8.23872
29.7 8.0256
29.8 8.23872
29.9 8.23872
30 8.23872
30.1 8.0256
30.2 8.23872
30.3 8.0256
30.4 8.23872
30.5 8.0256
30.6 7.64032
30.7 7.8944
30.8 7.81248
30.9 7.85344
31 8.0256
31.1 7.68128
31.2 7.85344
31.3 7.8944
31.4 7.85344
31.5 7.68128
31.6 7.85344
31.7 7.8944
31.8 7.81248
31.9 7.85344
32 7.8944
32.1 7.81248
32.2 7.85344
32.3 7.8944
32.4 7.85344
32.5 7.68128
32.6 7.50912
32.7 7.296
32.8 7.50912
32.9 7.296
33 7.4272
33.1 7.296
33.2 7.37792
33.3 7.4272
33.4 7.1648
33.5 7.50912
33.6 7.4272
33.7 4.59488
33.8 4.8
33.9 4.44
34 4.92
34.1 4.44
34.2 4.68
34.3 4.8
34.4 4.8
34.5 5.4
34.6 5.4
34.7 5.4
34.8 5.4
34.9 5.28
35 5.4
35.1 5.4
35.2 5.28
35.3 5.4
35.4 5.28
35.5 5.28
35.6 5.4
35.7 5.28
35.8 5.28
35.9 1.50336
36 0.6
36.1 0.48
36.2 0.6
36.3 0.36
36.4 170.88
36.5 0
36.6 0
36.7 0
36.8 0
36.9 0
37 0
37.1 0
37.2 0
37.3 0
37.4 0
37.5 1.48096
37.6 1.4592
37.7 9.43968
37.8 9.95616
37.9 9.69792
38 10.2144
38.1 10.2144
38.2 9.95616
38.3 10.1693
38.4 10.2144
38.5 9.95616
38.6 10.1693
38.7 9.95616
38.8 10.2144
38.9 10.1693
39 9.95616
39.1 10.2144
39.2 9.95616
39.3 10.1693
39.4 2.1888
39.5 3.52096
39.6 7.8944
39.7 8.0256
39.8 8.0256
39.9 7.85344
40 8.0256
40.1 8.10752
40.2 8.0256
40.3 8.0256
40.4 8.0256
40.5 8.0256
40.6 7.85344
40.7 8.10752
40.8 8.0256
40.9 8.0256
41 8.0256
41.1 8.0256
41.2 7.85344
41.3 8.10752
41.4 8.1568
41.5 7.8944
41.6 5.7408
41.7 3.84
41.8 4.92
41.9 5.04
42 5.04
42.1 4.92
42.2 5.04
42.3 5.04
42.4 5.04
42.5 4.92
42.6 5.04
42.7 5.04
42.8 4.92
42.9 5.16
43 4.92
43.1 5.04
43.2 5.04
43.3 4.92
43.4 5.04
43.5 5.04
43.6 5.04
43.7 5.04
43.8 6.1744
43.9 172.232
44 0
44.1 0
44.2 0
44.3 0
44.4 0
44.5 0
44.6 0
44.7 0
44.8 0
44.9 0
45 0
45.1 0
45.2 0
45.3 0
45.4 0
45.5 0
45.6 4.83136
45.7 7.98048
45.8 9.74304
45.9 9.95616
46 9.69792
46.1 9.95616
46.2 9.69792
46.3 9.69792
46.4 9.74304
46.5 9.91104
46.6 9.74304
46.7 9.95616
46.8 9.69792
46.9 5.51136
47 0
47.1 0
47.2 0
47.3 6.84
47.4 6.72
47.5 6.84
47.6 6.84
47.7 6.6
47.8 6.36
47.9 6.48
48 6.48
48.1 6.36
48.2 6.6
48.3 6.36
48.4 6.36
48.5 6.48
48.6 6.36
48.7 6.48
48.8 13.4765
48.9 2.6976
49 16.7021
49.1 10.4768
49.2 7.2
49.3 7.44
49.4 9.84
49.5 108.48
49.6 0
49.7 0
49.8 0
49.9 0
50 0.48
50.1 9.6
50.2 9.84
50.3 9.6
50.4 9.9072
50.5 9.95616
50.6 9.69792
50.7 10.1693
50.8 9.95616
50.9 10.2144
51 9.95616
51.1 10.1693
51.2 10.2144
51.3 9.95616
51.4 10.1693
51.5 10.2144
51.6 9.95616
51.7 10.1693
51.8 9.95616
51.9 10.2144
52 10.2144
52.1 9.91104
52.2 10.0013
52.3 9.91104
52.4 7.81248
52.5 7.85344
52.6 8.0256
52.7 7.8944
52.8 7.85344
52.9 7.8944
53 8.0256
53.1 7.81248
53.2 7.85344
53.3 7.8944
53.4 8.0256
53.5 7.85344
53.6 7.8944
53.7 7.81248
53.8 7.85344
53.9 8.10752
54 7.81248
54.1 7.85344
54.2 8.0256
54.3 7.98464
54.4 7.72224
54.5 8.0256
54.6 7.50912
54.7 7.296
54.8 7.50912
54.9 7.50912
55 7.50912
55.1 7.4272
55.2 7.50912
55.3 7.50912
55.4 7.46816
55.5 7.50912
55.6 7.50912
55.7 7.296
55.8 7.50912
55.9 7.50912
56 7.50912
56.1 6.95328
56.2 4.68
56.3 4.44
56.4 4.56
56.5 4.92
56.6 5.16
56.7 4.5712
56.8 4.68
56.9 4.8
57 4.92
57.1 4.92
57.2 4.92
57.3 4.8
57.4 4.8
57.5 4.92
57.6 4.8
57.7 4.92
57.8 4.68
57.9 4.68
58 4.08
58.1 4.56
58.2 4.08
58.3 4.2
58.4 3.53216
58.5 11.3136
58.6 11.04
58.7 19.32
58.8 3.6
58.9 9.84
59 44.4
59.1 0
59.2 0
59.3 0
59.4 0.24
59.5 0.24
59.6 0
59.7 0.48
59.8 1.92
59.9 1.68
60 2.16
60.1 1.2
60.2 8.76
60.3 9.12
60.4 10.56
60.5 10.56
60.6 10.32
60.7 10.68
60.8 10.32
60.9 10.56
61 10.56
61.1 10.32
61.2 8.88
61.3 9.84
61.4 10.08
61.5 9.84
61.6 10.08
61.7 9.72
61.8 10.08
61.9 9.84
62 10.08
62.1 9.84
62.2 10.08
62.3 10.56
62.4 10.44
62.5 10.56
62.6 10.32
62.7 10.56
62.8 10.56
62.9 10.32
63 10.68
63.1 10.56
63.2 10.32
63.3 10.08
63.4 10.32
63.5 10.56
63.6 10.56
63.7 10.32
63.8 10.68
63.9 10.32
64 10.56
64.1 10.56
64.2 10.32
64.3 10.56
64.4 10.44
64.5 10.32
64.6 9.84
64.7 9.72
64.8 10.08
64.9 10.08
65 9.84
65.1 10.08
65.2 9.84
65.3 9.84
65.4 10.08
65.5 10.08
65.6 9.84
65.7 9.84
65.8 10.08
65.9 10.08
66 9.84
66.1 9.84
66.2 10.08
66.3 9.84
66.4 10.08
66.5 9.84
66.6 9.72
66.7 10.08
66.8 9.84
66.9 10.08
67 9.84
67.1 9.84
67.2 10.08
67.3 9.84
67.4 10.08
67.5 9.84
67.6 10.08
67.7 9.84
67.8 9.84
67.9 10.08
68 9.84
68.1 10.08
68.2 9.84
68.3 9.72
68.4 10.08
68.5 9.84
68.6 10.2
68.7 9.84
68.8 9.96
68.9 10.32
69 10.2
69.1 10.32
69.2 10.32
69.3 10.2
69.4 10.56
69.5 10.44
69.6 10.68
69.7 10.44
69.8 10.56
69.9 10.8
70 10.44
70.1 10.92
70.2 10.8
70.3 10.92
70.4 10.68
70.5 11.04
70.6 10.8
70.7 11.16
70.8 11.16
70.9 10.92
71 10.92
71.1 10.92
71.2 10.92
71.3 10.92
71.4 9.48864
71.5 9.43968
71.6 9.74304
71.7 9.43968
71.8 9.4848
71.9 9.4848
72 9.43968
72.1 9.69792
72.2 9.74304
72.3 9.69792
72.4 9.69792
72.5 9.69792
72.6 9.95616
72.7 9.74304
72.8 9.69792
72.9 9.69792
73 9.69792
73.1 9.95616
73.2 9.4848
73.3 9.69792
73.4 9.4848
73.5 9.4848
73.6 9.4848
73.7 9.31264
73.8 9.56672
73.9 9.27168
74 9.52576
74.1 9.4848
74.2 9.4848
74.3 9.3536
74.4 9.4848
74.5 9.31264
74.6 9.56672
74.7 9.4848
74.8 9.4848
74.9 9.31264
75 9.44384
75.1 9.52576
75.2 9.4848
75.3 9.69792
75.4 10.0832
75.5 9.82912
75.6 10.0832
75.7 10.0422
75.8 9.87008
75.9 10.0422
76 9.87008
76.1 10.0422
76.2 10.0832
76.3 9.82912
76.4 10.0832
76.5 10.0422
76.6 9.87008
76.7 10.0422
76.8 10.0013
76.9 9.87008
77 9.69792
77.1 10.0422
77.2 9.87008
77.3 9.91104
77.4 10.0013
77.5 9.91104
77.6 10.0422
77.7 9.87008
77.8 10.0422
77.9 10.0832
78 10.0013
78.1 9.91104
78.2 10.0422
78.3 9.87008
78.4 10.0422
78.5 9.87008
78.6 10.0013
78.7 10.0422
78.8 9.56672
78.9 9.4848
79 9.4848
79.1 9.31264
79.2 9.4848
79.3 9.3536
79.4 9.69792
79.5 9.4848
79.6 9.31264
79.7 9.4848
79.8 9.56672
79.9 9.27168
80 9.4848
80.1 9.52576
80.2 9.4848
80.3 9.3536
80.4 9.4848
80.5 9.4848
80.6 9.4848
80.7 9.4848
80.8 9.31264
80.9 9.56672
81 9.27168
81.1 9.52576
81.2 9.4848
81.3 9.3536
81.4 9.4848
81.5 9.31264
81.6 9.4848
81.7 9.3536
81.8 9.4848
81.9 9.52576
82 9.3536
82.1 9.27168
82.2 9.69792
82.3 9.27168
82.4 9.4848
82.5 9.31264
82.6 9.3536
82.7 9.31264
82.8 9.3536
82.9 9.27168
83 9.31264
83.1 9.3536
83.2 9.31264
83.3 9.14048
83.4 9.31264
83.5 9.3536
83.6 9.31264
83.7 9.14048
83.8 9.4848
83.9 9.31264
84 9.14048
84.1 9.52576
84.2 9.27168
84.3 9.14048
84.4 9.31264
84.5 9.3536
84.6 9.27168
84.7 9.31264
84.8 9.14048
84.9 9.31264
85 9.3536
85.1 9.18144
85.2 9.27168
85.3 9.18144
85.4 9.27168
85.5 9.31264
85.6 9.14048
85.7 9.18144
85.8 9.09952
85.9 9.3536
86 9.09952
86.1 9.14048
86.2 9.09952
86.3 9.3536
86.4 9.09952
86.5 9.14048
86.6 9.18144
86.7 9.09952
86.8 9.14048
86.9 9.18144
87 9.09952
87.1 9.14048
87.2 9.18144
87.3 8.8864
87.4 9.14048
87.5 9.18144
87.6 9.09952
87.7 9.14048
87.8 9.18144
87.9 9.09952
88 8.92736
88.1 9.18144
88.2 9.09952
88.3 8.92736
88.4 9.18144
88.5 8.96832
88.6 9.09952
88.7 8.96832
88.8 8.92736
88.9 8.96832
89 10.0422
89.1 10.0832
89.2 9.82912
89.3 10.0832
89.4 10.0422
89.5 9.87008
89.6 10.0422
89.7 9.87008
89.8 10.0013
89.9 10.0422
90 10.0832
90.1 9.91104
90.2 10.0013
90.3 10.0422
90.4 9.87008
90.5 10.0422
90.6 9.87008
90.7 9.69792
90.8 10.0422
90.9 9.87008
91 9.91104
91.1 10.0422
91.2 9.87008
91.3 10.0422
91.4 9.87008
91.5 10.0422
91.6 10.0013
91.7 10.0832
91.8 9.82912
91.9 10.0832
92 10.0422
92.1 9.87008
92.2 10.0422
92.3 9.87008
92.4 10.0422
92.5 9.14048
92.6 9.31264
92.7 9.14048
92.8 9.18144
92.9 9.09952
93 9.14048
93.1 9.18144
93.2 9.09952
93.3 9.3536
93.4 9.09952
93.5 9.14048
93.6 9.09952
93.7 9.14048
93.8 9.18144
93.9 9.09952
94 9.3536
94.1 9.09952
94.2 9.14048
94.3 9.18144
94.4 9.09952
94.5 8.96832
94.6 9.14048
94.7 9.09952
94.8 8.96832
94.9 9.3536
95 8.96832
95.1 9.09952
95.2 8.96832
95.3 9.14048
95.4 9.27168
95.5 8.96832
95.6 9.09952
95.7 9.14048
95.8 8.96832
95.9 9.31264
96 8.96832
96.1 9.14048
96.2 8.96832
96.3 9.09952
96.4 8.96832
96.5 8.96832
96.6 8.7552
96.7 8.96832
96.8 8.96832
96.9 8.7552
97 8.96832
97.1 8.7552
97.2 8.96832
97.3 8.92736
97.4 8.96832
97.5 8.7552
97.6 8.96832
97.7 8.7552
97.8 8.96832
97.9 8.7552
98 8.96832
98.1 8.96832
98.2 8.96832
98.3 9.27168
98.4 9.18144
98.5 9.27168
98.6 9.31264
98.7 9.3536
98.8 9.31264
98.9 9.14048
99 9.18144
99.1 9.27168
99.2 9.18144
99.3 8.8864
99.4 8.92736
99.5 8.96832
99.6 8.96832
99.7 8.96832
99.8 9.09952
99.9 8.83712
100 8.89056
