0.2 0.00448
0.3 0
0.4 0.0208
0.5 0
0.6 0.03744
0.7 0
0.8 0.07488
0.9 0
1 0.14976
1.1 0
1.2 0.12896
1.3 0.14976
1.4 0.04576
1.5 0.11648
1.6 0.1248
1.7 0.13728
1.8 0.15808
1.9 0.05408
2 0.09984
2.1 0.09152
2.2 0.14144
2.3 0.14144
2.4 0.15392
2.5 0.14976
2.6 0.1664
2.7 0.16224
2.8 0.07488
2.9 0.10816
3 0.104
3.1 0.12064
3.2 0.13728
3.3 0.14976
3.4 0.14976
3.5 0.16224
3.6 0.15808
3.7 0.17056
3.8 0.05824
3.9 0.11232
4 0.09984
4.1 0.12896
4.2 0.14144
4.3 0.15392
4.4 0.15392
4.5 0.15808
4.6 0.15808
4.7 0.17056
4.8 0.0624
4.9 0.12064
5 0.13728
5.1 0.14976
5.2 0.14976
5.3 0.15392
5.4 0.14976
5.5 0.14976
5.6 0.15392
5.7 0.14976
5.8 0.14144
5.9 0.1456
6 0.14976
6.1 0.14976
6.2 0.15392
6.3 0.14976
6.4 0.15392
6.5 0.14976
6.6 0.14976
6.7 0.15392
6.8 0.14976
6.9 0.14976
7 0.14976
7.1 0.14976
7.2 0.15392
7.3 0.14976
7.4 0.14976
7.5 0.14976
7.6 0.15392
7.7 0.14976
7.8 0.14976
7.9 0.14976
8 0.15392
8.1 0.14976
8.2 0.15392
8.3 0.14976
8.4 0.14976
8.5 0.15392
8.6 0.14976
8.7 0.14976
8.8 0.14976
8.9 0.15392
9 0.14976
9.1 0.14976
9.2 0.14976
9.3 0.15392
9.4 0.14976
9.5 0.14976
9.6 0.15392
9.7 0.14976
9.8 0.14976
9.9 0.15392
10 0.14976
10.1 0.14976
10.2 0.14976
10.3 0.15392
10.4 0.14976
10.5 0.14976
10.6 0.15392
10.7 0.14976
10.8 0.15392
10.9 0.14976
11 0.14976
11.1 0.14976
11.2 0.15392
11.3 0.14976
11.4 0.17056
11.5 0.17056
11.6 0.17472
11.7 0.17472
11.8 0.17056
11.9 0.17472
12 0.17056
12.1 0.17472
12.2 0.17472
12.3 0.17056
12.4 0.17056
12.5 0.17056
12.6 0.17056
12.7 0.17472
12.8 0.17056
12.9 0.17472
13 0.17472
13.1 0.17056
13.2 0.17472
13.3 0.17056
13.4 0.17472
13.5 0.17472
13.6 0.1664
13.7 0.11648
13.8 0.12064
13.9 0.1248
14 0.11648
14.1 0.12064
14.2 0.12064
14.3 0.1248
14.4 0.14144
14.5 0.17056
14.6 0.17472
14.7 0.17056
14.8 0.17472
14.9 0.17472
15 0.17056
15.1 0.17472
15.2 0.15392
15.3 0.1248
15.4 0.12896
15.5 0.12896
15.6 0.1248
15.7 0.12896
15.8 0.12896
15.9 0.12896
16 0.12896
16.1 0.13728
16.2 0.14144
16.3 0.13728
16.4 0.13728
16.5 0.14144
16.6 0.14144
16.7 0.13728
16.8 0.13728
16.9 0.14144
17 0.14144
17.1 0.13728
17.2 0.13728
17.3 0.1456
17.4 0.14144
17.5 0.1456
17.6 0.1456
17.7 0.1456
17.8 0.1456
17.9 0.1456
18 0.1456
18.1 0.1456
18.2 0.1664
18.3 0.1872
18.4 0.19136
18.5 0.17888
18.6 0.17888
18.7 0.17472
18.8 0.17888
18.9 0.17472
19 0.17472
19.1 0.17888
19.2 0.17472
19.3 0.17888
19.4 0.17472
19.5 0.17888
19.6 0.17888
19.7 0.17888
19.8 0.17472
19.9 0.18304
20 0.17472
20.1 0.17888
20.2 0.18304
20.3 0.17472
20.4 0.17888
20.5 0.17888
20.6 0.17888
20.7 0.17472
20.8 0.17472
20.9 0.17472
21 0.17888
21.1 0.17472
21.2 0.17472
21.3 0.17056
21.4 0.17888
21.5 0.17472
21.6 0.17472
21.7 0.17472
21.8 0.17888
21.9 0.17888
22 0.17056
22.1 0.18304
22.2 0.17472
22.3 0.17888
22.4 0.17472
22.5 0.17888
22.6 0.17888
22.7 0.17472
22.8 0.17888
22.9 0.17888
23 0.17472
23.1 0.17888
23.2 0.17472
23.3 0.17472
23.4 0.17888
23.5 0.17472
23.6 0.17888
23.7 0.17472
23.8 0.17888
23.9 0.17472
24 0.17472
24.1 0.17888
24.2 0.17888
24.3 0.17472
24.4 0.17888
24.5 0.17472
24.6 0.17888
24.7 0.19136
24.8 0.2288
24.9 0.22464
25 0.2288
25.1 0.22464
25.2 0.2288
25.3 0.2288
25.4 0.22464
25.5 0.2288
25.6 0.22464
25.7 0.2288
25.8 0.2288
25.9 0.22464
26 0.2288
26.1 0.2288
26.2 0.22464
26.3 0.2288
26.4 0.22464
26.5 0.22048
26.6 0.22464
26.7 0.2288
26.8 0.2288
26.9 0.22464
27 0.2288
27.1 0.22464
27.2 0.2288
27.3 0.2288
27.4 0.22464
27.5 0.2288
27.6 0.2288
27.7 0.22464
27.8 0.2288
27.9 0.22464
28 0.2288
28.1 0.2288
28.2 0.22048
28.3 0.18304
28.4 0.1872
28.5 0.1872
28.6 0.18304
28.7 0.1872
28.8 0.1872
28.9 0.18304
29 0.1872
29.1 0.18304
29.2 0.1872
29.3 0.1872
29.4 0.1872
29.5 0.18304
29.6 0.18304
29.7 0.1872
29.8 0.1872
29.9 0.1872
30 0.18304
30.1 0.1872
30.2 0.18304
30.3 0.1872
30.4 0.18304
30.5 0.17888
30.6 0.17472
30.7 0.17888
30.8 0.17888
30.9 0.18304
31 0.17472
31.1 0.17888
31.2 0.17888
31.3 0.17888
31.4 0.17472
31.5 0.18304
31.6 0.17472
31.7 0.17888
31.8 0.17888
31.9 0.17888
32 0.17888
32.1 0.17888
32.2 0.17888
32.3 0.17888
32.4 0.17472
32.5 0.17056
32.6 0.1664
32.7 0.17056
32.8 0.1664
32.9 0.17056
33 0.1664
33.1 0.1664
33.2 0.17056
33.3 0.16224
33.4 0.17056
33.5 0.17056
33.6 0.41056
33.7 0.49856
33.8 0.47424
33.9 0.51072
34 0.47424
34.1 0.49248
34.2 0.50464
34.3 0.49856
34.4 0.5472
34.5 0.5472
34.6 0.5472
34.7 0.5472
34.8 0.53504
34.9 0.5472
35 0.5472
35.1 0.53504
35.2 0.5472
35.3 0.53504
35.4 0.53504
35.5 0.5472
35.6 0.53504
35.7 0.53504
35.8 0.38912
35.9 0.3648
36 0.3344
36.1 0.32832
36.2 0.32096
36.3 0.2544
36.4 0.23296
36.5 0.24128
36.6 0.25792
36.7 0.26208
36.8 0.23712
36.9 0.23296
37 0.23712
37.1 0.23712
37.2 0.23712
37.3 0.23712
37.4 0.12896
37.5 0.02496
37.6 0.16224
37.7 0.17056
37.8 0.1664
37.9 0.17472
38 0.17472
38.1 0.17056
38.2 0.17472
38.3 0.17472
38.4 0.17056
38.5 0.17472
38.6 0.17056
38.7 0.17472
38.8 0.17472
38.9 0.17056
39 0.17472
39.1 0.17056
39.2 0.17472
39.3 0.03744
39.4 0.07904
39.5 0.17888
39.6 0.18304
39.7 0.18304
39.8 0.17888
39.9 0.18304
40 0.18304
40.1 0.18304
40.2 0.18304
40.3 0.18304
40.4 0.18304
40.5 0.17888
40.6 0.18304
40.7 0.18304
40.8 0.18304
40.9 0.18304
41 0.18304
41.1 0.17888
41.2 0.18304
41.3 0.1872
41.4 0.17888
41.5 0.54208
41.6 0.35872
41.7 0.50464
41.8 0.51072
41.9 0.50464
42 0.50464
42.1 0.51072
42.2 0.51072
42.3 0.50464
42.4 0.50464
42.5 0.51072
42.6 0.51072
42.7 0.49856
42.8 0.52288
42.9 0.49856
43 0.50464
43.1 0.5168
43.2 0.49856
43.3 0.51072
43.4 0.51072
43.5 0.51072
43.6 0.50464
43.7 0.51072
43.8 0.3408
43.9 0.2288
44 0.23296
44.1 0.2288
44.2 0.23296
44.3 0.23296
44.4 0.23296
44.5 0.2288
44.6 0.23296
44.7 0.23296
44.8 0.23296
44.9 0.2288
45 0.23296
45.1 0.21632
45.2 0.21632
45.3 0.21216
45.4 0.21632
45.5 0.22464
45.6 0.13728
45.7 0.1664
45.8 0.17056
45.9 0.1664
46 0.17056
46.1 0.1664
46.2 0.1664
46.3 0.1664
46.4 0.17056
46.5 0.1664
46.6 0.17056
46.7 0.1664
46.8 0.27392
46.9 0
47 0
47.1 0
47.2 0.43168
47.3 0.5472
47.4 0.55328
47.5 0.55328
47.6 0.54112
47.7 0.5168
47.8 0.52896
47.9 0.52288
48 0.5168
48.1 0.53504
48.2 0.5168
48.3 0.52288
48.4 0.5168
48.5 0.52288
48.6 0.52288
48.7 0.3952
48.8 0.0608
48.9 0.37088
49 0.35872
49.1 0.3648
49.2 0.37696
49.3 0.50464
49.4 0.38272
49.5 0.34528
49.6 0.34528
49.7 0.34528
49.8 0.34944
49.9 0.34112
50 0.42016
50.1 0.42016
50.2 0.42016
50.3 0.34528
50.4 0.17056
50.5 0.1664
50.6 0.17472
50.7 0.17056
50.8 0.17472
50.9 0.17056
51 0.17472
51.1 0.17472
51.2 0.17056
51.3 0.17472
51.4 0.17472
51.5 0.17056
51.6 0.17472
51.7 0.17056
51.8 0.17472
51.9 0.17472
52 0.17056
52.1 0.22048
52.2 0.22464
52.3 0.17888
52.4 0.17888
52.5 0.18304
52.6 0.17888
52.7 0.17888
52.8 0.17888
52.9 0.18304
53 0.17888
53.1 0.17888
53.2 0.17888
53.3 0.18304
53.4 0.17888
53.5 0.17888
53.6 0.17888
53.7 0.17888
53.8 0.18304
53.9 0.17888
54 0.18304
54.1 0.17888
54.2 0.18304
54.3 0.17472
54.4 0.18304
54.5 0.17056
54.6 0.1664
54.7 0.17056
54.8 0.17056
54.9 0.17056
55 0.17056
55.1 0.17056
55.2 0.17056
55.3 0.17056
55.4 0.17056
55.5 0.17056
55.6 0.1664
55.7 0.17056
55.8 0.17056
55.9 0.17056
56 0.21344
56.1 0.42752
56.2 0.47424
56.3 0.4864
56.4 0.51072
56.5 0.52288
56.6 0.49856
56.7 0.49856
56.8 0.49248
56.9 0.49856
57 0.49856
57.1 0.49248
57.2 0.49248
57.3 0.49248
57.4 0.49248
57.5 0.49856
57.6 0.49856
57.7 0.48032
57.8 0.4864
57.9 0.44384
58 0.47424
58.1 0.44992
58.2 0.456
58.3 0.43168
58.4 0.3648
58.5 0.31616
58.6 0.34048
58.7 0.35872
58.8 0.34048
58.9 0.32224
59 0.29792
59.1 0.35264
59.2 0.35872
59.3 0.35872
59.4 0.35872
59.5 0.3648
59.6 0.35264
59.7 0.34048
59.8 0.34656
59.9 0.3344
60 0.34208
60.1 0.1456
60.2 0.14976
60.3 0.17472
60.4 0.17472
60.5 0.17056
60.6 0.17472
60.7 0.17472
60.8 0.17056
60.9 0.17472
61 0.17056
61.1 0.1456
61.2 0.16224
61.3 0.1664
61.4 0.16224
61.5 0.1664
61.6 0.1664
61.7 0.16224
61.8 0.16224
61.9 0.1664
62 0.16224
62.1 0.1664
62.2 0.17472
62.3 0.17056
62.4 0.17472
62.5 0.17472
62.6 0.17056
62.7 0.17472
62.8 0.17056
62.9 0.17472
63 0.17472
63.1 0.17056
63.2 0.1664
63.3 0.17056
63.4 0.17472
63.5 0.17472
63.6 0.17056
63.7 0.17472
63.8 0.17056
63.9 0.17472
64 0.17472
64.1 0.17056
64.2 0.17472
64.3 0.17472
64.4 0.1664
64.5 0.16224
64.6 0.16224
64.7 0.1664
64.8 0.1664
64.9 0.16224
65 0.1664
65.1 0.16224
65.2 0.1664
65.3 0.16224
65.4 0.1664
65.5 0.16224
65.6 0.16224
65.7 0.1664
65.8 0.1664
65.9 0.16224
66 0.16224
66.1 0.1664
66.2 0.16224
66.3 0.1664
66.4 0.16224
66.5 0.16224
66.6 0.1664
66.7 0.16224
66.8 0.1664
66.9 0.16224
67 0.1664
67.1 0.16224
67.2 0.16224
67.3 0.1664
67.4 0.16224
67.5 0.1664
67.6 0.16224
67.7 0.16224
67.8 0.1664
67.9 0.16224
68 0.1664
68.1 0.16224
68.2 0.16224
68.3 0.1664
68.4 0.16224
68.5 0.1664
68.6 0.16224
68.7 0.16224
68.8 0.1664
68.9 0.16224
69 0.1664
69.1 0.16224
69.2 0.16224
69.3 0.1664
69.4 0.16224
69.5 0.1664
69.6 0.16224
69.7 0.1664
69.8 0.16224
69.9 0.16224
70 0.1664
70.1 0.16224
70.2 0.1664
70.3 0.16224
70.4 0.1664
70.5 0.16224
70.6 0.1664
70.7 0.1664
70.8 0.16224
70.9 0.16224
71 0.16224
71.1 0.16224
71.2 0.16224
71.3 0.16224
71.4 0.16224
71.5 0.1664
71.6 0.16224
71.7 0.16224
71.8 0.16224
71.9 0.16224
72 0.1664
72.1 0.1664
72.2 0.1664
72.3 0.1664
72.4 0.17056
72.5 0.1664
72.6 0.1664
72.7 0.1664
72.8 0.1664
72.9 0.1664
73 0.17056
73.1 0.20384
73.2 0.22048
73.3 0.21632
73.4 0.21632
73.5 0.21632
73.6 0.21216
73.7 0.21632
73.8 0.21632
73.9 0.21216
74 0.21632
74.1 0.21632
74.2 0.21216
74.3 0.21632
74.4 0.21216
74.5 0.21632
74.6 0.21632
74.7 0.21632
74.8 0.21216
74.9 0.21632
75 0.21632
75.1 0.21632
75.2 0.22048
75.3 0.2288
75.4 0.22464
75.5 0.2288
75.6 0.2288
75.7 0.22464
75.8 0.2288
75.9 0.22464
76 0.2288
76.1 0.2288
76.2 0.22464
76.3 0.2288
76.4 0.2288
76.5 0.22464
76.6 0.2288
76.7 0.2288
76.8 0.22464
76.9 0.22048
77 0.2288
77.1 0.22464
77.2 0.22464
77.3 0.2288
77.4 0.22464
77.5 0.2288
77.6 0.22464
77.7 0.2288
77.8 0.2288
77.9 0.2288
78 0.22464
78.1 0.2288
78.2 0.22464
78.3 0.2288
78.4 0.22464
78.5 0.2288
78.6 0.2288
78.7 0.21632
78.8 0.21632
78.9 0.21632
79 0.21216
79.1 0.21632
79.2 0.21216
79.3 0.22048
79.4 0.21632
79.5 0.21216
79.6 0.21632
79.7 0.21632
79.8 0.21216
79.9 0.21632
80 0.21632
80.1 0.21632
80.2 0.21216
80.3 0.21632
80.4 0.21632
80.5 0.21632
80.6 0.21632
80.7 0.21216
80.8 0.21632
80.9 0.21216
81 0.21632
81.1 0.21632
81.2 0.21216
81.3 0.21632
81.4 0.21216
81.5 0.21632
81.6 0.21216
81.7 0.21632
81.8 0.21632
81.9 0.21216
82 0.21216
82.1 0.22048
82.2 0.21216
82.3 0.21632
82.4 0.21216
82.5 0.21216
82.6 0.21216
82.7 0.21216
82.8 0.21216
82.9 0.21216
83 0.21216
83.1 0.21216
83.2 0.208
83.3 0.21216
83.4 0.21216
83.5 0.21216
83.6 0.208
83.7 0.21632
83.8 0.21216
83.9 0.208
84 0.21632
84.1 0.21216
84.2 0.208
84.3 0.21216
84.4 0.21216
84.5 0.21216
84.6 0.21216
84.7 0.208
84.8 0.21216
84.9 0.21216
85 0.208
85.1 0.21216
85.2 0.208
85.3 0.21216
85.4 0.21216
85.5 0.208
85.6 0.208
85.7 0.208
85.8 0.21216
85.9 0.208
86 0.208
86.1 0.208
86.2 0.21216
86.3 0.208
86.4 0.208
86.5 0.208
86.6 0.208
86.7 0.208
86.8 0.208
86.9 0.208
87 0.208
87.1 0.208
87.2 0.20384
87.3 0.208
87.4 0.208
87.5 0.208
87.6 0.208
87.7 0.208
87.8 0.208
87.9 0.20384
88 0.208
88.1 0.208
88.2 0.20384
88.3 0.208
88.4 0.20384
88.5 0.208
88.6 0.20384
88.7 0.20384
88.8 0.20384
88.9 0.2288
89 0.2288
89.1 0.22464
89.2 0.2288
89.3 0.2288
89.4 0.22464
89.5 0.2288
89.6 0.22464
89.7 0.2288
89.8 0.2288
89.9 0.2288
90 0.22464
90.1 0.2288
90.2 0.2288
90.3 0.22464
90.4 0.2288
90.5 0.22464
90.6 0.22048
90.7 0.2288
90.8 0.22464
90.9 0.22464
91 0.2288
91.1 0.22464
91.2 0.2288
91.3 0.22464
91.4 0.2288
91.5 0.2288
91.6 0.2288
91.7 0.22464
91.8 0.2288
91.9 0.2288
92 0.22464
92.1 0.2288
92.2 0.22464
92.3 0.2288
92.4 0.208
92.5 0.21216
92.6 0.208
92.7 0.208
92.8 0.208
92.9 0.208
93 0.208
93.1 0.208
93.2 0.21216
93.3 0.208
93.4 0.208
93.5 0.208
93.6 0.208
93.7 0.208
93.8 0.208
93.9 0.21216
94 0.208
94.1 0.208
94.2 0.208
94.3 0.208
94.4 0.20384
94.5 0.208
94.6 0.208
94.7 0.208
94.8 0.208
94.9 0.20384
95 0.208
95.1 0.20384
95.2 0.208
95.3 0.21216
95.4 0.20384
95.5 0.208
95.6 0.208
95.7 0.20384
95.8 0.21216
95.9 0.20384
96 0.208
96.1 0.20384
96.2 0.208
96.3 0.20384
96.4 0.20384
96.5 0.19968
96.6 0.20384
96.7 0.20384
96.8 0.19968
96.9 0.20384
97 0.19968
97.1 0.20384
97.2 0.20384
97.3 0.20384
97.4 0.19968
97.5 0.20384
97.6 0.19968
97.7 0.20384
97.8 0.19968
97.9 0.20384
98 0.20384
98.1 0.20384
98.2 0.21216
98.3 0.208
98.4 0.21216
98.5 0.21216
98.6 0.21216
98.7 0.21216
98.8 0.208
98.9 0.208
99 0.21216
99.1 0.208
99.2 0.20384
99.3 0.20384
99.4 0.20384
99.5 0.20384
99.6 0.20384
99.7 0.208
99.8 0.19968
99.9 0.20384
100 0.208
