0.2 0.00448
0.3 0
0.4 0.0208
0.5 0
0.6 0.03328
0.7 0.00416
0.8 0.02912
0.9 0.0416
1 0.01664
1.1 0.07904
1.2 0.03744
1.3 0.02496
1.4 0.12896
1.5 0.05408
1.6 0.04992
1.7 0.03328
1.8 0.01664
1.9 0.11648
2 0.07488
2.1 0.07904
2.2 0.03328
2.3 0.03328
2.4 0.01664
2.5 0.02496
2.6 0.00832
2.7 0.00832
2.8 0.09984
2.9 0.0624
3 0.07072
3.1 0.05408
3.2 0.03328
3.3 0.02496
3.4 0.0208
3.5 0.01248
3.6 0.01664
3.7 0
3.8 0.11648
3.9 0.05824
4 0.07488
4.1 0.04576
4.2 0.03328
4.3 0.01664
4.4 0.0208
4.5 0.01248
4.6 0.01664
4.7 0
4.8 0.11232
4.9 0.05408
5 0.03328
5.1 0.02496
5.2 0.02496
5.3 0.0208
5.4 0.0208
5.5 0.0208
5.6 0.0208
5.7 0.0208
5.8 0.03328
5.9 0.02912
6 0.0208
6.1 0.02496
6.2 0.0208
6.3 0.0208
6.4 0.0208
6.5 0.02496
6.6 0.0208
6.7 0.0208
6.8 0.02496
6.9 0.0208
7 0.02496
7.1 0.0208
7.2 0.0208
7.3 0.02496
7.4 0.0208
7.5 0.0208
7.6 0.02496
7.7 0.0208
7.8 0.0208
7.9 0.02496
8 0.0208
8.1 0.0208
8.2 0.0208
8.3 0.02496
8.4 0.0208
8.5 0.0208
8.6 0.02496
8.7 0.0208
8.8 0.0208
8.9 0.02496
9 0.0208
9.1 0.0208
9.2 0.02496
9.3 0.0208
9.4 0.0208
9.5 0.02496
9.6 0.0208
9.7 0.0208
9.8 0.02496
9.9 0.0208
10 0.0208
10.1 0.0208
10.2 0.02496
10.3 0.0208
10.4 0.0208
10.5 0.02496
10.6 0.0208
10.7 0.0208
10.8 0.0208
10.9 0.02496
11 0.0208
11.1 0.0208
11.2 0.02496
11.3 0.0208
11.4 0.00416
11.5 0
11.6 0
11.7 0
11.8 0
11.9 0
12 0
12.1 0
12.2 0
12.3 0
12.4 0
12.5 0.00832
12.6 0
12.7 0
12.8 0
12.9 0
13 0
13.1 0
13.2 0
13.3 0
13.4 0
13.5 0
13.6 0.00416
13.7 0.05408
13.8 0.05408
13.9 0.04992
14 0.05408
14.1 0.05408
14.2 0.04992
14.3 0.05408
14.4 0.02912
14.5 0
14.6 0.00416
14.7 0
14.8 0
14.9 0
15 0
15.1 0
15.2 0.01664
15.3 0.04992
15.4 0.0416
15.5 0.04576
15.6 0.04576
15.7 0.04576
15.8 0.04576
15.9 0.04576
16 0.0416
16.1 0.03744
16.2 0.03328
16.3 0.03328
16.4 0.03328
16.5 0.03328
16.6 0.03328
16.7 0.03328
16.8 0.03744
16.9 0.03328
17 0.03328
17.1 0.03328
17.2 0.03328
17.3 0.02912
17.4 0.02912
17.5 0.02912
17.6 0.02912
17.7 0.02496
17.8 0.02912
17.9 0.02912
18 0.02496
18.1 0.02912
18.2 0.02912
18.3 0.02912
18.4 0.02912
18.5 0.03744
18.6 0.03744
18.7 0.03744
18.8 0.03744
18.9 0.03744
19 0.0416
19.1 0.03744
19.2 0.03744
19.3 0.03744
19.4 0.0416
19.5 0.03744
19.6 0.03744
19.7 0.03744
19.8 0.03744
19.9 0.03744
20 0.03744
20.1 0.03328
20.2 0.03744
20.3 0.03744
20.4 0.03744
20.5 0.03744
20.6 0.03744
20.7 0.0416
20.8 0.03744
20.9 0.0416
21 0.03744
21.1 0.0416
21.2 0.03744
21.3 0.0416
21.4 0.0416
21.5 0.03744
21.6 0.0416
21.7 0.03744
21.8 0.03744
21.9 0.03744
22 0.0416
22.1 0.03744
22.2 0.03744
22.3 0.03744
22.4 0.03744
22.5 0.03744
22.6 0.03744
22.7 0.0416
22.8 0.03744
22.9 0.03744
23 0.03744
23.1 0.03744
23.2 0.0416
23.3 0.03744
23.4 0.03744
23.5 0.0416
23.6 0.03744
23.7 0.03744
23.8 0.03744
23.9 0.0416
24 0.03744
24.1 0.03744
24.2 0.03744
24.3 0.0416
24.4 0.03744
24.5 0.03744
24.6 0.03744
24.7 0.02912
24.8 0
24.9 0
25 0
25.1 0
25.2 0
25.3 0
25.4 0
25.5 0
25.6 0
25.7 0
25.8 0
25.9 0
26 0
26.1 0
26.2 0
26.3 0
26.4 0
26.5 0.00832
26.6 0
26.7 0
26.8 0
26.9 0
27 0
27.1 0
27.2 0
27.3 0
27.4 0
27.5 0
27.6 0
27.7 0
27.8 0
27.9 0
28 0
28.1 0
28.2 0.00416
28.3 0.03328
28.4 0.02912
28.5 0.03328
28.6 0.03328
28.7 0.02912
28.8 0.03328
28.9 0.02912
29 0.03328
29.1 0.03328
29.2 0.02912
29.3 0.03328
29.4 0.02912
29.5 0.03328
29.6 0.03328
29.7 0.02912
29.8 0.03328
29.9 0.02912
30 0.03328
30.1 0.03328
30.2 0.02912
30.3 0.03328
30.4 0.03328
30.5 0.03744
30.6 0.03744
30.7 0.03744
30.8 0.03744
30.9 0.03744
31 0.03744
31.1 0.03744
31.2 0.03744
31.3 0.03744
31.4 0.03744
31.5 0.03744
31.6 0.03744
31.7 0.03744
31.8 0.03744
31.9 0.03744
32 0.03328
32.1 0.03744
32.2 0.03744
32.3 0.03744
32.4 0.0416
32.5 0.0416
32.6 0.04576
32.7 0.0416
32.8 0.04992
32.9 0.0416
33 0.04576
33.1 0.04576
33.2 0.04576
33.3 0.04576
33.4 0.04576
33.5 0.0512
33.6 0.1056
33.7 0.1072
33.8 0.13376
33.9 0.1216
34 0.13376
34.1 0.1216
34.2 0.1216
34.3 0.1216
34.4 0.08512
34.5 0.0912
34.6 0.0912
34.7 0.08512
34.8 0.09728
34.9 0.0912
35 0.0912
35.1 0.09728
35.2 0.0912
35.3 0.09728
35.4 0.09728
35.5 0.0912
35.6 0.09728
35.7 0.09728
35.8 0.14592
35.9 0.13984
36 0.17024
36.1 0.17632
36.2 0.17024
36.3 0.12416
36.4 0.05408
36.5 0.05408
36.6 0.0416
36.7 0.04576
36.8 0.05408
36.9 0.05408
37 0.05408
37.1 0.05408
37.2 0.05824
37.3 0.05408
37.4 0.09984
37.5 0.1456
37.6 0.00832
37.7 0.00416
37.8 0.00416
37.9 0
38 0.00416
38.1 0
38.2 0
38.3 0
38.4 0
38.5 0
38.6 0
38.7 0
38.8 0
38.9 0
39 0
39.1 0
39.2 0
39.3 0.13728
39.4 0.11232
39.5 0.03328
39.6 0.03744
39.7 0.03328
39.8 0.03328
39.9 0.03328
40 0.03328
40.1 0.03744
40.2 0.03328
40.3 0.03328
40.4 0.03328
40.5 0.03744
40.6 0.03328
40.7 0.03328
40.8 0.03328
40.9 0.03328
41 0.03328
41.1 0.03744
41.2 0.03328
41.3 0.03328
41.4 0.03328
41.5 0.00832
41.6 0.07904
41.7 0.0416
41.8 0.0416
41.9 0.0416
42 0.0416
42.1 0.03744
42.2 0.0416
42.3 0.0416
42.4 0.0416
42.5 0.0416
42.6 0.03744
42.7 0.0416
42.8 0.0416
42.9 0.0416
43 0.0416
43.1 0.03744
43.2 0.0416
43.3 0.0416
43.4 0.0416
43.5 0.03744
43.6 0.0416
43.7 0.04576
43.8 0.05408
43.9 0.0624
44 0.05408
44.1 0.05824
44.2 0.05824
44.3 0.05824
44.4 0.05408
44.5 0.05824
44.6 0.05824
44.7 0.05408
44.8 0.05824
44.9 0.05824
45 0.05824
45.1 0.0624
45.2 0.06656
45.3 0.06656
45.4 0.06656
45.5 0.04576
45.6 0.03328
45.7 0.00832
45.8 0.00416
45.9 0.00416
46 0.00416
46.1 0.00832
46.2 0.00416
46.3 0.00416
46.4 0.00416
46.5 0.00832
46.6 0.00416
46.7 0.00416
46.8 0.1632
46.9 0.4032
47 0.3984
47.1 0.3984
47.2 0.1008
47.3 0.0672
47.4 0.0672
47.5 0.0672
47.6 0.0768
47.7 0.0864
47.8 0.0816
47.9 0.0864
48 0.0864
48.1 0.0816
48.2 0.0864
48.3 0.0864
48.4 0.0864
48.5 0.0864
48.6 0.0816
48.7 0.1152
48.8 0.16544
48.9 0.04992
49 0.04992
49.1 0.04576
49.2 0.04576
49.3 0
49.4 0
49.5 0
49.6 0
49.7 0
49.8 0
49.9 0
50 0
50.1 0
50.2 0
50.3 0
50.4 0
50.5 0.00832
50.6 0
50.7 0
50.8 0
50.9 0
51 0
51.1 0
51.2 0
51.3 0
51.4 0
51.5 0
51.6 0
51.7 0
51.8 0
51.9 0
52 0
52.1 0
52.2 0.00416
52.3 0.03744
52.4 0.03328
52.5 0.03744
52.6 0.03328
52.7 0.03744
52.8 0.03744
52.9 0.03328
53 0.03744
53.1 0.03744
53.2 0.03328
53.3 0.03744
53.4 0.03744
53.5 0.03328
53.6 0.03744
53.7 0.03744
53.8 0.03328
53.9 0.03744
54 0.03744
54.1 0.03328
54.2 0.03744
54.3 0.03744
54.4 0.03328
54.5 0.04576
54.6 0.0416
54.7 0.04576
54.8 0.0416
54.9 0.04576
55 0.0416
55.1 0.04576
55.2 0.0416
55.3 0.0416
55.4 0.04576
55.5 0.0416
55.6 0.04576
55.7 0.0416
55.8 0.04576
55.9 0.0416
56 0.064
56.1 0.11968
56.2 0.13376
56.3 0.12768
56.4 0.11552
56.5 0.10944
56.6 0.11552
56.7 0.11552
56.8 0.12768
56.9 0.12768
57 0.1216
57.1 0.13376
57.2 0.12768
57.3 0.13376
57.4 0.12768
57.5 0.12768
57.6 0.12768
57.7 0.13984
57.8 0.13376
57.9 0.152
58 0.13984
58.1 0.15808
58.2 0.152
58.3 0.15808
58.4 0.15808
58.5 0.18848
58.6 0.17024
58.7 0.152
58.8 0.16416
58.9 0.1824
59 0.20672
59.1 0.15808
59.2 0.14592
59.3 0.14592
59.4 0.14592
59.5 0.14592
59.6 0.152
59.7 0.16416
59.8 0.15808
59.9 0.13344
60 0.09152
60.1 0.05824
60.2 0.0416
60.3 0
60.4 0
60.5 0
60.6 0
60.7 0
60.8 0
60.9 0
61 0.00416
61.1 0.03328
61.2 0.01248
61.3 0.00832
61.4 0.00832
61.5 0.00832
61.6 0.00832
61.7 0.01248
61.8 0.00832
61.9 0.00832
62 0.00832
62.1 0.00832
62.2 0
62.3 0
62.4 0
62.5 0
62.6 0
62.7 0
62.8 0
62.9 0
63 0
63.1 0
63.2 0.00416
63.3 0.00416
63.4 0
63.5 0
63.6 0
63.7 0
63.8 0
63.9 0
64 0
64.1 0
64.2 0
64.3 0
64.4 0.00416
64.5 0.01248
64.6 0.00832
64.7 0.00832
64.8 0.00832
64.9 0.00832
65 0.00832
65.1 0.00832
65.2 0.00832
65.3 0.00832
65.4 0.00832
65.5 0.00832
65.6 0.01248
65.7 0.00832
65.8 0.00832
65.9 0.00832
66 0.00832
66.1 0.01248
66.2 0.00832
66.3 0.00832
66.4 0.00832
66.5 0.00832
66.6 0.00832
66.7 0.01248
66.8 0.00832
66.9 0.00832
67 0.00832
67.1 0.00832
67.2 0.01248
67.3 0.00832
67.4 0.00832
67.5 0.00832
67.6 0.01248
67.7 0.00832
67.8 0.00832
67.9 0.00832
68 0.00832
68.1 0.00832
68.2 0.01248
68.3 0.00832
68.4 0.00832
68.5 0.00832
68.6 0.01248
68.7 0.00832
68.8 0.00832
68.9 0.00832
69 0.00832
69.1 0.00832
69.2 0.01248
69.3 0.00832
69.4 0.00832
69.5 0.00832
69.6 0.00832
69.7 0.01248
69.8 0.00832
69.9 0.00832
70 0.00832
70.1 0.00832
70.2 0.00832
70.3 0.01248
70.4 0.00832
70.5 0.00832
70.6 0.00832
70.7 0.00832
70.8 0.00832
70.9 0.01248
71 0.00832
71.1 0.01248
71.2 0.00832
71.3 0.01248
71.4 0.00832
71.5 0.00832
71.6 0.01248
71.7 0.00832
71.8 0.01248
71.9 0.00832
72 0.00832
72.1 0.00832
72.2 0.00416
72.3 0.00832
72.4 0.00416
72.5 0.00832
72.6 0.00416
72.7 0.00832
72.8 0.00416
72.9 0.00832
73 0.00416
73.1 0.00832
73.2 0.00416
73.3 0.00832
73.4 0.00832
73.5 0.00832
73.6 0.01248
73.7 0.00832
73.8 0.00832
73.9 0.01248
74 0.00832
74.1 0.00832
74.2 0.00832
74.3 0.00832
74.4 0.01248
74.5 0.00832
74.6 0.00832
74.7 0.00832
74.8 0.01248
74.9 0.00832
75 0.00832
75.1 0.00832
75.2 0.00416
75.3 0
75.4 0.00416
75.5 0
75.6 0
75.7 0
75.8 0
75.9 0
76 0
76.1 0
76.2 0
76.3 0
76.4 0
76.5 0
76.6 0
76.7 0
76.8 0
76.9 0.00416
77 0
77.1 0.00416
77.2 0
77.3 0
77.4 0
77.5 0
77.6 0
77.7 0
77.8 0
77.9 0
78 0
78.1 0
78.2 0
78.3 0
78.4 0
78.5 0
78.6 0
78.7 0.00832
78.8 0.00832
78.9 0.00832
79 0.00832
79.1 0.00832
79.2 0.01248
79.3 0.00832
79.4 0.00832
79.5 0.00832
79.6 0.00832
79.7 0.00832
79.8 0.01248
79.9 0.00832
80 0.00832
80.1 0.00832
80.2 0.00832
80.3 0.01248
80.4 0.00832
80.5 0.00832
80.6 0.00832
80.7 0.01248
80.8 0.00832
80.9 0.00832
81 0.01248
81.1 0.00832
81.2 0.00832
81.3 0.00832
81.4 0.01248
81.5 0.00832
81.6 0.00832
81.7 0.01248
81.8 0.00832
81.9 0.00832
82 0.01248
82.1 0.00832
82.2 0.00832
82.3 0.01248
82.4 0.00832
82.5 0.01248
82.6 0.01248
82.7 0.00832
82.8 0.01248
82.9 0.01248
83 0.01248
83.1 0.01248
83.2 0.01248
83.3 0.01248
83.4 0.00832
83.5 0.01248
83.6 0.01248
83.7 0.01248
83.8 0.01248
83.9 0.01248
84 0.00832
84.1 0.01248
84.2 0.01248
84.3 0.01248
84.4 0.01248
84.5 0.01248
84.6 0.01248
84.7 0.01248
84.8 0.01248
84.9 0.01248
85 0.01248
85.1 0.01248
85.2 0.01248
85.3 0.01248
85.4 0.01248
85.5 0.01664
85.6 0.01248
85.7 0.01248
85.8 0.01248
85.9 0.01664
86 0.01248
86.1 0.01664
86.2 0.01248
86.3 0.01248
86.4 0.01664
86.5 0.01248
86.6 0.01664
86.7 0.01248
86.8 0.01664
86.9 0.01248
87 0.01664
87.1 0.01248
87.2 0.01664
87.3 0.01664
87.4 0.01248
87.5 0.01664
87.6 0.01664
87.7 0.01248
87.8 0.01664
87.9 0.01664
88 0.01664
88.1 0.01248
88.2 0.01664
88.3 0.01664
88.4 0.01664
88.5 0.01664
88.6 0.01664
88.7 0.01664
88.8 0.01664
88.9 0
89 0.00416
89.1 0
89.2 0
89.3 0
89.4 0
89.5 0
89.6 0
89.7 0
89.8 0
89.9 0
90 0
90.1 0
90.2 0
90.3 0
90.4 0
90.5 0
90.6 0.00416
90.7 0
90.8 0.00416
90.9 0
91 0.00416
91.1 0
91.2 0
91.3 0
91.4 0
91.5 0
91.6 0
91.7 0
91.8 0
91.9 0
92 0
92.1 0
92.2 0
92.3 0
92.4 0.01248
92.5 0.01248
92.6 0.01664
92.7 0.01248
92.8 0.01664
92.9 0.01248
93 0.01664
93.1 0.01248
93.2 0.01248
93.3 0.01664
93.4 0.01248
93.5 0.01664
93.6 0.01248
93.7 0.01664
93.8 0.01248
93.9 0.01248
94 0.01664
94.1 0.01248
94.2 0.01664
94.3 0.01248
94.4 0.01664
94.5 0.01664
94.6 0.01664
94.7 0.01248
94.8 0.01664
94.9 0.01664
95 0.01248
95.1 0.01664
95.2 0.01664
95.3 0.01248
95.4 0.01664
95.5 0.01664
95.6 0.01664
95.7 0.01248
95.8 0.01664
95.9 0.01664
96 0.01248
96.1 0.01664
96.2 0.01664
96.3 0.01664
96.4 0.0208
96.5 0.01664
96.6 0.0208
96.7 0.01664
96.8 0.0208
96.9 0.0208
97 0.01664
97.1 0.0208
97.2 0.01664
97.3 0.0208
97.4 0.01664
97.5 0.0208
97.6 0.0208
97.7 0.01664
97.8 0.0208
97.9 0.01664
98 0.0208
98.1 0.01664
98.2 0.01248
98.3 0.01248
98.4 0.01248
98.5 0.01248
98.6 0.01248
98.7 0.01248
98.8 0.01248
98.9 0.01248
99 0.01248
99.1 0.01664
99.2 0.01664
99.3 0.01664
99.4 0.0208
99.5 0.01664
99.6 0.01664
99.7 0.01664
99.8 0.0208
99.9 0.01664
100 0.02496
