0.200111 10
0.401609 11
0.404013 13
0.406416 15
0.408819 17
0.411222 19
0.630785 21
0.644626 23
0.658467 25
0.672307 27
0.686148 29
0.699989 31
0.71383 33
0.804597 35
0.818438 37
0.832279 39
0.846119 41
0.85996 43
0.873801 45
0.88622 47
0.897751 49
0.907731 51
0.917045 53
0.941882 55
0.950161 57
0.95844 59
0.966719 61
1.00609 63
1.01437 65
1.02265 67
1.03093 69
1.03921 70
1.04335 71
1.04749 59
1.04749 58
1.04749 59
1.07234 58
1.20812 59
1.21128 60
1.21444 61
1.2176 62
1.22057 63
1.22355 64
1.22652 65
1.22874 66
1.23096 67
1.23318 68
1.23527 69
1.23737 70
1.23946 71
1.24156 72
1.24366 73
1.24575 74
1.24785 75
1.24904 74
1.24904 75
1.25313 76
1.25727 77
1.26556 78
1.2697 79
1.27383 2.96614e+06
1.41296 155
1.41296 154
1.41296 155
1.55999 154
1.61137 155
1.61259 156
1.61381 157
1.61501 156
1.61501 157
1.61774 159
1.61934 160
1.62095 161
1.62238 162
1.62382 163
1.62523 164
1.62663 165
1.62801 166
1.62952 167
1.6309 168
1.63228 169
1.63505 170
1.63641 171
1.63777 170
1.63777 171
1.63913 172
1.64048 173
1.64181 174
1.64313 175
1.64443 176
1.64573 177
1.64703 178
1.64831 179
1.64959 180
1.65084 181
1.6521 182
1.65333 183
1.65456 184
1.65579 185
1.65703 186
1.65825 187
1.65948 188
1.66071 189
1.66193 190
1.66316 191
1.66857 192
1.6698 193
1.67271 194
1.67394 195
1.67684 196
1.67807 197
1.6793 198
1.68052 199
1.68175 200
1.68298 201
1.6842 202
1.68543 203
1.68666 204
1.68788 205
1.68911 206
1.69034 207
1.69156 208
1.69279 209
1.69402 210
1.69524 211
1.69647 212
1.6977 213
1.69892 214
1.70015 215
1.70138 216
1.70261 217
1.70383 218
1.70506 219
1.70629 220
1.70751 221
1.70874 222
1.70997 223
1.71119 224
1.71242 225
1.71365 226
1.71487 227
1.7161 228
1.71733 229
1.71855 230
1.71978 231
1.72101 232
1.72223 233
1.72346 234
1.72469 235
1.72591 236
1.72714 237
1.72837 238
1.72959 239
1.73082 240
1.73205 241
1.73327 242
1.7345 243
1.73573 244
1.73696 245
1.73818 246
1.73941 247
1.74064 248
1.74186 249
1.74309 250
1.74432 251
1.74554 252
1.74677 253
1.748 254
1.74922 255
1.75045 256
1.75168 257
1.7529 258
1.75413 259
1.75536 260
1.75658 261
1.75904 262
1.76027 263
1.76149 2.96614e+06
1.76517 269
1.81287 270
1.81407 271
1.81527 272
1.81647 273
1.81767 274
1.81888 275
1.82008 276
1.82128 277
1.82248 278
1.82368 279
1.82488 280
1.82609 281
1.82729 282
1.82849 283
1.82969 284
1.83089 285
1.83209 286
1.8333 287
1.8345 288
1.8357 289
1.8369 290
1.8381 291
1.8393 292
1.8405 293
1.84171 294
1.84291 295
1.84411 296
1.84531 297
1.84651 298
1.84771 299
1.84892 300
1.85012 301
1.85132 302
1.85252 303
1.85372 304
1.85492 303
1.85492 304
1.85732 306
1.85972 308
1.86213 310
1.86453 312
1.86693 314
1.86934 316
1.87174 318
1.87414 320
1.87655 322
1.87895 324
1.88135 326
1.88375 328
1.88616 330
1.88856 332
1.89096 334
1.89337 336
1.89577 338
1.89817 340
1.90058 342
1.90298 344
1.90538 346
1.90779 348
1.91019 350
1.91259 352
1.915 354
1.9198 358
1.92221 360
1.92461 362
1.92701 364
1.92942 366
1.93182 368
1.93422 370
1.93663 372
1.93903 374
1.94143 376
1.94504 378
1.94625 379
1.94745 378
1.94745 379
1.94865 380
1.94985 381
1.95105 382
1.95225 383
1.95346 384
1.95466 385
1.95586 386
1.95706 387
1.95826 388
1.95946 389
1.96066 390
1.96187 391
1.96307 392
1.96427 393
1.96547 394
1.96667 395
1.96787 396
1.96908 397
1.97028 398
1.97148 399
1.97268 400
1.97388 401
1.97508 402
1.97629 403
1.97749 404
1.97869 405
1.97989 406
1.98109 407
1.98229 408
1.9835 409
1.9847 410
1.9859 411
1.9871 412
1.9883 413
1.9907 415
1.99191 416
1.99311 417
1.99431 418
1.99551 419
1.99671 420
1.99791 421
1.99912 422
2.00032 423
2.00152 424
2.00272 425
2.00392 426
2.00512 427
2.00633 428
2.00753 429
2.00873 430
2.00993 431
2.01113 432
2.01233 433
2.01354 434
2.01474 435
2.01594 436
2.01714 437
2.01834 438
2.01954 439
2.02074 440
2.02195 441
2.02315 442
2.02435 443
2.02555 444
2.02675 445
2.02795 446
2.02916 447
2.03036 448
2.03156 449
2.03276 450
2.03396 451
2.03516 452
2.03637 453
2.03757 454
2.03877 455
2.03997 456
2.04117 457
2.04237 458
2.04358 459
2.04478 460
2.04598 461
2.04718 462
2.04838 463
2.04958 464
2.05199 466
2.05319 467
2.05439 468
2.05559 469
2.05679 470
2.05799 471
2.0592 472
2.0604 473
2.0616 474
2.0628 475
2.064 476
2.0652 477
2.06641 478
2.06761 479
2.07722 480
2.07842 481
2.08443 482
2.08563 483
2.15053 482
2.15053 483
2.3536 484
2.3548 485
2.356 486
2.37283 485
2.37283 486
2.40166 2.96614e+06
2.40526 492
2.46535 491
2.52663 490
2.52784 489
2.52904 488
2.53024 487
2.53144 486
2.53264 485
2.53384 484
2.53504 483
2.53625 482
2.53745 481
2.53865 480
2.53985 479
2.54105 478
2.54225 477
2.54346 476
2.54466 475
2.54586 474
2.54706 473
2.54826 472
2.54946 471
2.55067 470
2.55187 469
2.55307 468
2.55427 467
2.55547 466
2.55667 465
2.55788 464
2.55908 463
2.56028 462
2.56148 461
2.56268 460
2.56388 459
2.56508 458
2.56629 457
2.56749 456
2.57109 454
2.57229 452
2.5735 451
2.5747 450
2.5759 449
2.5771 448
2.5783 447
2.5795 446
2.58071 445
2.58191 444
2.58311 443
2.58431 442
2.58551 441
2.58671 440
2.59633 439
2.59753 438
2.60354 437
2.60474 436
2.6504 437
2.6516 438
2.6528 439
2.654 440
2.6552 441
2.65641 442
2.65761 443
2.65881 444
2.66001 445
2.66121 446
2.66241 447
2.66362 446
2.66362 447
2.66482 448
2.66602 449
2.66722 450
2.66842 451
2.66962 452
2.67083 453
2.67203 454
2.67323 455
2.67443 456
2.67563 457
2.67683 458
2.67804 459
2.67924 460
2.68044 461
2.68164 462
2.68284 463
2.68404 464
2.68524 465
2.68645 466
2.68885 467
2.69005 468
2.69125 467
2.69125 468
2.69245 469
2.69366 470
2.69486 471
2.69606 472
2.69726 473
2.69846 474
2.69966 475
2.70087 476
2.70207 477
2.70327 478
2.70447 479
2.70567 480
2.70687 481
2.70808 482
2.70928 483
2.71048 484
2.71168 485
2.71288 486
2.71408 487
2.71528 488
2.71649 489
2.71769 489.355
2.87269 488.355
2.87269 489.355
2.8739 488.355
2.8739 489.355
2.8751 488.355
2.8751 489.355
2.88591 488.355
2.88591 489.355
2.92076 487.355
2.92076 488.355
2.92196 486.355
2.92196 487.355
2.92316 485.355
2.92316 486.355
2.92436 487.355
2.92556 488.355
2.92677 489.355
2.94719 488.355
2.94719 489.355
2.97844 488.355
2.97844 489.355
3.03972 488.355
3.03972 489.355
3.04092 488.355
3.04092 489.355
3.04212 488.355
3.04212 489.355
3.04332 488.355
3.04332 489.355
3.04452 488.355
3.04452 489.355
3.04572 488.355
3.04572 489.355
3.04813 488.355
3.04813 489.355
3.04933 488.355
3.04933 489.355
3.05173 488.355
3.05173 489.355
3.05293 488.355
3.05293 489.355
3.05414 488.355
3.05414 489.355
3.05534 488.355
3.05534 489.355
3.05654 488.355
3.05654 489.355
3.05774 488.355
3.05774 489.355
3.05894 488.355
3.05894 489.355
3.06014 488.355
3.06014 489.355
3.06135 488.355
3.06135 489.355
3.06255 488.355
3.06255 489.355
3.06375 488.355
3.06375 489.355
3.06495 488.355
3.06495 489.355
3.06615 488.355
3.06615 489.355
3.06735 488.355
3.06735 489.355
3.06856 488.355
3.06856 489.355
3.06976 488.355
3.06976 489.355
3.07096 488.355
3.07096 489.355
3.07336 487.355
3.07336 489.355
3.07456 488.355
3.07456 489.355
3.07576 488.355
3.07576 489.355
3.07697 488.355
3.07697 489.355
3.07817 488.355
3.07817 489.355
3.07937 488.355
3.07937 489.355
3.08057 488.355
3.08057 489.355
3.08418 488.355
3.08418 489.355
3.08538 488.355
3.08538 489.355
3.08658 488.355
3.08658 489.355
3.08778 488.355
3.08778 489.355
3.08898 488.355
3.08898 489.355
3.09018 488.355
3.09018 489.355
3.09139 488.355
3.09139 489.355
3.09259 488.355
3.09259 489.355
3.09379 488.355
3.09379 489.355
3.09499 488.355
3.09499 489.355
3.09619 488.355
3.09619 489.355
3.09739 488.355
3.09739 489.355
3.0986 488.355
3.0986 489.355
3.0998 488.355
3.0998 489.355
3.101 488.355
3.101 489.355
3.1022 488.355
3.1022 489.355
3.10941 488.355
3.10941 489.355
3.11061 488.355
3.11061 489.355
3.11662 488.355
3.11662 489.355
3.11782 488.355
3.11782 489.355
3.12864 488.355
3.12864 489.355
3.1779 488.355
3.1779 489.355
3.21635 342.809
3.24159 341.809
3.24159 342.809
3.24279 341.809
3.24279 342.809
3.24399 341.809
3.24399 342.809
3.25841 341.809
3.25841 342.809
3.25961 341.809
3.25961 342.809
3.26081 341.809
3.26081 342.809
3.26201 341.809
3.26201 342.809
3.26321 341.809
3.26321 342.809
3.26442 341.809
3.26442 342.809
3.26682 341.809
3.26682 342.809
3.33328 341.809
3.33328 342.809
3.41639 340.809
3.4547 339.809
3.4547 340.809
3.57366 339.809
3.57366 340.809
3.66362 1
3.66378 2
3.66378 4
3.66498 5
3.66618 6
3.66738 7
3.66859 8
3.66979 9
3.67099 10
3.67219 11
3.67339 12
3.67459 13
3.6758 14
3.677 15
3.6782 16
3.6794 17
3.6806 3.13536
3.6806 4
3.6818 3.27072
3.6818 4
3.68301 3.40746
3.68301 4
3.68421 3.54282
3.68421 4
3.68541 3.67818
3.68541 4
3.68661 3.81492
3.68661 4
3.68781 3.95028
3.68781 4
3.68901 4.08564
3.69022 4.22238
3.69142 4.35773
3.69262 4.49378
3.69382 4.62983
3.69502 4.76519
3.69622 4.90124
3.69742 5.03729
3.69863 5.17265
3.69983 5.3087
3.70103 5.44475
3.70223 5.58011
3.70343 5.71616
3.70463 5.85221
3.70584 5.98826
3.70704 6.12362
3.70824 6.25967
3.70944 6.39572
3.71064 6.53108
3.71184 6.66713
3.71305 6.80318
3.71425 6.93854
3.71545 7.07459
3.71665 7.21064
3.71785 7.34599
3.71905 7.48273
3.72026 7.61809
3.72146 7.75345
3.72266 7.89019
3.72386 8.02555
3.72506 8.16091
3.72626 8.29765
3.72746 8.43301
3.72867 8.56837
3.72987 8.70511
3.73107 8.84047
3.73227 8.97721
3.73347 9.11257
3.73467 9.24793
3.73588 9.38467
3.73708 9.52003
3.73828 9.65539
3.73948 9.79213
3.74068 9.92749
3.74188 10.0635
3.74309 10.1996
3.74429 10.3349
3.74549 10.471
3.74669 10.607
3.74789 10.7424
3.74909 10.8785
3.7503 11.0145
3.7515 11.1499
3.7527 11.2859
3.7539 11.422
3.7551 11.558
3.7563 11.6934
3.7575 11.8294
3.75871 11.9655
3.75991 12.1008
3.76111 12.2369
3.76231 12.3729
3.76351 12.5083
3.76471 12.6443
3.76592 12.7804
3.76712 12.9157
3.76832 13.0421
3.76952 13.1506
3.77072 13.259
3.77192 13.3681
3.77313 13.4765
3.77433 13.5849
3.77553 13.6941
3.77673 13.8025
3.77793 13.9109
3.77913 14.02
3.78034 14.1285
3.78154 14.2376
3.78274 14.346
3.78394 14.4544
3.78514 14.5635
3.78634 14.672
3.78754 14.7804
3.78874 14.8895
3.78994 14.9979
3.79114 15.1064
3.79234 15.2155
3.79355 15.3239
3.79475 15.433
3.79595 15.5414
3.79715 15.6499
3.79835 15.759
3.79955 15.8674
3.80075 15.9758
3.80196 16.0849
4.96925 18.0849
5.30123 18.6685
6.24376 19.5856
6.4083 21.5856
6.46315 23.232
6.71545 23.9917
6.97697 24.1181
7.01909 24.2479
7.06122 24.3791
7.10334 24.511
7.14546 24.6457
7.18759 24.7825
7.22943 24.8046
7.27099 24.8488
7.31227 24.9151
7.35327 25.0041
7.39399 25.0946
7.43443 25.2044
7.47482 25.2997
7.51513 25.384
7.5553 25.4586
7.59529 27.4586
7.63516 28.7507
7.98997 30.7507
8.02237 32.0076
8.29795 30.0283
8.32577 30.471
8.35358 30.9316
8.3814 32.9316
8.40922 34.3501
8.67027 34.4392
8.69367 36.4392
8.71707 37.8688
8.92493 38.134
8.94566 38.4972
8.96639 38.8695
8.98713 40.8695
9.00786 42.4102
9.21129 42.6885
9.22936 44.6885
9.24743 46.2576
9.35588 46.3522
9.37395 48.3522
9.39202 49.9296
9.54303 49.9903
9.55934 50.3343
9.5756 50.6913
9.59051 52.6913
9.60541 54.3322
9.67995 54.6112
9.69486 56.6112
9.70977 58.2735
9.8393 32
9.8393 31
9.8393 32
9.97496 33
9.9812 34
9.98744 35
9.99368 36
9.99992 37
10.0062 38
10.0124 39
10.0186 40
10.0249 41
10.0311 42
10.0374 43
10.0408 58.2735
10.0408 169.905
10.0408 66.4627
10.1954 31
10.1954 30
10.1954 31
10.2024 4
10.2092 30
10.2092 4
10.216 29
10.216 4
10.2228 28
10.2228 4
10.2296 27
10.2296 4
10.2364 26
10.2364 4
10.2433 25
10.2433 4
10.2563 24
10.2563 4
10.2628 22
10.2628 4
10.2693 21
10.2693 4
10.2758 20
10.2758 4
10.2823 19
10.2823 4
10.2888 18
10.2888 4
10.2953 17
10.2953 4
10.3018 16
10.3018 4
10.3083 15
10.3083 4
10.3148 14
10.3148 4
10.3213 13
10.3213 4
10.3279 12
10.3279 4
10.3344 11
10.3344 4
10.3409 10
10.3409 4
10.3474 9
10.3474 4
10.3539 8
10.3539 4
10.3604 7
10.3604 4
10.3669 6
10.3669 4
10.3734 5
10.3734 4
10.3969 66.4627
10.3969 169.905
10.3969 37.3073
10.3969 4
10.5879 66.4627
10.5879 68.4627
10.6009 69.4523
10.7959 69.386
10.8089 69.328
10.822 69.2769
10.835 69.2327
10.848 69.1941
10.874 69.1637
10.887 69.1333
10.9 69.107
10.9131 69.0836
10.9261 69.0635
10.9391 69.0456
10.9651 71.0304
10.9781 71.0166
10.9912 71.0048
11.0042 70.9945
11.0172 72.9848
11.0302 72.9772
11.0432 72.9703
11.0562 72.9641
11.0693 72.9586
11.0823 72.9544
11.0953 72.9503
11.1083 72.9461
11.1213 72.9434
11.1343 72.9406
11.1474 72.9385
11.1604 72.9358
11.1734 72.9344
11.1864 72.933
11.1994 72.9309
11.2124 72.9302
11.2241 72.8909
11.2346 72.8557
11.245 72.7873
11.2554 74.6982
11.2658 74.6388
11.2762 74.6271
11.2866 74.616
11.297 74.607
11.3074 76.607
11.3179 78.4081
11.3283 78.4068
11.3387 78.4054
11.3491 78.4047
11.3595 80.4047
11.3803 82.2583
11.3907 82.2134
11.4116 84.2134
11.422 86.0338
11.4428 86.0048
11.4736 85.9924
11.4837 85.9599
11.4938 85.9323
11.5039 85.9075
11.5137 85.886
11.5233 85.8674
11.5328 85.8508
11.5424 86.0746
11.5519 86.3757
11.5615 86.6802
11.5705 88.6802
11.5795 90.6802
11.5886 92.6802
11.5976 94.413
11.6067 94.4068
11.6286 49
11.6286 48
11.6286 49
11.6802 48
11.8289 49
11.8301 48
11.8301 49
11.8408 50
11.8473 51
11.8537 50
11.8537 51
11.8602 52
11.873 53
11.8795 54
11.8859 94.4068
11.8859 169.905
11.8859 103.144
11.902 45
12.0314 44
12.0314 45
12.0357 46
12.04 47
12.0443 48
12.0486 49
12.0571 48
12.0571 50
12.0614 51
12.0657 52
12.07 53
12.0743 54
12.0786 55
12.0828 56
12.0871 57
12.0914 58
12.0957 57
12.0957 58
12.1 59
12.1035 60
12.1083 61
12.1131 62
12.118 63
12.1227 64
12.1274 65
12.1321 66
12.1368 67
12.1415 68
12.1462 69
12.151 70
12.1557 71
12.1604 72
12.165 73
12.1696 74
12.1742 75
12.1788 76
12.1834 77
12.188 78
12.1926 79
12.1972 80
12.2018 81
12.2063 82
12.2108 83
12.2152 84
12.2242 85
12.2285 86
12.2329 103.144
12.2329 169.905
12.2329 103.144
12.3186 103.144
12.3272 103.137
12.3358 103.132
12.3443 103.127
12.3529 103.065
12.3958 103.021
12.4129 102.98
12.4558 102.977
12.473 102.947
12.533 102.934
12.6359 47
12.6359 46
12.6359 47
12.6402 48
12.6445 49
12.6487 50
12.653 51
12.6573 52
12.6659 54
12.6702 55
12.6745 56
12.6788 57
12.683 58
12.6873 59
12.6916 60
12.6959 61
12.7002 62
12.7045 63
12.7088 64
12.7131 65
12.7173 66
12.7216 67
12.7259 68
12.7302 69
12.7388 70
12.7431 71
12.7474 70
12.7474 71
12.7517 72
12.7559 73
12.7602 74
12.7645 75
12.7688 76
12.7731 77
12.7774 78
12.7817 79
12.786 80
12.7902 81
12.7945 82
12.7988 83
12.8031 84
12.8074 85
12.8117 86
12.816 87
12.8203 88
12.8245 89
12.8288 90
12.8331 91
12.8374 90
12.8374 91
12.8417 92
12.846 93
12.8503 94
12.8545 95
12.8588 96
12.8631 97
12.8674 98
12.8717 99
12.876 100
12.8803 100.934
12.9274 101.934
12.9317 102.934
12.9403 102.937
12.9531 169.905
12.9531 102.937
13.1461 102.901
13.1529 103.597
13.1598 104.344
13.1667 104.325
13.1735 104.307
13.1804 104.686
13.1872 106.686
13.1941 108.568
13.201 108.495
13.2078 108.494
13.2147 108.493
13.2215 110.493
13.2284 112.394
13.2353 112.394
13.2421 112.393
13.249 112.329
13.2558 114.329
13.2627 116.229
13.2833 116.23
13.2901 118.23
13.297 120.101
13.3176 120.102
13.3244 122.102
13.3313 124.002
13.3988 123.967
13.4246 124.037
13.4308 124.385
13.4371 124.743
13.4433 126.743
13.4495 128.668
13.4557 128.653
13.4619 128.599
13.4679 128.551
13.4739 128.51
13.4799 128.473
13.4859 128.441
13.4919 128.459
13.4977 130.459
13.5035 132.33
13.5238 74
13.5238 73
13.5238 74
13.6578 75
13.6605 76
13.6632 77
13.6659 78
13.6686 79
13.6712 80
13.6739 81
13.6766 82
13.6793 83
13.682 84
13.6847 85
13.6874 86
13.6901 87
13.6928 88
13.6955 89
13.6982 90
13.7009 91
13.7061 93
13.7087 94
13.7139 95
13.7165 96
13.7191 95
13.7191 96
13.7217 97
13.7243 98
13.7255 97
13.7255 98
13.7282 99
13.7325 100
13.7368 101
13.7411 102
13.7454 103
13.7497 104
13.7539 105
13.7582 106
13.7624 107
13.7666 108
13.7708 109
13.775 110
13.7791 111
13.7822 112
13.7853 113
13.7884 114
13.7915 115
13.7945 116
13.7976 117
13.8007 118
13.8037 119
13.8067 120
13.8098 121
13.8128 122
13.8158 123
13.8188 124
13.8218 125
13.8248 126
13.8278 127
13.8308 128
13.8337 129
13.8367 130
13.8397 131
13.8427 132
13.8456 133
13.8486 134
13.8515 135
13.8545 136
13.8574 137
13.8603 138
13.8632 139
13.8662 140
13.8691 141
13.8719 142
13.8748 143
13.8777 144
13.8806 145
13.8835 146
13.8864 147
13.8893 148
13.8922 149
13.8951 150
13.8979 150.894
13.9207 169.905
13.9207 150.894
13.9768 72
13.9768 71
13.9768 72
14.002 71
14.0636 72
14.0664 73
14.0692 74
14.072 75
14.0748 76
14.0776 77
14.0804 78
14.0832 79
14.086 80
14.0888 81
14.0916 82
14.0944 83
14.0972 84
14.1 85
14.1028 86
14.1056 87
14.1084 88
14.114 90
14.1168 91
14.1196 92
14.1224 93
14.1252 94
14.128 95
14.1308 96
14.1336 97
14.1364 98
14.1392 99
14.142 100
14.1448 101
14.1476 102
14.1504 103
14.1532 104
14.156 105
14.1588 106
14.1616 107
14.1644 108
14.1672 109
14.17 110
14.1728 111
14.1756 112
14.1783 111
14.1783 112
14.1811 113
14.1839 114
14.1867 115
14.1895 116
14.1923 117
14.1979 118
14.2007 119
14.2035 150.894
14.2035 169.905
14.2035 150.894
14.2735 152.894
14.8111 154.894
15.0306 154.872
15.0351 154.852
15.0396 156.852
15.044 158.761
15.0485 158.747
15.053 158.644
15.062 160.644
15.0664 162.49
15.0709 162.419
15.0799 162.365
15.0844 164.365
15.0888 166.256
15.0978 166.223
15.1068 168.223
15.1112 170.128
15.1292 172.128
15.1336 174.059
15.1516 176.059
15.156 177.988
15.174 179.988
15.1784 181.919
15.1964 183.919
15.2008 185.848
15.2098 185.794
15.2188 186.746
15.2455 188.746
15.2499 190.695
15.3173 190.73
15.3213 192.73
15.3254 194.681
15.357 196.681
15.3608 198.616
15.3838 200.616
15.3876 202.551
15.4062 204.551
15.4099 206.551
15.4136 208.551
15.4173 210.304
15.421 210.303
15.4246 210.245
15.4356 210.206
15.4466 212.206
15.4502 214.046
15.4574 214.028
15.461 213.987
15.4646 214.254
15.4682 216.254
15.4717 218.202
15.4789 218.182
15.4825 218.152
15.4897 220.152
15.4932 222.01
15.5147 222.523
15.5183 224.523
15.5219 226.478
15.5255 226.455
15.529 226.431
15.5325 226.41
15.536 226.392
15.5395 226.376
15.543 226.361
15.5465 228.361
15.55 230.202
15.5535 230.843
15.5777 232.843
15.5811 234.119
15.6014 132
15.6014 131
15.6014 132
15.6879 133
15.6895 134
15.691 135
15.6926 136
15.6941 137
15.6956 138
15.6972 139
15.6987 140
15.7002 141
15.7017 142
15.7033 143
15.7048 144
15.7063 145
15.7079 146
15.7094 147
15.7109 148
15.7124 149
15.714 150
15.7155 151
15.717 152
15.7185 153
15.7201 154
15.7216 155
15.723 156
15.7245 157
15.726 158
15.7275 159
15.729 160
15.7305 161
15.732 162
15.7335 163
15.735 164
15.7365 165
15.738 166
15.7395 167
15.741 168
15.7425 169
15.744 170
15.7455 171
15.747 172
15.7485 173
15.7499 174
15.7514 175
15.7529 176
15.7543 177
15.7558 178
15.7573 179
15.7587 180
15.7602 181
15.7617 182
15.7631 183
15.7646 184
15.7661 185
15.7675 186
15.769 187
15.7705 188
15.7719 189
15.7734 190
15.7748 191
15.7763 192
15.7778 193
15.7792 194
15.7807 195
15.7821 196
15.7836 197
15.785 198
15.7865 199
15.7879 200
15.7893 201
15.7908 202
15.7922 203
15.7937 204
15.7951 205
15.7966 206
15.798 207
15.7994 208
15.8009 209
15.8023 210
15.8035 234.119
15.8035 169.905
15.8035 170.905
15.8069 172.905
15.8117 174.905
15.8165 176.905
15.8212 178.905
15.826 180.905
15.8307 182.905
15.8354 184.905
15.8401 186.905
15.8448 188.905
15.8495 190.905
15.8542 192.905
15.8589 194.905
15.8635 196.905
15.8681 198.905
15.8728 200.905
15.8762 202.905
15.8797 204.905
15.8831 205.905
15.8848 206.905
15.8865 127
15.8865 126
15.8865 127
15.89 128
15.8917 129
15.8934 130
15.8951 131
15.8968 132
15.8985 133
15.9002 134
15.9019 135
15.9036 136
15.9053 137
15.9069 138
15.9086 139
15.9103 140
15.912 141
15.9137 142
15.9154 143
15.917 144
15.9187 145
15.9204 146
15.922 147
15.9237 148
15.9254 149
15.927 150
15.9287 151
15.9303 152
15.932 153
15.9337 154
15.9353 155
15.937 156
15.9386 157
15.9402 158
15.9419 159
15.9435 160
15.9451 161
15.9468 162
15.9484 163
15.95 164
15.9517 165
15.9533 166
15.9549 167
15.9565 168
15.9582 169
15.9598 170
15.9614 171
15.963 172
15.9662 174
15.9678 175
15.9694 176
15.971 177
15.9726 178
15.9742 179
15.9758 180
15.9774 181
15.979 182
15.9806 183
15.9822 184
15.9838 185
15.9854 186
15.9869 187
15.9885 188
15.9901 189
15.9917 190
15.9932 191
15.9948 192
15.9964 193
15.9979 194
15.9995 195
16.0011 196
16.0026 197
16.0042 198
16.0057 199
16.0073 200
16.0088 201
16.0104 202
16.0119 203
16.0135 204
16.015 205
16.0165 206
16.0181 207
16.0196 208
16.0212 209
16.0227 210
16.0243 211
16.0258 212
16.0274 213
16.0289 214
16.0304 215
16.032 216
16.0335 217
16.0351 218
16.0366 219
16.0382 220
16.0397 221
16.0413 222
16.0428 223
16.0443 224
16.0459 225
16.0474 226
16.049 227
16.0521 229
16.0536 230
16.0552 231
16.0567 232
16.0582 233
16.0598 234
16.0613 235
16.0629 236
16.0644 237
16.066 238
16.0675 239
16.0691 240
16.0706 241
16.0721 242
16.0737 243
16.0752 244
16.0768 245
16.0783 246
16.0799 247
16.0814 248
16.083 249
16.0845 250
16.086 251
16.0876 252
16.0888 169.905
16.0888 170.905
16.0915 172.905
16.0945 174.905
16.0976 176.905
16.1007 178.905
16.1038 180.905
16.1069 182.905
16.11 184.905
16.1131 186.905
16.1162 188.905
16.1193 190.905
16.1223 192.905
16.1254 194.905
16.1285 196.905
16.1316 198.905
16.1347 200.905
16.1378 202.905
16.1409 204.905
16.144 206.905
16.1471 208.905
16.1501 210.905
16.1532 212.905
16.1563 214.905
16.1594 216.905
16.1625 218.905
16.1656 220.905
16.1687 222.905
16.1718 224.905
16.1749 226.905
16.1779 228.905
16.181 230.905
16.1841 232.905
16.1872 234.905
16.1903 236.905
16.1934 238.905
16.1965 240.905
16.1996 242.905
16.2027 244.905
16.2057 246.905
16.2088 248.905
16.2119 250.905
16.215 252.905
16.2181 254.905
16.2212 256.905
16.2243 258.905
16.2274 260.905
16.2305 262.905
16.2335 264.905
16.2366 266.905
16.2397 268.905
16.2428 269.887
16.2799 269.885
16.283 269.884
16.2861 269.883
16.2891 269.882
16.2922 269.881
16.2953 269.88
16.2984 269.879
16.3015 269.878
16.3046 269.878
16.3077 269.877
16.3108 269.876
16.3169 269.876
16.3262 269.875
16.3355 269.874
16.6289 269.874
16.8915 271.874
16.9208 136
16.9208 135
16.9208 136
17.029 135
17.1087 136
17.1099 137
17.1111 138
17.1124 139
17.1136 140
17.1148 141
17.1161 142
17.1173 143
17.1185 144
17.1198 145
17.121 146
17.1222 147
17.1234 146
17.1234 147
17.1246 148
17.1258 149
17.127 150
17.1285 151
17.1301 152
17.1316 153
17.1332 154
17.1347 155
17.1362 156
17.1378 157
17.1393 158
17.1409 159
17.1424 160
17.144 161
17.1455 162
17.1471 163
17.1486 164
17.1501 165
17.1517 166
17.1532 167
17.1548 168
17.1563 169
17.1579 170
17.1594 171
17.161 172
17.1625 173
17.164 174
17.1656 175
17.1671 176
17.1687 177
17.1702 178
17.1718 179
17.1733 180
17.1749 181
17.1764 182
17.1779 183
17.1795 184
17.181 185
17.1826 186
17.1841 187
17.1857 188
17.1872 189
17.1888 190
17.1903 191
17.1918 192
17.1934 193
17.1949 194
17.1965 195
17.198 196
17.1996 197
17.2011 198
17.2027 199
17.2042 200
17.2057 201
17.2073 202
17.2088 203
17.2104 204
17.2119 205
17.2135 206
17.215 207
17.2166 208
17.2181 209
17.2196 210
17.2212 211
17.2227 212
17.2243 213
17.2274 214
17.2289 215
17.2305 271.874
17.2305 169.905
17.2305 170.905
17.2335 172.905
17.2366 174.905
17.2397 176.905
17.2428 178.905
17.2459 180.905
17.249 182.905
17.2521 184.905
17.2552 186.905
17.2583 188.905
17.2613 190.905
17.2644 191.905
17.266 192.905
17.2691 139
17.2691 138
17.2691 139
17.3102 140
17.3114 141
17.3126 142
17.3139 143
17.3151 144
17.3163 145
17.3176 146
17.3188 147
17.32 148
17.3212 149
17.3225 150
17.3237 151
17.3249 152
17.3261 153
17.3281 154
17.3296 155
17.3311 156
17.3326 157
17.3341 158
17.3356 159
17.3371 160
17.3386 161
17.3401 162
17.3416 163
17.3431 164
17.3446 165
17.3461 166
17.3477 167
17.3492 168
17.3507 169
17.3522 170
17.3537 171
17.3552 172
17.3567 173
17.3582 174
17.3597 175
17.3612 176
17.3627 177
17.3642 178
17.3657 179
17.3672 180
17.3687 181
17.3702 182
17.3717 183
17.3732 184
17.3747 185
17.3762 186
17.3777 187
17.3792 188
17.3807 189
17.3822 190
17.3838 191
17.3853 192
17.3868 193
17.3883 194
17.3898 195
17.3913 196
17.3928 197
17.3943 198
17.3958 199
17.3973 200
17.3988 201
17.4003 202
17.4018 203
17.4033 204
17.4048 205
17.4063 206
17.4078 207
17.4093 208
17.4108 209
17.4123 210
17.4138 211
17.4153 212
17.4168 213
17.4183 214
17.4198 215
17.4214 216
17.4229 217
17.4244 218
17.4259 219
17.4274 220
17.4289 221
17.4304 222
17.4319 223
17.4334 224
17.4349 225
17.4364 226
17.4379 227
17.4394 228
17.4409 229
17.4424 230
17.4439 231
17.4454 232
17.4469 233
17.4484 234
17.4499 235
17.4514 236
17.4529 237
17.4544 238
17.4559 239
17.4574 240
17.459 241
17.4605 242
17.462 243
17.4635 244
17.465 245
17.4665 246
17.468 247
17.4695 248
17.4707 169.905
17.4707 170.905
17.4733 172.905
17.4763 174.905
17.4793 176.905
17.4823 178.905
17.4853 180.905
17.4884 182.905
17.4914 184.905
17.4944 186.905
17.4989 188.905
17.5004 189.905
17.5019 136
17.5019 135
17.5019 136
17.5124 137
17.5139 138
17.5154 139
17.5169 140
17.5184 141
17.5199 142
17.5214 143
17.5229 144
17.526 146
17.5275 147
17.529 148
17.5305 149
17.532 150
17.5335 151
17.535 152
17.5365 153
17.538 154
17.5395 155
17.541 156
17.5425 157
17.544 158
17.5455 159
17.547 160
17.5485 161
17.55 162
17.5515 163
17.553 164
17.556 166
17.5575 167
17.559 168
17.5605 169
17.5621 170
17.5636 171
17.5651 172
17.5666 173
17.5681 174
17.5696 175
17.5711 176
17.5726 177
17.5741 178
17.5756 179
17.5771 180
17.5786 181
17.5801 182
17.5816 183
17.5831 184
17.5846 185
17.5861 186
17.5876 187
17.5891 188
17.5906 189
17.5921 190
17.5936 191
17.5951 192
17.5966 193
17.5981 194
17.5997 195
17.6012 196
17.6027 197
17.6042 198
17.6057 199
17.6072 200
17.6087 201
17.6102 202
17.6117 203
17.6147 204
17.6162 205
17.6177 204
17.6177 205
17.6192 206
17.6207 207
17.6222 208
17.6237 209
17.6252 210
17.6267 211
17.6282 212
17.6297 213
17.6312 214
17.6327 215
17.6342 216
17.6357 217
17.6387 218
17.6401 219
17.6416 218
17.6416 219
17.6431 220
17.6446 221
17.6461 222
17.6475 223
17.649 224
17.6505 225
17.652 226
17.6535 227
17.655 228
17.6564 229
17.6579 230
17.6609 231
17.6624 232
17.6638 231
17.6638 232
17.6653 233
17.6668 234
17.6683 235
17.6698 236
17.6712 237
17.6727 238
17.6742 239
17.6756 240
17.6771 241
17.6786 242
17.68 243
17.6815 244
17.6829 245
17.6844 246
17.6859 247
17.6873 248
17.6888 249
17.6902 250
17.6917 251
17.6932 252
17.6946 253
17.6961 254
17.6975 255
17.699 256
17.7005 257
17.7019 258
17.7034 259
17.7046 258
17.7046 259
17.7058 260
17.707 261
17.7082 262
17.7094 263
17.7109 264
17.7124 265
17.7139 266
17.7154 267
17.7169 268
17.7183 269
17.7198 270
17.7212 271
17.7227 272
17.7242 273
17.7256 274
17.7271 275
17.7285 276
17.73 277
17.7315 278
17.7329 279
17.7344 280
17.7358 281
17.7373 282
17.7388 283
17.7417 283.003
17.8205 282.003
17.8205 283.003
17.8439 282.003
17.8439 283.003
17.8658 169.905
17.8658 170.905
17.8687 172.905
17.8731 174.905
17.8746 175.905
17.8775 139
17.8775 138
17.8775 139
17.9155 140
17.9169 141
17.9184 142
17.9198 143
17.9213 144
17.9228 145
17.9242 146
17.9257 147
17.9271 148
17.9286 149
17.9301 150
17.9315 151
17.933 152
17.9344 153
17.9359 154
17.9374 155
17.9388 156
17.9403 157
17.9417 158
17.9432 159
17.9447 160
17.9461 161
17.9476 162
17.9491 163
17.9505 164
17.952 165
17.9534 166
17.9549 167
17.9564 168
17.9578 169
17.9593 170
17.9607 171
17.9622 172
17.9637 173
17.9651 174
17.9666 175
17.968 176
17.971 178
17.9724 179
17.9739 180
17.9753 181
17.9768 182
17.9783 183
17.9797 184
17.9812 185
17.9826 186
17.9841 187
17.9856 188
17.987 189
17.9885 190
17.9899 191
17.9914 192
17.9929 193
17.9943 194
17.9958 195
17.9972 196
17.9987 197
18.0002 198
18.0016 199
18.0031 200
18.0045 201
18.006 202
18.0075 203
18.0089 204
18.0104 205
18.0118 206
18.0133 207
18.0148 208
18.0162 209
18.0177 210
18.0192 211
18.0206 212
18.0221 213
18.0235 214
18.025 215
18.0265 216
18.0279 217
18.0294 218
18.0308 219
18.0323 220
18.0338 221
18.0352 222
18.0367 223
18.0381 224
18.0396 225
18.0411 226
18.0425 227
18.044 228
18.0454 229
18.0469 230
18.0484 231
18.0498 232
18.0513 233
18.0527 234
18.0542 235
18.0557 236
18.0571 237
18.0586 238
18.06 239
18.0615 240
18.063 241
18.0644 242
18.0659 243
18.0673 244
18.0688 245
18.0703 246
18.0717 247
18.0732 248
18.0746 249
18.0761 250
18.0776 251
18.079 169.905
18.079 170.905
18.0814 172.905
18.0838 174.905
18.0863 176.905
18.0892 178.905
18.0922 180.905
18.0951 182.905
18.098 184.905
18.1009 186.905
18.1038 188.905
18.1068 190.905
18.1097 192.905
18.1126 194.905
18.1155 196.905
18.1185 198.905
18.1214 200.905
18.1243 202.905
18.1272 204.905
18.1301 206.905
18.1331 208.905
18.136 210.905
18.1389 212.905
18.1418 214.905
18.1447 216.905
18.1477 218.905
18.1506 220.905
18.1535 222.905
18.1564 224.905
18.1593 226.905
18.1623 228.905
18.1652 230.905
18.1681 232.905
18.171 234.905
18.1739 236.905
18.1769 238.905
18.1798 240.905
18.1827 242.905
18.1856 244.905
18.1886 246.905
18.1915 248.905
18.1944 250.905
18.1973 252.905
18.2002 254.905
18.2032 256.905
18.2061 258.905
18.209 260.905
18.2119 262.905
18.2148 264.905
18.2178 266.905
18.2207 268.905
18.2236 270.905
18.2265 272.905
18.2294 274.905
18.2324 276.905
18.2353 278.905
18.2382 280.905
18.2411 282.838
18.247 282.811
18.2528 284.811
18.3492 286.811
18.358 286.81
18.4032 148
18.4032 147
18.4032 148
18.4339 147
18.4806 146
18.5215 147
18.523 148
18.5245 149
18.5259 150
18.5274 151
18.5288 152
18.5303 153
18.5332 155
18.5347 156
18.5361 157
18.5376 158
18.5391 159
18.5405 160
18.542 161
18.5434 162
18.5449 163
18.5464 164
18.5478 165
18.5493 166
18.5507 167
18.5519 168
18.5532 169
18.5544 170
18.5556 171
18.5568 172
18.558 173
18.5592 174
18.5616 176
18.5628 177
18.564 178
18.5652 179
18.5664 180
18.5676 181
18.5688 182
18.57 183
18.5712 184
18.5724 185
18.5736 186
18.5748 187
18.576 188
18.5772 189
18.5796 190
18.5808 191
18.582 190
18.582 191
18.5832 192
18.5844 193
18.5856 194
18.5868 195
18.588 196
18.5892 197
18.5904 198
18.5916 199
18.5928 200
18.594 201
18.5952 202
18.5964 203
18.5976 204
18.5988 205
18.6 206
18.6012 207
18.6024 208
18.6036 209
18.6048 210
18.606 211
18.6072 210
18.6072 211
18.6084 212
18.6108 214
18.612 215
18.6132 216
18.6144 217
18.6156 218
18.6168 219
18.618 220
18.6194 221
18.6208 222
18.6237 223
18.6252 224
18.6267 223
18.6267 224
18.6281 225
18.6296 226
18.6325 227
18.634 228
18.6354 227
18.6354 228
18.6369 229
18.6383 230
18.6398 231
18.6413 232
18.6427 233
18.6442 234
18.6456 235
18.6471 236
18.6486 237
18.65 238
18.6515 239
18.653 240
18.6544 241
18.6559 242
18.6573 243
18.6588 244
18.6603 245
18.6617 246
18.6632 247
18.6646 248
18.6661 249
18.6676 250
18.669 251
18.6705 252
18.6719 253
18.6734 254
18.6749 255
18.6763 256
18.6792 257
18.6807 258
18.6822 257
18.6822 258
18.6836 259
18.6851 260
18.6865 261
18.688 262
18.6895 263
18.6909 264
18.6924 265
18.6938 266
18.6953 267
18.6968 268
18.6982 269
18.6997 270
18.7011 271
18.7026 272
18.7041 273
18.7055 274
18.7084 275
18.7096 276
18.7108 277
18.7121 278
18.7133 279
18.7145 280
18.7157 281
18.7172 282
18.7187 283
18.7201 284
18.7216 285
18.723 286
18.7243 287
18.7255 288
18.7267 289
18.7279 290
18.7291 291
18.7303 292
18.7315 293
18.7327 294
18.7339 295
18.7351 296
18.7363 297
18.7375 298
18.7387 299
18.7399 299.735
18.7411 300.108
18.7423 301.108
18.7435 302.102
18.7483 303.102
18.7495 303.852
18.7543 304.852
18.7555 305.601
18.7639 305.803
18.7843 306.207
18.7855 169.905
18.7855 170.905
18.7867 171.905
18.7879 172.905
18.7896 142
18.8294 141
18.8294 143
18.8322 144
18.835 145
18.8378 146
18.8406 147
18.8434 148
18.8462 149
18.849 150
18.8518 151
18.8546 152
18.8574 153
18.8602 154
18.863 155
18.8657 156
18.8685 157
18.8713 158
18.8741 159
18.8769 160
18.8797 161
18.8825 162
18.8853 163
18.8881 164
18.8909 165
18.8937 166
18.8965 167
18.8993 168
18.9021 169
18.9049 170
18.9077 171
18.9105 172
18.9133 173
18.9161 174
18.9189 175
18.9217 176
18.9245 178
18.9273 180
18.9301 182
18.9329 184
18.9357 186
18.9385 188
18.9413 190
18.944 192
18.9468 194
18.9495 196
18.9523 198
18.955 200
18.9577 202
18.9605 204
18.9632 206
18.9659 208
18.9686 210
18.9713 212
18.974 214
18.9768 216
18.9795 218
18.9822 220
18.9849 222
18.9876 224
18.9903 169.905
18.9903 171.905
18.993 173.905
18.9969 175.905
19.0007 177.905
19.0046 179.905
19.0084 181.905
19.0112 183.905
19.014 185.905
19.0168 187.905
19.0197 189.905
19.0225 191.905
19.0253 193.905
19.0281 195.905
19.0308 197.905
19.0336 199.905
19.0364 201.905
19.0388 203.905
19.0412 205.905
19.0436 207.905
19.046 209.905
19.0496 211.905
19.0508 212.905
19.052 183
19.052 182
19.052 183
19.1049 182
19.1529 183
19.1541 184
19.1553 185
19.1565 186
19.1577 187
19.1589 188
19.1601 189
19.1613 190
19.1625 191
19.1637 192
19.1649 193
19.1661 194
19.1673 195
19.1686 196
19.1698 197
19.171 198
19.1722 199
19.1734 200
19.1746 201
19.1758 202
19.177 203
19.1782 204
19.1794 205
19.1806 206
19.1818 207
19.183 208
19.1842 209
19.1854 210
19.1866 211
19.1878 212
19.189 213
19.1902 214
19.1914 215
19.1926 216
19.1938 217
19.195 218
19.1962 219
19.1974 220
19.1986 221
19.1998 222
19.201 223
19.2022 224
19.2034 225
19.2046 226
19.2058 227
19.207 228
19.2082 229
19.2094 230
19.2106 231
19.2118 232
19.2142 233
19.2154 234
19.2166 233
19.2166 234
19.2178 235
19.219 236
19.2202 237
19.2214 238
19.2226 239
19.2238 240
19.225 241
19.2262 242
19.2274 243
19.2286 244
19.2298 245
19.231 246
19.2322 247
19.2334 248
19.2346 249
19.2358 250
19.237 251
19.2383 252
19.2395 253
19.2407 254
19.2419 255
19.2431 256
19.2443 257
19.2455 258
19.2467 259
19.2479 260
19.2491 261
19.2503 262
19.2515 263
19.2527 264
19.2539 265
19.2563 267
19.2575 268
19.2587 269
19.2599 270
19.2611 271
19.2623 272
19.2635 273
19.2647 274
19.2659 275
19.2671 276
19.2683 277
19.2695 278
19.2707 279
19.2719 278
19.2719 279
19.2731 280
19.2743 281
19.2755 282
19.2767 283
19.2779 284
19.2791 285
19.2803 286
19.2815 287
19.2827 288
19.2839 289
19.2851 290
19.2863 291
19.2875 292
19.2887 293
19.2899 294
19.2911 295
19.2923 296
19.2935 297
19.2947 298
19.2959 299
19.2971 300
19.2983 301
19.2995 302
19.3007 303
19.3019 304
19.3031 305
19.3043 306
19.3055 307
19.3067 308
19.3079 309
19.3091 310
19.3103 311
19.3115 312
19.3127 313
19.3139 314
19.3151 315
19.3163 316
19.3175 317
19.3188 318
19.3199 317
19.3199 318
19.3211 319
19.3223 320
19.3235 321
19.3248 322
19.326 323
19.3272 324
19.3284 325
19.3296 326
19.3308 327
19.332 328
19.3332 329
19.3344 330
19.3356 331
19.3368 332
19.338 333
19.3392 334
19.3404 335
19.3416 336
19.3428 337
19.344 338
19.3452 339
19.3464 340
19.3476 340.72
19.3668 339.72
19.3668 340.72
19.4209 169.905
19.4209 170.905
19.4221 171.905
19.4233 172.905
19.4245 167
19.5661 170
19.5673 171
19.5685 170
19.5685 171
19.5709 173
19.5733 175
19.5758 177
19.5782 179
19.5806 181
19.5831 183
19.5855 185
19.5879 187
19.5904 189
19.5928 191
19.5952 193
19.5976 195
19.6001 197
19.6025 199
19.6049 201
19.6074 203
19.6098 205
19.6122 207
19.6147 209
19.6171 211
19.6195 213
19.622 215
19.6244 217
19.6268 169.905
19.6268 171.905
19.6292 173.905
19.6316 175.905
19.634 177.905
19.6364 179.905
19.6388 181.905
19.6412 183.905
19.6436 185.905
19.646 187.905
19.6484 189.905
19.6508 191.905
19.6532 193.905
19.6556 195.905
19.658 197.905
19.6604 199.905
19.6628 201.905
19.6652 203.905
19.6677 205.905
19.6701 207.905
19.6725 209.905
19.6749 211.905
19.6773 213.905
19.6797 215.905
19.6821 217.905
19.6845 219.905
19.6869 221.905
19.6893 223.905
19.6917 225.905
19.6941 227.905
19.6965 229.905
19.6989 231.905
19.7013 233.905
19.7037 235.905
19.7062 237.905
19.7086 239.905
19.711 241.905
19.7134 243.905
19.7159 245.905
19.7195 247.905
19.7207 248.905
19.722 179
19.722 178
19.722 179
19.7676 180
19.7688 181
19.77 182
19.7712 183
19.7724 184
19.7736 185
19.7748 186
19.776 187
19.7772 188
19.7784 189
19.7796 190
19.7808 191
19.7832 192
19.7844 193
19.7856 192
19.7856 193
19.7868 194
19.788 195
19.7892 196
19.7904 197
19.7916 198
19.7928 199
19.794 200
19.7952 201
19.7964 202
19.7976 203
19.8 205
19.8012 206
19.8024 207
19.8036 208
19.8048 209
19.806 210
19.8072 211
19.8084 212
19.8096 213
19.8109 214
19.8121 215
19.8133 216
19.8145 217
19.8157 218
19.8169 219
19.8181 220
19.8193 221
19.8205 222
19.8229 224
19.8241 225
19.8253 226
19.8265 227
19.8277 228
19.8289 229
19.8301 230
19.8313 231
19.8325 232
19.8337 233
19.8349 234
19.8361 235
19.8373 236
19.8385 237
19.8409 238
19.8421 239
19.8433 238
19.8433 239
19.8445 240
19.8457 241
19.8469 242
19.8481 243
19.8493 244
19.8505 245
19.8517 246
19.8529 247
19.8541 248
19.8553 249
19.8565 250
19.8577 251
19.8601 253
19.8613 254
19.8625 255
19.8637 256
19.8649 257
19.8673 258
19.8685 259
19.8697 258
19.8697 259
19.8709 260
19.8721 261
19.8733 262
19.8745 263
19.8757 264
19.8769 265
19.8781 266
19.8794 267
19.8806 268
19.8818 269
19.883 270
19.8842 271
19.8854 272
19.8866 273
19.8878 274
19.889 275
19.8902 276
19.8914 277
19.8926 278
19.8938 279
19.895 280
19.8962 281
19.8974 282
19.8986 283
19.8998 284
19.901 285
19.9022 286
19.9034 287
19.9046 288
19.9058 289
19.907 290
19.9082 291
19.9094 292
19.9106 293
19.9118 294
19.913 295
19.9142 296
19.9154 297
19.9166 298
19.9178 299
19.919 300
19.9202 301
19.9214 302
19.9226 303
19.9238 304
19.925 305
19.9262 306
19.9274 307
19.9286 308
19.931 310
19.9322 311
19.9334 312
19.9346 313
19.9358 314
19.937 315
19.9382 316
19.9394 315
19.9394 316
19.9406 317
19.9418 318
19.943 319
19.9442 320
19.9454 321
19.9466 322
19.9478 323
19.949 324
19.9502 325
19.9514 326
19.9526 327
19.9538 328
19.9551 329
19.9563 330
19.9575 331
19.9587 332
19.9599 333
19.9611 334
19.9623 335
19.9635 336
19.9647 337
19.9659 338
19.9671 339
19.9683 340
19.9695 341
19.9707 341.617
20.0007 340.617
20.0007 341.617
20.0283 339.617
20.0548 338.617
20.0548 339.617
20.062 338.617
20.062 339.617
20.0812 339.74
20.0824 340.74
20.0836 341.555
20.0944 341.574
20.0956 169.905
20.0956 170.905
20.0968 171.905
20.098 172.905
20.0992 202
20.1533 201
20.235 202
20.2362 203
20.2374 204
20.2386 205
20.2398 206
20.241 207
20.2422 208
20.2434 209
20.2446 210
20.2458 211
20.247 212
20.2482 213
20.2494 214
20.2506 215
20.2518 216
20.253 217
20.2542 218
20.2554 219
20.2566 220
20.2578 221
20.259 222
20.2602 223
20.2615 224
20.2627 225
20.2639 226
20.2651 227
20.2663 228
20.2675 229
20.2687 230
20.2699 231
20.2711 232
20.2723 233
20.2735 234
20.2747 235
20.2759 236
20.2771 237
20.2783 238
20.2795 239
20.2807 240
20.2819 241
20.2831 242
20.2843 243
20.2855 244
20.2867 245
20.2879 246
20.2891 247
20.2903 248
20.2915 249
20.2927 250
20.2939 251
20.2951 252
20.2963 253
20.2987 255
20.2999 256
20.3011 257
20.3023 258
20.3035 259
20.3047 260
20.3059 261
20.3071 262
20.3083 263
20.3095 264
20.3107 263
20.3107 264
20.3119 265
20.3131 266
20.3143 267
20.3155 268
20.3167 269
20.3179 270
20.3191 271
20.3203 272
20.3215 273
20.3227 274
20.3239 275
20.3251 276
20.3263 277
20.3275 278
20.3287 279
20.3299 280
20.3311 281
20.3323 282
20.3335 283
20.3347 284
20.3359 285
20.3371 286
20.3383 287
20.3395 288
20.3407 289
20.342 290
20.3432 291
20.3444 292
20.3456 293
20.3468 294
20.348 295
20.3492 296
20.3504 297
20.3516 298
20.3528 299
20.354 300
20.3552 301
20.3564 302
20.3576 303
20.3588 304
20.36 305
20.3612 306
20.3624 307
20.3636 308
20.3648 309
20.366 310
20.3672 311
20.3684 312
20.3696 313
20.3708 314
20.372 315
20.3732 316
20.3744 317
20.3756 318
20.3768 319
20.378 320
20.3792 321
20.3804 322
20.3816 323
20.3828 169.905
20.3828 170.905
20.3852 172.905
20.3876 174.905
20.39 176.905
20.3924 178.905
20.3948 180.905
20.3972 182.905
20.3996 184.905
20.402 186.905
20.4056 188.905
20.4068 189.905
20.408 171
20.408 170
20.408 171
20.4441 170
20.4441 171
20.4453 172
20.4465 173
20.4477 174
20.4489 175
20.4501 176
20.4513 177
20.4525 178
20.4537 179
20.4549 180
20.4561 181
20.4573 182
20.4585 183
20.4597 184
20.4609 185
20.4621 186
20.4633 187
20.4645 188
20.4657 189
20.4669 190
20.4681 191
20.4693 192
20.4705 193
20.4717 194
20.4729 195
20.4741 196
20.4753 197
20.4765 198
20.4777 199
20.4789 200
20.4801 201
20.4813 202
20.4837 204
20.4849 205
20.4862 206
20.4874 207
20.4886 208
20.4898 209
20.491 210
20.4922 211
20.4934 212
20.4946 213
20.4958 214
20.497 215
20.4982 216
20.4994 217
20.5006 218
20.5018 219
20.503 220
20.5042 221
20.5054 222
20.5066 223
20.5078 224
20.509 225
20.5102 226
20.5114 227
20.5126 228
20.5138 229
20.515 230
20.5162 231
20.5174 232
20.5186 233
20.5198 234
20.521 235
20.5222 236
20.5234 237
20.5246 238
20.5258 239
20.527 240
20.5282 241
20.5294 242
20.5306 243
20.5318 244
20.533 245
20.5342 246
20.5354 247
20.5366 248
20.5378 249
20.539 250
20.5402 251
20.5414 252
20.5426 253
20.5438 254
20.545 255
20.5462 256
20.5474 257
20.5486 258
20.5498 259
20.551 260
20.5522 261
20.5534 262
20.5546 263
20.5558 264
20.557 265
20.5582 266
20.5594 267
20.5606 268
20.5619 269
20.5631 270
20.5655 272
20.5667 273
20.5679 274
20.5691 275
20.5703 276
20.5715 277
20.5727 278
20.5739 279
20.5751 280
20.5763 281
20.5775 282
20.5787 283
20.5799 284
20.5811 285
20.5823 286
20.5835 287
20.5847 288
20.5859 289
20.5871 290
20.5883 291
20.5895 292
20.5907 293
20.5919 294
20.5931 295
20.5943 296
20.5955 297
20.5967 298
20.5979 299
20.5991 300
20.6003 301
20.6015 302
20.6027 303
20.6039 304
20.6051 305
20.6063 306
20.6075 307
20.6087 308
20.6111 310
20.6123 311
20.6135 310
20.6135 311
20.6147 312
20.6159 313
20.6171 314
20.6183 315
20.6195 316
20.6207 317
20.6219 318
20.6231 319
20.6243 320
20.6255 321
20.6267 322
20.6279 323
20.6291 324
20.6303 325
20.6315 326
20.6327 327
20.6339 328
20.6351 329
20.6363 330
20.6375 331
20.6387 332
20.6399 333
20.6411 334
20.6424 335
20.6436 336
20.6448 337
20.646 338
20.6472 339
20.6484 169.905
20.6484 170.905
20.6508 172.905
20.6532 174.905
20.6556 176.905
20.658 178.905
20.6604 180.905
20.6628 182.905
20.6652 184.905
20.6676 186.905
20.67 188.905
20.6724 190.905
20.6748 192.905
20.6772 194.905
20.6796 196.905
20.682 198.905
20.6844 200.905
20.6868 202.905
20.6892 204.905
20.6916 206.905
20.694 208.905
20.6964 210.905
20.6988 212.905
20.7012 214.905
20.7036 216.905
20.706 218.905
20.7084 220.905
20.7108 222.905
20.7132 224.905
20.7156 226.905
20.718 228.905
20.7204 230.905
20.7229 232.905
20.7253 234.905
20.7277 236.905
20.7301 238.905
20.7325 240.905
20.7349 242.905
20.7373 244.905
20.7397 246.905
20.7421 248.905
20.7445 250.905
20.7469 252.905
20.7493 254.905
20.7517 256.905
20.7541 258.905
20.7565 260.905
20.7601 262.905
20.7613 263.905
20.7625 169
20.7625 168
20.7625 169
20.8526 170
20.8538 171
20.855 172
20.8562 173
20.8574 174
20.8586 175
20.8598 176
20.861 177
20.8622 178
20.8634 179
20.8646 180
20.8658 181
20.8671 182
20.8683 183
20.8695 184
20.8707 185
20.8719 186
20.8743 188
20.8755 189
20.8767 190
20.8779 191
20.8791 192
20.8803 193
20.8815 194
20.8827 195
20.8839 196
20.8851 197
20.8863 198
20.8875 199
20.8887 200
20.8899 201
20.8911 202
20.8923 203
20.8935 204
20.8947 205
20.8959 206
20.8971 207
20.8995 209
20.9007 210
20.9019 211
20.9031 212
20.9043 213
20.9055 214
20.9067 215
20.9079 216
20.9091 217
20.9103 218
20.9115 219
20.9127 220
20.9139 221
20.9151 222
20.9163 223
20.9175 224
20.9187 225
20.9199 226
20.9211 227
20.9223 228
20.9235 229
20.9247 230
20.9259 231
20.9271 232
20.9283 233
20.9295 234
20.9307 235
20.9319 236
20.9331 237
20.9343 238
20.9355 239
20.9367 240
20.9379 241
20.9391 242
20.9403 243
20.9415 244
20.9428 245
20.944 246
20.9452 247
20.9464 248
20.9476 249
20.9488 250
20.95 251
20.9512 252
20.9524 253
20.9536 254
20.9548 255
20.956 256
20.9572 257
20.9584 258
20.9596 259
20.9608 260
20.962 261
20.9632 262
20.9644 263
20.9656 263.905
20.9656 169.905
20.9656 170.905
20.968 172.905
20.9704 174.905
20.9728 176.905
20.9752 178.905
20.9776 180.905
20.98 182.905
20.9824 184.905
20.9848 186.905
20.9872 188.905
20.9896 190.905
20.992 192.905
20.9944 194.905
20.9968 196.905
20.9992 198.905
21.0016 200.905
21.004 202.905
21.0064 204.905
21.0088 206.905
21.0112 208.905
21.0136 210.905
21.016 212.905
21.0208 216.905
21.0233 218.905
21.0257 220.905
21.0281 222.905
21.0305 224.905
21.0329 226.905
21.0353 228.905
21.0377 230.905
21.0401 232.905
21.0425 234.905
21.0449 236.905
21.0473 238.905
21.0497 240.905
21.0521 242.905
21.0545 244.905
21.0569 246.905
21.0593 248.905
21.0617 250.905
21.0641 252.905
21.0665 254.905
21.0689 256.905
21.0713 258.905
21.0737 260.905
21.0761 262.905
21.0785 264.905
21.081 266.905
21.0834 268.905
21.0858 270.905
21.0882 272.905
21.0906 274.905
21.093 276.905
21.0954 278.905
21.0979 280.905
21.1003 282.905
21.1027 284.905
21.1051 286.905
21.1075 288.905
21.1099 290.905
21.1124 292.905
21.1148 294.905
21.1172 296.905
21.1196 298.905
21.122 299.905
21.1232 300.905
21.1244 167
21.1244 166
21.1244 167
21.1389 166
21.2295 165
21.2561 166
21.2573 167
21.2585 168
21.2597 169
21.2609 170
21.2621 171
21.2633 172
21.2645 173
21.2657 174
21.2669 175
21.2682 176
21.2694 177
21.2706 178
21.2718 179
21.273 180
21.2742 181
21.2754 182
21.2766 183
21.2778 184
21.279 185
21.2802 186
21.2814 187
21.2826 188
21.2839 189
21.2851 190
21.2863 191
21.2875 192
21.2887 193
21.2899 194
21.2911 195
21.2923 196
21.2935 197
21.2947 198
21.2959 199
21.2971 200
21.2983 201
21.2996 202
21.3008 203
21.302 204
21.3032 205
21.3044 206
21.3056 207
21.3068 208
21.308 209
21.3092 210
21.3104 211
21.3116 212
21.3128 213
21.314 214
21.3153 215
21.3165 216
21.3177 217
21.3189 218
21.3201 219
21.3213 220
21.3225 221
21.3237 222
21.3249 223
21.3261 222
21.3261 223
21.3273 224
21.3285 225
21.3297 226
21.3309 227
21.3321 228
21.3333 229
21.3345 230
21.3357 231
21.338 232
21.3392 233
21.3417 234
21.3429 235
21.3441 236
21.3453 237
21.3465 238
21.3477 239
21.3489 240
21.3501 241
21.3513 242
21.3525 243
21.3537 244
21.3549 245
21.3561 246
21.3574 247
21.3586 248
21.3598 249
21.361 250
21.3622 251
21.3634 252
21.3646 253
21.3658 254
21.367 255
21.3682 256
21.3694 257
21.3706 258
21.3718 259
21.3731 260
21.3743 261
21.3755 262
21.3767 263
21.3779 264
21.3791 265
21.3815 267
21.3839 268
21.3851 269
21.3863 270
21.3875 271
21.3887 272
21.39 273
21.3924 274
21.3948 275
21.396 274
21.396 275
21.3972 274
21.3972 275
21.3984 276
21.3996 277
21.4008 278
21.402 279
21.4045 280
21.4057 281
21.4069 280
21.4069 281
21.4081 282
21.4093 283
21.4105 284
21.4117 285
21.4129 286
21.4141 287
21.4153 288
21.4165 289
21.4177 290
21.4189 291
21.4202 292
21.4214 293
21.4226 294
21.4238 295
21.425 296
21.4262 297
21.4274 298
21.4286 299
21.4298 300
21.431 299
21.431 300
21.4322 301
21.4334 302
21.4347 303
21.4359 304
21.4371 305
21.4383 306
21.4395 307
21.4407 308
21.4419 309
21.4431 310
21.4443 311
21.4455 312
21.4467 313
21.4479 314
21.4491 315
21.4504 316
21.4516 317
21.4528 318
21.454 319
21.4552 320
21.4564 321
21.4576 322
21.4588 323
21.46 324
21.4612 325
21.4624 326
21.4636 327
21.4648 328
21.4661 329
21.4673 330
21.4685 331
21.4697 332
21.4709 333
21.4721 334
21.4733 335
21.4745 336
21.4757 337
21.4769 338
21.4781 339
21.4793 340
21.4805 341
21.4817 342
21.483 343
21.4842 344
21.4854 344.613
21.4999 343.613
21.4999 344.613
21.5168 343.613
21.5168 344.613
21.5977 343.613
21.5977 344.613
21.5989 343.613
21.5989 344.613
21.6085 343.613
21.6085 344.613
21.6375 343.613
21.6375 344.613
21.6544 342.613
21.6917 341.613
21.6917 342.613
21.7145 341.613
21.7145 342.613
21.7349 341.613
21.7349 342.613
21.7433 341.613
21.7433 342.613
21.8851 341.613
21.8851 342.613
21.9152 341.613
21.9152 342.613
21.9344 341.613
21.9344 342.613
21.9728 341.613
21.9728 342.613
22.1177 341.613
22.1177 342.613
22.2348 341.613
22.2348 342.613
22.2843 341.613
22.2843 342.613
22.3169 342.317
22.3261 1
22.3266 2
22.3266 4
22.3278 5
22.329 6
22.3302 7
22.3314 8
22.3326 9
22.3338 10
22.335 11
22.3362 12
22.3375 13
22.3387 14
22.3399 15
22.3411 16
22.3423 3.0221
22.3423 4
22.3435 3.0442
22.3435 4
22.3447 3.06699
22.3447 4
22.3459 3.08978
22.3459 4
22.3471 3.11257
22.3471 4
22.3483 3.13467
22.3483 4
22.3495 3.15746
22.3495 4
22.3507 3.18025
22.3507 4
22.3519 3.20304
22.3519 4
22.3532 3.22514
22.3532 4
22.3544 3.24793
22.3544 4
22.3556 3.27072
22.3556 4
22.3568 3.29351
22.3568 4
22.358 3.31561
22.358 4
22.3592 3.3384
22.3592 4
22.3616 3.36119
22.3616 4
22.3628 3.38398
22.3628 4
22.364 3.40608
22.364 4
22.3652 3.42956
22.3652 4
22.3664 3.45166
22.3664 4
22.3676 3.47445
22.3676 4
22.3689 3.49655
22.3689 4
22.3701 3.52003
22.3701 4
22.3713 3.54213
22.3713 4
22.3725 3.56492
22.3725 4
22.3737 3.58702
22.3737 4
22.3761 3.60981
22.3761 4
22.3773 3.6326
22.3773 4
22.3785 3.6547
22.3785 4
22.3797 3.67749
22.3797 4
22.3809 3.70028
22.3809 4
22.3821 3.72307
22.3821 4
22.3833 3.74517
22.3833 4
22.3846 3.76865
22.3846 4
22.3858 3.79075
22.3858 4
22.387 3.81354
22.387 4
22.3882 3.83564
22.3882 4
22.3894 3.85912
22.3894 4
22.3906 3.88122
22.3906 4
22.3918 3.90401
22.3918 4
22.393 3.9261
22.393 4
22.3942 3.94959
22.3942 4
22.3954 3.97169
22.3954 4
22.3966 3.99448
22.3966 4
22.399 4.04006
22.4003 4.06215
22.4015 4.08494
22.4027 4.10773
22.4039 4.13052
22.4051 4.15262
22.4063 4.17541
22.4075 4.1982
22.4087 4.2203
22.4099 4.24309
22.4111 4.26519
22.4123 4.28867
22.4135 4.31077
22.4147 4.33356
22.4159 4.35566
22.4172 4.37914
22.4184 4.40124
22.4196 4.42403
22.4208 4.44682
22.422 4.46961
22.4232 4.49171
22.4244 4.5145
22.4256 4.53729
22.4268 4.56008
22.428 4.58218
22.4292 4.60497
22.4304 4.62776
22.4316 4.65055
22.4329 4.67265
22.4341 4.69544
22.4353 4.71823
22.4365 4.74102
22.4377 4.76312
22.4389 4.78591
22.4401 4.8087
22.4413 4.8308
22.4425 4.85359
22.4437 4.87638
22.4449 4.89917
22.4461 4.92127
22.4473 4.94406
22.4486 4.96685
22.4498 4.98964
22.451 5.01174
22.4522 5.03453
22.4534 5.05732
22.4546 5.08011
22.4558 5.10221
22.457 5.12569
22.4582 5.14779
22.4594 5.17058
22.4606 5.19268
22.4618 5.21616
22.463 5.23826
22.4643 5.26105
22.4655 5.28315
22.4667 5.30663
22.4679 5.32873
22.4691 5.35152
22.4703 5.37362
22.4715 5.39641
22.4727 5.4192
22.4739 5.4413
22.4751 5.46478
22.4763 5.48688
22.4787 5.53177
22.48 5.55525
22.4812 5.57735
22.4824 5.60014
22.4836 5.62224
22.4848 5.64572
22.486 5.66782
22.4872 5.69061
22.4884 5.71271
22.4896 5.73619
22.4908 5.75829
22.492 5.78108
22.4932 5.80387
22.4944 5.82666
22.4957 5.84876
22.4969 5.87155
22.4981 5.89434
22.4993 5.91713
22.5005 5.93923
22.5017 5.96202
22.5029 5.98481
22.5041 6.00691
22.5053 6.0297
22.5065 6.0518
22.5077 6.07528
22.5089 6.09738
22.5101 6.12017
22.5113 6.14296
22.5126 6.16575
22.5138 6.18785
22.515 6.21064
22.5162 6.23343
22.5174 6.25622
22.5186 6.27831
22.5198 6.3011
22.521 6.3239
22.5222 6.34669
22.5234 6.36878
22.5246 6.39157
22.5258 6.41436
22.5271 6.43715
22.5282 6.45925
23.4599 8.45925
25.3875 7.1616
27.3034 2
27.3034 1
27.3034 2
27.3034 4
27.4903 5
27.5049 7.1616
27.5049 169.905
27.5049 5.60083
27.8772 6.60083
28.183 6.90193
29.2188 8.90193
30.5135 7.43785
31.3836 5.07942
31.3836 4
31.715 7.43785
31.715 6.6768
32.9508 7.6768
33.1579 8.6768
33.3308 8.89157
36.7941 7.43163
41.9424 4.58909
41.9424 4
42.1929 4.58909
42.1929 4
42.4434 7.43785
42.4434 5.85912
43.0698 5.3826
45.9511 6.3826
46.3269 7.3826
47.6048 7.74931
52.6359 4.53867
52.6359 4
52.8965 4.53867
52.8965 4
53.1571 7.74931
53.1571 5.30939
54.5903 6.30939
54.9811 7.30939
55.9811 1
56.1101 2
56.1101 4
56.1826 5
56.7735 5.88674
59.9005 6.88674
60.2132 7.88674
62.5272 7.40539
63.6279 7.4047
69.3318 8.00622
73.0946 1
73.0946 2
73.0946 4
73.2961 8.00622
73.2961 169.905
73.2961 6.00622
73.5348 7.00622
73.935 7.08702
76.4436 9.08702
76.6644 5.27003
76.6644 4
76.8619 5.25691
76.8619 4
77.2386 9.08702
77.2386 7.06146
78.1219 8.06146
78.3427 9.06146
78.5402 9.1989
78.8936 9.1761
79.2345 9.14917
79.5753 9.12569
79.9162 9.10497
80.2571 9.08702
80.598 9.07113
80.9389 9.05732
81.2798 9.04558
81.6207 9.03453
81.9616 9.02555
82.3025 7.51036
82.6434 7.50622
88.7068 7.08771
92.8522 4.22445
92.8522 4
93.1795 4.22445
93.1795 4
93.5067 9.08702
93.5067 5.20511
95.1431 6.20511
95.5522 6.83702
98.4158 6.11257
