0.200111 0.2
0.401609 0.200125
0.404013 0.200609
0.406416 0.201283
0.408819 0.202123
0.411222 0.203232
0.603103 0.228203
0.616944 0.225678
0.630785 0.223468
0.644626 0.221535
0.658467 0.219843
0.672307 0.218487
0.686148 0.217302
0.699989 0.216139
0.71383 0.215122
0.804597 0.223856
0.818438 0.221874
0.832279 0.220265
0.846119 0.218857
0.85996 0.2175
0.873801 0.216312
0.88622 0.215273
0.897751 0.214239
0.907731 0.213209
0.917045 0.212433
0.925324 0.211629
0.933603 0.210925
0.941882 0.210185
0.950161 0.209662
0.95844 0.209204
0.966719 0.208678
1.00609 0.212219
1.01437 0.211441
1.02265 0.210636
1.03093 0.209932
1.28211 0.20944
1.29039 0.20901
1.29867 0.208509
1.30695 0.20807
1.31523 0.207811
1.32351 0.207585
1.33178 0.207262
1.34006 0.207104
1.34834 0.206966
1.35633 0.206845
1.36375 0.206615
1.37067 0.206413
1.37716 0.206236
1.38365 0.206082
1.39014 0.205947
1.39663 0.205828
1.40312 0.205725
1.85732 0.207384
1.85972 0.208961
1.86213 0.210591
1.86453 0.212017
1.86693 0.21339
1.86934 0.214841
1.87174 0.216111
1.87414 0.217472
1.87655 0.218788
1.87895 0.21994
1.88135 0.221197
1.88375 0.222423
1.88616 0.223745
1.88856 0.224902
1.89096 0.226039
1.89337 0.227284
1.89577 0.228499
1.89817 0.229811
1.90058 0.23096
1.90298 0.23209
1.90538 0.233329
1.90779 0.233913
1.91019 0.234673
1.91259 0.235214
1.915 0.235812
1.9198 0.236461
1.92221 0.237278
1.92461 0.238119
1.92701 0.238979
1.92942 0.239856
1.93182 0.240749
1.93422 0.241781
1.93663 0.242683
1.93903 0.243723
1.94143 0.244757
1.94504 0.246038
4.1754 0.245033
4.24756 0.244154
4.31973 0.24326
4.3919 0.242477
4.46407 0.241918
4.53624 0.241428
4.60841 0.240999
4.68058 0.240624
4.75275 0.240171
4.82492 0.239775
4.89708 0.239553
4.96925 0.239359
5.04142 0.239189
5.11359 0.238915
5.18576 0.238676
5.24349 0.237592
5.30123 0.236768
5.35896 0.235922
5.4167 0.235181
5.47444 0.234534
5.53073 0.233842
5.58558 0.233237
5.64042 0.232707
5.69527 0.232244
5.75012 0.231838
5.80497 0.231359
5.85982 0.231064
5.91467 0.230806
5.96951 0.23058
6.02436 0.230383
6.07921 0.23021
6.13406 0.230058
6.24376 0.229926
6.2986 0.22981
6.35345 0.229709
6.4083 0.22962
6.46315 0.229543
6.518 0.22935
6.57285 0.229306
6.62769 0.229268
6.67157 0.228485
6.71545 0.227799
6.75933 0.227324
6.80321 0.226909
6.84709 0.226545
6.89097 0.226102
6.93484 0.225714
6.97697 0.22525
7.01909 0.224969
7.06122 0.224723
7.10334 0.224507
7.14546 0.224319
7.18759 0.224029
7.22943 0.223775
7.27099 0.223553
7.31227 0.223359
7.35327 0.223189
7.39399 0.222916
7.43443 0.222801
7.47482 0.222576
7.51513 0.222504
7.5553 0.222441
7.59529 0.222386
7.63516 0.222338
7.67479 0.22217
7.71417 0.222024
7.75334 0.221896
7.79231 0.221784
7.82795 0.221186
7.86036 0.220788
7.89276 0.220314
7.92516 0.220025
7.95757 0.219772
7.98997 0.219425
8.02237 0.219247
8.05478 0.218966
8.08718 0.218846
8.11958 0.21874
8.15199 0.218522
8.18439 0.218457
8.2145 0.218025
8.24232 0.217772
8.27013 0.21755
8.29795 0.217232
8.32577 0.216953
8.35358 0.216709
8.3814 0.21662
8.40922 0.216542
8.43703 0.216475
8.46485 0.21629
8.49266 0.216129
8.52047 0.215988
8.548 0.215864
8.575 0.215756
8.60007 0.215537
8.62347 0.21522
8.64687 0.214942
8.67027 0.214699
8.69367 0.214487
8.71707 0.214426
8.74047 0.214248
8.76387 0.214092
8.78727 0.213955
8.81067 0.213836
8.83407 0.213856
8.85747 0.213749
8.88087 0.213656
8.9042 0.213574
8.92493 0.213252
8.94566 0.213096
8.96639 0.212959
8.98713 0.212839
9.00786 0.212734
9.02859 0.212642
9.04932 0.212562
9.07006 0.212492
9.09079 0.21243
9.11152 0.212376
9.13226 0.212329
9.15281 0.212163
9.17313 0.212143
9.19321 0.212125
9.21129 0.211984
9.22936 0.211861
9.24743 0.211754
9.26551 0.211659
9.28358 0.211452
9.30165 0.21127
9.31973 0.211112
9.3378 0.210973
9.35588 0.210851
9.37395 0.210745
9.39202 0.210777
9.4101 0.210805
9.4281 0.210829
9.44522 0.210725
9.46152 0.210635
9.47782 0.21043
9.49413 0.210377
9.51043 0.210329
9.52673 0.210163
9.54303 0.210143
9.55934 0.210125
9.5756 0.210109
9.59051 0.209971
9.60541 0.209849
9.62032 0.209743
9.63523 0.20965
9.65014 0.209569
9.66505 0.209498
9.67995 0.209311
9.69486 0.209272
9.70977 0.209238
9.72468 0.209208
9.73959 0.209182
9.75448 0.209159
9.76931 0.209139
9.78408 0.209122
9.79873 0.209107
9.81225 0.209093
10.058 0.209332
10.0784 0.209665
10.0984 0.209957
10.1159 0.209837
10.1309 0.209733
10.1454 0.209641
10.1599 0.209436
10.1814 0.210257
10.5879 0.209974
10.6009 0.209728
10.7959 0.209512
10.8089 0.209323
10.822 0.209157
10.835 0.209013
10.848 0.208886
10.861 0.2089
10.874 0.208788
10.887 0.208689
10.9 0.208603
10.9131 0.208528
10.9261 0.208462
10.9391 0.208404
10.9651 0.208354
10.9781 0.208309
10.9912 0.208271
11.0042 0.208237
11.0172 0.208207
11.0302 0.208181
11.0432 0.208159
11.0562 0.208139
11.0693 0.208121
11.0823 0.208106
11.0953 0.208093
11.1083 0.208081
11.1213 0.208071
11.1343 0.208062
11.1474 0.208055
11.1604 0.208048
11.1734 0.208042
11.1864 0.208037
11.1994 0.208032
11.2124 0.208028
11.2241 0.207899
11.2346 0.207787
11.245 0.207564
11.2554 0.207493
11.2658 0.207307
11.2762 0.207268
11.2866 0.207235
11.297 0.207205
11.3074 0.20718
11.3179 0.207032
11.3283 0.207028
11.3387 0.207025
11.3491 0.207022
11.3595 0.207019
11.3803 0.207017
11.3907 0.206889
11.4012 0.206903
11.4116 0.206915
11.422 0.206801
11.4324 0.206826
11.4428 0.206723
11.4532 0.206757
11.4635 0.206788
11.4736 0.206689
11.4837 0.206603
11.4938 0.206528
11.5039 0.206462
11.5137 0.206404
11.5233 0.206353
11.5328 0.206309
11.5424 0.206271
11.5519 0.206237
11.5615 0.206207
11.5705 0.206181
11.5795 0.206159
11.5886 0.206139
11.5976 0.206121
11.6067 0.206106
11.62 0.206718
12.2414 0.206628
12.25 0.20655
12.2586 0.206481
12.2672 0.206421
12.2757 0.206368
12.2843 0.206322
12.2929 0.206157
12.3015 0.206137
12.31 0.20612
12.3186 0.206105
12.3272 0.206092
12.3358 0.20608
12.3443 0.20607
12.3529 0.205937
12.3615 0.205945
12.3701 0.205951
12.3786 0.205958
12.3872 0.205963
12.3958 0.205842
12.4044 0.205862
12.4129 0.205754
12.4215 0.205785
12.4301 0.205812
12.4387 0.205835
12.4472 0.205856
12.4558 0.205749
12.4644 0.20578
12.473 0.205683
12.4815 0.205722
12.4901 0.205757
12.4987 0.205788
12.5073 0.205814
12.5158 0.205712
12.5244 0.205748
12.533 0.205655
12.5416 0.205698
12.5501 0.205736
12.5587 0.205769
12.5673 0.205798
12.5759 0.205698
12.5844 0.205736
12.593 0.205769
12.6016 0.205798
12.6102 0.205823
12.6187 0.205845
12.9617 0.205864
12.9703 0.205881
12.9789 0.205771
12.9874 0.2058
12.996 0.205825
13.0046 0.205847
13.0132 0.205866
13.0217 0.205883
13.0303 0.205897
13.0389 0.205785
13.0475 0.205812
13.056 0.205836
13.0646 0.205856
13.0732 0.205874
13.0818 0.20589
13.0903 0.205904
13.0989 0.205791
13.1075 0.205817
13.1161 0.20584
13.1246 0.20586
13.1324 0.205752
13.1392 0.205658
13.1461 0.205576
13.1529 0.205379
13.1598 0.205332
13.1667 0.20529
13.1735 0.205254
13.1804 0.205222
13.1872 0.205194
13.1941 0.20517
13.201 0.205024
13.2078 0.205021
13.2147 0.205018
13.2215 0.205016
13.2284 0.205014
13.2353 0.205012
13.2421 0.205011
13.249 0.204884
13.2558 0.204899
13.2627 0.204911
13.2695 0.204923
13.2764 0.204932
13.2833 0.204941
13.2901 0.204948
13.297 0.20483
13.3038 0.204851
13.3107 0.20487
13.3176 0.204886
13.3244 0.2049
13.3313 0.204913
13.3381 0.204924
13.345 0.204933
13.3519 0.204941
13.3587 0.204949
13.3655 0.204955
13.3722 0.204961
13.379 0.204841
13.3857 0.204861
13.3923 0.204878
13.3988 0.204768
13.4052 0.204797
13.4117 0.204823
13.4182 0.204845
13.4246 0.204864
13.4308 0.204756
13.4371 0.204787
13.4433 0.204813
13.4495 0.204837
13.4557 0.204732
13.4619 0.204641
13.4679 0.20456
13.4739 0.20449
13.4799 0.204429
13.4859 0.204375
13.4919 0.204329
13.4977 0.204287
13.5035 0.204252
13.5093 0.204345
13.518 0.204677
13.9263 0.204592
13.932 0.204518
13.9376 0.204454
13.9432 0.204522
13.9488 0.204457
13.9544 0.2044
13.96 0.20435
13.9656 0.204306
14.2091 0.204393
14.2147 0.204344
14.2203 0.204426
14.2259 0.204372
14.2315 0.204326
14.2399 0.20466
14.2455 0.204578
14.2511 0.20463
14.2567 0.204552
14.2623 0.204608
14.2735 0.204532
14.2791 0.20459
14.2847 0.204516
14.2903 0.204577
14.2959 0.204505
14.3015 0.204442
14.3071 0.204511
14.3127 0.204448
14.3183 0.204517
14.3239 0.204452
14.3295 0.204396
14.3351 0.204471
14.3407 0.204412
14.3463 0.204486
14.3519 0.204425
14.3575 0.204372
14.3631 0.20445
14.3687 0.204394
14.3743 0.20447
14.3799 0.204411
14.3855 0.20436
14.3911 0.20444
14.3967 0.204385
14.4023 0.204462
14.4079 0.204404
14.4135 0.204353
14.4191 0.204434
14.4247 0.20438
14.4303 0.204457
14.4359 0.2044
14.4415 0.20435
14.4471 0.204431
14.4527 0.204378
14.4583 0.204455
14.4639 0.204398
14.4695 0.204349
14.4751 0.20443
14.4807 0.204376
14.4863 0.204454
14.4919 0.204397
14.4975 0.204348
14.5031 0.204429
14.5087 0.204376
14.5143 0.204454
14.5199 0.204397
14.5255 0.204347
14.5311 0.204429
14.5367 0.204375
14.5423 0.204453
14.5479 0.204397
14.5535 0.204347
14.5591 0.204429
14.5647 0.204375
14.5703 0.204453
14.5759 0.204397
14.5815 0.204347
14.5871 0.204429
14.5927 0.204375
14.5983 0.204453
14.6039 0.204397
14.6095 0.204347
14.6151 0.204429
14.6207 0.204375
14.6263 0.204453
14.6319 0.204396
14.6375 0.204347
14.6431 0.204429
14.6487 0.204375
14.6543 0.204453
14.6599 0.204396
14.6655 0.204347
14.6711 0.204429
14.6767 0.204375
14.6823 0.204453
14.6879 0.204396
14.6935 0.204347
14.6991 0.204429
14.7047 0.204375
14.7103 0.204453
14.7159 0.204396
14.7215 0.204347
14.7271 0.204429
14.7327 0.204375
14.7383 0.204453
14.7439 0.204396
14.7495 0.204347
14.7551 0.204429
14.7607 0.204375
14.7663 0.204453
14.7719 0.204396
14.7775 0.204347
14.7831 0.204429
14.7887 0.204375
14.7943 0.204453
14.7999 0.204396
14.8055 0.204347
14.8111 0.204429
14.8167 0.204375
14.8223 0.204453
14.8279 0.204396
14.8335 0.204347
14.8391 0.204429
14.8447 0.204375
14.8503 0.204453
14.8559 0.204396
14.8615 0.204347
14.8671 0.204429
14.8727 0.204375
14.8783 0.204453
14.8839 0.204396
14.8895 0.204347
14.8951 0.204429
14.9007 0.204375
14.9063 0.204453
14.9119 0.204396
14.9175 0.204347
14.9231 0.204429
14.9287 0.204375
14.9343 0.204453
14.9399 0.204396
14.9455 0.204347
14.9511 0.204429
14.9567 0.204375
14.9623 0.204453
14.9679 0.204396
14.9735 0.204347
14.9791 0.204429
14.9847 0.204375
14.9903 0.204453
14.9959 0.204396
15.0015 0.204347
15.0071 0.204429
15.0127 0.204375
15.0172 0.204328
15.0216 0.204287
15.0261 0.204251
15.0306 0.20422
15.0351 0.204192
15.0396 0.204168
15.044 0.204147
15.0485 0.204129
15.053 0.203988
15.0575 0.203989
15.062 0.203866
15.0664 0.203882
15.0709 0.203772
15.0754 0.203801
15.0799 0.203701
15.0844 0.203738
15.0888 0.203646
15.0933 0.20369
15.0978 0.203604
15.1023 0.203653
15.1068 0.203572
15.1112 0.203625
15.1157 0.203672
15.1202 0.203713
15.1247 0.203749
15.1292 0.20378
15.1336 0.203808
15.1381 0.203832
15.1426 0.203853
15.1471 0.203871
15.1516 0.203887
15.156 0.203901
15.1605 0.203914
15.165 0.203799
15.1695 0.203825
15.174 0.203721
15.1784 0.203756
15.1829 0.203662
15.1874 0.203704
15.1919 0.203616
15.1964 0.203664
15.2008 0.203581
15.2098 0.203508
15.2143 0.20357
15.2188 0.203499
15.2232 0.203561
15.2277 0.203616
15.2322 0.203664
15.2367 0.203706
15.2412 0.203743
15.2455 0.203775
15.2499 0.203678
15.2542 0.203718
15.2586 0.203754
15.263 0.203659
15.2673 0.203702
15.2715 0.203739
15.2758 0.203647
15.28 0.203691
15.2843 0.20373
15.2885 0.203763
15.2926 0.203668
15.2968 0.203584
15.3009 0.203511
15.305 0.203572
15.3092 0.203626
15.3132 0.203673
15.3173 0.203714
15.3213 0.203749
15.3254 0.203781
15.3294 0.203808
15.3334 0.203832
15.3373 0.203853
15.3413 0.203871
15.3452 0.203888
15.3531 0.203902
15.357 0.203789
15.3608 0.20369
15.3647 0.203604
15.3686 0.203528
15.3724 0.203587
15.3763 0.203639
15.38 0.203684
15.3838 0.203599
15.3876 0.203524
15.3913 0.203583
15.3951 0.203635
15.4025 0.203556
15.4062 0.203611
15.4099 0.203535
15.4136 0.203468
15.4173 0.203535
15.421 0.203468
15.4246 0.203409
15.4283 0.203483
15.432 0.203423
15.4356 0.20337
15.4393 0.203449
15.4429 0.203393
15.4466 0.203344
15.4502 0.203426
15.4538 0.203372
15.4574 0.203326
15.461 0.203285
15.4646 0.203249
15.4682 0.203343
15.4717 0.2033
15.4753 0.203263
15.4789 0.20323
15.4825 0.203201
15.4861 0.203301
15.4897 0.203263
15.4932 0.203356
15.4968 0.203311
15.5004 0.203272
15.504 0.203238
15.5076 0.203208
15.5112 0.203307
15.5147 0.203269
15.5183 0.203235
15.5219 0.203206
15.5255 0.20318
15.529 0.203158
15.5325 0.203138
15.536 0.203121
15.5395 0.203106
15.543 0.203092
15.5465 0.203081
15.55 0.203196
15.5535 0.203171
15.557 0.203275
15.5605 0.203241
15.5639 0.20321
15.5674 0.203184
15.5708 0.203161
15.5742 0.203141
15.5777 0.203123
15.5811 0.203233
15.5845 0.203204
15.5879 0.203178
15.5913 0.203156
15.5947 0.203137
15.8069 0.203119
15.8117 0.20323
15.8165 0.203326
15.8212 0.20341
15.826 0.203359
15.8307 0.203439
15.8354 0.203509
15.8401 0.20357
15.8448 0.203499
15.8495 0.203562
15.8542 0.203617
15.8589 0.203539
15.8635 0.203597
15.8681 0.203647
15.8728 0.203691
15.8762 0.203605
15.8797 0.203529
16.0915 0.203463
16.0945 0.203405
16.0976 0.203355
16.1007 0.20331
16.1038 0.203272
16.1069 0.203238
16.11 0.203208
16.1131 0.203182
16.1162 0.203159
16.1193 0.203139
16.1223 0.203122
16.1254 0.203107
16.1285 0.203093
16.1316 0.203082
16.1347 0.203071
16.1378 0.203063
16.1409 0.203055
16.144 0.203048
16.1471 0.203042
16.1501 0.203037
16.1532 0.203032
16.1563 0.203028
16.1594 0.203025
16.1625 0.203021
16.1656 0.203019
16.1687 0.203016
16.1718 0.203014
16.1749 0.203013
16.1779 0.203011
16.181 0.203135
16.1841 0.203118
16.1872 0.203103
16.1903 0.20309
16.1934 0.203079
16.1965 0.203069
16.1996 0.20306
16.2027 0.203053
16.2057 0.203046
16.2088 0.20304
16.2119 0.203035
16.215 0.203156
16.2181 0.203136
16.2212 0.203119
16.2243 0.203104
16.2274 0.203091
16.2305 0.20308
16.2335 0.20307
16.2366 0.203061
16.2397 0.203054
16.2428 0.203047
16.2459 0.203041
16.249 0.203036
16.2521 0.203031
16.2552 0.203027
16.2583 0.203024
16.2613 0.203021
16.2644 0.203018
16.2675 0.203016
16.2706 0.203014
16.2737 0.203012
16.2768 0.203011
16.2799 0.203009
16.283 0.203008
16.2861 0.203007
16.2891 0.203006
16.2922 0.203006
16.2953 0.203005
16.2984 0.203004
16.3015 0.203004
16.3046 0.203003
16.3077 0.203003
16.3108 0.203002
16.3139 0.203002
16.3169 0.203002
16.32 0.203002
16.3231 0.203001
16.3262 0.203001
16.3293 0.203001
16.3324 0.203001
16.3355 0.203001
16.3386 0.203001
16.3417 0.203001
16.3447 0.203001
16.3478 0.203
16.3509 0.203
16.354 0.203125
16.3571 0.20311
16.3602 0.203096
16.3633 0.203084
16.3664 0.203073
16.3695 0.203064
16.3726 0.203056
16.3756 0.203049
16.3787 0.203043
16.3818 0.203038
16.3849 0.203033
16.388 0.203029
16.3911 0.203025
16.3942 0.203022
16.3973 0.203019
16.4004 0.203017
16.4034 0.203015
16.4096 0.203013
16.4127 0.203011
16.4158 0.20301
16.4189 0.203009
16.422 0.203008
16.4251 0.203007
16.4282 0.203006
16.4312 0.203005
16.4343 0.203004
16.4374 0.203004
16.4405 0.203003
16.4436 0.203003
16.4467 0.203003
16.4498 0.203002
16.4529 0.203002
16.456 0.203002
16.459 0.203002
16.4621 0.203001
16.4652 0.203001
16.4683 0.203001
16.4714 0.203001
16.4745 0.203001
16.4776 0.203001
16.4807 0.203001
16.4838 0.203001
16.4868 0.203
16.4899 0.203
16.493 0.203125
16.4961 0.20311
16.4992 0.203096
16.5023 0.203084
16.5054 0.203073
16.5085 0.203064
16.5116 0.203056
16.5146 0.203049
16.5177 0.203043
16.5208 0.203038
16.5239 0.203033
16.527 0.203029
16.5301 0.203025
16.5332 0.203022
16.5363 0.203019
16.5394 0.203017
16.5424 0.203015
16.5455 0.203013
16.5486 0.203011
16.5517 0.20301
16.5548 0.203009
16.5579 0.203008
16.561 0.203007
16.5641 0.203006
16.5672 0.203005
16.5702 0.203004
16.5733 0.203004
16.5764 0.203003
16.5795 0.203003
16.5826 0.203003
16.5857 0.203002
16.5888 0.203002
16.5919 0.203002
16.595 0.203002
16.598 0.203001
16.6011 0.203001
16.6042 0.203001
16.6073 0.203001
16.6104 0.203001
16.6135 0.203001
16.6166 0.203001
16.6197 0.203001
16.6228 0.203
16.6258 0.203
16.6289 0.203
16.632 0.203125
16.6351 0.20311
16.6382 0.203096
16.6413 0.203084
16.6444 0.203073
16.6475 0.203064
16.6506 0.203056
16.6536 0.203049
16.6567 0.203043
16.6598 0.203038
16.6629 0.203033
16.666 0.203029
16.6691 0.203025
16.6722 0.203022
16.6753 0.203019
16.6784 0.203017
16.6814 0.203015
16.6845 0.203013
16.6876 0.203011
16.6907 0.20301
16.6938 0.203009
16.6969 0.203008
16.7 0.203007
16.7031 0.203006
16.7062 0.203005
16.7092 0.203004
16.7123 0.203004
16.7154 0.203003
16.7185 0.203003
16.7216 0.203003
16.7247 0.203002
16.7278 0.203002
16.7309 0.203002
16.734 0.203002
16.737 0.203001
16.7401 0.203001
16.7432 0.203001
16.7463 0.203001
16.7494 0.203001
16.7525 0.203001
16.7556 0.203001
16.7587 0.203001
16.7618 0.203
16.7648 0.203
16.7679 0.203
16.771 0.203125
16.7741 0.20311
16.7772 0.203096
16.7803 0.203084
16.7834 0.203073
16.7865 0.203064
16.7896 0.203056
16.7926 0.203049
16.7957 0.203043
16.7988 0.203038
16.8019 0.203033
16.805 0.203154
16.8081 0.203135
16.8112 0.203118
16.8143 0.203103
16.8174 0.20309
16.8204 0.203079
16.8235 0.203069
16.8266 0.20306
16.8297 0.203053
16.8328 0.203046
16.8359 0.20304
16.839 0.203035
16.8421 0.203031
16.8452 0.203027
16.8482 0.203024
16.8513 0.203021
16.8544 0.203018
16.8575 0.203016
16.8606 0.203014
16.8637 0.203012
16.8668 0.203011
16.8699 0.203009
16.873 0.203008
16.876 0.203007
16.8791 0.203006
16.8822 0.203005
16.8853 0.203005
16.8884 0.203004
16.8915 0.203004
16.8946 0.203003
16.8977 0.203003
16.9008 0.203002
16.9038 0.203002
16.9069 0.203002
16.91 0.203127
16.9131 0.203111
16.9178 0.203222
17.2335 0.203194
17.2366 0.20317
17.2397 0.203149
17.2428 0.20313
17.2459 0.203114
17.249 0.2031
17.2521 0.203087
17.2552 0.203076
17.2583 0.203067
17.2613 0.203058
17.4733 0.203051
17.4763 0.203045
17.4793 0.203039
17.4823 0.203034
17.4853 0.20303
17.4884 0.203026
17.4914 0.203023
17.4944 0.20302
17.4989 0.203143
17.8687 0.203125
17.8731 0.203359
18.0814 0.203439
18.0838 0.203384
18.0863 0.203336
18.0892 0.203294
18.0922 0.203257
18.0951 0.203225
18.098 0.203197
18.1009 0.203172
18.1038 0.203151
18.1068 0.203132
18.1097 0.203116
18.1126 0.203101
18.1155 0.203088
18.1185 0.203077
18.1214 0.203068
18.1243 0.203059
18.1272 0.203052
18.1301 0.203045
18.1331 0.20304
18.136 0.20291
18.1389 0.202921
18.1418 0.202931
18.1447 0.20294
18.1477 0.202947
18.1506 0.202954
18.1535 0.202959
18.1564 0.202965
18.1593 0.202969
18.1623 0.202973
18.1652 0.202976
18.1681 0.202979
18.171 0.202982
18.1739 0.202984
18.1769 0.202986
18.1798 0.202988
18.1827 0.202989
18.1856 0.202991
18.1886 0.202992
18.1915 0.202993
18.1944 0.202994
18.1973 0.202995
18.2002 0.202995
18.2032 0.202996
18.2061 0.202996
18.209 0.202872
18.2119 0.202888
18.2148 0.202902
18.2178 0.202914
18.2207 0.202925
18.2236 0.202934
18.2265 0.202942
18.2294 0.20295
18.2324 0.202956
18.2353 0.202961
18.2382 0.202966
18.2411 0.20297
18.244 0.202974
18.247 0.202852
18.2528 0.202871
18.2557 0.202887
18.2587 0.202901
18.2616 0.202913
18.2645 0.202924
18.2674 0.202934
18.2703 0.202942
18.2733 0.202949
18.2762 0.202956
18.2791 0.202961
18.282 0.202966
18.2849 0.20297
18.2879 0.202974
18.2908 0.202977
18.2937 0.20298
18.2966 0.202983
18.2995 0.202985
18.3025 0.202987
18.3054 0.202988
18.3083 0.20299
18.3141 0.202991
18.3171 0.202992
18.32 0.202868
18.3229 0.202885
18.3258 0.202899
18.3287 0.202912
18.3317 0.202923
18.3346 0.202932
18.3375 0.202941
18.3404 0.202948
18.3434 0.202955
18.3463 0.20296
18.3492 0.202965
18.3521 0.20297
18.355 0.202973
18.358 0.202852
18.3609 0.20287
18.3638 0.202887
18.3667 0.202901
18.3696 0.202913
18.3726 0.202924
18.3755 0.202933
18.3784 0.202942
18.3813 0.202949
18.3842 0.202955
18.3872 0.202961
18.3901 0.202966
18.393 0.20297
18.3959 0.202974
18.4003 0.203227
18.8322 0.203199
18.835 0.203049
18.8378 0.203043
18.8406 0.203037
18.8434 0.203033
18.8462 0.203029
18.849 0.2029
18.8518 0.202913
18.8546 0.202923
18.8574 0.202933
18.8602 0.202941
18.863 0.202824
18.8657 0.202846
18.8685 0.202865
18.8713 0.202882
18.8741 0.202897
18.8769 0.202785
18.8797 0.202812
18.8825 0.202835
18.8853 0.202856
18.8881 0.202874
18.8909 0.202765
18.8937 0.202794
18.8965 0.20282
18.8993 0.202842
18.9021 0.202862
18.9049 0.202754
18.9077 0.202785
18.9105 0.202812
18.9133 0.202835
18.9161 0.202856
18.9189 0.202749
18.9217 0.20278
18.9245 0.202808
18.9273 0.202832
18.9301 0.202853
18.9329 0.202746
18.9357 0.202778
18.9385 0.202806
18.9413 0.20283
18.944 0.202851
18.9468 0.20287
18.9495 0.202886
18.9523 0.2029
18.955 0.202913
18.9577 0.202924
18.9605 0.202933
18.9632 0.202942
18.9659 0.202824
18.9686 0.202846
18.9713 0.202865
18.974 0.202882
18.9768 0.202897
18.9795 0.20291
18.9822 0.202921
18.9849 0.202806
18.9876 0.20283
18.9903 0.202851
18.993 0.202995
18.9969 0.202996
19.0007 0.202996
19.0046 0.202997
19.0084 0.203122
19.0112 0.203107
19.014 0.203093
19.0168 0.203082
19.0197 0.203072
19.0225 0.203063
19.0253 0.203055
19.0281 0.203048
19.0308 0.203042
19.0336 0.203037
19.0364 0.203032
19.0388 0.203153
19.0412 0.203259
19.0436 0.203477
19.046 0.203667
19.0496 0.203959
19.5709 0.203714
19.5733 0.203625
19.5758 0.203422
19.5782 0.203369
19.5806 0.203323
19.5831 0.203282
19.5855 0.203247
19.5879 0.203091
19.5904 0.20308
19.5928 0.202945
19.5952 0.202952
19.5976 0.202958
19.6001 0.202963
19.6025 0.202968
19.6049 0.202847
19.6074 0.202866
19.6098 0.202758
19.6122 0.202788
19.6147 0.202814
19.6171 0.202838
19.6195 0.202858
19.622 0.202751
19.6244 0.202782
19.6268 0.202684
19.6292 0.202849
19.6316 0.202868
19.634 0.203009
19.6364 0.203133
19.6388 0.203116
19.6412 0.203227
19.6436 0.203198
19.646 0.203299
19.6484 0.203261
19.6508 0.203229
19.6532 0.203325
19.6556 0.203284
19.658 0.203374
19.6604 0.203327
19.6628 0.203286
19.6652 0.20325
19.6677 0.203219
19.6701 0.203317
19.6725 0.203277
19.6749 0.203243
19.6773 0.203212
19.6797 0.203186
19.6821 0.203162
19.6845 0.203142
19.6869 0.202999
19.6893 0.202999
19.6917 0.203
19.6941 0.203
19.6965 0.203
19.6989 0.202875
19.7013 0.20289
19.7037 0.202779
19.7062 0.202807
19.7086 0.202831
19.711 0.202852
19.7134 0.20287
19.7159 0.202762
19.7195 0.202916
20.3852 0.206302
20.3876 0.209139
20.39 0.211497
20.3924 0.213435
20.3948 0.215005
20.3972 0.21638
20.3996 0.217457
20.402 0.218275
20.4056 0.218991
20.6508 0.217242
20.6532 0.215837
20.6556 0.214482
20.658 0.213297
20.6604 0.212385
20.6628 0.211462
20.6652 0.210779
20.6676 0.210057
20.67 0.209424
20.6724 0.208871
20.6748 0.208387
20.6772 0.208089
20.6796 0.207703
20.682 0.207365
20.6844 0.207069
20.6868 0.206811
20.6892 0.206709
20.6916 0.206496
20.694 0.206434
20.6964 0.206255
20.6988 0.206098
20.7012 0.205961
20.7036 0.20584
20.706 0.20586
20.7084 0.205753
20.7108 0.205659
20.7132 0.205576
20.7156 0.205504
20.718 0.205566
20.7204 0.205496
20.7229 0.205434
20.7253 0.205379
20.7277 0.205332
20.7301 0.20529
20.7325 0.205254
20.7349 0.205222
20.7373 0.205195
20.7397 0.20517
20.7421 0.205149
20.7445 0.20513
20.7469 0.205114
20.7493 0.2051
20.7517 0.205087
20.7541 0.205076
20.7565 0.205067
20.7601 0.205308
20.968 0.205145
20.9704 0.205002
20.9728 0.204877
20.9752 0.204892
20.9776 0.204781
20.98 0.204683
20.9824 0.204598
20.9848 0.204523
20.9872 0.204458
20.9896 0.2044
20.992 0.204475
20.9944 0.204416
20.9968 0.204364
20.9992 0.204318
21.0016 0.204279
21.004 0.204244
21.0064 0.204088
21.0088 0.203952
21.0112 0.203833
21.0136 0.203729
21.016 0.203638
21.0208 0.203558
21.0233 0.203488
21.0257 0.203427
21.0281 0.203374
21.0305 0.203327
21.0329 0.203286
21.0353 0.203251
21.0377 0.203219
21.0401 0.203192
21.0425 0.203168
21.0449 0.203022
21.0473 0.203019
21.0497 0.203017
21.0521 0.203015
21.0545 0.203013
21.0569 0.202886
21.0593 0.2029
21.0617 0.202913
21.0641 0.202924
21.0665 0.202933
21.0689 0.202817
21.0713 0.20284
21.0737 0.202735
21.0761 0.202768
21.0785 0.202797
21.081 0.202697
21.0834 0.202735
21.0858 0.202643
21.0882 0.202688
21.0906 0.202727
21.093 0.202761
21.0954 0.202791
21.0979 0.202692
21.1003 0.20273
21.1027 0.202764
21.1051 0.202794
21.1075 0.202819
21.1099 0.202717
21.1124 0.202752
21.1148 0.202658
21.1172 0.202701
21.1196 0.202738
23.1678 0.220771
23.4599 0.23655
23.7519 0.250356
23.9856 0.258812
24.2192 0.266335
24.4529 0.272793
24.6865 0.278444
24.9202 0.283514
25.1538 0.287824
25.3875 0.291596
25.6211 0.295022
25.995 0.306644
26.3688 0.316814
26.7557 0.327337
27.8772 0.33667
28.183 0.343961
28.4419 0.342341
28.7009 0.340923
28.9598 0.339683
29.2188 0.338598
29.4777 0.337648
29.6849 0.333567
29.892 0.330121
30.0992 0.326981
30.3063 0.324233
30.5135 0.321829
30.7206 0.319725
31.0521 0.32576
31.3836 0.330915
31.715 0.33555
32.1222 0.343857
32.3293 0.351125
32.5365 0.357484
32.7436 0.362923
32.9508 0.367683
33.1579 0.371848
33.3308 0.371242
33.6623 0.370711
33.9755 0.369123
34.2886 0.367732
34.6018 0.366516
34.915 0.365576
35.2282 0.364629
35.5414 0.363801
35.8545 0.363075
36.1677 0.362441
36.4809 0.361886
36.7941 0.361525
37.1073 0.361085
37.5578 0.366074
37.871 0.37044
38.1842 0.374385
38.4347 0.377712
38.6853 0.380748
38.9358 0.383279
39.1863 0.385619
39.4369 0.387542
39.6874 0.389349
39.938 0.390806
40.1885 0.39208
40.4391 0.39332
40.6896 0.39428
40.9402 0.395245
41.1907 0.395964
41.4413 0.396719
41.6918 0.397254
41.9424 0.397847
42.1929 0.398241
42.4434 0.398711
42.7566 0.398997
43.0698 0.399248
43.383 0.399467
43.6962 0.399783
44.072 0.399935
44.4478 0.400068
44.8236 0.400185
45.1995 0.400412
45.5753 0.40061
45.9511 0.400784
46.3269 0.400811
46.7028 0.400835
47.3041 0.40098
47.6048 0.400983
47.9054 0.40111
48.2061 0.401221
48.4667 0.401194
48.7272 0.401294
48.9878 0.401258
49.2484 0.40135
49.509 0.401307
49.7696 0.401268
50.0301 0.40136
50.2907 0.401315
50.5513 0.4014
50.8119 0.40135
51.0724 0.401432
51.333 0.401503
51.5936 0.40144
51.8542 0.40151
52.1148 0.401446
52.3753 0.401515
52.6359 0.401451
52.8965 0.40152
53.1571 0.40158
53.4828 0.401507
53.8085 0.401444
54.1994 0.401513
54.5903 0.401574
54.9811 0.401627
56.7735 0.401549
57.0862 0.401605
57.3989 0.40153
57.7116 0.401463
58.0243 0.401531
58.337 0.401589
58.6497 0.401516
58.9624 0.401576
59.2751 0.401629
59.5878 0.40155
59.9005 0.401482
60.2132 0.401546
60.5259 0.401478
60.7761 0.401543
61.0262 0.4016
61.2764 0.40165
61.5266 0.401569
61.7767 0.401498
62.0269 0.401436
62.2771 0.401506
62.5272 0.401568
62.7774 0.401622
63.0275 0.401544
63.3277 0.401476
63.6279 0.401417
63.9282 0.40149
64.2284 0.401553
64.5286 0.401484
64.8288 0.401424
65.129 0.401371
65.4292 0.401449
65.7294 0.401518
66.0296 0.401453
66.3298 0.401397
66.63 0.401347
66.9302 0.401429
67.2304 0.4015
67.5306 0.401438
67.8308 0.401383
68.131 0.40146
68.4312 0.401528
69.0316 0.401462
69.3318 0.401404
69.632 0.401478
69.9322 0.401544
70.1724 0.401601
70.4126 0.401526
70.6528 0.40146
70.8929 0.401402
71.1331 0.401477
71.3733 0.401542
71.6134 0.4016
71.8536 0.401525
72.0938 0.401459
72.3339 0.401402
73.5348 0.401352
73.935 0.401433
74.2352 0.401503
74.4561 0.401566
74.6769 0.401495
74.8977 0.401433
75.1186 0.401379
75.3394 0.401457
75.5602 0.401524
75.7811 0.401584
76.0019 0.401511
76.4436 0.401447
76.6644 0.401516
76.8619 0.398577
77.2386 0.39888
77.4594 0.39927
77.6802 0.399611
77.9011 0.39991
78.1219 0.400046
78.3427 0.400165
78.5402 0.397394
78.8936 0.39497
79.2345 0.392099
79.5753 0.389587
79.9162 0.387388
80.2571 0.385465
80.598 0.383782
80.9389 0.382309
81.2798 0.38102
81.6207 0.379893
81.9616 0.378906
82.3025 0.378043
82.6434 0.377288
83.1161 0.380377
83.457 0.382955
83.7979 0.38521
84.0706 0.387184
84.3433 0.389036
84.616 0.390656
84.8888 0.391949
85.1615 0.393206
85.4342 0.394305
85.7069 0.395142
85.9796 0.395874
86.2523 0.39664
86.5251 0.39731
86.7978 0.397771
87.0705 0.398175
87.3432 0.398653
87.6159 0.398946
87.8887 0.399203
88.1614 0.399553
88.4341 0.399859
88.7068 0.400001
88.9795 0.400126
89.2523 0.40036
89.5795 0.40044
89.9068 0.40051
90.2341 0.400696
90.5613 0.400859
90.8886 0.400877
91.2159 0.400892
91.5431 0.401031
91.8704 0.401152
92.1977 0.401133
92.5249 0.401116
92.8522 0.401227
93.1795 0.401323
93.5067 0.401283
93.9158 0.401248
94.3249 0.401217
94.734 0.40119
95.1431 0.401291
95.5522 0.40138
95.9612 0.401457
96.4522 0.401525
96.9431 0.401584
97.434 0.401511
97.9249 0.401447
98.4158 0.401391
98.9067 0.401343
99.7173 0.401425
