0.1 0.00448
0.2 0
0.3 1.20416
0.4 0
0.5 1.8
0.6 0.36
0.7 1.8
0.8 2.04
0.9 2.88
1 3.12
1.1 3.72
1.2 3.24
1.3 8.04
1.4 9.72
1.5 8.76
1.6 9.6
1.7 15.84
1.8 16.32
1.9 18.36
2 19.92
2.1 17.28
2.2 10.08
2.3 9.96
2.4 10.32
2.5 10.56
2.6 10.08
2.7 6.72
2.8 3.48
2.9 3.48
3 3.36
3.1 3.48
3.2 3.48
3.3 10.92
3.4 12.48
3.5 8.4
3.6 7.44
3.7 7.68
3.8 0
3.9 0.24
4 0.36
4.1 0.36
4.2 0.36
4.3 0.36
4.4 0.24
4.5 0.36
4.6 0.36
4.7 0.36
4.8 0.24
4.9 0.36
5 0.36
5.1 0.48
5.2 0.36
5.3 0.36
5.4 0.48
5.5 0.48
5.6 0.36
5.7 0.48
5.8 0.48
5.9 0.36
6 0.48
6.1 0.48
6.2 0.36
6.3 0.48
6.4 0.48
6.5 0.48
6.6 0.48
6.7 0.6
6.8 0.6
6.9 0.48
7 0.6
7.1 0.6
7.2 0.6
7.3 0.6
7.4 0.6
7.5 0.6
7.6 0.6
7.7 0.72
7.8 0.72
7.9 0.72
8 0.84
8.1 0.84
8.2 0.84
8.3 0.84
8.4 0.96
8.5 0.96
8.6 1.08
8.7 0.96
8.8 1.2
8.9 1.2
9 1.08
9.1 1.32
9.2 1.44
9.3 1.32
9.4 1.56
9.5 1.56
9.6 1.68
9.7 1.8
9.8 1.92
9.9 1.56
10 1.56
10.1 1.8
10.2 1.92
10.3 0
10.4 0.48
10.5 0
10.6 0.24
10.7 1.92
10.8 1.8
10.9 1.8
11 1.92
11.1 2.16
11.2 2.4
11.3 2.28
11.4 2.52
11.5 2.76
11.6 2.88
11.7 2.4
11.8 2.64
11.9 2.76
12 2.52
12.1 2.76
12.2 2.76
12.3 2.76
12.4 2.76
12.5 2.88
12.6 2.76
12.7 2.76
12.8 2.88
12.9 2.76
13 3.36
13.1 3.48
13.2 3.48
13.3 3.96
13.4 4.2
13.5 4.44
13.6 3.6
13.7 4.08
13.8 4.2
13.9 4.32
14 4.2
14.1 4.2
14.2 4.2
14.3 4.32
14.4 4.32
14.5 4.2
14.6 4.32
14.7 4.32
14.8 4.32
14.9 5.16
15 5.4
15.1 5.52
15.2 6.12
15.3 6.6
15.4 6.96
15.5 7.44
15.6 8.16
15.7 5.76
15.8 7.44
15.9 7.8
16 7.8
16.1 7.68
16.2 7.8
16.3 7.8
16.4 7.8
16.5 7.68
16.6 7.8
16.7 7.8
16.8 7.8
16.9 7.92
17 8.28
17.1 7.68
17.2 8.4
17.3 8.04
17.4 8.04
17.5 8.04
17.6 8.28
17.7 8.28
17.8 8.16
17.9 8.4
18 8.16
18.1 8.28
18.2 8.16
18.3 8.28
18.4 9.24
18.5 8.16
18.6 9.12
18.7 8.4
18.8 8.52
18.9 11.4
19 11.64
19.1 7.56
19.2 9
19.3 9.6
19.4 9.96
19.5 9.96
19.6 11.16
19.7 10.08
19.8 9.72
19.9 11.76
20 12.36
20.1 8.64
20.2 7.44
20.3 9.12
20.4 9.72
20.5 9.84
20.6 9.96
20.7 9.84
20.8 9.96
20.9 9.96
21 9.84
21.1 9.96
21.2 9.72
21.3 9.96
21.4 9.96
21.5 11.16
21.6 12.36
21.7 10.2
21.8 7.44
21.9 8.52
22 9.96
22.1 9.96
22.2 9.96
22.3 9.84
22.4 4.32
22.5 0
22.6 0.12
22.7 0.12
22.8 0
22.9 0.12
23 0.12
23.1 0
23.2 0.12
23.3 0.12
23.4 0
23.5 0.12
23.6 0.12
23.7 0.12
23.8 0.12
23.9 0
24 0.12
24.1 0.12
24.2 0.12
24.3 0.12
24.4 0.12
24.5 0.12
24.6 0
24.7 0.12
24.8 0.12
24.9 0.12
25 0.12
25.1 0.12
25.2 0.12
25.3 0
25.4 0.12
25.5 0.12
25.6 0
25.7 0.12
25.8 0.12
25.9 0
26 0.12
26.1 0
26.2 0.12
26.3 0
26.4 0.12
26.5 0
26.6 0.12
26.7 0
26.8 0.12
26.9 0
27 0.12
27.1 0
27.2 0.12
27.3 0.12
27.4 0.12
27.5 0.12
27.6 0
27.7 0
27.8 0.12
27.9 0
28 0.12
28.1 0
28.2 0.12
28.3 0.12
28.4 0.12
28.5 0.12
28.6 0
28.7 0.12
28.8 0.12
28.9 0.12
29 0
29.1 0.12
29.2 0.12
29.3 0.12
29.4 0.12
29.5 0.12
29.6 0.12
29.7 0.12
29.8 0.12
29.9 0.12
30 0
30.1 0.12
30.2 0.12
30.3 0.12
30.4 0.12
30.5 0.12
30.6 0.12
30.7 0.12
30.8 0
30.9 0.12
31 0
31.1 0.12
31.2 0.12
31.3 0
31.4 0.12
31.5 0
31.6 0.12
31.7 0
31.8 0.12
31.9 0
32 0.12
32.1 0
32.2 0.12
32.3 0
32.4 0.12
32.5 0
32.6 0.12
32.7 0
32.8 0.12
32.9 0
33 0.12
33.1 0
33.2 0.12
33.3 0.12
33.4 0
33.5 0.12
33.6 0
33.7 0.12
33.8 0.12
33.9 0
34 0.12
34.1 0.12
34.2 0
34.3 0.12
34.4 0
34.5 0.12
34.6 0.12
34.7 0
34.8 0.12
34.9 0.12
35 0
35.1 0.12
35.2 0.12
35.3 0
35.4 0.12
35.5 0.12
35.6 0
35.7 0.12
35.8 0
35.9 0.12
36 0.12
36.1 0
36.2 0.12
36.3 0.12
36.4 0
36.5 0.12
36.6 0.12
36.7 0
36.8 0.12
36.9 0
37 0.12
37.1 0
37.2 0.12
37.3 0
37.4 0
37.5 0.12
37.6 0
37.7 0
37.8 0.12
37.9 0
38 0
38.1 0.12
38.2 0
38.3 0.12
38.4 0
38.5 0
38.6 0.12
38.7 0
38.8 0.12
38.9 0
39 0
39.1 0.12
39.2 0
39.3 0.12
39.4 0
39.5 0
39.6 0.12
39.7 0
39.8 0.12
39.9 0
40 0
40.1 0.12
40.2 0
40.3 0.12
40.4 0
40.5 0
40.6 0.12
40.7 0
40.8 0.12
40.9 0
41 0
41.1 0.12
41.2 0
41.3 0.12
41.4 0
41.5 0
41.6 0.12
41.7 0
41.8 0.12
41.9 0
42 0
42.1 0.12
42.2 0
42.3 0
42.4 0.12
42.5 0
42.6 0
42.7 0.12
42.8 0
42.9 0
43 0.12
43.1 0
43.2 0
43.3 0.12
43.4 0
43.5 0
43.6 0
43.7 0.12
43.8 0
43.9 0
44 0
44.1 0.12
44.2 0
44.3 0
44.4 0
44.5 0.12
44.6 0
44.7 0
44.8 0.12
44.9 0
45 0
45.1 0
45.2 0.12
45.3 0
45.4 0
45.5 0
45.6 0.12
45.7 0
45.8 0
45.9 0
46 0.12
46.1 0
46.2 0
46.3 0
46.4 0.12
46.5 0
46.6 0
46.7 0.12
46.8 0
46.9 0
47 0.12
47.1 0
47.2 0
47.3 0.12
47.4 0
47.5 0
47.6 0.12
47.7 0
47.8 0
47.9 0.12
48 0
48.1 0.12
48.2 0
48.3 0
48.4 0.12
48.5 0
48.6 0.12
48.7 0
48.8 0
48.9 0.12
49 0
49.1 0
49.2 0.12
49.3 0
49.4 0.12
49.5 0
49.6 0
49.7 0.12
49.8 0
49.9 0.12
50 0
50.1 0
50.2 0.12
50.3 0
50.4 0
50.5 0.12
50.6 0
50.7 0.12
50.8 0
50.9 0
51 0.12
51.1 0
51.2 0.12
51.3 0
51.4 0
51.5 0.12
51.6 0
51.7 0
51.8 0.12
51.9 0
52 0.12
52.1 0
52.2 0
52.3 0.12
52.4 0
52.5 0.12
52.6 0
52.7 0
52.8 0.12
52.9 0
53 0
53.1 0.12
53.2 0
53.3 0
53.4 0
53.5 0.12
53.6 0
53.7 0
53.8 0.12
53.9 0
54 0
54.1 0
54.2 0.12
54.3 0
54.4 0
54.5 0
54.6 0.12
54.7 0
54.8 0
54.9 0
55 0.12
55.1 0
55.2 0
55.3 0.12
55.4 0
55.5 0
55.6 0.12
55.7 0
55.8 0
55.9 0
56 0.24
56.1 0
56.2 0
56.3 0
56.4 0.12
56.5 0
56.6 0
56.7 0.12
56.8 0
56.9 0
57 0.12
57.1 0
57.2 0
57.3 0
57.4 0.12
57.5 0
57.6 0
57.7 0.12
57.8 0
57.9 0
58 0.12
58.1 0
58.2 0
58.3 0.12
58.4 0
58.5 0
58.6 0.12
58.7 0
58.8 0
58.9 0.12
59 0
59.1 0
59.2 0.12
59.3 0
59.4 0
59.5 0.12
59.6 0
59.7 0
59.8 0
59.9 0.12
60 0
60.1 0
60.2 0.12
60.3 0
60.4 0.12
60.5 0
60.6 0
60.7 0.12
60.8 0
60.9 0.12
61 0
61.1 0
61.2 0.12
61.3 0
61.4 0.12
61.5 0
61.6 0
61.7 0.12
61.8 0
61.9 0.12
62 0
62.1 0
62.2 0.12
62.3 0
62.4 0.12
62.5 0
62.6 0
62.7 0.12
62.8 0
62.9 0
63 0.12
63.1 0
63.2 0
63.3 0.12
63.4 0
63.5 0
63.6 0.12
63.7 0
63.8 0
63.9 0.12
64 0
64.1 0
64.2 0.12
64.3 0
64.4 0
64.5 0.12
64.6 0
64.7 0
64.8 0.12
64.9 0
65 0
65.1 0.12
65.2 0
65.3 0
65.4 0.12
65.5 0
65.6 0
65.7 0.12
65.8 0
65.9 0
66 0.12
66.1 0
66.2 0
66.3 0.12
66.4 0
66.5 0
66.6 0.12
66.7 0
66.8 0
66.9 0.12
67 0
67.1 0
67.2 0.12
67.3 0
67.4 0
67.5 0.12
67.6 0
67.7 0
67.8 0.12
67.9 0
68 0
68.1 0.12
68.2 0
68.3 0
68.4 0.12
68.5 0
68.6 0
68.7 0.12
68.8 0
68.9 0
69 0.12
69.1 0
69.2 0
69.3 0.12
69.4 0
69.5 0
69.6 0.12
69.7 0
69.8 0.12
69.9 0
70 0
70.1 0.12
70.2 0
70.3 0.12
70.4 0
70.5 0.12
70.6 0
70.7 0
70.8 0.12
70.9 0
71 0.12
71.1 0
71.2 0
71.3 0.12
71.4 0
71.5 0.12
71.6 0
71.7 0.12
71.8 0
71.9 0
72 0.12
72.1 0
72.2 0.12
72.3 0
72.4 0
72.5 0.12
72.6 0
72.7 0.12
72.8 0
72.9 0.12
73 0
73.1 0.12
73.2 0.12
73.3 0
73.4 0
73.5 0
73.6 0.12
73.7 0
73.8 0
73.9 0.12
74 0
74.1 0.12
74.2 0
74.3 0.12
74.4 0
74.5 0.12
74.6 0
74.7 0
74.8 0.12
74.9 0
75 0.12
75.1 0
75.2 0.12
75.3 0
75.4 0.12
75.5 0
75.6 0
75.7 0.12
75.8 0
75.9 0.12
76 0
76.1 0.12
76.2 0
76.3 0.12
76.4 0
76.5 0.12
76.6 0
76.7 0.12
76.8 0
76.9 0.12
77 0
77.1 0.12
77.2 0
77.3 0.12
77.4 0
77.5 0.12
77.6 0
77.7 0
77.8 0.12
77.9 0
78 0.12
78.1 0
78.2 0.12
78.3 0
78.4 0.12
78.5 0
78.6 0.12
78.7 0.12
78.8 0
78.9 0.12
79 0
79.1 0.12
79.2 0
79.3 0.12
79.4 0.12
79.5 0
79.6 0.12
79.7 0
79.8 0.12
79.9 0.12
80 0
80.1 0.12
80.2 0
80.3 0.12
80.4 0.12
80.5 0
80.6 0.12
80.7 0
80.8 0.12
80.9 0
81 0.12
81.1 0.12
81.2 0
81.3 0.12
81.4 0
81.5 0.12
81.6 0.12
81.7 0
81.8 0.12
81.9 0
82 0.12
82.1 0
82.2 0.12
82.3 0.12
82.4 0
82.5 0.12
82.6 0
82.7 0
82.8 0.12
82.9 0
83 0
83.1 0.12
83.2 0
83.3 0
83.4 0.12
83.5 0
83.6 0
83.7 0.12
83.8 0
83.9 0
84 0.12
84.1 0
84.2 0
84.3 0.12
84.4 0
84.5 0.12
84.6 0
84.7 0
84.8 0.12
84.9 0
85 0
85.1 0.12
85.2 0
85.3 0
85.4 0.12
85.5 0
85.6 0.12
85.7 0
85.8 0
85.9 0.12
86 0
86.1 0
86.2 0.12
86.3 0
86.4 0.12
86.5 0
86.6 0
86.7 0.12
86.8 0
86.9 0
87 0.12
87.1 0
87.2 0
87.3 0.12
87.4 0
87.5 0.12
87.6 0
87.7 0
87.8 0.12
87.9 0
88 0
88.1 0.12
88.2 0
88.3 0
88.4 0.12
88.5 0
88.6 0.12
88.7 0
88.8 0
88.9 0.12
89 0
89.1 0
89.2 0.12
89.3 0
89.4 0
89.5 0
89.6 0.12
89.7 0
89.8 0
89.9 0.12
90 0
90.1 0
90.2 0.12
90.3 0
90.4 0
90.5 0.12
90.6 0
90.7 0
90.8 0
90.9 0.12
91 0
91.1 0
91.2 0.12
91.3 0
91.4 0
91.5 0.12
91.6 0
91.7 0
91.8 0.12
91.9 0
92 0
92.1 0
92.2 0.12
92.3 0
92.4 0
92.5 0.12
92.6 0
92.7 0
92.8 0.12
92.9 0
93 0
93.1 0
93.2 0.12
93.3 0
93.4 0
93.5 0
93.6 0.12
93.7 0
93.8 0
93.9 0
94 0.12
94.1 0
94.2 0
94.3 0
94.4 0.12
94.5 0
94.6 0
94.7 0
94.8 0.12
94.9 0
95 0
95.1 0
95.2 0.12
95.3 0
95.4 0
95.5 0
95.6 0.12
95.7 0
95.8 0
95.9 0
96 0
96.1 0.12
96.2 0
96.3 0
96.4 0
96.5 0
96.6 0.12
96.7 0
96.8 0
96.9 0
97 0
97.1 0.12
97.2 0
97.3 0
97.4 0
97.5 0
97.6 0.12
97.7 0
97.8 0
97.9 0
98 0
98.1 0.12
98.2 0
98.3 0
98.4 0
98.5 0
98.6 0.12
98.7 0
98.8 0
98.9 0
99 0
99.1 0
99.2 0
99.3 0
99.4 0.12
99.5 0
99.6 0
99.7 0
99.8 0
99.9 0
100 0
