0.0201114 10
0.0416094 11
0.0464158 13
0.0512222 15
0.0560286 17
0.060835 19
0.0704478 21
0.0752542 23
0.0800606 25
0.084867 27
0.0896734 29
0.450153 29.0511
1.64935 17.7058
2.3643 12.9151
3.97685 12.8764
4.61129 8.71754
4.89607 9.57251
5.08833 7.57251
5.63386 9.57251
5.8958 6.39157
6.62638 8.39157
6.7922 6.39157
7.63933 8.39157
7.70061 6.39157
8.13078 6.2797
8.48285 8.2797
8.66189 6.2797
8.84213 5.91022
9.60034 7.91022
9.82263 5.91022
9.96803 5.34116
10.0425 7.34116
10.0425 4
10.2786 5
10.2786 4
10.4054 6
10.4054 4
10.6626 10
10.6626 12
10.8512 14
11.1107 16
11.2321 18
11.3511 18.5117
11.595 20.5117
11.7188 20.3474
11.8389 20.0552
11.9459 19.7459
12.0432 19.4876
12.1417 19.27
12.2391 19.0919
12.3376 18.9448
12.4337 18.8156
12.5322 18.7196
12.632 20.7196
12.7293 21.5994
12.8278 21.5566
12.9264 21.5345
13.0153 21.4793
13.0958 21.4413
13.1775 21.4289
13.2556 21.4178
13.6557 23.4178
13.7362 24.7486
14.3046 26.7486
14.3683 26.9109
14.9162 27.1395
14.9715 27.6119
15.0304 27.8564
15.0856 28.107
15.1433 30.107
15.2022 31.625
15.7141 33.625
15.7597 34.4019
16.1238 34.4827
16.1647 34.8087
16.2055 35.2272
16.2488 37.2272
16.2896 38.7562
16.7246 40.7562
16.7607 42.2845
16.9746 42.4979
17.0106 42.9337
17.1139 44.9337
17.1476 46.4061
17.4023 48.4061
17.4348 49.5981
17.6691 49.8577
17.6979 51.8577
17.7268 53.4296
17.9166 53.7141
17.9442 55.7141
17.9707 57.3073
18.1738 59.3073
18.1978 60.5725
18.3912 62.5725
18.4129 63.7977
18.5691 63.9703
18.5907 65.9703
18.6123 67.5304
18.7433 69.5304
18.7625 70.7044
18.926 72.7044
18.9452 73.8391
19.081 75.8391
19.1002 76.3163
19.2288 78.3163
19.2456 79.7825
19.3525 81.7825
19.3681 82.7997
19.4871 84.7997
19.5027 86.2452
19.6169 88.2452
19.6337 89.4482
19.725 89.9344
19.7503 87.9344
19.7563 87.9482
19.7611 54
19.7611 53
19.7611 54
19.8512 55
19.8584 56
19.8656 57
19.8728 58
19.88 59
19.8872 60
19.8945 61
19.9029 62
19.9101 63
19.9161 64
19.9233 65
19.9305 66
19.9377 67
19.9437 68
19.9509 69
19.9593 70
19.9653 71
19.9726 72
19.9798 73
19.9858 74
19.993 75
20.0002 76
20.0074 77
20.0134 78
20.0218 79
20.0278 80
20.035 81
20.0435 82
20.0495 83
20.0651 87.9482
20.0651 11.3218
20.0651 12.3218
20.0711 14.3218
20.0807 16.3218
20.0951 18.3218
20.1107 20.3218
20.1252 22.3218
20.1396 24.3218
20.1552 26.3218
20.1708 28.3218
20.1852 30.3218
20.2009 32.3218
20.2153 34.3218
20.2297 36.3218
20.2441 38.3218
20.2585 40.3218
20.2729 42.3218
20.2898 44.3218
20.3042 46.3218
20.3198 48.3218
20.3354 50.3218
20.3499 52.3218
20.4484 54.3218
20.4628 56.3218
20.4784 58.3218
20.4928 60.3218
20.5049 62.3218
20.5193 64.3218
20.5349 66.3218
20.5493 68.3218
20.5637 70.3218
20.5782 72.3218
20.5938 74.3218
20.6082 76.3218
20.6226 78.3218
20.6382 80.3218
20.6527 82.3218
20.6707 84.3218
20.6875 86.3218
20.7019 88.2735
21.6344 90.2735
21.9276 88.2735
22.0958 89.0704
22.1571 91.0704
22.1667 91.3564
22.2039 93.3564
22.2159 94.1581
22.2652 96.0836
22.3025 97.393
23.8249 99.3156
23.9895 99.2258
24.0027 101.166
24.0147 101.073
24.0279 100.992
24.04 100.921
24.0532 100.899
24.0664 100.88
24.0784 100.863
24.1024 100.79
24.1145 100.704
24.1265 100.588
24.1385 100.488
24.1529 100.439
24.356 102.033
24.4197 104.033
24.4305 105.834
24.4617 106.883
24.5158 108.883
24.5254 110.187
24.5699 112.187
24.5795 113.466
24.6215 115.466
24.6336 116.72
24.7537 117.858
24.8126 115.858
24.8222 117.763
24.8907 119.614
24.9544 121.614
24.9652 123.087
25.0085 125.087
25.0193 125.692
25.0553 127.392
25.1166 129.392
25.1262 129.912
26.7664 131.912
27.0584 129.912
27.1737 130.276
27.2146 132.124
27.2458 134.124
27.253 134.34
27.2939 136.34
27.3011 136.937
27.3251 138.937
27.3323 139.102
27.3636 140.411
27.3972 142.411
27.4044 142.934
27.4357 144.177
29.1131 146.177
29.4039 144.177
29.5181 144.596
29.5517 146.596
29.5589 147.504
29.5829 148.803
29.5926 150.803
29.5974 151.738
29.6262 153.738
29.6298 154.673
29.6574 156.673
29.6635 157.608
29.6911 159.608
29.6971 160.543
29.7175 162.52
29.7512 164.52
29.7584 164.954
29.7848 166.954
29.792 167.862
30.0864 167.76
30.0936 167.489
30.102 167.392
30.1092 167.237
30.1165 167.101
30.1249 167.052
31.4538 169.052
31.7434 167.052
31.9261 168.798
31.9573 170.322
31.9825 172.322
31.9898 172.896
32.009 173.282
32.0414 175.258
32.0655 177.208
32.0979 179.134
32.1219 180.491
32.9919 118
32.9919 117
32.9919 118
33.1469 117
33.3392 118
33.3404 117
33.3404 118
33.3416 119
33.3428 120
33.344 121
33.3452 122
33.3464 123
33.3476 124
33.3488 125
33.35 126
33.3512 127
33.3524 128
33.3536 129
33.3548 130
33.356 131
33.3572 132
33.3584 133
33.3608 134
33.3644 135
33.368 136
33.3704 137
33.374 138
33.3776 139
33.3812 140
33.3836 141
33.3872 142
33.3908 143
33.3944 144
33.3968 145
33.4004 146
33.404 147
33.4064 148
33.41 149
33.4137 150
33.4173 151
33.4209 152
33.4233 153
33.4269 154
33.4305 155
33.4329 156
33.4365 157
33.4401 158
33.4437 159
33.4461 160
33.4497 161
33.4569 162
33.4605 163
33.4629 180.491
33.4629 11.3218
33.4629 12.3218
33.4701 14.3218
33.4761 16.3218
33.4833 18.3218
33.4893 20.3218
33.4966 22.3218
33.5026 24.3218
33.5086 26.3218
33.5158 28.3218
33.523 30.3218
33.529 32.3218
33.535 34.3218
33.5422 36.3218
33.5482 38.3218
33.5554 40.3218
33.5614 42.3218
33.5687 44.3218
33.5747 46.3218
33.5819 48.3218
33.5879 50.3218
33.5951 52.3218
33.6011 54.3218
33.6083 56.3218
33.6143 58.3218
33.6287 60.3218
33.6347 62.3218
33.6407 64.3218
33.6432 66.3218
33.6456 68.3218
33.648 70.3218
33.6504 72.3218
33.6528 74.3218
33.6552 76.3218
33.6636 78.3218
33.6696 80.3218
33.6768 82.3218
33.6828 84.3218
33.69 86.3218
33.696 88.3218
33.7032 90.3218
33.7092 92.3218
33.7164 94.3218
33.7225 96.3218
33.7297 98.3218
33.7357 100.322
33.7429 102.322
33.7489 104.322
33.7573 106.322
33.8498 108.322
33.8582 110.322
33.8666 112.322
33.8751 114.322
33.8823 116.322
33.8871 118.322
33.8919 120.322
33.8943 122.322
33.8991 124.322
33.9063 126.322
33.9123 128.322
33.9183 130.322
33.9255 132.322
33.9327 134.322
33.9375 136.322
33.9448 138.322
33.952 140.322
33.9592 142.322
33.9652 144.322
33.9724 146.322
33.9796 148.322
33.9868 150.322
33.9916 152.322
34.0012 154.322
34.006 156.322
34.0156 158.322
34.0253 158.416
34.1058 156.416
34.3641 156.867
34.3761 157.448
34.3845 159.448
34.3893 160.624
34.447 162.624
34.4542 162.746
35.8745 164.746
36.1269 162.746
36.2795 163.555
36.3083 165.261
36.3311 166.41
36.3648 168.07
36.3864 168.642
36.4104 170.642
36.4152 170.787
36.4417 172.787
36.4489 172.92
36.4657 173.956
36.497 175.956
36.5042 176.05
37.898 178.05
38.1504 176.05
38.3138 177.481
38.3354 178.439
38.3666 180.439
38.3714 180.45
38.3907 181.907
38.4135 183.907
38.4183 184.435
38.4339 186.435
38.4375 186.962
38.4556 188.962
38.4592 189.489
38.4844 191.489
38.488 192.017
38.4988 194.017
38.5036 194.544
38.5253 196.544
38.5313 197.071
39.1561 197.314
39.2006 197.548
39.2126 198.713
39.9179 200.713
40.169 198.713
40.3709 198.887
40.3925 200.373
40.425 201.838
40.4466 203.285
40.4586 204.055
40.4791 204.809
40.4983 206.199
40.5223 208.199
40.5247 208.224
40.5403 208.924
41.9306 210.924
41.969 211.046
42.0087 212.206
42.1841 210.206
42.2766 212.206
42.2887 212.51
42.2971 214.087
42.3163 215.688
42.3211 215.869
42.3235 216.423
42.3259 217.088
42.3295 218.8
42.3343 218.938
42.3367 219.671
42.3391 219.969
42.3415 221.059
42.3439 221.869
42.3463 222.51
42.3487 223.364
42.3536 225.311
42.362 227.311
42.3656 227.695
42.38 229.695
42.3836 230.106
42.4052 232.106
42.41 232.434
42.4232 232.958
42.4449 234.958
42.4497 235.097
42.4713 236.4
42.4845 236.871
42.5146 238.871
42.5194 239.769
43.9517 241.769
44.0202 179.398
44.0202 4
44.0226 6
44.0226 4
44.0274 6
44.0274 4
44.0298 6
44.0298 4
44.0346 6
44.0346 4
44.0394 6
44.0394 4
44.0442 6
44.0442 4
44.049 6
44.049 4
44.0514 6
44.0514 4
44.0562 6
44.0562 4
44.0622 6
44.0622 4
44.067 6
44.067 4
44.0718 6
44.0718 4
44.0754 6
44.0754 4
44.079 6
44.079 4
44.0839 6
44.0839 4
44.0887 6
44.0887 4
44.0935 6
44.0935 4
44.0959 6
44.0959 4
44.1007 6
44.1007 4
44.1055 6
44.1055 4
44.1103 6
44.1103 4
44.1151 6
44.1151 4
44.1175 6
44.1175 4
44.1223 6
44.1223 4
44.1271 6
44.1271 4
44.1319 6
44.1319 4
44.1343 6
44.1343 4
44.1391 6
44.1391 4
44.1439 6
44.1439 4
44.1487 6
44.1487 4
44.156 6
44.156 4
44.1584 6
44.1584 4
44.1632 6
44.1632 4
44.168 6
44.168 4
44.1728 6
44.1728 4
44.1776 6
44.1776 4
44.18 6
44.18 4
44.1848 6
44.1848 4
44.1908 6
44.1908 4
44.1956 6
44.1956 4
44.198 6
44.198 4
44.2028 6
44.2028 4
44.2076 6
44.2076 4
44.2124 6
44.2124 4
44.2148 6
44.2148 4
44.2196 6
44.2196 4
44.2244 6
44.2244 4
44.2292 6
44.2292 4
44.2341 6
44.2341 4
44.2365 6
44.2365 4
44.2413 6
44.2413 4
44.2461 6
44.2461 4
44.2509 6
44.2509 4
44.2533 6
44.2533 4
44.2581 6
44.2581 4
44.2629 6
44.2629 4
44.2677 6
44.2677 4
44.2725 6
44.2725 4
44.2749 6
44.2749 4
44.2797 6
44.2797 4
44.2857 6
44.2857 4
44.2905 6
44.2905 4
44.2953 6
44.2953 4
44.2977 6
44.2977 4
44.3025 6
44.3025 4
44.3074 6
44.3074 4
44.3122 6
44.3122 4
44.317 6
44.317 4
44.3194 6
44.3194 4
44.3242 6
44.3242 4
44.329 6
44.329 4
44.3314 6
44.3314 4
44.3362 6
44.3362 4
44.341 6
44.341 4
44.3458 6
44.3458 4
44.3506 6
44.3506 4
44.3554 6
44.3554 4
44.3578 6
44.3578 4
44.3626 6
44.3626 4
44.3674 6
44.3674 4
44.3698 6
44.3698 4
44.3746 6
44.3746 4
44.3782 6
44.3782 4
44.3819 6
44.3819 4
44.3867 6
44.3867 4
44.3891 6
44.3891 4
44.3939 6
44.3939 4
44.3987 6
44.3987 4
44.4011 6
44.4011 4
44.4059 6
44.4059 4
44.4095 6
44.4095 4
44.5837 6
44.5837 4
44.5909 6
44.5909 4
44.7123 241.769
44.7123 243.769
44.7207 245.769
44.8421 247.769
44.8493 243.245
44.8541 229.256
44.8613 217.251
44.8661 206.865
44.8733 198.131
44.8817 190.96
44.8889 185.039
44.8949 179.976
44.9009 175.781
44.9082 172.583
44.9154 170.137
44.9226 168.233
44.9274 166.685
44.9346 165.684
44.9418 165.162
44.949 165.058
44.9538 164.967
45.2482 166.967
45.42 164.967
45.569 162.944
46.6288 164.944
46.7995 162.944
47.0458 163.23
47.0698 164.105
47.0818 164.967
47.0891 166.094
48.0071 168.094
48.1801 166.094
48.4156 166.378
49.3841 168.378
49.5571 166.378
49.759 166.656
50.7648 168.656
50.939 166.656
52.1442 168.656
52.3148 166.656
53.3554 164.211
53.5236 166.211
53.6967 164.211
53.8613 153
53.8613 152
53.8613 153
53.9358 152
54.0752 153
54.0764 154
54.0788 155
54.0824 156
54.0848 157
54.0884 158
54.0896 159
54.0932 160
54.0956 161
54.0992 162
54.1004 163
54.104 164
54.1052 164.211
54.1797 163.211
54.1797 164.211
54.2542 11.3218
54.2542 12.3218
54.259 14.3218
54.2638 16.3218
54.2734 18.3218
54.277 20.3218
54.2818 22.3218
54.2854 24.3218
54.289 26.3218
54.2938 28.3218
54.2999 30.3218
54.3035 32.3218
54.3059 34.3218
54.3083 36.3218
54.3107 38.3218
54.3131 40.3218
54.3155 42.3218
54.3179 44.3218
54.3203 46.3218
54.3227 48.3218
54.3251 50.3218
54.3275 52.3218
54.3299 54.3218
54.3335 56.3218
54.3383 58.3218
54.3431 60.3218
54.3479 62.3218
54.3527 64.3218
54.3575 66.3218
54.3623 68.3218
54.3671 70.3218
54.372 72.3218
54.3756 74.3218
54.3816 76.3218
54.3852 78.3218
54.39 80.3218
54.3948 82.3218
54.3996 84.3218
54.4044 86.3218
54.4092 88.3218
54.414 90.3218
54.4188 92.3218
54.4236 94.3218
54.4272 96.3218
54.432 98.3218
54.4368 100.322
54.4416 102.322
54.4465 104.322
54.4513 106.322
54.4549 108.322
54.4609 110.322
54.4657 112.322
54.4705 114.322
54.4753 116.322
54.4789 118.322
54.4849 120.322
54.4885 122.322
54.4945 124.322
54.4981 126.322
54.5029 128.322
54.5077 130.322
54.5113 132.322
54.5161 134.322
54.521 136.322
54.5258 138.322
54.5294 140.322
54.5342 142.322
54.539 144.322
54.5438 146.322
54.5474 148.322
54.5522 150.322
54.557 152.322
54.5606 154.322
54.5642 156.322
54.569 158.322
54.5738 160.322
54.6339 161.432
54.8946 163.432
54.9559 134.936
54.9559 4
54.9583 6
54.9583 4
54.9631 6
54.9631 4
54.9679 6
54.9679 4
54.9728 6
54.9728 4
54.9776 6
54.9776 4
54.9836 6
54.9836 4
54.9884 6
54.9884 4
54.9932 6
54.9932 4
54.9956 6
54.9956 4
55.0004 6
55.0004 4
55.0052 6
55.0052 4
55.01 6
55.01 4
55.0148 6
55.0148 4
55.0196 6
55.0196 4
55.022 6
55.022 4
55.028 6
55.028 4
55.0328 6
55.0328 4
55.0376 6
55.0376 4
55.0424 6
55.0424 4
55.0473 6
55.0473 4
55.0521 6
55.0521 4
55.0569 6
55.0569 4
55.0593 6
55.0593 4
55.0641 6
55.0641 4
55.0689 6
55.0689 4
55.0737 6
55.0737 4
55.0797 6
55.0797 4
55.0845 6
55.0845 4
55.0869 6
55.0869 4
55.0917 6
55.0917 4
55.0965 6
55.0965 4
55.1013 6
55.1013 4
55.1037 6
55.1037 4
55.1085 6
55.1085 4
55.1133 6
55.1133 4
55.1181 6
55.1181 4
55.123 6
55.123 4
55.1302 6
55.1302 4
55.135 6
55.135 4
55.141 6
55.141 4
55.1458 6
55.1458 4
55.1506 6
55.1506 4
55.1554 6
55.1554 4
55.1626 6
55.1626 4
55.1674 6
55.1674 4
55.1722 6
55.1722 4
55.177 6
55.177 4
55.183 6
55.183 4
55.1902 6
55.1902 4
55.195 6
55.195 4
55.1999 6
55.1999 4
55.2047 6
55.2047 4
55.2095 6
55.2095 4
55.2143 6
55.2143 4
55.2191 6
55.2191 4
55.2239 6
55.2239 4
55.2287 6
55.2287 4
55.2311 6
55.2311 4
55.2371 6
55.2371 4
55.2419 6
55.2419 4
55.2455 6
55.2455 4
55.2491 6
55.2491 4
55.2539 6
55.2539 4
55.2563 6
55.2563 4
55.2611 6
55.2611 4
55.2659 6
55.2659 4
55.2683 6
55.2683 4
55.2732 6
55.2732 4
55.278 6
55.278 4
55.4414 6
55.4414 4
55.4498 6
55.4498 4
55.6192 164.211
55.6192 166.211
55.6264 168.211
55.8019 170.211
55.8067 172.211
55.8127 174.211
55.8187 176.211
55.8259 178.211
55.8331 180.211
55.8403 182.211
55.8463 184.211
55.8523 186.211
55.8595 188.211
55.8667 190.211
55.874 192.211
55.8812 194.211
55.8872 196.211
55.8944 198.211
55.9016 198.214
56.6946 200.214
56.9061 198.214
57.0792 181
57.0792 180
57.0792 181
57.1933 182
57.1945 183
57.1969 184
57.1981 185
57.2017 186
57.2029 187
57.2041 188
57.2077 189
57.2101 190
57.2113 189
57.2113 190
57.2126 191
57.2138 192
57.2162 193
57.2174 194
57.2198 195
57.221 196
57.2222 197
57.2258 198
57.227 199
57.2282 200
57.2294 201
57.2318 202
57.2342 203
57.2354 204
57.2366 205
57.239 206
57.2402 207
57.2414 208
57.2438 209
57.245 210
57.2462 210.24
57.2498 211.24
57.251 211.303
57.2546 211.736
57.2606 212.367
57.2642 213.367
57.2654 213.43
57.269 213.856
57.2726 214.709
57.275 215.709
57.2762 215.778
57.2907 216.201
57.4384 215.201
57.4384 216.201
57.5201 11.3218
57.5201 12.3218
57.5238 14.3218
57.5274 16.3218
57.531 18.3218
57.5346 20.3218
57.5382 22.3218
57.5418 24.3218
57.5454 26.3218
57.549 28.3218
57.5538 30.3218
57.5562 32.3218
57.5598 34.3218
57.5634 36.3218
57.5682 38.3218
57.5718 40.3218
57.5742 42.3218
57.5778 44.3218
57.5826 46.3218
57.5862 48.3218
57.5898 50.3218
57.5934 52.3218
57.5995 54.3218
57.6043 56.3218
57.6091 58.3218
57.6139 60.3218
57.6175 62.3218
57.6211 64.3218
57.6271 66.3218
57.6307 68.3218
57.6367 70.3218
57.6403 72.3218
57.6451 74.3218
57.6487 76.3218
57.6535 78.3218
57.6583 80.3218
57.6631 82.3218
57.6679 84.3218
57.6727 86.3218
57.6776 88.3218
57.6812 90.3218
57.6848 92.3218
57.6896 94.3218
57.6944 96.3218
57.6992 98.3218
57.704 100.322
57.7088 102.322
57.7136 104.322
57.7184 106.322
57.7388 108.322
57.7484 110.322
57.7533 112.322
57.7569 114.322
57.7605 116.322
57.7653 118.322
57.7689 120.322
57.7737 122.322
57.7773 124.322
57.7797 126.322
57.7821 128.322
57.7845 130.322
57.7869 132.322
57.7893 134.322
57.7917 136.322
57.7941 138.322
57.7965 140.322
57.7989 142.322
57.8013 144.322
57.8037 146.322
57.8061 148.322
57.8097 150.322
57.8133 152.322
57.8169 154.322
57.8205 156.322
57.8242 158.322
57.8278 160.322
57.8326 162.322
57.8362 164.322
57.841 166.322
57.9059 168.322
57.9107 170.322
57.9155 172.322
57.9203 174.322
57.9227 176.322
57.9275 178.322
57.9335 180.322
57.9383 182.322
57.9407 184.322
57.9455 186.322
57.9503 188.322
57.9551 190.322
57.9599 192.322
57.9647 194.322
57.9695 196.322
57.9768 198.322
57.984 200.322
57.9888 202.322
57.9936 204.322
58.0008 206.322
58.0056 208.322
58.008 210.322
58.0128 212.322
58.0176 214.322
58.02 216.201
58.3877 218.201
58.5992 216.201
60.0784 218.201
60.2898 216.201
60.4917 216.209
60.5013 217.046
60.5109 219.046
60.5133 219.166
60.5169 221.137
60.5302 222.137
60.5314 222.206
60.5338 182
60.5338 181
60.5338 182
60.5542 183
60.5554 184
60.559 185
60.5602 186
60.5614 187
60.5626 188
60.565 189
60.5662 190
60.5674 191
60.5686 192
60.571 193
60.5722 194
60.5734 195
60.5758 196
60.577 197
60.5782 198
60.5794 199
60.5818 200
60.583 201
60.5842 202
60.5878 203
60.589 204
60.5902 205
60.5926 206
60.5938 207
60.595 208
60.5962 209
60.5987 210
60.5999 211
60.6011 212
60.6023 213
60.6035 214
60.6059 215
60.6071 216
60.6083 217
60.6107 218
60.6119 219
60.6131 220
60.6155 221
60.6167 222
60.6179 223
60.6191 224
60.6227 225
60.6239 226
60.6251 227
60.6263 228
60.6287 229
60.6299 230
60.6311 231
60.6323 232
60.6335 233
60.6371 234
60.6383 235
60.6395 236
60.6407 236.472
60.6431 237.472
60.6443 237.51
60.6467 237.983
60.6563 238.849
60.6599 239.328
60.8366 11.3218
60.8366 12.3218
60.839 14.3218
60.8426 16.3218
60.8462 18.3218
60.8486 20.3218
60.8522 22.3218
60.8546 24.3218
60.8594 26.3218
60.8618 28.3218
60.8654 30.3218
60.869 32.3218
60.8726 34.3218
60.875 36.3218
60.8786 38.3218
60.8822 40.3218
60.8858 42.3218
60.8894 44.3218
60.893 46.3218
60.8954 48.3218
60.899 50.3218
60.9014 52.3218
60.9051 54.3218
60.9087 56.3218
60.9111 58.3218
60.9159 60.3218
60.9183 62.3218
60.9219 64.3218
60.9243 66.3218
60.9291 68.3218
60.9315 70.3218
60.9339 72.3218
60.9375 74.3218
60.9423 76.3218
60.9447 78.3218
60.9483 80.3218
60.9519 82.3218
60.9555 84.3218
60.9591 86.3218
60.9639 88.3218
60.9675 90.3218
60.9711 92.3218
60.9747 94.3218
60.9784 96.3218
60.9808 98.3218
60.9832 100.322
60.9856 102.322
60.988 104.322
60.9904 106.322
60.9928 108.322
60.9952 110.322
60.9976 112.322
61 114.322
61.0024 116.322
61.0048 118.322
61.0084 120.322
61.012 122.322
61.0156 124.322
61.0204 126.322
61.024 128.322
61.0276 130.322
61.0324 132.322
61.036 134.322
61.0408 136.322
61.0444 138.322
61.0492 140.322
61.0528 142.322
61.0565 144.322
61.0613 146.322
61.0649 148.322
61.0685 150.322
61.0721 152.322
61.0757 154.322
61.0805 156.322
61.0841 158.322
61.0877 160.322
61.0913 162.322
61.0949 164.322
61.0973 166.322
61.1009 168.322
61.1045 170.322
61.1081 172.322
61.1117 174.322
61.1165 176.322
61.1201 178.322
61.1562 180.322
61.1598 182.322
61.1634 184.322
61.167 186.322
61.1694 188.322
61.1718 190.322
61.1742 192.322
61.1766 194.322
61.179 196.322
61.1814 198.322
61.1838 200.322
61.1874 202.322
61.191 204.322
61.1946 206.322
61.1994 208.322
61.203 210.322
61.2067 212.322
61.2103 214.322
61.2139 216.322
61.2187 218.322
61.2223 217.452
61.2259 216.473
61.2295 215.617
61.2331 215.007
61.2379 214.473
61.2415 214.146
61.2451 213.86
61.2487 213.47
61.2523 213.268
61.2559 212.952
61.2595 212.815
61.2679 212.713
61.2812 212.682
61.2848 212.579
61.2884 212.488
61.292 212.269
61.2956 212.218
61.4926 214.191
61.5022 213.644
61.5047 212.397
61.5071 211.164
61.5095 209.804
61.5119 208.472
61.5143 207.166
61.5167 205.883
61.5191 204.618
61.5215 203.37
61.5239 201.997
61.5263 200.653
61.5287 199.337
61.5311 198.044
61.5335 196.771
61.5359 195.376
61.5383 194.155
61.5407 192.804
61.5431 191.481
61.5455 190.182
61.5479 188.764
61.5503 187.523
61.5527 186.155
61.5551 184.957
61.5575 183.628
61.5599 182.182
61.5623 180.916
61.5647 179.528
61.5671 178.312
61.5695 176.966
61.5719 175.507
61.5743 174.229
61.5767 172.829
61.5792 171.605
61.5828 170.392
61.5852 169.331
61.5876 168.12
61.59 166.778
61.5924 165.604
61.5948 164.295
61.5972 163.149
61.5996 161.865
61.602 160.599
61.6044 159.352
61.6068 157.977
61.6092 156.774
61.6116 155.44
61.614 154.131
61.6164 152.845
61.6188 151.579
61.6212 150.329
61.6236 148.954
61.626 147.751
61.6284 146.415
61.6308 145.412
61.6332 144.123
61.6356 142.943
61.638 141.69
61.6404 140.544
61.6428 141.177
61.6452 139.981
61.6476 138.651
61.65 137.345
61.6524 136.061
61.6549 134.655
61.6573 133.424
61.6597 132.064
61.6621 130.874
61.6645 129.55
61.6669 128.249
61.6693 126.97
61.6717 125.708
61.6741 124.463
61.6765 123.09
61.6789 122.472
61.6813 121.147
61.6837 119.96
61.6861 118.677
61.6885 117.531
61.6909 116.137
61.6933 115.041
61.6957 113.686
61.6981 112.501
61.7005 111.179
61.7029 109.735
61.7053 108.473
61.7077 107.082
61.7101 105.865
61.7125 104.514
61.7149 103.189
61.7173 101.887
61.7197 100.604
61.7221 100.744
61.7245 99.6043
61.7269 98.7113
61.7294 98.4731
61.7318 98.1954
61.7342 99.3177
61.7366 99.1091
61.739 98.1899
61.7414 97.5366
61.7438 97.7452
61.7462 99.1775
61.7486 98.4489
61.751 99.1008
61.7534 98.5539
61.7558 97.9164
61.7582 98.6209
61.7606 98.355
61.763 100.332
61.7654 100.665
61.7678 100.057
61.7702 100.294
61.7726 100.531
61.775 102.531
61.7774 102.975
61.7798 103.28
61.7822 102.727
61.7846 102.064
61.787 101.483
61.7894 100.974
61.7918 101.622
61.7942 101.183
61.7966 100.516
61.799 100.115
61.8014 99.5815
61.8038 98.9323
61.8063 98.547
61.8087 98.0276
61.8111 97.7548
61.8135 97.8591
61.8159 99.5863
61.8183 99.6499
61.8207 99.3584
61.8231 99.1043
61.8255 98.8812
61.8279 100.557
61.8303 101.014
61.8327 101.525
61.8351 101.408
61.8375 101.306
61.8567 103.306
61.8591 103.903
61.8832 104.035
61.888 102.035
61.9048 102.16
61.912 102.275
62.3302 104.275
62.395 102.275
62.8336 104.275
62.8949 102.275
63.3395 104.275
63.4044 102.275
63.7396 87.5677
63.8454 89.5677
63.9091 87.5677
64.3512 89.5677
64.4161 87.5677
64.4305 60.7838
64.8763 62.7838
64.94 60.7838
65.4002 62.7838
65.4639 60.7838
65.8232 58.4593
65.9289 60.4593
65.9938 58.4593
66.3399 50.3094
66.4468 52.3094
66.5093 50.3094
66.9936 52.3094
67.0681 50.3094
67.1786 34.1678
67.5968 36.1678
67.6592 34.1678
68.2504 36.1678
68.3249 34.1678
68.9017 36.1678
68.9702 34.1678
69.1036 31.529
69.6671 33.529
69.8414 26.712
70.6488 28.712
70.7137 26.712
70.9336 16.9558
71.4407 18.9558
71.5825 16.9558
71.9225 18.9558
71.9225 4
71.949 6
71.949 4
71.9718 6
71.9718 4
71.9946 6
71.9946 4
72.0138 6
72.0138 4
72.0367 6
72.0367 4
72.0571 6
72.0571 4
72.0787 6
72.0787 4
72.3695 222.206
72.3695 64.4952
73.0184 66.4952
73.0616 62.8329
73.3368 60.8329
73.4894 61.4648
73.5062 61.8018
73.5267 63.8018
73.5435 64.7914
73.6168 66.6761
73.7237 68.6761
73.7454 69.2362
74.3077 70.4924
74.3822 70.6043
74.5048 70.489
74.524 70.2887
74.5444 70.1961
74.5636 70.1146
74.5829 70.0435
74.6033 70.0359
74.6201 70.0021
74.6393 69.9717
74.6946 69.9482
74.7126 69.9247
74.7499 69.9109
75.4636 71.9109
75.8782 73.5283
75.9539 75.5283
75.9695 76.5387
76.0164 78.5387
76.032 79.0048
76.0921 81.0048
76.1065 81.9151
76.2291 79.9151
76.2723 80.174
76.2879 82.174
76.3024 83.5905
76.3997 85.5905
76.4141 85.8923
76.479 87.5773
76.5595 87.8536
76.5715 89.8536
76.5883 91.1678
78.2429 93.1678
78.5481 91.1678
78.6731 93.1678
78.6827 93.3633
78.7308 95.3633
78.7404 95.9392
78.7885 97.9392
78.7981 98.4834
78.8461 100.483
78.8558 100.996
78.9038 102.996
78.9134 103.477
80.6329 105.477
80.9369 103.477
81.0403 104.403
81.0823 106.403
81.0919 106.871
81.1328 108.348
81.1833 110.348
81.1929 110.739
81.2337 112.739
81.2433 113.43
81.2842 115.43
81.2962 115.769
82.481 117.286
82.8198 116.849
82.8306 116.447
82.8415 116.095
82.8523 115.835
82.8631 115.608
82.8727 115.361
82.8835 115.146
82.8943 114.956
82.9051 114.839
82.916 114.689
82.9268 114.604
82.9376 115.733
82.9484 115.668
82.9592 115.658
82.97 115.65
82.9808 115.595
82.9917 115.595
83.0013 115.547
83.0229 115.51
83.0337 115.472
83.0481 117.472
83.4387 119.472
83.4483 120.008
83.4759 121.537
83.5216 123.537
83.53 123.889
83.5576 125.889
83.5672 127.086
83.5865 127.541
83.6309 129.541
83.6417 130.181
83.6694 128.181
83.679 130.181
83.6862 130.328
83.7859 132.328
83.7931 132.43
83.8003 132.886
83.8628 134.886
83.87 134.945
83.9217 136.041
83.9722 138.041
83.9794 138.472
84.0142 139.026
85.4153 90
85.4153 89
85.4153 90
85.6796 91
85.6857 92
85.6893 93
85.6929 94
85.6989 95
85.7025 96
85.7061 97
85.7121 98
85.7157 99
85.7193 100
85.7253 101
85.7313 102
85.7373 103
85.7409 102
85.7409 103
85.7445 104
85.7481 105
85.7542 106
85.7578 107
85.7614 108
85.7674 109
85.771 110
85.7746 111
85.7794 112
85.7842 113
85.7878 114
85.7938 115
85.7962 116
85.801 117
85.8034 116
85.8034 117
85.8094 118
85.813 119
85.819 120
85.8226 121
85.8262 122
85.8323 123
85.8359 124
85.8395 125
85.8431 126
85.8491 127
85.8527 128
85.8587 129
85.8623 130
85.8683 131
85.8719 132
85.8755 133
85.8791 134
85.8851 135
85.8875 136
85.8911 137
85.8947 138
85.8971 139
85.8995 140
85.9007 141
85.9019 141.026
85.9668 139.026
85.9897 139.494
86.0053 140.494
86.0089 140.686
86.0197 141.686
86.0233 141.873
86.0389 142.143
86.0425 143.143
86.0473 144.143
86.0497 145.143
86.0533 11.3218
86.0533 12.3218
86.0605 14.3218
86.069 16.3218
86.0762 18.3218
86.0834 20.3218
86.0906 22.3218
86.099 24.3218
86.1062 26.3218
86.1122 28.3218
86.1194 30.3218
86.1278 32.3218
86.1362 34.3218
86.1423 36.3218
86.1507 38.3218
86.1579 40.3218
86.1651 42.3218
86.1723 44.3218
86.1795 46.3218
86.1879 48.3218
86.1951 50.3218
86.2011 52.3218
86.2144 54.3218
86.2216 56.3218
86.2264 58.3218
86.2288 60.3218
86.2312 62.3218
86.2336 64.3218
86.236 66.3218
86.2432 68.3218
86.2504 70.3218
86.2576 72.3218
86.266 74.3218
86.272 76.3218
86.2804 78.3218
86.2913 80.3218
86.3009 82.3218
86.3117 84.3218
86.3213 86.3218
86.3309 88.3218
86.3417 90.3218
86.3513 92.3218
86.4535 94.3218
86.4607 96.3218
86.4679 98.3218
86.4775 100.322
86.4847 102.322
86.4895 104.322
86.4919 106.322
86.4991 108.322
86.5063 110.322
86.5136 112.322
86.5208 114.322
86.528 116.322
86.5364 118.322
86.5436 120.322
86.5532 122.322
86.5604 124.322
86.5676 126.322
86.5772 128.322
86.5844 130.322
86.5917 132.322
86.5989 134.322
86.6097 136.322
86.6169 138.322
86.6265 140.322
86.6361 142.322
86.6457 144.322
86.6553 146.322
86.665 148.322
86.6746 150.322
86.6854 152.322
86.695 153.518
87.8017 155.518
88.072 153.518
88.2234 154.342
88.2547 156.268
88.2799 158.169
88.3111 160.046
88.3424 161.898
88.3688 162.716
88.4001 164.517
88.4301 166.294
89.9657 168.294
90.2373 166.294
90.4007 168.294
90.4043 168.468
90.426 170.468
90.4308 171.148
90.4464 173.148
90.45 173.828
90.4728 175.828
90.4764 176.508
90.4993 178.508
90.5029 179.188
90.5209 181.188
90.5257 181.333
90.5473 183.333
90.5521 184.005
90.5738 186.005
90.5774 186.677
90.5822 188.677
90.5894 188.899
90.6002 189.348
90.6146 189.907
90.6194 191.035
90.6266 193.035
90.6326 193.731
92.1262 195.731
92.3966 193.731
92.5961 193.887
92.6177 194.299
92.6381 195.3
92.6573 195.905
92.6645 197.905
92.6693 198.712
92.685 199.055
92.7018 199.39
92.7354 201.39
92.7414 202.128
92.7583 203.636
93.3543 204.185
93.3711 204.409
93.3759 204.513
93.4035 206.333
93.424 206.532
93.4612 206.601
93.645 207.003
93.6715 207.017
93.7039 207.097
94.2819 209.097
94.5499 207.097
94.6568 207.32
94.6772 208.333
94.6964 208.588
94.7229 210.588
94.7277 211.769
94.7421 213.769
94.7469 214.198
94.7758 215.856
94.7986 216.743
94.8298 217.727
94.8563 219.727
94.8611 220.767
94.8803 222.311
96.4304 224.311
96.601 154.955
96.601 4
96.6058 6
96.6058 4
96.6106 6
96.6106 4
96.6154 6
96.6154 4
96.6202 6
96.6202 4
96.625 6
96.625 4
96.6298 6
96.6298 4
96.6346 6
96.6346 4
96.6394 6
96.6394 4
96.6442 6
96.6442 4
96.649 6
96.649 4
96.6539 6
96.6539 4
96.6587 6
96.6587 4
96.6635 6
96.6635 4
96.6683 6
96.6683 4
96.6731 6
96.6731 4
96.6779 6
96.6779 4
96.6827 6
96.6827 4
96.6875 6
96.6875 4
96.6923 6
96.6923 4
96.6971 6
96.6971 4
96.7019 6
96.7019 4
96.7067 6
96.7067 4
96.7115 6
96.7115 4
96.7163 6
96.7163 4
96.7211 6
96.7211 4
96.7272 6
96.7272 4
96.7332 6
96.7332 4
96.738 6
96.738 4
96.7428 6
96.7428 4
96.7476 6
96.7476 4
96.7524 6
96.7524 4
96.7572 6
96.7572 4
96.762 6
96.762 4
96.7668 6
96.7668 4
96.7716 6
96.7716 4
96.7764 6
96.7764 4
96.7812 6
96.7812 4
96.786 6
96.786 4
96.7908 6
96.7908 4
96.7956 6
96.7956 4
96.8004 6
96.8004 4
96.8053 6
96.8053 4
96.8101 6
96.8101 4
96.8149 6
96.8149 4
96.8197 6
96.8197 4
96.8221 6
96.8221 4
96.8269 6
96.8269 4
96.8317 6
96.8317 4
96.8365 6
96.8365 4
96.8413 6
96.8413 4
96.8437 6
96.8437 4
96.8485 6
96.8485 4
96.8533 6
96.8533 4
96.8581 6
96.8581 4
96.8629 6
96.8629 4
96.8677 6
96.8677 4
96.8701 6
96.8701 4
96.8749 6
96.8749 4
96.8798 6
96.8798 4
96.8846 6
96.8846 4
96.8894 6
96.8894 4
96.8942 6
96.8942 4
96.8966 6
96.8966 4
96.9014 6
96.9014 4
96.9062 6
96.9062 4
96.911 6
96.911 4
96.9158 6
96.9158 4
96.9206 6
96.9206 4
96.9254 6
96.9254 4
96.9302 6
96.9302 4
96.9326 6
96.9326 4
96.9374 6
96.9374 4
96.9422 6
96.9422 4
96.947 6
96.947 4
96.9519 6
96.9519 4
96.9567 6
96.9567 4
96.9591 6
96.9591 4
96.9639 6
96.9639 4
96.9687 6
96.9687 4
96.9735 6
96.9735 4
96.9783 6
96.9783 4
96.9807 6
96.9807 4
96.9867 6
96.9867 4
97.1729 6
97.1729 4
97.1802 6
97.1802 4
97.3676 224.311
97.3676 226.311
97.3748 228.311
97.5623 230.311
97.5671 232.311
97.5743 234.311
97.5815 236.311
97.5887 236.831
97.5959 229.832
97.6031 224.03
97.6103 219.167
97.6151 215.019
97.6223 211.604
97.6296 208.831
97.6368 206.726
97.644 205.098
97.6512 203.996
97.6584 203.353
97.6656 203.004
97.6728 202.914
97.8579 204.914
98.0934 202.914
99.73 204.914
99.8898 184
99.8898 183
99.8898 184
