0.0201578 10
0.042811 11
0.0476174 13
0.0524238 15
0.0572302 17
0.0620366 19
0.0680446 21
0.072851 23
0.0764558 25
0.0824638 27
0.0860686 29
0.0920766 31
0.0956814 33
0.101689 35
0.105294 37
0.111302 39
0.113705 41
0.120915 43
0.123318 45
0.128125 47
0.131729 49
0.140141 51
0.142544 53
0.14735 55
0.150955 57
0.159366 59
0.161769 61
0.166576 63
0.168979 65
0.173785 67
0.176189 69
0.180995 71
0.183398 73
0.188205 75
0.190608 77
0.193011 79
0.195414 81
0.202624 83
0.205027 85
0.20743 87
0.209833 89
0.21464 91
0.250688 92
0.284333 93
0.313171 94
0.342009 95
0.375654 96
0.409299 97
0.440541 98
0.466976 99
0.495814 100
0.529459 101
0.565507 102
0.594345 103
0.620781 104
0.649619 105
0.679659 106
0.709699 107
0.738537 108
0.766174 109
0.795013 110
0.823851 111
0.852689 112
0.881528 113
0.910366 114
0.939205 115
0.968043 116
0.996881 117
1.02572 118
1.05456 119
1.0834 120
1.11224 121
1.14107 122
1.16991 123
1.19755 124
1.22759 125
1.25523 126
1.28527 127
1.3141 128
1.34174 129
1.37058 130
1.39942 131
1.42826 132
1.45709 133
1.48593 134
1.51477 135
1.54361 136
1.57245 137
1.60129 138
1.63012 139
1.65896 140
1.6878 141
1.71664 142
1.74548 143
1.77432 144
1.80195 145
1.83079 146
1.85843 147
1.88246 148
1.90649 149
1.93173 150
1.95816 151
1.9846 152
2.01103 153
2.03747 154
2.0639 155
2.09034 156
2.11677 157
2.14201 158
2.16844 159
2.19488 160
2.22131 161
2.24775 162
2.27418 163
2.30062 164
2.32705 165
2.35349 166
2.37992 167
2.40516 168
2.43159 169
2.45803 170
2.48446 171
2.5109 172
2.53733 173
2.56377 174
2.589 175
2.61303 176
2.63827 177
2.6635 178
2.68873 179
2.71397 180
2.7392 181
2.76444 182
2.78967 183
2.8161 184
2.84134 185
2.86657 186
2.8918 187
2.91704 188
2.94227 189
2.96751 190
2.99394 191
3.01917 192
3.04441 193
3.06964 194
3.09488 195
3.12011 196
3.14534 197
3.17178 198
3.19701 199
3.22224 200
3.24748 201
3.27271 202
3.29795 203
3.32318 204
3.34841 205
3.37365 206
3.40008 207
3.42532 208
3.45055 209
3.47578 210
3.50102 211
3.52625 212
3.55148 213
3.57672 214
3.60195 215
3.62718 216
3.65242 217
3.67765 218
3.70288 219
3.72932 220
3.75335 221
3.77979 222
3.80382 223
3.83025 224
3.85429 225
3.88072 226
3.90596 227
3.93119 228
3.95642 229
3.98166 230
4.00689 231
4.03212 232
4.05736 233
4.08259 234
4.10782 235
4.13306 236
4.15709 237
4.18232 238
4.20756 239
4.23279 240
4.25802 241
4.28326 242
4.30849 243
4.33372 244
4.35896 245
4.38419 246
4.40943 247
4.43466 248
4.45989 249
4.48513 250
4.51036 251
4.53439 252
4.56083 253
4.58486 254
4.61009 255
4.63533 256
4.66056 257
4.68579 258
4.71103 259
4.73626 260
4.76149 261
4.78673 262
4.81076 263
4.83599 264
4.86123 265
4.88646 266
4.91169 267
4.93573 268
4.95976 269
4.98379 270
5.00782 271
5.03185 272
5.05709 273
5.08112 274
5.10635 275
5.13039 276
5.15562 277
5.17965 278
5.20488 279
5.23012 280
5.25655 281
5.28179 282
5.30702 283
5.33105 284
5.35508 285
5.37912 286
5.40315 287
5.42718 288
5.45121 289
5.47524 290
5.49928 291
5.52451 292
5.54974 293
5.57378 294
5.59901 295
5.62544 296
5.65068 297
5.67471 298
5.69874 299
5.72277 300
5.74681 301
5.77084 302
5.79487 303
5.8189 304
5.84414 305
5.86817 306
5.8922 307
5.91864 308
5.94267 309
5.9679 310
5.99313 311
6.01957 312
6.046 313
6.07004 314
6.09407 315
6.1181 316
6.14213 317
6.16616 318
6.1902 319
6.21423 320
6.23826 321
6.26229 322
6.28632 323
6.31036 324
6.33439 325
6.35962 326
6.38486 327
6.41009 328
6.43532 329
6.45936 330
6.48459 331
6.50862 332
6.53265 333
6.55668 334
6.58072 335
6.60475 336
6.60956 335
6.61076 334.391
6.61197 334.086
6.61317 333.781
6.61437 333.477
6.61557 333.172
6.61677 332.867
6.61797 332.562
6.61918 331
6.62038 330
6.62158 329
6.62278 328
6.62398 327
6.62518 326
6.62759 325
6.6288 324.064
6.63 323.76
6.63121 321
6.63241 320
6.63361 318
6.63481 317
6.63601 316
6.63721 315
6.63842 314
6.63962 313.261
6.64082 312.956
6.64202 311
6.64322 310
6.64442 309
6.64563 308
6.64683 307
6.64803 306
6.64923 305
6.65043 304.458
6.65163 303
6.65284 302
6.65404 301
6.65524 300
6.65644 299
6.65764 297
6.65884 296
6.66005 295
6.66125 294.655
6.66245 293
6.66365 292
6.66485 291
6.66605 290
6.66725 289
6.66846 288
6.66966 287
6.67086 286.157
6.67206 285.852
6.67326 284
6.67446 283
6.67567 282
6.67687 281
6.67807 280
6.67927 279
6.68047 278
6.68167 276.354
6.68288 276.049
6.68408 275
6.68528 274
6.68648 273
6.68768 272
6.68888 271
6.69009 270
6.69129 269
6.69249 268
6.69369 267
6.69489 266
6.69609 265
6.69729 264
6.6985 263
6.6997 262
6.7009 261
6.7021 260
6.7033 259
6.7045 258
6.70571 256
6.70691 255
6.70811 254
6.70931 253
6.71051 252
6.71171 251
6.71292 250
6.71412 249
6.71532 248
6.71652 247
6.71772 246
6.71892 245
6.72013 244
6.72133 243
6.72253 242
6.72373 241
6.72493 240
6.72613 239
6.72733 238
6.72854 237
6.72974 235
6.78021 234
6.80544 233
6.83067 232
6.85591 231
6.85711 230
6.90397 229
6.928 228
6.95203 227
6.97607 226
6.9989 235
7.0013 234
7.00851 235
7.29206 236
7.31249 237
7.37978 238
7.43866 239
7.48672 240
7.52277 241
7.55882 242
7.59487 243
7.62731 244
7.66216 245
7.6946 246
7.72224 247
7.75108 248
7.78112 249
7.81116 250
7.83999 251
7.86643 252
7.89286 253
7.9217 254
7.94934 255
7.97938 256
8.00702 257
8.03706 258
8.06349 259
8.09233 260
8.11997 261
8.15001 262
8.17644 263
8.20528 264
8.23412 265
8.26296 266
8.293 267
8.32304 268
8.35308 269
8.38312 270
8.41196 271
8.44079 272
8.47083 273
8.50087 274
8.52971 275
8.55855 276
8.5922 277
8.62103 278
8.65588 279
8.68832 280
8.72317 281
8.75802 282
8.79166 283
8.82651 284
8.86135 285
8.8974 286
8.93105 287
8.96469 288
8.99834 289
9.03198 290
9.06803 291
9.10888 292
9.14253 293
9.18098 294
9.22063 295
9.26028 296
9.29994 297
9.34079 298
9.37924 299
9.4225 300
9.46456 301
9.51142 302
9.55468 303
9.60154 304
9.6484 305
9.69406 306
9.73972 307
9.78779 308
9.83946 309
9.89353 310
9.9464 311
10.0005 312
10.0557 313
10.1098 314
10.1723 315
10.2252 316
10.2877 317
10.3513 318
10.415 319
10.4835 320
10.558 321
10.6349 322
10.713 323
10.7899 324
10.8764 325
10.9654 326
11.0302 325
11.0315 324.391
11.0327 324.086
11.0339 323.781
11.0351 323.476
11.0363 323.171
11.0375 322.866
11.0387 322.561
11.0399 321
11.0411 320
11.0423 319
11.0435 318
11.0447 317
11.0459 316
11.0471 315
11.0483 314
11.0495 313.573
11.0507 312
11.0531 311
11.0543 310
11.0555 309
11.0567 308
11.0579 307
11.0591 306
11.0603 305
11.0615 304.583
11.0627 303
11.0639 302
11.0651 301
11.0663 300
11.0675 299
11.0687 298
11.0699 297
11.0711 296
11.0723 295.594
11.0735 294
11.0747 293
11.0759 292
11.0771 291
11.0783 290
11.0795 289
11.0807 288
11.0819 287
11.0831 286.605
11.0843 285
11.0855 284
11.0867 283
11.0879 282
11.0891 281
11.0903 280
11.0915 279
11.0927 278
11.0939 277.615
11.0951 276
11.0963 275
11.0975 274
11.0987 273
11.0999 272
11.1011 271
11.1023 270
11.1035 269
11.1047 268.626
11.106 267
11.1072 266
11.1084 264
11.1096 263
11.112 262
11.1132 261
11.1144 260
11.1156 258
11.1168 257.637
11.118 256
11.1192 255
11.1204 254
11.1216 253
11.1228 252
11.124 251
11.1252 250
11.1264 249
11.1276 248.648
11.1288 247
11.13 246
11.1312 245
11.1324 244
11.1336 243
11.1348 242
11.136 241
11.1372 240
11.1384 239.659
11.1396 238
11.1408 237
11.142 236
11.1432 235
11.1444 234
11.1456 233
11.1468 232
11.148 231
11.1492 230.67
11.1504 229
11.1516 228
11.1757 227
11.2369 226
11.2958 225
11.3559 224
11.3607 223
11.416 222
11.4196 228
11.6899 229
11.7752 230
11.8293 231
11.899 232
11.9579 233
12.0119 234
12.0684 235
12.1177 236
12.1646 237
12.2138 238
12.2607 239
12.3099 240
12.3592 241
12.4085 242
12.4577 243
12.507 244
12.5563 245
12.6055 246
12.6548 247
12.7065 248
12.7557 249
12.8074 250
12.8567 251
12.9083 252
12.96 253
13.0177 254
13.0742 255
13.1354 256
13.2003 257
13.2628 258
13.3265 259
13.389 260
13.4527 261
13.5296 262
13.5993 263
13.6786 264
13.7603 265
13.842 266
13.9237 267
14.0354 268
14.146 269
14.2577 270
14.3707 271
14.4824 272
14.6519 273
14.8225 274
14.9931 275
15.2791 276
15.5134 277
17.9935 278
18.348 279
18.5955 280
18.7926 281
18.9572 282
19.1026 283
19.2324 284
19.3513 285
19.3657 284
19.3669 283.387
19.3694 283.081
19.3706 282.774
19.3718 282.468
19.373 282.161
19.3742 281.854
19.3754 281.548
19.3778 281.241
19.379 280.934
19.3802 279
19.3814 278
19.3826 277
19.3838 276
19.3862 275
19.3874 274
19.3886 273
19.3898 272
19.391 271.037
19.3922 270.731
19.3946 269
19.3958 268
19.397 267
19.3982 266
19.3994 265
19.4006 264
19.4018 263
19.403 262
19.4054 261
19.4066 260.527
19.4078 259
19.409 258
19.4102 257
19.4114 256
19.4138 255
19.415 254
19.4162 253
19.4174 252
19.4186 251
19.4198 250.323
19.4222 250.017
19.4234 249
19.4246 248
19.4258 247
19.427 246
19.4282 245
19.4306 244
19.4318 243
19.433 242
19.4342 240
19.4354 239
19.4379 238
19.4391 237
19.4403 236
19.4415 235
19.4427 234
19.4439 233
19.4463 232
19.4475 231
19.4487 230
19.4499 229
19.4511 228
19.4523 227
19.4547 226
19.4559 225
19.4571 224
19.4583 223
19.4595 222
19.4607 221
19.4631 220
19.4643 219
19.4655 218.099
19.4667 217
19.4679 216
19.4691 215
19.4715 214
19.4727 213
19.4739 212
19.4751 211
19.4763 210
19.4775 209
19.4799 208
19.4811 207
19.4823 206
19.4835 205
19.4847 204
19.4859 203
19.4883 202
19.4895 201
19.4907 200
19.4919 199
19.5003 198
19.5809 197
19.6289 196
19.6529 195
19.6914 194
19.7551 199
19.9882 200
19.9942 201
20.017 202
20.0398 203
20.0867 204
20.136 205
20.1936 206
20.2501 207
20.2994 208
20.3426 209
20.3787 210
20.4147 211
20.4496 212
20.4832 213
20.5217 214
20.5589 215
20.5878 216
20.6214 217
20.6563 218
20.6899 219
20.7235 220
20.7572 221
20.792 222
20.8257 223
20.8605 224
20.893 225
20.9266 226
20.9591 227
20.9927 228
21.0252 229
21.0588 230
21.096 231
21.1273 232
21.1657 233
21.1994 234
21.2366 235
21.2739 236
21.3123 237
21.3496 238
21.3868 239
21.4241 240
21.4613 241
21.4986 242
21.5358 243
21.5767 244
21.6127 245
21.6536 246
21.6968 247
21.7341 248
21.7798 249
21.823 250
21.8699 251
21.9131 252
21.9588 253
22.0021 254
22.0501 255
22.1006 256
22.1486 257
22.2027 258
22.2568 259
22.3133 260
22.3637 261
22.4154 262
22.4707 263
22.5272 264
22.5884 265
22.6533 266
22.7182 267
22.7819 268
22.8516 269
22.9213 270
23.0006 271
23.0811 272
23.1147 271
23.1159 270.387
23.1171 270.081
23.1183 269.774
23.1207 269.468
23.1219 269.161
23.1232 268.854
23.1244 268.548
23.1268 268.241
23.128 267.934
23.1292 266
23.1304 265
23.1328 264
23.134 263
23.1352 262
23.1376 260
23.1388 259
23.14 258
23.1412 257
23.1436 256.393
23.1448 256.086
23.146 255
23.1472 254
23.1496 253
23.1508 252
23.152 251
23.1532 250
23.1544 249
23.1568 248
23.158 247
23.1592 246
23.1604 245.238
23.1616 244
23.164 243
23.1652 242
23.1664 241
23.1676 240
23.17 239
23.1712 238
23.1724 237
23.1736 236
23.1748 235
23.1772 234.39
23.1784 233
23.1796 232
23.182 230
23.1832 229
23.1844 228
23.1857 227
23.1869 226
23.1881 225
23.1905 224
23.1917 223
23.1929 222
23.1941 221
23.1965 220
23.1977 219
23.1989 218
23.2001 217
23.2025 216
23.2037 215
23.2049 214
23.2061 213
23.2085 212
23.2097 211
23.2109 210
23.2121 209
23.2145 208
23.2157 207
23.2169 206
23.2193 204
23.2205 203
23.2217 202
23.2229 201
23.2241 200.151
23.2265 199
23.2277 198
23.2289 197
23.2301 196
23.2313 195
23.2337 194
23.2349 193
23.2361 192
23.2373 191
23.2397 190
23.2517 189
23.3142 188
23.3214 187
23.3983 186
23.4416 185
23.48 184
23.5029 190
23.7744 191
23.8717 192
23.9547 193
24.0015 194
24.0736 195
24.1301 196
24.189 197
24.2454 198
24.3055 199
24.3644 200
24.4149 201
24.4665 202
24.5194 203
24.5723 204
24.6348 205
24.6876 206
24.7513 207
24.8078 208
24.8727 209
24.94 210
25.0097 211
25.0781 212
25.1466 213
25.2091 214
25.2716 215
25.3341 216
25.417 217
25.4915 218
25.5756 219
25.6621 220
25.7474 221
25.8412 222
25.9565 223
26.0755 224
26.1956 225
26.3134 226
26.478 227
26.6174 228
26.8012 229
27.0788 230
27.3708 231
29.5229 230
29.5241 229.383
29.5265 229.073
29.5277 228.765
29.5301 228.455
29.5313 228.146
29.5337 227.837
29.5361 227.528
29.5373 227.219
29.5397 225.91
29.5409 225.602
29.5433 225.292
29.5445 224
29.5469 223
29.5481 222
29.5505 221
29.5529 220
29.5541 219
29.5565 217
29.5577 216
29.5601 215
29.5613 214
29.5637 213
29.5649 212
29.5673 211.483
29.5698 210
29.571 209
29.5734 207
29.5746 206
29.577 205
29.5782 204
29.5806 203
29.5842 202
29.5854 201
29.5866 199
29.5878 198
29.5902 197
29.5914 196.675
29.5938 195
29.595 194
29.5986 193
29.601 192
29.6022 191
29.6034 189
29.6046 188
29.607 187
29.6082 186
29.6106 185
29.6142 184
29.6154 183.175
29.6178 181
29.619 180
29.6202 179
29.6214 178
29.6238 177
29.625 176
29.6286 175
29.631 174
29.6322 173
29.6346 171
29.6358 170
29.637 169
29.6382 168.366
29.6406 167
29.6443 166
29.6455 165
29.6479 163
29.6491 162
29.6515 161
29.6647 160
29.6815 159
29.6983 158
29.7151 157
29.7356 156
29.7524 155
29.7692 154
29.786 153
29.9038 161
30.066 162
30.0732 163
30.1008 164
30.1297 165
30.1573 166
30.1849 167
30.2114 168
30.2414 169
30.2691 170
30.3267 171
30.4157 172
30.4781 173
30.5358 174
30.5851 175
30.6404 176
30.6752 177
30.7209 178
30.7641 179
30.8098 180
30.8494 181
30.8891 182
30.9287 183
30.9672 184
31.0068 185
31.0489 186
31.0886 187
31.1306 188
31.1703 189
31.2123 190
31.252 191
31.294 192
31.3373 193
31.3793 194
31.4226 195
31.4683 196
31.5187 197
31.5608 198
31.6112 199
31.6605 200
31.711 201
31.7602 202
31.8107 203
31.8684 204
31.9213 205
31.9801 206
32.033 207
32.0919 208
32.152 209
32.1988 210
32.2589 211
32.3154 212
32.3767 213
32.4488 214
32.5148 215
32.593 216
32.6699 217
32.748 218
32.8261 219
32.9138 218
32.915 217.385
32.9174 217.077
32.9186 216.769
32.921 216.462
32.9222 216.154
32.9246 215.847
32.9258 215.539
32.9282 215.231
32.9294 214.923
32.9318 214.616
32.933 214.308
32.9354 214
32.9366 213
32.939 212
32.9402 211
32.9426 210
32.9438 209
32.9474 208
32.9498 207
32.951 206
32.9522 204
32.9534 203
32.9559 202
32.9595 201
32.9607 200
32.9631 198
32.9643 197
32.9667 196
32.9679 195
32.9703 194
32.9715 193
32.9739 192
32.9751 191
32.9775 190
32.9787 189
32.9811 188
32.9823 187
32.9835 186
32.9847 185.155
32.9859 184
32.9895 183
32.9907 182
32.9931 181
32.9943 180
32.9967 179
32.9979 178
33.0003 177
33.0027 176
33.0039 175
33.0063 173
33.0075 172
33.0099 171
33.0111 170
33.0135 169
33.0147 168
33.0171 167
33.0183 166
33.0207 165
33.0219 164
33.0244 163
33.0256 162
33.028 161
33.0292 160
33.0328 159
33.034 158
33.0364 157
33.0376 156
33.04 155
33.0424 154
33.0436 153
33.046 152
33.0688 151
33.0892 150
33.1145 149
33.1541 148
33.225 147
33.231 146
33.3019 153
33.3043 152
33.3596 153
33.6263 154
33.7201 155
33.7946 156
33.8606 157
33.9399 158
34.0096 159
34.0745 160
34.143 161
34.2151 162
34.28 163
34.3389 164
34.4038 165
34.4699 166
34.5299 167
34.5996 168
34.6741 169
34.7534 170
34.8303 171
34.9072 172
34.9901 173
35.0695 174
35.1524 175
35.2461 176
35.3422 177
35.4564 178
35.5669 179
35.6811 180
35.8072 181
35.9682 182
36.1413 183
36.3263 184
36.6051 185
36.861 186
38.3991 185
38.4003 184.383
38.4039 184.075
38.4075 183.767
38.4087 183.458
38.4123 182.149
38.4159 181.84
38.4171 181.532
38.4195 180.224
38.4207 179.915
38.4243 179.607
38.4279 179.298
38.4291 178.99
38.4316 177.681
38.4328 177.373
38.4364 176
38.44 175
38.4412 174
38.4436 172
38.4448 171
38.4496 170
38.452 169
38.4532 168
38.4568 166
38.4604 165
38.4616 164
38.464 162
38.4652 161
38.4688 160
38.47 159
38.4736 158.541
38.476 157
38.4772 156
38.4808 154
38.482 153
38.4856 152
38.4892 151
38.4928 150
38.494 148
38.4964 146
38.4976 145
38.5012 144
38.5024 143
38.5061 142
38.5085 141
38.5097 140.017
38.5133 138.709
38.5145 137
38.5181 136
38.5217 135
38.5229 134
38.5265 132
38.5289 131
38.5301 130
38.5337 129
38.5445 128
38.756 130
38.8461 131
38.8581 132
38.8917 133
38.9206 134
38.953 135
38.9867 136
39.0191 137
39.1212 138
39.1717 139
39.2426 140
39.3015 141
39.3628 142
39.4228 143
39.4709 144
39.5226 145
39.573 146
39.6259 147
39.6656 148
39.7124 149
39.7605 150
39.8026 151
39.8518 152
39.8975 153
39.9467 154
39.9936 155
40.0537 156
40.0993 157
40.157 158
40.2123 159
40.2724 160
40.3337 161
40.3985 162
40.4562 163
40.5259 164
40.5788 165
40.6341 166
40.6857 167
40.7506 168
40.8131 169
40.8912 170
40.9645 171
41.0366 172
41.1111 173
41.1976 174
41.2829 175
41.3815 176
41.4812 177
41.5569 176
41.5581 175.374
41.5617 175.061
41.5629 174.749
41.5665 174.436
41.5677 174.123
41.5713 173.81
41.5725 173.497
41.5761 173.184
41.5773 172.872
41.5797 172.559
41.5821 172.246
41.5845 171.933
41.5869 171.62
41.5881 171.307
41.5905 170.994
41.5917 169
41.5953 168
41.5965 167
41.6002 166
41.6014 165
41.605 164
41.6062 163
41.6098 162
41.611 161
41.6146 160
41.6158 159
41.6194 158
41.6206 157
41.6242 156
41.6254 155
41.629 154.546
41.6314 154.233
41.6326 153
41.6362 151
41.6374 150
41.641 149
41.6422 148
41.6458 147
41.647 146
41.6506 145
41.6518 144
41.6542 143
41.6578 142
41.659 141
41.6615 139
41.6651 138
41.6663 137
41.6699 135
41.6711 134
41.6723 133
41.6759 132
41.6771 131
41.6807 130
41.6819 129
41.6855 128
41.6891 127
41.6903 126
41.6939 124
41.6951 123
41.7384 122
41.7792 121
41.784 120
41.8189 119
41.8453 118
41.8825 117
41.8946 116
41.9462 123
42.225 124
42.3668 125
42.4196 126
42.5314 127
42.5963 128
42.6768 129
42.7501 130
42.8354 131
42.9087 132
42.9928 133
43.0745 134
43.161 135
43.2439 136
43.3353 137
43.4194 138
43.5131 139
43.5972 140
43.6897 141
43.8147 142
43.9072 143
44.0322 144
44.1596 145
44.3206 146
44.4131 145
44.4143 144.378
44.4155 144.068
44.4167 143.757
44.4179 143.446
44.4191 143.135
44.4203 142.825
44.4215 142.514
44.4227 142.203
44.4239 141.892
44.4251 141.581
44.4263 141.271
44.4275 140.96
44.4287 140.649
44.4299 140.338
44.4311 140.028
44.4323 139.717
44.4335 139.406
44.4347 139.095
44.4359 138.784
44.4371 137
44.4383 136
44.4395 135
44.4407 134
44.4419 133
44.4431 132
44.4443 131
44.4455 130
44.4467 129
44.4479 128
44.4491 127
44.4503 126
44.4516 125
44.4528 124
44.454 123
44.4552 122
44.4564 121
44.4576 120
44.4588 119.038
44.46 118.727
44.4612 117
44.4624 116
44.4636 115
44.4648 114
44.466 113
44.4672 112
44.4684 111
44.4696 110
44.4708 109
44.472 108
44.4732 107
44.4744 106
44.4756 105
44.4768 104
44.478 103
44.4792 102
44.5921 103
44.6306 104
44.7387 105
44.818 106
44.8865 107
44.9814 108
45.0908 109
45.1857 110
45.2698 111
45.3576 112
45.4549 113
45.5522 114
45.6616 115
45.7781 116
45.9139 117
46.0244 118
46.1698 119
46.3248 120
46.4786 121
46.6685 122
46.9629 123
47.2861 124
49.7374 125
50.087 126
50.3334 127
50.5352 128
50.6963 129
50.8453 130
50.975 131
51.0952 132
51.1997 133
51.3019 134
51.3968 135
51.4821 136
51.6527 137
51.7993 138
51.887 139
52 140
52.0745 141
52.161 142
52.2403 143
52.3112 144
52.3821 145
52.4518 146
52.5083 147
52.5684 148
52.6332 149
52.6885 150
52.733 151
52.7846 152
52.8291 153
52.8868 154
52.9408 155
52.9853 156
53.0346 157
53.0826 158
53.1271 159
53.1692 160
53.2052 161
53.2497 162
53.2929 163
53.341 164
53.3818 165
53.4251 166
53.4623 167
53.4996 168
53.5392 169
53.5597 168
53.5633 167.381
53.5645 167.07
53.5681 166.76
53.5693 166.451
53.5729 166.141
53.5741 165.831
53.5777 165.521
53.5789 165.211
53.5825 164.901
53.5837 164.591
53.5849 164.281
53.5885 162.971
53.5897 162.661
53.5933 162.352
53.5945 162.041
53.5957 161.731
53.5993 160
53.6018 159
53.603 158
53.6066 156
53.6078 155
53.6114 154
53.6126 153
53.6162 152
53.6174 151
53.621 150
53.6222 149
53.627 148
53.6282 147
53.6318 146
53.633 145
53.6366 144
53.6378 143.483
53.639 142
53.6426 141
53.6438 140
53.6486 139
53.6498 138
53.6534 137
53.6546 136
53.657 135
53.6582 134
53.6618 133
53.663 132
53.6666 131
53.6702 130
53.6714 129
53.675 127
53.6763 126
53.6799 125.235
53.6811 124.925
53.6823 123
53.6871 122
53.6883 121
53.6931 120
53.6943 119
53.6979 118
53.7111 117
53.8889 116
53.9286 115
53.9298 114
53.949 118
53.9586 117
53.973 118
54.2806 119
54.3984 120
54.4489 121
54.5065 122
54.5702 123
54.6015 124
54.6303 125
54.6952 126
54.736 127
54.7853 128
54.8394 129
54.8754 130
54.9175 131
54.9691 132
55.0244 133
55.0785 134
55.1254 135
55.1698 136
55.2179 137
55.2756 138
55.3032 139
55.332 140
55.3657 141
55.3993 142
55.4354 143
55.4786 144
55.5219 145
55.5651 146
55.6108 147
55.6733 148
55.7165 149
55.7742 150
55.8571 151
55.9485 152
56.0193 153
56.1023 154
56.1864 155
56.2789 156
56.3714 157
56.4639 158
56.5805 159
56.6838 160
56.816 161
56.9446 162
57.0287 161
57.0299 160.378
57.0335 160.068
57.0383 159.756
57.0395 159.445
57.0431 158.135
57.0443 157.823
57.0479 157.512
57.0515 157.202
57.0527 156.891
57.0564 155.579
57.0576 155.269
57.0624 154.958
57.0636 154.646
57.0672 154.336
57.0684 154.025
57.072 153.714
57.0732 153.403
57.0744 152
57.0768 151
57.0816 150
57.0828 149
57.0864 147
57.0876 146
57.0924 145
57.0972 144
57.102 143
57.1056 141
57.1068 139
57.1128 137
57.1164 136
57.1212 135
57.126 133
57.1272 131
57.1309 129
57.1357 128.315
57.1405 127
57.1453 125
57.1501 123
57.1513 121
57.1561 119
57.1597 118
57.1645 117
57.1657 115
57.1705 113
57.1837 112
57.1849 111
57.1909 110
57.2005 109
57.2053 108
57.215 107
57.2234 106
57.2246 105
57.2306 104
57.2426 103
57.2474 102
57.2486 101
57.2534 100
57.263 99
57.2678 98
57.2786 97
57.2835 96
57.2931 95
57.2943 94
57.4024 113
57.6319 114
57.6932 115
57.7725 116
57.8722 117
57.9359 118
58.0296 119
58.1354 120
58.2195 121
58.2988 122
58.3937 123
58.4766 124
58.5679 125
58.6533 126
58.777 127
58.878 128
59.0041 129
59.1111 130
59.23 131
59.3562 132
59.5352 133
59.6686 134
59.8585 135
60.1384 136
60.249 135
60.2538 134.377
60.2586 134.066
60.2598 133.754
60.2634 132.443
60.2646 132.131
60.2694 131.819
60.2742 131.508
60.2754 131.196
60.2802 129.885
60.2814 129.573
60.2863 129.261
60.2875 128.95
60.2923 128.638
60.2935 128.327
60.2983 128.015
60.2995 127.703
60.3043 127.392
60.3055 127.08
60.3103 126.769
60.3115 126.457
60.3151 125
60.3163 124
60.3211 123
60.3223 122
60.3271 121
60.3283 120
60.3331 119
60.3343 118
60.3391 117
60.3403 116
60.3463 115
60.3475 114
60.3523 113
60.3535 112
60.3583 111
60.3595 110
60.3644 109
60.3656 108
60.3704 107
60.3752 106
60.3764 105.07
60.3812 103.758
60.3824 102
60.3872 101
60.3884 100
60.3932 99
60.3944 98
60.3992 97
60.4004 96
60.4052 95
60.4833 94
60.4893 93
60.5037 92
60.5097 91
60.5158 90
60.5206 89
60.5266 88
60.5278 87
60.529 86
60.5506 85
60.5566 84
60.5578 83
60.5638 82
60.5806 81
60.5855 80
60.5867 79
60.5915 78
60.6095 77
60.6143 76
60.6203 75
60.6215 74
60.6275 73
60.6455 72
60.6491 73
60.6587 72
60.6648 73
60.7308 74
60.7945 75
60.7981 76
60.8089 77
60.8138 78
60.8186 79
60.8222 80
60.827 81
60.8294 82
60.8306 83
60.851 84
60.8558 85
60.857 86
60.863 87
60.8762 88
60.881 89
60.8834 90
60.8871 91
60.9027 92
60.9075 93
60.9123 94
60.9147 95
61.2382 1
61.7804 2
61.8411 4
61.9108 6
61.9144 8
61.9889 10
61.9913 12
61.9961 14
61.9985 16
62.0646 18
62.067 20
62.0718 22
62.0742 24
62.0802 26
62.0838 28
62.0874 30
62.091 32
62.1559 34
62.1595 36
62.1631 38
62.1667 40
62.1727 42
62.1751 44
62.18 46
62.1824 48
62.1908 50
62.1932 52
62.1992 54
62.2016 56
62.2076 58
62.21 60
62.216 62
62.2184 64
62.2833 66
62.2857 67
62.2917 68
62.2941 69
62.3181 70
62.3626 71
62.4083 72
62.5032 73
62.5464 74
62.5921 75
62.6798 76
62.7303 77
62.7747 78
62.8156 79
62.9021 80
62.9502 81
62.9934 82
63.0343 83
63.1208 84
63.1689 85
63.2121 86
63.253 87
63.3383 88
63.3852 89
63.4284 90
63.4669 91
63.551 92
63.5966 93
63.6351 94
63.6759 95
63.7144 96
63.7985 97
63.849 98
63.8826 99
63.9259 100
63.9595 101
64.028 102
64.0761 103
64.1145 104
64.1482 105
64.1842 106
64.2515 107
64.2972 108
64.3332 109
64.3681 110
64.4053 111
64.4702 112
64.5159 113
64.5519 114
64.5928 115
64.6264 116
64.6576 117
64.6901 118
64.7358 119
64.7718 120
64.8078 121
64.8463 122
64.8775 123
64.9088 124
64.9532 125
64.9881 126
65.0241 127
65.0626 128
65.0914 129
65.1251 130
65.1659 131
65.2008 132
65.2404 133
65.2729 134
65.3053 135
65.3366 136
65.375 137
65.4111 138
65.4447 139
65.4807 140
65.5168 141
65.5456 142
65.5781 143
65.6201 144
65.6538 145
65.6874 146
65.7211 147
65.7559 148
65.786 149
65.8172 150
65.8568 151
65.8917 152
65.9253 153
65.9614 154
65.9902 155
66.0239 156
66.0551 157
66.0839 158
66.1248 159
66.1572 160
66.1921 161
66.2257 162
66.2558 163
66.287 164
66.3183 165
66.3459 166
66.3868 167
66.418 168
66.454 169
66.4877 170
66.5165 171
66.5478 172
66.5766 173
66.6054 174
66.6343 175
66.6691 176
66.7016 177
66.74 178
66.7665 179
66.7953 180
66.8265 181
66.8566 182
66.8818 183
66.9143 184
66.9467 185
66.9779 186
67.0164 187
67.044 188
67.0717 189
67.1017 190
67.1317 191
67.1582 192
67.1882 193
67.2207 194
67.2519 195
67.2916 196
67.3216 197
67.348 198
67.3769 199
67.4033 200
67.4345 201
67.4586 202
67.4826 203
67.5066 204
67.5343 205
67.5691 206
67.6004 207
67.6292 208
67.6568 209
67.6845 210
67.7145 211
67.7398 212
67.7638 213
67.7878 214
67.8131 215
67.8455 216
67.8791 217
67.9128 218
67.9368 219
67.9633 220
67.9921 221
68.0209 222
68.045 223
68.069 224
68.093 225
68.1195 226
68.1519 227
68.1843 228
68.2168 229
68.242 230
68.2685 231
68.2961 232
68.3261 233
68.3502 234
68.3742 235
68.3982 236
68.4223 237
68.4535 238
68.4859 239
68.5184 240
68.5472 241
68.5737 242
68.6013 243
68.6289 244
68.6554 245
68.6794 246
68.7034 247
68.7275 248
68.7515 249
68.7827 250
68.8152 251
68.8464 252
68.8765 253
68.9029 254
68.9293 255
68.9582 256
68.9846 257
69.0086 258
69.0327 259
69.0567 260
69.0807 261
69.1084 262
69.1384 263
69.1709 264
69.2021 265
69.2297 266
69.2574 267
69.285 268
69.3138 269
69.3379 270
69.3619 271
69.3859 272
69.41 273
69.434 274
69.458 275
69.4869 276
69.5181 277
69.5494 278
69.5794 279
69.6034 280
69.6347 281
69.6611 282
69.6875 283
69.7116 284
69.7356 285
69.7596 286
69.7837 287
69.8077 288
69.8317 289
69.8606 290
69.8918 291
69.9231 292
69.9519 293
69.9759 294
70.0072 295
70.0336 296
70.0624 297
70.0865 298
70.1105 299
70.1345 300
70.1586 301
70.1826 302
70.2066 303
70.2307 304
70.2559 305
70.2847 306
70.3136 307
70.3424 308
70.3689 309
70.3977 310
70.4241 311
70.453 312
70.477 313
70.501 314
70.5251 315
70.5299 314
70.5311 313.388
70.5323 313.082
70.5335 312.776
70.5347 312.47
70.5359 312.164
70.5371 311.858
70.5383 311.552
70.5395 311.247
70.5407 310
70.5419 309
70.5431 308
70.5443 307
70.5455 306
70.5467 305
70.5479 304
70.5491 303
70.5503 302.03
70.5515 301
70.5527 300
70.5539 298
70.5551 297
70.5563 296
70.5575 295
70.5587 294
70.5599 293
70.5611 292
70.5623 291
70.5635 290
70.5647 289
70.5659 288
70.5671 287
70.5683 286
70.5695 285
70.5707 284
70.5719 283
70.5731 282.293
70.5743 281
70.5756 280
70.5768 279
70.578 277
70.5792 276
70.5804 275
70.5816 274
70.5828 273
70.584 272.077
70.5852 271
70.5864 270
70.5876 269
70.5888 268
70.59 267
70.5912 266
70.5924 265
70.5936 264
70.5948 263
70.596 262
70.5972 261
70.5984 260
70.5996 259
70.6008 258
70.602 256
70.6032 255
70.6044 254
70.6056 253
70.6068 252.339
70.608 251
70.6092 250
70.6104 249
70.6116 248
70.6128 247
70.614 246
70.6152 245
70.6164 244
70.6176 243.123
70.6188 242
70.62 241
70.6212 240
70.6224 239
70.6236 238
70.6248 237
70.626 235
70.6272 234
70.6284 233
70.6296 232
70.6308 231
70.632 230
70.6332 229
70.6344 228
70.6356 227
70.6368 226
70.638 225
70.6392 224
70.6404 223.385
70.6416 222
70.644 221
70.6452 220
70.6525 219
70.6537 218
70.6945 217
70.733 216
70.7378 215
70.7882 214
70.793 213
70.8207 212
70.8483 211
70.8723 210
70.8964 209
70.9192 220
70.9216 219
70.9264 220
71.216 221
71.2184 222
71.2208 223
71.228 224
71.2857 225
71.3325 226
71.3794 227
71.4203 228
71.4563 229
71.4899 230
71.5236 231
71.5524 232
71.5861 233
71.6173 234
71.6522 235
71.6846 236
71.7146 237
71.7471 238
71.7759 239
71.8048 240
71.8336 241
71.8624 242
71.8913 243
71.9213 244
71.9538 245
71.9862 246
72.0162 247
72.0463 248
72.0775 249
72.1052 250
72.134 251
72.1652 252
72.1941 253
72.2253 254
72.2542 255
72.2854 256
72.3142 257
72.3455 258
72.3767 259
72.4104 260
72.4416 261
72.4729 262
72.5065 263
72.5425 264
72.5762 265
72.6122 266
72.6459 267
72.6819 268
72.7204 269
72.76 270
72.8009 271
72.8405 272
72.8814 273
72.9211 274
72.9619 275
73.0016 276
73.0412 277
73.0857 278
73.1289 279
73.1746 280
73.2203 281
73.2695 282
73.3152 283
73.3644 284
73.4113 285
73.4618 286
73.5086 287
73.5579 288
73.6132 289
73.6721 290
73.7117 289
73.7129 288.391
73.7141 288.086
73.7165 287.781
73.7177 287.477
73.7189 286.171
73.7201 285.867
73.7213 285.562
73.7225 285.257
73.7249 284.952
73.7261 283
73.7273 282
73.7285 281
73.7297 280
73.7309 279
73.7333 278
73.7346 277
73.7358 276
73.737 275.194
73.7382 274.89
73.7394 273
73.7406 272
73.7418 271
73.743 270
73.7442 269
73.7466 268
73.7478 267
73.749 266
73.7502 265.131
73.7514 264.826
73.7526 263
73.7538 262
73.755 261
73.7562 260
73.7574 259
73.7586 258
73.761 257
73.7622 256
73.7634 255.068
73.7646 254.763
73.7658 253
73.767 252
73.7682 251
73.7694 250
73.7706 249
73.7718 248
73.773 247
73.7742 246
73.7766 245.005
73.7778 244.7
73.779 243
73.7802 242
73.7814 241
73.7826 240
73.7838 239
73.785 238
73.7862 237
73.7874 236
73.7898 235
73.791 234.637
73.7922 233
73.7934 232
73.7946 231
73.7958 230
73.797 229
73.7982 228
73.7994 227
73.8006 226
73.8018 225
73.8042 224.573
73.8054 223
73.8066 222
73.8078 221
73.8091 220
73.8103 219
73.8115 218
73.8127 217
73.8139 216
73.8151 215
73.8175 214.51
73.8187 213
73.8199 212
73.8211 211
73.8223 210
73.8235 209
73.8247 208
73.8259 207
73.8271 206
73.8283 205
73.8307 204.448
73.8319 203
74.0998 204
74.1022 205
74.119 206
74.1827 207
74.2428 208
74.3137 209
74.3858 210
74.4447 211
74.5024 212
74.56 213
74.6177 214
74.6754 215
74.7259 216
74.7727 217
74.8328 218
74.8833 219
74.9409 220
75.001 221
75.0503 222
75.1116 223
75.1716 224
75.2329 225
75.2954 226
75.3567 227
75.4204 228
75.4805 229
75.555 230
75.621 231
75.7016 232
75.7809 233
75.8638 234
75.9455 235
76.0344 236
76.1401 237
76.2519 238
76.3672 239
76.4814 240
76.5967 241
76.7614 242
76.9368 243
77.1098 244
77.3886 245
77.6433 246
80.103 247
80.4563 248
80.705 249
80.9033 250
81.0679 251
81.2121 252
81.3419 253
81.4632 254
81.5702 255
81.6723 256
81.7672 257
81.9367 258
82.0688 257
82.07 256.385
82.0724 256.077
82.0736 255.769
82.0748 255.462
82.0761 255.154
82.0785 254.847
82.0797 254.539
82.0809 254.231
82.0821 253.923
82.0845 253.616
82.0857 252
82.0881 251
82.0893 250
82.0905 249
82.0917 248
82.0941 247
82.0953 246
82.0965 245
82.0977 244
82.1001 243
82.1013 242.352
82.1025 241
82.1049 240
82.1061 239
82.1073 238
82.1097 237
82.1109 236
82.1121 235
82.1133 234
82.1157 233
82.1169 232
82.1181 231.089
82.1193 230.782
82.1217 229
82.1229 228
82.1241 227
82.1253 226
82.1277 225
82.1289 224
82.1301 223
82.1313 222
82.1337 221
82.1349 220
82.1373 219.519
82.1385 218
82.1397 217
82.1421 215
82.1433 214
82.1445 213
82.1458 212
82.1482 211
82.1494 210
82.1506 209
82.1518 208
82.1542 207.255
82.1554 206
82.1566 205
82.159 204
82.1602 203
82.1614 202
82.1638 200
82.165 199
82.1662 198
82.1674 197
82.1698 196
82.171 195
82.1722 194.684
82.1734 193
82.1758 192
82.177 191
82.1794 190
82.1806 189
82.1818 188
82.183 187
82.1854 186
82.1866 185
82.1878 184
82.189 183.421
82.1914 182
82.1926 181
82.1938 180
82.2395 179
82.2875 178
82.3368 177
82.4558 176
82.457 180
82.7537 181
82.7561 182
82.7586 183
82.7622 184
82.8138 185
82.8799 186
82.9292 187
82.9784 188
83.0193 189
83.0578 190
83.1022 191
83.131 192
83.1671 193
83.2043 194
83.2416 195
83.2788 196
83.3161 197
83.3473 198
83.3798 199
83.4158 200
83.4507 201
83.4867 202
83.5228 203
83.5588 204
83.5937 205
83.6297 206
83.6658 207
83.7054 208
83.7415 209
83.7811 210
83.8172 211
83.8568 212
83.8941 213
83.9349 214
83.971 215
84.0118 216
84.0491 217
84.0887 218
84.1308 219
84.1704 220
84.2125 221
84.2545 222
84.3002 223
84.3435 224
84.3879 225
84.4324 226
84.478 227
84.5285 228
84.5742 229
84.627 230
84.6799 231
84.7352 232
84.7881 233
84.8421 234
84.895 235
84.9539 236
85.0128 237
85.0788 238
85.1413 239
85.2074 240
85.2723 241
85.3384 242
85.4165 243
85.4958 242
85.497 241.388
85.4994 241.082
85.5006 240.776
85.503 240.47
85.5042 240.164
85.5054 239.858
85.5066 239.551
85.509 239.245
85.5102 238.939
85.5126 238.633
85.5138 238.327
85.5162 237
85.5174 236
85.5186 235
85.5198 234
85.5222 233
85.5234 232
85.5258 231
85.527 230
85.5294 229
85.5307 228
85.5319 227
85.5331 226.292
85.5355 225
85.5367 224
85.5391 222
85.5403 221
85.5427 220
85.5439 219
85.5451 218
85.5463 217
85.5487 216
85.5499 215
85.5523 214
85.5535 213.258
85.5559 212
85.5571 211
85.5583 210
85.5595 209
85.5619 208
85.5631 207
85.5655 206
85.5667 205
85.5691 204
85.5703 203
85.5727 202
85.5739 201.224
85.5751 200
85.5763 199
85.5787 198
85.5799 197
85.5823 196
85.5835 195
85.5859 194
85.5871 193
85.5883 192
85.5895 191
85.5919 190
85.5931 189.189
85.5955 188
85.5967 187
85.5979 186
85.6004 185
85.6016 184
85.6028 183
85.6052 181
85.6064 180
85.6088 179
85.61 178
85.6124 177
85.6136 176.155
85.6148 175
85.6172 173
85.6184 172
85.6208 171
85.622 170
85.6701 169
85.7349 168
85.7998 167
85.8142 166
85.8839 170
86.1302 171
86.1338 172
86.1663 173
86.278 174
86.3441 175
86.3994 176
86.4547 177
86.5352 178
86.5905 179
86.6433 180
86.701 181
86.7599 182
86.8188 183
86.8812 184
86.9485 185
87.0134 186
87.0831 187
87.1552 188
87.2225 189
87.3078 190
87.3883 191
87.4748 192
87.5601 193
87.6455 194
87.7308 195
87.8161 196
87.9062 197
88.0204 198
88.1393 199
88.2655 200
88.3929 201
88.5479 202
88.6824 203
88.8675 204
89.1463 205
89.4346 206
90.3839 205
90.3863 204.385
90.3875 204.077
90.3911 202.769
90.3923 202.462
90.3947 202.154
90.3959 201.847
90.3983 201.539
90.3995 201.231
90.4031 200.923
90.4056 200.616
90.4068 200.308
90.4104 199
90.4128 198.693
90.414 197
90.4176 195
90.4188 194
90.4212 193
90.4224 192
90.4248 191
90.4284 190
90.4296 189
90.432 187
90.4332 186
90.4368 185
90.4392 184
90.4404 183
90.4428 181.537
90.444 180
90.4476 179
90.4512 178
90.4524 177
90.4548 175
90.456 174
90.4584 173
90.4596 172
90.4632 171
90.4656 170
90.4668 169
90.4692 167
90.4704 166
90.474 165.381
90.4777 164
90.4789 163
90.4813 161
90.4825 160
90.4849 159
90.4861 158
90.4897 157
90.4921 156
90.4933 155
90.4957 153
90.4969 152
90.5005 151
90.5041 150
90.5053 149.225
90.5077 147
90.5089 146
90.5113 145
90.5125 144
90.5221 143
90.5377 142
90.5485 141
90.5642 140
90.575 139
90.5834 138
90.6026 137
90.6086 136
90.6206 135
90.6339 134
90.7564 144
90.9186 145
90.9222 146
90.927 147
90.9306 148
90.9342 149
90.9619 150
91.0232 151
91.0544 152
91.1457 153
91.2166 154
91.2659 155
91.3188 156
91.3656 157
91.4209 158
91.4677 159
91.5134 160
91.5555 161
91.6047 162
91.648 163
91.6961 164
91.7429 165
91.785 166
91.827 167
91.8739 168
91.9147 169
91.9628 170
92.0121 171
92.0553 172
92.1058 173
92.1551 174
92.2043 175
92.2524 176
92.3053 177
92.3533 178
92.405 179
92.4555 180
92.5107 181
92.566 182
92.6273 183
92.6898 184
92.7571 185
92.7871 184
92.7883 183.38
92.7907 183.07
92.7919 182.76
92.7943 182.45
92.7955 182.14
92.7979 181.829
92.7991 180.519
92.8015 180.209
92.8027 179.898
92.8051 179.588
92.8063 179.278
92.8087 178.968
92.81 178.658
92.8124 178.348
92.8136 177
92.816 176
92.8172 175
92.8208 174
92.822 173
92.8232 172
92.8256 171
92.828 170
92.8292 169
92.8316 168
92.8328 167
92.8352 166
92.8364 165
92.8388 164
92.84 163
92.8412 162.431
92.8436 161
92.8448 160
92.8472 159
92.8484 158
92.8508 157
92.8532 156
92.8544 155
92.8556 154
92.858 153
92.8592 152
92.8628 151
92.864 150
92.8664 149
92.8676 148
92.87 147
92.8712 146.515
92.8736 145
92.8748 144
92.8772 143
92.8796 142
92.882 141
92.8832 140
92.8857 139
92.8869 138
92.8893 137
92.8905 136
92.8917 135
92.8941 134
92.8953 133
92.8977 132
92.8989 131
92.9013 130.597
92.9025 129
93.156 130
93.1608 131
93.2113 132
93.3014 133
93.3939 134
93.5045 135
93.5537 136
93.6258 137
93.6979 138
93.7724 139
93.8517 140
93.9262 141
94.0019 142
94.0764 143
94.1557 144
94.2446 145
94.3384 146
94.4453 147
94.5474 148
94.6616 149
94.7806 150
94.8983 151
95.0149 152
95.1555 153
95.3261 154
95.4967 155
95.8139 156
96.0278 157
98.5271 158
98.878 159
99.1267 160
99.3238 161
99.4932 162
99.635 163
99.7648 164
99.784 163
99.7852 162.374
99.7888 162.061
99.79 161.747
99.7936 161.434
99.7948 161.121
99.7984 160.807
99.7997 160.494
99.8033 160.181
99.8045 159.868
99.8081 159.555
99.8093 159.241
99.8129 158.928
99.8141 158.615
99.8177 158.302
99.8189 157.988
99.8225 157.675
99.8237 156
99.8273 155
99.8285 154
99.8321 153
99.8333 152
99.8369 151
99.8381 150
99.8417 149
99.8429 148
99.8477 147
99.8489 146
99.8525 145
99.8537 144
99.8573 143
99.8585 142
99.8621 141
99.8633 140.01
99.8669 139.697
99.8681 138
99.8717 137
99.8729 136
99.8766 135
99.8778 134
99.8814 133
99.8826 132
99.8838 131
99.8874 130
99.8886 129
99.8922 128
99.8934 127
99.897 126
99.8982 125
99.9006 124
99.9042 123
99.9054 122.031
99.909 120.718
99.9102 119
99.915 118
99.9162 117
99.9198 116
99.921 115
99.9246 114
