0 0
0.1 0
0.2 0
0.3 4
0.4 6
0.5 8
0.6 5
0.7 9
0.8 13
0.9 18
1 21
1.1 26
1.2 31
1.3 32
1.4 37
1.5 42
1.6 45
1.7 44
1.8 37
1.9 42
2 49
2.1 53
2.2 57
2.3 60
2.4 62
2.5 63
2.6 66
2.7 71
2.8 75
2.9 79
3 85
3.1 87
3.2 91
3.3 96
3.4 99
3.5 103
3.6 106
3.7 111
3.8 115
3.9 120
4 124
4.1 126
4.2 131
4.3 135
4.4 138
4.5 142
4.6 147
4.7 148
4.8 150
4.9 151
5 161
5.1 162
5.2 167
5.3 169
5.4 174
5.5 178
5.6 181
5.7 189
5.8 193
5.9 196
6 197
6.1 202
6.2 205
6.3 206
6.4 205
6.5 205
6.6 205
6.7 141
6.8 113
6.9 113
7 113
7.1 123
7.2 123
7.3 123
7.4 125
7.5 127
7.6 130
7.7 133
7.8 135
7.9 141
8 142
8.1 147
8.2 151
8.3 154
8.4 157
8.5 160
8.6 166
8.7 166
8.8 171
8.9 171
9 176
9.1 177
9.2 179
9.3 181
9.4 185
9.5 187
9.6 189
9.7 193
9.8 195
9.9 196
10 197
10.1 198
10.2 200
10.3 202
10.4 202
10.5 205
10.6 206
10.7 206
10.8 206
10.9 206
11 205
11.1 154
11.2 110
11.3 110
11.4 111
11.5 114
11.6 114
11.7 115
11.8 117
11.9 117
12 119
12.1 123
12.2 124
12.3 127
12.4 129
12.5 130
12.6 133
12.7 134
12.8 138
12.9 140
13 142
13.1 143
13.2 146
13.3 148
13.4 150
13.5 151
13.6 151
13.7 153
13.8 155
13.9 156
14 159
14.1 160
14.2 162
14.3 162
14.4 163
14.5 165
14.6 165
14.7 166
14.8 166
14.9 168
15 169
15.1 169
15.2 170
15.3 171
15.4 172
15.5 173
15.6 173
15.7 174
15.8 174
15.9 176
16 175
16.1 176
16.2 176
16.3 176
16.4 177
16.5 177
16.6 177
16.7 178
16.8 179
16.9 180
17 181
17.1 180
17.2 182
17.3 182
17.4 183
17.5 183
17.6 184
17.7 184
17.8 187
17.9 188
18 189
18.1 190
18.2 191
18.3 192
18.4 196
18.5 197
18.6 199
18.7 201
18.8 203
18.9 203
19 206
19.1 206
19.2 206
19.3 206
19.4 189
19.5 125
19.6 128
19.7 129
19.8 122
19.9 122
20 122
20.1 121
20.2 114
20.3 115
20.4 125
20.5 135
20.6 138
20.7 143
20.8 147
20.9 151
21 154
21.1 156
21.2 160
21.3 164
21.4 168
21.5 171
21.6 173
21.7 179
21.8 186
21.9 191
22 192
22.1 189
22.2 185
22.3 186
22.4 192
22.5 197
22.6 204
22.7 206
22.8 206
22.9 206
23 206
23.1 206
23.2 156
23.3 127
23.4 127
23.5 127
23.6 119
23.7 118
23.8 119
23.9 119
24 119
24.1 126
24.2 132
24.3 136
24.4 140
24.5 146
24.6 150
24.7 157
24.8 162
24.9 160
25 153
25.1 153
25.2 156
25.3 165
25.4 166
25.5 170
25.6 173
25.7 175
25.8 176
25.9 179
26 181
26.1 182
26.2 184
26.3 184
26.4 185
26.5 186
26.6 187
26.7 188
26.8 190
26.9 196
27 202
27.1 205
27.2 196
27.3 189
27.4 185
27.5 188
27.6 193
27.7 200
27.8 200
27.9 201
28 204
28.1 205
28.2 205
28.3 203
28.4 204
28.5 205
28.6 205
28.7 204
28.8 205
28.9 206
29 205
29.1 205
29.2 206
29.3 205
29.4 206
29.5 201
29.6 156
29.7 118
29.8 116
29.9 125
30 122
30.1 124
30.2 131
30.3 133
30.4 135
30.5 138
30.6 141
30.7 144
30.8 147
30.9 150
31 153
31.1 157
31.2 160
31.3 166
31.4 168
31.5 174
31.6 184
31.7 194
31.8 196
31.9 188
32 180
32.1 178
32.2 185
32.3 195
32.4 202
32.5 205
32.6 206
32.7 205
32.8 205
32.9 205
33 168
33.1 144
33.2 143
33.3 143
33.4 129
33.5 120
33.6 89
33.7 83
33.8 96
33.9 116
34 125
34.1 142
34.2 136
34.3 126
34.4 122
34.5 128
34.6 136
34.7 142
34.8 146
34.9 150
35 153
35.1 155
35.2 159
35.3 160
35.4 163
35.5 165
35.6 166
35.7 168
35.8 170
35.9 171
36 181
36.1 189
36.2 187
36.3 177
36.4 169
36.5 165
36.6 175
36.7 183
36.8 183
36.9 186
37 189
37.1 193
37.2 191
37.3 194
37.4 196
37.5 195
37.6 196
37.7 197
37.8 196
37.9 197
38 205
38.1 205
38.2 202
38.3 193
38.4 179
38.5 142
38.6 131
38.7 141
38.8 138
38.9 130
39 138
39.1 140
39.2 136
39.3 141
39.4 145
39.5 143
39.6 147
39.7 151
39.8 153
39.9 159
40 171
40.1 181
40.2 190
40.3 182
40.4 171
40.5 167
40.6 174
40.7 184
40.8 190
40.9 192
41 199
41.1 202
41.2 207
41.3 205
41.4 205
41.5 206
41.6 198
41.7 157
41.8 158
41.9 157
42 159
42.1 159
42.2 165
42.3 158
42.4 134
42.5 130
42.6 141
42.7 146
42.8 153
42.9 158
43 164
43.1 169
43.2 172
43.3 177
43.4 180
43.5 182
43.6 188
43.7 189
43.8 194
43.9 195
44 204
44.1 170
44.2 126
44.3 79
44.4 32
44.5 0
44.6 0
44.7 0
44.8 28
44.9 58
45 76
45.1 89
45.2 98
45.3 114
45.4 131
45.5 131
45.6 119
45.7 120
45.8 125
45.9 131
46 131
46.1 136
46.2 139
46.3 139
46.4 143
46.5 146
46.6 147
46.7 157
46.8 166
46.9 153
47 146
47.1 141
47.2 148
47.3 155
47.4 154
47.5 156
47.6 160
47.7 162
47.8 162
47.9 163
48 164
48.1 173
48.2 168
48.3 159
48.4 150
48.5 149
48.6 155
48.7 160
48.8 158
48.9 160
49 164
49.1 163
49.2 164
49.3 166
49.4 169
49.5 173
49.6 168
49.7 156
49.8 149
49.9 152
50 158
50.1 162
50.2 161
50.3 164
50.4 168
50.5 169
50.6 170
50.7 173
50.8 177
50.9 180
51 172
51.1 162
51.2 158
51.3 164
51.4 172
51.5 176
51.6 178
51.7 183
51.8 182
51.9 186
52 186
52.1 187
52.2 191
52.3 191
52.4 186
52.5 178
52.6 183
52.7 189
52.8 198
52.9 201
53 202
53.1 205
53.2 205
53.3 205
53.4 205
53.5 204
53.6 199
53.7 157
53.8 149
53.9 147
54 144
54.1 140
54.2 147
54.3 131
54.4 81
54.5 86
54.6 100
54.7 121
54.8 125
54.9 140
55 134
55.1 91
55.2 55
55.3 24
55.4 26
55.5 30
55.6 32
55.7 66
55.8 113
55.9 131
56 150
56.1 165
56.2 174
56.3 184
56.4 194
56.5 200
56.6 203
56.7 207
56.8 206
56.9 206
57 195
57.1 171
57.2 138
57.3 133
57.4 147
57.5 149
57.6 107
57.7 82
57.8 88
57.9 115
58 128
58.1 126
58.2 145
58.3 152
58.4 155
58.5 178
58.6 195
58.7 185
58.8 174
58.9 174
59 174
59.1 182
59.2 188
59.3 188
59.4 192
59.5 198
59.6 200
59.7 201
59.8 205
59.9 206
60 205
60.1 206
60.2 206
60.3 197
60.4 155
60.5 137
60.6 127
60.7 121
60.8 119
60.9 82
61 33
61.1 35
61.2 50
61.3 36
61.4 9
61.5 0
61.6 0
61.7 0
61.8 0
61.9 0
62 0
62.1 0
62.2 25
62.3 52
62.4 54
62.5 56
62.6 57
62.7 58
62.8 61
62.9 62
63 66
63.1 64
63.2 69
63.3 68
63.4 74
63.5 73
63.6 76
63.7 79
63.8 66
63.9 69
64 66
64.1 71
64.2 72
64.3 76
64.4 80
64.5 50
64.6 56
64.7 58
64.8 61
64.9 65
65 67
65.1 68
65.2 72
65.3 76
65.4 78
65.5 80
65.6 84
65.7 87
65.8 91
65.9 91
66 94
66.1 97
66.2 100
66.3 104
66.4 98
66.5 103
66.6 105
66.7 107
66.8 110
66.9 114
67 115
67.1 121
67.2 118
67.3 106
67.4 115
67.5 118
67.6 121
67.7 125
67.8 129
67.9 132
68 136
68.1 141
68.2 143
68.3 148
68.4 152
68.5 154
68.6 158
68.7 162
68.8 165
68.9 167
69 172
69.1 176
69.2 177
69.3 180
69.4 185
69.5 187
69.6 191
69.7 196
69.8 201
69.9 198
70 200
70.1 205
70.2 205
70.3 205
70.4 207
70.5 206
70.6 154
70.7 117
70.8 115
70.9 117
71 117
71.1 116
71.2 118
71.3 123
71.4 123
71.5 129
71.6 129
71.7 131
71.8 137
71.9 141
72 135
72.1 135
72.2 138
72.3 141
72.4 144
72.5 156
72.6 170
72.7 182
72.8 184
72.9 188
73 191
73.1 196
73.2 200
73.3 204
73.4 204
73.5 202
73.6 201
73.7 200
73.8 143
73.9 122
74 125
74.1 125
74.2 120
74.3 121
74.4 123
74.5 124
74.6 126
74.7 128
74.8 130
74.9 132
75 134
75.1 136
75.2 138
75.3 140
75.4 143
75.5 144
75.6 148
75.7 154
75.8 158
75.9 159
76 161
76.1 164
76.2 168
76.3 168
76.4 165
76.5 163
76.6 163
76.7 167
76.8 172
76.9 172
77 174
77.1 176
77.2 176
77.3 176
77.4 177
77.5 178
77.6 178
77.7 179
77.8 179
77.9 178
78 180
78.1 179
78.2 180
78.3 181
78.4 184
78.5 189
78.6 188
78.7 182
78.8 176
78.9 175
79 178
79.1 183
79.2 186
79.3 186
79.4 187
79.5 188
79.6 187
79.7 189
79.8 188
79.9 189
80 188
80.1 188
80.2 189
80.3 190
80.4 189
80.5 191
80.6 191
80.7 193
80.8 199
80.9 202
81 202
81.1 197
81.2 191
81.3 188
81.4 193
81.5 199
81.6 206
81.7 204
81.8 205
81.9 205
82 206
82.1 193
82.2 130
82.3 130
82.4 131
82.5 117
82.6 118
82.7 118
82.8 120
82.9 122
83 124
83.1 127
83.2 137
83.3 145
83.4 151
83.5 156
83.6 163
83.7 168
83.8 164
83.9 161
84 161
84.1 169
84.2 177
84.3 181
84.4 185
84.5 189
84.6 193
84.7 195
84.8 199
84.9 203
85 204
85.1 205
85.2 206
85.3 206
85.4 205
85.5 204
85.6 151
85.7 139
85.8 145
85.9 154
86 137
86.1 121
86.2 99
86.3 97
86.4 115
86.5 130
86.6 135
86.7 141
86.8 146
86.9 149
87 153
87.1 157
87.2 159
87.3 161
87.4 164
87.5 167
87.6 167
87.7 171
87.8 171
87.9 180
88 189
88.1 193
88.2 186
88.3 177
88.4 173
88.5 175
88.6 184
88.7 190
88.8 190
88.9 193
89 196
89.1 198
89.2 200
89.3 201
89.4 202
89.5 202
89.6 203
89.7 205
89.8 203
89.9 204
90 204
90.1 206
90.2 206
90.3 200
90.4 188
90.5 132
90.6 120
90.7 125
90.8 130
90.9 127
91 136
91.1 138
91.2 139
91.3 145
91.4 150
91.5 150
91.6 154
91.7 159
91.8 162
91.9 166
92 169
92.1 172
92.2 181
92.3 195
92.4 205
92.5 199
92.6 188
92.7 181
92.8 179
92.9 139
93 143
93.1 145
93.2 132
93.3 131
93.4 134
93.5 127
93.6 130
93.7 135
93.8 133
93.9 134
94 136
94.1 139
94.2 141
94.3 144
94.4 156
94.5 167
94.6 169
94.7 158
94.8 144
94.9 144
95 152
95.1 159
95.2 163
95.3 165
95.4 172
95.5 175
95.6 175
95.7 177
95.8 179
95.9 180
96 182
96.1 184
96.2 186
96.3 186
96.4 186
96.5 195
96.6 206
96.7 166
96.8 125
96.9 80
97 41
97.1 42
97.2 43
97.3 42
97.4 53
97.5 96
97.6 126
97.7 140
97.8 155
97.9 169
98 185
98.1 201
98.2 196
98.3 184
98.4 179
98.5 181
98.6 188
98.7 194
98.8 193
98.9 195
99 199
99.1 201
99.2 202
99.3 203
99.4 205
99.5 205
99.6 206
99.7 206
99.8 205
99.9 181
100 167
