0.1 0.06688
0.2 0.06656
0.3 0.04992
0.4 0.0416
0.5 0.03328
0.6 0.0416
0.7 0.02912
0.8 0.02912
0.9 0.02912
1 0.02912
1.1 0.02912
1.2 0.02496
1.3 0.02912
1.4 0.02912
1.5 0.02912
1.6 0.02912
1.7 0.02912
1.8 0.02912
1.9 0.00832
2 0.01664
2.1 0.01248
2.2 0.01664
2.3 0.01664
2.4 0.01248
2.5 0.01664
2.6 0.00832
2.7 0.00832
2.8 0.00832
2.9 0.01248
3 0.00832
3.1 0.00832
3.2 0.00832
3.3 0.01248
3.4 0.00832
3.5 0.00832
3.6 0.00832
3.7 0.00832
3.8 0.00832
3.9 0.00832
4 0.00832
4.1 0.00832
4.2 0.00832
4.3 0.00832
4.4 0.00832
4.5 0.00832
4.6 0.00416
4.7 0.00832
4.8 0.00832
4.9 0.00832
5 0
5.1 0.00416
5.2 0.00416
5.3 0.00832
5.4 0
5.5 0.00416
5.6 0.00832
5.7 0.00416
5.8 0
5.9 0.00416
6 0.00832
6.1 0.00416
6.2 0
6.3 0.00416
6.4 0.00416
6.5 0.00416
6.6 0
6.7 0.00416
6.8 0.00416
6.9 0.00416
7 0.00832
7.1 0
7.2 0.00416
7.3 0
7.4 0.00832
7.5 0.00416
7.6 0
7.7 0.00832
7.8 0.00416
7.9 0
8 0.00416
8.1 0.00416
8.2 0.00416
8.3 0.00416
8.4 0.00416
8.5 0.00416
8.6 0
8.7 0.00416
8.8 0.00416
8.9 0.00832
9 0
9.1 0.00416
9.2 0
9.3 0.00416
9.4 0
9.5 0.00416
9.6 0.00416
9.7 0
9.8 0
9.9 0.00416
10 0.00416
10.1 0.00416
10.2 0
10.3 0.00416
10.4 0.00416
10.5 0
10.6 0
10.7 0.00416
10.8 0
10.9 0.00416
11 0
11.1 0
11.2 0.00416
11.3 0.00416
11.4 0.00416
11.5 0.00832
11.6 0.00416
11.7 0
11.8 0.00416
11.9 0.00416
12 0.00416
12.1 0.00416
12.2 0.00416
12.3 0.00416
12.4 0.00416
12.5 0.00416
12.6 0.00416
12.7 0.00416
12.8 0.00416
12.9 0.00416
13 0.00416
13.1 0.00832
13.2 0.00416
13.3 0.00416
13.4 0.00416
13.5 0.00832
13.6 0.00416
13.7 0.00416
13.8 0.00416
13.9 0.00832
14 0.00416
14.1 0.00832
14.2 0.00416
14.3 0.00832
14.4 0.00416
14.5 0.00832
14.6 0.00416
14.7 0.00832
14.8 0.00832
14.9 0.00416
15 0.00832
15.1 0.00832
15.2 0.00832
15.3 0.00416
15.4 0.00832
15.5 0.00832
15.6 0.00832
15.7 0.00832
15.8 0.01248
15.9 0.00832
16 0.00832
16.1 0.00832
16.2 0.01248
16.3 0.00832
16.4 0.00832
16.5 0.01248
16.6 0.00832
16.7 0.01248
16.8 0.01248
16.9 0.01248
17 0.00832
17.1 0.01248
17.2 0.01248
17.3 0.01664
17.4 0.01248
17.5 0.01248
17.6 0.01248
17.7 0.01664
17.8 0.01248
17.9 0.01664
18 0.01664
18.1 0.01664
18.2 0.01664
18.3 0.01664
18.4 0.01664
18.5 0.0208
18.6 0.01664
18.7 0.0208
18.8 0.0208
18.9 0.0208
19 0.0208
19.1 0.0208
19.2 0.02496
19.3 0.0208
19.4 0.02496
19.5 0.02496
19.6 0.02496
19.7 0.02496
19.8 0.11392
19.9 0.0624
20 0.072
20.1 0.04544
20.2 0.02912
20.3 0.02912
20.4 0.01248
20.5 0.0208
20.6 0.02912
20.7 0.02496
20.8 0.02496
20.9 0.02912
21 0.02912
21.1 0.02912
21.2 0.02912
21.3 0.02496
21.4 0.02912
21.5 0.02912
21.6 0.02912
21.7 0.02912
21.8 0.02496
21.9 0.02912
22 0.02912
22.1 0.03744
22.2 0.03328
22.3 0.03328
22.4 0.02496
22.5 0.0208
22.6 0.02496
22.7 0.03328
22.8 0.02912
22.9 0.03328
23 0.02912
23.1 0.03328
23.2 0.03328
23.3 0.03328
23.4 0.03328
23.5 0.03328
23.6 0.0624
23.7 0.03328
23.8 0.02912
23.9 0.03744
24 0.03328
24.1 0.03328
24.2 0.03328
24.3 0.03328
24.4 0.0416
24.5 0.03744
24.6 0.03744
24.7 0.0416
24.8 0.0416
24.9 0.04576
25 0.04576
25.1 0.04576
25.2 0.03744
25.3 0.03328
25.4 0.0416
25.5 0.0416
25.6 0.0416
25.7 0.0416
25.8 0.04576
25.9 0.0416
26 0.0416
26.1 0.04576
26.2 0.0416
26.3 0.04576
26.4 0.04576
26.5 0.0416
26.6 0.04576
26.7 0.0416
26.8 0.04576
26.9 0.04576
27 0.0416
27.1 0.04576
27.2 0.04992
27.3 0.05408
27.4 0.04992
27.5 0.0416
27.6 0.03744
27.7 0.0416
27.8 0.04576
27.9 0.04576
28 0.04992
28.1 0.04576
28.2 0.04992
28.3 0.04992
28.4 0.04992
28.5 0.04992
28.6 0.04576
28.7 0.04992
28.8 0.04992
28.9 0.04992
29 0.04992
29.1 0.04992
29.2 0.04992
29.3 0.04992
29.4 0.04992
29.5 0.04992
29.6 0.0624
29.7 0.0624
29.8 0.05824
29.9 0.04576
30 0.07904
30.1 0.05824
30.2 0.04576
30.3 0.06656
30.4 0.05824
30.5 0.04992
30.6 0.05824
30.7 0.05824
30.8 0.05408
30.9 0.05824
31 0.05824
31.1 0.05408
31.2 0.05824
31.3 0.05408
31.4 0.05824
31.5 0.05408
31.6 0.05824
31.7 0.05408
31.8 0.05824
31.9 0.0624
32 0.06656
32.1 0.06656
32.2 0.04576
32.3 0.04992
32.4 0.04992
32.5 0.0624
32.6 0.05824
32.7 0.05824
32.8 0.05824
32.9 0.0624
33 0.08
33.1 0.1488
33.2 0.15328
33.3 0.16864
33.4 0.2624
33.5 0.10048
33.6 0.0624
33.7 0.07488
33.8 0.02912
33.9 0.0416
34 0.0624
34.1 0.04576
34.2 0.06656
34.3 0.07072
34.4 0.06656
34.5 0.05408
34.6 0.05408
34.7 0.05824
34.8 0.05824
34.9 0.0624
35 0.0624
35.1 0.0624
35.2 0.0624
35.3 0.0624
35.4 0.0624
35.5 0.06656
35.6 0.0624
35.7 0.06656
35.8 0.0624
35.9 0.06656
36 0.0624
36.1 0.06656
36.2 0.06656
36.3 0.07072
36.4 0.07072
36.5 0.07488
36.6 0.05408
36.7 0.05824
36.8 0.07072
36.9 0.06656
37 0.06656
37.1 0.06656
37.2 0.07072
37.3 0.06656
37.4 0.07072
37.5 0.07072
37.6 0.07072
37.7 0.06656
37.8 0.07488
37.9 0.07072
38 0.07072
38.1 0.07072
38.2 0.07072
38.3 0.07488
38.4 0.0832
38.5 0.08736
38.6 0.07072
38.7 0.05824
38.8 0.10816
38.9 0.08736
39 0.07072
39.1 0.08736
39.2 0.0832
39.3 0.07488
39.4 0.07904
39.5 0.0832
39.6 0.07488
39.7 0.07904
39.8 0.0832
39.9 0.07488
40 0.07488
40.1 0.07904
40.2 0.07904
40.3 0.0832
40.4 0.08736
40.5 0.08736
40.6 0.07488
40.7 0.06656
40.8 0.07488
40.9 0.0832
41 0.07488
41.1 0.07904
41.2 0.0832
41.3 0.07904
41.4 0.07904
41.5 0.0832
41.6 0.0832
41.7 0.0832
41.8 0.08736
41.9 0.0832
42 0.12064
42.1 0.09984
42.2 0.0832
42.3 0.08736
42.4 0.12064
42.5 0.09568
42.6 0.07488
42.7 0.08736
42.8 0.09152
42.9 0.08736
43 0.09152
43.1 0.09152
43.2 0.09152
43.3 0.09152
43.4 0.09152
43.5 0.09568
43.6 0.09152
43.7 0.09568
43.8 0.09152
43.9 0.09568
44 0.09152
44.1 0.09568
44.2 0.09568
44.3 0.09568
44.4 0.104
44.5 0
44.6 0.00832
44.7 0
44.8 0.00832
44.9 0.04576
45 0.0624
45.1 0.07488
45.2 0.07904
45.3 0.0832
45.4 0.08736
45.5 0.08736
45.6 0.104
45.7 0.09984
45.8 0.0832
45.9 0.08736
46 0.09568
46.1 0.08736
46.2 0.09568
46.3 0.09568
46.4 0.09152
46.5 0.09152
46.6 0.09568
46.7 0.09152
46.8 0.09568
46.9 0.09568
47 0.09984
47.1 0.104
47.2 0.08736
47.3 0.0832
47.4 0.104
47.5 0.09152
47.6 0.09152
47.7 0.09568
47.8 0.09984
47.9 0.09152
48 0.09984
48.1 0.09568
48.2 0.09568
48.3 0.09984
48.4 0.104
48.5 0.09984
48.6 0.0832
48.7 0.09152
48.8 0.09984
48.9 0.09568
49 0.09152
49.1 0.09984
49.2 0.09568
49.3 0.09568
49.4 0.09984
49.5 0.09568
49.6 0.09984
49.7 0.09568
49.8 0.10816
49.9 0.09152
50 0.08736
50.1 0.09568
50.2 0.09984
50.3 0.08736
50.4 0.09568
50.5 0.09984
50.6 0.09568
50.7 0.09568
50.8 0.09568
50.9 0.09568
51 0.09984
51.1 0.09568
51.2 0.09984
51.3 0.09568
51.4 0.0832
51.5 0.09568
51.6 0.09152
51.7 0.09152
51.8 0.09152
51.9 0.09984
52 0.09568
52.1 0.09152
52.2 0.09152
52.3 0.09984
52.4 0.09152
52.5 0.09152
52.6 0.09568
52.7 0.08736
52.8 0.0832
52.9 0.08736
53 0.09568
53.1 0.08736
53.2 0.08736
53.3 0.08736
53.4 0.09568
53.5 0.0832
53.6 0.08736
53.7 0.09152
53.8 0.08736
53.9 0.14368
54 0.30912
54.1 0.26112
54.2 0.2032
54.3 0.14528
54.4 0.10816
54.5 0.08736
54.6 0.0624
54.7 0.07072
54.8 0.09152
54.9 0.06656
55 0.09152
55.1 0.09152
55.2 0.07904
55.3 0.06656
55.4 0
55.5 0.00832
55.6 0
55.7 0.00832
55.8 0.00832
55.9 0.0624
56 0.05824
56.1 0.07072
56.2 0.07488
56.3 0.0832
56.4 0.07904
56.5 0.08736
56.6 0.0832
56.7 0.08736
56.8 0.08736
56.9 0.08736
57 0.09152
57.1 0.14944
57.2 0.26944
57.3 0.29376
57.4 0.21216
57.5 0.32576
57.6 0.12384
57.7 0.09152
57.8 0.09984
57.9 0.03744
58 0.08736
58.1 0.104
58.2 0.07488
58.3 0.09152
58.4 0.104
58.5 0.08736
58.6 0.09568
58.7 0.104
58.8 0.09984
58.9 0.10816
59 0.09984
59.1 0.09152
59.2 0.09568
59.3 0.10816
59.4 0.09568
59.5 0.09568
59.6 0.09984
59.7 0.104
59.8 0.09984
59.9 0.09984
60 0.104
60.1 0.09984
60.2 0.09984
60.3 0.10816
60.4 0.104
60.5 0.11232
60.6 0.26976
60.7 0.3072
60.8 0.2592
60.9 0.16768
61 0.13312
61.1 0.10816
61.2 0.0832
61.3 0.11232
61.4 0.09984
61.5 0.14976
61.6 0.17056
61.7 0.17056
61.8 0.17472
61.9 0.1664
62 0.14976
62.1 0.14144
62.2 0.11648
62.3 0.13312
62.4 0.07904
62.5 0.12896
62.6 0.07488
62.7 0.12896
62.8 0.07904
62.9 0.1248
63 0.07488
63.1 0.12064
63.2 0.07904
63.3 0.09984
63.4 0.09152
63.5 0.07488
63.6 0.11648
63.7 0.07072
63.8 0.11232
63.9 0.07488
64 0.09568
64.1 0.07072
64.2 0.07488
64.3 0.08736
64.4 0.05408
64.5 0.104
64.6 0.0624
64.7 0.05408
64.8 0.0624
64.9 0.04992
65 0.07072
65.1 0.04576
65.2 0.05824
65.3 0.05408
65.4 0.05824
65.5 0.05408
65.6 0.04992
65.7 0.05408
65.8 0.04576
65.9 0.05408
66 0.04992
66.1 0.04576
66.2 0.05408
66.3 0.03328
66.4 0.05408
66.5 0.04576
66.6 0.02912
66.7 0.04576
66.8 0.0416
66.9 0.02912
67 0.04992
67.1 0.02912
67.2 0.02912
67.3 0.05824
67.4 0.0208
67.5 0.00832
67.6 0.0416
67.7 0.02496
67.8 0.00416
67.9 0.04576
68 0.0208
68.1 0.00416
68.2 0.04576
68.3 0.01664
68.4 0.00832
68.5 0.03744
68.6 0.02496
68.7 0.00832
68.8 0.02496
68.9 0.02912
69 0.01664
69.1 0.00416
69.2 0.0416
69.3 0.02496
69.4 0
69.5 0.01664
69.6 0.02912
69.7 0.01664
69.8 0
69.9 0.02912
70 0.02496
70.1 0.01248
70.2 0
70.3 0.0208
70.4 0.0208
70.5 0.01248
70.6 0
70.7 0.0208
70.8 0.02496
70.9 0.00832
71 0.02496
71.1 0.0208
71.2 0.00832
71.3 0.00832
71.4 0.01664
71.5 0.00832
71.6 0.00832
71.7 0.01664
71.8 0.01248
71.9 0
72 0.01664
72.1 0.01664
72.2 0
72.3 0
72.4 0.00832
72.5 0
72.6 0
72.7 0.00416
72.8 0.0208
72.9 0.01664
73 0.01664
73.1 0.0208
73.2 0.01664
73.3 0.0208
73.4 0.0208
73.5 0.02496
73.6 0.0208
73.7 0.02496
73.8 0.01664
73.9 0.01248
74 0.01664
74.1 0.03328
74.2 0.02912
74.3 0.02496
74.4 0.02496
74.5 0.0208
74.6 0.0208
74.7 0.0208
74.8 0.02496
74.9 0.0208
75 0.0208
75.1 0.02496
75.2 0.0208
75.3 0.0208
75.4 0.02496
75.5 0.0208
75.6 0.0208
75.7 0.02496
75.8 0.0208
75.9 0.02912
76 0.02496
76.1 0.02912
76.2 0.02496
76.3 0.02912
76.4 0.02912
76.5 0.03328
76.6 0.02912
76.7 0.0208
76.8 0.02496
76.9 0.02912
77 0.02496
77.1 0.02912
77.2 0.02912
77.3 0.02912
77.4 0.03328
77.5 0.02912
77.6 0.02912
77.7 0.02912
77.8 0.02912
77.9 0.02912
78 0.03328
78.1 0.02912
78.2 0.02912
78.3 0.02912
78.4 0.03328
78.5 0.02912
78.6 0.02912
78.7 0.03744
78.8 0.03328
78.9 0.03744
79 0.02496
79.1 0.02496
79.2 0.02912
79.3 0.03328
79.4 0.03328
79.5 0.03328
79.6 0.03328
79.7 0.03328
79.8 0.03744
79.9 0.03328
80 0.03328
80.1 0.03328
80.2 0.03744
80.3 0.03328
80.4 0.03328
80.5 0.03328
80.6 0.03744
80.7 0.03328
80.8 0.03328
80.9 0.03328
81 0.03744
81.1 0.03744
81.2 0.0416
81.3 0.0416
81.4 0.02912
81.5 0.02912
81.6 0.02912
81.7 0.03744
81.8 0.03744
81.9 0.03328
82 0.03744
82.1 0.0416
82.2 0.03744
82.3 0.03744
82.4 0.03744
82.5 0.07488
82.6 0.03744
82.7 0.0416
82.8 0.04576
82.9 0.03744
83 0.03744
83.1 0.03744
83.2 0.0416
83.3 0.03744
83.4 0.0416
83.5 0.04576
83.6 0.04576
83.7 0.04576
83.8 0.04992
83.9 0.04576
84 0.04992
84.1 0.03744
84.2 0.03744
84.3 0.0416
84.4 0.04576
84.5 0.04576
84.6 0.0416
84.7 0.04576
84.8 0.04576
84.9 0.04576
85 0.04576
85.1 0.04992
85.2 0.04576
85.3 0.04576
85.4 0.0464
85.5 0.1104
85.6 0.1104
85.7 0.1104
85.8 0.12128
85.9 0.144
86 0.1728
86.1 0.08608
86.2 0.05408
86.3 0.0624
86.4 0.0208
86.5 0.03744
86.6 0.05408
86.7 0.0416
86.8 0.05408
86.9 0.05408
87 0.05408
87.1 0.05408
87.2 0.05408
87.3 0.05824
87.4 0.05408
87.5 0.05824
87.6 0.05824
87.7 0.05408
87.8 0.05824
87.9 0.05408
88 0.05824
88.1 0.05824
88.2 0.05824
88.3 0.06656
88.4 0.06656
88.5 0.05408
88.6 0.04992
88.7 0.05408
88.8 0.0624
88.9 0.05408
89 0.0624
89.1 0.05824
89.2 0.0624
89.3 0.0624
89.4 0.05824
89.5 0.0624
89.6 0.0624
89.7 0.0624
89.8 0.0624
89.9 0.0624
90 0.0624
90.1 0.0624
90.2 0.0624
90.3 0.06656
90.4 0.07072
90.5 0.07488
90.6 0.07904
90.7 0.05824
90.8 0.09568
90.9 0.07488
91 0.06656
91.1 0.07488
91.2 0.07072
91.3 0.06656
91.4 0.07072
91.5 0.07488
91.6 0.06656
91.7 0.07072
91.8 0.07488
91.9 0.07072
92 0.07072
92.1 0.07072
92.2 0.07072
92.3 0.07072
92.4 0.07072
92.5 0.07488
92.6 0.07904
92.7 0.07904
92.8 0.07904
92.9 0.0624
93 0.0624
93.1 0.07488
93.2 0.11648
93.3 0.07488
93.4 0.07488
93.5 0.09568
93.6 0.07072
93.7 0.07904
93.8 0.0832
93.9 0.07488
94 0.07488
94.1 0.0832
94.2 0.07488
94.3 0.07904
94.4 0.07488
94.5 0.07904
94.6 0.07904
94.7 0.0832
94.8 0.08736
94.9 0.08736
95 0.06656
95.1 0.07488
95.2 0.07904
95.3 0.07488
95.4 0.07904
95.5 0.0832
95.6 0.07904
95.7 0.07904
95.8 0.0832
95.9 0.0832
96 0.0832
96.1 0.0832
96.2 0.0832
96.3 0.0832
96.4 0.0832
96.5 0.08736
96.6 0.07904
96.7 0.08736
96.8 0.0832
96.9 0.09568
97 0.07488
97.1 0
97.2 0.00832
97.3 0
97.4 0.00832
97.5 0
97.6 0.02912
97.7 0.0624
97.8 0.05824
97.9 0.07072
98 0.07488
98.1 0.07488
98.2 0.0832
98.3 0.09152
98.4 0.09152
98.5 0.08736
98.6 0.07072
98.7 0.0832
98.8 0.09152
98.9 0.0832
99 0.0832
99.1 0.08736
99.2 0.08736
99.3 0.0832
99.4 0.08736
99.5 0.08736
99.6 0.08736
99.7 0.09152
99.8 0.0832
99.9 0.11936
100 0.21056
