0.1 6.72864
0.2 11.52
0.3 8.64
0.4 8.04
0.5 8.4
0.6 8.04
0.7 8.52
0.8 8.88
0.9 8.76
1 8.88
1.1 8.52
1.2 8.88
1.3 8.76
1.4 8.88
1.5 8.52
1.6 8.76
1.7 8.88
1.8 8.76
1.9 9.6
2 9.6
2.1 9.84
2.2 9.36
2.3 9.48
2.4 9.6
2.5 9.6
2.6 9.84
2.7 10.08
2.8 9.84
2.9 10.08
3 9.84
3.1 10.08
3.2 9.84
3.3 9.84
3.4 9.72
3.5 10.08
3.6 10.08
3.7 9.84
3.8 10.08
3.9 10.08
4 9.84
4.1 10.08
4.2 9.84
4.3 10.08
4.4 10.08
4.5 10.08
4.6 9.84
4.7 10.08
4.8 10.08
4.9 10.08
5 10.32
5.1 10.32
5.2 10.08
5.3 10.08
5.4 10.32
5.5 10.68
5.6 10.08
5.7 10.08
5.8 10.56
5.9 10.08
6 10.08
6.1 10.08
6.2 10.56
6.3 10.32
6.4 10.32
6.5 10.08
6.6 10.56
6.7 1.68
6.8 6.72
6.9 9.72
7 11.04
7.1 9.72
7.2 9.72
7.3 9.84
7.4 9.84
7.5 10.08
7.6 10.44
7.7 9.96
7.8 9.96
7.9 10.32
8 10.2
8.1 10.32
8.2 9.96
8.3 10.32
8.4 10.2
8.5 9.96
8.6 10.56
8.7 9.96
8.8 10.2
8.9 9.96
9 10.2
9.1 10.08
9.2 10.2
9.3 10.2
9.4 10.08
9.5 10.08
9.6 10.08
9.7 10.2
9.8 10.32
9.9 9.84
10 9.96
10.1 9.84
10.2 10.32
10.3 10.32
10.4 9.96
10.5 9.84
10.6 10.2
10.7 9.96
10.8 10.08
10.9 9.96
11 10.2
11.1 3.6
11.2 4.68
11.3 9.72
11.4 9.84
11.5 10.2
11.6 9.84
11.7 9.96
11.8 9.72
11.9 10.08
12 9.96
12.1 9.84
12.2 10.08
12.3 9.84
12.4 10.08
12.5 10.08
12.6 9.84
12.7 10.08
12.8 9.84
12.9 10.08
13 10.08
13.1 9.84
13.2 9.72
13.3 9.84
13.4 10.08
13.5 9.72
13.6 10.08
13.7 9.72
13.8 9.96
13.9 9.72
14 9.72
14.1 9.72
14.2 9.72
14.3 9.96
14.4 9.72
14.5 9.48
14.6 9.6
14.7 9.96
14.8 9.6
14.9 9.48
15 9.72
15.1 9.6
15.2 9.6
15.3 9.72
15.4 9.36
15.5 9.6
15.6 9.72
15.7 9.36
15.8 9.6
15.9 9.36
16 9.36
16.1 9.6
16.2 9.36
16.3 9.36
16.4 9.36
16.5 9.6
16.6 9.36
16.7 9.36
16.8 9.12
16.9 9.36
17 9.36
17.1 9.36
17.2 9.12
17.3 9.36
17.4 9.36
17.5 9.12
17.6 9.12
17.7 9.12
17.8 9.12
17.9 9.12
18 9.24
18.1 9.12
18.2 8.88
18.3 9.12
18.4 9
18.5 8.88
18.6 9
18.7 8.88
18.8 9
18.9 8.88
19 8.76
19.1 8.88
19.2 8.76
19.3 8.76
19.4 6.48
19.5 0.84
19.6 8.52
19.7 8.52
19.8 7.56
19.9 8.28
20 8.52
20.1 8.52
20.2 8.64
20.3 8.64
20.4 9.12
20.5 9.48
20.6 8.76
20.7 8.76
20.8 8.76
20.9 8.76
21 8.76
21.1 8.76
21.2 8.76
21.3 8.4
21.4 8.76
21.5 8.76
21.6 8.64
21.7 8.76
21.8 8.4
21.9 8.64
22 8.64
22.1 8.16
22.2 8.16
22.3 8.4
22.4 8.88
22.5 8.88
22.6 8.64
22.7 8.28
22.8 8.64
22.9 8.28
23 8.28
23.1 8.4
23.2 2.04
23.3 4.92
23.4 8.04
23.5 8.04
23.6 7.08
23.7 8.16
23.8 8.04
23.9 8.04
24 8.28
24.1 8.16
24.2 8.4
24.3 8.28
24.4 7.92
24.5 7.92
24.6 8.16
24.7 7.68
24.8 7.8
24.9 7.68
25 7.32
25.1 7.68
25.2 7.8
25.3 8.4
25.4 7.8
25.5 7.68
25.6 7.8
25.7 7.8
25.8 7.32
25.9 7.8
26 7.56
26.1 7.56
26.2 7.56
26.3 7.44
26.4 7.56
26.5 7.56
26.6 7.44
26.7 7.56
26.8 7.44
26.9 7.56
27 7.44
27.1 7.56
27.2 7.2
27.3 6.96
27.4 7.08
27.5 7.44
27.6 7.92
27.7 7.68
27.8 7.2
27.9 7.44
28 7.2
28.1 7.2
28.2 7.2
28.3 7.2
28.4 7.2
28.5 6.96
28.6 7.2
28.7 7.2
28.8 6.96
28.9 7.2
29 6.96
29.1 7.2
29.2 7.2
29.3 6.96
29.4 7.2
29.5 7.2
29.6 2.4
29.7 3.12
29.8 6.48
29.9 7.56
30 6.36
30.1 6.84
30.2 7.44
30.3 6.84
30.4 6.84
30.5 7.2
30.6 6.96
30.7 6.72
30.8 6.96
30.9 7.32
31 6.96
31.1 7.08
31.2 6.96
31.3 7.08
31.4 6.96
31.5 6.96
31.6 6.96
31.7 6.96
31.8 7.2
31.9 6.48
32 6.48
32.1 6.48
32.2 7.2
32.3 7.32
32.4 7.2
32.5 6.6
32.6 6.96
32.7 6.84
32.8 6.84
32.9 6.6
33 1.8
33.1 3.48
33.2 6.48
33.3 6.36
33.4 4.68
33.5 6.36
33.6 6.48
33.7 5.64
33.8 8.16
33.9 8.04
34 6.6
34.1 7.44
34.2 6.36
34.3 6
34.4 6.6
34.5 6.96
34.6 7.2
34.7 6.6
34.8 6.6
34.9 6.6
35 6.72
35.1 6.6
35.2 6.36
35.3 6.36
35.4 6.6
35.5 6.36
35.6 6.36
35.7 6.36
35.8 6.48
35.9 6.36
36 6.36
36.1 6.24
36.2 6.36
36.3 5.76
36.4 5.88
36.5 5.76
36.6 6.72
36.7 6.84
36.8 6.24
36.9 6.12
37 6
37.1 6.24
37.2 6
37.3 6
37.4 6
37.5 6
37.6 5.76
37.7 6
37.8 6
37.9 5.76
38 6
38.1 6
38.2 5.76
38.3 5.76
38.4 5.28
38.5 1.08
38.6 4.32
38.7 6.36
38.8 4.92
38.9 4.44
39 6.36
39.1 5.64
39.2 4.8
39.3 5.88
39.4 5.76
39.5 5.28
39.6 5.76
39.7 6
39.8 5.52
39.9 5.88
40 5.76
40.1 5.76
40.2 5.64
40.3 5.28
40.4 5.28
40.5 4.92
40.6 6
40.7 6.24
40.8 5.88
40.9 5.52
41 5.64
41.1 5.64
41.2 5.52
41.3 5.4
41.4 5.4
41.5 5.64
41.6 4.08
41.7 0.36
41.8 5.04
41.9 5.04
42 4.44
42.1 3.72
42.2 5.04
42.3 5.28
42.4 3.24
42.5 4.68
42.6 5.52
42.7 5.16
42.8 4.92
42.9 4.92
43 5.04
43.1 4.92
43.2 4.68
43.3 5.16
43.4 4.44
43.5 4.68
43.6 5.04
43.7 4.44
43.8 4.8
43.9 4.44
44 4.92
44.1 4.44
44.2 4.68
44.3 4.56
44.4 4.2
44.5 4.32
44.6 9.6
44.7 9.96
44.8 9.72
44.9 7.92
45 6.6
45.1 5.88
45.2 5.4
45.3 5.4
45.4 4.92
45.5 5.16
45.6 4.44
45.7 4.2
45.8 5.16
45.9 5.04
46 4.44
46.1 5.16
46.2 4.68
46.3 4.32
46.4 4.92
46.5 4.68
46.6 4.56
46.7 4.92
46.8 4.32
46.9 4.56
47 4.44
47.1 4.08
47.2 4.8
47.3 5.16
47.4 4.08
47.5 4.56
47.6 4.8
47.7 4.56
47.8 4.32
47.9 4.56
48 4.32
48.1 4.32
48.2 4.56
48.3 4.32
48.4 4.08
48.5 4.08
48.6 5.04
48.7 4.8
48.8 4.08
48.9 4.56
49 4.8
49.1 4.08
49.2 4.56
49.3 4.56
49.4 4.32
49.5 4.08
49.6 4.56
49.7 4.32
49.8 4.2
49.9 4.32
50 5.04
50.1 4.68
50.2 4.32
50.3 4.56
50.4 4.68
50.5 4.32
50.6 4.44
50.7 4.68
50.8 4.32
50.9 4.68
51 4.44
51.1 4.68
51.2 4.2
51.3 4.56
51.4 5.28
51.5 4.92
51.6 4.32
51.7 4.92
51.8 4.92
51.9 4.44
52 4.68
52.1 4.44
52.2 4.92
52.3 4.44
52.4 5.04
52.5 4.68
52.6 4.8
52.7 5.04
52.8 5.52
52.9 5.28
53 4.56
53.1 5.04
53.2 5.28
53.3 5.4
53.4 4.8
53.5 5.4
53.6 4.32
53.7 0.12
53.8 4.68
53.9 5.28
54 4.08
54.1 3.84
54.2 5.28
54.3 4.92
54.4 3.72
54.5 4.92
54.6 6.24
54.7 6.84
54.8 4.8
54.9 6.24
55 5.28
55.1 4.8
55.2 5.76
55.3 5.76
55.4 10.56
55.5 9.6
55.6 10.32
55.7 9.84
55.8 10.08
55.9 6.36
56 6.6
56.1 6.36
56.2 5.76
56.3 5.4
56.4 5.64
56.5 5.16
56.6 5.16
56.7 5.16
56.8 4.8
56.9 5.16
57 4.68
57.1 2.88
57.2 0.84
57.3 3.48
57.4 5.4
57.5 4.32
57.6 3.6
57.7 5.04
57.8 4.68
57.9 7.32
58 5.4
58.1 3.72
58.2 6.12
58.3 5.04
58.4 3.96
58.5 5.16
58.6 4.44
58.7 4.2
58.8 4.2
58.9 4.2
59 4.08
59.1 4.68
59.2 4.68
59.3 3.96
59.4 4.44
59.5 4.56
59.6 4.44
59.7 3.96
59.8 4.32
59.9 4.44
60 3.84
60.1 4.32
60.2 4.2
60.3 3.36
60.4 0.36
60.5 3.24
60.6 2.64
60.7 2.52
60.8 3.12
60.9 2.88
61 2.04
61.1 3.6
61.2 5.04
61.3 1.56
61.4 0
61.5 0.12
61.6 0
61.7 0
61.8 0.24
61.9 0.48
62 2.88
62.1 3.84
62.2 5.28
62.3 3.96
62.4 5.76
62.5 2.76
62.6 5.64
62.7 3
62.8 5.52
62.9 3.48
63 5.64
63.1 3.48
63.2 5.52
63.3 4.8
63.4 4.56
63.5 6
63.6 3.12
63.7 6.24
63.8 3.84
63.9 5.76
64 5.28
64.1 5.52
64.2 6.6
64.3 4.56
64.4 6.72
64.5 4.8
64.6 6.84
64.7 7.08
64.8 6.24
64.9 7.8
65 6.36
65.1 7.56
65.2 6.72
65.3 7.32
65.4 7.08
65.5 7.32
65.6 7.56
65.7 6.84
65.8 8.04
65.9 7.08
66 7.56
66.1 7.8
66.2 7.08
66.3 8.28
66.4 7.56
66.5 7.8
66.6 8.04
66.7 8.04
66.8 8.16
66.9 8.76
67 7.08
67.1 8.76
67.2 8.64
67.3 7.32
67.4 9
67.5 9.84
67.6 8.04
67.7 9.12
67.8 10.08
67.9 7.8
68 9.12
68.1 10.08
68.2 8.04
68.3 9.36
68.4 9.84
68.5 8.52
68.6 8.76
68.7 9.84
68.8 9.36
68.9 8.52
69 9.36
69.1 10.32
69.2 8.04
69.3 9.12
69.4 10.08
69.5 9.84
69.6 8.52
69.7 9.36
69.8 10.32
69.9 9.12
70 8.76
70.1 9.6
70.2 10.56
70.3 9.6
70.4 8.88
70.5 9.72
70.6 3.96
70.7 4.44
70.8 8.52
70.9 9.48
71 9.96
71.1 8.76
71.2 9.48
71.3 10.2
71.4 9.12
71.5 9.96
71.6 9.96
71.7 9.24
71.8 9.72
71.9 10.32
72 9.48
72.1 9.24
72.2 10.56
72.3 10.44
72.4 9.72
72.5 10.44
72.6 10.2
72.7 10.2
72.8 9.12
72.9 9.48
73 9.12
73.1 9.24
73.2 9.12
73.3 9.12
73.4 9.12
73.5 8.64
73.6 9.12
73.7 8.88
73.8 1.68
73.9 6.24
74 9
74.1 9
74.2 7.8
74.3 8.76
74.4 8.88
74.5 9
74.6 8.88
74.7 8.88
74.8 8.88
74.9 9.12
75 8.76
75.1 8.88
75.2 9.12
75.3 8.88
75.4 8.76
75.5 9.12
75.6 8.76
75.7 8.76
75.8 8.88
75.9 8.76
76 8.28
76.1 8.76
76.2 8.52
76.3 8.52
76.4 8.28
76.5 8.28
76.6 8.52
76.7 8.64
76.8 8.76
76.9 8.4
77 8.28
77.1 8.4
77.2 8.52
77.3 8.16
77.4 8.52
77.5 8.16
77.6 8.16
77.7 8.52
77.8 8.16
77.9 8.4
78 8.16
78.1 8.4
78.2 8.16
78.3 8.16
78.4 8.4
78.5 8.16
78.6 8.4
78.7 7.92
78.8 7.68
78.9 7.92
79 8.64
79.1 8.4
79.2 8.4
79.3 8.16
79.4 7.92
79.5 8.16
79.6 8.16
79.7 7.92
79.8 7.92
79.9 8.16
80 7.92
80.1 8.16
80.2 8.04
80.3 7.92
80.4 8.16
80.5 8.04
80.6 7.92
80.7 8.16
80.8 8.04
80.9 8.16
81 8.04
81.1 7.8
81.2 7.44
81.3 8.04
81.4 8.28
81.5 8.28
81.6 8.52
81.7 8.04
81.8 8.04
81.9 7.68
82 8.04
82.1 6.24
82.2 0.36
82.3 7.8
82.4 7.8
82.5 6.12
82.6 7.8
82.7 7.8
82.8 7.8
82.9 7.92
83 7.92
83.1 8.16
83.2 8.04
83.3 8.04
83.4 8.04
83.5 7.8
83.6 7.8
83.7 7.44
83.8 7.56
83.9 7.56
84 7.44
84.1 8.04
84.2 8.16
84.3 7.68
84.4 7.8
84.5 7.68
84.6 7.68
84.7 7.68
84.8 7.44
84.9 7.68
85 7.32
85.1 7.68
85.2 7.32
85.3 7.68
85.4 7.32
85.5 7.44
85.6 0.72
85.7 5.52
85.8 7.44
85.9 7.44
86 5.04
86.1 6.72
86.2 7.08
86.3 6.6
86.4 8.88
86.5 8.04
86.6 7.2
86.7 7.56
86.8 7.2
86.9 7.2
87 7.08
87.1 6.96
87.2 6.84
87.3 6.84
87.4 7.2
87.5 6.84
87.6 6.84
87.7 6.84
87.8 6.84
87.9 6.84
88 6.84
88.1 6.84
88.2 6.6
88.3 6.12
88.4 6.36
88.5 6.72
88.6 7.32
88.7 7.08
88.8 6.48
88.9 6.84
89 6.48
89.1 6.48
89.2 6.6
89.3 6.48
89.4 6.48
89.5 6.6
89.6 6.24
89.7 6.48
89.8 6.48
89.9 6.24
90 6.48
90.1 6.24
90.2 6.48
90.3 6.48
90.4 5.64
90.5 0.36
90.6 4.68
90.7 6.48
90.8 6.12
90.9 5.4
91 6.72
91.1 6
91.2 5.88
91.3 6.48
91.4 6.48
91.5 5.52
91.6 6.48
91.7 6.12
91.8 6
91.9 6.24
92 6
92.1 6.24
92.2 6.24
92.3 6
92.4 6.24
92.5 6
92.6 5.52
92.7 5.76
92.8 5.16
92.9 0.6
93 6.12
93.1 5.76
93.2 3.72
93.3 5.4
93.4 6
93.5 4.56
93.6 5.76
93.7 6
93.8 5.16
93.9 5.88
94 5.64
94.1 5.52
94.2 5.64
94.3 5.64
94.4 5.88
94.5 5.64
94.6 5.4
94.7 5.16
94.8 5.16
94.9 5.16
95 6
95.1 5.88
95.2 5.64
95.3 5.52
95.4 5.64
95.5 5.4
95.6 5.28
95.7 5.52
95.8 5.04
95.9 5.4
96 5.04
96.1 5.4
96.2 5.28
96.3 5.04
96.4 5.28
96.5 5.04
96.6 5.28
96.7 5.04
96.8 5.04
96.9 4.56
97 5.28
97.1 9.84
97.2 9.6
97.3 10.08
97.4 9.36
97.5 10.08
97.6 8.4
97.7 6.72
97.8 6.48
97.9 6
98 5.52
98.1 5.76
98.2 5.28
98.3 4.8
98.4 4.56
98.5 5.04
98.6 5.88
98.7 5.28
98.8 4.8
98.9 5.4
99 5.04
99.1 5.04
99.2 4.92
99.3 5.28
99.4 4.92
99.5 5.16
99.6 4.8
99.7 5.16
99.8 4.8
99.9 0.72
100 3.72
