0.1 0.06272
0.2 0.10816
0.3 0.12064
0.4 0.13312
0.5 0.13728
0.6 0.13312
0.7 0.1456
0.8 0.1456
0.9 0.14144
1 0.1456
1.1 0.1456
1.2 0.1456
1.3 0.14144
1.4 0.1456
1.5 0.1456
1.6 0.1456
1.7 0.14144
1.8 0.1456
1.9 0.16224
2 0.15808
2.1 0.15808
2.2 0.15808
2.3 0.15808
2.4 0.15808
2.5 0.15808
2.6 0.16224
2.7 0.1664
2.8 0.16224
2.9 0.1664
3 0.16224
3.1 0.16224
3.2 0.1664
3.3 0.16224
3.4 0.1664
3.5 0.16224
3.6 0.16224
3.7 0.1664
3.8 0.1664
3.9 0.16224
4 0.1664
4.1 0.16224
4.2 0.17056
4.3 0.16224
4.4 0.1664
4.5 0.16224
4.6 0.1664
4.7 0.1664
4.8 0.1664
4.9 0.1664
5 0.17056
5.1 0.17056
5.2 0.17056
5.3 0.16224
5.4 0.17056
5.5 0.17472
5.6 0.1664
5.7 0.1664
5.8 0.17472
5.9 0.1664
6 0.1664
6.1 0.1664
6.2 0.17472
6.3 0.17056
6.4 0.1664
6.5 0.17056
6.6 0.1808
6.7 0.47936
6.8 0.49248
6.9 0.49856
7 0.48032
7.1 0.50464
7.2 0.49248
7.3 0.38336
7.4 0.17056
7.5 0.1664
7.6 0.17472
7.7 0.16224
7.8 0.17056
7.9 0.17472
8 0.1664
8.1 0.1664
8.2 0.17056
8.3 0.17056
8.4 0.17056
8.5 0.1664
8.6 0.17472
8.7 0.1664
8.8 0.17056
8.9 0.1664
9 0.17056
9.1 0.17056
9.2 0.17056
9.3 0.17056
9.4 0.17056
9.5 0.17056
9.6 0.17056
9.7 0.17056
9.8 0.17472
9.9 0.1664
10 0.17056
10.1 0.17056
10.2 0.17056
10.3 0.17472
10.4 0.1664
10.5 0.17472
10.6 0.17056
10.7 0.17056
10.8 0.17056
10.9 0.17056
11 0.17472
11.1 0.35808
11.2 0.49184
11.3 0.49248
11.4 0.50464
11.5 0.48032
11.6 0.49248
11.7 0.37248
11.8 0.1664
11.9 0.17056
12 0.17056
12.1 0.1664
12.2 0.17056
12.3 0.17056
12.4 0.1664
12.5 0.17056
12.6 0.1664
12.7 0.17056
12.8 0.17056
12.9 0.1664
13 0.17056
13.1 0.1664
13.2 0.17056
13.3 0.1664
13.4 0.1664
13.5 0.1664
13.6 0.17056
13.7 0.1664
13.8 0.17056
13.9 0.1664
14 0.1664
14.1 0.1664
14.2 0.1664
14.3 0.1664
14.4 0.1664
14.5 0.1664
14.6 0.17056
14.7 0.1664
14.8 0.16224
14.9 0.1664
15 0.1664
15.1 0.1664
15.2 0.1664
15.3 0.1664
15.4 0.16224
15.5 0.1664
15.6 0.1664
15.7 0.16224
15.8 0.16224
15.9 0.1664
16 0.1664
16.1 0.16224
16.2 0.16224
16.3 0.16224
16.4 0.1664
16.5 0.16224
16.6 0.16224
16.7 0.15808
16.8 0.1664
16.9 0.15808
17 0.16224
17.1 0.16224
17.2 0.15808
17.3 0.16224
17.4 0.15808
17.5 0.15808
17.6 0.16224
17.7 0.15808
17.8 0.15808
17.9 0.15808
18 0.15808
18.1 0.15392
18.2 0.15808
18.3 0.15392
18.4 0.15808
18.5 0.15392
18.6 0.15392
18.7 0.15392
18.8 0.15392
18.9 0.14976
19 0.15392
19.1 0.14976
19.2 0.14976
19.3 0.14976
19.4 0.24224
19.5 0.39232
19.6 0.4256
19.7 0.43168
19.8 0.34656
19.9 0.4256
20 0.31008
20.1 0.1456
20.2 0.14144
20.3 0.1456
20.4 0.16224
20.5 0.15392
20.6 0.14144
20.7 0.14976
20.8 0.1456
20.9 0.1456
21 0.14144
21.1 0.1456
21.2 0.1456
21.3 0.1456
21.4 0.1456
21.5 0.14144
21.6 0.1456
21.7 0.1456
21.8 0.1456
21.9 0.1456
22 0.14144
22.1 0.13728
22.2 0.14144
22.3 0.13728
22.4 0.14976
22.5 0.14976
22.6 0.14976
22.7 0.14144
22.8 0.14144
22.9 0.14144
23 0.14144
23.1 0.1456
23.2 0.36896
23.3 0.40736
23.4 0.40736
23.5 0.40736
23.6 0.32832
23.7 0.39968
23.8 0.27136
23.9 0.13312
24 0.14144
24.1 0.14144
24.2 0.14144
24.3 0.13728
24.4 0.13312
24.5 0.13728
24.6 0.13312
24.7 0.12896
24.8 0.13312
24.9 0.12896
25 0.12896
25.1 0.1248
25.2 0.13728
25.3 0.13728
25.4 0.13312
25.5 0.12896
25.6 0.13312
25.7 0.13312
25.8 0.12896
25.9 0.12896
26 0.12896
26.1 0.12896
26.2 0.12896
26.3 0.12896
26.4 0.12896
26.5 0.12896
26.6 0.12896
26.7 0.13312
26.8 0.1248
26.9 0.12896
27 0.12896
27.1 0.12896
27.2 0.1248
27.3 0.12064
27.4 0.12064
27.5 0.12896
27.6 0.13728
27.7 0.13312
27.8 0.1248
27.9 0.12896
28 0.1248
28.1 0.1248
28.2 0.1248
28.3 0.1248
28.4 0.12064
28.5 0.1248
28.6 0.1248
28.7 0.1248
28.8 0.12064
28.9 0.1248
29 0.1248
29.1 0.12064
29.2 0.1248
29.3 0.12064
29.4 0.1248
29.5 0.1248
29.6 0.28896
29.7 0.32224
29.8 0.34048
29.9 0.37696
30 0.2736
30.1 0.2192
30.2 0.1248
30.3 0.10816
30.4 0.11648
30.5 0.12064
30.6 0.11232
30.7 0.11648
30.8 0.12064
30.9 0.11232
31 0.11648
31.1 0.11648
31.2 0.12064
31.3 0.11648
31.4 0.11648
31.5 0.11648
31.6 0.11648
31.7 0.11648
31.8 0.11648
31.9 0.10816
32 0.10816
32.1 0.10816
32.2 0.1248
32.3 0.1248
32.4 0.12064
32.5 0.11232
32.6 0.11648
32.7 0.11648
32.8 0.11232
32.9 0.11232
33 0.30432
33.1 0.31616
33.2 0.32832
33.3 0.31616
33.4 0.19456
33.5 0.32832
33.6 0.27552
33.7 0.12704
33.8 0.14144
33.9 0.13312
34 0.11232
34.1 0.1248
34.2 0.104
34.3 0.104
34.4 0.10816
34.5 0.12064
34.6 0.11648
34.7 0.11648
34.8 0.11232
34.9 0.11232
35 0.11232
35.1 0.10816
35.2 0.11232
35.3 0.10816
35.4 0.11232
35.5 0.10816
35.6 0.10816
35.7 0.10816
35.8 0.10816
35.9 0.10816
36 0.10816
36.1 0.11232
36.2 0.104
36.3 0.09984
36.4 0.104
36.5 0.09568
36.6 0.12064
36.7 0.11648
36.8 0.104
36.9 0.104
37 0.10816
37.1 0.10816
37.2 0.09984
37.3 0.104
37.4 0.104
37.5 0.104
37.6 0.104
37.7 0.104
37.8 0.09984
37.9 0.104
38 0.09984
38.1 0.104
38.2 0.09984
38.3 0.09984
38.4 0.10976
38.5 0.24864
38.6 0.29792
38.7 0.32832
38.8 0.20064
38.9 0.11936
39 0.09984
39.1 0.08736
39.2 0.08736
39.3 0.104
39.4 0.09152
39.5 0.08736
39.6 0.09984
39.7 0.09568
39.8 0.09152
39.9 0.09568
40 0.09568
40.1 0.09568
40.2 0.09568
40.3 0.09152
40.4 0.0832
40.5 0.0832
40.6 0.104
40.7 0.104
40.8 0.09568
40.9 0.09152
41 0.09568
41.1 0.09568
41.2 0.09152
41.3 0.09152
41.4 0.09568
41.5 0.09152
41.6 0.16224
41.7 0.23808
41.8 0.25536
41.9 0.26144
42 0.152
42.1 0.2128
42.2 0.2512
42.3 0.10304
42.4 0.05408
42.5 0.07488
42.6 0.09984
42.7 0.0832
42.8 0.07904
42.9 0.09152
43 0.07904
43.1 0.0832
43.2 0.07904
43.3 0.0832
43.4 0.07904
43.5 0.07904
43.6 0.0832
43.7 0.07488
43.8 0.0832
43.9 0.07488
44 0.0832
44.1 0.07488
44.2 0.07904
44.3 0.07904
44.4 0.07072
44.5 0.3984
44.6 0.34048
44.7 0.17056
44.8 0.1664
44.9 0.12896
45 0.10816
45.1 0.09984
45.2 0.09152
45.3 0.09152
45.4 0.0832
45.5 0.08736
45.6 0.07072
45.7 0.07488
45.8 0.08736
45.9 0.08736
46 0.07488
46.1 0.08736
46.2 0.07904
46.3 0.07488
46.4 0.0832
46.5 0.07904
46.6 0.07904
46.7 0.07904
46.8 0.07904
46.9 0.07904
47 0.07488
47.1 0.06656
47.2 0.08736
47.3 0.08736
47.4 0.07072
47.5 0.07904
47.6 0.0832
47.7 0.07488
47.8 0.07904
47.9 0.07904
48 0.07488
48.1 0.07488
48.2 0.07488
48.3 0.07904
48.4 0.06656
48.5 0.07488
48.6 0.08736
48.7 0.0832
48.8 0.07072
48.9 0.07904
49 0.0832
49.1 0.07072
49.2 0.07904
49.3 0.07488
49.4 0.07488
49.5 0.07488
49.6 0.07904
49.7 0.07488
49.8 0.06656
49.9 0.07904
50 0.08736
50.1 0.07488
50.2 0.07488
50.3 0.0832
50.4 0.07904
50.5 0.07488
50.6 0.07488
50.7 0.07904
50.8 0.07488
50.9 0.07904
51 0.07488
51.1 0.07488
51.2 0.07488
51.3 0.07904
51.4 0.09152
51.5 0.07488
51.6 0.07904
51.7 0.0832
51.8 0.07904
51.9 0.07904
52 0.07488
52.1 0.07904
52.2 0.0832
52.3 0.07488
52.4 0.0832
52.5 0.07904
52.6 0.07904
52.7 0.0832
52.8 0.09152
52.9 0.0832
53 0.07904
53.1 0.0832
53.2 0.09152
53.3 0.0832
53.4 0.07904
53.5 0.08736
53.6 0.16288
53.7 0.2432
53.8 0.2432
53.9 0.26752
54 0.152
54.1 0.21888
54.2 0.26752
54.3 0.17728
54.4 0.06656
54.5 0.0832
54.6 0.11232
54.7 0.09984
54.8 0.0832
54.9 0.10816
55 0.0832
55.1 0.07904
55.2 0.09568
55.3 0.104
55.4 0.17472
55.5 0.1664
55.6 0.17056
55.7 0.1664
55.8 0.16224
55.9 0.11232
56 0.11232
56.1 0.104
56.2 0.09568
56.3 0.09152
56.4 0.09568
56.5 0.08736
56.6 0.08736
56.7 0.08736
56.8 0.0832
56.9 0.08736
57 0.07904
57.1 0.19136
57.2 0.16416
57.3 0.1824
57.4 0.26752
57.5 0.10336
57.6 0.16128
57.7 0.0832
57.8 0.07488
57.9 0.13312
58 0.08736
58.1 0.06656
58.2 0.09984
58.3 0.07904
58.4 0.07072
58.5 0.08736
58.6 0.07488
58.7 0.07072
58.8 0.07072
58.9 0.06656
59 0.07488
59.1 0.07904
59.2 0.07904
59.3 0.06656
59.4 0.07488
59.5 0.07904
59.6 0.07072
59.7 0.07072
59.8 0.07488
59.9 0.07072
60 0.07072
60.1 0.07072
60.2 0.07488
60.3 0.14016
60.4 0.20064
60.5 0.17632
60.6 0.12768
60.7 0.11552
60.8 0.17632
60.9 0.13984
61 0.11552
61.1 0.18848
61.2 0.26144
61.3 0.1824
61.4 0.21888
61.5 0.06496
61.6 0
61.7 0
61.8 0.00416
61.9 0.00416
62 0.02496
62.1 0.03328
62.2 0.05824
62.3 0.03744
62.4 0.09152
62.5 0.04576
62.6 0.09568
62.7 0.04576
62.8 0.09568
62.9 0.04992
63 0.09568
63.1 0.05408
63.2 0.09568
63.3 0.07072
63.4 0.0832
63.5 0.09568
63.6 0.05824
63.7 0.104
63.8 0.05824
63.9 0.09984
64 0.07904
64.1 0.09984
64.2 0.09568
64.3 0.08736
64.4 0.11648
64.5 0.07072
64.6 0.11232
64.7 0.11648
64.8 0.11232
64.9 0.1248
65 0.104
65.1 0.1248
65.2 0.11232
65.3 0.12064
65.4 0.11648
65.5 0.12064
65.6 0.12064
65.7 0.11648
65.8 0.13312
65.9 0.11648
66 0.1248
66.1 0.1248
66.2 0.12064
66.3 0.13728
66.4 0.12064
66.5 0.12896
66.6 0.14144
66.7 0.12896
66.8 0.13312
66.9 0.14144
67 0.12064
67.1 0.1456
67.2 0.1456
67.3 0.11648
67.4 0.14976
67.5 0.1664
67.6 0.13312
67.7 0.1456
67.8 0.17056
67.9 0.1248
68 0.14976
68.1 0.17472
68.2 0.1248
68.3 0.15392
68.4 0.1664
68.5 0.13728
68.6 0.14976
68.7 0.16224
68.8 0.14976
68.9 0.14144
69 0.15808
69.1 0.1664
69.2 0.13312
69.3 0.14976
69.4 0.17472
69.5 0.15392
69.6 0.14144
69.7 0.15808
69.8 0.17056
69.9 0.1456
70 0.14976
70.1 0.15808
70.2 0.17472
70.3 0.15392
70.4 0.14976
70.5 0.16224
70.6 0.41024
70.7 0.43776
70.8 0.44384
70.9 0.48032
71 0.4256
71.1 0.44384
71.2 0.44384
71.3 0.17728
71.4 0.15392
71.5 0.1664
71.6 0.16224
71.7 0.15808
71.8 0.16224
71.9 0.17056
72 0.15392
72.1 0.16224
72.2 0.17056
72.3 0.17472
72.4 0.16224
72.5 0.17472
72.6 0.17472
72.7 0.1664
72.8 0.15392
72.9 0.15392
73 0.15808
73.1 0.15392
73.2 0.15392
73.3 0.14976
73.4 0.15392
73.5 0.14976
73.6 0.14976
73.7 0.15456
73.8 0.40544
73.9 0.41888
74 0.408
74.1 0.36
74.2 0.14144
74.3 0.14976
74.4 0.14976
74.5 0.14976
74.6 0.15392
74.7 0.14976
74.8 0.14976
74.9 0.14976
75 0.15392
75.1 0.14976
75.2 0.14976
75.3 0.15392
75.4 0.14976
75.5 0.14976
75.6 0.14976
75.7 0.15392
75.8 0.14976
75.9 0.1456
76 0.1456
76.1 0.1456
76.2 0.1456
76.3 0.1456
76.4 0.14144
76.5 0.14144
76.6 0.1456
76.7 0.15392
76.8 0.1456
76.9 0.1456
77 0.1456
77.1 0.1456
77.2 0.14144
77.3 0.1456
77.4 0.14144
77.5 0.1456
77.6 0.14144
77.7 0.14144
77.8 0.1456
77.9 0.14144
78 0.1456
78.1 0.14144
78.2 0.14144
78.3 0.1456
78.4 0.14144
78.5 0.1456
78.6 0.14144
78.7 0.13728
78.8 0.13728
78.9 0.13728
79 0.1456
79.1 0.14976
79.2 0.14144
79.3 0.14144
79.4 0.14144
79.5 0.14144
79.6 0.13728
79.7 0.13728
79.8 0.14144
79.9 0.13728
80 0.14144
80.1 0.13728
80.2 0.13728
80.3 0.14144
80.4 0.13728
80.5 0.13728
80.6 0.13728
80.7 0.14144
80.8 0.13728
80.9 0.14144
81 0.13728
81.1 0.13312
81.2 0.13312
81.3 0.13312
81.4 0.14144
81.5 0.1456
81.6 0.1456
81.7 0.13312
81.8 0.13728
81.9 0.13728
82 0.13728
82.1 0.20992
82.2 0.3632
82.3 0.38912
82.4 0.3952
82.5 0.29184
82.6 0.38432
82.7 0.3168
82.8 0.20512
82.9 0.13312
83 0.13728
83.1 0.13312
83.2 0.13312
83.3 0.13312
83.4 0.13312
83.5 0.12896
83.6 0.1248
83.7 0.12896
83.8 0.1248
83.9 0.1248
84 0.1248
84.1 0.13312
84.2 0.13728
84.3 0.13312
84.4 0.1248
84.5 0.12896
84.6 0.12896
84.7 0.12896
84.8 0.12896
84.9 0.1248
85 0.12896
85.1 0.1248
85.2 0.1248
85.3 0.12896
85.4 0.12896
85.5 0.15264
85.6 0.32608
85.7 0.3648
85.8 0.3648
85.9 0.32224
86 0.28576
86.1 0.32352
86.2 0.1504
86.3 0.11232
86.4 0.15392
86.5 0.13312
86.6 0.12064
86.7 0.12896
86.8 0.12064
86.9 0.11648
87 0.1248
87.1 0.11648
87.2 0.11648
87.3 0.11648
87.4 0.12064
87.5 0.11648
87.6 0.11232
87.7 0.12064
87.8 0.11232
87.9 0.12064
88 0.11648
88.1 0.11232
88.2 0.11232
88.3 0.10816
88.4 0.10816
88.5 0.11648
88.6 0.1248
88.7 0.12064
88.8 0.11232
88.9 0.11648
89 0.11232
89.1 0.11232
89.2 0.11232
89.3 0.11232
89.4 0.11232
89.5 0.10816
89.6 0.11232
89.7 0.11232
89.8 0.10816
89.9 0.11232
90 0.10816
90.1 0.11232
90.2 0.11232
90.3 0.10816
90.4 0.14624
90.5 0.27968
90.6 0.27968
90.7 0.3344
90.8 0.23104
90.9 0.27872
91 0.11904
91.1 0.09984
91.2 0.09984
91.3 0.104
91.4 0.104
91.5 0.09984
91.6 0.104
91.7 0.104
91.8 0.09568
91.9 0.104
92 0.104
92.1 0.09984
92.2 0.104
92.3 0.104
92.4 0.104
92.5 0.09568
92.6 0.09152
92.7 0.09568
92.8 0.14496
92.9 0.28832
93 0.28832
93.1 0.25568
93.2 0.11872
93.3 0.104
93.4 0.09568
93.5 0.07904
93.6 0.09984
93.7 0.09568
93.8 0.08736
93.9 0.09984
94 0.09568
94.1 0.09152
94.2 0.09984
94.3 0.09568
94.4 0.09568
94.5 0.09568
94.6 0.09152
94.7 0.09152
94.8 0.0832
94.9 0.08736
95 0.104
95.1 0.104
95.2 0.09152
95.3 0.09568
95.4 0.09568
95.5 0.09152
95.6 0.09152
95.7 0.09568
95.8 0.09152
95.9 0.08736
96 0.09152
96.1 0.08736
96.2 0.09152
96.3 0.08736
96.4 0.09152
96.5 0.08736
96.6 0.09152
96.7 0.08736
96.8 0.08736
96.9 0.07904
97 0.09984
97.1 0.17056
97.2 0.1664
97.3 0.17472
97.4 0.1664
97.5 0.17056
97.6 0.14144
97.7 0.11232
97.8 0.11648
97.9 0.09984
98 0.09984
98.1 0.09568
98.2 0.09568
98.3 0.07904
98.4 0.07904
98.5 0.08736
98.6 0.09984
98.7 0.09152
98.8 0.0832
98.9 0.09152
99 0.08736
99.1 0.08736
99.2 0.0832
99.3 0.09152
99.4 0.0832
99.5 0.08736
99.6 0.08736
99.7 0.0832
99.8 0.12544
99.9 0.19872
100 0.2272
