0.1 6.48864
0.2 4.08
0.3 2.88
0.4 2.4
0.5 1.68
0.6 1.8
0.7 1.68
0.8 1.8
0.9 1.68
1 1.68
1.1 1.8
1.2 1.68
1.3 1.8
1.4 1.68
1.5 1.68
1.6 1.8
1.7 0.84
1.8 0.6
1.9 0.96
2 0.96
2.1 0.84
2.2 0.96
2.3 0.84
2.4 0.6
2.5 0.48
2.6 0.6
2.7 0.48
2.8 0.6
2.9 0.6
3 0.6
3.1 0.48
3.2 0.6
3.3 0.48
3.4 0.6
3.5 0.48
3.6 0.48
3.7 0.48
3.8 0.6
3.9 0.48
4 0.48
4.1 0.48
4.2 0.36
4.3 0.48
4.4 0.48
4.5 0.36
4.6 0.48
4.7 0
4.8 0.24
4.9 0.24
5 0.6
5.1 0
5.2 0.24
5.3 0.48
5.4 0
5.5 0.12
5.6 0.24
5.7 0.72
5.8 0
5.9 0
6 0.24
6.1 0.36
6.2 0
6.3 0.12
6.4 0.12
6.5 0.36
6.6 0
6.7 0.48
6.8 0
6.9 0.24
7 0
7.1 0.48
7.2 0.24
7.3 0
7.4 0.36
7.5 0.24
7.6 0.12
7.7 0.36
7.8 0.24
7.9 0.12
8 0.24
8.1 0.24
8.2 0.24
8.3 0
8.4 0.48
8.5 0.12
8.6 0.36
8.7 0
8.8 0.24
8.9 0.24
9 0.12
9.1 0
9.2 0.24
9.3 0.24
9.4 0
9.5 0.12
9.6 0.12
9.7 0.36
9.8 0.12
9.9 0
10 0.12
10.1 0.24
10.2 0
10.3 0.12
10.4 0
10.5 0.24
10.6 0
10.7 0.12
10.8 0.24
10.9 0.12
11 0.24
11.1 0.24
11.2 0.12
11.3 0.24
11.4 0.24
11.5 0.24
11.6 0.12
11.7 0.24
11.8 0.24
11.9 0.24
12 0.24
12.1 0.36
12.2 0.24
12.3 0.24
12.4 0.24
12.5 0.24
12.6 0.24
12.7 0.24
12.8 0.36
12.9 0.24
13 0.36
13.1 0.24
13.2 0.36
13.3 0.36
13.4 0.24
13.5 0.36
13.6 0.24
13.7 0.36
13.8 0.36
13.9 0.36
14 0.36
14.1 0.48
14.2 0.36
14.3 0.36
14.4 0.36
14.5 0.48
14.6 0.36
14.7 0.48
14.8 0.36
14.9 0.48
15 0.48
15.1 0.36
15.2 0.48
15.3 0.6
15.4 0.48
15.5 0.48
15.6 0.6
15.7 0.48
15.8 0.6
15.9 0.6
16 0.6
16.1 0.48
16.2 0.6
16.3 0.6
16.4 0.72
16.5 0.72
16.6 0.6
16.7 0.72
16.8 0.72
16.9 0.72
17 0.84
17.1 0.72
17.2 0.84
17.3 0.84
17.4 0.84
17.5 0.84
17.6 0.96
17.7 0.96
17.8 0.96
17.9 0.96
18 1.08
18.1 1.08
18.2 1.08
18.3 1.08
18.4 1.2
18.5 1.2
18.6 1.2
18.7 1.32
18.8 1.32
18.9 1.32
19 1.44
19.1 1.44
19.2 1.44
19.3 1.56
19.4 1.56
19.5 1.56
19.6 1.68
19.7 1.8
19.8 1.68
19.9 1.56
20 1.56
20.1 1.2
20.2 0.6
20.3 1.68
20.4 1.68
20.5 1.68
20.6 1.8
20.7 1.68
20.8 1.68
20.9 1.68
21 1.68
21.1 1.8
21.2 1.68
21.3 1.68
21.4 1.68
21.5 1.8
21.6 1.68
21.7 1.92
21.8 2.16
21.9 2.16
22 1.56
22.1 1.2
22.2 1.32
22.3 1.8
22.4 1.92
22.5 1.8
22.6 1.92
22.7 1.92
22.8 1.92
22.9 1.8
23 1.92
23.1 1.92
23.2 1.92
23.3 1.92
23.4 1.8
23.5 1.92
23.6 1.92
23.7 1.92
23.8 1.8
23.9 1.92
24 2.04
24.1 2.28
24.2 2.52
24.3 2.4
24.4 2.4
24.5 2.52
24.6 2.64
24.7 2.88
24.8 2.88
24.9 1.92
25 1.8
25.1 2.4
25.2 2.52
25.3 2.64
25.4 2.64
25.5 2.52
25.6 2.64
25.7 2.52
25.8 2.64
25.9 2.52
26 2.64
26.1 2.52
26.2 2.64
26.3 2.52
26.4 2.64
26.5 2.52
26.6 2.64
26.7 2.52
26.8 2.88
26.9 3.24
27 3.12
27.1 2.76
27.2 1.92
27.3 2.04
27.4 2.4
27.5 2.88
27.6 2.88
27.7 2.88
27.8 2.88
27.9 2.88
28 2.88
28.1 2.88
28.2 2.88
28.3 2.88
28.4 2.88
28.5 2.88
28.6 2.88
28.7 2.88
28.8 2.88
28.9 2.88
29 2.88
29.1 2.88
29.2 3.48
29.3 3.6
29.4 3.6
29.5 2.16
29.6 2.28
29.7 2.28
29.8 3.24
29.9 3.36
30 3.36
30.1 3.48
30.2 3.36
30.3 3.36
30.4 3.36
30.5 3.36
30.6 3.36
30.7 3.36
30.8 3.36
30.9 3.36
31 3.36
31.1 3.36
31.2 3.36
31.3 3.36
31.4 3.48
31.5 3.72
31.6 4.2
31.7 4.2
31.8 3.24
31.9 2.52
32 2.64
32.1 3.12
32.2 3.72
32.3 3.6
32.4 3.6
32.5 3.72
32.6 3.6
32.7 3.72
32.8 3.6
32.9 3.6
33 3.72
33.1 3.6
33.2 3.48
33.3 3.6
33.4 3.72
33.5 2.28
33.6 0
33.7 3.48
33.8 3.72
33.9 4.08
34 4.56
34.1 4.56
34.2 2.88
34.3 2.76
34.4 3.12
34.5 3.72
34.6 3.84
34.7 3.84
34.8 3.72
34.9 3.84
35 3.84
35.1 3.72
35.2 3.84
35.3 3.84
35.4 3.72
35.5 3.84
35.6 3.84
35.7 3.72
35.8 3.84
35.9 3.96
36 4.8
36.1 4.8
36.2 3.36
36.3 2.88
36.4 3
36.5 4.08
36.6 4.08
36.7 4.2
36.8 4.08
36.9 4.08
37 4.2
37.1 4.08
37.2 4.08
37.3 4.2
37.4 4.08
37.5 4.08
37.6 4.2
37.7 4.08
37.8 4.08
37.9 4.2
38 5.16
38.1 5.16
38.2 4.08
38.3 3.12
38.4 3.12
38.5 4.32
38.6 4.68
38.7 4.56
38.8 4.68
38.9 4.68
39 4.56
39.1 4.68
39.2 4.56
39.3 4.68
39.4 4.68
39.5 4.68
39.6 4.68
39.7 4.68
39.8 4.68
39.9 4.56
40 5.64
40.1 5.88
40.2 5.16
40.3 3.48
40.4 3.48
40.5 4.56
40.6 4.92
40.7 4.92
40.8 4.92
40.9 4.92
41 4.92
41.1 4.8
41.2 4.92
41.3 4.92
41.4 4.92
41.5 4.92
41.6 4.92
41.7 4.92
41.8 4.92
41.9 4.92
42 5.76
42.1 6.12
42.2 5.88
42.3 3.72
42.4 3.96
42.5 4.92
42.6 5.64
42.7 5.76
42.8 5.64
42.9 5.64
43 5.64
43.1 5.64
43.2 5.64
43.3 5.64
43.4 5.76
43.5 5.64
43.6 5.64
43.7 5.64
43.8 5.64
43.9 5.64
44 6.36
44.1 1.44
44.2 0
44.3 0
44.4 0
44.5 0.48
44.6 0.48
44.7 0
44.8 5.04
44.9 5.64
45 5.64
45.1 5.64
45.2 5.64
45.3 6.48
45.4 6.96
45.5 4.92
45.6 4.32
45.7 5.52
45.8 5.64
45.9 5.52
46 5.64
46.1 5.52
46.2 5.64
46.3 5.52
46.4 5.64
46.5 5.64
46.6 5.52
46.7 6.6
46.8 6.36
46.9 4.08
47 4.56
47.1 5.64
47.2 5.64
47.3 5.76
47.4 5.64
47.5 5.76
47.6 5.64
47.7 5.76
47.8 5.64
47.9 5.64
48 5.76
48.1 6.6
48.2 5.16
48.3 4.2
48.4 5.04
48.5 5.64
48.6 5.76
48.7 5.64
48.8 5.76
48.9 5.64
49 5.76
49.1 5.64
49.2 5.76
49.3 5.76
49.4 5.88
49.5 6.24
49.6 4.8
49.7 4.32
49.8 5.28
49.9 5.64
50 5.76
50.1 5.76
50.2 5.64
50.3 5.76
50.4 5.76
50.5 5.64
50.6 5.76
50.7 5.64
50.8 6.12
50.9 5.64
51 4.68
51.1 4.2
51.2 5.64
51.3 5.64
51.4 5.76
51.5 5.64
51.6 5.76
51.7 5.76
51.8 5.28
51.9 5.64
52 5.52
52.1 5.4
52.2 5.64
52.3 5.52
52.4 4.2
52.5 4.44
52.6 5.76
52.7 5.76
52.8 5.64
52.9 4.92
53 5.64
53.1 5.28
53.2 4.8
53.3 5.04
53.4 5.16
53.5 5.04
53.6 5.28
53.7 4.8
53.8 4.2
53.9 4.68
54 5.52
54.1 5.64
54.2 5.64
54.3 3
54.4 0.36
54.5 5.64
54.6 5.64
54.7 5.52
54.8 5.52
54.9 5.64
55 3.84
55.1 0
55.2 0
55.3 0.48
55.4 0
55.5 0.48
55.6 0
55.7 4.56
55.8 5.52
55.9 5.52
56 5.52
56.1 5.52
56.2 5.52
56.3 5.52
56.4 5.52
56.5 5.64
56.6 5.52
56.7 5.52
56.8 6.96
56.9 6.84
57 3.96
57.1 4.32
57.2 5.28
57.3 5.88
57.4 6
57.5 6.12
57.6 1.2
57.7 1.92
57.8 6.12
57.9 6
58 6
58.1 6.12
58.2 6
58.3 6.12
58.4 6.12
58.5 7.56
58.6 7.56
58.7 4.56
58.8 4.56
58.9 5.88
59 6
59.1 6.12
59.2 6
59.3 6
59.4 6.12
59.5 6
59.6 6.12
59.7 6
59.8 6
59.9 6.12
60 6
60.1 6.36
60.2 7.56
60.3 6.48
60.4 4.44
60.5 4.56
60.6 6.36
60.7 6.6
60.8 6.72
60.9 2.52
61 2.16
61.1 6.72
61.2 6.6
61.3 6.72
61.4 6.72
61.5 6.72
61.6 6.84
61.7 7.68
61.8 9.6
61.9 11.04
62 8.4
62.1 9.72
62.2 9.6
62.3 8.64
62.4 4.56
62.5 7.44
62.6 4.8
62.7 6.96
62.8 4.68
62.9 6.72
63 4.68
63.1 6.36
63.2 4.92
63.3 5.28
63.4 6.12
63.5 3.84
63.6 7.2
63.7 3.96
63.8 4.68
63.9 4.68
64 4.56
64.1 4.68
64.2 3.72
64.3 5.88
64.4 3.6
64.5 1.8
64.6 3.84
64.7 3.12
64.8 3.96
64.9 3
65 3.48
65.1 3
65.2 3.36
65.3 3.12
65.4 3.12
65.5 3.12
65.6 2.76
65.7 3.48
65.8 2.4
65.9 3.12
66 2.64
66.1 2.52
66.2 3.24
66.3 2.16
66.4 1.92
66.5 2.88
66.6 1.92
66.7 2.28
66.8 2.28
66.9 1.68
67 3
67.1 1.8
67.2 0.96
67.3 1.44
67.4 1.92
67.5 0.72
67.6 2.04
67.7 1.56
67.8 0.48
67.9 2.4
68 1.2
68.1 0.48
68.2 2.28
68.3 1.44
68.4 0.36
68.5 1.8
68.6 1.56
68.7 0.72
68.8 0.96
68.9 1.92
69 1.2
69.1 0
69.2 2.04
69.3 1.44
69.4 0.24
69.5 0.6
69.6 1.8
69.7 1.44
69.8 0
69.9 0.48
70 1.68
70.1 0.84
70.2 0
70.3 0.84
70.4 1.56
70.5 0.72
70.6 0
70.7 1.2
70.8 1.2
70.9 0.72
71 0.12
71.1 1.08
71.2 0.72
71.3 0.24
71.4 1.08
71.5 0.84
71.6 0
71.7 0.96
71.8 0.96
71.9 0
72 0
72.1 0.48
72.2 0
72.3 0
72.4 0.48
72.5 1.08
72.6 1.2
72.7 1.2
72.8 1.2
72.9 1.2
73 1.2
73.1 1.32
73.2 1.44
73.3 1.32
73.4 1.08
73.5 0.84
73.6 0.96
73.7 1.08
73.8 1.32
73.9 1.2
74 1.32
74.1 1.32
74.2 1.2
74.3 1.32
74.4 1.32
74.5 1.32
74.6 1.32
74.7 1.32
74.8 1.2
74.9 1.32
75 1.32
75.1 1.32
75.2 1.32
75.3 1.32
75.4 1.32
75.5 1.44
75.6 1.56
75.7 1.68
75.8 1.56
75.9 1.68
76 1.68
76.1 1.8
76.2 1.92
76.3 1.44
76.4 1.2
76.5 1.44
76.6 1.68
76.7 1.8
76.8 1.68
76.9 1.8
77 1.68
77.1 1.8
77.2 1.68
77.3 1.8
77.4 1.68
77.5 1.8
77.6 1.68
77.7 1.8
77.8 1.68
77.9 1.68
78 1.8
78.1 1.68
78.2 1.8
78.3 1.92
78.4 2.16
78.5 2.28
78.6 1.68
78.7 1.32
78.8 1.32
78.9 1.92
79 1.92
79.1 2.04
79.2 1.92
79.3 2.04
79.4 1.92
79.5 2.04
79.6 2.04
79.7 1.92
79.8 2.04
79.9 1.92
80 2.04
80.1 1.92
80.2 2.04
80.3 1.92
80.4 2.04
80.5 1.92
80.6 2.04
80.7 2.28
80.8 2.52
80.9 2.52
81 1.8
81.1 1.56
81.2 1.56
81.3 1.92
81.4 2.28
81.5 2.16
81.6 2.28
81.7 2.28
81.8 2.16
81.9 2.28
82 2.16
82.1 2.28
82.2 2.28
82.3 2.16
82.4 2.28
82.5 2.16
82.6 2.28
82.7 2.28
82.8 2.28
82.9 2.28
83 2.28
83.1 2.52
83.2 2.88
83.3 2.88
83.4 2.88
83.5 2.88
83.6 3
83.7 2.88
83.8 1.92
83.9 2.04
84 2.76
84.1 2.76
84.2 2.76
84.3 2.76
84.4 2.76
84.5 2.76
84.6 2.76
84.7 2.88
84.8 2.76
84.9 2.76
85 2.76
85.1 2.76
85.2 2.76
85.3 2.76
85.4 2.76
85.5 2.76
85.6 2.76
85.7 3
85.8 3.48
85.9 3.48
86 3.12
86.1 1.08
86.2 0.48
86.3 3.24
86.4 3.36
86.5 3.36
86.6 3.36
86.7 3.36
86.8 3.36
86.9 3.36
87 3.36
87.1 3.36
87.2 3.36
87.3 3.36
87.4 3.24
87.5 3.36
87.6 3.36
87.7 3.36
87.8 3.36
87.9 4.2
88 4.2
88.1 3.72
88.2 2.52
88.3 2.52
88.4 3.24
88.5 3.6
88.6 3.6
88.7 3.72
88.8 3.6
88.9 3.6
89 3.72
89.1 3.6
89.2 3.6
89.3 3.72
89.4 3.6
89.5 3.6
89.6 3.72
89.7 3.6
89.8 3.6
89.9 3.72
90 3.96
90.1 4.56
90.2 4.44
90.3 3.48
90.4 2.76
90.5 2.88
90.6 3.84
90.7 4.32
90.8 4.2
90.9 4.32
91 4.2
91.1 4.32
91.2 4.2
91.3 4.32
91.4 4.2
91.5 4.32
91.6 4.2
91.7 4.32
91.8 4.2
91.9 4.32
92 4.2
92.1 4.32
92.2 5.04
92.3 5.28
92.4 5.28
92.5 3.24
92.6 3.12
92.7 3.6
92.8 4.44
92.9 4.56
93 4.44
93.1 4.56
93.2 4.44
93.3 4.44
93.4 4.56
93.5 4.56
93.6 4.56
93.7 4.56
93.8 4.56
93.9 4.56
94 4.56
94.1 4.56
94.2 4.56
94.3 4.68
94.4 5.76
94.5 5.76
94.6 4.56
94.7 3.36
94.8 3.6
94.9 4.56
95 4.8
95.1 4.92
95.2 4.92
95.3 4.92
95.4 4.92
95.5 4.92
95.6 4.92
95.7 4.92
95.8 4.92
95.9 4.92
96 4.8
96.1 4.92
96.2 4.92
96.3 4.92
96.4 4.92
96.5 5.76
96.6 6.12
96.7 0.12
96.8 0
96.9 0
97 0.36
97.1 0
97.2 0.48
97.3 0
97.4 1.68
97.5 5.16
97.6 5.16
97.7 5.16
97.8 5.16
97.9 5.64
98 6.48
98.1 6.24
98.2 3.84
98.3 3.96
98.4 4.68
98.5 5.16
98.6 5.16
98.7 5.16
98.8 5.16
98.9 5.16
99 5.16
99.1 5.16
99.2 5.16
99.3 5.04
99.4 5.16
99.5 5.16
99.6 5.16
99.7 5.16
99.8 6
99.9 6.36
100 4.68
