0.0201114 10
0.0416094 11
0.0464158 13
0.0512222 15
0.0560286 17
0.060835 19
0.0704478 21
0.0752542 23
0.0800606 25
0.084867 27
0.0896734 29
0.450153 29.0511
1.05817 23
1.05817 22
1.05817 23
1.0786 24
1.08701 25
1.09182 26
1.09662 27
1.10143 28
1.10623 29
1.11224 29.0511
1.17712 11.3218
1.17712 12.3218
1.19274 14.3218
1.20596 16.3218
1.22278 18.3218
1.2348 20.3218
1.24561 22.3218
1.25883 24.3218
1.27325 26.3218
1.28647 28.3218
1.32492 29.0511
1.45469 17.7058
1.84761 13.5131
2.78486 13.0166
3.1153 8.64365
3.19821 9.52141
3.30756 7.52141
3.6416 8.65401
3.67284 6.65401
4.04294 8.65401
4.11143 6.65401
4.49234 8.65401
4.5404 6.65401
4.92732 8.65401
4.9898 6.65401
5.20849 6.52141
5.37671 8.52141
5.42958 6.52141
5.8189 8.52141
5.87658 6.52141
6.02558 6.16091
6.28032 8.16091
6.34881 6.16091
6.84026 8.16091
6.90996 6.16091
7.40141 8.16091
7.4723 6.16091
7.96496 8.16091
8.03465 6.16091
8.16563 6.08494
8.54413 8.08494
8.61983 6.08494
8.76042 6.0732
9.14373 8.0732
9.50301 6.0732
9.62557 6.31354
9.97043 8.31354
10.0317 10.3135
10.0317 4
10.093 6
10.093 4
10.1495 6
10.1495 4
10.26 29.0511
10.26 15.616
10.6169 17.616
10.9942 19.616
11.0435 19.6561
11.5109 20.0401
11.5181 22.0401
11.5553 22.8204
11.5962 22.6885
11.6358 22.3184
11.6683 21.9454
11.7019 22.9192
11.7356 22.6333
11.7692 22.3971
11.8029 22.2037
11.8353 22.0338
11.8666 21.8992
11.8966 21.7811
11.9278 21.6906
11.9567 21.5988
11.9891 21.558
12.018 21.4959
12.0504 21.4814
12.0792 21.4558
12.1105 21.4461
12.1405 21.4247
12.1718 21.4192
12.2006 21.4012
12.2931 23.4012
12.3232 24.8584
12.5443 26.8543
12.7798 27.0014
12.8014 27.3025
12.823 27.6126
12.8447 27.9316
12.8675 29.9316
12.8891 31.4206
13.0898 33.4206
13.109 33.8681
13.2664 34.4834
13.2844 36.4834
13.3001 37.9185
13.4599 39.9185
13.4743 40.5849
13.5464 42.5849
13.5608 42.8729
13.6822 43.1347
13.6966 45.1347
13.7086 46.4192
13.7975 48.4192
13.8095 49.0898
13.9033 51.0898
13.9117 51.3702
13.9658 52.0041
13.9874 54.0041
13.9994 55.2189
14.0691 55.9171
14.0763 57.9171
14.0835 59.1789
14.1027 61.1789
14.1051 62.5062
14.1412 63.7887
14.1688 65.4392
14.1772 65.9289
14.1868 65.7535
14.1989 65.547
14.2073 65.366
14.2157 65.2079
14.2241 65.433
14.2289 65.0919
14.2349 67.0919
14.2433 67.4862
14.2505 67.1492
14.2589 66.913
14.2674 66.7631
14.2758 66.6326
14.283 66.518
14.2914 68.518
14.2998 69.2486
14.3262 70.2638
14.4067 72.2638
14.4139 72.8398
14.4584 74.8398
14.4656 75.3301
14.4933 77.3301
14.5005 77.7376
14.5569 78.8978
14.569 76.8978
14.5966 78.8978
14.6038 79.1347
14.6302 80.1381
14.6423 81.8992
14.6867 83.4054
14.7228 85.4054
14.73 85.4441
15.0604 50
15.0604 49
15.0604 50
15.1385 49
15.189 50
15.1914 51
15.195 52
15.1974 53
15.1998 54
15.201 55
15.2022 54
15.2022 55
15.2034 56
15.2046 57
15.2058 58
15.207 59
15.2082 60
15.2094 61
15.2118 62
15.2142 63
15.2178 64
15.2202 65
15.2238 66
15.2274 67
15.2298 68
15.2334 69
15.2371 70
15.2407 71
15.2431 72
15.2467 73
15.2491 74
15.2527 75
15.2563 76
15.2599 77
15.2635 78
15.2671 85.4441
15.2671 11.3218
15.2671 12.3218
15.2743 14.3218
15.2827 16.3218
15.2887 18.3218
15.2947 20.3218
15.3007 22.3218
15.3055 24.3218
15.3115 26.3218
15.3176 28.3218
15.3236 30.3218
15.3272 32.3218
15.3296 34.3218
15.3356 36.3218
15.3428 38.3218
15.3488 40.3218
15.3548 42.3218
15.362 44.3218
15.3692 46.3218
15.374 48.3218
15.3812 50.3218
15.4149 52.3218
15.4245 54.3218
15.4305 56.3218
15.4353 58.3218
15.4401 60.3218
15.4473 62.3218
15.4545 64.3218
15.4593 66.3218
15.4665 68.3218
15.4738 70.3218
15.4786 72.3218
15.4858 74.3218
15.493 76.3218
15.5026 77.0235
15.5098 77.0145
15.6119 75.0145
15.6588 77.0145
15.6648 77.6374
15.6828 79.6374
15.6876 80.261
15.7093 81.4841
15.7309 82.8384
16.3834 84.8384
16.4975 82.8384
16.5576 84.1616
16.5768 84.5477
16.6081 86.5477
16.6129 87.3888
16.6273 87.6664
16.6537 89.6664
16.6573 90.422
16.8989 92.422
16.9037 93.0421
17.001 93.953
17.0178 93.9814
17.2894 95.9814
17.4035 93.9814
17.4228 94.0532
17.4492 95.7811
17.4696 96.6222
17.4961 97.4185
17.5105 98.1747
17.5321 100.175
17.5369 100.472
18.1846 102.472
18.2963 100.472
18.3756 101.594
18.3924 102.916
18.4093 104.916
18.4141 104.951
18.4261 106.195
18.4513 108.195
18.4549 108.93
18.6868 109.729
18.7097 110.534
18.7193 110.579
18.7457 110.633
18.8719 111.317
18.8839 111.744
19.0786 113.744
19.1915 111.744
19.2576 113.353
19.2768 114.633
19.284 116.54
19.3153 117.066
19.3297 118.224
19.9798 120.224
20.0903 118.224
20.136 118.436
20.1576 119.528
20.1864 119.869
20.2009 121.61
20.2045 122.61
20.2057 122.998
20.2069 71
20.2069 70
20.2069 71
20.3006 72
20.3018 73
20.3054 74
20.3066 75
20.3078 76
20.3114 77
20.3126 78
20.3138 79
20.3174 80
20.3186 81
20.3198 82
20.3234 83
20.3246 84
20.3258 85
20.3294 86
20.3306 87
20.333 88
20.3342 89
20.3354 90
20.339 91
20.3402 92
20.3414 122.998
20.3414 11.3218
20.3414 12.3218
20.3438 14.3218
20.3474 16.3218
20.3499 18.3218
20.3535 20.3218
20.3559 22.3218
20.3595 24.3218
20.3619 26.3218
20.3643 28.3218
20.3679 30.3218
20.3703 32.3218
20.3739 34.3218
20.3775 36.3218
20.3799 38.3218
20.3835 40.3218
20.3871 42.3218
20.3907 44.3218
20.3943 46.3218
20.3991 48.3218
20.4027 50.3218
20.4063 52.3218
20.4111 54.3218
20.4159 56.3218
20.4183 58.3218
20.4231 60.3218
20.428 62.3218
20.4316 64.3218
20.4352 66.3218
20.44 68.3218
20.4424 70.3218
20.4472 72.3218
20.4508 74.3218
20.4544 76.3218
20.4592 78.3218
20.4628 80.3218
20.4652 82.3218
20.47 84.3218
20.4832 86.3218
20.488 88.3218
20.4904 90.3218
20.4952 92.3218
20.5001 94.3218
20.5025 96.3218
20.5073 98.3218
20.5121 100.322
20.5145 102.322
20.5193 104.322
20.5217 106.322
20.5265 108.322
20.5289 110.322
20.5337 112.322
20.5385 114.322
20.5409 116.322
20.5469 118.322
20.5493 120.322
20.5541 122.322
20.5565 122.294
20.5637 122.121
20.5709 121.988
20.8485 123.988
20.9531 121.988
21.1057 122.796
21.1093 124.796
21.1117 125.356
21.1369 126.448
21.3448 127.787
21.4049 128.575
21.4938 129.603
21.6872 131.603
21.7918 129.603
21.8326 130.171
21.8735 130.625
21.8831 131.345
21.8927 132.043
21.9155 132.718
21.9444 134.009
21.9816 134.746
22.1667 135.307
22.1763 135.501
22.1943 135.682
22.2039 135.972
22.2135 136.087
22.2255 136.157
22.2364 137.772
22.2412 137.808
22.5211 139.808
22.5824 140.137
22.6257 138.137
22.6882 138.271
22.7098 139.516
22.7386 139.585
22.7518 140.152
22.7675 140.701
22.7795 141.233
23.3514 143.233
23.4548 141.233
23.5509 142.25
23.5629 144.25
23.5653 144.791
23.5725 146.791
23.5749 147.333
23.5846 149.333
23.587 149.875
23.5942 151.875
23.5966 152.416
23.6062 154.416
23.6086 154.958
24.1818 156.958
24.2863 154.958
24.356 118
24.356 117
24.356 118
24.3692 117
24.3704 116
24.38 115
24.3921 114
24.4041 113
24.4149 114
24.4161 113
24.4161 114
24.4173 115
24.4185 116
24.4197 117
24.4209 118
24.4221 119
24.4233 120
24.4245 121
24.4257 122
24.4269 123
24.4281 122
24.4281 123
24.4293 124
24.4305 125
24.4317 126
24.4329 127
24.4341 128
24.4353 129
24.4365 130
24.4377 131
24.4389 132
24.4401 131
24.4401 132
24.4413 133
24.4425 134
24.4437 135
24.4449 136
24.4473 137
24.4485 138
24.4497 139
24.4509 140
24.4545 141
24.4557 142
24.4569 143
24.4605 144
24.4617 145
24.463 146
24.4642 147
24.4654 148
24.4666 149
24.4678 150
24.469 151
24.4726 152
24.4738 153
24.475 154
24.4762 155
24.4774 156
24.481 157
24.4822 158
24.4834 159
24.4846 160
24.4858 161
24.487 161.078
24.5002 160.078
24.5002 161.078
24.5122 160.078
24.5122 161.078
24.5134 160.078
24.5134 161.078
24.5194 160.078
24.5194 161.078
24.5278 160.078
24.5278 161.078
24.5387 160.078
24.5387 161.078
24.5495 160.078
24.5495 161.078
24.5603 160.078
24.5603 161.078
24.5711 11.3218
24.5711 12.3218
24.5735 14.3218
24.5759 16.3218
24.5795 18.3218
24.5819 20.3218
24.5867 22.3218
24.5891 24.3218
24.5927 26.3218
24.5963 28.3218
24.5987 30.3218
24.6011 32.3218
24.6035 34.3218
24.6083 36.3218
24.6107 38.3218
24.6131 40.3218
24.6179 42.3218
24.6203 44.3218
24.6227 46.3218
24.6251 48.3218
24.6275 50.3218
24.63 52.3218
24.6324 54.3218
24.6348 56.3218
24.6372 58.3218
24.6396 60.3218
24.642 62.3218
24.6456 64.3218
24.6492 66.3218
24.6516 68.3218
24.654 70.3218
24.6564 72.3218
24.6588 74.3218
24.6612 76.3218
24.6636 78.3218
24.666 80.3218
24.6684 82.3218
24.6708 84.3218
24.6732 86.3218
24.6756 88.3218
24.678 90.3218
24.6804 92.3218
24.6828 94.3218
24.6852 96.3218
24.6876 98.3218
24.69 100.322
24.6924 102.322
24.6948 104.322
24.6972 106.322
24.6996 108.322
24.702 110.322
24.7177 112.322
24.7201 114.322
24.7225 116.322
24.7249 118.322
24.7273 120.322
24.7321 122.322
24.7345 124.322
24.7369 126.322
24.7393 128.322
24.7417 130.322
24.7441 132.322
24.7465 134.322
24.7489 136.322
24.7513 138.322
24.7537 140.322
24.7561 142.322
24.7585 141.149
24.7609 139.576
24.7633 138.391
24.7657 137.163
24.7681 136.279
24.7705 135.315
24.7729 134.281
24.7753 133.566
24.7777 132.751
24.7802 132.037
24.7826 131.413
24.9628 133.413
25.0469 131.413
25.6321 133.413
25.7054 132
25.7054 131
25.7054 132
25.7907 131
25.8003 130
25.8087 129
25.8135 130
25.8148 130.38
25.8172 129.38
25.8172 130.38
25.8256 129.38
25.8256 130.38
25.8268 131.38
25.828 131.499
25.834 130.499
25.834 131.499
25.8352 132.499
25.8364 132.536
25.8424 131.536
25.8424 132.536
25.8484 133.536
25.8496 133.573
25.8508 132.573
25.8508 133.573
25.8592 132.573
25.8592 133.573
25.9301 132.573
25.9301 133.573
25.9373 132.573
25.9373 133.573
25.9445 132.573
25.9445 133.573
25.9517 132.573
25.9517 133.573
25.9601 132.573
25.9601 133.573
25.9674 132.573
25.9674 133.573
25.9758 132.573
25.9758 133.573
25.983 132.573
25.983 133.573
25.9926 132.573
25.9926 133.573
26.12 134.573
26.1212 134.834
26.2605 134.972
26.2726 135.071
26.287 135.209
26.2954 136.209
26.2966 137.209
26.3002 137.334
26.3783 135.334
26.3855 136.145
26.4131 136.169
26.424 136.419
26.4276 136.48
26.4324 136.539
26.4408 136.598
26.448 136.655
26.4492 137.655
26.4504 137.91
26.6994 1
26.7003 2
26.7003 4
26.7015 5
26.7027 6
26.7051 7
26.7063 8
26.7075 9
26.7087 10
26.7099 11
26.7111 12
26.7123 13
26.7135 14
26.7147 15
26.716 16
26.7172 17
26.7184 18
26.7196 5.0663
26.9741 5.07735
27.2577 7.07735
29.7306 6.43508
33.6082 5.79489
35.0026 6.79489
35.3354 7.14088
36.3387 6.07528
39.3463 6.0732
43.9857 5.72859
45.6427 5.77831
53.5132 5.58149
54.4589 5.58702
55.4589 1
55.5926 2
55.5926 4
56.5926 1
56.9269 2
56.9269 4
57.9269 1
58.0607 2
58.0607 4
59.0607 1
59.3962 2
59.3962 4
60.3962 1
60.5456 2
60.5456 4
61.5456 1
61.8679 2
61.8679 4
62.8679 1
63.0173 2
63.0173 4
64.0173 1
64.3745 2
64.3745 4
65.3745 1
65.5022 2
65.5022 4
66.5022 1
66.8353 2
66.8353 4
67.8353 1
67.9691 2
67.9691 4
68.9691 1
69.3022 2
69.3022 4
70.3022 1
70.642 2
70.642 4
71.642 1
71.9974 2
71.9974 4
72.9974 1
73.336 2
73.336 4
74.336 1
74.6914 2
74.6914 4
75.6914 1
76.0156 2
76.0156 4
77.0156 1
77.3469 2
77.3469 4
78.3469 1
78.6795 2
78.6795 4
79.6795 1
80.0133 2
80.0133 4
81.0133 1
81.3543 2
81.3543 4
82.3543 1
82.6664 2
82.6664 4
83.6664 1
84.0086 2
84.0086 4
85.0086 1
85.3652 2
85.3652 4
86.3652 1
86.6894 2
86.6894 4
87.6894 1
88.022 2
88.022 4
89.022 1
89.3545 2
89.3545 4
90.3545 1
90.6871 2
90.6871 4
91.6871 1
92.0281 2
92.0281 4
93.0281 1
93.3402 2
93.3402 4
94.3402 1
94.6824 2
94.6824 4
95.6824 1
96.039 2
96.039 4
97.039 1
97.3632 2
97.3632 4
98.3632 1
98.6958 2
98.6958 4
99.6958 1
