0.0201578 10
0.042811 11
0.0476174 13
0.0524238 15
0.0572302 17
0.0620366 19
0.0680446 21
0.072851 23
0.0764558 25
0.0824638 27
0.0860686 29
0.0920766 31
0.0956814 33
0.101689 35
0.105294 37
0.111302 39
0.113705 41
0.120915 43
0.123318 45
0.128125 47
0.131729 49
0.140141 51
0.142544 53
0.14735 55
0.150955 57
0.159366 59
0.161769 61
0.166576 63
0.168979 65
0.173785 67
0.176189 69
0.180995 71
0.183398 73
0.188205 75
0.190608 77
0.193011 79
0.195414 81
0.202624 83
0.205027 85
0.20743 87
0.209833 89
0.21464 91
0.250688 92
0.284333 93
0.313171 94
0.342009 95
0.375654 96
0.409299 97
0.440541 98
0.466976 99
0.495814 100
0.529459 101
0.565507 102
0.594345 103
0.620781 104
0.649619 105
0.679659 106
0.709699 107
0.738537 108
0.766174 109
0.795013 110
0.823851 111
0.852689 112
0.881528 113
0.910366 114
0.932003 113
0.933204 112.363
0.935608 112.044
0.936809 111.724
0.938011 111.405
0.939212 111.086
0.941616 110.767
0.942817 110.449
0.944019 110.13
0.94522 109.811
0.947624 109.492
0.948825 109.173
0.950027 108.854
0.951228 108.535
0.95243 108.216
0.953632 107.897
0.954833 107.578
0.957236 107.259
0.958446 106.94
0.959647 106.621
0.96205 105.302
0.963252 104.983
0.964454 104.664
0.965655 104.345
0.966857 104.026
0.968058 103
0.970462 102
0.971663 101
0.972865 100
0.974066 99
0.97647 98
0.977671 97
0.978873 96
0.980074 95
0.981276 94
0.983679 93
0.984888 92
0.98609 91
0.987292 89
0.988493 88
0.990896 87
0.992098 86
0.9933 85
0.994501 84
0.995703 83
0.996904 82
0.999308 81
1.00051 80
1.00171 79
1.01733 78
1.05939 77
1.07981 76
1.08823 79
1.19755 80
1.26484 81
1.3081 82
1.35976 83
1.41984 84
1.47992 85
1.54 86
1.59648 87
1.63613 88
1.69501 89
1.75269 90
1.81397 91
1.85362 92
1.9137 93
1.97498 94
2.03386 95
2.09514 96
2.15643 97
2.21771 98
2.27899 99
2.34748 100
2.42799 101
2.5097 102
2.59861 103
2.66831 104
2.79568 105
2.86777 106
3.00235 107
3.14054 108
3.27752 109
3.4145 110
3.55389 111
3.69568 112
3.90836 113
4.26163 114
6.97604 115
7.32691 116
7.57684 117
7.7727 118
7.93973 119
8.08392 120
8.21369 121
8.33265 122
8.442 123
8.54293 124
8.63545 125
8.72437 126
8.80968 127
8.89019 128
8.96589 129
8.97191 128
8.97311 127.374
8.97431 127.061
8.97551 126.749
8.97671 126.436
8.97792 126.122
8.97912 125.809
8.98032 125.497
8.98152 125.184
8.98272 124.871
8.98392 124.557
8.98513 124.244
8.98633 123.932
8.98753 123.619
8.98873 123.306
8.98993 122.992
8.99113 122.68
8.99234 122.367
8.99354 122.054
8.99474 121.741
8.99594 121.427
8.99714 121.115
8.99834 120
8.99955 119
9.00195 118
9.00315 117
9.00435 116
9.00555 115
9.00675 114
9.00796 113
9.00916 112
9.01036 111
9.01156 110
9.01276 109
9.01396 108
9.01517 107
9.01637 106
9.01757 105
9.01877 104
9.01997 103
9.02117 102
9.02238 101
9.02358 100
9.02478 99
9.02598 98.2797
9.02718 97
9.02838 96
9.02959 95
9.03079 94
9.03199 93
9.03319 92
9.03439 91
9.03559 90
9.04521 89
9.08247 88
9.12812 90
9.193 91
9.21462 92
9.25428 93
9.29513 94
9.33719 95
9.38044 96
9.4225 97
9.46696 98
9.51262 99
9.55948 100
9.60755 101
9.65561 102
9.70728 103
9.75655 104
9.80821 105
9.86108 106
9.91636 107
9.97404 108
10.0341 109
10.0942 110
10.1543 111
10.2192 112
10.2865 113
10.3561 114
10.4306 115
10.5051 116
10.5844 117
10.6698 118
10.7575 119
10.8536 120
10.9545 121
11.0627 122
11.1792 123
11.3114 124
11.3415 123
11.3427 122.365
11.3439 122.048
11.3451 121.731
11.3463 121.413
11.3475 121.095
11.3487 120.778
11.3499 120.461
11.3511 120.143
11.3523 119.826
11.3547 119.508
11.3559 119.191
11.3571 118.874
11.3583 118.556
11.3595 118.238
11.3607 117.921
11.3619 117.604
11.3631 117.286
11.3643 116.969
11.3655 116.651
11.3667 116.334
11.3679 116.016
11.3691 115.699
11.3703 114
11.3715 113
11.3727 112
11.3751 111
11.3763 110
11.3775 109
11.3787 108
11.3799 107
11.3811 106
11.3823 105
11.3835 104
11.3847 103
11.3859 102
11.3871 101
11.3883 100
11.3895 99
11.3907 98
11.3919 97
11.3931 96
11.3955 95
11.3967 94
11.3979 93
11.3991 92.1395
11.4003 91.8225
11.4015 90
11.4027 89
11.4039 88
11.4051 87
11.4063 86
11.4821 85
11.4965 86
11.5926 87
11.637 88
11.7043 89
11.774 90
11.8485 91
11.9242 92
12.0059 93
12.0889 94
12.1778 95
12.2715 96
12.3712 97
12.4818 98
12.5983 99
12.7293 100
12.8747 101
13.0405 102
13.2376 103
13.4863 104
13.8384 105
13.9129 104
13.9141 103.365
13.9153 103.047
13.9165 102.729
13.9189 102.412
13.9201 102.094
13.9213 101.776
13.9225 101.459
13.9249 101.14
13.9261 100.823
13.9273 100.505
13.9285 100.187
13.9309 99.8695
13.9321 99.5518
13.9345 99.2341
13.9357 98.9164
13.9369 98.5988
13.9381 98.2804
13.9405 97.9627
13.9417 97.645
13.9429 97.3273
13.9441 97.0097
13.9465 96.692
13.9477 96.3743
13.9489 96.0566
13.9513 94.739
13.9525 94.4206
13.9537 94.1029
13.955 93
13.9574 92
13.9586 91
13.9598 90
13.961 89
13.9634 88
13.9646 87
13.967 86
13.9682 85
13.9694 84
13.9706 83
13.973 82
13.9742 81
13.9754 80
13.9766 79
13.979 78
13.9802 77
13.9814 76
13.9826 75
13.985 74
13.9862 73
13.9934 72
14.0054 71
14.0451 70
14.0679 73
14.1676 74
14.1941 75
14.2421 76
14.2866 77
14.3382 78
14.3875 79
14.438 80
14.5137 81
14.599 82
14.6687 83
14.7444 84
14.8153 85
14.8934 86
14.9667 87
14.9955 86
14.9967 85.3488
14.9991 85.0228
15.0003 84.6968
15.0027 84.3709
15.0039 84.0456
15.0075 83.7196
15.0087 83.3936
15.0111 83.0677
15.0124 82.7417
15.0148 82.4157
15.016 82.0905
15.0184 81.7645
15.0196 81.4385
15.022 81.1126
15.0232 80.7866
15.0268 80.4613
15.028 80.1354
15.0304 79.8094
15.0316 79.4834
15.034 79.1575
15.0352 78.8315
15.0376 78.5062
15.0388 78.1802
15.0412 77.8543
15.0424 77.5283
15.046 77.2023
15.0472 76.8771
15.0484 76.5511
15.0496 76.2251
15.0508 75.8992
15.052 75.5732
15.0556 75.2472
15.0568 74.922
15.058 72
15.0592 71
15.0616 70
15.0628 69
15.0664 68
15.0676 67
15.07 66
15.0712 65
15.0736 64
15.0748 63
15.0772 62
15.0784 61
15.0809 60
15.0917 59
15.1205 58
15.1506 60
15.2479 61
15.3248 62
15.4293 63
15.5435 64
15.6732 65
15.8042 66
15.934 67
16.0686 68
16.2067 69
16.3509 70
16.4951 71
16.6586 70
16.6598 69.3425
16.6622 68.0138
16.6634 67.6851
16.6658 67.3564
16.667 67.0276
16.6694 66.6989
16.6706 66.3702
16.673 66.0414
16.6742 65.7127
16.6766 65.384
16.6778 65.0552
16.6802 64.7265
16.6814 64.3978
16.685 64.0691
16.6862 63.7403
16.6886 63.4116
16.6898 63.0829
16.6922 62.7535
16.6934 62.4247
16.6958 62.096
16.697 61.7673
16.7006 61.4385
16.7018 61.1098
16.7042 60.7811
16.7054 60.4523
16.7078 60.1236
16.709 59.7949
16.7114 59.4662
16.7126 59.1374
16.715 58.8087
16.7162 58.48
16.7198 58.1512
16.721 57.8225
16.7234 57.4938
16.7246 57.1651
16.727 56.8356
16.7282 56.5069
16.7306 56.1782
16.7331 55.8494
16.7355 55.5207
16.7367 54
16.7391 53
16.7403 52
16.7427 51
16.7439 50
16.7463 49
16.8003 50
16.876 51
16.977 52
17.0851 53
17.2041 54
17.3362 55
17.4828 56
17.6487 57
17.8421 58
18.0896 59
18.4393 58
18.4429 57.3446
18.4441 57.0166
18.4489 55.6885
18.4537 55.3612
18.4562 55.0331
18.4574 53.7051
18.461 52.3771
18.4622 52.0497
18.4658 51.7217
18.467 51.3936
18.4694 51.0656
18.4706 50.7383
18.4742 50.4102
18.4754 50.0822
18.4778 49.7541
18.479 49.4268
18.4826 49.0988
18.4838 48.7707
18.4874 48.4427
18.4886 48.1153
18.4922 47.7873
18.4934 47.4593
18.497 47.1312
18.4982 46.8039
18.5006 46.4758
18.5018 46.1478
18.5054 45.8198
18.5066 45.4924
18.5102 45.1644
18.5114 44.8363
18.515 44.5083
18.5162 44.1809
18.5198 43.8529
18.521 43.5249
18.5234 43.1968
18.5246 42.8695
18.5282 41
18.5931 42
18.6844 43
18.7998 44
18.9344 45
19.0762 46
19.242 47
19.439 48
19.6878 49
20.0458 50
20.2033 49
20.2081 47.3467
20.2129 46.0193
20.2189 45.6927
20.2201 44.366
20.2261 43.0387
20.2321 42.712
20.2381 42.3847
20.2441 41.058
20.2489 39.7314
20.2501 38.404
20.2549 37.0773
20.2561 36.75
20.2598 35
20.3859 36
20.4448 37
20.5241 38
20.607 39
20.6971 40
20.7896 41
20.8918 42
21.0059 43
21.1129 42
21.1141 40.3336
21.1177 39
21.1213 38.6671
21.1225 38.3336
21.1273 37
21.1285 36.6671
21.1333 36.3336
21.1345 36
21.1405 35.6671
21.1417 35.3336
21.1465 35
21.1477 34.6671
21.1537 34.3336
21.1549 34
21.1561 33.6671
21.161 33.3336
21.1622 33
21.1694 32.6671
21.1706 32.3336
21.1754 32
21.1766 31.6671
21.1814 30
21.2631 31
21.3952 32
21.5551 33
21.7593 34
21.9552 33
21.9564 31.2783
21.9624 29.9171
21.9636 29.5559
21.9708 29.1948
21.972 28.8336
21.978 28.4724
21.9792 28.1112
21.9853 27.75
21.9865 27.3895
21.9949 27.0283
21.9961 26.6671
22.0021 26.3059
22.0033 25.9448
22.0105 25.5836
22.0117 25.2224
22.0177 24.8612
22.0189 23
22.1042 24
22.2568 25
22.4478 26
22.6966 27
23.0571 28
23.6254 14
23.7516 15
23.7528 16
23.7624 15
23.7636 16
23.7732 15
23.7756 16
23.7804 15
23.7828 16
23.7912 15
23.7936 16
23.8021 15
23.8045 16
23.8657 15
23.8693 19
23.8693 20
24.0003 21
24.0856 22
24.2094 23
24.4521 18
24.4533 12
24.4581 11
24.5831 12
24.5855 13
24.5915 12
24.5939 13
24.6047 12
24.6071 13
24.6143 12
24.6167 13
24.6444 12
24.6468 13
24.7045 12
24.7057 16
24.7057 17
24.9796 18
25.292 19
25.6681 18
25.6693 17.2383
25.6766 16.8577
25.691 16.4765
25.7018 16.0953
25.7162 14.7148
25.7174 13
25.7306 12
25.7859 11
25.7871 10
25.858 9
25.8724 10
25.882 11
25.8965 12
25.9241 13
26.0046 12
26.1332 13
26.6081 1
27.0445 2
27.0672 4
27.0899 6
27.0923 8
27.1126 10
27.115 11
27.1174 12
27.1198 13
27.1353 14
27.1377 15
27.1401 16
27.1425 17
27.1449 18
27.1473 19
27.1568 20
27.1592 21
27.1616 22
27.164 23
27.1664 24
27.1688 25
27.1712 26
27.1736 27
27.176 28
27.1784 29
27.1808 30
27.1832 31
27.1856 32
27.188 33
27.1904 34
27.1928 35
27.1952 36
27.1976 37
27.2 38
27.2024 39
27.2048 40
27.2072 41
27.2096 42
27.212 43
27.2145 44
27.2169 45
27.2193 46
27.2217 47
27.2241 48
27.2265 49
27.2289 50
27.2313 51
27.2553 52
27.2805 53
27.3046 54
27.3286 55
27.3526 56
27.3767 57
27.4007 58
27.4259 59
27.45 60
27.474 61
27.498 62
27.5221 63
27.5473 64
27.5713 65
27.5954 66
27.6194 67
27.6434 68
27.6675 69
27.6927 70
27.7167 71
27.7408 72
27.7648 73
27.7888 74
27.814 75
27.8381 76
27.8621 77
27.8861 78
27.9102 79
27.9342 80
27.9594 81
27.9835 82
28.0075 83
28.0315 84
28.0556 85
28.0808 86
28.1048 87
28.1289 88
28.1529 89
28.1769 90
28.201 91
28.2262 92
28.2502 93
28.2743 94
28.2983 95
28.3223 96
28.3476 97
28.3716 98
28.3956 99
28.4197 100
28.4437 101
28.4677 102
28.493 103
28.517 104
28.541 105
28.565 106
28.5891 107
28.6143 108
28.6383 109
28.6624 110
28.6864 111
28.7104 112
28.7345 113
28.7597 114
28.7837 115
28.8078 116
28.8318 117
28.8558 118
28.8811 119
28.9051 120
28.9291 121
28.9532 122
28.9772 123
29.0012 124
29.0265 125
29.0505 126
29.0745 127
29.0986 128
29.1226 129
29.1466 130
29.1719 131
29.1959 132
29.2199 133
29.244 134
29.2692 135
29.2848 134
29.286 133.373
29.2872 133.059
29.2884 132.745
29.2896 132.431
29.2908 132.117
29.292 131.803
29.2932 131.49
29.2944 131.175
29.2956 130.862
29.2968 130.548
29.298 130.234
29.2992 129.92
29.3004 129.606
29.3016 129.292
29.3028 128.979
29.304 128.664
29.3052 128.351
29.3064 128.037
29.3076 127.723
29.3088 127.409
29.31 126
29.3113 125
29.3125 124
29.3137 123
29.3149 122
29.3161 121
29.3173 120
29.3185 119
29.3197 118
29.3209 117
29.3221 116
29.3233 115
29.3245 114
29.3257 113
29.3269 112
29.3281 111
29.3293 110
29.3305 109
29.3317 108
29.3329 107
29.3341 105
29.3353 104.552
29.3365 103
29.3377 102
29.3389 101
29.3401 100
29.3413 99
29.3425 98
29.3437 97
29.3449 96
29.3461 95
29.3473 94
29.3581 93
29.3653 92
29.3822 91
29.4062 90
29.441 94
29.5155 95
29.5672 96
29.6249 97
29.6837 98
29.727 99
29.7691 100
29.8123 101
29.8568 102
29.9024 103
29.9469 104
29.9974 105
30.0454 106
30.0947 107
30.1379 108
30.198 109
30.2461 110
30.3074 111
30.3554 112
30.4227 113
30.4684 114
30.5369 115
30.6066 116
30.6775 117
30.7231 118
30.7928 119
30.8661 120
30.9382 121
31.0103 122
31.0836 123
31.1581 124
31.2434 125
31.3444 126
31.4513 127
31.5378 128
31.6928 129
31.8454 130
31.9271 131
32.0076 130
32.0088 129.369
32.01 129.053
32.0112 128.737
32.0124 128.421
32.0136 128.106
32.0149 127.79
32.0161 127.474
32.0173 127.158
32.0185 126.843
32.0197 126.527
32.0209 126.211
32.0221 125.895
32.0233 125.579
32.0245 125.264
32.0257 124.948
32.0269 124.632
32.0281 124.316
32.0293 124
32.0305 123.684
32.0317 123.369
32.0329 123.053
32.0341 122
32.0353 121
32.0365 120
32.0377 119
32.0389 118
32.0401 117
32.0413 116
32.0425 115
32.0437 114
32.0449 113
32.0461 112
32.0473 111
32.0485 110
32.0497 109
32.0509 108
32.0521 107
32.0533 106
32.0545 105
32.0557 104
32.0569 103
32.0581 102
32.0593 101
32.0605 100.388
32.0617 99
32.0629 98
32.0641 97
32.0653 96
32.0665 95
32.0677 94
32.0689 93
32.0701 92
32.0713 91
32.0894 90
32.1638 91
32.1987 92
32.2323 93
32.3465 94
32.433 95
32.5063 96
32.576 97
32.6625 98
32.7478 99
32.8127 100
32.9293 101
32.9941 102
33.1179 103
33.2441 104
33.369 105
33.4952 106
33.6238 107
33.7536 108
33.8965 109
34.1429 110
34.4973 111
37.2118 112
37.565 113
37.8114 114
38.0084 115
38.1742 116
38.3208 117
38.4506 118
38.5696 119
38.6777 120
38.7786 121
38.8724 122
38.9613 123
39.0454 124
39.1247 125
39.2004 126
39.2749 127
39.3446 128
39.4119 129
39.4768 130
39.5369 131
39.5993 132
39.657 133
39.6991 132
39.7003 131.378
39.7015 131.067
39.7027 130.756
39.7039 130.445
39.7051 130.134
39.7063 129.823
39.7075 129.512
39.7087 129.2
39.7099 128.89
39.7111 128.578
39.7123 128.267
39.7135 127.956
39.7147 127.645
39.7159 127.334
39.7171 127.023
39.7183 126.711
39.7195 126.401
39.7207 126.089
39.7219 125.778
39.7231 125.467
39.7243 125.156
39.7255 124
39.7267 123
39.7279 122
39.7291 121
39.7303 120
39.7315 119
39.7327 118
39.7339 117
39.7351 116
39.7363 115
39.7375 114
39.7387 113
39.7399 112
39.7411 111
39.7423 110
39.7435 109
39.7447 108
39.7459 107
39.7471 106
39.7483 105
39.7495 104
39.7508 103.138
39.752 102
39.7532 101
39.7544 100
39.7556 99
39.7568 98
39.758 97
39.7592 96
39.7604 95
39.7616 93
39.8193 92
39.8241 91
39.8553 93
39.9334 94
39.943 95
39.9839 96
40.0247 97
40.0656 98
40.1064 99
40.1497 100
40.1929 101
40.2386 102
40.2819 103
40.3299 104
40.3756 105
40.426 106
40.4753 107
40.5258 108
40.5786 109
40.6315 110
40.6868 111
40.7445 112
40.8021 113
40.8622 114
40.9247 115
40.9896 116
41.0569 117
41.1266 118
41.1999 119
41.2744 120
41.3561 121
41.4402 122
41.5267 123
41.6228 124
41.7238 125
41.8307 126
41.9797 127
42.1311 128
42.2849 129
42.4411 130
42.5985 131
42.6033 130
42.6046 129.369
42.6058 129.053
42.607 128.737
42.6082 128.421
42.6094 128.106
42.6106 127.79
42.6118 127.474
42.613 127.158
42.6142 126.843
42.6154 126.527
42.6166 126.211
42.6178 125.895
42.619 125.579
42.6202 125.264
42.6214 124.948
42.6226 124.632
42.6238 124.316
42.625 124
42.6262 123.684
42.6274 123.369
42.6286 123.053
42.6298 122
42.631 121
42.6322 120
42.6334 119
42.6346 118
42.6358 117
42.637 116
42.6382 115
42.6394 114
42.6406 113
42.6418 112
42.643 111
42.6442 110
42.6454 109
42.6466 108
42.6478 107
42.649 106
42.6502 105
42.6514 104
42.6526 103
42.6538 102
42.655 101
42.6562 100.388
42.6574 99
42.6586 98
42.6598 97
42.661 96
42.6622 95
42.6634 94
42.6646 93
42.6658 92
42.667 91
42.7596 92
42.8196 93
42.9254 94
42.9879 95
43.0672 96
43.1429 97
43.2198 98
43.3087 99
43.3976 100
43.4577 101
43.5778 102
43.7004 103
43.7629 104
43.8891 105
44.0164 106
44.1438 107
44.2712 108
44.4598 109
44.7049 110
45.0582 111
47.7726 112
48.1259 113
48.3734 114
48.5693 115
48.7351 116
48.8817 117
49.0115 118
49.1292 119
49.2374 120
49.3383 121
49.4332 122
49.5222 123
49.6063 124
49.6856 125
49.7625 126
49.8346 127
49.9043 128
49.9716 129
50.0364 130
50.0989 131
50.159 132
50.2167 133
50.2611 132
50.2623 131.378
50.2635 131.067
50.2648 130.756
50.266 130.445
50.2672 130.134
50.2684 129.823
50.2696 129.512
50.2708 129.2
50.272 128.89
50.2732 128.578
50.2744 128.267
50.2756 127.956
50.2768 127.645
50.278 127.334
50.2792 127.023
50.2804 126.711
50.2816 126.401
50.2828 126.089
50.284 125.778
50.2852 125.467
50.2864 125.156
50.2876 124
50.2888 123
50.29 122
50.2912 121
50.2924 120
50.2936 119
50.2948 118
50.296 117
50.2972 116
50.2984 115
50.2996 114
50.3008 113
50.302 112
50.3032 111
50.3044 110
50.3056 109
50.3068 108
50.308 107
50.3092 106
50.3104 105
50.3116 104
50.3128 103.138
50.314 102
50.3152 101
50.3164 100
50.3176 99
50.3188 98
50.32 97
50.3212 95
50.3224 94
50.3236 93
50.3741 92
50.3789 91
50.4174 93
50.4882 94
50.4979 95
50.5387 96
50.5796 97
50.6204 98
50.6613 99
50.7045 100
50.7478 101
50.7934 102
50.8367 103
50.8848 104
50.9304 105
50.9809 106
51.029 107
51.0794 108
51.1323 109
51.1852 110
51.2404 111
51.2981 112
51.357 113
51.4171 114
51.4796 115
51.5444 116
51.6117 117
51.6814 118
51.7535 119
51.8304 120
51.9097 121
51.9938 122
52.0828 123
52.1765 124
52.2774 125
52.3868 126
52.5045 127
52.6343 128
52.7881 129
52.9467 130
53.1438 131
53.306 130
53.3072 129.369
53.3084 129.053
53.3096 128.737
53.3108 128.421
53.312 128.106
53.3144 127.79
53.3156 127.474
53.3168 127.158
53.318 125.843
53.3192 125.527
53.3204 125.211
53.3216 124.895
53.3228 124.579
53.324 124.264
53.3252 123.948
53.3264 123.632
53.3276 123.316
53.3288 123
53.33 122.684
53.3312 122.369
53.3324 122.053
53.3336 121
53.3348 120
53.336 119
53.3373 118
53.3385 117
53.3397 116
53.3409 115
53.3421 114
53.3433 113
53.3445 112
53.3457 111
53.3469 110
53.3481 109
53.3493 108
53.3505 107
53.3517 106
53.3529 105
53.3541 104
53.3553 103
53.3565 102
53.3577 101
53.3589 100
53.3601 99.3881
53.3613 98
53.3625 97
53.3637 96
53.3649 95
53.3661 94
53.3673 93
53.3685 92
53.3697 91
53.4694 92
53.5031 93
53.5679 94
53.6352 95
53.7049 96
53.7866 97
53.902 98
54.0173 99
54.0798 100
54.2 101
54.2637 102
54.3862 103
54.5088 104
54.6338 105
54.7611 106
54.8885 107
55.0159 108
55.1673 109
55.4148 110
55.7681 111
58.4825 112
58.8358 113
59.0833 114
59.2791 115
59.445 116
59.5916 117
59.7213 118
59.8391 119
59.9472 120
60.0482 121
60.1443 122
60.2308 123
60.3149 124
60.3966 125
60.4711 126
60.5444 127
60.6153 128
60.6826 129
60.7475 130
60.8076 131
60.8701 132
60.9277 133
60.9698 132
60.971 131.378
60.9722 131.067
60.9734 130.756
60.9746 130.445
60.9758 130.134
60.977 129.823
60.9782 129.512
60.9794 129.2
60.9806 128.89
60.9818 128.578
60.983 128.267
60.9842 127.956
60.9854 127.645
60.9866 127.334
60.9878 127.023
60.989 126.711
60.9902 126.401
60.9914 126.089
60.9926 125.778
60.9938 125.467
60.995 125.156
60.9962 124
60.9974 123
60.9986 122
60.9998 121
61.001 120
61.0022 119
61.0035 118
61.0047 117
61.0059 116
61.0071 115
61.0083 114
61.0095 113
61.0107 112
61.0119 111
61.0131 110
61.0143 109
61.0155 108
61.0167 107
61.0179 106
61.0191 105
61.0203 104
61.0215 103.138
61.0227 102
61.0239 101
61.0251 100
61.0263 99
61.0275 98
61.0287 97
61.0299 96
61.0311 95
61.0323 93
61.09 92
61.126 93
61.2005 94
61.2101 95
61.251 96
61.2918 97
61.3327 98
61.3735 99
61.4168 100
61.4601 101
61.5057 102
61.549 103
61.597 104
61.6427 105
61.692 106
61.7424 107
61.7929 108
61.8458 109
61.8986 110
61.9539 111
62.0116 112
62.0693 113
62.1293 114
62.1918 115
62.2567 116
62.324 117
62.3937 118
62.4658 119
62.5427 120
62.622 121
62.7061 122
62.795 123
62.8888 124
62.9897 125
63.0978 126
63.23 127
63.3838 128
63.5376 129
63.6914 130
63.8548 131
64.0171 130
64.0183 129.369
64.0195 129.053
64.0207 128.737
64.0219 128.421
64.0231 128.106
64.0243 127.79
64.0255 127.474
64.0267 127.158
64.0279 126.843
64.0291 126.527
64.0303 126.211
64.0315 125.895
64.0327 125.579
64.0339 125.264
64.0351 124.948
64.0363 124.632
64.0375 124.316
64.0387 124
64.0399 123.684
64.0411 123.369
64.0423 123.053
64.0435 122
64.0447 121
64.0459 120
64.0471 119
64.0483 118
64.0495 117
64.0507 116
64.0519 115
64.0531 114
64.0543 113
64.0555 112
64.0567 111
64.0579 110
64.0591 109
64.0603 108
64.0615 107
64.0627 106
64.0639 105
64.0651 104
64.0663 103
64.0675 102
64.0687 101
64.0699 100.388
64.0711 99
64.0723 98
64.0735 97
64.0747 96
64.0759 95
64.0771 94
64.0783 93
64.0795 92
64.0807 91
64.1733 92
64.2081 93
64.2706 94
64.3379 95
64.4076 96
64.5229 97
64.6383 98
64.6984 99
64.8113 100
64.8786 101
64.9988 102
65.1141 103
65.1838 104
65.3088 105
65.4361 106
65.5659 107
65.6933 108
65.8711 109
66.1187 110
66.4719 111
69.1851 112
69.5384 113
69.7859 114
69.983 115
70.1488 116
70.2954 117
70.4252 118
70.5441 119
70.6523 120
70.7532 121
70.847 122
70.9359 123
71.02 124
71.0993 125
71.1762 126
71.2483 127
71.318 128
71.3853 129
71.4502 130
71.5126 131
71.5727 132
71.6304 133
71.6749 132
71.6761 131.378
71.6773 131.067
71.6785 130.756
71.6797 130.445
71.6809 130.134
71.6821 129.823
71.6833 129.512
71.6845 129.2
71.6857 128.89
71.6869 128.578
71.6881 128.267
71.6893 127.956
71.6905 127.645
71.6917 127.334
71.6929 127.023
71.6941 126.711
71.6953 126.401
71.6965 126.089
71.6977 125.778
71.6989 125.467
71.7001 125.156
71.7013 124
71.7025 123
71.7037 122
71.7049 121
71.7061 120
71.7073 119
71.7085 118
71.7097 117
71.7109 116
71.7121 115
71.7133 114
71.7145 113
71.7157 112
71.7169 111
71.7181 110
71.7193 109
71.7205 108
71.7217 107
71.7229 106
71.7241 105
71.7253 104
71.7265 103.138
71.7277 102
71.7289 101
71.7301 100
71.7313 99
71.7325 98
71.7337 97
71.7349 95
71.7361 94
71.7374 93
71.7926 92
71.8022 91
71.8311 93
71.9116 94
71.9212 95
71.962 96
72.0029 97
72.0437 98
72.0846 99
72.1279 100
72.1711 101
72.2168 102
72.26 103
72.3081 104
72.3538 105
72.4042 106
72.4523 107
72.5028 108
72.5556 109
72.6085 110
72.6638 111
72.7214 112
72.7791 113
72.8416 114
72.9017 115
72.9666 116
73.0339 117
73.1036 118
73.1769 119
73.2538 120
73.3331 121
73.4172 122
73.5061 123
73.5998 124
73.7008 125
73.8089 126
73.9291 127
74.0636 128
74.2174 129
74.3712 130
74.5335 129
74.5347 128.379
74.5359 128.068
74.5371 127.758
74.5383 127.448
74.5395 127.137
74.5407 126.826
74.5419 126.515
74.5431 126.205
74.5443 125.894
74.5455 125.584
74.5467 125.273
74.5479 124.963
74.5491 124.652
74.5503 124.341
74.5515 124.03
74.5527 123.72
74.5539 123.41
74.5551 123.099
74.5563 122.788
74.5575 122.478
74.5587 122.167
74.5599 121
74.5611 120
74.5623 119
74.5635 118
74.5647 117
74.5659 116
74.5671 115
74.5683 114
74.5695 113
74.5707 112
74.5719 111
74.5731 110
74.5743 109
74.5755 108
74.5767 107
74.5779 106
74.5791 105
74.5803 104
74.5815 103
74.5827 102
74.5839 101
74.5851 100
74.5863 99.5048
74.5875 98
74.5887 97
74.5899 96
74.5911 95
74.5923 94
74.5935 93
74.5947 92
74.5959 91
74.6885 92
74.7245 93
74.7918 94
74.8615 95
74.9336 96
75.0489 97
75.1643 98
75.2628 99
75.3421 100
75.4575 101
75.5248 102
75.6473 103
75.7699 104
75.8961 105
76.0234 106
76.1508 107
76.3238 108
76.5714 109
76.9246 110
79.6379 111
79.9923 112
80.2399 113
80.4369 114
80.6027 115
80.7469 116
80.8767 117
80.9969 118
81.105 119
81.2047 120
81.3009 121
81.3874 122
81.4715 123
81.5532 124
81.6277 125
81.7022 126
81.7719 127
81.8392 128
81.9041 129
81.9666 130
82.0266 131
82.0843 132
82.142 133
82.1889 132
82.1901 131.378
82.1913 131.067
82.1925 130.756
82.1937 130.445
82.1949 130.134
82.1961 129.823
82.1973 129.512
82.1985 129.2
82.1997 128.89
82.2009 128.578
82.2021 128.267
82.2033 127.956
82.2045 127.645
82.2057 127.334
82.2069 127.023
82.2081 126.711
82.2093 126.401
82.2105 126.089
82.2117 125.778
82.2129 125.467
82.2141 125.156
82.2153 124
82.2165 123
82.2177 122
82.2189 121
82.2201 120
82.2213 119
82.2225 118
82.2237 117
82.2249 116
82.2261 115
82.2273 114
82.2285 113
82.2297 112
82.2309 111
82.2321 110
82.2333 109
82.2345 108
82.2357 107
82.2369 106
82.2381 105
82.2393 104
82.2405 103.138
82.2417 102
82.2429 101
82.2441 100
82.2453 99
82.2465 97
82.2477 96
82.2489 95
82.2501 94
82.2514 93
82.3042 92
82.3451 93
82.4148 94
82.4244 95
82.4652 96
82.5049 97
82.5457 98
82.589 99
82.6298 100
82.6755 101
82.7188 102
82.7644 103
82.8101 104
82.8581 105
82.9062 106
82.9567 107
83.0071 108
83.06 109
83.1129 110
83.1682 111
83.2258 112
83.2835 113
83.3436 114
83.4061 115
83.471 116
83.5382 117
83.6079 118
83.68 119
83.7569 120
83.8374 121
83.9216 122
84.0081 123
84.1042 124
84.2051 125
84.3301 126
84.4815 127
84.6353 128
84.7891 129
84.9429 130
85.0991 131
85.17 130
85.1712 129.369
85.1724 129.053
85.1736 128.737
85.1748 128.421
85.176 128.106
85.1772 127.79
85.1784 127.474
85.1796 127.158
85.1808 126.843
85.182 126.527
85.1832 126.211
85.1844 125.895
85.1857 125.579
85.1869 125.264
85.1881 124.948
85.1893 124.632
85.1905 124.316
85.1917 124
85.1929 123.684
85.1941 123.369
85.1953 123.053
85.1965 122
85.1977 121
85.1989 120
85.2001 119
85.2013 118
85.2025 117
85.2037 116
85.2049 115
85.2061 114
85.2073 113
85.2085 112
85.2097 111
85.2109 110
85.2121 109
85.2133 108
85.2145 107
85.2157 106
85.2169 105
85.2181 104
85.2193 103
85.2205 102
85.2217 101
85.2229 100.388
85.2241 99
85.2253 98
85.2265 97
85.2277 96
85.2289 95
85.2301 94
85.2313 93
85.2325 92
85.2337 91
85.2614 90
85.325 91
85.3695 92
85.4151 93
85.5257 94
85.605 95
85.6771 96
85.754 97
85.8141 98
85.9174 99
85.9919 100
86.1001 101
86.1722 102
86.2947 103
86.4197 104
86.5459 105
86.6708 106
86.7982 107
86.928 108
87.0673 109
87.3149 110
87.6681 111
90.3814 112
90.7358 113
90.9834 114
91.1804 115
91.3462 116
91.4904 117
91.6202 118
91.7404 119
91.8473 120
91.9482 121
92.0444 122
92.1309 123
92.215 124
92.2967 125
92.3712 126
92.4457 127
92.5154 128
92.5827 129
92.6476 130
92.7077 131
92.7701 132
92.8278 133
92.8699 132
92.8711 131.378
92.8723 131.067
92.8735 130.756
92.8747 130.445
92.8759 130.134
92.8771 129.823
92.8783 129.512
92.8795 129.2
92.8807 128.89
92.8819 128.578
92.8831 128.267
92.8843 127.956
92.8855 127.645
92.8867 127.334
92.8879 127.023
92.8891 126.711
92.8903 126.401
92.8915 126.089
92.8927 125.778
92.8939 125.467
92.8951 125.156
92.8963 124
92.8975 123
92.8987 122
92.8999 121
92.9011 120
92.9023 119
92.9035 118
92.9047 117
92.9059 116
92.9071 115
92.9083 114
92.9095 113
92.9107 112
92.9119 111
92.9131 110
92.9143 109
92.9155 108
92.9167 107
92.9179 106
92.9191 105
92.9203 104
92.9216 103.138
92.9228 102
92.924 101
92.9252 100
92.9264 99
92.9276 98
92.9288 97
92.93 96
92.9312 95
92.9324 93
92.9901 92
93.0261 93
93.1006 94
93.1102 95
93.1498 96
93.1907 97
93.2316 98
93.2748 99
93.3157 100
93.3613 101
93.4046 102
93.4502 103
93.4959 104
93.544 105
93.592 106
93.6425 107
93.693 108
93.7458 109
93.7987 110
93.854 111
93.9117 112
93.9693 113
94.0294 114
94.0919 115
94.1568 116
94.2241 117
94.2938 118
94.3659 119
94.4428 120
94.5233 121
94.6074 122
94.6939 123
94.79 124
94.891 125
94.9991 126
95.1361 127
95.2875 128
95.4413 129
95.5975 130
95.7561 131
95.8438 130
95.845 129.369
95.8462 129.053
95.8474 128.737
95.8486 128.421
95.8499 128.106
95.8511 127.79
95.8523 127.474
95.8535 127.158
95.8547 126.843
95.8559 126.527
95.8571 126.211
95.8583 125.895
95.8595 125.579
95.8607 125.264
95.8619 124.948
95.8631 124.632
95.8643 124.316
95.8655 124
95.8667 123.684
95.8679 123.369
95.8691 123.053
95.8703 122
95.8715 121
95.8727 120
95.8739 119
95.8751 118
95.8763 117
95.8775 116
95.8787 115
95.8799 114
95.8811 113
95.8823 112
95.8835 111
95.8847 110
95.8859 109
95.8871 108
95.8883 107
95.8895 106
95.8907 105
95.8919 104
95.8931 103
95.8943 102
95.8955 101
95.8967 100.388
95.8979 99
95.8991 98
95.9003 97
95.9015 96
95.9027 95
95.9039 94
95.9051 93
95.9063 92
95.9075 91
95.9183 90
95.9988 91
96.0265 92
96.0601 93
96.1635 94
96.262 95
96.3341 96
96.3918 97
96.4903 98
96.5672 99
96.6633 100
96.745 101
96.858 102
96.9277 103
97.0526 104
97.1788 105
97.3038 106
97.4311 107
97.5609 108
97.7243 109
97.9719 110
98.3251 111
