0.0201114 0.02
0.0416094 0.020125
0.0464158 0.0208594
0.0512222 0.022127
0.0560286 0.0238611
0.060835 0.0258784
0.0656414 0.0282686
0.0704478 0.0282351
0.0752542 0.0282057
0.0800606 0.02868
0.084867 0.02922
0.0896734 0.0300675
0.0944798 0.031059
0.0992862 0.0323017
0.104093 0.033639
0.108899 0.0351841
0.116109 0.0370361
0.118512 0.0382816
0.125721 0.0401214
0.130528 0.0419812
0.135334 0.0439835
0.137737 0.0456106
0.144947 0.0476593
0.149753 0.0497019
0.15456 0.0519891
0.156963 0.0537405
0.164173 0.0561479
0.171382 0.0586294
0.178592 0.0611758
0.185801 0.0636538
0.197817 0.0666971
0.200221 0.0688599
0.212237 0.0718774
0.219446 0.0745178
0.226656 0.077078
0.229059 0.0790683
0.241075 0.0820597
0.248285 0.0846773
0.255494 0.0872176
0.257897 0.0890654
0.269913 0.0919322
0.281929 0.0950657
0.293945 0.0983075
0.305961 0.101769
0.32759 0.106673
0.329993 0.109714
0.351622 0.114875
0.361235 0.11914
0.368445 0.122748
0.370848 0.125279
0.382864 0.128744
0.390073 0.131276
0.398485 0.133617
0.400888 0.134915
0.412904 0.1373
0.42492 0.139388
0.438137 0.141464
0.450153 0.143281
0.472984 0.146121
0.475387 0.146231
0.498217 0.148952
0.50783 0.149708
0.51504 0.150245
0.517443 0.149964
0.530661 0.151094
0.53787 0.151457
0.547483 0.15215
0.549886 0.151881
0.563104 0.153146
0.57512 0.154253
0.587136 0.155221
0.600353 0.156068
0.625587 0.15756
0.637603 0.157615
0.653224 0.157913
0.66524 0.157924
0.677256 0.157683
0.690473 0.157348
0.702489 0.156804
0.715707 0.156204
0.730126 0.155803
0.745747 0.155578
0.760166 0.155631
0.775787 0.155802
0.790206 0.156077
0.805827 0.156442
0.817843 0.156512
0.833464 0.156823
0.847883 0.157095
0.859899 0.157083
0.87552 0.157323
0.889939 0.157657
0.90556 0.1582
0.919979 0.158675
0.934398 0.159216
0.946414 0.159439
0.960833 0.159634
0.975253 0.15993
0.989672 0.160189
1.00409 0.16054
1.01611 0.160722
1.03053 0.160882
1.19274 0.156522
1.20596 0.152582
1.22278 0.149509
1.2348 0.14657
1.24561 0.143624
1.25883 0.140921
1.27325 0.138681
1.28647 0.136596
1.32492 0.134396
1.33934 0.132597
1.35135 0.130772
1.36577 0.129176
1.38019 0.127904
1.39341 0.126666
1.41023 0.125958
1.42585 0.125463
1.44268 0.125405
1.45469 0.125229
1.46911 0.125201
1.48473 0.125301
1.49915 0.125513
1.51117 0.125449
1.52559 0.125393
1.54121 0.125594
1.55563 0.125769
1.57004 0.126048
1.58927 0.127042
1.6145 0.127662
1.63854 0.127954
1.66377 0.128085
1.6878 0.127824
1.71544 0.127846
1.74187 0.127865
1.76951 0.128007
1.79474 0.128006
1.82118 0.128131
1.84761 0.128239
1.87525 0.128459
1.90169 0.128652
1.92812 0.128945
1.95576 0.129202
1.9906 0.130552
2.02906 0.131733
2.06631 0.132516
2.10836 0.133452
2.14681 0.134145
2.18647 0.134877
2.22852 0.135893
2.26697 0.136531
2.30663 0.137215
2.34868 0.138188
2.38713 0.139039
2.42679 0.139659
2.46764 0.140452
2.50729 0.14127
2.54574 0.141862
2.5878 0.142629
2.62625 0.1433
2.6659 0.143888
2.70676 0.144652
2.74641 0.145445
2.78486 0.14589
2.82692 0.146653
2.86537 0.147322
2.90382 0.147782
2.94588 0.148434
2.98913 0.14938
3.03119 0.150207
3.07204 0.150806
3.1153 0.15158
3.15736 0.152258
3.19821 0.152726
3.24147 0.153385
3.30756 0.156962
3.36524 0.155842
3.39167 0.154986
3.41931 0.154488
3.50342 0.161427
3.53466 0.160374
3.5671 0.159702
3.6416 0.164364
3.67284 0.162944
3.70769 0.162076
3.78219 0.166816
3.82064 0.165964
3.87712 0.165844
3.94681 0.165613
3.99487 0.165412
4.04294 0.165235
4.11143 0.165206
4.15949 0.165055
4.20515 0.164673
4.2436 0.164214
4.32531 0.164437
4.37338 0.164633
4.42264 0.164804
4.49234 0.165078
4.5404 0.165318
4.59087 0.165654
4.65575 0.165322
4.6942 0.165032
4.75909 0.165528
4.82157 0.165587
4.87204 0.165888
4.92732 0.166152
4.9898 0.166383
5.04027 0.166585
5.09073 0.166137
5.12918 0.165745
5.20849 0.166027
5.25655 0.166024
5.30702 0.166271
5.37671 0.166487
5.42958 0.166676
5.48245 0.166966
5.54013 0.166596
5.58339 0.166396
5.65068 0.166597
5.70836 0.166772
5.76123 0.167051
5.8189 0.167169
5.87658 0.167273
5.92945 0.167364
5.98232 0.166943
6.02558 0.166701
6.09767 0.166863
6.15054 0.167005
6.21303 0.168504
6.28032 0.169566
6.34881 0.170371
6.4173 0.171074
6.47978 0.170815
6.55428 0.173088
6.63239 0.173327
6.70088 0.173411
6.77057 0.17361
6.84026 0.173909
6.90996 0.174295
6.97724 0.174508
7.03973 0.17382
7.11423 0.175717
7.19473 0.175878
7.26202 0.175893
7.33292 0.176031
7.40141 0.176152
7.4723 0.176508
7.5408 0.176695
7.60208 0.175983
7.67658 0.177735
7.75708 0.177893
7.82557 0.178032
7.89647 0.178403
7.96496 0.178602
8.03465 0.178902
8.10555 0.179414
8.16563 0.178737
8.24133 0.18077
8.32063 0.180924
8.39633 0.181683
8.47083 0.182348
8.54413 0.18293
8.61983 0.183688
8.69433 0.184477
8.76042 0.184168
8.84093 0.186522
8.92624 0.187081
9.00074 0.187571
9.07764 0.188375
9.14373 0.187953
9.18098 0.182959
9.25668 0.178714
9.31676 0.174125
9.37924 0.170484
9.44052 0.167549
9.50301 0.165355
9.56189 0.163311
9.62557 0.162022
9.70488 0.163269
9.78178 0.16311
9.84546 0.162597
9.90675 0.162147
9.97043 0.162129
10.0317 0.162113
10.093 0.162099
10.1495 0.161586
10.26 0.162388
10.3213 0.163089
10.4294 0.163828
10.4907 0.1646
10.5532 0.165525
10.6169 0.166584
10.6782 0.167636
10.7395 0.168557
10.7947 0.168612
10.8464 0.169036
10.8945 0.169406
10.9437 0.16973
10.9942 0.170264
11.0435 0.170856
11.0939 0.171499
11.1432 0.172187
11.1889 0.172413
11.2309 0.172737
11.2718 0.17302
11.3126 0.173267
11.3535 0.173484
11.3943 0.173673
11.4352 0.173839
11.4772 0.174234
11.5109 0.17358
11.5181 0.168882
11.5553 0.164272
11.5962 0.160238
11.6358 0.156458
11.6683 0.152651
11.7019 0.149445
11.7356 0.146764
11.7692 0.144544
11.8029 0.142726
11.8353 0.141135
11.8666 0.139868
11.8966 0.13876
11.9278 0.137915
11.9567 0.13705
11.9891 0.136669
12.018 0.136085
12.0504 0.13595
12.0792 0.135706
12.1105 0.135618
12.1405 0.135416
12.1718 0.135364
12.2006 0.135193
12.233 0.135419
12.2619 0.135367
12.2931 0.135571
12.3232 0.135749
12.3544 0.136031
12.3856 0.136402
12.4157 0.136727
12.4445 0.136886
12.4686 0.137025
12.4926 0.137147
12.5178 0.137254
12.5443 0.137722
12.5683 0.138132
12.5923 0.13849
12.6176 0.138929
12.6416 0.139188
12.6656 0.139414
12.6897 0.139613
12.7113 0.139786
12.7353 0.140188
12.7581 0.140664
12.7798 0.141081
12.8014 0.141446
12.823 0.141765
12.8447 0.14192
12.8675 0.142305
12.8891 0.142642
12.9119 0.142936
12.9348 0.143319
12.9552 0.143654
12.9756 0.143698
12.9973 0.14386
13.0177 0.144003
13.0369 0.144253
13.0537 0.144346
13.073 0.144553
13.0898 0.144734
13.109 0.145142
13.1258 0.145249
13.1451 0.145718
13.1619 0.145878
13.1823 0.146393
13.1991 0.146719
13.2172 0.147129
13.2352 0.147488
13.252 0.147677
13.2664 0.147718
13.2844 0.148003
13.3001 0.148252
13.3169 0.148471
13.3337 0.148787
13.3505 0.149064
13.3662 0.149306
13.383 0.149518
13.3998 0.149828
13.4166 0.150224
13.431 0.150446
13.4455 0.150516
13.4599 0.150576
13.4743 0.150754
13.4887 0.15091
13.5031 0.151171
13.5176 0.1514
13.532 0.1516
13.5464 0.1519
13.5608 0.152162
13.5752 0.152517
13.5896 0.152827
13.6029 0.152974
13.6161 0.153102
13.6305 0.153339
13.6437 0.153672
13.6581 0.154213
13.6702 0.154561
13.6822 0.154741
13.6966 0.155024
13.7086 0.155146
13.7206 0.155252
13.7338 0.155471
13.7471 0.155912
13.7591 0.156298
13.7711 0.156636
13.7831 0.156931
13.7975 0.15744
13.8095 0.157885
13.8216 0.158274
13.8336 0.158615
13.8456 0.158913
13.8576 0.159174
13.8672 0.159277
13.8792 0.159493
13.8913 0.159806
13.9033 0.160205
13.9117 0.16018
13.9237 0.160282
13.9333 0.160247
13.9453 0.160341
13.9561 0.160423
13.9658 0.160245
13.9778 0.16034
13.9874 0.160422
13.9994 0.16062
14.0078 0.160542
14.0198 0.160724
14.0294 0.160884
14.039 0.160898
14.0487 0.160786
14.0595 0.160813
14.0691 0.160836
14.0763 0.160482
14.0835 0.159796
14.0919 0.158947
14.0991 0.158079
14.1027 0.156444
14.1051 0.154138
14.1075 0.151246
14.1135 0.148215
14.122 0.145438
14.1316 0.143134
14.1412 0.141242
14.1508 0.139587
14.1592 0.138138
14.1688 0.136871
14.1772 0.135762
14.1868 0.134792
14.1989 0.134318
14.2073 0.133903
14.2157 0.13354
14.2241 0.133223
14.2289 0.132445
14.2349 0.131514
14.2433 0.130825
14.2505 0.130097
14.2589 0.129585
14.2674 0.129262
14.2758 0.128979
14.283 0.128732
14.2914 0.12864
14.2998 0.12856
14.3082 0.12874
14.3154 0.128898
14.3262 0.12941
14.3334 0.129859
14.3406 0.130252
14.3479 0.13047
14.3551 0.130786
14.3623 0.131063
14.3695 0.13118
14.3779 0.131408
14.3851 0.131732
14.3923 0.132015
14.3995 0.132388
14.4067 0.132715
14.4139 0.133
14.4224 0.1335
14.4296 0.133938
14.4368 0.134321
14.444 0.134781
14.4512 0.135308
14.4584 0.135769
14.4656 0.136298
14.4728 0.136761
14.4812 0.137541
14.486 0.137973
14.4933 0.138477
14.5005 0.138917
14.5077 0.139427
14.5149 0.139874
14.5221 0.140515
14.5269 0.1407
14.5353 0.141238
14.5425 0.141708
14.5497 0.142245
14.5569 0.142714
14.5617 0.143
14.569 0.143375
14.5762 0.143953
14.5846 0.144584
14.5894 0.145011
14.5966 0.145509
14.6038 0.146071
14.6086 0.146312
14.6158 0.146648
14.623 0.147192
14.6302 0.147793
14.635 0.148194
14.6423 0.14867
14.6471 0.148961
14.6543 0.149341
14.6615 0.149923
14.6675 0.150433
14.6747 0.151004
14.6795 0.151378
14.6867 0.151831
14.6915 0.152227
14.6987 0.152699
14.7059 0.153236
14.7107 0.153582
14.7168 0.153884
14.7228 0.154274
14.73 0.154739
14.7396 0.155147
14.748 0.155379
14.7576 0.155581
14.7648 0.155509
14.7744 0.15557
14.7816 0.155374
14.7912 0.155202
14.7985 0.154802
14.8057 0.154202
14.8129 0.153426
14.8213 0.152998
14.8285 0.152623
14.8357 0.152295
14.8405 0.151883
14.8477 0.151523
14.8525 0.150958
14.8597 0.150588
14.867 0.150264
14.8742 0.150231
14.8814 0.150202
14.8862 0.150052
14.897 0.150421
14.9042 0.150868
14.909 0.151135
14.9162 0.151368
14.9234 0.151697
14.9306 0.15211
14.9378 0.152471
14.9451 0.153037
14.9523 0.153532
14.9595 0.154091
14.9643 0.154455
14.9727 0.154898
14.9799 0.155411
14.9871 0.156109
14.9907 0.156221
14.9979 0.156443
15.0051 0.156763
15.0099 0.156792
15.0172 0.157068
15.0244 0.15731
15.0292 0.157396
15.0364 0.157471
15.0436 0.157663
15.0532 0.15833
15.2743 0.155039
15.2827 0.152284
15.2887 0.149873
15.2947 0.147639
15.3007 0.145684
15.3055 0.143849
15.3115 0.142118
15.3176 0.140603
15.3236 0.139153
15.3272 0.137633
15.3296 0.135804
15.3356 0.134079
15.3428 0.132694
15.3488 0.131357
15.3548 0.130188
15.362 0.129414
15.3692 0.128737
15.374 0.12802
15.3812 0.127393
15.4149 0.130219
15.4245 0.127316
15.4305 0.124777
15.4353 0.122305
15.4401 0.120017
15.4473 0.118139
15.4545 0.116622
15.4593 0.115044
15.4665 0.113789
15.4738 0.112815
15.4786 0.111713
15.4858 0.110874
15.493 0.110265
15.5026 0.110107
15.5098 0.110093
15.5194 0.110582
15.5266 0.111134
15.5338 0.111617
15.541 0.11229
15.5471 0.112879
15.5543 0.113394
15.5615 0.11397
15.5663 0.114349
15.5711 0.11468
15.5783 0.11522
15.5831 0.115692
15.5879 0.115981
15.5927 0.116233
15.5999 0.116704
15.6047 0.117116
15.6119 0.117727
15.6167 0.118261
15.624 0.118978
15.6288 0.119606
15.636 0.12028
15.6408 0.12087
15.648 0.121636
15.6528 0.122307
15.6588 0.123018
15.6648 0.123766
15.6696 0.12442
15.6756 0.125118
15.6828 0.125978
15.6876 0.126731
15.6924 0.127389
15.6997 0.128216
15.7045 0.128939
15.7093 0.129571
15.7141 0.130125
15.7189 0.130484
15.7237 0.130799
15.7309 0.131324
15.7357 0.131783
15.7405 0.132186
15.7453 0.132537
15.7525 0.132845
15.7597 0.13299
15.7694 0.133241
15.7766 0.133336
15.7838 0.133294
15.791 0.133007
15.7982 0.132756
15.8066 0.132537
15.8138 0.13222
15.821 0.131942
15.8258 0.131199
15.833 0.130674
15.8378 0.129965
15.8439 0.129344
15.8499 0.128801
15.8547 0.128201
15.8595 0.127676
15.8667 0.127342
15.8715 0.126924
15.8787 0.126808
15.8835 0.126582
15.8907 0.12651
15.8979 0.126696
15.9027 0.126734
15.9099 0.127017
15.9147 0.12714
15.922 0.127372
15.9292 0.127951
15.9352 0.128457
15.9424 0.129025
15.9472 0.129522
15.9544 0.130082
15.9592 0.130446
15.964 0.130766
15.9712 0.13117
15.976 0.131399
15.9832 0.131849
15.988 0.132118
15.9928 0.132103
15.9977 0.13209
16.0049 0.132204
16.0097 0.132178
16.0169 0.132406
16.0217 0.13248
16.0289 0.13267
16.0337 0.132836
16.0409 0.133107
16.0457 0.133219
16.0517 0.133441
16.0577 0.133636
16.0625 0.133682
16.071 0.134096
16.0782 0.134709
16.083 0.134996
16.0902 0.135621
16.095 0.135919
16.0998 0.136054
16.107 0.136547
16.1118 0.136729
16.1166 0.136763
16.1238 0.137042
16.1286 0.137162
16.1334 0.137267
16.1406 0.137483
16.1455 0.137548
16.1515 0.137729
16.1575 0.137888
16.1623 0.137902
16.1695 0.138164
16.1743 0.138269
16.1791 0.138235
16.1863 0.138456
16.1911 0.138524
16.1983 0.138708
16.2031 0.13887
16.2115 0.139261
16.2163 0.139478
16.2212 0.139669
16.2284 0.13996
16.2332 0.14009
16.238 0.140079
16.2452 0.140319
16.25 0.140279
16.2548 0.140244
16.262 0.140464
16.2668 0.140406
16.2716 0.140355
16.2788 0.140436
16.2836 0.140381
16.2908 0.140584
16.2957 0.140636
16.3005 0.140556
16.3077 0.140737
16.3125 0.14077
16.3173 0.140673
16.3245 0.140839
16.3293 0.140859
16.3365 0.141127
16.3413 0.141236
16.3497 0.141582
16.3545 0.141884
16.3617 0.142273
16.3665 0.142489
16.3714 0.142678
16.3786 0.142968
16.3834 0.143097
16.3882 0.14321
16.3954 0.143434
16.4002 0.143505
16.405 0.143442
16.4122 0.143636
16.417 0.143682
16.4242 0.143972
16.429 0.1441
16.4338 0.143963
16.441 0.144217
16.4459 0.14419
16.4507 0.144041
16.4579 0.144161
16.4627 0.144141
16.4675 0.143998
16.4747 0.144124
16.4795 0.144108
16.4867 0.14422
16.4915 0.144317
16.4975 0.144403
16.5047 0.144602
16.5095 0.144777
16.5143 0.144805
16.5216 0.144954
16.5264 0.145085
16.5312 0.145199
16.536 0.145174
16.5408 0.145278
16.548 0.145618
16.5504 0.145791
16.5576 0.146192
16.5624 0.146668
16.5672 0.147084
16.572 0.147574
16.5768 0.147877
16.5816 0.148142
16.5864 0.1485
16.5912 0.148812
16.5961 0.149211
16.6009 0.149434
16.6081 0.15013
16.6129 0.150614
16.6177 0.151162
16.6225 0.151642
16.6273 0.152187
16.6321 0.152663
16.6369 0.15308
16.6417 0.153445
16.6465 0.15389
16.6537 0.154528
16.6573 0.155087
16.6645 0.155451
16.6718 0.155645
16.679 0.155814
16.6838 0.155588
16.691 0.155389
16.6982 0.155216
16.703 0.154689
16.7102 0.154227
16.7174 0.153824
16.7222 0.153096
16.7294 0.152459
16.7342 0.151652
16.7414 0.15082
16.7487 0.150093
16.7535 0.149081
16.7583 0.148196
16.7631 0.147421
16.7691 0.146744
16.7751 0.146276
16.7799 0.145741
16.7847 0.145149
16.7895 0.14463
16.7955 0.144301
16.7991 0.143889
16.8039 0.143278
16.8087 0.142743
16.8135 0.142275
16.8183 0.141866
16.822 0.141257
16.8268 0.140725
16.8316 0.140135
16.8364 0.139618
16.8412 0.139166
16.846 0.138645
16.8496 0.138064
16.8532 0.137431
16.8592 0.137002
16.8628 0.136252
16.8664 0.135471
16.8688 0.134412
16.8724 0.13336
16.8772 0.13244
16.8832 0.13176
16.888 0.13104
16.8928 0.130285
16.8989 0.129749
16.9037 0.129281
16.9085 0.128871
16.9133 0.128512
16.9193 0.128323
16.9253 0.128158
16.9301 0.128013
16.9349 0.127761
16.9397 0.127541
16.9445 0.127348
16.9493 0.12718
16.9541 0.126907
16.9589 0.126544
16.9637 0.126226
16.9685 0.125948
16.9734 0.125704
16.9782 0.125491
16.983 0.125055
16.9854 0.124423
16.9902 0.12387
16.9962 0.123511
17.001 0.123072
17.0058 0.122688
17.0106 0.122352
17.0178 0.122183
17.0226 0.122035
17.0274 0.121906
17.0322 0.121793
17.037 0.121694
17.0418 0.121482
17.0467 0.121297
17.0527 0.12126
17.0587 0.121352
17.0635 0.121433
17.0683 0.121504
17.0731 0.121566
17.0779 0.121495
17.0827 0.121433
17.0875 0.121379
17.0923 0.121332
17.0983 0.121415
17.1031 0.121488
17.1055 0.121177
17.1115 0.12103
17.1175 0.121026
17.1224 0.121023
17.1272 0.12102
17.132 0.120893
17.1368 0.120781
17.1416 0.120683
17.1464 0.120598
17.1524 0.120773
17.1584 0.121052
17.1632 0.121295
17.168 0.121508
17.1728 0.12157
17.1776 0.121624
17.1824 0.121671
17.1872 0.121712
17.192 0.121748
17.1969 0.121654
17.2017 0.121573
17.2077 0.121626
17.2125 0.121673
17.2197 0.121964
17.2245 0.122218
17.2269 0.122066
17.2317 0.121933
17.2389 0.122066
17.2437 0.122183
17.2485 0.122285
17.2533 0.122499
17.2581 0.122687
17.2629 0.122726
17.2677 0.12276
17.2726 0.12279
17.2774 0.122816
17.2846 0.123089
17.2894 0.123328
17.2942 0.123537
17.299 0.123595
17.3038 0.123646
17.3086 0.12369
17.3134 0.123729
17.3182 0.123763
17.323 0.123792
17.329 0.123943
17.3338 0.12395
17.3386 0.123957
17.3434 0.123962
17.3483 0.123967
17.3531 0.124096
17.3579 0.124084
17.3639 0.124198
17.3699 0.124424
17.3747 0.124621
17.3795 0.124793
17.3843 0.124944
17.3891 0.125076
17.3939 0.125066
17.3987 0.125058
17.4035 0.125051
17.4083 0.125045
17.4131 0.125039
17.4179 0.125034
17.4228 0.125155
17.4276 0.125385
17.4324 0.125712
17.4348 0.125748
17.4396 0.125905
17.4444 0.126167
17.4492 0.126521
17.454 0.126831
17.4588 0.127227
17.4636 0.127699
17.4696 0.128361
17.4744 0.129066
17.4792 0.129808
17.4816 0.130207
17.4864 0.130681
17.4912 0.131221
17.4961 0.131818
17.5009 0.132341
17.5057 0.132923
17.5105 0.133683
17.5129 0.134098
17.5177 0.134585
17.5225 0.135137
17.5273 0.135745
17.5321 0.136402
17.5369 0.136977
17.5393 0.137355
17.5465 0.13806
17.5513 0.138428
17.5561 0.138624
17.5633 0.138796
17.5681 0.138697
17.573 0.13836
17.5778 0.137815
17.585 0.137463
17.5898 0.136905
17.5946 0.136292
17.6018 0.135755
17.6066 0.135161
17.6126 0.134516
17.6174 0.133826
17.6222 0.133098
17.6294 0.132461
17.6342 0.131778
17.639 0.131056
17.6438 0.130424
17.6475 0.129746
17.6523 0.129153
17.6559 0.128384
17.6607 0.127836
17.6655 0.127356
17.6703 0.127062
17.6775 0.127054
17.6823 0.127047
17.6871 0.127166
17.6919 0.127146
17.6967 0.127127
17.7015 0.127236
17.7063 0.127332
17.7111 0.12754
17.7159 0.127598
17.7208 0.127648
17.7256 0.127817
17.7304 0.127965
17.7352 0.128219
17.7424 0.128692
17.7472 0.129105
17.752 0.129467
17.7568 0.129784
17.7616 0.130186
17.7664 0.130538
17.7712 0.130845
17.776 0.13124
17.782 0.13171
17.7868 0.131996
17.7916 0.132372
17.7965 0.1327
17.8013 0.133113
17.8061 0.133474
17.8109 0.133664
17.8157 0.133956
17.8205 0.134212
17.8253 0.13456
17.8301 0.134865
17.8349 0.135007
17.8373 0.135006
17.8445 0.135255
17.8469 0.135098
17.8541 0.135461
17.8589 0.135654
17.8637 0.135947
17.8673 0.136078
17.871 0.135944
17.8782 0.136326
17.883 0.136535
17.8878 0.136843
17.8926 0.137113
17.8974 0.137349
17.9022 0.13768
17.907 0.137845
17.9118 0.138114
17.9142 0.1381
17.919 0.138088
17.9238 0.138077
17.9286 0.138067
17.9334 0.138059
17.9382 0.138176
17.943 0.138279
17.9479 0.138369
17.9527 0.138448
17.9575 0.138517
17.9623 0.138703
17.9671 0.138865
17.9719 0.139007
17.9767 0.139131
17.9827 0.139364
17.9851 0.139444
17.9923 0.139763
17.9971 0.140043
18.0019 0.140288
18.0067 0.140502
18.0091 0.140564
18.0151 0.140743
18.0187 0.140651
18.0236 0.140694
18.0284 0.140732
18.0332 0.140891
18.038 0.140905
18.0428 0.140916
18.0476 0.141052
18.0524 0.14117
18.0572 0.141399
18.062 0.141599
18.0668 0.141649
18.0716 0.141818
18.0764 0.141966
18.0812 0.142095
18.086 0.142333
18.0908 0.142417
18.0956 0.142615
18.0981 0.142538
18.1029 0.142345
18.1077 0.142302
18.1125 0.142265
18.1173 0.142356
18.1245 0.142687
18.1269 0.142601
18.1317 0.142651
18.1365 0.142695
18.1413 0.142733
18.1461 0.142891
18.1509 0.142905
18.1557 0.143042
18.1605 0.143161
18.1653 0.143266
18.1701 0.143483
18.175 0.143548
18.1798 0.143729
18.1846 0.143888
18.1894 0.144027
18.1942 0.144274
18.1966 0.144114
18.2014 0.1441
18.2062 0.144088
18.211 0.144077
18.2158 0.144067
18.2206 0.144059
18.2254 0.144051
18.2302 0.14417
18.2362 0.144399
18.241 0.144724
18.2458 0.144883
18.2507 0.145023
18.2555 0.14527
18.2603 0.145486
18.2651 0.145801
18.2699 0.14595
18.2747 0.146082
18.2771 0.146071
18.2819 0.145938
18.2867 0.145945
18.2915 0.145952
18.2963 0.145958
18.3011 0.146088
18.3059 0.146077
18.3107 0.146068
18.3155 0.146184
18.3203 0.146286
18.3252 0.1465
18.33 0.146563
18.3348 0.146742
18.3372 0.146775
18.342 0.146803
18.3468 0.147077
18.3492 0.147193
18.354 0.147294
18.3588 0.147632
18.3636 0.148053
18.366 0.148296
18.3708 0.148634
18.3756 0.149055
18.3804 0.149548
18.3852 0.15023
18.3876 0.150576
18.3924 0.151004
18.3973 0.151503
18.3997 0.151816
18.4045 0.152214
18.4093 0.152687
18.4141 0.153351
18.4165 0.153682
18.4213 0.154097
18.4261 0.15471
18.4297 0.155121
18.4321 0.155356
18.4369 0.155686
18.4405 0.155976
18.4453 0.156354
18.4477 0.156559
18.4513 0.15674
18.4549 0.156772
18.4597 0.156676
18.4645 0.156466
18.4718 0.156408
18.4766 0.156232
18.4814 0.155828
18.4862 0.155349
18.491 0.154681
18.4958 0.153971
18.503 0.153474
18.5078 0.152915
18.5126 0.152176
18.5174 0.151404
18.5222 0.150603
18.527 0.149778
18.5318 0.148806
18.5366 0.14783
18.5414 0.146851
18.5462 0.14587
18.5511 0.145011
18.5559 0.144135
18.5607 0.143493
18.5631 0.142806
18.5679 0.14208
18.5727 0.14157
18.5763 0.141124
18.5799 0.140484
18.5823 0.139798
18.5859 0.138948
18.5895 0.138205
18.5943 0.137679
18.5967 0.136969
18.6015 0.136348
18.6051 0.135805
18.6099 0.135329
18.6135 0.134913
18.6171 0.134549
18.6207 0.13398
18.6244 0.133483
18.6292 0.133172
18.6328 0.132776
18.6364 0.132304
18.64 0.131766
18.6448 0.13142
18.6484 0.131118
18.652 0.130603
18.6556 0.130153
18.6604 0.129883
18.664 0.129648
18.6688 0.129317
18.6724 0.129027
18.6772 0.128899
18.682 0.128912
18.6868 0.128923
18.6904 0.128807
18.694 0.128706
18.6989 0.128618
18.7025 0.128541
18.7061 0.128348
18.7097 0.128055
18.7133 0.127798
18.7193 0.127823
18.7217 0.12747
18.7265 0.127286
18.7313 0.127251
18.7337 0.126969
18.7385 0.126723
18.7433 0.126633
18.7457 0.126304
18.7505 0.126141
18.7553 0.125998
18.7577 0.125623
18.7625 0.12542
18.7673 0.125368
18.7697 0.125072
18.7746 0.124813
18.777 0.124336
18.7818 0.124044
18.7866 0.123914
18.7914 0.1238
18.7962 0.123825
18.801 0.123846
18.8034 0.123741
18.8094 0.123773
18.8142 0.123926
18.819 0.124186
18.8214 0.124162
18.8262 0.124267
18.8286 0.123984
18.8334 0.123861
18.8382 0.123878
18.843 0.124018
18.8454 0.123891
18.8503 0.12378
18.8551 0.123807
18.8599 0.123831
18.8623 0.123727
18.8671 0.123761
18.8719 0.123791
18.8755 0.123692
18.8791 0.123606
18.8839 0.12353
18.8887 0.123589
18.8911 0.123515
18.8959 0.123451
18.8983 0.123144
18.9031 0.123001
18.9079 0.122876
18.9127 0.122892
18.9175 0.12303
18.9224 0.123276
18.926 0.123242
18.9308 0.123337
18.9356 0.123545
18.9392 0.123727
18.9428 0.123761
18.9476 0.123916
18.95 0.123676
18.9548 0.123592
18.9596 0.123643
18.9644 0.123812
18.9668 0.123711
18.9716 0.123747
18.9764 0.123779
18.9812 0.123931
18.9836 0.123815
18.9884 0.123838
18.9932 0.123983
18.9981 0.124235
19.0005 0.124081
19.0053 0.124071
19.0101 0.124187
19.0125 0.124039
19.0173 0.124034
19.0221 0.124155
19.0245 0.12401
19.0293 0.123884
19.0341 0.123898
19.0389 0.123911
19.0437 0.124047
19.0485 0.124291
19.0533 0.12463
19.0557 0.124676
19.0617 0.124967
19.0665 0.125221
19.0701 0.125443
19.0738 0.125513
19.0786 0.125699
19.081 0.125611
19.0858 0.12566
19.0906 0.125827
19.0954 0.126099
19.099 0.126087
19.1026 0.126076
19.1074 0.126191
19.1122 0.126417
19.1146 0.126365
19.1194 0.126445
19.1242 0.126639
19.1278 0.126684
19.1314 0.126599
19.1362 0.126649
19.141 0.126818
19.1434 0.126715
19.1483 0.126751
19.1531 0.126907
19.1579 0.127044
19.1603 0.127038
19.1651 0.127034
19.1699 0.127029
19.1747 0.127151
19.1795 0.127382
19.1819 0.127334
19.1867 0.127417
19.1915 0.127615
19.1951 0.127788
19.1987 0.12769
19.2047 0.127854
19.2071 0.127872
19.2119 0.128013
19.2167 0.128386
19.2191 0.128588
19.224 0.128889
19.2264 0.129153
19.2312 0.129509
19.236 0.129945
19.2384 0.130327
19.2432 0.130911
19.2456 0.131172
19.2504 0.131651
19.2528 0.131945
19.2576 0.132326
19.2624 0.132911
19.2648 0.133297
19.2696 0.13376
19.272 0.134165
19.2768 0.134644
19.2792 0.135064
19.284 0.135556
19.2864 0.135861
19.2912 0.136379
19.296 0.136956
19.2985 0.137337
19.3033 0.13792
19.3057 0.13818
19.3105 0.138657
19.3153 0.139325
19.3177 0.139784
19.3225 0.140311
19.3273 0.141022
19.3297 0.14152
19.3345 0.14208
19.3369 0.142445
19.3417 0.142889
19.3489 0.143403
19.3525 0.143728
19.3561 0.143762
19.3609 0.143666
19.3657 0.143458
19.3705 0.143276
19.3754 0.142991
19.3814 0.142867
19.3838 0.142259
19.3886 0.141727
19.3934 0.141136
19.3982 0.140619
19.403 0.139916
19.4054 0.139052
19.4102 0.13817
19.415 0.137399
19.4198 0.136599
19.4246 0.135774
19.4294 0.135053
19.4318 0.134046
19.4366 0.13329
19.4414 0.132754
19.4438 0.132035
19.4487 0.13153
19.4535 0.131214
19.4559 0.130687
19.4607 0.130351
19.4631 0.129932
19.4679 0.129691
19.4727 0.129605
19.4775 0.129654
19.4799 0.129447
19.4847 0.129391
19.4895 0.129467
19.4943 0.129659
19.4991 0.129952
19.5015 0.129958
19.5063 0.130213
19.5111 0.130561
19.5135 0.130616
19.5183 0.130789
19.5232 0.131066
19.528 0.131307
19.5304 0.131394
19.5352 0.131595
19.54 0.13177
19.5448 0.132174
19.5472 0.132402
19.552 0.132602
19.5568 0.132902
19.5616 0.133289
19.564 0.133503
19.5688 0.13369
19.5724 0.133854
19.5772 0.134122
19.582 0.134607
19.5844 0.134781
19.5892 0.135058
19.594 0.135426
19.5964 0.135498
19.6013 0.135686
19.6037 0.1356
19.6085 0.13565
19.6133 0.135819
19.6181 0.136216
19.6205 0.136314
19.6253 0.136525
19.6301 0.136834
19.6349 0.137105
19.6373 0.137217
19.6421 0.13744
19.6469 0.137635
19.6493 0.13768
19.6541 0.13797
19.6589 0.138224
19.6613 0.138321
19.6661 0.138531
19.6709 0.138715
19.6734 0.13875
19.6782 0.138906
19.683 0.139043
19.6854 0.139038
19.6902 0.139283
19.695 0.139498
19.6998 0.13981
19.7022 0.139959
19.707 0.140089
19.7106 0.140203
19.7166 0.140553
19.719 0.140734
19.7238 0.140892
19.7274 0.141155
19.731 0.141386
19.7358 0.141588
19.7382 0.141639
19.743 0.141809
19.7478 0.141958
19.7503 0.141963
19.7551 0.142093
19.7599 0.142206
19.7623 0.142306
19.7671 0.142517
19.7719 0.142703
19.7743 0.14274
19.7791 0.142897
19.7839 0.143035
19.7863 0.143031
19.7911 0.143152
19.7959 0.143258
19.7983 0.143351
19.8031 0.143557
19.8079 0.143737
19.8103 0.14377
19.8151 0.143924
19.8199 0.144058
19.8223 0.144051
19.8272 0.14417
19.832 0.144273
19.8356 0.144489
19.8404 0.144803
19.8452 0.145203
19.8476 0.145302
19.8524 0.145515
19.8548 0.14545
19.8596 0.145519
19.8644 0.145704
19.8692 0.145991
19.8716 0.146117
19.8764 0.146353
19.88 0.146558
19.8836 0.146614
19.8884 0.146787
19.8908 0.146689
19.8956 0.146728
19.9005 0.146887
19.9029 0.146776
19.9077 0.146929
19.9125 0.147188
19.9149 0.147164
19.9197 0.147269
19.9245 0.147485
19.9269 0.147424
19.9317 0.147496
19.9365 0.147684
19.9389 0.147599
19.9437 0.147774
19.9473 0.147927
19.9509 0.147936
19.9557 0.148069
19.9581 0.148061
19.9629 0.148053
19.9677 0.148171
19.9701 0.14815
19.975 0.148131
19.9798 0.148365
19.9822 0.148444
19.987 0.148514
19.9918 0.148699
19.9942 0.148737
19.999 0.14877
20.0014 0.148674
20.0062 0.148714
20.011 0.14875
20.0146 0.148906
20.0182 0.149043
20.023 0.149288
20.0254 0.149252
20.0302 0.149345
20.035 0.149552
20.0374 0.149483
20.0422 0.149548
20.0446 0.149354
20.0495 0.149435
20.0543 0.149631
20.0567 0.149552
20.0615 0.149608
20.0663 0.149782
20.0687 0.149684
20.0735 0.149724
20.0783 0.149883
20.0807 0.149773
20.0855 0.149926
20.0903 0.150185
20.0927 0.150162
20.0975 0.150267
20.0999 0.150109
20.1047 0.150095
20.1095 0.150208
20.1119 0.150057
20.1167 0.15005
20.1215 0.150294
20.124 0.150257
20.1288 0.15035
20.1312 0.150306
20.136 0.150393
20.1396 0.150594
20.1432 0.150895
20.148 0.151158
20.1504 0.151388
20.1528 0.151465
20.1576 0.151781
20.1624 0.152309
20.1648 0.152645
20.1696 0.15319
20.172 0.153666
20.1744 0.153958
20.1792 0.154338
20.184 0.154921
20.1864 0.155306
20.19 0.155767
20.1924 0.156046
20.196 0.156416
20.1984 0.156614
20.2009 0.156662
20.3438 0.153829
20.3474 0.151351
20.3499 0.149057
20.3535 0.14705
20.3559 0.145043
20.3595 0.143413
20.3619 0.141736
20.3643 0.140269
20.3679 0.138861
20.3703 0.137503
20.3739 0.136315
20.3775 0.135276
20.3799 0.134241
20.3835 0.133336
20.3871 0.132669
20.3907 0.13196
20.3943 0.131465
20.3991 0.131157
20.4027 0.130888
20.4063 0.130652
20.4111 0.13057
20.4159 0.130499
20.4183 0.130187
20.4231 0.130038
20.428 0.129908
20.4316 0.129795
20.4352 0.129821
20.44 0.129843
20.4424 0.129863
20.4472 0.130005
20.4508 0.130129
20.4544 0.130238
20.4592 0.130583
20.4628 0.13076
20.4652 0.130915
20.47 0.131176
20.4832 0.132654
20.488 0.128072
20.4904 0.123938
20.4952 0.120446
20.5001 0.11764
20.5025 0.114935
20.5073 0.112818
20.5121 0.111091
20.5145 0.109455
20.5193 0.108148
20.5217 0.106879
20.5265 0.105894
20.5289 0.104908
20.5337 0.104169
20.5385 0.103773
20.5409 0.103176
20.5469 0.103029
20.5493 0.102776
20.5541 0.102804
20.5565 0.102578
20.5613 0.102631
20.5637 0.102427
20.5685 0.102499
20.5709 0.102311
20.5758 0.102397
20.583 0.102848
20.5878 0.103492
20.5926 0.10418
20.5974 0.105033
20.5998 0.105529
20.6046 0.106213
20.6094 0.106936
20.6118 0.107444
20.6154 0.107889
20.619 0.108402
20.6238 0.108852
20.6262 0.109246
20.631 0.109715
20.6334 0.110001
20.6394 0.1105
20.6418 0.110813
20.6466 0.111211
20.6515 0.11181
20.6539 0.112084
20.6587 0.112573
20.6611 0.112877
20.6635 0.113017
20.6683 0.113265
20.6731 0.113732
20.6755 0.11389
20.6779 0.113904
20.6827 0.114041
20.6875 0.114411
20.6899 0.114485
20.6947 0.114799
20.6995 0.115199
20.7043 0.115799
20.7091 0.116449
20.7115 0.116893
20.7163 0.117406
20.7187 0.117731
20.7235 0.118139
20.7296 0.118872
20.732 0.119263
20.7368 0.119855
20.7392 0.120248
20.744 0.120717
20.7464 0.121003
20.7512 0.121502
20.7536 0.121689
20.7584 0.122103
20.7632 0.12259
20.7656 0.122892
20.7704 0.12328
20.7728 0.123495
20.7776 0.123808
20.78 0.124082
20.7848 0.124322
20.7872 0.124532
20.792 0.12484
20.7944 0.124985
20.7992 0.125237
20.8017 0.125332
20.8065 0.125541
20.8089 0.125598
20.8137 0.125773
20.8161 0.125927
20.8209 0.126061
20.8269 0.126553
20.8317 0.127109
20.8341 0.127596
20.8389 0.128021
20.8413 0.128393
20.8461 0.128844
20.8485 0.129114
20.8533 0.129475
20.8557 0.129665
20.8605 0.129957
20.8629 0.130087
20.8677 0.130326
20.8701 0.130536
20.875 0.130719
20.8774 0.130879
20.8822 0.131144
20.8846 0.131251
20.8894 0.13147
20.8942 0.131911
20.8966 0.132047
20.9014 0.132416
20.9038 0.132489
20.9086 0.132803
20.911 0.132828
20.9158 0.133099
20.9182 0.133212
20.9206 0.133185
20.9266 0.133412
20.9314 0.133861
20.9338 0.134003
20.9362 0.134128
20.941 0.134362
20.9458 0.134691
20.9482 0.134855
20.9531 0.135248
20.9555 0.135342
20.9603 0.135674
20.9651 0.13609
20.9699 0.136579
20.9723 0.136881
20.9771 0.137396
20.9795 0.137597
20.9843 0.138022
20.9867 0.138144
20.9915 0.138501
20.9939 0.138689
20.9963 0.138978
21.0011 0.13948
21.0035 0.139795
21.0083 0.140321
21.0107 0.140656
21.0131 0.141074
21.0179 0.141565
21.0203 0.141994
21.0227 0.142245
21.0276 0.142714
21.03 0.143125
21.0348 0.143734
21.0372 0.144268
21.0432 0.145109
21.0456 0.14572
21.048 0.146255
21.0528 0.146973
21.0552 0.147602
21.06 0.148277
21.0624 0.148867
21.0648 0.149384
21.0696 0.150086
21.072 0.1507
21.0744 0.151112
21.0792 0.151723
21.0816 0.152258
21.0864 0.152976
21.0888 0.153479
21.0912 0.153919
21.0948 0.154304
21.0972 0.154766
21.1009 0.15517
21.1033 0.155524
21.1057 0.155708
21.1093 0.155995
21.1117 0.156246
21.1165 0.156465
21.1201 0.156532
21.1249 0.15659
21.1297 0.156642
21.1321 0.156436
21.1369 0.156257
21.1393 0.15585
21.1441 0.155493
21.1489 0.155182
21.1513 0.154659
21.1573 0.154327
21.1597 0.153786
21.1645 0.153313
21.1669 0.152524
21.1717 0.151958
21.1741 0.151213
21.179 0.150437
21.1838 0.149882
21.1886 0.149397
21.191 0.148597
21.1958 0.148023
21.1994 0.147395
21.203 0.146595
21.2054 0.145896
21.2102 0.145409
21.2126 0.144858
21.215 0.144251
21.2198 0.143844
21.2222 0.143364
21.227 0.143193
21.2294 0.142794
21.2318 0.14232
21.2342 0.14178
21.239 0.141557
21.2414 0.141113
21.245 0.140849
21.2474 0.140368
21.2511 0.140072
21.2547 0.139813
21.2571 0.139461
21.2607 0.139153
21.2643 0.138884
21.2667 0.138524
21.2715 0.138458
21.2739 0.138151
21.2775 0.138007
21.2799 0.137631
21.2835 0.137427
21.2859 0.137124
21.2907 0.136983
21.2931 0.13686
21.2979 0.136878
21.3003 0.136768
21.3027 0.136547
21.3063 0.136354
21.3099 0.136185
21.3123 0.136036
21.3159 0.135782
21.3207 0.135809
21.3231 0.135833
21.3268 0.135729
21.3304 0.135763
21.334 0.135792
21.3376 0.135818
21.34 0.135716
21.3448 0.135752
21.3472 0.135783
21.3508 0.13581
21.3544 0.135834
21.3568 0.135729
21.3616 0.135888
21.364 0.135902
21.3664 0.135789
21.37 0.135691
21.3736 0.135604
21.376 0.135529
21.3796 0.135338
21.3832 0.135296
21.3868 0.135259
21.3892 0.135101
21.3928 0.134964
21.3976 0.134968
21.4 0.134972
21.4049 0.135101
21.4073 0.135088
21.4097 0.134952
21.4121 0.134833
21.4169 0.134729
21.4193 0.134638
21.4241 0.134808
21.4265 0.134707
21.4313 0.134869
21.4337 0.13476
21.4361 0.134665
21.4385 0.134457
21.4433 0.1344
21.4457 0.134225
21.4481 0.134072
21.4529 0.133938
21.4553 0.133821
21.4601 0.133843
21.4625 0.133738
21.4673 0.133895
21.4697 0.133783
21.4733 0.133811
21.477 0.133834
21.4794 0.13373
21.4842 0.133889
21.4866 0.133903
21.489 0.133665
21.4938 0.133707
21.4962 0.133743
21.4986 0.133525
21.5034 0.133585
21.5058 0.133512
21.5106 0.133573
21.513 0.133501
21.5154 0.133438
21.5202 0.133509
21.5226 0.133445
21.525 0.133389
21.531 0.133591
21.5334 0.133642
21.5382 0.133937
21.5406 0.133945
21.543 0.133952
21.5478 0.134083
21.5502 0.134072
21.5527 0.133938
21.5575 0.134071
21.5599 0.133937
21.5647 0.13407
21.5671 0.134186
21.5695 0.134038
21.5743 0.134158
21.5767 0.134138
21.5791 0.134121
21.5839 0.134106
21.5863 0.134093
21.5911 0.134331
21.5935 0.13429
21.5983 0.134504
21.6007 0.134566
21.6031 0.134495
21.6079 0.134558
21.6103 0.134613
21.6151 0.134787
21.6175 0.134813
21.6199 0.134712
21.6247 0.134748
21.6272 0.134779
21.6296 0.134682
21.6344 0.134847
21.6368 0.134741
21.6392 0.134648
21.644 0.134692
21.6464 0.134606
21.6512 0.13478
21.6536 0.134807
21.656 0.134707
21.6608 0.134743
21.6656 0.135025
21.668 0.135272
21.6728 0.135488
21.6752 0.135677
21.6776 0.135717
21.68 0.135753
21.6848 0.135784
21.6872 0.135811
21.6932 0.136209
21.6956 0.136308
21.7004 0.136645
21.7029 0.136814
21.7053 0.136962
21.7077 0.136842
21.7125 0.136987
21.7149 0.136988
21.7185 0.13699
21.7221 0.137116
21.7245 0.137102
21.7293 0.137339
21.7317 0.137297
21.7365 0.137509
21.7389 0.137571
21.7437 0.137749
21.7461 0.137906
21.7485 0.137918
21.7533 0.138178
21.7557 0.138156
21.7581 0.138136
21.7629 0.138244
21.7653 0.138214
21.7677 0.138062
21.7725 0.138179
21.7749 0.138157
21.7798 0.138262
21.7822 0.138354
21.7846 0.13831
21.7894 0.138396
21.7918 0.138347
21.7942 0.138303
21.799 0.138391
21.8038 0.138592
21.8062 0.138768
21.8086 0.138797
21.8134 0.138947
21.8158 0.138954
21.8182 0.13896
21.823 0.139215
21.8254 0.139188
21.8278 0.139039
21.8326 0.139284
21.835 0.139499
21.8398 0.139936
21.8422 0.140319
21.8446 0.14053
21.847 0.140838
21.8494 0.140984
21.8543 0.141361
21.8567 0.141691
21.8591 0.141979
21.8639 0.142357
21.8663 0.142812
21.8687 0.143086
21.8735 0.1437
21.8759 0.144112
21.8783 0.144473
21.8831 0.145164
21.8855 0.145644
21.8879 0.145938
21.8927 0.146571
21.8951 0.147125
21.8975 0.147609
21.8999 0.147908
21.9047 0.148419
21.9071 0.148992
21.9095 0.149368
21.9155 0.150072
21.9179 0.150688
21.9203 0.151227
21.9251 0.152074
21.9276 0.152689
21.93 0.153103
21.9324 0.15359
21.936 0.154017
21.9384 0.154389
21.9408 0.154716
21.9444 0.155126
21.9468 0.155486
21.9492 0.1558
21.9528 0.15595
21.9576 0.156206
21.96 0.15618
21.9648 0.156158
21.9672 0.156013
21.9696 0.155636
21.9744 0.155307
21.9768 0.154769
21.9816 0.154297
21.984 0.15376
21.9888 0.15329
21.9912 0.152629
21.9936 0.1518
21.9984 0.1512
22.0008 0.1503
22.0057 0.149638
22.0081 0.148808
22.0129 0.148082
22.0153 0.147322
22.0201 0.146657
22.0225 0.145824
22.0249 0.144846
22.0297 0.143991
22.0321 0.143117
22.0345 0.142227
22.0393 0.141699
22.0417 0.140986
22.0441 0.140363
22.0489 0.139943
22.0537 0.139825
22.0561 0.139722
22.0585 0.139382
22.0633 0.139334
22.0657 0.139167
22.0681 0.139021
22.0705 0.138769
22.0729 0.138298
22.0753 0.137885
22.0802 0.137775
22.0826 0.137553
22.085 0.137234
22.0886 0.136955
22.0922 0.136835
22.0946 0.136606
22.0982 0.13653
22.1006 0.136339
22.103 0.136046
22.1066 0.135791
22.109 0.135442
22.1138 0.135387
22.1162 0.135338
22.1186 0.135171
22.1222 0.13515
22.1246 0.134881
22.1282 0.134771
22.1306 0.134549
22.1342 0.134481
22.1366 0.134296
22.139 0.134134
22.1426 0.133867
22.1462 0.133759
22.1486 0.133539
22.151 0.133346
22.1535 0.133053
22.1583 0.133046
22.1607 0.132916
22.1631 0.132676
22.1667 0.132467
22.1703 0.132408
22.1727 0.132232
22.1763 0.132203
22.1799 0.132178
22.1847 0.132281
22.1871 0.132371
22.1895 0.132324
22.1943 0.132534
22.1967 0.132592
22.1991 0.132643
22.2015 0.132563
22.2039 0.132242
22.2087 0.132212
22.2111 0.132186
22.2135 0.132037
22.2171 0.132033
22.2207 0.132029
22.2231 0.1319
22.2255 0.131662
22.2292 0.13158
22.2316 0.131382
22.2364 0.131459
22.2388 0.131402
22.2412 0.131352
22.246 0.131308
22.2484 0.131269
22.2508 0.131111
22.2532 0.130972
22.258 0.130975
22.2604 0.130978
22.2628 0.130731
22.2652 0.130515
22.2676 0.1302
22.2724 0.130175
22.2748 0.130028
22.2772 0.1299
22.2796 0.129662
22.2844 0.12958
22.2868 0.129382
22.2892 0.129209
22.294 0.129308
22.2964 0.12927
22.2988 0.129111
22.3037 0.129097
22.3061 0.129085
22.3109 0.129199
22.3133 0.129299
22.3157 0.129262
22.3205 0.129479
22.3229 0.129544
22.3253 0.129601
22.3277 0.129401
22.3301 0.129226
22.3349 0.129198
22.3373 0.129173
22.3397 0.129026
22.3445 0.129148
22.3469 0.12913
22.3493 0.129113
22.3517 0.128849
22.3565 0.128868
22.3589 0.12876
22.3637 0.128915
22.3661 0.12905
22.3685 0.129044
22.3733 0.129288
22.3757 0.129377
22.3782 0.129455
22.3806 0.129398
22.383 0.129099
22.389 0.129211
22.3914 0.12931
22.3938 0.129271
22.3962 0.129237
22.401 0.129333
22.4034 0.129416
22.4058 0.129364
22.4082 0.129318
22.413 0.129404
22.4154 0.129478
22.4178 0.129418
22.4226 0.129491
22.425 0.129555
22.4274 0.129485
22.4322 0.129675
22.4346 0.129715
22.437 0.129751
22.4418 0.129907
22.4442 0.130044
22.4466 0.130038
22.4514 0.130283
22.4539 0.130373
22.4563 0.130451
22.4587 0.13027
22.4611 0.130111
22.4659 0.130097
22.4683 0.130085
22.4707 0.12995
22.4755 0.130081
22.4779 0.130071
22.4803 0.130062
22.4851 0.130304
22.4875 0.130391
22.4899 0.130342
22.4947 0.130549
22.4971 0.130606
22.4995 0.13053
22.5043 0.130714
22.5067 0.13075
22.5091 0.130781
22.5115 0.130683
22.5163 0.130848
22.5187 0.130867
22.5211 0.130884
22.5235 0.130773
22.5284 0.130926
22.5308 0.130936
22.5332 0.130944
22.5356 0.130701
22.5392 0.130613
22.5428 0.130536
22.5452 0.130469
22.5476 0.130286
22.5524 0.130375
22.5548 0.130328
22.5572 0.130287
22.562 0.130376
22.5644 0.130454
22.5692 0.130772
22.5716 0.130926
22.574 0.130935
22.5764 0.130818
22.5824 0.131091
22.5848 0.131205
22.5872 0.131304
22.5896 0.131266
22.5944 0.131483
22.5968 0.131547
22.5992 0.131604
22.6041 0.131903
22.6065 0.132041
22.6089 0.132035
22.6113 0.131906
22.6161 0.132043
22.6185 0.132037
22.6209 0.131908
22.6257 0.132044
22.6281 0.132164
22.6305 0.132143
22.6353 0.132375
22.6377 0.132453
22.6401 0.132522
22.6425 0.132457
22.6473 0.132649
22.6497 0.132693
22.6521 0.132607
22.6545 0.132531
22.6593 0.132714
22.6617 0.132875
22.6641 0.133016
22.6665 0.133139
22.6689 0.133121
22.6737 0.133481
22.6761 0.133796
22.6786 0.134072
22.681 0.134188
22.6834 0.134414
22.6882 0.134987
22.6906 0.135364
22.693 0.135693
22.6978 0.136232
22.7002 0.136828
22.7026 0.137224
22.705 0.137571
22.7098 0.138125
22.7122 0.138734
22.7146 0.139142
22.717 0.139625
22.7218 0.140172
22.7266 0.141025
22.729 0.141772
22.7314 0.142426
22.7338 0.142997
22.7362 0.143498
22.7386 0.143935
22.7434 0.144569
22.7458 0.145122
22.7482 0.145607
22.7518 0.146156
22.7555 0.146762
22.7579 0.147292
22.7603 0.147755
22.7627 0.148161
22.7675 0.148891
22.7699 0.149404
22.7723 0.149979
22.7747 0.150356
22.7795 0.151062
22.7819 0.151554
22.7843 0.15186
22.7891 0.152252
22.7915 0.152346
22.7939 0.152178
22.7987 0.152155
22.8011 0.152011
22.8035 0.151635
22.8083 0.151305
22.8107 0.150767
22.8131 0.150171
22.8179 0.14965
22.8203 0.149069
22.8227 0.14831
22.8251 0.147521
22.83 0.146831
22.8324 0.146102
22.8384 0.145714
22.8408 0.145
22.8432 0.14425
22.848 0.143594
22.8504 0.142895
22.8528 0.142033
22.8576 0.141404
22.8624 0.140978
22.8648 0.140356
22.8672 0.139686
22.8696 0.138976
22.872 0.138354
22.8768 0.137934
22.8792 0.137568
22.8816 0.137122
22.884 0.136731
22.8888 0.136515
22.8912 0.136326
22.8936 0.136035
22.896 0.135781
22.9008 0.135683
22.9033 0.135598
22.9057 0.135398
22.9081 0.135223
22.9129 0.135195
22.9153 0.135171
22.9177 0.135025
22.9225 0.135146
22.9249 0.135128
22.9273 0.135112
22.9321 0.135348
22.9345 0.13543
22.9369 0.135376
22.9417 0.135579
22.9441 0.135757
22.9465 0.135787
22.9489 0.135689
22.9537 0.135853
22.9561 0.135996
22.9585 0.135996
22.9609 0.135872
22.9657 0.136013
22.9681 0.136136
22.9729 0.136369
22.9753 0.136573
22.9778 0.136626
22.9826 0.136923
22.985 0.137058
22.9874 0.137176
22.9898 0.137154
22.9946 0.137384
22.9994 0.137836
23.0018 0.138107
23.0042 0.138343
23.0066 0.138426
23.009 0.138372
23.0138 0.138576
23.0162 0.138754
23.0186 0.138785
23.021 0.138812
23.0258 0.13896
23.0282 0.13909
23.0306 0.139079
23.033 0.139069
23.0378 0.139185
23.0402 0.139287
23.0426 0.139251
23.045 0.13922
23.0498 0.139317
23.0522 0.139403
23.0547 0.139352
23.0595 0.139558
23.0619 0.139614
23.0643 0.139662
23.0667 0.139579
23.0715 0.139757
23.0739 0.139787
23.0763 0.139814
23.0811 0.140087
23.0835 0.140201
23.0859 0.140176
23.0883 0.140154
23.0931 0.140385
23.0955 0.140462
23.0979 0.140404
23.1027 0.140603
23.1051 0.140778
23.1075 0.140806
23.1123 0.14108
23.1147 0.141195
23.1171 0.141296
23.1219 0.141509
23.1243 0.141695
23.1267 0.141733
23.1292 0.141767
23.134 0.141921
23.1364 0.142056
23.1412 0.142424
23.1436 0.142621
23.146 0.142668
23.1484 0.14271
23.1532 0.142996
23.1556 0.143121
23.158 0.143106
23.1604 0.143093
23.1652 0.143331
23.1676 0.143415
23.17 0.143488
23.1724 0.143427
23.1772 0.143624
23.1796 0.143671
23.182 0.143712
23.1844 0.143623
23.1892 0.143795
23.1916 0.143821
23.194 0.143843
23.1964 0.143738
23.2024 0.14402
23.2049 0.144143
23.2073 0.14425
23.2097 0.144219
23.2145 0.144441
23.2169 0.144511
23.2193 0.144572
23.2241 0.144876
23.2265 0.145016
23.2289 0.145014
23.2313 0.145013
23.2361 0.145261
23.2385 0.145353
23.2409 0.145309
23.2457 0.145521
23.2481 0.145705
23.2505 0.145617
23.2529 0.145415
23.2577 0.145488
23.2601 0.145552
23.2625 0.145483
23.2673 0.145673
23.2697 0.145714
23.2721 0.145749
23.2745 0.145656
23.2794 0.145824
23.2818 0.145846
23.2866 0.146115
23.289 0.146226
23.2914 0.146322
23.2938 0.146282
23.2986 0.146497
23.301 0.14656
23.3034 0.146615
23.3058 0.146538
23.3106 0.146721
23.313 0.146756
23.3154 0.146786
23.3178 0.146688
23.3226 0.146852
23.325 0.146995
23.3274 0.146996
23.3298 0.146871
23.3346 0.147013
23.337 0.147136
23.3394 0.147119
23.3418 0.146979
23.3466 0.147107
23.3514 0.147468
23.3539 0.14766
23.3563 0.147827
23.3587 0.147849
23.3635 0.148118
23.3659 0.148228
23.3683 0.148325
23.3731 0.148659
23.3755 0.148827
23.3779 0.148848
23.3803 0.148867
23.3851 0.149134
23.3875 0.149242
23.3899 0.149212
23.3947 0.149435
23.3971 0.149631
23.3995 0.149677
23.4019 0.149592
23.4067 0.149768
23.4091 0.149922
23.4115 0.149932
23.4163 0.150191
23.4187 0.150292
23.4211 0.15038
23.4235 0.150333
23.4284 0.150541
23.4308 0.150598
23.4332 0.150649
23.438 0.150818
23.4404 0.150965
23.4428 0.15097
23.4452 0.150974
23.45 0.151102
23.4524 0.151214
23.4548 0.151187
23.4572 0.151164
23.462 0.151268
23.4644 0.15136
23.4668 0.151315
23.4692 0.151276
23.474 0.151491
23.4764 0.151555
23.4788 0.151485
23.4812 0.151425
23.486 0.151622
23.4884 0.151669
23.4908 0.151585
23.4932 0.151512
23.498 0.151698
23.5004 0.151736
23.5053 0.152019
23.5077 0.152142
23.5101 0.152374
23.5125 0.152577
23.5173 0.153005
23.5197 0.153379
23.5221 0.153707
23.5245 0.153994
23.5293 0.154619
23.5317 0.155042
23.5341 0.155537
23.5365 0.155845
23.5389 0.156114
23.5413 0.156475
23.5437 0.156665
23.5461 0.156957
23.5485 0.157088
23.5509 0.157202
23.5533 0.157426
23.5557 0.157498
23.5581 0.157686
23.5605 0.157725
23.5629 0.157759
23.5653 0.157915
23.5677 0.157925
23.5701 0.15806
23.5725 0.158052
23.5749 0.158046
23.5773 0.158165
23.5798 0.158144
23.5822 0.158251
23.5846 0.15822
23.587 0.158192
23.5894 0.158293
23.5918 0.158257
23.5942 0.15835
23.5966 0.158306
23.599 0.158268
23.6014 0.158359
23.6038 0.158314
23.6062 0.1584
23.6086 0.15835
23.611 0.158306
23.6134 0.158393
23.6182 0.158594
23.6206 0.15852
23.623 0.15833
23.6278 0.158163
23.6302 0.157893
23.6326 0.157406
23.6374 0.156981
23.6398 0.156358
23.6422 0.155688
23.647 0.155227
23.6494 0.154574
23.6543 0.154127
23.6567 0.153486
23.6591 0.1528
23.6639 0.1522
23.6663 0.15155
23.6687 0.150732
23.6735 0.15014
23.6759 0.149373
23.6783 0.148576
23.6807 0.147629
23.6831 0.146675
23.6855 0.145591
23.6879 0.144392
23.6903 0.143218
23.6927 0.141941
23.6951 0.140823
23.6975 0.139845
23.6999 0.138865
23.7023 0.138007
23.7047 0.137131
23.7071 0.136364
23.7095 0.135569
23.7119 0.134748
23.7143 0.134029
23.7167 0.133276
23.7191 0.132741
23.7215 0.132149
23.7239 0.131505
23.7263 0.130942
23.7288 0.130324
23.7312 0.129909
23.7336 0.12942
23.736 0.128868
23.7384 0.128384
23.7432 0.128336
23.7456 0.128169
23.748 0.127898
23.7504 0.127786
23.7552 0.127937
23.7576 0.127945
23.76 0.127827
23.7648 0.128099
23.7672 0.128336
23.7696 0.128419
23.772 0.128492
23.7768 0.128805
23.7792 0.12908
23.784 0.12957
23.7864 0.129874
23.7888 0.130139
23.7924 0.130497
23.796 0.130935
23.7984 0.131318
23.8008 0.131528
23.8057 0.131962
23.8081 0.132342
23.8105 0.132674
23.8129 0.13284
23.8153 0.132985
23.8177 0.132987
23.8201 0.133113
23.8225 0.133099
23.8249 0.132962
23.8273 0.132967
23.8297 0.132846
23.8321 0.13274
23.8345 0.132523
23.8369 0.132332
23.8393 0.132166
23.8417 0.131895
23.8441 0.131658
23.8465 0.131451
23.8489 0.131144
23.8513 0.130876
23.8537 0.130642
23.8561 0.130437
23.8585 0.130132
23.8609 0.129741
23.8633 0.129523
23.8669 0.129333
23.8705 0.129291
23.8729 0.12913
23.8753 0.129113
23.8777 0.128974
23.885 0.129352
23.8874 0.129808
23.8898 0.130082
23.8922 0.130322
23.897 0.130657
23.8994 0.131075
23.9018 0.131315
23.9042 0.131526
23.9066 0.131585
23.9114 0.132012
23.9138 0.132261
23.9186 0.132728
23.921 0.133137
23.9234 0.133495
23.9258 0.133683
23.9306 0.134098
23.933 0.134585
23.9354 0.134887
23.9378 0.135026
23.9426 0.135398
23.945 0.135848
23.9474 0.136117
23.9498 0.136228
23.9522 0.136324
23.9547 0.136409
23.9571 0.136483
23.9595 0.136422
23.9619 0.136369
23.9643 0.136323
23.9667 0.136158
23.9691 0.136013
23.9715 0.135886
23.9739 0.135651
23.9763 0.135444
23.9787 0.135139
23.9811 0.134996
23.9835 0.134747
23.9859 0.134404
23.9883 0.134228
23.9907 0.13395
23.9931 0.133706
23.9955 0.133368
23.9979 0.133072
24.0075 0.133688
24.0099 0.134102
24.0123 0.134464
24.0147 0.134781
24.0195 0.135308
24.0243 0.13602
24.0267 0.136642
24.0292 0.137187
24.0316 0.137539
24.034 0.137721
24.0388 0.138256
24.0412 0.138724
24.0436 0.139009
24.046 0.139133
24.0508 0.139616
24.0532 0.140039
24.0556 0.140284
24.058 0.140374
24.0628 0.140827
24.0652 0.141224
24.0676 0.141446
24.07 0.141765
24.0748 0.142169
24.0772 0.142523
24.0796 0.142708
24.082 0.142994
24.0868 0.14337
24.0892 0.143699
24.0916 0.143861
24.094 0.144129
24.0964 0.144238
24.0988 0.144208
24.1012 0.144307
24.1036 0.144269
24.1061 0.144235
24.1085 0.144081
24.1109 0.143946
24.1133 0.143827
24.1157 0.143599
24.1181 0.143399
24.1205 0.143224
24.1229 0.142946
24.1253 0.142703
24.1277 0.14249
24.1301 0.142304
24.1325 0.142016
24.1349 0.141639
24.1373 0.141434
24.1433 0.14163
24.1481 0.142051
24.1529 0.142545
24.1553 0.143102
24.1577 0.143464
24.1601 0.143781
24.1649 0.144308
24.1673 0.14477
24.1721 0.145424
24.1745 0.145871
24.1769 0.146262
24.1794 0.146604
24.1818 0.146779
24.1866 0.147181
24.189 0.147534
24.1914 0.147842
24.1938 0.147987
24.1962 0.148113
24.201 0.148474
24.2034 0.14879
24.2058 0.148941
24.2082 0.149198
24.213 0.149549
24.2154 0.149855
24.2178 0.149998
24.2202 0.150248
24.225 0.150717
24.2274 0.151003
24.2298 0.151127
24.2322 0.151361
24.2346 0.151441
24.2406 0.151886
24.243 0.1524
24.2454 0.152725
24.2478 0.152885
24.2502 0.153024
24.2526 0.153146
24.2551 0.153253
24.2575 0.153221
24.2599 0.153069
24.2623 0.15306
24.2647 0.152927
24.2671 0.152812
24.2695 0.15271
24.2719 0.152496
24.2743 0.152309
24.2767 0.152021
24.2791 0.151893
24.2815 0.151656
24.2839 0.151324
24.2863 0.151034
24.2911 0.151155
24.2935 0.151135
24.2983 0.151368
24.3007 0.151572
24.3055 0.152001
24.3079 0.152251
24.3103 0.152469
24.3127 0.152661
24.3175 0.153078
24.3199 0.153318
24.3223 0.153529
24.3271 0.154087
24.3296 0.154452
24.332 0.154645
24.3344 0.154939
24.3368 0.155072
24.3404 0.155313
24.3428 0.155524
24.3452 0.155833
24.3476 0.156104
24.35 0.156341
24.3524 0.156549
24.5735 0.153355
24.5759 0.150561
24.5795 0.148241
24.5819 0.146085
24.5867 0.144575
24.5891 0.143253
24.5927 0.142221
24.5963 0.141444
24.5987 0.140638
24.6011 0.140058
24.6035 0.139426
24.6083 0.139123
24.6107 0.138857
24.6131 0.138625
24.6179 0.138672
24.6203 0.138713
24.6227 0.138624
24.6251 0.138671
24.6275 0.138587
24.63 0.138389
24.6324 0.13834
24.6348 0.138173
24.6372 0.138151
24.6396 0.138007
24.642 0.137756
24.6456 0.137787
24.6492 0.137938
24.6516 0.138071
24.654 0.138062
24.6564 0.138054
24.6588 0.138048
24.6612 0.138042
24.6636 0.137911
24.666 0.137798
24.6684 0.137698
24.6708 0.137611
24.6732 0.137534
24.6756 0.137342
24.678 0.1373
24.6804 0.137137
24.6828 0.13687
24.6852 0.136761
24.6876 0.136541
24.69 0.136474
24.6924 0.136289
24.6948 0.136003
24.6972 0.135878
24.6996 0.135643
24.702 0.135438
24.7177 0.136883
24.7201 0.130148
24.7225 0.124254
24.7249 0.118972
24.7273 0.114351
24.7321 0.110682
24.7345 0.107347
24.7369 0.104428
24.7393 0.101875
24.7417 0.0995155
24.7441 0.097576
24.7465 0.095754
24.7489 0.0940348
24.7513 0.0926554
24.7537 0.0913235
24.7561 0.0902831
24.7585 0.0892477
24.7609 0.0882167
24.7633 0.0874396
24.7657 0.0866347
24.7681 0.0860553
24.7705 0.0854234
24.7729 0.0847455
24.7753 0.0842773
24.7777 0.0837426
24.7802 0.0832748
24.7826 0.0828655
24.7922 0.0833823
24.797 0.0840845
24.8018 0.0849489
24.8066 0.0859553
24.8114 0.0872109
24.8138 0.0881845
24.8162 0.0890365
24.8186 0.0897819
24.821 0.0904342
24.8258 0.0912549
24.8282 0.091973
24.8306 0.0924764
24.833 0.0930419
24.8354 0.0934116
24.8378 0.0936102
24.8402 0.0939089
24.8426 0.0940453
24.845 0.0942896
24.8474 0.0943784
24.8498 0.0943311
24.8522 0.0944147
24.8546 0.0943629
24.8571 0.0943175
24.8595 0.0942778
24.8619 0.0941181
24.8643 0.0941033
24.8667 0.0939654
24.8691 0.0938447
24.8715 0.0937392
24.8739 0.0935218
24.8787 0.0937065
24.8835 0.0941182
24.8883 0.0947284
24.8907 0.0952624
24.8955 0.0959796
24.9003 0.0968571
24.9027 0.097625
24.9075 0.0985469
24.9099 0.0993535
24.9147 0.100309
24.9171 0.101146
24.9195 0.101877
24.9219 0.102393
24.9243 0.102844
24.9267 0.103238
24.9316 0.103833
24.934 0.104354
24.9364 0.10481
24.9388 0.105084
24.9412 0.105448
24.9436 0.105642
24.946 0.105687
24.9484 0.105851
24.9508 0.10587
24.9532 0.106011
24.9556 0.10601
24.958 0.105883
24.9604 0.105898
24.9628 0.105786
24.9652 0.105688
24.9676 0.105602
24.97 0.105526
24.9724 0.105461
24.9748 0.105278
24.9772 0.105118
24.982 0.105353
24.9844 0.105434
24.9892 0.105755
24.9916 0.106036
24.9964 0.106531
24.9988 0.106965
25.0012 0.107344
25.0061 0.107926
25.0109 0.108685
25.0133 0.10935
25.0157 0.109931
25.0205 0.11069
25.0229 0.111228
25.0253 0.111825
25.0301 0.112597
25.0325 0.113147
25.0349 0.113629
25.0373 0.11405
25.0397 0.114419
25.0421 0.114742
25.0469 0.115149
25.0493 0.11563
25.0517 0.115926
25.0541 0.116186
25.0565 0.116412
25.0589 0.116486
25.0613 0.116675
25.0637 0.116716
25.0661 0.116751
25.0685 0.116782
25.0709 0.116685
25.0733 0.116599
25.0757 0.116524
25.0781 0.116459
25.0806 0.116401
25.083 0.116351
25.0854 0.116432
25.0878 0.116503
25.0902 0.116565
25.0926 0.11662
25.095 0.116667
25.101 0.117209
25.1034 0.117808
25.1058 0.118332
25.1082 0.118915
25.113 0.119676
25.1154 0.120466
25.1202 0.121533
25.1226 0.122341
25.125 0.123174
25.1274 0.123902
25.1298 0.124539
25.1346 0.125472
25.137 0.126413
25.1394 0.127236
25.1442 0.128332
25.1466 0.12929
25.149 0.130254
25.1514 0.131097
25.155 0.13196
25.1587 0.13284
25.1611 0.133735
25.1635 0.134518
25.1671 0.135453
25.1707 0.136397
25.1731 0.137347
25.1755 0.138179
25.1779 0.138906
25.1803 0.139668
25.1827 0.14021
25.1851 0.140808
25.1887 0.141457
25.1923 0.142275
25.1947 0.142991
25.1971 0.143617
25.1995 0.14404
25.2019 0.14416
25.2043 0.144265
25.2067 0.144107
25.2091 0.143968
25.2115 0.143597
25.2139 0.143148
25.2163 0.142629
25.2187 0.142051
25.2211 0.141419
25.2235 0.140742
25.2259 0.139899
25.2283 0.139162
25.2356 0.138892
25.238 0.13853
25.2404 0.138089
25.2428 0.137578
25.2476 0.137255
25.25 0.136849
25.2548 0.136617
25.2572 0.136415
25.2596 0.135988
25.262 0.13549
25.2668 0.135304
25.2692 0.135141
25.2716 0.134998
25.2752 0.134998
25.2788 0.134999
25.2812 0.135124
25.2836 0.135108
25.286 0.135095
25.2884 0.135083
25.2932 0.135323
25.2956 0.135532
25.298 0.135716
25.3004 0.135751
25.3028 0.135782
25.3077 0.13606
25.3101 0.136302
25.3125 0.136514
25.3149 0.136575
25.3173 0.136753
25.3197 0.136784
25.3221 0.136811
25.3245 0.136835
25.3293 0.137105
25.3317 0.137217
25.3341 0.13744
25.3365 0.13751
25.3389 0.137571
25.3413 0.137625
25.3437 0.137547
25.3461 0.137603
25.3485 0.137528
25.3509 0.137337
25.3533 0.137295
25.3557 0.137133
25.3581 0.137116
25.3605 0.136977
25.3629 0.13673
25.3677 0.136889
25.3701 0.137027
25.3749 0.137399
25.3773 0.137724
25.3797 0.137884
25.3822 0.138148
25.387 0.138505
25.3894 0.138817
25.3918 0.139089
25.3966 0.139578
25.399 0.140006
25.4014 0.14038
25.4038 0.140583
25.4062 0.140885
25.411 0.141274
25.4134 0.141615
25.4158 0.141913
25.4182 0.142174
25.423 0.142777
25.4254 0.14318
25.4278 0.143408
25.4302 0.143732
25.4326 0.14389
25.435 0.144029
25.441 0.14465
25.4434 0.145069
25.4458 0.145435
25.4482 0.145756
25.4506 0.145911
25.4554 0.146423
25.4579 0.146745
25.4603 0.147027
25.4627 0.147273
25.4651 0.147489
25.4675 0.147678
25.4699 0.147718
25.4723 0.147753
25.4771 0.148159
25.4795 0.148389
25.4819 0.148466
25.4843 0.148657
25.4867 0.1487
25.4891 0.148863
25.4915 0.14888
25.4939 0.14877
25.4963 0.148799
25.4987 0.148699
25.5011 0.148736
25.5035 0.148644
25.5059 0.148439
25.5083 0.148384
25.5107 0.148211
25.5155 0.14831
25.5179 0.148396
25.5215 0.148596
25.5251 0.149022
25.5275 0.149269
25.5299 0.149361
25.5324 0.149565
25.5372 0.149995
25.5396 0.150245
25.542 0.150465
25.5444 0.150657
25.5492 0.1512
25.5516 0.15155
25.554 0.151731
25.5564 0.152015
25.5588 0.152138
25.5636 0.152496
25.566 0.152809
25.5684 0.153083
25.5708 0.153322
25.5732 0.153532
25.578 0.153965
25.5804 0.154345
25.5828 0.154552
25.5852 0.154733
25.5876 0.154891
25.59 0.15503
25.5948 0.155401
25.5972 0.155726
25.5996 0.155885
25.602 0.156149
25.6044 0.156256
25.6069 0.156349
25.6105 0.156555
25.6129 0.156611
25.6153 0.156784
25.6177 0.156811
25.6201 0.156835
25.6225 0.156856
25.6249 0.156749
25.6273 0.15678
25.6321 0.157058
25.6345 0.157175
25.6369 0.157278
25.6393 0.157369
25.6417 0.157323
25.6441 0.157407
25.6465 0.157356
25.6489 0.157312
25.6513 0.157273
25.6537 0.157114
25.6561 0.1571
25.6585 0.156962
25.6609 0.156717
25.6633 0.156627
25.6657 0.156424
25.6705 0.156621
25.6729 0.156668
25.6753 0.15671
25.6789 0.156871
25.6814 0.157012
25.6838 0.157011
25.6862 0.157134
25.6886 0.157117
25.6922 0.157353
25.6946 0.157434
25.697 0.157379
25.6994 0.157457
25.703 0.157525
26.9741 0.156584
27.2577 0.159011
27.5377 0.164135
27.8056 0.170243
28.0748 0.177213
28.3428 0.184811
28.6095 0.192835
28.8799 0.20173
29.149 0.211264
29.3605 0.217231
29.5191 0.216702
29.7306 0.216989
29.9409 0.217991
30.2809 0.229992
30.6582 0.241493
31.0355 0.252431
31.4116 0.262752
31.7853 0.272283
32.1566 0.280748
32.4847 0.282904
32.8596 0.285416
33.2345 0.288239
33.6082 0.291084
33.9956 0.295699
34.3321 0.300111
34.6673 0.304098
35.0026 0.30771
35.3354 0.310747
35.6706 0.313528
36.0035 0.315837
36.3387 0.317983
36.6716 0.319735
37.3385 0.321518
38.0054 0.323328
38.6746 0.325412
39.3463 0.328111
40.0204 0.331597
40.6561 0.330897
41.3362 0.332035
42.0115 0.334031
42.6844 0.336652
43.3104 0.333945
43.9857 0.332577
44.6574 0.33213
45.6427 0.332239
46.6244 0.332459
47.6037 0.332402
48.5878 0.332726
49.5768 0.334011
50.5693 0.336634
51.5282 0.33618
52.5231 0.337532
53.5132 0.339841
54.4589 0.337486
56.9269 0.33705
59.3962 0.336919
61.8679 0.335054
64.3745 0.337797
66.8353 0.337198
69.3022 0.336673
70.642 0.337089
71.9974 0.339328
73.336 0.339162
74.6914 0.341266
76.0156 0.339108
77.3469 0.338095
78.6795 0.337458
80.0133 0.337026
81.3543 0.337522
82.6664 0.334332
84.0086 0.335291
85.3652 0.338004
86.6894 0.336254
88.022 0.335722
89.3545 0.335382
90.6871 0.335084
92.0281 0.335824
93.3402 0.332846
94.6824 0.33399
96.039 0.336866
97.3632 0.335258
98.6958 0.334851
