0.1 6.72864
0.2 11.52
0.3 8.64
0.4 8.04
0.5 8.4
0.6 8.04
0.7 8.52
0.8 8.88
0.9 8.76
1 4.8
1.1 8.4
1.2 7.68
1.3 8.52
1.4 8.88
1.5 8.4
1.6 8.88
1.7 9.36
1.8 9
1.9 9.36
2 9.36
2.1 9.84
2.2 9.48
2.3 9.6
2.4 9.48
2.5 9.48
2.6 9.6
2.7 9.48
2.8 9.48
2.9 9.48
3 9.6
3.1 9.48
3.2 9.48
3.3 9.72
3.4 9.36
3.5 9.72
3.6 9.48
3.7 9.48
3.8 9.6
3.9 9.6
4 9.72
4.1 9.6
4.2 9.36
4.3 9.72
4.4 9.6
4.5 9.6
4.6 9.36
4.7 9.6
4.8 9.6
4.9 9.6
5 9.6
5.1 9.36
5.2 9.6
5.3 9.6
5.4 9.6
5.5 9.6
5.6 9.36
5.7 9.84
5.8 9.36
5.9 9.6
6 9.6
6.1 9.36
6.2 9.84
6.3 9.6
6.4 9.6
6.5 9.6
6.6 9.6
6.7 9.84
6.8 9.6
6.9 9.6
7 9.72
7.1 9.6
7.2 9.6
7.3 9.6
7.4 9.96
7.5 9.6
7.6 9.72
7.7 9.6
7.8 9.72
7.9 9.6
8 9.96
8.1 9.72
8.2 9.6
8.3 9.72
8.4 9.96
8.5 9.72
8.6 9.72
8.7 9.72
8.8 9.72
8.9 10.08
9 8.88
9.1 6.12
9.2 9.72
9.3 10.2
9.4 9.84
9.5 9.84
9.6 9.6
9.7 10.08
9.8 9.84
9.9 9.84
10 9.84
10.1 9.84
10.2 9.96
10.3 9.84
10.4 9.72
10.5 9.72
10.6 9.84
10.7 9.96
10.8 9.48
10.9 9.72
11 9.48
11.1 9.72
11.2 9.72
11.3 9.36
11.4 5.76
11.5 8.76
11.6 9.24
11.7 9.48
11.8 9.6
11.9 9.24
12 9.48
12.1 9.36
12.2 9.24
12.3 9.24
12.4 9.48
12.5 9.24
12.6 9
12.7 9.12
12.8 9
12.9 9
13 8.88
13.1 8.76
13.2 8.64
13.3 8.76
13.4 8.4
13.5 8.52
13.6 8.4
13.7 8.16
13.8 8.16
13.9 8.04
14 4.08
14.1 7.68
14.2 6.96
14.3 7.2
14.4 7.2
14.5 6.84
14.6 6.72
14.7 6.36
14.8 6.84
14.9 6.72
15 6.6
15.1 3.48
15.2 6.12
15.3 5.88
15.4 6.36
15.5 7.08
15.6 6.36
15.7 6.12
15.8 6
15.9 6.12
16 6.12
16.1 6.12
16.2 5.76
16.3 6.12
16.4 5.88
16.5 6.12
16.6 5.28
16.7 4.68
16.8 4.32
16.9 4.92
17 5.16
17.1 5.4
17.2 5.28
17.3 5.16
17.4 5.4
17.5 4.92
17.6 5.28
17.7 5.16
17.8 5.28
17.9 5.16
18 4.8
18.1 4.92
18.2 5.04
18.3 4.8
18.4 4.32
18.5 3.6
18.6 3.84
18.7 4.2
18.8 4.44
18.9 4.08
19 4.44
19.1 4.44
19.2 4.08
19.3 3.96
19.4 4.32
19.5 4.44
19.6 4.08
19.7 4.44
19.8 3.84
19.9 4.08
20 3.84
20.1 3.96
20.2 3.48
20.3 2.88
20.4 3.12
20.5 4.68
20.6 3.96
20.7 4.08
20.8 3.72
20.9 3.72
21 3.6
21.1 3
21.2 2.52
21.3 2.76
21.4 2.76
21.5 2.88
21.6 3
21.7 2.88
21.8 2.76
21.9 2.4
22 2.16
22.1 2.16
22.2 2.16
22.3 2.28
22.4 2.4
22.5 2.28
22.6 2.4
22.7 2.28
22.8 2.16
22.9 2.4
23 2.4
23.1 2.04
23.2 2.4
23.3 2.4
23.4 2.16
23.5 2.16
23.6 0.72
23.7 1.68
23.8 1.68
23.9 1.68
24 0.96
24.1 2.64
24.2 1.68
24.3 1.56
24.4 0.96
24.5 1.08
24.6 1.08
24.7 0.72
24.8 3.12
24.9 1.92
25 1.56
25.1 1.68
25.2 1.68
25.3 1.8
25.4 1.44
25.5 1.2
25.6 1.68
25.7 0.72
25.8 0.84
25.9 0.48
26 0.24
26.1 0.6
26.2 0.6
26.3 0.48
26.4 0.36
26.5 0.36
26.6 0.6
26.7 0.12
26.8 0.12
26.9 0
27 0
27.1 1.68
27.2 10.2
27.3 12
27.4 10.32
27.5 10.44
27.6 10.32
27.7 10.56
27.8 10.32
27.9 10.32
28 10.32
28.1 10.32
28.2 10.56
28.3 10.44
28.4 10.32
28.5 10.32
28.6 10.56
28.7 10.32
28.8 10.32
28.9 10.32
29 10.56
29.1 10.44
29.2 10.32
29.3 9.72
29.4 5.76
29.5 10.44
29.6 9.96
29.7 10.08
29.8 10.08
29.9 10.08
30 10.44
30.1 10.08
30.2 10.08
30.3 9.96
30.4 10.32
30.5 10.08
30.6 10.2
30.7 10.08
30.8 10.08
30.9 10.2
31 9.96
31.1 10.08
31.2 10.2
31.3 9.96
31.4 10.2
31.5 9.96
31.6 9.96
31.7 9.96
31.8 10.08
31.9 9.96
32 9.96
32.1 5.4
32.2 10.08
32.3 9.96
32.4 10.2
32.5 9.96
32.6 10.08
32.7 10.2
32.8 9.96
32.9 9.96
33 10.32
33.1 9.84
33.2 10.2
33.3 9.96
33.4 9.96
33.5 9.96
33.6 10.08
33.7 9.96
33.8 9.96
33.9 10.2
34 10.08
34.1 9.84
34.2 9.96
34.3 10.08
34.4 9.84
34.5 10.2
34.6 9.84
34.7 10.08
34.8 9.84
34.9 10.08
35 9.84
35.1 10.08
35.2 9.84
35.3 9.84
35.4 10.08
35.5 9.84
35.6 10.08
35.7 9.84
35.8 10.08
35.9 9.84
36 10.08
36.1 9.84
36.2 9.84
36.3 10.08
36.4 10.08
36.5 9.84
36.6 9.84
36.7 10.08
36.8 10.08
36.9 9.84
37 10.08
37.1 9.84
37.2 10.08
37.3 9.96
37.4 10.08
37.5 9.84
37.6 10.2
37.7 10.08
37.8 9.84
37.9 9.96
38 10.08
38.1 10.2
38.2 9.96
38.3 10.08
38.4 9.96
38.5 10.2
38.6 9.96
38.7 10.2
38.8 9.96
38.9 10.2
39 10.2
39.1 9.96
39.2 9.96
39.3 10.32
39.4 10.2
39.5 10.08
39.6 10.32
39.7 10.08
39.8 5.4
39.9 10.2
40 10.2
40.1 10.32
40.2 10.2
40.3 10.32
40.4 10.32
40.5 10.08
40.6 10.08
40.7 10.32
40.8 10.2
40.9 10.08
41 10.32
41.1 9.96
41.2 10.32
41.3 9.96
41.4 10.2
41.5 9.96
41.6 10.2
41.7 10.2
41.8 9.96
41.9 9.96
42 10.2
42.1 10.08
42.2 9.96
42.3 10.2
42.4 9.84
42.5 9.96
42.6 10.2
42.7 5.4
42.8 9.96
42.9 10.2
43 10.32
43.1 9.96
43.2 9.96
43.3 10.2
43.4 10.08
43.5 10.2
43.6 10.2
43.7 9.84
43.8 10.08
43.9 10.2
44 10.08
44.1 9.96
44.2 10.2
44.3 9.96
44.4 10.08
44.5 9.96
44.6 10.08
44.7 9.84
44.8 10.2
44.9 10.08
45 9.84
45.1 10.2
45.2 10.08
45.3 9.84
45.4 10.08
45.5 9.84
45.6 9.84
45.7 10.08
45.8 10.08
45.9 9.84
46 10.08
46.1 10.08
46.2 9.84
46.3 10.08
46.4 9.84
46.5 9.84
46.6 10.08
46.7 10.08
46.8 9.84
46.9 10.08
47 10.08
47.1 9.84
47.2 10.08
47.3 9.84
47.4 10.08
47.5 9.84
47.6 10.08
47.7 9.84
47.8 10.2
47.9 10.08
48 9.84
48.1 10.08
48.2 9.96
48.3 10.08
48.4 9.96
48.5 10.08
48.6 9.96
48.7 10.08
48.8 10.2
48.9 9.96
49 10.08
49.1 9.96
49.2 10.2
49.3 10.2
49.4 9.96
49.5 9.96
49.6 10.2
49.7 10.32
49.8 9.96
49.9 10.2
50 10.08
50.1 10.32
50.2 10.2
50.3 7.92
50.4 7.44
50.5 10.32
50.6 10.32
50.7 10.32
50.8 10.2
50.9 10.32
51 10.08
51.1 10.32
51.2 10.32
51.3 10.08
51.4 9.96
51.5 10.32
51.6 10.2
51.7 10.08
51.8 10.2
51.9 9.96
52 10.32
52.1 10.2
52.2 9.96
52.3 10.2
52.4 9.96
52.5 10.08
52.6 9.96
52.7 10.2
52.8 9.96
52.9 10.08
53 10.2
53.1 9.84
53.2 10.2
53.3 10.08
53.4 5.28
53.5 9.96
53.6 10.32
53.7 9.96
53.8 10.32
53.9 10.08
54 9.96
54.1 10.32
54.2 10.2
54.3 9.96
54.4 9.96
54.5 10.08
54.6 9.96
54.7 10.2
54.8 10.2
54.9 9.96
55 10.08
55.1 10.2
55.2 9.96
55.3 10.08
55.4 9.84
55.5 10.2
55.6 9.84
55.7 9.84
55.8 10.2
55.9 9.84
56 10.08
56.1 10.08
56.2 9.84
56.3 10.08
56.4 9.84
56.5 10.08
56.6 10.08
56.7 9.84
56.8 9.84
56.9 10.08
57 10.08
57.1 9.84
57.2 10.08
57.3 9.84
57.4 10.08
57.5 10.08
57.6 9.84
57.7 10.08
57.8 10.08
57.9 9.84
58 10.08
58.1 9.6
58.2 10.08
58.3 10.08
58.4 9.84
58.5 10.2
58.6 9.84
58.7 10.08
58.8 10.08
58.9 9.96
59 10.08
59.1 9.96
59.2 10.08
59.3 9.96
59.4 10.08
59.5 9.96
59.6 10.2
59.7 10.08
59.8 9.96
59.9 10.2
60 9.96
60.1 10.2
60.2 10.2
60.3 9.96
60.4 10.32
60.5 10.2
60.6 9.72
60.7 10.32
60.8 9.96
60.9 10.32
61 8.88
61.1 6.72
61.2 10.08
61.3 10.44
61.4 10.32
61.5 10.08
61.6 10.44
61.7 10.08
61.8 10.08
61.9 10.32
62 10.2
62.1 10.08
62.2 10.32
62.3 10.2
62.4 10.08
62.5 10.2
62.6 9.96
62.7 10.2
62.8 10.32
62.9 9.96
63 9.96
63.1 9.96
63.2 10.08
63.3 10.2
63.4 9.96
63.5 10.08
63.6 9.96
63.7 10.2
63.8 10.08
63.9 9.96
64 10.08
64.1 5.4
64.2 9.84
64.3 10.32
64.4 9.96
64.5 10.2
64.6 10.2
64.7 10.08
64.8 10.08
64.9 10.08
65 10.2
65.1 10.08
65.2 10.08
65.3 10.08
65.4 9.96
65.5 10.2
65.6 9.96
65.7 9.96
65.8 10.08
65.9 10.2
66 9.84
66.1 10.08
66.2 9.96
66.3 10.08
66.4 10.08
66.5 9.96
66.6 10.08
66.7 9.84
66.8 10.08
66.9 9.84
67 10.08
67.1 9.84
67.2 10.08
67.3 10.08
67.4 9.84
67.5 10.08
67.6 9.84
67.7 10.08
67.8 10.08
67.9 9.84
68 9.84
68.1 9.84
68.2 10.08
68.3 10.08
68.4 9.84
68.5 10.08
68.6 10.08
68.7 9.84
68.8 10.08
68.9 9.84
69 10.08
69.1 10.08
69.2 9.96
69.3 9.84
69.4 10.08
69.5 10.08
69.6 9.96
69.7 10.08
69.8 9.96
69.9 10.08
70 10.2
70.1 9.84
70.2 10.2
70.3 9.96
70.4 10.08
70.5 9.96
70.6 10.2
70.7 9.96
70.8 10.2
70.9 10.2
71 9.96
71.1 10.32
71.2 9.96
71.3 10.2
71.4 10.32
71.5 9.96
71.6 10.32
71.7 9.24
71.8 6.24
71.9 10.2
72 10.2
72.1 10.44
72.2 10.32
72.3 10.08
72.4 10.32
72.5 10.08
72.6 10.32
72.7 10.32
72.8 10.08
72.9 10.2
73 10.08
73.1 10.2
73.2 10.08
73.3 10.2
73.4 9.96
73.5 10.2
73.6 10.32
73.7 9.84
73.8 10.2
73.9 9.96
74 10.2
74.1 10.2
74.2 9.84
74.3 10.2
74.4 9.96
74.5 10.08
74.6 5.4
74.7 9.96
74.8 10.32
74.9 10.2
75 9.96
75.1 10.2
75.2 9.96
75.3 10.2
75.4 10.2
75.5 9.96
75.6 10.2
75.7 9.96
75.8 10.2
75.9 9.96
76 10.08
76.1 9.96
76.2 10.2
76.3 10.08
76.4 9.96
76.5 10.08
76.6 9.96
76.7 10.08
76.8 10.08
76.9 9.84
77 10.2
77.1 9.84
77.2 10.08
77.3 9.84
77.4 10.08
77.5 9.84
77.6 10.08
77.7 10.08
77.8 9.84
77.9 10.08
78 9.84
78.1 10.08
78.2 10.08
78.3 9.84
78.4 10.08
78.5 9.84
78.6 10.08
78.7 9.84
78.8 10.08
78.9 9.84
79 10.08
79.1 10.08
79.2 9.84
79.3 10.08
79.4 10.08
79.5 9.84
79.6 10.08
79.7 9.96
79.8 10.08
79.9 9.84
80 10.2
80.1 9.84
80.2 10.08
80.3 10.2
80.4 9.84
80.5 10.2
80.6 9.84
80.7 10.2
80.8 10.2
80.9 9.96
81 10.2
81.1 9.84
81.2 10.2
81.3 9.96
81.4 10.32
81.5 9.96
81.6 10.2
81.7 10.2
81.8 10.08
81.9 10.2
82 10.08
82.1 10.32
82.2 9.72
82.3 5.88
82.4 10.08
82.5 10.08
82.6 10.44
82.7 10.32
82.8 10.08
82.9 10.32
83 10.32
83.1 10.08
83.2 10.32
83.3 10.08
83.4 10.2
83.5 10.32
83.6 9.96
83.7 10.32
83.8 9.96
83.9 10.2
84 9.96
84.1 10.2
84.2 9.96
84.3 10.2
84.4 10.2
84.5 9.96
84.6 10.08
84.7 9.96
84.8 10.2
84.9 10.08
85 9.96
85.1 10.2
85.2 8.64
85.3 6.6
85.4 10.08
85.5 10.2
85.6 9.96
85.7 10.32
85.8 10.2
85.9 9.96
86 10.32
86.1 9.84
86.2 10.32
86.3 10.2
86.4 9.84
86.5 9.96
86.6 10.2
86.7 10.2
86.8 9.96
86.9 10.08
87 9.96
87.1 10.2
87.2 10.08
87.3 9.84
87.4 10.2
87.5 10.08
87.6 9.84
87.7 10.2
87.8 9.84
87.9 9.84
88 10.08
88.1 10.08
88.2 9.84
88.3 10.08
88.4 10.08
88.5 9.84
88.6 10.08
88.7 9.84
88.8 10.08
88.9 10.08
89 9.84
89.1 10.08
89.2 9.84
89.3 10.08
89.4 9.84
89.5 10.08
89.6 9.84
89.7 10.08
89.8 10.08
89.9 9.84
90 10.08
90.1 9.84
90.2 10.08
90.3 10.08
90.4 9.96
90.5 9.84
90.6 10.08
90.7 10.08
90.8 9.96
90.9 10.08
91 9.96
91.1 10.08
91.2 10.2
91.3 9.84
91.4 10.2
91.5 9.96
91.6 10.08
91.7 10.2
91.8 9.96
91.9 9.96
92 10.2
92.1 10.2
92.2 9.96
92.3 10.32
92.4 9.96
92.5 10.2
92.6 10.32
92.7 9.96
92.8 10.32
92.9 8.88
93 6.72
93.1 10.08
93.2 10.2
93.3 10.32
93.4 10.32
93.5 10.2
93.6 10.32
93.7 10.08
93.8 10.32
93.9 10.2
94 10.08
94.1 10.32
94.2 9.96
94.3 10.32
94.4 10.2
94.5 9.96
94.6 9.96
94.7 10.32
94.8 10.2
94.9 9.96
95 10.2
95.1 9.84
95.2 10.2
95.3 10.2
95.4 9.84
95.5 10.2
95.6 10.2
95.7 9.84
95.8 10.2
95.9 6
96 9.24
96.1 10.2
96.2 10.2
96.3 9.96
96.4 10.32
96.5 10.2
96.6 9.96
96.7 10.2
96.8 9.96
96.9 10.2
97 10.2
97.1 9.96
97.2 9.96
97.3 10.08
97.4 10.2
97.5 9.96
97.6 10.2
97.7 9.84
97.8 10.2
97.9 10.08
98 9.96
98.1 10.08
98.2 9.84
98.3 10.08
98.4 10.2
98.5 9.84
98.6 9.84
98.7 10.08
98.8 10.08
98.9 9.84
99 10.08
99.1 9.84
99.2 10.08
99.3 10.08
99.4 9.84
99.5 10.08
99.6 9.84
99.7 10.08
99.8 10.08
99.9 9.84
100 9.84
