0.200343 10
0.411454 11
0.43068 13
0.449905 15
0.469131 17
0.488356 19
0.637676 21
0.6557 23
0.674926 25
0.694151 27
0.713377 29
0.732603 31
0.751828 33
0.768651 35
0.81634 37
0.83917 39
0.857194 41
0.878823 43
0.898048 45
0.917274 47
0.937701 49
0.956927 51
0.976152 53
0.99658 55
1.01821 57
1.07829 59
1.09631 61
1.11554 63
1.13476 65
1.15759 67
1.18042 69
1.81728 67
1.81728 65
1.81728 67
1.84853 66
1.90982 65
2.37604 66
2.37964 67
2.39046 68
2.45775 67
2.45775 68
2.47697 67
2.47697 68
2.4974 67
2.4974 68
2.53945 67
2.53945 68
2.78843 1
2.78938 2
2.78938 4
2.81221 5
2.81582 6
2.82303 7
2.82663 8
2.84466 9
2.84706 10
2.86388 11
2.86869 12
2.89392 13
2.89753 14
2.90714 15
2.91195 16
2.92997 17
2.93237 18
2.94078 19
2.94439 20
2.97082 21
2.97323 22
2.98284 23
2.98524 24
3.00687 5.34392
3.01649 3.34392
3.01649 4
3.0213 3.34392
3.0213 4
3.0237 3.34392
3.0237 4
3.02731 3.34392
3.02731 4
3.04533 3.34392
3.04533 4
3.04894 3.34392
3.04894 4
3.07056 3.34392
3.07056 4
3.07297 3.34392
3.07297 4
3.11142 3.34392
3.11142 4
3.13185 3.34392
3.13185 4
3.19193 3.34392
3.19193 4
3.20755 3.34392
3.20755 4
3.21115 3.34392
3.21115 4
3.23038 3.34392
3.23038 4
3.2484 3.34392
3.2484 4
3.29887 3.34392
3.29887 4
3.3217 3.34392
3.3217 4
3.3253 3.34392
3.3253 4
3.33732 3.34392
3.33732 4
3.34092 3.34392
3.34092 4
3.42263 3.34392
3.42263 4
4.78843 1
5.04359 2
5.04359 4
6.04359 1
6.39299 2
6.39299 4
7.39299 1
7.82409 2
7.82409 4
8.82409 1
9.26842 2
9.26842 4
10.2684 1
10.6599 2
10.6599 4
11.6599 1
11.9312 4
11.9312 3.86602
11.9312 4
12.9312 1
13.2506 2
13.2506 4
14.2506 1
14.6516 2
14.6516 4
15.6516 1
16.1308 2
16.1308 4
17.1308 1
17.634 2
17.634 4
18.634 1
19.124 2
19.124 4
20.124 1
20.6043 2
20.6043 4
21.6043 1
22.0499 2
22.0499 4
23.0499 1
23.2736 2
23.2736 4
24.2736 1
24.805 2
24.805 4
25.805 1
26.4332 2
26.4332 4
27.4332 1
27.8794 2
27.8794 4
28.8794 1
29.5417 2
29.5417 4
30.5417 1
31.0119 2
31.0119 4
32.0119 1
32.6839 2
32.6839 4
33.6839 1
33.8865 2
33.8865 4
34.8865 1
35.3258 2
35.3258 4
36.3258 1
36.8891 2
36.8891 4
37.8891 1
38.5894 2
38.5894 4
39.5894 1
40.0885 2
40.0885 4
41.0885 1
41.7472 2
41.7472 4
42.7472 1
43.1886 2
43.1886 4
44.1886 1
44.8545 2
44.8545 4
45.8545 1
46.0897 2
46.0897 4
47.0897 1
47.6415 2
47.6415 4
48.6415 1
49.3069 2
49.3069 4
50.3069 1
50.7711 2
50.7711 4
51.7711 1
52.4575 2
52.4575 4
53.4575 1
53.947 2
53.947 4
54.947 1
55.6105 2
55.6105 4
56.6105 1
57.0125 2
57.0125 4
58.0287 1
58.5515 2
58.5515 4
59.5515 1
60.2289 2
60.2289 4
61.2289 1
61.9328 2
61.9328 4
62.9375 1
63.6271 2
63.6271 4
64.6271 1
65.3165 2
65.3165 4
66.3165 1
66.9831 2
66.9831 4
67.9831 1
68.3847 2
68.3847 4
69.4479 1
69.9295 2
69.9295 4
70.9848 1
71.6177 2
71.6177 4
72.6177 1
73.312 2
73.312 4
74.3139 1
74.9942 2
74.9942 4
75.9942 1
76.6705 2
76.6705 4
77.6705 1
78.3251 2
78.3251 4
79.3251 1
79.7269 2
79.7269 4
80.7661 1
81.2669 2
81.2669 4
82.283 1
82.8686 2
82.8686 4
83.8686 1
84.5377 2
84.5377 4
85.5377 1
86.2115 2
86.2115 4
87.2115 1
87.8805 2
87.8805 4
88.8805 1
89.5327 2
89.5327 4
90.5327 1
90.9342 2
90.9342 4
91.9417 1
92.4034 2
92.4034 4
93.4207 1
93.9859 2
93.9859 4
94.9859 1
95.6597 2
95.6597 4
96.6597 1
97.3336 2
97.3336 4
98.3336 1
98.9786 2
98.9786 4
99.9786 1
