0.200251 10
0.406561 11
0.42347 13
0.442696 15
0.461921 17
0.481147 19
0.628063 21
0.643684 23
0.66291 25
0.682135 27
0.701361 29
0.720587 31
0.739812 33
0.759038 35
0.809549 37
0.830759 39
0.84638 41
0.865605 43
0.883629 45
0.901653 47
0.920879 49
0.940104 51
0.95933 53
0.978556 55
0.998983 57
1.05185 59
1.07228 61
1.09271 63
1.11313 65
1.13236 67
1.83531 66
1.83531 65
1.83531 66
1.83892 65
2.02878 64
2.33398 65
2.33639 66
2.3472 67
2.46495 66
2.46495 67
2.46855 66
2.46855 67
2.65959 2.96614e+06
2.9672 1.99931
2.9672 4
2.97442 5
2.97803 6
2.98163 130
2.98163 129
2.98163 130
3.0189 129
3.04293 128
3.15468 127
3.15828 125
3.21355 124
3.2496 123
3.30127 120
3.31329 115
3.31689 114
3.3229 113
3.33492 112
3.35054 110
3.36015 106
3.36496 105
3.40341 100
3.40701 99
3.41663 97
3.43585 95
3.45147 91
3.45748 90
3.46349 88
3.46709 87
3.4731 86
3.48872 85
3.51395 84
3.51636 82
3.52958 75
3.5452 72
3.5512 71
3.56082 69
3.56683 68
3.57644 66
3.57884 65
3.58124 63
3.61249 62
3.61249 63
3.6257 51.2445
3.63051 50.2445
3.63051 51.2445
3.63411 50.2445
3.63411 51.2445
3.64253 49.2445
3.64253 50.2445
3.64974 51.2445
3.65695 50.2445
3.65695 51.2445
3.66536 50.2445
3.66536 51.2445
3.67377 50.2445
3.67377 51.2445
3.68098 50.2445
3.68098 51.2445
3.68819 50.2445
3.68819 51.2445
3.70261 50.2445
3.70261 51.2445
3.70982 50.2445
3.70982 51.2445
3.71823 50.2445
3.71823 51.2445
3.72664 50.2445
3.72664 51.2445
3.73505 50.2445
3.73505 51.2445
3.74346 50.2445
3.74346 51.2445
3.75307 50.2445
3.75307 51.2445
3.76148 50.2445
3.76148 51.2445
3.7723 50.2445
3.7723 51.2445
3.78552 50.2445
3.78552 51.2445
3.80114 50.2445
3.80114 51.2445
3.82517 50.2445
3.82517 51.2445
3.8504 50.2445
3.8504 49.2445
3.85761 48.2445
3.85761 49.2445
3.86843 48.2445
3.86843 49.2445
3.87804 48.2445
3.87804 49.2445
3.88765 48.2445
3.88765 49.2445
3.89606 48.2445
3.89606 49.2445
3.90808 48.2445
3.90808 49.2445
3.91769 48.2445
3.91769 49.2445
3.9261 48.2445
3.9261 49.2445
3.93572 48.2445
3.93572 49.2445
3.94533 48.2445
3.94533 49.2445
3.95494 48.2445
3.95494 49.2445
3.96455 48.2445
3.96455 49.2445
3.97417 48.2445
3.97417 49.2445
3.98618 48.2445
3.98618 49.2445
3.99339 48.2445
3.99339 49.2445
4.00421 48.2445
4.00421 49.2445
4.01262 48.2445
4.01262 49.2445
4.02343 48.2445
4.02343 49.2445
4.02944 48.2445
4.02944 49.2445
4.03665 48.2445
4.03665 49.2445
4.04506 48.2445
4.04506 49.2445
4.05107 48.2445
4.05107 49.2445
4.05948 48.2445
4.05948 49.2445
4.06789 48.2445
4.06789 49.2445
4.0739 48.2445
4.0739 49.2445
4.08111 48.2445
4.08111 49.2445
4.08832 48.2445
4.08832 49.2445
4.09553 48.2445
4.09553 49.2445
4.10274 48.2445
4.10274 49.2445
4.11115 48.2445
4.11115 49.2445
4.12196 48.2445
4.12196 49.2445
4.13038 48.2445
4.13038 49.2445
4.14119 48.2445
4.14119 49.2445
4.152 48.2445
4.152 49.2445
4.16282 48.2445
4.16282 49.2445
4.17243 48.2445
4.17243 49.2445
4.18325 48.2445
4.18325 49.2445
4.19406 48.2445
4.19406 49.2445
4.20608 48.2445
4.20608 49.2445
4.21929 48.2445
4.21929 49.2445
4.23131 48.2445
4.23131 49.2445
4.24092 48.2445
4.24092 49.2445
4.25414 48.2445
4.25414 49.2445
4.26495 48.2445
4.26495 49.2445
4.27576 48.2445
4.27576 49.2445
4.28658 48.2445
4.28658 49.2445
4.29738 48.2445
4.29738 49.2445
4.30579 48.2445
4.30579 49.2445
4.313 130
4.313 25.1222
4.313 26.1222
4.33222 28.1222
4.34784 30.1222
4.36226 32.1222
4.37548 34.1222
4.3935 36.1222
4.41153 38.1222
4.42955 40.1222
4.44878 42.1222
4.468 44.1222
4.48482 46.1222
4.50285 48.1222
4.51847 49.2445
5.32234 51.2445
5.52901 49.2445
5.85585 49.5331
7.02981 51.5331
7.2485 49.5331
8.70965 51.5331
8.92353 49.5331
10.2056 51.5331
10.2056 4
10.2237 6
10.2237 4
10.2441 6
10.2441 4
10.2621 6
10.2621 4
10.2849 6
10.2849 4
10.3018 6
10.3018 4
10.3174 6
10.3174 4
10.3378 6
10.3378 4
10.3582 6
10.3582 4
10.3763 6
10.3763 4
10.3955 6
10.3955 4
10.4135 6
10.4135 4
10.4315 6
10.4315 4
10.4496 6
10.4496 4
10.47 6
10.47 4
10.488 6
10.488 4
10.5084 6
10.5084 4
10.5277 6
10.5277 4
10.5457 6
10.5457 4
10.5637 6
10.5637 4
10.5829 6
10.5829 4
10.6058 6
10.6058 4
10.625 6
10.625 4
10.6442 6
10.6442 4
10.8265 130
10.8265 105.82
10.8563 103.629
11.0376 97.0919
11.056 91.3992
11.0743 86.4185
11.0936 82.0601
11.1117 78.2465
11.1293 74.9095
11.1464 71.962
11.1646 69.3564
11.1839 67.1029
11.2012 65.1319
11.2196 63.4068
11.2392 61.9523
11.2557 60.5974
11.2752 59.4669
11.2956 58.5318
11.3136 57.7141
11.3329 57.0262
11.3521 56.4517
11.3689 55.8943
11.3833 57.3239
11.4023 56.8522
11.4207 56.4123
11.4392 56.0546
11.4576 55.7417
11.4758 55.4682
11.495 55.2831
11.5142 55.1215
11.5347 55.0352
11.5515 54.9323
11.5719 54.8971
11.5899 54.866
11.7666 54.9199
11.8026 52.9199
11.8399 53.5925
11.9144 53.7831
13.3887 55.7831
13.6182 53.7831
15.2067 55.7831
15.4387 53.7831
15.7439 52.9593
17.0404 54.9593
17.2651 52.9593
18.8548 54.9593
19.0807 52.9593
19.2249 51.7597
20.6608 53.7597
20.8975 51.7597
21.1763 51.3177
21.6053 53.3177
21.6053 4
21.6257 6
21.6257 4
21.6449 6
21.6449 4
21.6629 6
21.6629 4
21.681 6
21.681 4
21.7002 6
21.7002 4
21.7182 6
21.7182 4
21.7374 6
21.7374 4
21.7579 6
21.7579 4
21.7771 6
21.7771 4
21.7975 6
21.7975 4
21.8167 6
21.8167 4
21.8384 6
21.8384 4
21.8576 6
21.8576 4
21.8768 6
21.8768 4
21.8985 6
21.8985 4
21.9165 6
21.9165 4
21.9369 6
21.9369 4
21.9573 6
21.9573 4
21.9754 6
21.9754 4
21.991 6
21.991 4
22.0054 6
22.0054 4
22.021 6
22.021 4
22.033 6
22.033 4
22.0426 6
22.0426 4
22.2345 130
22.2345 107.175
22.2536 103.613
22.4454 96.8902
22.4643 91.0083
22.4841 85.8881
22.5033 81.4075
22.5213 77.4876
22.5396 74.0304
22.5584 71.0062
22.5772 68.3598
22.596 66.0435
22.6154 64.0442
22.6337 62.268
22.6525 60.7134
22.6713 59.3536
22.6916 58.1899
22.712 57.1982
22.7312 56.384
22.7516 55.6982
22.7709 55.0981
22.7853 54.4662
22.8031 53.8874
22.8223 53.3805
22.8408 52.9372
22.8596 52.549
22.8784 52.2099
22.8972 51.913
22.9167 51.6526
22.9384 51.5318
22.9564 51.3992
22.978 51.3626
22.9973 51.3308
23.0165 51.3032
23.0573 53.3032
23.1054 53.2003
23.1258 53.0822
23.1475 53.0587
23.3157 51.8833
23.3902 49.8833
24.5617 49.866
24.9775 51.866
25.2058 49.866
26.7823 51.866
27.0034 49.866
27.1692 49.4054
27.633 48.1077
28.5895 50.1077
28.8154 48.1077
29.2756 48.3646
30.4231 50.3646
30.6526 48.3646
30.9759 48.5746
32.2496 50.5746
32.4827 48.5746
32.7999 49.2148
33.1496 51.2148
33.1496 4
33.1736 6
33.1736 4
33.1916 6
33.1916 4
33.2109 6
33.2109 4
33.2289 6
33.2289 4
33.2481 6
33.2481 4
33.2685 6
33.2685 4
33.2866 6
33.2866 4
33.3046 6
33.3046 4
33.325 6
33.325 4
33.3442 6
33.3442 4
33.3635 6
33.3635 4
33.3803 6
33.3803 4
33.3947 6
33.3947 4
33.4079 6
33.4079 4
33.4223 6
33.4223 4
33.4356 6
33.4356 4
33.4488 6
33.4488 4
33.4632 6
33.4632 4
33.4764 6
33.4764 4
33.4896 6
33.4896 4
33.504 6
33.504 4
33.5173 6
33.5173 4
33.7153 130
33.7153 84.8957
33.735 80.2887
33.9266 76.2576
33.9463 72.7555
33.9679 69.7169
33.9871 67.058
34.0051 64.7065
34.0249 62.6229
34.0448 60.7997
34.0646 59.23
34.0849 57.8564
34.104 56.6802
34.123 55.6001
34.1424 54.6547
34.162 53.828
34.1848 53.1809
34.204 52.6402
34.2244 52.1671
34.2437 51.7272
34.2615 51.317
34.2796 50.9075
34.3002 50.6001
34.3188 50.2797
34.3385 49.9993
34.3581 49.7797
34.3787 49.5877
34.3991 49.4703
34.4207 49.3936
34.4412 49.3515
34.4616 49.3405
34.5738 49.268
34.5935 49.114
34.6164 49.0815
34.6356 49.0276
34.9432 51.0276
35.1895 49.0276
35.4467 49.9081
36.7997 51.9081
37.022 49.9081
38.6033 51.9081
38.8412 49.9081
40.0104 47.6851
40.4249 49.6851
40.646 47.6851
42.2658 49.6851
42.452 48.0594
42.4941 46.0594
42.9531 46.3543
44.0958 48.3543
44.3265 46.3543
44.6365 48.3543
44.6365 4
44.6557 6
44.6557 4
44.6726 6
44.6726 4
44.6906 6
44.6906 4
44.705 6
44.705 4
44.7218 6
44.7218 4
44.7374 6
44.7374 4
44.7531 6
44.7531 4
44.7723 6
44.7723 4
44.8107 6
44.8107 4
44.8264 6
44.8264 4
44.8408 6
44.8408 4
44.8552 6
44.8552 4
44.8696 6
44.8696 4
44.8852 6
44.8852 4
44.9021 6
44.9021 4
44.9201 6
44.9201 4
44.9357 6
44.9357 4
44.9501 6
44.9501 4
44.9645 6
44.9645 4
45.1516 130
45.1516 84.7673
45.1762 82.4144
45.3633 77.9523
45.3836 74.0477
45.4049 70.6312
45.4265 67.6913
45.4469 65.1188
45.4649 62.7942
45.4858 60.7845
45.5056 59.0262
45.5262 57.4876
45.5467 56.1416
45.5666 54.9634
45.5872 53.9323
45.6078 53.0304
45.6315 52.3398
45.6507 51.6865
45.6735 51.1878
45.694 50.7521
45.7096 52.2479
45.7308 51.8315
45.7502 51.4669
45.7725 51.172
45.7919 50.8902
45.8111 50.643
45.835 50.4758
45.8566 50.3791
45.8794 50.3681
46.1161 50.7493
46.1594 48.7493
46.1822 49.0815
47.8068 51.0815
48.0279 49.0815
49.6416 51.0815
49.8687 49.0815
50.4803 47.654
51.5005 49.654
51.7348 47.654
53.3738 49.654
53.5985 47.654
55.2327 49.654
55.2927 49.2244
55.461 47.2244
55.7698 47.4275
55.8335 47.6333
55.8707 47.7369
55.8935 49.7369
55.8935 4
55.9176 6
55.9176 4
55.956 6
55.956 4
55.9837 6
55.9837 4
56.0113 6
56.0113 4
56.0389 6
56.0389 4
56.0666 6
56.0666 4
56.0966 6
56.0966 4
56.1219 6
56.1219 4
56.1471 6
56.1471 4
56.1723 6
56.1723 4
56.1927 6
56.1927 4
56.2096 6
56.2096 4
56.2288 6
56.2288 4
56.248 6
56.248 4
56.2672 6
56.2672 4
56.2853 6
56.2853 4
56.2985 6
56.2985 4
56.3117 6
56.3117 4
56.3213 6
56.3213 4
56.5235 130
56.5235 89.4986
56.5444 84.0753
56.7353 79.3294
56.7577 75.201
56.7793 71.6374
56.7985 68.471
56.8178 65.6512
56.8396 63.2327
56.8609 61.1167
56.8813 59.2894
56.902 57.6906
56.921 56.2189
56.943 54.9793
56.9622 53.8709
56.9863 52.9731
57.0067 52.1878
57.0295 51.5497
57.0499 50.991
57.0654 50.3805
57.0866 51.8467
57.1084 51.4282
57.1283 51.0373
57.1482 50.672
57.1703 50.3999
57.1907 50.1381
57.216 50.0297
57.2376 49.9593
57.4996 50.9779
57.5452 48.9779
59.1782 50.9779
59.4017 48.9779
61.0263 50.9779
61.251 48.9779
62.0056 47.1892
62.3576 47.4441
62.8971 49.4441
63.1339 47.4441
64.7837 49.4441
65.0132 47.4441
66.1451 48.0504
66.6798 50.0504
66.9081 48.0504
67.2073 48.2749
67.2433 50.2749
67.2433 4
67.2602 6
67.2602 4
67.2758 6
67.2758 4
67.295 6
67.295 4
67.3118 6
67.3118 4
67.3286 6
67.3286 4
67.3491 6
67.3491 4
67.3671 6
67.3671 4
67.414 6
67.414 4
67.444 6
67.444 4
67.4728 6
67.4728 4
67.5029 6
67.5029 4
67.5281 6
67.5281 4
67.5569 6
67.5569 4
67.5798 6
67.5798 4
67.6038 6
67.6038 4
67.629 6
67.629 4
67.6459 6
67.6459 4
67.6603 6
67.6603 4
67.6711 6
67.6711 4
67.6831 6
67.6831 4
67.8825 130
67.8825 94.2472
67.9024 88.393
68.094 83.2707
68.1156 78.8391
68.1373 75.0117
68.1553 71.6126
68.1753 68.6381
68.1935 65.9848
68.2143 63.7141
68.2346 61.7272
68.2539 59.9627
68.2731 58.4199
68.2939 57.0691
68.3129 55.8626
68.3328 54.8066
68.3556 53.9579
68.376 53.2403
68.3977 52.6381
68.4157 52.0856
68.4339 51.5518
68.4522 51.0601
68.4722 50.6298
68.4924 50.2528
68.5128 49.9233
68.532 49.6347
68.5547 49.433
68.5751 49.2811
68.5955 49.1485
68.616 49.0573
68.6364 49.0028
68.7145 48.9296
68.7307 48.7403
68.7514 48.6001
68.773 48.5269
68.7946 48.5138
68.9016 50.5138
69.22 48.5138
69.4783 49.0055
70.8434 51.0055
71.0789 49.0055
72.6794 51.0055
72.9077 49.0055
73.6575 47.6057
74.5191 49.6057
74.7498 47.6057
76.3515 49.6057
76.5161 49.3874
76.5798 47.3874
77.0256 47.4917
78.1695 49.4917
78.3918 47.4917
78.6898 47.7017
78.7968 49.7017
78.7968 4
78.8136 6
78.8136 4
78.8352 6
78.8352 4
78.8689 6
78.8689 4
78.8917 6
78.8917 4
78.9133 6
78.9133 4
78.9385 6
78.9385 4
78.9614 6
78.9614 4
78.9866 6
78.9866 4
79.0094 6
79.0094 4
79.0275 6
79.0275 4
79.0431 6
79.0431 4
79.0575 6
79.0575 4
79.0695 6
79.0695 4
79.0839 6
79.0839 4
79.0972 6
79.0972 4
79.1116 6
79.1116 4
79.1236 6
79.1236 4
79.138 6
79.138 4
79.1524 6
79.1524 4
79.3495 130
79.3495 82.0787
79.3696 77.6989
79.5617 73.8916
79.5811 70.5594
79.6034 67.6941
79.6238 65.1872
79.6414 62.9434
79.6619 60.98
79.6815 59.2376
79.7023 57.7376
79.7217 56.3999
79.7426 55.2548
79.762 54.2279
79.7832 53.3785
79.804 52.636
79.8244 52.011
79.846 51.5138
79.8677 51.1036
79.8881 50.77
79.9024 50.3287
79.9237 49.9669
79.9425 49.6257
79.9641 49.3522
79.9827 49.0628
80.0045 48.8598
80.0256 48.7065
80.0484 48.6478
80.0676 48.5711
80.0869 48.4793
80.1097 48.4731
80.2256 48.384
80.2474 48.3156
80.2666 48.2307
80.2871 48.1809
80.3087 48.163
80.3508 50.163
80.656 48.163
82.0222 47.5787
82.2805 49.5787
82.5184 47.5787
84.1574 49.5787
84.3953 47.5787
84.8399 47.6312
86.0271 49.6312
86.2614 47.6312
86.5955 48.0552
86.6147 48.163
86.6327 48.2707
87.8716 50.2707
88.0903 48.2707
88.3846 50.0739
89.6728 52.0739
89.8975 50.0739
90.1738 51.1837
90.2363 51.4123
90.2724 51.5276
90.2868 52.2307
90.3192 54.2307
90.3192 4
90.3348 6
90.3348 4
90.3721 6
90.3721 4
90.3973 6
90.3973 4
90.4226 6
90.4226 4
90.4442 6
90.4442 4
90.461 6
90.461 4
90.479 6
90.479 4
90.4947 6
90.4947 4
90.5115 6
90.5115 4
90.5295 6
90.5295 4
90.5415 6
90.5415 4
90.5559 6
90.5559 4
90.5692 6
90.5692 4
90.5812 6
90.5812 4
90.5944 6
90.5944 4
90.6076 6
90.6076 4
90.622 6
90.622 4
90.6328 6
90.6328 4
90.6461 6
90.6461 4
90.8343 130
90.8343 90.7742
90.8566 88.953
91.0455 84.268
91.065 80.2231
91.0829 76.6561
91.1022 73.5905
91.119 70.8529
91.1357 68.4019
91.1557 66.3128
91.1724 64.4572
91.1902 62.8336
91.2084 61.413
91.2265 60.1699
91.2464 59.1098
91.2639 58.1547
91.2816 57.3191
91.3 56.6153
91.3217 56.0822
91.3385 55.5877
91.3589 55.183
91.3745 54.7742
91.39 54.3605
91.4082 53.9993
91.4263 53.683
91.4461 53.4613
91.4628 53.1844
91.4826 52.9979
91.5003 52.8343
91.5196 52.7182
91.5388 52.645
91.5568 52.5801
91.576 52.5518
91.7192 52.4744
91.7372 52.404
91.7564 52.3695
91.7756 52.3667
91.7949 52.3646
91.8153 54.3646
92.1109 52.3646
93.1611 51.6319
93.6706 53.6319
93.8917 51.6319
95.4297 53.6319
95.6448 51.6319
96.7058 49.5145
96.7995 49.7459
97.1973 51.7459
97.4123 49.7459
98.9768 51.7459
99.1955 49.7459
