0.200111 10
0.401625 11
0.412656 13
0.431881 15
0.451107 17
0.470332 19
0.618451 21
0.634071 23
0.652095 25
0.671321 27
0.690547 29
0.709772 31
0.728998 33
0.748223 35
0.804613 37
0.821146 39
0.834364 41
0.849984 43
0.868008 45
0.886032 47
0.905258 49
0.923282 51
0.941306 53
0.960532 55
0.979757 57
0.995378 59
1.03143 61
1.05065 63
1.06507 65
1.0843 67
1.10352 69
1.11914 71
1.13837 73
1.82088 72
1.82088 71
1.82088 72
2.31354 73
2.45052 2.96614e+06
2.94798 1.99931
2.94798 4
2.9564 5
2.96 6
2.97562 186
2.97562 185
2.97562 186
3.04412 185
3.12464 182
3.12944 180
3.15107 179
3.15708 178
3.1703 177
3.17991 176
3.18472 175
3.20034 174
3.21956 172
3.22317 170
3.246 169
3.25201 168
3.26883 167
3.27484 166
3.28084 163
3.28325 162
3.28565 161
3.30968 160
3.3241 158
3.32651 157
3.33852 153
3.35294 150
3.35534 148
3.36736 147
3.37577 144
3.38178 143
3.38659 142
3.42504 139
3.42984 136
3.45387 135
3.46229 133
3.48271 132
3.48512 130
3.49112 124
3.49954 123
3.51155 122
3.52597 119
3.53438 117
3.53679 116
3.54039 114
3.55962 111
3.60648 110
3.60648 76.4268
3.6245 75.4268
3.6245 76.4268
3.62811 74.4268
3.62811 75.4268
3.63171 74.4268
3.63171 75.4268
3.63532 76.4268
3.65094 75.4268
3.65094 76.4268
3.65935 75.4268
3.65935 76.4268
3.66415 75.4268
3.66415 76.4268
3.67136 75.4268
3.67136 76.4268
3.67617 75.4268
3.67617 76.4268
3.68218 75.4268
3.68218 76.4268
3.68939 75.4268
3.68939 76.4268
3.69419 75.4268
3.69419 76.4268
3.7002 75.4268
3.7002 76.4268
3.70501 75.4268
3.70501 76.4268
3.71102 75.4268
3.71102 76.4268
3.71703 75.4268
3.71703 76.4268
3.72183 75.4268
3.72183 76.4268
3.72784 75.4268
3.72784 76.4268
3.73385 75.4268
3.73385 76.4268
3.73986 75.4268
3.73986 76.4268
3.74466 75.4268
3.74466 76.4268
3.75187 75.4268
3.75187 76.4268
3.75908 75.4268
3.75908 76.4268
3.76269 75.4268
3.76269 74.4268
3.7699 73.4268
3.7699 74.4268
3.77951 73.4268
3.77951 74.4268
3.78912 73.4268
3.78912 74.4268
3.79032 73.4268
3.79032 74.4268
3.79393 73.4268
3.79393 74.4268
3.79633 73.4268
3.79633 74.4268
3.79873 73.4268
3.79873 74.4268
3.80354 73.4268
3.80354 74.4268
3.80715 73.4268
3.80715 74.4268
3.80955 73.4268
3.80955 74.4268
3.81556 73.4268
3.81556 74.4268
3.81916 73.4268
3.81916 74.4268
3.82156 73.4268
3.82156 74.4268
3.82757 73.4268
3.82757 74.4268
3.83238 73.4268
3.83238 74.4268
3.83598 73.4268
3.83598 74.4268
3.84079 73.4268
3.84079 74.4268
3.84319 73.4268
3.84319 74.4268
3.8492 73.4268
3.8492 74.4268
3.85401 73.4268
3.85401 74.4268
3.86122 73.4268
3.86122 74.4268
3.86723 73.4268
3.86723 74.4268
3.87203 73.4268
3.87203 74.4268
3.87924 73.4268
3.87924 74.4268
3.88525 73.4268
3.88525 74.4268
3.89126 73.4268
3.89126 74.4268
3.89727 73.4268
3.89727 74.4268
3.90447 73.4268
3.90447 74.4268
3.90928 73.4268
3.90928 74.4268
3.91649 73.4268
3.91649 74.4268
3.9225 73.4268
3.9225 74.4268
3.92851 73.4268
3.92851 74.4268
3.93331 73.4268
3.93331 74.4268
3.94172 73.4268
3.94172 74.4268
3.94773 73.4268
3.94773 74.4268
3.95374 73.4268
3.95374 74.4268
3.95975 73.4268
3.95975 74.4268
3.96576 73.4268
3.96576 74.4268
3.97056 73.4268
3.97056 74.4268
3.97777 73.4268
3.97777 74.4268
3.98138 73.4268
3.98138 74.4268
3.98979 73.4268
3.98979 74.4268
3.997 73.4268
3.997 74.4268
4.0018 73.4268
4.0018 74.4268
4.00901 73.4268
4.00901 74.4268
4.01382 73.4268
4.01382 74.4268
4.01983 73.4268
4.01983 74.4268
4.02704 73.4268
4.02704 74.4268
4.03545 73.4268
4.03545 74.4268
4.04386 73.4268
4.04386 74.4268
4.05227 73.4268
4.05227 74.4268
4.06068 73.4268
4.06068 74.4268
4.06909 73.4268
4.06909 74.4268
4.07509 73.4268
4.07509 74.4268
4.0847 73.4268
4.0847 74.4268
4.09191 73.4268
4.09191 74.4268
4.09911 186
4.09911 27.011
4.09911 28.011
4.11473 30.011
4.12555 32.011
4.13876 34.011
4.15438 36.011
4.1664 38.011
4.17481 40.011
4.18803 42.011
4.19764 44.011
4.21086 46.011
4.22047 48.011
4.23249 50.011
4.2421 52.011
4.25532 54.011
4.26613 56.011
4.27454 58.011
4.28416 60.011
4.29377 62.011
4.30458 64.011
4.3154 66.011
4.32741 68.011
4.33583 70.011
4.38749 72.011
4.39951 74.011
4.41033 76.011
4.42354 77.6298
5.15171 79.6298
5.35358 77.6298
6.7979 79.6298
6.99977 77.6298
7.15238 76.846
8.45731 78.846
8.65918 76.846
9.85117 74.6119
10.1011 76.6119
10.2032 78.6119
10.2032 4
10.2165 6
10.2165 4
10.2285 6
10.2285 4
10.2393 6
10.2393 4
10.2525 6
10.2525 4
10.2633 6
10.2633 4
10.2765 6
10.2765 4
10.2874 6
10.2874 4
10.2994 6
10.2994 4
10.321 6
10.321 4
10.3318 6
10.3318 4
10.345 6
10.345 4
10.357 6
10.357 4
10.3679 6
10.3679 4
10.3811 6
10.3811 4
10.3919 6
10.3919 4
10.4063 6
10.4063 4
10.4171 6
10.4171 4
10.4255 6
10.4255 4
10.4388 6
10.4388 4
10.4508 6
10.4508 4
10.4616 6
10.4616 4
10.4736 6
10.4736 4
10.4844 6
10.4844 4
10.5 6
10.5 4
10.5096 6
10.5096 4
10.5205 6
10.5205 4
10.5337 6
10.5337 4
10.5433 6
10.5433 4
10.5565 6
10.5565 4
10.5661 6
10.5661 4
10.5769 6
10.5769 4
10.5865 6
10.5865 4
10.5998 6
10.5998 4
10.6118 6
10.6118 4
10.6274 6
10.6274 4
10.6418 6
10.6418 4
10.6526 6
10.6526 4
10.8491 186
10.8491 153.612
10.8623 144.128
11.0572 135.787
11.0705 128.575
11.0815 122.221
11.0924 116.662
11.1045 111.797
11.1141 107.497
11.1257 103.691
11.1373 100.404
11.1488 97.4848
11.1608 94.9738
11.1718 92.7762
11.1827 90.8101
11.1944 89.134
11.2074 87.7099
11.2172 86.4206
11.2304 85.3363
11.2416 84.3874
11.2519 83.4696
11.2632 82.7106
11.2776 82.1333
11.2896 81.672
11.3004 81.2244
11.3124 80.8764
11.3244 80.5718
11.3365 80.3488
11.3473 80.1105
11.3605 81.989
11.3701 81.7956
11.3809 81.5822
11.3902 81.3094
11.4011 81.0698
11.4153 80.9482
11.4243 80.7541
11.4355 80.5407
11.4485 80.4413
11.4588 80.2673
11.471 76.0905
11.483 76.0007
11.4962 76.1319
11.507 76.5138
11.5659 78.5138
11.5779 79.9724
11.5887 80.3757
11.656 80.8273
11.7425 78.8273
11.7786 79.6271
13.2493 81.6271
13.4656 79.6271
13.7937 80.1858
13.8405 80.4855
14.9676 82.4855
15.1839 80.4855
16.7075 82.4855
16.9202 80.4855
18.4306 82.4855
18.6133 79.0808
18.6505 77.0808
20.1057 72.096
20.1657 74.096
20.376 72.096
21.4911 74.096
21.4911 4
21.5043 6
21.5043 4
21.52 6
21.52 4
21.5368 6
21.5368 4
21.5524 6
21.5524 4
21.5668 6
21.5668 4
21.5812 6
21.5812 4
21.5945 6
21.5945 4
21.6089 6
21.6089 4
21.6221 6
21.6221 4
21.6365 6
21.6365 4
21.6497 6
21.6497 4
21.6617 6
21.6617 4
21.675 6
21.675 4
21.6894 6
21.6894 4
21.7014 6
21.7014 4
21.7158 6
21.7158 4
21.7266 6
21.7266 4
21.7398 6
21.7398 4
21.7543 6
21.7543 4
21.7663 6
21.7663 4
21.7807 6
21.7807 4
21.7939 6
21.7939 4
21.8071 6
21.8071 4
21.8216 6
21.8216 4
21.8336 6
21.8336 4
21.8468 6
21.8468 4
21.86 6
21.86 4
21.8744 6
21.8744 4
21.8852 6
21.8852 4
21.9009 6
21.9009 4
21.9141 6
21.9141 4
21.9249 6
21.9249 4
21.9405 6
21.9405 4
21.9525 6
21.9525 4
21.9657 6
21.9657 4
22.1603 186
22.1603 148.596
22.1735 138.957
22.368 130.523
22.3805 123.143
22.3931 116.686
22.4056 111.035
22.4181 106.091
22.432 101.805
22.4431 98.0152
22.4573 94.779
22.4694 91.9068
22.4817 89.3936
22.4949 87.1954
22.5093 85.3909
22.5189 83.6526
22.5313 82.1713
22.5456 80.9157
22.5557 79.7369
22.569 78.7452
22.5819 77.837
22.5933 77.0435
22.6067 76.3481
22.6193 75.7804
22.6313 75.2431
22.6443 74.8135
22.6576 74.4372
22.6684 74.0677
22.6832 73.8246
22.6964 73.6519
22.7084 73.4606
22.7228 73.3736
22.748 73.3405
22.7601 73.268
22.7829 73.1347
22.7935 72.9282
22.8079 72.788
22.8185 72.625
22.8311 72.482
22.8444 72.3971
22.8561 72.2831
22.8686 72.183
22.882 72.136
22.8946 74.0946
22.9071 74.058
23.0141 71.7673
23.1402 72.5939
23.1523 74.5939
23.1619 76.4523
23.1943 78.3405
23.2292 79.3715
23.2916 81.0711
23.3553 79.0711
24.8778 81.0711
25.0976 79.0711
26.6201 81.0711
26.834 79.0711
27.4816 77.9952
28.366 79.9952
28.5787 77.9952
30.1059 79.9952
30.2261 76.2914
30.3234 74.2914
31.8362 76.2914
32.0501 74.2914
32.9189 76.2914
32.9189 4
32.9285 6
32.9285 4
32.9417 6
32.9417 4
32.9525 6
32.9525 4
32.9621 6
32.9621 4
32.9729 6
32.9729 4
32.985 6
32.985 4
32.997 6
32.997 4
33.009 6
33.009 4
33.0186 6
33.0186 4
33.0294 6
33.0294 4
33.0402 6
33.0402 4
33.0522 6
33.0522 4
33.0643 6
33.0643 4
33.0763 6
33.0763 4
33.0859 6
33.0859 4
33.1003 6
33.1003 4
33.1123 6
33.1123 4
33.1243 6
33.1243 4
33.14 6
33.14 4
33.1532 6
33.1532 4
33.1664 6
33.1664 4
33.1832 6
33.1832 4
33.1964 6
33.1964 4
33.2084 6
33.2084 4
33.2205 6
33.2205 4
33.2325 6
33.2325 4
33.2433 6
33.2433 4
33.2541 6
33.2541 4
33.2673 6
33.2673 4
33.2805 6
33.2805 4
33.2902 6
33.2902 4
33.3022 6
33.3022 4
33.3142 6
33.3142 4
33.3262 6
33.3262 4
33.3382 6
33.3382 4
33.3514 6
33.3514 4
33.5497 186
33.5497 142.756
33.559 134.082
33.7586 126.576
33.7694 119.966
33.7816 114.182
33.7936 109.081
33.8057 104.617
33.8178 100.711
33.8299 97.2928
33.842 94.3432
33.8541 91.7631
33.8663 89.5048
33.8784 87.529
33.8905 85.8004
33.9034 84.2873
33.9147 82.9227
33.9278 81.7693
33.9389 80.7189
33.9516 79.8419
33.9643 79.1153
33.9775 78.5207
33.9895 78
33.9995 77.4627
34.0116 76.951
34.0237 76.5028
34.0381 76.2348
34.0479 75.8764
34.0611 75.6457
34.0721 75.4019
34.0861 75.2714
34.0964 75.0753
34.1099 74.9441
34.1206 74.7472
34.1339 74.616
34.1448 74.4599
34.1577 74.3646
34.1704 72.2169
34.2663 72.2134
34.278 72.1381
34.2906 72.0725
34.3033 72.0546
34.3144 71.9993
34.3265 71.951
34.3397 71.9081
34.3511 71.8715
34.7065 73.8715
35.0057 71.8715
35.0393 73.8225
35.0826 75.5186
35.1403 77.4758
35.1979 79.3605
35.7891 80.3736
36.4356 82.3736
36.6555 80.3736
38.1503 82.3736
38.3666 80.3736
39.8734 82.3736
40.0861 80.3736
40.5078 80.0401
41.5881 82.0401
41.8091 80.0401
42.4472 75.2134
43.3039 77.2134
43.5238 75.2134
44.3589 77.2134
44.3589 4
44.3698 6
44.3698 4
44.3818 6
44.3818 4
44.3926 6
44.3926 4
44.4034 6
44.4034 4
44.4154 6
44.4154 4
44.425 6
44.425 4
44.4395 6
44.4395 4
44.4527 6
44.4527 4
44.4647 6
44.4647 4
44.4767 6
44.4767 4
44.4887 6
44.4887 4
44.5007 6
44.5007 4
44.5127 6
44.5127 4
44.526 6
44.526 4
44.5404 6
44.5404 4
44.5548 6
44.5548 4
44.5668 6
44.5668 4
44.5812 6
44.5812 4
44.5945 6
44.5945 4
44.6065 6
44.6065 4
44.6221 6
44.6221 4
44.6341 6
44.6341 4
44.6521 6
44.6521 4
44.669 6
44.669 4
44.6798 6
44.6798 4
44.693 6
44.693 4
44.7038 6
44.7038 4
44.7158 6
44.7158 4
44.7266 6
44.7266 4
44.7386 6
44.7386 4
44.7507 6
44.7507 4
44.7591 6
44.7591 4
44.7699 6
44.7699 4
44.7783 6
44.7783 4
44.7891 6
44.7891 4
44.7963 6
44.7963 4
45.0023 5
45.0023 4
45.0078 186
45.0078 157.436
45.2038 155.552
45.2161 145.477
45.2277 136.617
45.2395 128.865
45.2516 122.125
45.2633 116.227
45.2755 111.066
45.2871 106.55
45.2994 102.599
45.3109 99.0994
45.3234 96.0794
45.3347 93.395
45.3473 91.0884
45.3591 89.0698
45.3712 87.3453
45.3823 85.7949
45.3962 84.5221
45.4073 83.366
45.4205 82.3971
45.4325 81.549
45.4433 80.7652
45.4548 80.0366
45.4661 79.3999
45.4774 78.8425
45.4893 78.3543
45.5012 77.9275
45.5134 77.5546
45.525 77.2272
45.5373 78.9413
45.5488 78.6492
45.5607 78.3936
45.5726 78.1699
45.5848 77.9744
45.5964 77.8446
45.609 77.7735
45.6226 77.7535
45.6339 76.2583
45.6459 76.2072
45.7272 76.1436
45.7393 76.0656
45.749 77.3232
45.7593 77.2673
45.7677 77.1347
45.778 77.1029
45.7867 77.0532
45.7972 79.0532
45.8058 80.828
45.8163 80.7831
45.8386 82.7831
45.8482 83.451
45.8818 84.5698
45.9828 85.6464
46.0284 83.6464
47.5436 85.6464
47.7527 83.6464
48.16 83.8122
49.2439 85.8122
49.4566 83.8122
50.9562 85.8122
51.1725 83.8122
52.6913 85.8122
52.91 83.8122
53.0097 76.3267
54.4072 78.3267
54.6199 76.3267
55.8227 78.3267
55.8227 4
55.8323 6
55.8323 4
55.8455 6
55.8455 4
55.8563 6
55.8563 4
55.8683 6
55.8683 4
55.8803 6
55.8803 4
55.8923 6
55.8923 4
55.9032 6
55.9032 4
55.914 6
55.914 4
55.9272 6
55.9272 4
55.938 6
55.938 4
55.9488 6
55.9488 4
55.962 6
55.962 4
55.9729 6
55.9729 4
55.9849 6
55.9849 4
55.9957 6
55.9957 4
56.0077 6
56.0077 4
56.0197 6
56.0197 4
56.0317 6
56.0317 4
56.0437 6
56.0437 4
56.0546 6
56.0546 4
56.0678 6
56.0678 4
56.0798 6
56.0798 4
56.0942 6
56.0942 4
56.1062 6
56.1062 4
56.1182 6
56.1182 4
56.1303 6
56.1303 4
56.1411 6
56.1411 4
56.1567 6
56.1567 4
56.1675 6
56.1675 4
56.1807 6
56.1807 4
56.1964 6
56.1964 4
56.2084 6
56.2084 4
56.224 6
56.224 4
56.2384 6
56.2384 4
56.2516 6
56.2516 4
56.2636 6
56.2636 4
56.2745 6
56.2745 4
56.471 186
56.471 155.208
56.4826 145.31
56.6783 136.692
56.6901 129.151
56.7016 122.51
56.7137 116.743
56.7249 111.653
56.7389 107.285
56.7482 103.421
56.7625 100.125
56.7733 97.1982
56.7865 94.7231
56.7973 92.5145
56.8065 90.453
56.819 88.7355
56.8298 87.1464
56.842 85.7562
56.8532 84.5829
56.8648 83.5131
56.8765 82.5767
56.8881 81.8004
56.9008 81.1215
56.9128 80.5276
56.9234 80.0076
56.9361 79.5953
56.9466 79.1492
56.9581 78.8011
56.9718 78.5401
56.9838 80.3115
56.9959 80.154
57.0103 80.145
57.0211 80.0946
57.0331 80.0932
57.0559 80.0801
57.0632 79.866
57.0756 79.6789
57.0878 79.558
57.098 76.2914
57.1096 76.1312
57.1213 76.0318
57.1338 75.9448
57.1446 75.8273
57.1563 75.7659
57.1679 75.6713
57.2028 75.7465
57.2148 77.7465
57.2244 79.5656
57.2556 81.3446
57.2869 82.5552
57.401 84.5552
57.4118 84.8218
57.4491 82.8218
58.9403 84.8218
59.153 82.8218
60.649 84.8218
60.8652 82.8218
61.8926 81.5021
62.3829 83.5021
62.6003 81.5021
64.1096 83.5021
64.3198 81.5021
64.8197 74.9137
65.829 76.9137
66.0489 74.9137
67.1808 76.9137
67.1808 4
67.1977 6
67.1977 4
67.2121 6
67.2121 4
67.2229 6
67.2229 4
67.2373 6
67.2373 4
67.2505 6
67.2505 4
67.265 6
67.265 4
67.277 6
67.277 4
67.289 6
67.289 4
67.3022 6
67.3022 4
67.3154 6
67.3154 4
67.3262 6
67.3262 4
67.3395 6
67.3395 4
67.3527 6
67.3527 4
67.3623 6
67.3623 4
67.3755 6
67.3755 4
67.3851 6
67.3851 4
67.3971 6
67.3971 4
67.408 6
67.408 4
67.4224 6
67.4224 4
67.4344 6
67.4344 4
67.4488 6
67.4488 4
67.462 6
67.462 4
67.4752 6
67.4752 4
67.4897 6
67.4897 4
67.5005 6
67.5005 4
67.5113 6
67.5113 4
67.5233 6
67.5233 4
67.5353 6
67.5353 4
67.5485 6
67.5485 4
67.5606 6
67.5606 4
67.5726 6
67.5726 4
67.5846 6
67.5846 4
67.5966 6
67.5966 4
67.6134 6
67.6134 4
67.6266 6
67.6266 4
67.6399 6
67.6399 4
67.8341 186
67.8341 154.003
67.8473 144.074
68.0416 135.345
68.0535 127.706
68.0655 121.023
68.0775 115.216
68.0897 110.135
68.1028 105.732
68.1144 101.879
68.1277 98.549
68.1397 95.6354
68.1517 93.0863
68.1626 90.8135
68.1741 88.8253
68.1859 87.0435
68.1982 85.5262
68.209 84.1575
68.221 82.9171
68.2334 81.8743
68.2449 80.9192
68.2575 80.1264
68.2688 79.3902
68.2808 78.7459
68.2927 78.1823
68.3053 77.7314
68.3179 77.3363
68.3298 76.9903
68.3412 76.6885
68.3544 76.4655
68.3676 76.3122
68.4037 76.2749
68.4145 76.1457
68.4248 75.9489
68.4362 75.7769
68.449 72.9648
68.4612 72.8785
68.4734 72.8025
68.4841 72.6961
68.4961 72.6029
68.508 72.4807
68.5219 72.4551
68.5332 72.4323
68.5571 74.4323
68.5703 74.6844
68.7922 76.6844
69.0854 74.6844
69.1527 76.4372
69.1996 77.0283
69.2476 78.239
69.2957 78.4068
69.8677 78.8419
70.6163 80.8419
70.8362 78.8419
71.1918 79.4959
71.2363 80.2258
72.3442 82.2258
72.5544 80.2258
74.0576 82.2258
74.2751 80.2258
75.7819 82.2258
75.9922 80.2258
76.241 77.2659
77.5026 79.2659
77.7177 77.2659
78.5636 79.2659
78.5636 4
78.5745 6
78.5745 4
78.5865 6
78.5865 4
78.5985 6
78.5985 4
78.6105 6
78.6105 4
78.6213 6
78.6213 4
78.6345 6
78.6345 4
78.6466 6
78.6466 4
78.661 6
78.661 4
78.6718 6
78.6718 4
78.6826 6
78.6826 4
78.6934 6
78.6934 4
78.7054 6
78.7054 4
78.7187 6
78.7187 4
78.7307 6
78.7307 4
78.7451 6
78.7451 4
78.7559 6
78.7559 4
78.7667 6
78.7667 4
78.7787 6
78.7787 4
78.7883 6
78.7883 4
78.8004 6
78.8004 4
78.8172 6
78.8172 4
78.828 6
78.828 4
78.8436 6
78.8436 4
78.8556 6
78.8556 4
78.8676 6
78.8676 4
78.8761 6
78.8761 4
78.8845 6
78.8845 4
78.8965 6
78.8965 4
78.9073 6
78.9073 4
78.9157 6
78.9157 4
78.9265 6
78.9265 4
78.9361 6
78.9361 4
78.947 6
78.947 4
78.959 6
78.959 4
78.9698 6
78.9698 4
78.9794 6
78.9794 4
78.9914 6
78.9914 4
79.1909 186
79.1909 161.504
79.1987 157.633
79.3992 147.566
79.4098 138.671
79.4214 130.888
79.433 124.078
79.4446 118.119
79.4563 112.948
79.4677 108.381
79.4793 104.384
79.4909 100.887
79.5025 97.8267
79.5141 95.1927
79.5257 92.8439
79.538 90.7894
79.5489 88.9917
79.5605 87.4185
79.5723 86.0856
79.5837 84.8757
79.5963 83.8598
79.6082 83.0145
79.6226 82.3612
79.6322 81.7465
79.6426 81.1222
79.6534 80.576
79.6649 80.0546
79.6767 79.5988
79.6898 79.2859
79.6999 78.9261
79.7112 78.654
79.7229 78.3736
79.7344 78.1278
79.746 77.9558
79.7584 77.8052
79.7704 77.7169
79.7808 77.5532
79.7932 77.453
79.8064 77.4517
79.8172 75.9648
79.9201 75.9551
79.9322 75.8757
79.9437 75.8066
79.955 75.7037
79.9663 75.614
79.9788 75.5773
79.9905 75.5456
80.1517 77.5456
80.3832 78.4841
80.4673 80.0594
80.5118 81.0442
80.5646 83.0442
80.5754 83.4061
80.5971 84.5525
80.6091 82.5525
82.1327 84.5525
82.3514 82.5525
83.863 84.5525
84.0781 82.5525
84.5311 82.4109
85.5825 84.4109
85.7988 82.4109
87.3164 80.0021
87.5363 78.0021
89.0491 80.0021
89.2642 78.0021
89.9936 80.0021
89.9936 4
90.0068 6
90.0068 4
90.0176 6
90.0176 4
90.0296 6
90.0296 4
90.0405 6
90.0405 4
90.0537 6
90.0537 4
90.0645 6
90.0645 4
90.0765 6
90.0765 4
90.0885 6
90.0885 4
90.0993 6
90.0993 4
90.1101 6
90.1101 4
90.121 6
90.121 4
90.1342 6
90.1342 4
90.1426 6
90.1426 4
90.1522 6
90.1522 4
90.163 6
90.163 4
90.1726 6
90.1726 4
90.1834 6
90.1834 4
90.1943 6
90.1943 4
90.2063 6
90.2063 4
90.2171 6
90.2171 4
90.2267 6
90.2267 4
90.2387 6
90.2387 4
90.2483 6
90.2483 4
90.2591 6
90.2591 4
90.2688 6
90.2688 4
90.2784 6
90.2784 4
90.288 6
90.288 4
90.3024 6
90.3024 4
90.3132 6
90.3132 4
90.3276 6
90.3276 4
90.3397 6
90.3397 4
90.3529 6
90.3529 4
90.3661 6
90.3661 4
90.3805 6
90.3805 4
90.3937 6
90.3937 4
90.4057 6
90.4057 4
90.4166 6
90.4166 4
90.4286 6
90.4286 4
90.6713 186
90.6713 154.704
90.6749 146.749
90.8793 138.127
90.8899 130.539
90.9014 123.899
90.9128 118.089
90.9242 113.006
90.9358 108.558
90.9471 104.709
90.9585 101.298
90.97 98.3135
90.9814 95.7023
90.9928 93.4171
91.0043 91.4178
91.0157 89.6678
91.0271 88.1809
91.0386 86.8356
91.05 85.6588
91.0614 84.6291
91.0757 83.8598
91.0877 83.1858
91.0986 82.5967
91.1106 82.1243
91.1202 81.6243
91.1312 81.1865
91.1415 80.7155
91.1533 80.3474
91.167 80.0691
91.1761 79.7818
91.1882 79.5746
91.1986 79.3052
91.2101 79.1133
91.2215 78.9019
91.2337 78.7604
91.2452 78.6367
91.257 78.5283
91.2672 78.3902
91.2792 78.3128
91.2904 75.5739
91.3037 75.5587
91.3145 75.5456
91.3265 75.5345
91.4047 75.5318
91.4162 75.48
91.4275 75.3923
91.4387 75.3156
91.451 75.2907
91.4616 75.2272
91.6097 77.2272
91.8441 77.7956
91.9282 79.5718
91.9703 80.9254
92.0148 82.9047
92.0688 84.4289
92.0808 82.4289
93.5925 84.4289
93.8135 82.4289
95.3204 84.4289
95.5427 82.4289
96.2071 81.6181
97.0471 83.6181
97.2597 81.6181
98.7569 83.6181
98.9624 79.808
98.9744 77.808
