0.200204 10
0.404115 11
0.419865 13
0.439091 15
0.458316 17
0.477542 19
0.624459 21
0.638878 23
0.658103 25
0.677329 27
0.696555 29
0.71578 31
0.735006 33
0.754231 35
0.807102 37
0.827154 39
0.840372 41
0.858396 43
0.877621 45
0.896847 47
0.916072 49
0.934096 51
0.95212 53
0.971346 55
0.990572 57
1.0098 59
1.06267 61
1.08069 63
1.10112 65
1.12155 67
1.24651 69
1.80887 68
1.80887 67
1.80887 68
1.84372 67
2.30994 68
2.31115 69
2.43971 68
2.43971 69
2.47335 2.96614e+06
2.94197 1.99931
2.94197 4
2.95038 6
2.95759 8
2.98403 10
2.99845 12
3.02248 14
3.05132 16
3.06934 18
3.10059 19
3.10419 20
3.1078 153
3.1078 152
3.1078 153
3.13545 150
3.14026 149
3.14386 147
3.14747 146
3.17751 143
3.20514 142
3.22076 139
3.22677 138
3.23278 134
3.23518 133
3.23879 132
3.25681 129
3.29046 128
3.29286 127
3.29647 124
3.35174 117
3.36976 113
3.37938 112
3.38538 107
3.3974 105
3.40221 104
3.40581 101
3.40942 100
3.43104 99
3.44306 96
3.45508 95
3.45868 94
3.46469 91
3.49833 90
3.50434 89
3.50675 81
3.51035 80
3.52237 79
3.5464 75
3.55 74
3.57043 73
3.64132 72
3.64132 61.5497
3.64853 60.5497
3.64853 61.5497
3.65574 60.5497
3.65574 61.5497
3.66295 60.5497
3.66295 61.5497
3.66896 60.5497
3.66896 61.5497
3.67737 60.5497
3.67737 61.5497
3.68458 60.5497
3.68458 61.5497
3.69179 60.5497
3.69179 61.5497
3.6978 60.5497
3.6978 61.5497
3.70621 60.5497
3.70621 61.5497
3.71342 60.5497
3.71342 61.5497
3.71943 60.5497
3.71943 61.5497
3.72544 60.5497
3.72544 61.5497
3.73265 60.5497
3.73265 61.5497
3.74106 60.5497
3.74106 61.5497
3.74947 60.5497
3.74947 59.5497
3.75548 58.5497
3.75548 59.5497
3.76389 58.5497
3.76389 59.5497
3.7747 58.5497
3.7747 59.5497
3.78311 58.5497
3.78311 59.5497
3.78672 58.5497
3.78672 59.5497
3.79152 58.5497
3.79152 59.5497
3.79513 58.5497
3.79513 59.5497
3.79753 58.5497
3.79753 59.5497
3.80234 58.5497
3.80234 59.5497
3.80835 58.5497
3.80835 59.5497
3.81315 58.5497
3.81315 59.5497
3.81676 58.5497
3.81676 59.5497
3.82277 58.5497
3.82277 59.5497
3.82998 58.5497
3.82998 59.5497
3.83478 58.5497
3.83478 59.5497
3.83959 58.5497
3.83959 59.5497
3.84439 58.5497
3.84439 59.5497
3.8516 58.5497
3.8516 59.5497
3.85881 58.5497
3.85881 59.5497
3.86602 58.5497
3.86602 59.5497
3.87443 58.5497
3.87443 59.5497
3.88164 58.5497
3.88164 59.5497
3.89006 58.5497
3.89006 59.5497
3.89967 58.5497
3.89967 59.5497
3.90568 58.5497
3.90568 59.5497
3.91289 58.5497
3.91289 59.5497
3.9213 58.5497
3.9213 59.5497
3.92971 58.5497
3.92971 59.5497
3.93812 58.5497
3.93812 59.5497
3.94413 58.5497
3.94413 59.5497
3.95134 58.5497
3.95134 59.5497
3.96095 58.5497
3.96095 59.5497
3.96816 58.5497
3.96816 59.5497
3.97657 58.5497
3.97657 59.5497
3.98498 58.5497
3.98498 59.5497
3.99099 58.5497
3.99099 59.5497
3.9994 58.5497
3.9994 59.5497
4.00661 58.5497
4.00661 59.5497
4.02103 58.5497
4.02103 59.5497
4.03064 58.5497
4.03064 59.5497
4.04026 58.5497
4.04026 59.5497
4.04987 58.5497
4.04987 59.5497
4.06188 58.5497
4.06188 59.5497
4.0715 58.5497
4.0715 59.5497
4.07991 58.5497
4.07991 59.5497
4.09072 58.5497
4.09072 59.5497
4.10034 58.5497
4.10034 59.5497
4.10875 58.5497
4.10875 59.5497
4.11716 58.5497
4.11716 59.5497
4.12677 58.5497
4.12677 59.5497
4.13638 58.5497
4.13638 59.5497
4.14479 58.5497
4.14479 59.5497
4.15321 58.5497
4.15321 59.5497
4.16162 58.5497
4.16162 59.5497
4.16883 58.5497
4.16883 59.5497
4.17844 58.5497
4.17844 59.5497
4.18685 58.5497
4.18685 59.5497
4.19286 58.5497
4.19286 59.5497
4.20127 58.5497
4.20127 59.5497
4.20848 58.5497
4.20848 59.5497
4.21329 58.5497
4.21329 59.5497
4.2217 58.5497
4.2217 59.5497
4.22891 58.5497
4.22891 59.5497
4.23491 58.5497
4.23491 59.5497
4.24333 58.5497
4.24333 59.5497
4.24933 58.5497
4.24933 59.5497
4.25773 58.5497
4.25773 59.5497
4.26254 57.5497
4.26254 58.5497
4.26975 59.5497
4.27696 60.239
4.41394 61.0325
4.42836 61.6278
4.48844 62.1271
4.49565 61.1271
4.49565 62.1271
4.50165 153
4.50165 25.6968
4.50165 26.6968
4.51607 28.6968
4.52928 30.6968
4.5437 32.6968
4.55692 34.6968
4.57374 36.6968
4.59057 38.6968
4.60498 40.6968
4.6194 42.6968
4.63623 44.6968
4.65065 46.6968
4.66627 48.6968
4.68069 50.6968
4.69631 52.6968
4.71193 54.6968
4.72635 56.6968
4.7648 58.6968
4.77922 60.6968
4.79484 62.1271
5.18776 64.1271
5.39924 62.1271
6.85798 64.1271
7.06586 62.1271
8.1449 61.0649
8.53301 63.0649
8.74089 61.0649
9.96532 59.4565
10.2068 61.4565
10.2068 4
10.2201 6
10.2201 4
10.2369 6
10.2369 4
10.2513 6
10.2513 4
10.2669 6
10.2669 4
10.2825 6
10.2825 4
10.297 6
10.297 4
10.3114 6
10.3114 4
10.3258 6
10.3258 4
10.3414 6
10.3414 4
10.3558 6
10.3558 4
10.3727 6
10.3727 4
10.3871 6
10.3871 4
10.4015 6
10.4015 4
10.4291 6
10.4291 4
10.4436 6
10.4436 4
10.4604 6
10.4604 4
10.4748 6
10.4748 4
10.4916 6
10.4916 4
10.506 6
10.506 4
10.5217 6
10.5217 4
10.5373 6
10.5373 4
10.5529 6
10.5529 4
10.5697 6
10.5697 4
10.589 6
10.589 4
10.6022 6
10.6022 4
10.6178 6
10.6178 4
10.6334 6
10.6334 4
10.6502 6
10.6502 4
10.8349 153
10.8349 129.907
10.8611 127.154
11.0437 118.999
11.0584 111.862
11.0731 105.617
11.0911 100.29
11.1057 95.5939
11.1172 91.3833
11.1322 87.6989
11.1476 84.509
11.162 81.7175
11.176 79.2072
11.1906 77.0449
11.2062 75.1865
11.2208 73.5269
11.2356 72.1084
11.2507 70.8674
11.2644 69.7472
11.28 68.8011
11.2968 68.0414
11.31 67.3425
11.3268 66.7652
11.3413 66.2942
11.3569 65.8819
11.3713 67.5214
11.3821 67.1036
11.3981 66.7721
11.4117 66.4137
11.4257 66.1008
11.4404 65.8267
11.4564 65.6202
11.4698 65.4061
11.4878 65.3211
11.5022 65.2465
11.5166 65.1471
11.5323 65.1285
11.5479 65.1119
11.6933 64.9358
11.7341 65.3474
11.7618 63.3474
11.805 64.7583
11.8651 64.9945
13.3214 66.9945
13.5485 64.9945
15.0842 66.9945
15.3125 64.9945
15.679 64.5594
16.8626 66.5594
17.0848 64.5594
18.6145 66.5594
18.6493 62.2956
18.8284 60.2956
20.3904 62.2956
20.6139 60.2956
21.1439 58.6195
21.5596 60.6195
21.5596 4
21.5764 6
21.5764 4
21.5908 6
21.5908 4
21.6065 6
21.6065 4
21.6245 6
21.6245 4
21.6437 6
21.6437 4
21.6641 6
21.6641 4
21.687 6
21.687 4
21.7074 6
21.7074 4
21.7278 6
21.7278 4
21.7495 6
21.7495 4
21.7687 6
21.7687 4
21.7927 6
21.7927 4
21.8119 6
21.8119 4
21.8288 6
21.8288 4
21.8444 6
21.8444 4
21.8624 6
21.8624 4
21.878 6
21.878 4
21.8961 6
21.8961 4
21.9129 6
21.9129 4
21.9309 6
21.9309 4
21.9465 6
21.9465 4
21.9645 6
21.9645 4
21.9802 6
21.9802 4
21.9898 6
21.9898 4
22.0042 6
22.0042 4
22.0162 6
22.0162 4
22.2057 153
22.2057 125.052
22.2257 122.657
22.4151 114.544
22.4332 107.509
22.447 101.259
22.4631 95.8218
22.4805 91.0953
22.4961 86.9599
22.5117 83.3094
22.5268 80.0843
22.5432 77.2935
22.5596 74.8833
22.5744 72.7431
22.5914 70.9012
22.6079 69.2901
22.6221 67.8488
22.6393 66.6188
22.654 65.48
22.6699 64.4834
22.688 63.6747
22.7048 62.9979
22.7204 62.4061
22.7384 61.951
22.7552 61.5836
22.7697 61.2314
22.7841 60.8916
22.7983 60.5318
22.8147 60.2162
22.8291 59.9095
22.8456 59.6409
22.862 59.4054
22.8769 59.1685
22.8934 58.9924
22.9119 58.9012
22.9252 58.7583
22.9432 58.6961
22.9636 58.7244
22.9768 60.7244
23.3409 58.7244
23.3565 59.2079
23.4202 59.2383
23.5031 59.9634
24.8934 61.9634
25.1109 59.9634
26.6633 61.9634
26.8916 59.9634
27.5405 58.6858
28.4585 60.6858
28.6868 58.6858
30.2237 60.6858
30.4376 58.6858
31.2498 58.5919
31.9576 60.5919
32.1727 58.5919
32.9537 60.5919
32.9537 4
32.9669 6
32.9669 4
32.9838 6
32.9838 4
32.9994 6
32.9994 4
33.0138 6
33.0138 4
33.0282 6
33.0282 4
33.0426 6
33.0426 4
33.0582 6
33.0582 4
33.0739 6
33.0739 4
33.0883 6
33.0883 4
33.1015 6
33.1015 4
33.1147 6
33.1147 4
33.1279 6
33.1279 4
33.1436 6
33.1436 4
33.1568 6
33.1568 4
33.17 6
33.17 4
33.1844 6
33.1844 4
33.1988 6
33.1988 4
33.2157 6
33.2157 4
33.2301 6
33.2301 4
33.2457 6
33.2457 4
33.2649 6
33.2649 4
33.2878 6
33.2878 4
33.3058 6
33.3058 4
33.3238 6
33.3238 4
33.3406 6
33.3406 4
33.3574 6
33.3574 4
33.3695 6
33.3695 4
33.3839 6
33.3839 4
33.5789 153
33.5789 109.807
33.5949 103.256
33.7887 97.5566
33.8044 92.5691
33.8203 88.2051
33.8372 84.4178
33.8522 81.0725
33.8682 78.1457
33.8841 75.5843
33.9001 73.3432
33.916 71.3826
33.9328 69.6671
33.9479 68.134
33.9655 66.8557
33.9823 65.7686
33.9968 64.6948
34.0128 63.8087
34.0277 63.0014
34.0436 62.2956
34.0599 61.6782
34.0757 61.1374
34.0915 60.6644
34.1074 60.2818
34.1242 59.9786
34.1399 59.6816
34.1553 59.422
34.1728 59.2258
34.1896 59.0856
34.2064 58.9945
34.2232 58.9461
34.2389 58.8722
34.2533 58.7762
34.2675 58.6298
34.283 58.5014
34.299 58.3577
34.3156 58.2638
34.332 58.1816
34.3469 58.078
34.7714 60.078
34.8375 59.8619
35.1234 58.9986
35.1823 59.7541
35.2424 61.4289
35.3325 62.5186
36.6663 64.5186
36.8826 62.5186
38.411 64.5186
38.6381 62.5186
39.5549 61.279
40.181 63.279
40.4045 61.279
41.9545 63.279
42.1732 61.279
42.4869 57.817
43.6969 59.817
43.9131 57.817
44.1727 58.1312
44.3746 60.1312
44.3746 4
44.395 6
44.395 4
44.4166 6
44.4166 4
44.4382 6
44.4382 4
44.4599 6
44.4599 4
44.4815 6
44.4815 4
44.5067 6
44.5067 4
44.5284 6
44.5284 4
44.5524 6
44.5524 4
44.5776 6
44.5776 4
44.6017 6
44.6017 4
44.6209 6
44.6209 4
44.6401 6
44.6401 4
44.6569 6
44.6569 4
44.6714 6
44.6714 4
44.6882 6
44.6882 4
44.7026 6
44.7026 4
44.7182 6
44.7182 4
44.7338 6
44.7338 4
44.7495 6
44.7495 4
44.7615 6
44.7615 4
44.7747 6
44.7747 4
44.7855 6
44.7855 4
44.7999 6
44.7999 4
44.8131 6
44.8131 4
45.009 153
45.009 119.835
45.0226 118.318
45.2185 110.704
45.2348 104.073
45.2504 98.2707
45.2663 93.1941
45.2824 88.7521
45.2982 84.8646
45.3142 81.4641
45.3301 78.4883
45.3461 75.884
45.362 73.6057
45.3787 71.6119
45.395 69.8674
45.4121 68.404
45.4289 67.1229
45.4445 66.0028
45.4578 64.9282
45.4743 64.0193
45.4905 63.2238
45.5068 62.5276
45.5217 61.8874
45.5385 61.3591
45.554 60.8957
45.5702 62.5228
45.586 62.1954
45.6013 61.8785
45.619 61.663
45.6351 61.4751
45.6519 61.3108
45.6687 61.1975
45.6855 61.1305
45.7012 61.0718
45.7132 60.895
45.7296 60.7403
45.7451 60.6043
45.7629 60.5173
45.7768 60.3785
45.7907 60.2569
45.8032 60.8128
45.8151 60.6865
45.8301 60.672
45.8578 62.672
45.8734 63.2452
45.9467 65.2452
45.9623 65.8488
46.0933 63.8488
47.6325 65.8488
47.85 63.8488
49.3737 65.8488
49.59 63.8488
50.1811 62.8695
51.1232 64.8695
51.3431 62.8695
52.9004 64.8695
53.1179 62.8695
53.56 58.7362
53.5901 58.7486
54.6571 60.7486
54.8806 58.7486
55.8431 60.7486
55.8431 4
55.8587 6
55.8587 4
55.8731 6
55.8731 4
55.8887 6
55.8887 4
55.9068 6
55.9068 4
55.92 6
55.92 4
55.9356 6
55.9356 4
55.9512 6
55.9512 4
55.9656 6
55.9656 4
55.9825 6
55.9825 4
56.0041 6
56.0041 4
56.0233 6
56.0233 4
56.0462 6
56.0462 4
56.0642 6
56.0642 4
56.0834 6
56.0834 4
56.0978 6
56.0978 4
56.1158 6
56.1158 4
56.1315 6
56.1315 4
56.1459 6
56.1459 4
56.1603 6
56.1603 4
56.1771 6
56.1771 4
56.1915 6
56.1915 4
56.206 6
56.206 4
56.218 6
56.218 4
56.2324 6
56.2324 4
56.2468 6
56.2468 4
56.2624 6
56.2624 4
56.2781 6
56.2781 4
56.2901 6
56.2901 4
56.4874 153
56.4874 116.499
56.5032 109.235
56.697 102.847
56.7125 97.2583
56.7297 92.4316
56.744 88.1443
56.7601 84.4247
56.7781 81.2341
56.7937 78.442
56.8077 75.9351
56.8226 73.7106
56.8384 71.7631
56.8544 70.0919
56.871 68.6609
56.8856 67.3446
56.9032 66.2887
56.917 65.3018
56.9337 64.4372
56.9485 63.6499
56.9682 63.1195
56.9814 62.5594
56.9995 62.134
57.0175 61.8246
57.0319 63.5221
57.0487 63.2894
57.0608 62.9586
57.0744 62.6057
57.0901 62.3287
57.1072 62.1181
57.1225 61.9019
57.1373 61.7127
57.1531 61.547
57.1715 61.6899
57.1859 61.5546
57.2076 61.9696
57.3938 62.6692
57.4527 64.5898
57.4863 62.5898
57.5356 63.2058
59.0472 65.2058
59.2743 63.2058
60.8064 65.2058
61.0275 63.2058
61.889 61.9123
62.5703 63.9123
62.7986 61.9123
64.3499 63.9123
64.565 61.9123
64.8101 58.0131
66.1222 60.0131
66.3433 58.0131
66.6533 58.0898
67.1965 60.0898
67.1965 4
67.2133 6
67.2133 4
67.2313 6
67.2313 4
67.2469 6
67.2469 4
67.2662 6
67.2662 4
67.2806 6
67.2806 4
67.2986 6
67.2986 4
67.3166 6
67.3166 4
67.3323 6
67.3323 4
67.3467 6
67.3467 4
67.3635 6
67.3635 4
67.3791 6
67.3791 4
67.3935 6
67.3935 4
67.4104 6
67.4104 4
67.4272 6
67.4272 4
67.4452 6
67.4452 4
67.4632 6
67.4632 4
67.4788 6
67.4788 4
67.4957 6
67.4957 4
67.5185 6
67.5185 4
67.5389 6
67.5389 4
67.5545 6
67.5545 4
67.5702 6
67.5702 4
67.5858 6
67.5858 4
67.5978 6
67.5978 4
67.6122 6
67.6122 4
67.6302 6
67.6302 4
67.6411 6
67.6411 4
67.6543 6
67.6543 4
67.8506 153
67.8506 115.831
67.8667 108.468
68.0607 102.055
68.0763 96.4448
68.0924 91.5352
68.1089 87.2396
68.1265 83.5117
68.1445 80.3122
68.159 77.4503
68.1729 74.884
68.1894 72.6692
68.2054 70.732
68.2222 69.0677
68.2379 67.5801
68.2551 66.3412
68.27 65.2258
68.2866 64.2182
68.3017 63.3059
68.3191 62.5698
68.3352 61.9261
68.352 61.3626
68.3712 60.9938
68.3856 60.6084
68.4025 60.3025
68.4169 59.9731
68.4315 59.654
68.4466 59.3122
68.4636 59.0442
68.4805 58.8405
68.4949 58.6008
68.5116 58.422
68.5271 58.2652
68.5451 58.1899
68.5607 58.0939
68.5775 58.0401
68.8403 60.0401
69.1695 58.0401
69.2657 58.4627
69.3149 58.7535
69.4279 58.8011
70.7244 60.8011
70.9491 58.8011
72.486 60.8011
72.7094 58.8011
73.5121 57.7196
74.2463 59.7196
74.465 57.7196
76.0331 59.7196
76.2506 57.7196
76.3203 56.5525
77.8114 58.5525
78.0349 56.5525
78.3498 57.3128
78.5889 59.3128
78.5889 4
78.6129 6
78.6129 4
78.6369 6
78.6369 4
78.6598 6
78.6598 4
78.6802 6
78.6802 4
78.703 6
78.703 4
78.7223 6
78.7223 4
78.7403 6
78.7403 4
78.7595 6
78.7595 4
78.7751 6
78.7751 4
78.7907 6
78.7907 4
78.8088 6
78.8088 4
78.8244 6
78.8244 4
78.8364 6
78.8364 4
78.852 6
78.852 4
78.8652 6
78.8652 4
78.8797 6
78.8797 4
78.8929 6
78.8929 4
78.9085 6
78.9085 4
78.9205 6
78.9205 4
78.9349 6
78.9349 4
78.9506 6
78.9506 4
78.965 6
78.965 4
78.9818 6
78.9818 4
78.995 6
78.995 4
79.0082 6
79.0082 4
79.1965 153
79.1965 116.606
79.2179 113.357
79.4062 106.244
79.4226 100.021
79.44 94.5746
79.4551 89.8094
79.4715 85.6402
79.4878 81.9613
79.5041 78.7728
79.5211 76.0138
79.5368 73.538
79.5531 71.4026
79.5696 69.5338
79.5867 67.8992
79.6058 66.5601
79.6214 65.3888
79.6358 64.2721
79.651 63.2949
79.6696 62.5007
79.6839 61.7141
79.7011 61.0877
79.7163 60.5083
79.7329 59.971
79.7502 59.5615
79.7653 59.1733
79.782 58.864
79.798 58.5318
79.816 58.3032
79.834 58.1941
79.8508 58.0684
79.8689 58.02
79.8857 58.0076
79.8965 57.8135
79.9122 57.6436
79.9286 57.4952
79.9449 57.3343
79.9629 57.2548
79.9776 57.1547
79.9941 57.067
80.0107 56.9903
80.1938 58.9903
80.531 59.4517
80.5899 61.0746
80.6403 59.0746
80.6548 59.8308
82.1519 61.8308
82.367 59.8308
83.9015 61.8308
84.1142 59.8308
84.6164 58.7224
85.663 60.7224
85.8817 58.7224
87.3945 57.116
87.4089 59.116
87.6252 57.116
89.1585 59.116
89.3796 57.116
90.0164 59.116
90.0164 4
90.0393 6
90.0393 4
90.0609 6
90.0609 4
90.0801 6
90.0801 4
90.0981 6
90.0981 4
90.1113 6
90.1113 4
90.1294 6
90.1294 4
90.1438 6
90.1438 4
90.1558 6
90.1558 4
90.1714 6
90.1714 4
90.187 6
90.187 4
90.2027 6
90.2027 4
90.2195 6
90.2195 4
90.2339 6
90.2339 4
90.2495 6
90.2495 4
90.2603 6
90.2603 4
90.2772 6
90.2772 4
90.2928 6
90.2928 4
90.306 6
90.306 4
90.3204 6
90.3204 4
90.336 6
90.336 4
90.3505 6
90.3505 4
90.3649 6
90.3649 4
90.3781 6
90.3781 4
90.3925 6
90.3925 4
90.4093 6
90.4093 4
90.4262 6
90.4262 4
90.4406 6
90.4406 4
90.6466 5
90.6466 4
90.6761 153
90.6761 115.502
90.8488 113.97
90.8857 106.765
90.9026 100.492
90.9183 95.0028
90.9346 90.1996
90.9509 85.9662
90.9672 82.2928
90.9835 79.0787
90.9998 76.2355
91.0169 73.7783
91.0327 71.6285
91.0486 69.7472
91.0674 68.1623
91.0817 66.7141
91.101 65.5394
91.1178 64.5117
91.13 63.52
91.1463 62.6519
91.1634 61.9233
91.1789 61.2244
91.1959 60.6436
91.2115 60.136
91.2289 59.6913
91.244 59.3018
91.2603 58.9613
91.278 58.6941
91.2952 58.491
91.3121 58.1657
91.3289 58.0373
91.3457 57.9254
91.3637 57.8881
91.377 57.7645
91.3912 57.625
91.4069 57.442
91.4232 57.3128
91.4399 57.1989
91.456 57.0698
91.4729 56.9862
91.4883 56.9137
91.6758 58.9137
92.0724 60.9137
92.0881 61.5677
92.1349 59.5677
92.2334 59.7735
93.6573 61.7735
93.8748 59.7735
95.4153 61.7735
95.634 59.7735
96.2816 57.9952
97.19 59.9952
97.4183 57.9952
98.9432 59.9952
99.0597 59.5725
99.1583 57.5725
