0.200158 10
0.40287 11
0.41626 13
0.435486 15
0.454712 17
0.473937 19
0.620854 21
0.636475 23
0.654499 25
0.673724 27
0.69295 29
0.712175 31
0.731401 33
0.750627 35
0.805858 37
0.822348 39
0.836767 41
0.853589 43
0.871613 45
0.889637 47
0.908863 49
0.926887 51
0.946112 53
0.965338 55
0.98216 57
1.00139 59
1.05426 61
1.07348 63
1.09151 65
1.10953 67
1.12996 69
1.14558 71
2.95879 72.9503
3.14867 59
3.14867 58
3.14867 59
3.16669 58
3.18592 55
3.20394 54
3.22437 53
3.24119 52
3.26162 51
3.26522 50
3.34213 49
3.35775 48
3.37337 47
3.39139 46
3.41182 45
3.4719 44
3.49233 43
3.50194 38
3.50554 37
3.55361 36
3.56562 35
3.61489 34
3.61489 35
3.62691 34
3.62691 35
3.62931 34
3.62931 35
3.63291 36
3.63652 37
3.64012 38
3.64733 39
3.65214 38
3.65214 39
3.65815 38
3.65815 39
3.66656 38
3.66656 39
3.67257 38
3.67257 39
3.67978 38
3.67978 39
3.68578 38
3.68578 39
3.69299 38
3.69299 39
3.7014 38
3.7014 39
3.70861 38
3.70861 39
3.71582 38
3.71582 39
3.72423 38
3.72423 39
3.73144 38
3.73144 39
3.73745 38
3.73745 39
3.74707 38
3.74707 39
3.75427 38
3.75427 39
3.76509 38
3.76509 39
3.7759 38
3.7759 39
3.78792 38
3.78792 39
3.80474 38
3.80474 39
3.82637 38
3.82637 39
3.848 38
3.848 39
3.85641 38
3.85641 39
3.86482 38
3.86482 39
3.87564 38
3.87564 39
3.88405 38
3.88405 39
3.89245 38
3.89245 39
3.90085 38
3.90085 39
3.91166 72.9503
3.91166 26.5117
3.91166 27.5117
3.93089 29.5117
3.94891 31.5117
3.96693 33.5117
3.98376 35.5117
4.00058 37.5117
4.0186 39.5117
4.03422 41.5117
4.04864 43.5117
4.06306 45.5117
4.07868 47.5117
4.0895 49.5117
4.10392 51.5117
4.11954 52.1381
5.31873 54.1381
5.53142 52.1381
5.93035 52.2341
6.97935 54.2341
7.19924 52.2341
8.64116 54.2341
8.84183 52.2341
10.202 54.2341
10.202 4
10.2189 6
10.2189 4
10.2381 6
10.2381 4
10.2549 6
10.2549 4
10.2753 6
10.2753 4
10.291 6
10.291 4
10.3078 6
10.3078 4
10.3234 6
10.3234 4
10.3426 6
10.3426 4
10.3606 6
10.3606 4
10.3787 6
10.3787 4
10.3979 6
10.3979 4
10.4147 6
10.4147 4
10.4327 6
10.4327 4
10.4484 6
10.4484 4
10.4664 6
10.4664 4
10.4856 6
10.4856 4
10.5024 6
10.5024 4
10.5193 6
10.5193 4
10.5385 6
10.5385 4
10.5553 6
10.5553 4
10.5745 6
10.5745 4
10.5914 6
10.5914 4
10.613 6
10.613 4
10.6298 6
10.6298 4
10.6478 6
10.6478 4
10.8399 72.9503
10.8399 74.9503
10.8587 76.9503
11.05 78.9503
11.0681 80.9503
11.0863 82.9503
11.1033 80.0822
11.1196 76.8225
11.1361 73.9413
11.1534 71.4199
11.1706 69.2141
11.1878 67.2838
11.205 65.6236
11.2222 64.1423
11.2404 62.875
11.2569 61.7369
11.2764 60.8287
11.292 59.9758
11.3112 59.2873
11.328 58.6851
11.3461 58.1872
11.3641 57.7804
11.3785 57.308
11.3945 58.866
11.4141 58.5663
11.4305 58.2749
11.4461 57.962
11.4641 54.8501
11.4818 54.6478
11.4998 54.4986
11.5178 54.395
11.5371 54.3591
11.5539 54.3011
11.6284 55.1685
11.7281 56.1388
11.8002 54.1388
11.8182 54.2196
11.9108 54.3467
13.3515 56.3467
13.575 54.3467
15.1467 56.3467
15.3738 54.3467
15.703 53.3273
16.9779 55.3273
17.199 53.3273
18.7887 55.3273
19.0122 53.3273
19.16 52.3432
20.6007 54.3432
20.8314 52.3432
21.1222 50.9772
21.1378 51.0863
21.562 53.0863
21.562 4
21.58 6
21.58 4
21.5993 6
21.5993 4
21.6185 6
21.6185 4
21.6389 6
21.6389 4
21.6557 6
21.6557 4
21.6762 6
21.6762 4
21.6942 6
21.6942 4
21.7134 6
21.7134 4
21.7326 6
21.7326 4
21.7531 6
21.7531 4
21.7735 6
21.7735 4
21.7915 6
21.7915 4
21.8107 6
21.8107 4
21.8324 6
21.8324 4
21.8504 6
21.8504 4
21.8732 6
21.8732 4
21.8912 6
21.8912 4
21.9105 6
21.9105 4
21.9321 6
21.9321 4
21.9513 6
21.9513 4
21.9706 6
21.9706 4
21.9862 6
21.9862 4
21.9994 6
21.9994 4
22.015 6
22.015 4
22.2009 72.9503
22.2009 74.9503
22.2269 76.9503
22.4117 78.9503
22.4308 80.9503
22.4495 82.9503
22.4682 82.3218
22.4877 78.3142
22.5081 74.8605
22.5244 71.759
22.5444 69.0718
22.562 66.6934
22.5807 64.6126
22.6006 62.8184
22.6181 61.2486
22.6369 59.8481
22.6564 58.6499
22.6743 57.5746
22.6952 56.7134
22.7156 55.9869
22.736 55.4047
22.754 54.8681
22.7733 54.4254
22.7877 53.9047
22.8055 53.4227
22.8247 53.0007
22.8432 52.6581
22.8632 52.3847
22.8808 52.0925
22.8996 51.837
22.9204 51.6934
22.9408 51.5939
22.9588 51.4807
23.0189 53.4807
23.1294 53.4613
23.1487 53.4448
23.4154 51.4448
24.4944 51.3722
24.9799 53.3722
25.201 51.3722
26.5924 49.3791
26.8087 51.3791
27.0274 49.3791
28.6243 51.3791
28.8442 49.3791
30.4147 51.3791
30.6406 49.3791
30.8197 49.3743
30.9422 49.4834
32.2063 51.4834
32.4322 49.4834
33.152 51.4834
33.152 4
33.1676 6
33.1676 4
33.1856 6
33.1856 4
33.2036 6
33.2036 4
33.2217 6
33.2217 4
33.2409 6
33.2409 4
33.2601 6
33.2601 4
33.2781 6
33.2781 4
33.2974 6
33.2974 4
33.3178 6
33.3178 4
33.337 6
33.337 4
33.3562 6
33.3562 4
33.3731 6
33.3731 4
33.3899 6
33.3899 4
33.4031 6
33.4031 4
33.4163 6
33.4163 4
33.4307 6
33.4307 4
33.444 6
33.444 4
33.4572 6
33.4572 4
33.4716 6
33.4716 4
33.4848 6
33.4848 4
33.4992 6
33.4992 4
33.5125 6
33.5125 4
33.7007 72.9503
33.7007 74.9503
33.7237 76.9503
33.912 78.9503
33.9316 79.143
33.9528 75.3191
33.9727 71.9738
33.9932 69.0974
34.0098 66.4779
34.0294 64.1865
34.0491 62.2065
34.0688 60.4489
34.0881 58.9365
34.1087 57.6133
34.1278 56.4551
34.1468 55.4164
34.1668 54.5069
34.1872 53.7631
34.2088 53.1374
34.2293 52.6409
34.2485 52.1809
34.2651 51.7279
34.2854 51.3308
34.3045 50.9834
34.3228 50.6291
34.3433 50.3439
34.3628 50.0946
34.3847 49.9275
34.4039 49.7811
34.4255 49.7044
34.4448 49.6374
34.4652 49.6043
34.4856 49.5746
34.5613 49.5573
34.5771 49.4068
34.5983 49.2997
34.6188 49.232
34.6392 49.1982
34.6584 49.1436
34.9264 51.1436
35.1883 49.1436
35.4238 49.741
36.8021 51.741
37.0232 49.741
38.6105 51.741
38.846 49.741
39.9515 47.482
40.4333 49.482
40.652 47.482
42.2321 49.482
42.4003 48.0656
42.464 46.0656
44.0513 48.0656
44.282 46.0656
44.5921 46.5304
44.6666 48.5304
44.6666 4
44.6834 6
44.6834 4
44.7002 6
44.7002 4
44.7146 6
44.7146 4
44.735 6
44.735 4
44.7759 6
44.7759 4
44.7975 6
44.7975 4
44.818 6
44.818 4
44.8324 6
44.8324 4
44.8456 6
44.8456 4
44.86 6
44.86 4
44.8768 6
44.8768 4
44.8925 6
44.8925 4
44.9057 6
44.9057 4
44.9189 6
44.9189 4
44.9333 6
44.9333 4
44.9465 6
44.9465 4
44.9609 6
44.9609 4
44.9754 6
44.9754 4
44.9838 6
44.9838 4
45.1871 72.9503
45.1871 74.9503
45.2085 72.5836
45.3989 69.2749
45.4217 66.453
45.4421 63.9841
45.4608 61.7749
45.481 59.8177
45.5036 58.1775
45.5229 56.6941
45.5426 55.3964
45.5631 54.2604
45.5836 53.2666
45.6042 52.3971
45.6255 51.6609
45.6483 51.0649
45.6699 50.5684
45.6903 50.1333
45.7084 49.6796
45.7284 51.2831
45.7478 50.8874
45.7689 50.5649
45.7895 50.2831
45.8099 50.0366
45.8326 49.8695
45.8554 49.7963
45.8782 49.7811
46.145 47.7811
47.7034 47.6326
47.7479 49.6326
47.9714 47.6326
49.5924 49.6326
49.8135 47.6326
50.5669 45.8087
51.4164 47.8087
51.6447 45.8087
53.2681 47.8087
53.4855 47.6022
53.5048 45.6022
55.1089 47.6022
55.348 45.6022
55.6424 45.8992
55.9008 47.8992
55.9008 4
55.9308 6
55.9308 4
55.9572 6
55.9572 4
55.9861 6
55.9861 4
56.0149 6
56.0149 4
56.0449 6
56.0449 4
56.0726 6
56.0726 4
56.0954 6
56.0954 4
56.1146 6
56.1146 4
56.1327 6
56.1327 4
56.1519 6
56.1519 4
56.1735 6
56.1735 4
56.1939 6
56.1939 4
56.2132 6
56.2132 4
56.23 6
56.23 4
56.2504 6
56.2504 4
56.2721 6
56.2721 4
56.2889 6
56.2889 4
56.3021 6
56.3021 4
56.3141 6
56.3141 4
56.3237 6
56.3237 4
56.5263 72.9503
56.5263 74.9503
56.5478 76.9503
56.7401 76.317
56.7637 72.4316
56.7841 69.0097
56.8034 65.9682
56.8252 63.3073
56.8459 60.9551
56.8674 58.8971
56.8893 57.1202
56.9104 55.5414
56.9325 54.1837
56.9555 53.0193
56.9778 52.0235
57.0007 51.1747
57.0223 50.4565
57.0463 49.8971
57.062 49.2445
57.0821 48.674
57.1036 50.1512
57.1251 49.7175
57.147 49.3377
57.1691 49.0283
57.1931 48.8046
57.2172 48.6789
57.2412 48.6153
57.264 48.6057
57.4719 48.6906
57.5404 49.2065
57.5644 47.2065
57.6329 47.6588
59.1914 49.6588
59.4233 47.6588
61.0791 49.6588
61.3074 47.6588
62.1053 46.3046
62.938 48.3046
63.1783 46.3046
63.4919 46.6906
64.7849 48.6906
65.0192 46.6906
65.4493 46.788
66.6377 48.788
66.8744 46.788
67.2361 48.5207
67.2734 50.5207
67.2734 4
67.2938 6
67.2938 4
67.313 6
67.313 4
67.3371 6
67.3371 4
67.3815 6
67.3815 4
67.4116 6
67.4116 4
67.4404 6
67.4404 4
67.4716 6
67.4716 4
67.5017 6
67.5017 4
67.5293 6
67.5293 4
67.5594 6
67.5594 4
67.5822 6
67.5822 4
67.605 6
67.605 4
67.6242 6
67.6242 4
67.6447 6
67.6447 4
67.6591 6
67.6591 4
67.6723 6
67.6723 4
67.6855 6
67.6855 4
67.6927 6
67.6927 4
67.887 72.9503
67.887 74.9503
67.9075 76.9503
68.0988 78.9503
68.1193 80.9503
68.1421 78.2217
68.1614 74.2576
68.1809 70.7396
68.2014 67.6858
68.2234 65.0387
68.2425 62.6975
68.264 60.6733
68.2842 58.9026
68.3041 57.3287
68.3262 56
68.3484 54.8619
68.37 53.9144
68.3904 53.0615
68.4109 52.3149
68.4272 51.5642
68.4478 50.9075
68.4683 50.3329
68.4888 49.8059
68.5104 49.393
68.5308 49.0076
68.5523 48.7196
68.5739 48.4669
68.5943 48.2707
68.6184 48.172
68.6388 48.0849
68.6604 48.0338
68.7013 47.9924
68.7193 47.904
68.7355 47.7044
68.7574 47.5787
68.779 47.4938
68.8006 47.4434
68.8223 47.4233
68.934 49.4233
69.2272 47.4233
69.5288 47.9468
70.8157 49.9468
71.0344 47.9468
72.6734 49.9468
72.9101 47.9468
74.0985 45.3564
74.5227 47.3564
74.7522 45.3564
75.1223 45.4586
75.1787 45.5566
75.198 45.7548
76.3479 47.7548
76.5858 45.7548
77.0112 45.855
77.0304 46.0559
78.2224 48.0559
78.4567 46.0559
78.8148 46.1575
78.8328 48.1575
78.8328 4
78.846 6
78.846 4
78.8616 6
78.8616 4
78.8773 6
78.8773 4
78.8977 6
78.8977 4
78.9373 6
78.9373 4
78.9638 6
78.9638 4
78.9902 6
78.9902 4
79.0118 6
79.0118 4
79.0299 6
79.0299 4
79.0467 6
79.0467 4
79.0659 6
79.0659 4
79.0815 6
79.0815 4
79.0948 6
79.0948 4
79.1092 6
79.1092 4
79.1248 6
79.1248 4
79.1392 6
79.1392 4
79.1536 6
79.1536 4
79.1656 6
79.1656 4
79.3551 72.9503
79.3551 74.9503
79.3772 76.9503
79.5684 78.9503
79.5891 75.2148
79.6094 71.7541
79.631 68.7756
79.6481 66.0953
79.6684 63.75
79.6886 61.6975
79.7076 59.8522
79.7277 58.2369
79.7478 56.8246
79.7679 55.5877
79.7881 54.5311
79.8088 53.6064
79.8304 52.8467
79.852 52.232
79.8737 51.6941
79.8917 51.1733
79.9096 50.6685
79.9298 50.2265
79.9502 49.8646
79.9692 49.5228
79.9893 49.2238
80.0095 48.9627
80.0316 48.759
80.0532 48.6298
80.0736 48.5173
80.0941 48.4434
80.1157 48.404
80.1361 48.3943
80.2107 48.241
80.2318 48.1029
80.2534 48.0311
80.2726 47.9434
80.2955 47.9413
80.3159 47.9399
80.358 49.9399
80.6463 47.9399
82.0162 47.308
82.2733 49.308
82.4908 47.308
84.0577 49.308
84.2944 47.308
85.0827 46.1975
85.8505 48.1975
86.0848 46.1975
86.5222 46.2963
87.6445 48.2963
87.88 46.2963
88.1768 47.2051
89.4757 49.2051
89.692 47.2051
90.1366 47.308
90.3252 49.308
90.3252 4
90.3493 6
90.3493 4
90.3697 6
90.3697 4
90.3889 6
90.3889 4
90.4069 6
90.4069 4
90.4298 6
90.4298 4
90.4454 6
90.4454 4
90.4586 6
90.4586 4
90.473 6
90.473 4
90.485 6
90.485 4
90.4995 6
90.4995 4
90.5127 6
90.5127 4
90.5259 6
90.5259 4
90.5403 6
90.5403 4
90.5535 6
90.5535 4
90.5668 6
90.5668 4
90.5824 6
90.5824 4
90.5968 6
90.5968 4
90.6112 6
90.6112 4
90.6232 6
90.6232 4
90.6376 6
90.6376 4
90.6509 6
90.6509 4
90.85 72.9503
90.85 74.9503
90.8706 72.8432
91.0638 69.6008
91.0865 66.8128
91.107 64.3736
91.1243 62.1651
91.1439 60.2086
91.1658 58.5214
91.1847 57.02
91.206 55.7314
91.2251 54.5787
91.2476 53.6195
91.2659 52.7072
91.288 51.9572
91.3073 51.2762
91.3313 50.779
91.3529 50.3681
91.3721 49.9841
91.3885 49.5504
91.4094 49.1706
91.4294 48.8384
91.4498 48.5235
91.4702 48.2721
91.4931 48.1257
91.5123 47.9482
91.5352 47.9316
91.5544 47.8108
91.5772 47.779
91.5977 47.7265
91.695 47.6188
91.7168 47.5131
91.7408 47.6305
91.76 47.614
91.8465 49.614
92.1385 47.614
93.709 49.614
93.9265 47.614
95.5186 49.614
95.7313 46.9606
95.7517 44.9606
96.0329 45.0566
96.1014 45.1499
96.1603 45.5256
96.1783 45.7169
97.3318 47.7169
97.5505 45.7169
97.9927 45.846
99.1487 47.846
99.3697 45.846
99.6713 46.1499
99.7807 46.7721
