0.200297 10
0.409008 11
0.427075 13
0.4463 15
0.465526 17
0.484752 19
0.63287 21
0.649692 23
0.668918 25
0.688143 27
0.707369 29
0.726595 31
0.74582 33
0.765046 35
0.812735 37
0.835565 39
0.851186 41
0.870412 43
0.890839 45
0.910064 47
0.92929 49
0.948516 51
0.967741 53
0.986967 55
1.0086 57
1.0855 59
1.10472 61
1.12395 63
1.14317 65
1.28016 67
1.81488 66
1.81488 65
1.81488 66
2.44571 67
2.44571 2.96614e+06
2.5815 92
2.5815 91
2.5815 92
2.69205 91
2.98645 90
2.98645 67.163
3.02971 66.163
3.02971 67.163
3.07537 66.163
3.07537 67.163
3.0994 66.163
3.0994 67.163
3.10541 66.163
3.10541 67.163
3.13064 66.163
3.13064 67.163
3.13785 65.163
3.13785 66.163
3.14146 67.163
3.1727 62.163
3.1727 63.163
3.17631 61.163
3.17631 62.163
3.18351 63.163
3.18952 64.163
3.19313 63.163
3.19313 64.163
3.19553 63.163
3.19553 64.163
3.20274 65.163
3.21235 66.163
3.23398 65.163
3.23398 66.163
3.28685 64.163
3.28685 65.163
3.3205 64.163
3.3205 65.163
3.34333 60.163
3.34333 61.163
3.3998 60.163
3.3998 61.163
3.45988 62.163
3.48632 56.163
3.48632 57.163
3.50915 52.163
3.50915 53.163
3.51275 52.163
3.51275 51.1761
3.54664 1
3.59687 2
3.59687 4
3.64493 5
3.65334 6
3.66055 7
3.66776 8
3.67497 9
3.68338 10
3.69059 11
3.699 12
3.70741 13
3.71462 14
3.72303 15
3.73024 16
3.73865 17
3.74827 18
3.75788 19
3.76749 20
3.76869 21
3.7735 22
3.77711 23
3.78071 24
3.78191 25
3.81433 26
4.03783 8.5732
4.04744 8.62293
4.05705 9.62293
4.06667 10.6229
4.07748 11.6229
4.08589 12.6229
4.0943 13.6229
4.10151 14.6229
4.11233 15.6229
4.11834 16.6229
4.12795 17.6229
4.13516 18.6229
4.14237 19.6229
4.15078 20.6229
4.15799 21.6229
4.1652 22.6229
4.17361 23.6229
4.18202 24.6229
4.18923 25.6229
4.20005 26.6229
4.20966 27.6229
4.21687 28.6229
4.22408 29.6229
4.23369 30.6229
4.2445 31.6229
4.35986 33.6229
4.40312 35.6229
4.43676 37.6229
4.4656 38.8322
5.01113 40.8322
5.21299 38.8322
5.48095 40.1727
6.72941 42.1727
6.94931 40.1727
8.45371 42.1727
8.66159 40.1727
10.0602 40.0407
10.1552 42.0407
10.2008 44.0407
10.2008 4
10.2249 6
10.2249 4
10.2477 6
10.2477 4
10.2705 6
10.2705 4
10.2922 6
10.2922 4
10.3138 6
10.3138 4
10.3366 6
10.3366 4
10.3594 6
10.3594 4
10.3835 6
10.3835 4
10.4039 6
10.4039 4
10.4279 6
10.4279 4
10.452 6
10.452 4
10.476 6
10.476 4
10.4976 6
10.4976 4
10.5229 6
10.5229 4
10.5481 6
10.5481 4
10.5721 6
10.5721 4
10.5986 6
10.5986 4
10.619 6
10.619 4
10.637 6
10.637 4
10.8205 2.96614e+06
10.8205 1.99931
10.8205 4
10.8515 6
11.0334 8
11.0645 10
11.0899 12
11.2471 14
11.2716 16
11.2944 18
11.3172 20
11.3425 22
11.3653 24
11.46 26
11.4842 28
11.5082 30
11.5311 32
11.5575 34
11.5803 36
11.6068 38
11.6344 40
11.662 42
11.6897 44
11.7173 46
11.7461 47.1927
11.9696 45.1927
12.1439 46.1209
12.1931 46.8874
12.21 48.1768
12.2268 50.1768
12.2424 51.2604
13.6747 53.2604
13.9258 51.2604
14.2166 51.3494
14.2347 53.3494
14.2515 53.6671
14.2863 55.6671
14.3055 55.8377
15.6766 57.8377
15.9205 55.8377
16.1969 56.6706
16.2413 58.2037
16.287 58.7127
16.3026 58.8412
16.3531 59.0297
16.3675 59.4434
17.646 61.4434
17.8971 59.4434
17.95 59.5863
17.9836 59.7148
18.1555 59.8211
18.2011 60.2044
18.2168 62.1077
19.6431 64.1077
19.6731 64.9655
19.7043 65.076
19.8942 63.076
20.2691 64.3253
20.322 64.4675
20.3364 66.386
21.6509 68.386
21.6822 69.3605
21.6978 66.8957
21.6978 4
21.7146 6
21.7146 4
21.7302 6
21.7302 4
21.7459 6
21.7459 4
21.7639 6
21.7639 4
21.7783 6
21.7783 4
21.7963 6
21.7963 4
21.8131 6
21.8131 4
21.83 6
21.83 4
21.8456 6
21.8456 4
21.8636 6
21.8636 4
21.8792 6
21.8792 4
21.8949 6
21.8949 4
21.9117 6
21.9117 4
21.9285 6
21.9285 4
21.9441 6
21.9441 4
21.9633 6
21.9633 4
21.9778 6
21.9778 4
21.9886 6
21.9886 4
22.003 6
22.003 4
22.0138 6
22.0138 4
22.027 6
22.027 4
22.0342 6
22.0342 4
22.0438 6
22.0438 4
22.0511 6
22.0511 4
22.0547 6
22.0547 4
22.0595 6
22.0595 4
22.0643 6
22.0643 4
22.0679 6
22.0679 4
22.0703 6
22.0703 4
22.0727 6
22.0727 4
22.2718 2.96614e+06
22.2718 1.99931
22.2718 4
22.287 6
22.4829 8
22.4985 10
22.5129 12
22.694 14
22.7096 16
22.7264 18
22.7432 20
22.7589 22
22.7745 24
22.9044 26
22.9216 28
22.936 30
22.954 32
22.9696 34
22.984 36
23.0021 38
23.0153 40
23.0321 42
23.0513 44
23.0645 46
23.0802 48
23.115 50
23.1318 52
23.1499 54
23.1655 56
23.1835 58
23.2015 60
23.2159 62
23.2352 64
23.2508 65.3591
23.4214 63.3591
24.9859 59.9365
25.034 61.9365
25.2647 59.9365
26.8784 61.9365
27.1151 59.9365
27.5321 60.0539
27.5621 60.3294
28.7469 62.3294
28.9788 60.3294
29.2816 60.9151
29.3153 61.3287
29.3465 61.7479
29.3585 62.1733
29.3729 62.317
29.3886 62.4606
29.4186 62.8971
30.5757 64.8971
30.798 62.8971
31.09 63.5787
31.1561 63.8709
31.1681 64.3142
31.1801 64.614
31.2102 64.7645
31.2402 64.9164
32.4298 66.9164
32.6557 64.9164
32.9273 64.9627
32.9645 65.1105
32.9789 65.4088
32.9934 65.5594
33.0486 66.0145
33.0619 66.1678
33.1039 66.3218
33.2181 68.3218
33.2181 4
33.2385 6
33.2385 4
33.2565 6
33.2565 4
33.2745 6
33.2745 4
33.2938 6
33.2938 4
33.313 6
33.313 4
33.331 6
33.331 4
33.3478 6
33.3478 4
33.3611 6
33.3611 4
33.3743 6
33.3743 4
33.3863 6
33.3863 4
33.3971 6
33.3971 4
33.4067 6
33.4067 4
33.4175 6
33.4175 4
33.4271 6
33.4271 4
33.438 6
33.438 4
33.4476 6
33.4476 4
33.4584 6
33.4584 4
33.468 6
33.468 4
33.4788 6
33.4788 4
33.4884 6
33.4884 4
33.498 6
33.498 4
33.5088 6
33.5088 4
33.5185 6
33.5185 4
33.5269 6
33.5269 4
33.5317 6
33.5317 4
33.5365 6
33.5365 4
33.5413 6
33.5413 4
33.5461 6
33.5461 4
33.7501 2.96614e+06
33.7501 1.99931
33.7501 4
33.7645 6
33.9619 8
33.9763 10
33.9907 12
34.1716 14
34.186 16
34.2028 18
34.2172 20
34.2329 22
34.2461 24
34.3823 26
34.3967 28
34.4123 30
34.4267 32
34.4436 34
34.458 36
34.4736 38
34.488 40
34.5036 42
34.5181 44
34.5349 46
34.5481 48
34.5923 50
34.6068 52
34.6236 54
34.638 56
34.6524 58
34.668 60
34.6837 62
34.6981 64
34.7149 64.8322
35.1042 66.8322
35.3205 64.8322
35.5777 66.3785
35.6137 68.3785
35.6269 68.4309
36.9054 70.4309
37.1253 68.4309
38.6706 70.4309
38.8989 68.4309
39.9875 66.7479
40.4525 68.7479
40.67 66.7479
42.2273 68.7479
42.4448 66.7479
42.9471 63.5483
43.5154 63.5663
43.5755 64.0311
44.0129 66.0311
44.2328 64.0311
44.4899 64.5186
44.5692 65.5953
44.7206 67.5953
44.7206 4
44.7399 6
44.7399 4
44.7567 6
44.7567 4
44.7711 6
44.7711 4
44.7867 6
44.7867 4
44.8035 6
44.8035 4
44.8143 6
44.8143 4
44.8276 6
44.8276 4
44.836 6
44.836 4
44.8468 6
44.8468 4
44.8564 6
44.8564 4
44.866 6
44.866 4
44.8744 6
44.8744 4
44.8828 6
44.8828 4
44.8901 6
44.8901 4
44.8997 6
44.8997 4
44.9081 6
44.9081 4
44.9177 6
44.9177 4
44.9261 6
44.9261 4
44.9369 6
44.9369 4
44.9453 6
44.9453 4
44.9561 6
44.9561 4
44.9658 6
44.9658 4
44.9766 6
44.9766 4
44.9826 6
44.9826 4
44.9886 6
44.9886 4
44.9922 6
44.9922 4
44.997 6
44.997 4
45.0018 6
45.0018 4
45.1986 2.96614e+06
45.1986 1.99931
45.1986 4
45.2128 6
45.4085 8
45.4229 10
45.4385 12
45.6178 14
45.6327 16
45.6495 18
45.6639 20
45.6795 22
45.6928 24
45.8277 26
45.8458 28
45.8614 30
45.877 32
45.8926 34
45.9083 36
45.9263 38
45.9419 40
45.9575 42
45.9755 44
45.9948 46
46.0116 48
46.0669 50
46.0861 52
46.1029 54
46.1185 56
46.1342 58
46.1486 60
46.1642 62
46.1786 64
46.1942 66
46.2087 68
46.2267 69.2341
47.7515 68.1285
47.8128 70.1285
48.0507 68.1285
49.7065 70.1285
49.9492 68.1285
51.0992 67.6367
51.6255 69.6367
51.8682 67.6367
52.3104 67.6644
52.3236 67.9682
53.5192 69.9682
53.7511 67.9682
54.0948 68.1215
54.1068 68.5856
54.1356 68.7417
54.1801 69.0566
55.4225 71.0566
55.6604 69.0566
55.9801 71.0566
55.9801 4
55.9921 6
55.9921 4
56.0053 6
56.0053 4
56.0173 6
56.0173 4
56.0281 6
56.0281 4
56.0401 6
56.0401 4
56.057 6
56.057 4
56.0702 6
56.0702 4
56.0858 6
56.0858 4
56.1026 6
56.1026 4
56.1194 6
56.1194 4
56.1447 6
56.1447 4
56.1615 6
56.1615 4
56.1795 6
56.1795 4
56.1988 6
56.1988 4
56.2144 6
56.2144 4
56.2312 6
56.2312 4
56.2492 6
56.2492 4
56.266 6
56.266 4
56.2829 6
56.2829 4
56.2973 6
56.2973 4
56.3081 6
56.3081 4
56.3177 6
56.3177 4
56.3261 6
56.3261 4
56.3297 6
56.3297 4
56.3345 6
56.3345 4
56.3381 6
56.3381 4
56.3429 6
56.3429 4
56.3466 6
56.3466 4
56.5514 2.96614e+06
56.5514 1.99931
56.5514 4
56.5653 6
56.7613 8
56.7769 10
56.7913 12
56.9706 14
56.9875 16
57.0019 18
57.0163 20
57.0307 22
57.0451 24
57.1823 26
57.198 28
57.2112 30
57.228 32
57.2436 34
57.2592 36
57.2749 38
57.2917 40
57.3073 42
57.3241 44
57.3421 46
57.3578 48
57.4154 50
57.4323 52
57.4479 54
57.4647 56
57.4815 58
57.496 60
57.5128 62
57.5248 64
57.5392 66
57.556 68
57.5705 70
57.5837 71.9296
59.1157 68.0097
59.2227 70.0097
59.457 68.0097
61.1332 70.0097
61.3675 68.0097
61.8506 68.1761
63.057 70.1761
63.3009 68.1761
63.671 68.6222
63.695 69.0746
63.7359 69.3798
63.7479 69.6878
65.0108 71.6878
65.2463 69.6878
65.519 70.3128
65.5635 70.471
65.5923 70.6298
65.6212 70.9496
65.6464 71.1112
66.9261 73.1112
67.1688 71.1112
67.3298 73.1112
67.3298 4
67.3431 6
67.3431 4
67.3563 6
67.3563 4
67.3707 6
67.3707 4
67.3839 6
67.3839 4
67.3983 6
67.3983 4
67.4092 6
67.4092 4
67.4212 6
67.4212 4
67.4332 6
67.4332 4
67.4464 6
67.4464 4
67.4584 6
67.4584 4
67.4692 6
67.4692 4
67.4825 6
67.4825 4
67.4933 6
67.4933 4
67.5053 6
67.5053 4
67.5161 6
67.5161 4
67.5257 6
67.5257 4
67.5377 6
67.5377 4
67.5509 6
67.5509 4
67.5618 6
67.5618 4
67.575 6
67.575 4
67.587 6
67.587 4
67.6002 6
67.6002 4
67.611 6
67.611 4
67.623 6
67.623 4
67.6483 6
67.6483 4
67.6615 6
67.6615 4
67.6735 6
67.6735 4
67.6843 6
67.6843 4
67.6915 6
67.6915 4
67.6987 6
67.6987 4
67.7035 6
67.7035 4
67.7084 6
67.7084 4
67.905 2.96614e+06
67.905 1.99931
67.905 4
67.9193 6
68.1132 8
68.1301 10
68.1457 12
68.3214 14
68.3376 16
68.3508 18
68.364 20
68.3796 22
68.3928 24
68.5296 26
68.5439 28
68.5583 30
68.5727 32
68.5859 34
68.6004 36
68.6148 38
68.6292 40
68.6436 42
68.6568 44
68.6712 46
68.6869 48
68.7379 50
68.7538 52
68.7682 54
68.7814 56
68.7958 58
68.8091 60
68.8247 62
68.8391 64
68.8523 66
68.8667 68
68.8824 69.9738
69.0386 71.9738
69.2621 69.9738
70.5045 69.0228
70.8506 71.0228
71.0741 69.0228
72.6337 71.0228
72.8512 69.0228
74.1285 66.5546
74.4386 68.5546
74.6584 66.5546
76.2157 68.5546
76.4392 66.5546
76.4945 65.4689
77.9989 67.4689
78.2188 65.4689
78.5468 65.6174
78.56 65.9268
78.8785 67.9268
78.8785 4
78.8953 6
78.8953 4
78.9097 6
78.9097 4
78.9217 6
78.9217 4
78.9337 6
78.9337 4
78.9458 6
78.9458 4
78.9602 6
78.9602 4
78.9722 6
78.9722 4
78.9854 6
78.9854 4
78.9986 6
78.9986 4
79.0106 6
79.0106 4
79.0203 6
79.0203 4
79.0287 6
79.0287 4
79.0371 6
79.0371 4
79.0455 6
79.0455 4
79.0539 6
79.0539 4
79.0635 6
79.0635 4
79.0731 6
79.0731 4
79.0827 6
79.0827 4
79.0935 6
79.0935 4
79.102 6
79.102 4
79.1128 6
79.1128 4
79.1224 6
79.1224 4
79.1308 6
79.1308 4
79.1416 6
79.1416 4
79.1512 6
79.1512 4
79.1596 6
79.1596 4
79.168 6
79.168 4
79.1741 6
79.1741 4
79.1789 6
79.1789 4
79.1837 6
79.1837 4
79.1885 6
79.1885 4
79.3923 2.96614e+06
79.3923 1.99931
79.3923 4
79.4074 6
79.601 8
79.6166 10
79.6334 12
79.8124 14
79.828 16
79.84 18
79.8581 20
79.8713 22
79.8869 24
80.0232 26
80.0388 28
80.052 30
80.0688 32
80.0832 34
80.0989 36
80.1121 38
80.1277 40
80.1433 42
80.1577 44
80.1734 46
80.1854 48
80.2342 50
80.2486 52
80.2618 54
80.2799 56
80.2931 58
80.3075 60
80.3231 62
80.3375 64
80.3544 65.5463
80.3664 65.538
80.4961 67.538
80.716 65.538
81.3349 64.2535
82.2793 66.2535
82.4968 64.2535
84.0276 66.2535
84.2439 64.2535
85.4924 63.8536
85.8132 65.8536
86.0295 63.8536
87.6024 65.8536
87.8295 63.8536
88.9218 63.9758
89.3976 65.9758
89.6295 63.9758
90.3733 65.9758
90.3733 4
90.3865 6
90.3865 4
90.4033 6
90.4033 4
90.4154 6
90.4154 4
90.431 6
90.431 4
90.4418 6
90.4418 4
90.4526 6
90.4526 4
90.4622 6
90.4622 4
90.4718 6
90.4718 4
90.4814 6
90.4814 4
90.4911 6
90.4911 4
90.5007 6
90.5007 4
90.5103 6
90.5103 4
90.5199 6
90.5199 4
90.5307 6
90.5307 4
90.5391 6
90.5391 4
90.5499 6
90.5499 4
90.5595 6
90.5595 4
90.5704 6
90.5704 4
90.58 6
90.58 4
90.5908 6
90.5908 4
90.6004 6
90.6004 4
90.61 6
90.61 4
90.6208 6
90.6208 4
90.6304 6
90.6304 4
90.6401 6
90.6401 4
90.6473 6
90.6473 4
90.6545 6
90.6545 4
90.6593 6
90.6593 4
90.6641 6
90.6641 4
90.6689 6
90.6689 4
90.8728 2.96614e+06
90.8728 1.99931
90.8728 4
90.8872 6
91.0841 8
91.0998 10
91.113 12
91.2928 14
91.3097 16
91.3241 18
91.3409 20
91.3553 22
91.3697 24
91.5027 26
91.5184 28
91.5328 30
91.5496 32
91.5628 34
91.5796 36
91.5941 38
91.6073 40
91.6241 42
91.6385 44
91.6553 46
91.6686 48
91.7132 50
91.7288 52
91.7432 54
91.7576 56
91.7744 58
91.7889 60
91.8033 62
91.8189 64
91.8357 64.9151
91.9799 66.9151
92.2046 64.9151
93.5288 63.5684
93.7451 65.5684
93.965 63.5684
95.5126 65.5684
95.7301 63.5684
97.1864 61.1561
97.2934 63.1561
97.5145 61.1561
99.0862 63.1561
99.3097 61.1561
99.5091 60.1554
99.58 60.5677
99.6293 60.846
99.675 60.9869
99.7386 61.2693
