0 0
0.1 0
0.2 0
0.3 0
0.4 0
0.5 0
0.6 0
0.7 0
0.8 0
0.9 60
1 156
1.1 206
1.2 258
1.3 258
1.4 255
1.5 255
1.6 254
1.7 255
1.8 255
1.9 256
2 256
2.1 256
2.2 256
2.3 255
2.4 257
2.5 257
2.6 258
2.7 258
2.8 257
2.9 258
3 256
3.1 189
3.2 126
3.3 68
3.4 11
3.5 0
3.6 0
3.7 0
3.8 0
3.9 0
4 0
4.1 0
4.2 0
4.3 0
4.4 0
4.5 0
4.6 0
4.7 0
4.8 0
4.9 0
5 0
5.1 0
5.2 0
5.3 0
5.4 8
5.5 11
5.6 6
5.7 3
5.8 6
5.9 10
6 18
6.1 26
6.2 33
6.3 39
6.4 44
6.5 51
6.6 57
6.7 65
6.8 70
6.9 87
7 106
7.1 107
7.2 102
7.3 91
7.4 89
7.5 96
7.6 99
7.7 101
7.8 105
7.9 111
8 113
8.1 114
8.2 113
8.3 112
8.4 114
8.5 115
8.6 120
8.7 115
8.8 106
8.9 93
9 86
9.1 85
9.2 89
9.3 91
9.4 95
9.5 100
9.6 107
9.7 110
9.8 110
9.9 109
10 107
10.1 107
10.2 111
10.3 41
10.4 0
10.5 0
10.6 0
10.7 0
10.8 0
10.9 0
11 0
11.1 0
11.2 0
11.3 0
11.4 0
11.5 0
11.6 0
11.7 0
11.8 0
11.9 0
12 0
12.1 0
12.2 0
12.3 0
12.4 0
12.5 0
12.6 0
12.7 0
12.8 0
12.9 0
13 0
13.1 8
13.2 10
13.3 18
13.4 32
13.5 50
13.6 62
13.7 56
13.8 55
13.9 56
14 58
14.1 58
14.2 61
14.3 70
14.4 77
14.5 82
14.6 91
14.7 98
14.8 106
14.9 112
15 119
15.1 128
15.2 136
15.3 146
15.4 138
15.5 131
15.6 130
15.7 132
15.8 132
15.9 134
16 132
16.1 130
16.2 132
16.3 132
16.4 136
16.5 140
16.6 145
16.7 147
16.8 150
16.9 154
17 151
17.1 151
17.2 148
17.3 140
17.4 138
17.5 136
17.6 138
17.7 135
17.8 139
17.9 142
18 140
18.1 136
18.2 137
18.3 140
18.4 141
18.5 147
18.6 148
18.7 147
18.8 144
18.9 143
19 140
19.1 132
19.2 127
19.3 123
19.4 127
19.5 129
19.6 131
19.7 134
19.8 134
19.9 136
20 135
20.1 133
20.2 132
20.3 134
20.4 133
20.5 132
20.6 133
20.7 137
20.8 138
20.9 134
21 127
21.1 122
21.2 123
21.3 124
21.4 128
21.5 135
21.6 110
21.7 50
21.8 0
21.9 0
22 0
22.1 0
22.2 0
22.3 0
22.4 0
22.5 0
22.6 0
22.7 0
22.8 0
22.9 0
23 0
23.1 0
23.2 0
23.3 0
23.4 0
23.5 0
23.6 0
23.7 0
23.8 0
23.9 0
24 0
24.1 0
24.2 1
24.3 9
24.4 16
24.5 21
24.6 29
24.7 36
24.8 40
24.9 47
25 62
25.1 86
25.2 98
25.3 93
25.4 79
25.5 75
25.6 79
25.7 85
25.8 88
25.9 92
26 99
26.1 103
26.2 108
26.3 114
26.4 117
26.5 121
26.6 124
26.7 132
26.8 135
26.9 142
27 134
27.1 119
27.2 109
27.3 102
27.4 102
27.5 102
27.6 103
27.7 108
27.8 109
27.9 113
28 113
28.1 117
28.2 119
28.3 122
28.4 125
28.5 127
28.6 128
28.7 132
28.8 125
28.9 114
29 105
29.1 97
29.2 93
29.3 94
29.4 96
29.5 97
29.6 102
29.7 105
29.8 110
29.9 112
30 116
30.1 119
30.2 122
30.3 125
30.4 125
30.5 125
30.6 124
30.7 116
30.8 109
30.9 99
31 92
31.1 92
31.2 94
31.3 97
31.4 100
31.5 104
31.6 108
31.7 110
31.8 114
31.9 118
32 122
32.1 125
32.2 124
32.3 124
32.4 123
32.5 119
32.6 115
32.7 105
32.8 98
32.9 97
33 83
33.1 58
33.2 21
33.3 0
33.4 0
33.5 0
33.6 0
33.7 0
33.8 0
33.9 0
34 0
34.1 0
34.2 0
34.3 0
34.4 0
34.5 0
34.6 0
34.7 0
34.8 0
34.9 0
35 0
35.1 0
35.2 0
35.3 0
35.4 0
35.5 0
35.6 0
35.7 0
35.8 0
35.9 0
36 6
36.1 17
36.2 23
36.3 31
36.4 43
36.5 52
36.6 65
36.7 76
36.8 83
36.9 99
37 119
37.1 128
37.2 122
37.3 119
37.4 123
37.5 126
37.6 129
37.7 139
37.8 145
37.9 150
38 151
38.1 150
38.2 152
38.3 154
38.4 149
38.5 151
38.6 148
38.7 153
38.8 156
38.9 145
39 133
39.1 124
39.2 125
39.3 130
39.4 136
39.5 143
39.6 148
39.7 151
39.8 150
39.9 149
40 148
40.1 143
40.2 139
40.3 137
40.4 137
40.5 139
40.6 143
40.7 130
40.8 117
40.9 109
41 111
41.1 113
41.2 117
41.3 122
41.4 128
41.5 133
41.6 134
41.7 140
41.8 141
41.9 136
42 132
42.1 135
42.2 134
42.3 141
42.4 144
42.5 126
42.6 112
42.7 102
42.8 102
42.9 100
43 97
43.1 100
43.2 102
43.3 103
43.4 109
43.5 107
43.6 105
43.7 103
43.8 103
43.9 106
44 104
44.1 111
44.2 122
44.3 116
44.4 95
44.5 56
44.6 24
44.7 0
44.8 0
44.9 0
45 0
45.1 0
45.2 0
45.3 0
45.4 0
45.5 0
45.6 0
45.7 0
45.8 0
45.9 0
46 0
46.1 0
46.2 0
46.3 0
46.4 0
46.5 0
46.6 0
46.7 0
46.8 3
46.9 10
47 17
47.1 25
47.2 33
47.3 40
47.4 47
47.5 54
47.6 63
47.7 77
47.8 90
47.9 104
48 114
48.1 115
48.2 107
48.3 107
48.4 109
48.5 111
48.6 116
48.7 123
48.8 129
48.9 133
49 137
49.1 140
49.2 143
49.3 149
49.4 149
49.5 150
49.6 147
49.7 148
49.8 150
49.9 145
50 136
50.1 125
50.2 118
50.3 117
50.4 123
50.5 128
50.6 129
50.7 132
50.8 134
50.9 136
51 140
51.1 143
51.2 142
51.3 140
51.4 133
51.5 139
51.6 141
51.7 140
51.8 137
51.9 129
52 120
52.1 117
52.2 115
52.3 118
52.4 121
52.5 125
52.6 130
52.7 132
52.8 137
52.9 141
53 140
53.1 134
53.2 131
53.3 132
53.4 135
53.5 139
53.6 134
53.7 128
53.8 120
53.9 113
54 107
54.1 102
54.2 106
54.3 106
54.4 111
54.5 116
54.6 118
54.7 119
54.8 119
54.9 117
55 118
55.1 121
55.2 126
55.3 129
55.4 128
55.5 127
55.6 128
55.7 121
55.8 115
55.9 90
56 31
56.1 0
56.2 0
56.3 0
56.4 0
56.5 0
56.6 0
56.7 0
56.8 0
56.9 0
57 0
57.1 0
57.2 0
57.3 0
57.4 0
57.5 0
57.6 1
57.7 0
57.8 0
57.9 0
58 0
58.1 7
58.2 14
58.3 24
58.4 31
58.5 42
58.6 48
58.7 54
58.8 63
58.9 72
59 83
59.1 96
59.2 109
59.3 125
59.4 136
59.5 134
59.6 128
59.7 125
59.8 128
59.9 128
60 131
60.1 136
60.2 143
60.3 147
60.4 147
60.5 149
60.6 151
60.7 154
60.8 155
60.9 153
61 152
61.1 150
61.2 152
61.3 150
61.4 138
61.5 128
61.6 122
61.7 125
61.8 126
61.9 131
62 133
62.1 137
62.2 137
62.3 141
62.4 141
62.5 146
62.6 147
62.7 143
62.8 142
62.9 138
63 144
63.1 145
63.2 140
63.3 134
63.4 125
63.5 118
63.6 118
63.7 118
63.8 120
63.9 124
64 129
64.1 131
64.2 138
64.3 140
64.4 140
64.5 139
64.6 138
64.7 143
64.8 143
64.9 136
65 135
65.1 134
65.2 127
65.3 117
65.4 106
65.5 102
65.6 102
65.7 106
65.8 109
65.9 115
66 117
66.1 116
66.2 118
66.3 117
66.4 118
66.5 122
66.6 123
66.7 121
66.8 124
66.9 128
67 128
67.1 130
67.2 118
67.3 75
67.4 2
67.5 0
67.6 0
67.7 0
67.8 0
67.9 0
68 0
68.1 0
68.2 0
68.3 0
68.4 0
68.5 0
68.6 0
68.7 0
68.8 0
68.9 0
69 0
69.1 0
69.2 0
69.3 0
69.4 0
69.5 0
69.6 0
69.7 0
69.8 0
69.9 0
70 0
70.1 5
70.2 12
70.3 18
70.4 24
70.5 30
70.6 36
70.7 47
70.8 59
70.9 76
71 95
71.1 104
71.2 91
71.3 84
71.4 89
71.5 97
71.6 103
71.7 107
71.8 115
71.9 122
72 128
72.1 132
72.2 138
72.3 143
72.4 145
72.5 146
72.6 144
72.7 148
72.8 148
72.9 144
73 128
73.1 118
73.2 116
73.3 116
73.4 120
73.5 127
73.6 133
73.7 135
73.8 138
73.9 137
74 138
74.1 140
74.2 133
74.3 132
74.4 129
74.5 128
74.6 133
74.7 127
74.8 114
74.9 101
75 94
75.1 97
75.2 98
75.3 101
75.4 105
75.5 108
75.6 114
75.7 118
75.8 120
75.9 125
76 127
76.1 128
76.2 126
76.3 125
76.4 128
76.5 129
76.6 113
76.7 97
76.8 92
76.9 92
77 92
77.1 93
77.2 96
77.3 98
77.4 102
77.5 102
77.6 109
77.7 112
77.8 108
77.9 111
78 111
78.1 113
78.2 116
78.3 119
78.4 116
78.5 102
78.6 90
78.7 59
78.8 33
78.9 0
79 0
79.1 0
79.2 0
79.3 0
79.4 0
79.5 0
79.6 0
79.7 0
79.8 0
79.9 0
80 0
80.1 0
80.2 0
80.3 0
80.4 0
80.5 0
80.6 0
80.7 0
80.8 0
80.9 0
81 0
81.1 0
81.2 0
81.3 0
81.4 0
81.5 0
81.6 5
81.7 10
81.8 16
81.9 20
82 26
82.1 31
82.2 39
82.3 56
82.4 78
82.5 91
82.6 78
82.7 69
82.8 68
82.9 74
83 78
83.1 84
83.2 91
83.3 95
83.4 99
83.5 103
83.6 109
83.7 115
83.8 121
83.9 124
84 130
84.1 135
84.2 137
84.3 134
84.4 119
84.5 108
84.6 108
84.7 106
84.8 104
84.9 109
85 113
85.1 117
85.2 122
85.3 125
85.4 129
85.5 128
85.6 129
85.7 131
85.8 135
85.9 132
86 132
86.1 123
86.2 111
86.3 104
86.4 98
86.5 96
86.6 95
86.7 101
86.8 105
86.9 110
87 114
87.1 117
87.2 121
87.3 125
87.4 126
87.5 128
87.6 125
87.7 122
87.8 121
87.9 117
88 108
88.1 100
88.2 93
88.3 90
88.4 92
88.5 94
88.6 101
88.7 102
88.8 108
88.9 110
89 114
89.1 120
89.2 124
89.3 124
89.4 121
89.5 120
89.6 123
89.7 120
89.8 114
89.9 105
90 99
90.1 73
90.2 45
90.3 19
90.4 0
90.5 0
90.6 0
90.7 0
90.8 0
90.9 0
91 0
91.1 0
91.2 0
91.3 0
91.4 0
91.5 0
91.6 0
91.7 0
91.8 0
91.9 0
92 0
92.1 0
92.2 0
92.3 0
92.4 0
92.5 0
92.6 0
92.7 0
92.8 0
92.9 1
93 8
93.1 14
93.2 22
93.3 29
93.4 33
93.5 40
93.6 46
93.7 58
93.8 79
93.9 100
94 101
94.1 89
94.2 83
94.3 88
94.4 92
94.5 99
94.6 105
94.7 111
94.8 116
94.9 122
95 126
95.1 132
95.2 136
95.3 137
95.4 140
95.5 145
95.6 148
95.7 142
95.8 123
95.9 111
96 106
96.1 108
96.2 108
96.3 111
96.4 115
96.5 120
96.6 123
96.7 127
96.8 127
96.9 129
97 129
97.1 130
97.2 127
97.3 129
97.4 131
97.5 124
97.6 110
97.7 98
97.8 92
97.9 85
98 89
98.1 92
98.2 96
98.3 99
98.4 102
98.5 107
98.6 111
98.7 113
98.8 117
98.9 119
99 119
99.1 119
99.2 118
99.3 116
99.4 106
99.5 96
99.6 86
99.7 82
99.8 85
99.9 87
100 91
