0.20039 0.2
0.415059 0.201875
0.434284 0.205891
0.45351 0.211779
0.472736 0.219307
0.49076 0.228144
0.617249 0.251751
0.641281 0.247782
0.660507 0.244184
0.679732 0.241661
0.698958 0.240203
0.718183 0.239678
0.737409 0.239843
0.756635 0.240613
0.772255 0.241536
0.818743 0.246344
0.843976 0.242926
0.864404 0.23956
0.884831 0.237365
0.904056 0.23632
0.924484 0.236155
0.944911 0.236885
0.962935 0.23815
0.983362 0.240131
1.00259 0.242615
1.02301 0.245663
1.04585 0.249455
1.06747 0.254023
1.0867 0.258895
1.10713 0.264408
1.12635 0.270232
1.14918 0.276703
1.17321 0.28399
1.19124 0.291367
1.21167 0.299196
1.23329 0.307671
1.25252 0.316587
1.27295 0.325889
1.29217 0.335528
1.3114 0.345337
1.33062 0.355295
1.35105 0.365633
1.36787 0.375679
1.38349 0.385594
1.40753 0.39627
1.42555 0.406361
1.44357 0.416441
1.4604 0.426136
1.48563 0.436744
1.50365 0.446651
1.52528 0.457194
1.5409 0.466795
1.56373 0.477071
1.57455 0.485937
1.59377 0.49507
1.62381 0.504936
1.65385 0.514569
1.66827 0.522498
1.69351 0.531686
1.70793 0.53985
1.73316 0.549369
1.74638 0.557823
1.77762 0.56822
1.80405 0.578692
1.82208 0.587106
1.84251 0.594718
1.86293 0.601253
1.88216 0.606846
1.90379 0.61199
1.92542 0.616617
2.59471 0.618665
2.61513 0.620707
2.63316 0.622618
2.64517 0.624041
2.66921 0.625286
2.68603 0.626375
2.70525 0.627078
2.72088 0.627693
2.74731 0.628357
2.76413 0.628812
2.78817 0.629586
2.80258 0.630012
2.82421 0.630511
2.83383 0.630697
2.85305 0.63111
2.88429 0.631346
2.91553 0.631678
2.92875 0.631718
2.95519 0.632003
2.96961 0.632253
2.99484 0.632346
3.00445 0.632803
3.03449 0.635828
3.06213 0.638224
3.08136 0.638946
3.1066 0.640453
4.25652 0.592146
4.27214 0.549628
4.28536 0.51205
4.30098 0.479168
4.3142 0.450147
4.32862 0.424504
4.34424 0.402066
4.35625 0.382058
4.36947 0.364175
4.38029 0.347904
4.39711 0.333791
4.41273 0.321442
4.43075 0.310887
4.44637 0.301651
4.4632 0.293694
4.50525 0.286108
4.52207 0.279719
4.5401 0.274379
4.55452 0.269457
4.57134 0.265275
4.58696 0.261615
4.60378 0.258538
4.62061 0.255971
4.63863 0.253975
4.65425 0.252353
4.67107 0.251059
4.6891 0.250176
4.70592 0.249404
4.72154 0.248854
4.73836 0.248497
4.75278 0.247935
4.7684 0.247568
4.78522 0.247372
4.80205 0.247326
4.81887 0.247285
4.83689 0.247624
4.85131 0.247796
4.86813 0.248072
4.88736 0.248688
4.90418 0.249477
4.9198 0.250042
4.93663 0.250662
4.95465 0.251454
4.96907 0.252147
4.98709 0.253004
5.00392 0.253753
5.02194 0.254659
5.03876 0.255702
5.05558 0.256739
5.07241 0.257772
5.09043 0.25905
5.10605 0.260169
5.12287 0.261148
5.1409 0.262254
5.15892 0.263598
5.17334 0.264648
5.19137 0.265817
5.20699 0.266715
5.22501 0.268
5.24183 0.269125
5.25865 0.270235
5.27548 0.27133
5.2935 0.272664
5.30792 0.273581
5.32594 0.274633
5.34397 0.275804
5.36199 0.277204
5.37881 0.278553
5.39684 0.279984
5.41246 0.281236
5.43048 0.282707
5.44971 0.284368
5.46773 0.286072
5.48696 0.288063
5.50618 0.290305
5.52541 0.292642
5.54464 0.295062
5.56146 0.297429
5.57828 0.299625
5.5951 0.302047
5.60952 0.304416
5.62634 0.306989
5.64197 0.309491
5.65759 0.312179
5.67201 0.314782
5.68763 0.317434
5.70205 0.320005
5.71406 0.322254
5.72848 0.324348
5.7429 0.326304
5.75612 0.328266
5.76933 0.329983
5.78255 0.33161
5.79577 0.333034
5.80779 0.334154
5.82701 0.335635
5.84624 0.336681
5.86787 0.337596
5.88709 0.338271
5.90391 0.338237
5.92434 0.338208
5.94597 0.338182
5.9652 0.338034
5.98562 0.33778
6.00485 0.337307
6.02047 0.336519
6.03849 0.336204
6.05411 0.335929
6.06973 0.335562
6.08656 0.335367
6.10458 0.335571
6.1202 0.33575
6.13582 0.335781
6.15385 0.336058
6.17187 0.336676
6.18749 0.337217
6.20552 0.33794
6.22234 0.338697
6.23796 0.33936
6.25478 0.340065
6.2716 0.340807
6.28963 0.341831
6.30765 0.342977
6.32327 0.34398
6.3413 0.345107
6.35572 0.345969
6.37494 0.347098
6.39056 0.348086
6.40859 0.3492
6.42661 0.35055
6.44463 0.351981
6.46025 0.353234
6.47588 0.354204
6.4927 0.355304
6.51192 0.356641
6.52875 0.357936
6.54437 0.359069
6.56239 0.360435
6.58041 0.361881
6.59604 0.363146
6.61166 0.364252
6.62848 0.365346
6.6477 0.366678
6.66453 0.367968
6.68015 0.369222
6.69817 0.370569
6.71259 0.371498
6.73182 0.372686
6.74744 0.37385
6.76426 0.374994
6.78228 0.376245
6.80031 0.377589
6.81713 0.379015
6.83155 0.380013
6.84957 0.381137
6.8676 0.38237
6.88322 0.383323
6.90365 0.384658
6.92047 0.385951
6.93729 0.387207
6.95531 0.388556
6.97214 0.389737
6.99016 0.391019
7.00698 0.392142
7.02621 0.393624
7.04183 0.394671
7.05865 0.395712
7.07668 0.396873
7.0935 0.398014
7.11152 0.399262
7.13075 0.400605
7.14757 0.401904
7.16439 0.403166
7.18242 0.40452
7.20044 0.40583
7.22087 0.407476
7.24009 0.409417
7.25812 0.411365
7.27614 0.413319
7.29657 0.415404
7.317 0.417729
7.33862 0.420513
7.35665 0.423199
7.37467 0.425924
7.38909 0.428558
7.40712 0.431488
7.42033 0.434052
7.43716 0.436796
7.44917 0.439071
7.46239 0.441062
7.47561 0.442805
7.49003 0.444579
7.50084 0.445757
7.51526 0.447037
7.52848 0.448157
7.54169 0.449138
7.55491 0.449996
7.56813 0.450871
7.60418 0.451637
7.62461 0.452058
7.64383 0.452175
7.66306 0.452028
7.68108 0.4514
7.6991 0.450475
7.72073 0.449541
7.74236 0.448848
7.76279 0.447992
7.78081 0.446743
7.79764 0.445775
7.81326 0.444928
7.83128 0.444437
7.8469 0.443758
7.86372 0.443288
7.88055 0.443002
7.89737 0.442877
7.91419 0.442767
7.93342 0.443046
7.95024 0.443415
7.96706 0.443863
7.98509 0.444506
7.9995 0.444692
8.01633 0.444981
8.03075 0.444983
8.04877 0.445235
8.06559 0.445581
8.08121 0.445758
8.09924 0.446163
8.11606 0.446643
8.13408 0.447313
8.15091 0.447774
8.16773 0.448302
8.18575 0.449014
8.20137 0.449637
8.2194 0.450433
8.23742 0.451254
8.25665 0.452222
8.27347 0.453194
8.29269 0.45417
8.30832 0.455024
8.32634 0.456021
8.34436 0.457018
8.36119 0.457891
8.37921 0.458779
8.39844 0.459557
8.41526 0.460237
8.43328 0.460958
8.4501 0.461463
8.46933 0.46228
8.48255 0.46262
8.50057 0.463168
8.51619 0.463647
8.53181 0.463816
8.54864 0.464089
8.56666 0.464453
8.58348 0.464771
8.60151 0.46505
8.61713 0.465294
8.63395 0.465382
8.65077 0.465334
8.66759 0.465417
8.68442 0.465365
8.70364 0.465445
8.72167 0.465389
8.73969 0.465465
8.75892 0.465532
8.77454 0.465591
8.79136 0.465517
8.81058 0.465577
8.82621 0.465505
8.84543 0.465567
8.86466 0.465621
8.88148 0.465668
8.8971 0.46546
8.91633 0.465527
8.93675 0.465711
8.95357 0.465998
8.9728 0.466623
8.98842 0.46717
9.00524 0.467649
9.02327 0.468318
9.03769 0.468653
9.0509 0.468946
9.06773 0.469703
9.07854 0.470115
9.09296 0.470601
9.10858 0.471151
9.1254 0.471632
9.13742 0.471428
9.15184 0.470874
9.17106 0.470515
9.18669 0.469826
9.20351 0.469097
9.21913 0.468085
9.24797 0.466575
9.26719 0.465128
9.28522 0.463362
9.30204 0.461192
9.32126 0.459043
9.34289 0.457037
9.36092 0.454783
9.37894 0.452435
9.40057 0.45038
9.4222 0.448583
9.43782 0.446635
9.45344 0.444806
9.47026 0.44333
9.48588 0.441914
9.50271 0.440799
9.51953 0.439825
9.53515 0.438971
9.55197 0.438225
9.56879 0.437697
9.58682 0.437485
9.60364 0.437299
9.62046 0.437262
9.63729 0.437354
9.65411 0.43756
9.67093 0.437615
9.68775 0.437788
9.70337 0.437939
9.71899 0.437947
9.73702 0.438329
9.75384 0.438538
9.77066 0.438845
9.78749 0.43924
9.80551 0.439835
9.82353 0.44048
9.84036 0.44117
9.85838 0.442024
9.8752 0.442896
9.89082 0.443534
9.90885 0.444217
9.92567 0.44494
9.94369 0.445823
9.95931 0.446595
9.97734 0.447395
9.99536 0.448346
10.0122 0.449303
10.0302 0.45039
10.0458 0.451216
10.0651 0.452314
10.0819 0.453275
10.0987 0.454241
10.1167 0.45521
10.1335 0.456184
10.1504 0.457036
10.1636 0.457407
10.1816 0.457856
10.1996 0.458374
10.2177 0.459077
10.2333 0.459567
10.2501 0.459997
10.2681 0.460372
10.2861 0.4607
10.303 0.460863
10.3186 0.460755
10.3354 0.460661
10.3534 0.460828
10.3691 0.46085
10.3859 0.460743
10.4051 0.4609
10.4195 0.460788
10.4351 0.460439
10.4544 0.460259
10.4712 0.460102
10.4892 0.459964
10.5048 0.459719
10.5241 0.459629
10.5409 0.45955
10.5577 0.459482
10.5781 0.459796
10.5938 0.459822
10.6142 0.460344
10.631 0.460926
10.6454 0.461185
10.6586 0.460912
10.8575 0.429798
10.8721 0.402323
11.0693 0.378533
11.0851 0.357591
11.1021 0.339267
11.1184 0.323234
11.1345 0.30908
11.1513 0.296695
11.168 0.285858
11.1863 0.276626
11.2024 0.268422
11.2184 0.26112
11.238 0.255105
11.2531 0.249592
11.2692 0.244768
11.2872 0.240672
11.3052 0.237213
11.322 0.234186
11.3389 0.231538
11.3581 0.229596
11.3737 0.227646
11.3871 0.225565
11.4035 0.22362
11.4219 0.222167
11.4367 0.220646
11.454 0.219316
11.4722 0.218401
11.489 0.217601
11.5058 0.216901
11.5238 0.216413
11.5407 0.215987
11.5587 0.215738
11.5755 0.215646
11.5959 0.21594
11.6152 0.216573
11.632 0.217001
11.65 0.218126
11.668 0.21961
11.6837 0.221159
11.6981 0.222764
11.7125 0.224169
11.7293 0.225897
11.7449 0.227535
11.763 0.229593
11.7798 0.231769
11.7954 0.233923
11.8146 0.236433
11.8315 0.239004
11.8507 0.241878
11.8675 0.244768
11.8855 0.247797
11.9035 0.250948
11.9228 0.254329
11.9408 0.257788
11.96 0.261565
11.9768 0.264994
11.9937 0.26837
12.0117 0.271824
12.0285 0.275221
12.0477 0.278818
12.0634 0.282216
12.0802 0.285564
12.0934 0.288368
12.109 0.291197
12.1234 0.293673
12.1427 0.295964
12.1631 0.297718
12.1823 0.298753
12.2027 0.299284
12.2208 0.299249
12.2388 0.298593
12.2604 0.297893
12.2784 0.296657
12.2989 0.295325
12.3205 0.294034
12.3397 0.292405
12.3553 0.290854
12.3722 0.289497
12.3902 0.288435
12.407 0.287506
12.425 0.286818
12.4431 0.28634
12.4587 0.285673
12.4755 0.285089
12.4923 0.284578
12.5116 0.28438
12.5284 0.284208
12.5476 0.284307
12.5668 0.284644
12.5837 0.284938
12.6017 0.285321
12.6209 0.285906
12.6377 0.286293
12.657 0.286881
12.6762 0.287771
12.693 0.288424
12.7122 0.289371
12.7302 0.290325
12.7483 0.291284
12.7663 0.292249
12.7831 0.293093
12.8023 0.294081
12.8204 0.295071
12.8384 0.296062
12.8564 0.297054
12.8732 0.297923
12.8913 0.298807
12.9105 0.299831
12.9297 0.300977
12.9465 0.30198
12.9646 0.302983
12.9826 0.303985
13.0006 0.304987
13.0198 0.305988
13.0379 0.30699
13.0547 0.307866
13.0739 0.308883
13.0907 0.309773
13.11 0.310801
13.128 0.311826
13.1448 0.312723
13.164 0.313882
13.1808 0.314772
13.2001 0.315925
13.2181 0.31706
13.2349 0.317927
13.2541 0.319061
13.2746 0.320429
13.2926 0.32175
13.3106 0.323031
13.3286 0.324277
13.3467 0.325493
13.3647 0.326681
13.3827 0.327846
13.4019 0.32899
13.42 0.330116
13.438 0.331227
13.4548 0.332199
13.4728 0.333174
13.4909 0.334152
13.5077 0.335008
13.5281 0.336257
13.5449 0.337225
13.563 0.338197
13.581 0.339172
13.599 0.340276
13.6194 0.341616
13.6387 0.343039
13.6567 0.344409
13.6771 0.346108
13.6951 0.34772
13.7156 0.349505
13.736 0.351442
13.7552 0.353511
13.772 0.355697
13.7901 0.35811
13.8057 0.360471
13.8225 0.362913
13.8417 0.365673
13.8573 0.368464
13.8718 0.370906
13.8874 0.373293
13.9042 0.375881
13.9198 0.378271
13.9367 0.380862
13.9535 0.383504
13.9667 0.385691
13.9811 0.387855
13.9955 0.389748
14.0184 0.39203
14.0364 0.393401
14.058 0.394476
14.0796 0.395291
14.1013 0.39588
14.1253 0.39652
14.1469 0.39683
14.1686 0.397101
14.1902 0.397214
14.213 0.397312
14.2298 0.396898
14.2479 0.396661
14.2659 0.396578
14.2827 0.396506
14.3007 0.396568
14.3188 0.396747
14.3368 0.397028
14.3536 0.397275
14.3704 0.39749
14.3873 0.397679
14.4053 0.397969
14.4233 0.398348
14.4401 0.39868
14.4581 0.399095
14.4738 0.399208
14.4942 0.399807
14.511 0.400331
14.5278 0.400665
14.5459 0.400957
14.5639 0.401337
14.5831 0.402045
14.6011 0.402789
14.6192 0.403566
14.6384 0.404495
14.6564 0.405433
14.6756 0.406504
14.6925 0.407441
14.7105 0.408386
14.7285 0.409338
14.7477 0.41042
14.767 0.411618
14.785 0.412791
14.803 0.414067
14.8222 0.415433
14.8403 0.416754
14.8583 0.418035
14.8763 0.419281
14.8955 0.420621
14.9148 0.422043
14.9328 0.423288
14.9508 0.424502
14.97 0.425939
14.9893 0.427447
15.0073 0.428891
15.0253 0.430279
15.0421 0.431494
15.0602 0.432683
15.0794 0.433972
15.0974 0.435226
15.1154 0.436448
15.1334 0.437642
15.1539 0.439061
15.1731 0.440679
15.1911 0.442219
15.2091 0.443692
15.2284 0.44523
15.2476 0.446826
15.2644 0.448223
15.2824 0.44957
15.3005 0.450874
15.3197 0.45214
15.3389 0.453497
15.3569 0.45481
15.375 0.456084
15.3942 0.457573
15.411 0.458877
15.4302 0.460267
15.4495 0.461734
15.4675 0.463142
15.4879 0.464749
15.5071 0.466531
15.5264 0.468339
15.5444 0.470047
15.5636 0.471791
15.5828 0.473567
15.6009 0.475246
15.6201 0.47709
15.6405 0.479079
15.6573 0.480819
15.6718 0.482092
15.685 0.483205
15.7006 0.48443
15.7162 0.485751
15.7318 0.487157
15.7451 0.488387
15.7607 0.489589
15.7775 0.49114
15.7955 0.492998
15.8136 0.494623
15.8316 0.49592
15.8496 0.49693
15.8652 0.497564
15.8965 0.499743
15.9181 0.499276
15.9361 0.498241
15.9577 0.497211
15.9806 0.49631
16.0022 0.495396
16.0262 0.494721
16.0479 0.494006
16.0731 0.493755
16.0947 0.493286
16.1116 0.49225
16.132 0.491594
16.1488 0.49102
16.168 0.490892
16.1836 0.490531
16.2005 0.490214
16.2185 0.490063
16.2341 0.489805
16.2509 0.489454
16.269 0.489272
16.2858 0.489113
16.305 0.489224
16.3218 0.489071
16.3411 0.489312
16.3579 0.489273
16.3771 0.489489
16.3951 0.489678
16.4107 0.489468
16.4276 0.489285
16.4456 0.489124
16.4648 0.489109
16.4828 0.489095
16.5045 0.489583
16.5273 0.489885
16.5501 0.4904
16.573 0.49035
16.5922 0.490181
16.6102 0.490033
16.627 0.489654
16.6475 0.489572
16.6667 0.489626
16.6847 0.489673
16.7015 0.489589
16.7196 0.489515
16.7388 0.489576
16.7568 0.489754
16.7736 0.489784
16.7917 0.489811
16.8109 0.48996
16.8289 0.49009
16.8481 0.490454
16.8662 0.490897
16.8854 0.49141
16.9046 0.491984
16.9226 0.492486
16.9407 0.492925
16.9599 0.493559
16.9791 0.494364
16.9983 0.495194
17.02 0.496295
17.0428 0.497508
17.0656 0.498569
17.086 0.499373
17.1053 0.499952
17.1257 0.500708
17.1437 0.501494
17.1642 0.502307
17.1834 0.503019
17.2026 0.503767
17.2206 0.504421
17.2411 0.505368
17.2591 0.506197
17.2759 0.506672
17.2951 0.507338
17.3144 0.508046
17.3324 0.508665
17.3516 0.509332
17.3708 0.509791
17.3901 0.510442
17.4105 0.511137
17.4285 0.51162
17.4453 0.511917
17.4646 0.512302
17.4826 0.512515
17.497 0.5122
17.5114 0.51205
17.5258 0.511919
17.5475 0.512804
17.5691 0.513704
17.5907 0.514241
17.6063 0.514086
17.6256 0.51395
17.6424 0.513456
17.664 0.513524
17.682 0.513209
17.7157 0.514683
17.7385 0.513597
17.7601 0.512398
17.7818 0.510973
17.8046 0.509601
17.8286 0.508401
17.8527 0.507351
17.8755 0.506307
17.9007 0.505519
17.9224 0.504579
17.9392 0.503132
17.9584 0.50199
17.9776 0.501116
17.9957 0.500352
18.0125 0.499558
18.0305 0.498863
18.0497 0.49838
18.069 0.497958
18.087 0.497588
18.1062 0.497514
18.1242 0.49745
18.1399 0.497019
18.1579 0.496642
18.1759 0.496311
18.1963 0.496397
18.2144 0.496348
18.2336 0.496429
18.254 0.496876
18.272 0.497266
18.2913 0.497733
18.3093 0.498141
18.3309 0.498624
18.3537 0.498921
18.3766 0.499181
18.3994 0.499158
18.421 0.499138
18.4378 0.498871
18.4571 0.498887
18.4739 0.498526
18.4919 0.49821
18.5099 0.497934
18.5268 0.497442
18.546 0.497137
18.5628 0.496745
18.582 0.496527
18.6001 0.496211
18.6181 0.495935
18.6373 0.495818
18.6553 0.495716
18.6734 0.495626
18.6938 0.495798
18.7118 0.495948
18.7298 0.495955
18.7515 0.496085
18.7707 0.496325
18.7899 0.496534
18.8091 0.496967
18.832 0.497471
18.8524 0.497662
18.8776 0.49808
18.9017 0.49857
18.9233 0.498998
18.9425 0.499499
18.9629 0.500186
18.9822 0.501038
19.0014 0.501908
19.0194 0.50267
19.0362 0.503211
19.0555 0.50381
19.0747 0.504333
19.0951 0.505167
19.1119 0.505646
19.1312 0.506315
19.1504 0.507026
19.1648 0.507148
19.1804 0.507004
19.1997 0.506879
19.2177 0.506769
19.2345 0.506423
19.2561 0.506245
19.2754 0.506089
19.2934 0.505828
19.3114 0.50535
19.3246 0.504806
19.3402 0.504455
19.3523 0.503898
19.3775 0.503411
19.4015 0.502985
19.4244 0.502737
19.4412 0.502269
19.4616 0.501861
19.4796 0.501253
19.4977 0.500597
19.5133 0.499772
19.5517 0.4993
19.5746 0.498763
19.5986 0.498293
19.6214 0.497756
19.6419 0.496661
19.6635 0.495454
19.6863 0.494272
19.7079 0.492863
19.7308 0.491505
19.7476 0.489817
19.7668 0.48834
19.7836 0.486922
19.8005 0.485557
19.8209 0.484612
19.8389 0.483786
19.8593 0.483438
19.8798 0.483383
19.899 0.48346
19.9182 0.483653
19.9362 0.483821
19.9555 0.484093
19.9747 0.484457
19.9915 0.48465
20.0107 0.484943
20.0288 0.4852
20.0504 0.485925
20.0684 0.486435
20.0852 0.486755
20.1045 0.487161
20.1225 0.487516
20.1405 0.487826
20.1597 0.488223
20.1778 0.48857
20.2006 0.489124
20.2234 0.489608
20.2414 0.490032
20.2583 0.490153
20.2775 0.490384
20.2931 0.490336
20.3123 0.490419
20.3328 0.490742
20.3532 0.491149
20.3748 0.49163
20.3929 0.491927
20.4109 0.491936
20.4301 0.492194
20.4481 0.492295
20.4674 0.492383
20.4854 0.49246
20.5022 0.492402
20.5202 0.492227
20.5406 0.491949
20.5599 0.49183
20.5779 0.491726
20.5959 0.491636
20.6127 0.491431
20.6272 0.490752
20.6464 0.490283
20.668 0.490373
20.692 0.490576
20.7137 0.490504
20.7317 0.490441
20.7521 0.490761
20.7702 0.491041
20.787 0.491036
20.805 0.491031
20.8242 0.491152
20.8447 0.491133
20.8651 0.491117
20.8831 0.491102
20.9023 0.491089
20.9228 0.491203
20.9408 0.491303
20.9588 0.491265
20.9768 0.491232
20.9937 0.491078
21.0141 0.491318
21.0309 0.491153
21.0489 0.490884
21.0694 0.490899
21.0886 0.491036
21.1018 0.490532
21.1174 0.49034
21.133 0.490298
21.1499 0.490511
21.1643 0.490697
21.1859 0.490985
21.2087 0.491487
21.2268 0.491926
21.2472 0.49231
21.2652 0.492646
21.2808 0.492815
21.2989 0.492839
21.3181 0.492984
21.3601 0.493236
21.3842 0.493456
21.4046 0.493149
21.4274 0.492756
21.4503 0.492286
21.4719 0.491375
21.4935 0.490328
21.5175 0.489412
21.5392 0.488361
21.5572 0.487066
21.574 0.485683
21.5932 0.484597
21.6125 0.483773
21.6305 0.483051
21.6485 0.48242
21.669 0.482117
21.6846 0.481603
21.7026 0.481027
21.7218 0.480649
21.741 0.480568
21.7603 0.480497
21.7795 0.480435
21.7987 0.480505
21.8192 0.480817
21.8396 0.481215
21.8588 0.481563
21.8804 0.482368
21.8997 0.483072
21.9177 0.483563
21.9393 0.484367
21.9585 0.485197
21.9766 0.485797
21.9946 0.486197
22.0114 0.486048
22.0258 0.484917
22.0366 0.482927
22.2281 0.502811
22.2475 0.466335
22.4389 0.434293
22.4585 0.406506
22.4769 0.382068
22.4973 0.360935
22.5165 0.342443
22.5326 0.326012
22.5526 0.311761
22.5702 0.299166
22.589 0.28827
22.6091 0.278861
22.6267 0.270379
22.6455 0.262956
22.6655 0.256712
22.6844 0.251248
22.7036 0.246467
22.724 0.242533
22.7444 0.239342
22.7625 0.236424
22.7805 0.233746
22.7959 0.230903
22.8159 0.228665
22.8335 0.226582
22.8522 0.224759
22.8722 0.223289
22.8898 0.221878
22.9095 0.220768
22.93 0.219922
22.9492 0.219432
22.9684 0.219003
22.9888 0.218753
23.0081 0.218659
23.0285 0.218826
23.0477 0.218973
23.0669 0.219101
23.0838 0.218964
23.097 0.218218
23.1138 0.217316
23.1366 0.217026
23.1559 0.216773
23.1763 0.216926
23.1979 0.217311
23.2195 0.218022
23.2412 0.219144
23.264 0.220626
23.2832 0.221923
23.3025 0.223557
23.3205 0.225363
23.3385 0.227317
23.3589 0.229653
23.377 0.232071
23.3962 0.234812
23.4142 0.237586
23.4322 0.240388
23.4527 0.243464
23.4731 0.246906
23.4911 0.250293
23.5127 0.254006
23.5332 0.258005
23.5512 0.26188
23.5728 0.26602
23.5932 0.270392
23.6125 0.274718
23.6329 0.279128
23.6545 0.283862
23.6726 0.28838
23.6906 0.292707
23.711 0.297244
23.7362 0.301213
23.7579 0.304187
23.7771 0.306163
23.7987 0.307393
23.8179 0.307719
23.8384 0.307504
23.8576 0.306566
23.8804 0.305495
23.9033 0.304308
23.9225 0.30302
23.9417 0.301892
23.9609 0.300906
23.9826 0.300418
24.0018 0.300115
24.0222 0.300101
24.0414 0.300088
24.0619 0.300202
24.0823 0.300677
24.1003 0.300967
24.122 0.301471
24.1424 0.302163
24.1616 0.302892
24.1832 0.303906
24.2037 0.304917
24.2217 0.305803
24.2445 0.307077
24.2637 0.308193
24.2842 0.309419
24.3034 0.310616
24.3262 0.312164
24.3442 0.313394
24.3647 0.314595
24.3863 0.316145
24.4031 0.317252
24.4248 0.318471
24.4452 0.319787
24.4644 0.321063
24.4848 0.322305
24.5065 0.323767
24.5257 0.325171
24.5461 0.32665
24.5653 0.327944
24.587 0.329326
24.6074 0.330785
24.629 0.332562
24.6483 0.334117
24.6699 0.335727
24.6891 0.337261
24.7095 0.338729
24.73 0.340137
24.7504 0.341745
24.7696 0.343152
24.7888 0.344383
24.8093 0.34571
24.8297 0.346996
24.8501 0.348372
24.8705 0.349825
24.891 0.351222
24.9114 0.352694
24.9318 0.354108
24.9511 0.355469
24.9727 0.357036
24.9919 0.358406
25.0135 0.35998
25.0328 0.361358
25.0544 0.362938
25.0736 0.364321
25.094 0.365906
25.1145 0.367417
25.1349 0.368865
25.1541 0.370257
25.1746 0.3716
25.1926 0.37265
25.2154 0.374194
25.2346 0.375545
25.2539 0.376726
25.2767 0.378261
25.2983 0.379978
25.3211 0.382106
25.3416 0.384093
25.3596 0.385956
25.3776 0.387962
25.3956 0.390091
25.4149 0.392455
25.4353 0.395273
25.4545 0.398114
25.4738 0.4011
25.4954 0.404587
25.5146 0.408139
25.5326 0.411621
25.5519 0.415169
25.5687 0.418523
25.5843 0.421582
25.6023 0.424635
25.6191 0.427555
25.6456 0.430861
25.6708 0.433753
25.6924 0.435909
25.7141 0.43742
25.7333 0.437868
25.7537 0.437634
25.7766 0.43718
25.7982 0.436408
25.8198 0.435232
25.8366 0.433578
25.8547 0.432005
25.8739 0.43063
25.8919 0.429426
25.9111 0.428498
25.9304 0.427686
25.952 0.427225
25.97 0.426822
25.9916 0.426719
26.0109 0.426754
26.0313 0.427035
26.0505 0.427281
26.0709 0.42762
26.0902 0.428043
26.1094 0.428538
26.131 0.429345
26.1503 0.430052
26.1695 0.430671
26.1911 0.431587
26.2091 0.432263
26.2284 0.432981
26.25 0.433858
26.2704 0.434876
26.2884 0.435641
26.3101 0.436686
26.3293 0.4376
26.3485 0.438525
26.3701 0.43971
26.3894 0.440746
26.4086 0.441653
26.4302 0.442821
26.4482 0.443718
26.4687 0.444754
26.4891 0.445909
26.5095 0.447046
26.5276 0.447915
26.5504 0.449176
26.5684 0.450279
26.5876 0.451244
26.6093 0.452463
26.6273 0.453405
26.6465 0.45423
26.6681 0.455326
26.6862 0.456285
26.7066 0.45725
26.727 0.458343
26.7474 0.459425
26.7655 0.460247
26.7871 0.461341
26.8063 0.462424
26.8256 0.463371
26.846 0.464324
26.8664 0.465409
26.8856 0.466358
26.9061 0.467563
26.9265 0.468743
26.9457 0.469775
26.9649 0.470678
26.9854 0.471718
27.0022 0.472378
27.0238 0.473331
27.043 0.47429
27.0611 0.475004
27.0827 0.475878
27.1007 0.476518
27.1235 0.477579
27.1428 0.478631
27.1644 0.479927
27.1836 0.481061
27.2041 0.482304
27.2221 0.483266
27.2377 0.484108
27.2545 0.485094
27.2689 0.485832
27.2846 0.486603
27.3014 0.487528
27.3206 0.488837
27.3362 0.490107
27.3591 0.492094
27.3795 0.493832
27.3963 0.494978
27.4155 0.495856
27.4516 0.498499
27.4732 0.498187
27.4948 0.497413
27.5129 0.495862
27.5345 0.494129
27.5549 0.491988
27.5753 0.489614
27.5958 0.486787
27.6198 0.484064
27.6366 0.480931
27.6547 0.478065
27.6715 0.475182
27.6919 0.472659
27.7087 0.470202
27.7292 0.468176
27.7484 0.466404
27.7676 0.464729
27.788 0.463513
27.8073 0.462324
27.8265 0.461283
27.8481 0.460623
27.8673 0.460045
27.8878 0.459539
27.9082 0.459347
27.9274 0.459054
27.9442 0.458547
27.9659 0.458228
27.9851 0.458075
28.0043 0.457816
28.0247 0.457714
28.0428 0.457374
28.0656 0.457578
28.0848 0.45763
28.1053 0.457927
28.1257 0.458186
28.1449 0.458413
28.1665 0.458861
28.1834 0.459003
28.2062 0.459503
28.2254 0.45994
28.2458 0.460323
28.2663 0.460907
28.2855 0.461294
28.3071 0.462007
28.3263 0.462506
28.3468 0.462943
28.3672 0.463575
28.3876 0.464128
28.4057 0.464487
28.4273 0.465051
28.4465 0.465545
28.4681 0.466227
28.4862 0.466698
28.5066 0.467111
28.5258 0.467472
28.545 0.467788
28.5667 0.468315
28.5859 0.46865
28.6075 0.469319
28.6255 0.469654
28.6472 0.470322
28.6676 0.470907
28.6856 0.471294
28.7073 0.471882
28.7265 0.472397
28.7481 0.473097
28.7673 0.47371
28.7866 0.474121
28.8082 0.474856
28.8262 0.475249
28.8466 0.475718
28.8659 0.476003
28.8875 0.476628
28.9079 0.477174
28.9271 0.477778
28.9488 0.47843
28.968 0.479127
28.9896 0.479861
29.0077 0.480628
29.0221 0.481175
29.0389 0.481778
29.0545 0.482306
29.0689 0.482517
29.0858 0.482953
29.1038 0.483584
29.1266 0.484761
29.1458 0.485541
29.1663 0.486223
29.1879 0.487195
29.2251 0.490046
29.248 0.48954
29.2732 0.489098
29.296 0.488335
29.3201 0.487418
29.3405 0.485866
29.3633 0.484133
29.3862 0.482241
29.409 0.480086
29.427 0.477825
29.4414 0.475097
29.4607 0.47271
29.4775 0.470246
29.4955 0.467965
29.5135 0.46572
29.5316 0.46363
29.552 0.461801
29.5688 0.459951
29.588 0.458332
29.6061 0.456791
29.6241 0.455192
29.6433 0.453793
29.6625 0.452444
29.6806 0.451138
29.701 0.449996
29.7214 0.449246
29.7406 0.448466
29.7623 0.448157
29.7815 0.447763
29.8019 0.447542
29.8211 0.44735
29.8416 0.447306
29.8632 0.447518
29.8812 0.447578
29.904 0.448006
29.9209 0.448005
29.9425 0.448254
29.9641 0.448848
29.9834 0.449242
30.0038 0.449711
30.0242 0.450247
30.0446 0.450842
30.0639 0.451236
30.0855 0.451957
30.1047 0.452462
30.1263 0.453279
30.1456 0.45387
30.1672 0.454636
30.1876 0.455431
30.2081 0.456252
30.2285 0.457096
30.2489 0.457834
30.2693 0.45873
30.2886 0.459388
30.309 0.46009
30.3282 0.460704
30.3498 0.461491
30.3679 0.461929
30.3895 0.462688
30.4087 0.463227
30.4304 0.464074
30.4508 0.464815
30.4688 0.465338
30.4916 0.466171
30.5097 0.466774
30.5313 0.467552
30.5493 0.468108
30.5721 0.46897
30.5926 0.469849
30.6142 0.470868
30.6346 0.471884
30.655 0.472899
30.6755 0.473911
30.6947 0.474672
30.7127 0.475213
30.7344 0.475937
30.7536 0.47657
30.7728 0.476998
30.7884 0.477499
30.8028 0.477686
30.8185 0.477975
30.8341 0.478229
30.8509 0.47845
30.8653 0.478644
30.881 0.478688
30.9014 0.479477
30.9218 0.479918
30.9386 0.479928
30.9627 0.480687
31.0011 0.483351
31.0287 0.483432
31.0528 0.483253
31.0792 0.483221
31.1044 0.483069
31.1237 0.48206
31.1489 0.481053
31.1741 0.480171
31.1946 0.47865
31.2126 0.476693
31.2318 0.474982
31.2474 0.472984
31.2643 0.470986
31.2811 0.468863
31.3003 0.467005
31.3171 0.465004
31.3352 0.463129
31.3532 0.461238
31.37 0.459333
31.388 0.457416
31.4048 0.455364
31.4253 0.453694
31.4445 0.452232
31.4625 0.450703
31.483 0.44949
31.5022 0.448429
31.5226 0.447625
31.5406 0.446672
31.5623 0.446213
31.5827 0.445811
31.6019 0.44546
31.6235 0.445403
31.644 0.445477
31.6632 0.445543
31.6836 0.445725
31.7028 0.445759
31.7245 0.446164
31.7461 0.446769
31.7629 0.446923
31.7846 0.447307
31.805 0.447769
31.8254 0.448298
31.8458 0.448886
31.8639 0.44915
31.8855 0.449756
31.9071 0.450537
31.9263 0.45122
31.9468 0.451817
31.9672 0.45259
31.9876 0.453266
32.0093 0.454233
32.0273 0.454829
32.0477 0.455475
32.0693 0.456291
32.0886 0.457004
32.1102 0.457879
32.1294 0.458644
32.1498 0.459314
32.1715 0.460274
32.1919 0.461115
32.2111 0.461976
32.2315 0.462729
32.2508 0.463388
32.2712 0.464089
32.2916 0.464828
32.3121 0.4656
32.3349 0.46665
32.3541 0.467568
32.3745 0.468497
32.395 0.46931
32.4154 0.470271
32.4358 0.471112
32.4562 0.472098
32.4767 0.472961
32.4995 0.474216
32.5199 0.475314
32.538 0.47615
32.5572 0.476881
32.5752 0.477396
32.5884 0.477471
32.6064 0.477912
32.6209 0.478048
32.6377 0.478292
32.6521 0.478506
32.6665 0.478443
32.6834 0.478637
32.7002 0.478933
32.7206 0.479191
32.7398 0.479417
32.7627 0.479865
32.8047 0.483007
32.8311 0.483131
32.8564 0.483115
32.884 0.48335
32.9068 0.483057
32.9333 0.482924
32.9561 0.482434
32.9801 0.481755
33.0042 0.48091
33.0246 0.479797
33.0414 0.478447
33.0607 0.477266
33.0775 0.475858
33.0967 0.474626
33.1111 0.472922
33.1291 0.471307
33.1448 0.469269
33.1628 0.46736
33.1796 0.465315
33.1976 0.463401
33.2169 0.461601
33.2349 0.459901
33.2529 0.458163
33.2733 0.456893
33.2926 0.455656
33.3106 0.454449
33.3298 0.453268
33.3502 0.452484
33.3683 0.451549
33.3851 0.45048
33.3983 0.44867
33.4127 0.446461
33.4259 0.443654
33.4392 0.440572
33.4536 0.437126
33.4668 0.43336
33.48 0.429315
33.4944 0.425151
33.5076 0.420632
33.5209 0.415928
33.7091 0.432937
33.7319 0.405195
33.9202 0.38092
33.9401 0.359805
33.9607 0.341455
33.9799 0.325398
33.998 0.311223
34.0161 0.29882
34.0357 0.287968
34.0539 0.278347
34.0733 0.270053
34.0927 0.262672
34.1112 0.256213
34.1302 0.250561
34.1493 0.245616
34.1692 0.241414
34.1908 0.237987
34.21 0.235114
34.2305 0.232725
34.2497 0.230634
34.2639 0.22818
34.2842 0.226282
34.3021 0.224372
34.3216 0.222701
34.3421 0.221488
34.3594 0.220177
34.3799 0.219155
34.4003 0.21851
34.4195 0.217947
34.44 0.217578
34.4592 0.217381
34.4784 0.217208
34.5 0.217307
34.5193 0.217394
34.5409 0.21772
34.5565 0.21763
34.5697 0.216801
34.5911 0.216451
34.6104 0.216145
34.6308 0.216001
34.6512 0.216126
34.6692 0.21611
34.6897 0.216097
34.7101 0.216335
34.7305 0.216668
34.7497 0.216959
34.769 0.217214
34.7894 0.217688
34.8086 0.218102
34.8279 0.218464
34.8495 0.219156
34.8699 0.219886
34.8903 0.220776
34.9096 0.221429
34.9288 0.222
34.9516 0.223
34.9708 0.223875
34.9925 0.225016
35.0141 0.226389
35.0345 0.227715
35.0574 0.229376
35.079 0.231079
35.0982 0.232694
35.121 0.234482
35.1439 0.236422
35.1655 0.238494
35.1871 0.240682
35.2088 0.242847
35.2316 0.245241
35.2508 0.247586
35.2688 0.250013
35.2857 0.252261
35.3049 0.254729
35.3229 0.257262
35.3397 0.259605
35.3578 0.262029
35.3746 0.2644
35.3938 0.266975
35.4118 0.269478
35.4287 0.271919
35.4455 0.274304
35.4635 0.276641
35.4839 0.279311
35.4995 0.281772
35.52 0.28455
35.5464 0.287107
35.5728 0.289468
35.5993 0.29166
35.6233 0.293452
35.6473 0.294771
35.669 0.295424
35.693 0.295871
35.717 0.296137
35.7363 0.295995
35.7543 0.295746
35.7747 0.295528
35.7927 0.295212
35.812 0.294935
35.8288 0.294568
35.8504 0.294622
35.872 0.295044
35.8913 0.295539
35.9129 0.296222
35.9333 0.297069
35.9538 0.297935
35.9742 0.299068
35.9958 0.30031
36.015 0.301521
36.0355 0.302706
36.0559 0.303993
36.0775 0.305494
36.0955 0.306682
36.1172 0.308097
36.1388 0.30971
36.158 0.311246
36.1809 0.312965
36.2001 0.31472
36.2217 0.316505
36.2421 0.318316
36.2638 0.320152
36.283 0.321883
36.3046 0.323773
36.325 0.325676
36.3467 0.327592
36.3671 0.329643
36.3875 0.331562
36.408 0.333367
36.4284 0.335321
36.4476 0.337031
36.468 0.338777
36.4909 0.34068
36.5101 0.342595
36.5305 0.344396
36.5521 0.346346
36.5726 0.348178
36.593 0.350156
36.6134 0.352011
36.6351 0.35401
36.6567 0.356009
36.6771 0.358132
36.6975 0.360116
36.7204 0.362351
36.7396 0.364433
36.7612 0.366628
36.7817 0.368675
36.8009 0.370466
36.8213 0.372407
36.8429 0.374356
36.8646 0.376437
36.8874 0.378757
36.909 0.381288
36.9307 0.383752
36.9523 0.386283
36.9727 0.388747
36.9967 0.391529
37.0184 0.394338
37.0388 0.396921
37.0604 0.399681
37.0809 0.40222
37.1025 0.404818
37.1217 0.407091
37.1433 0.409579
37.1638 0.411882
37.1842 0.414147
37.2034 0.416128
37.2214 0.418112
37.2395 0.420223
37.2575 0.422445
37.2743 0.42464
37.2923 0.426935
37.308 0.428943
37.3284 0.43145
37.3452 0.433894
37.3632 0.436407
37.3825 0.439106
37.4005 0.441843
37.4185 0.444613
37.4377 0.447536
37.4545 0.450344
37.475 0.453426
37.4942 0.456748
37.5194 0.460279
37.5483 0.463869
37.5723 0.466886
37.5975 0.469525
37.6204 0.471584
37.642 0.472886
37.666 0.474026
37.6901 0.474897
37.7117 0.47516
37.7309 0.475015
37.7489 0.474888
37.7694 0.475027
37.7862 0.474899
37.8054 0.474786
37.8246 0.474813
37.8439 0.474837
37.8655 0.475232
37.8847 0.475578
37.9039 0.476006
37.9244 0.47663
37.9448 0.477301
37.9652 0.478139
37.9833 0.478871
38.0025 0.479512
38.0229 0.480198
38.0433 0.481174
38.0602 0.481777
38.0818 0.482555
38.1034 0.48361
38.1238 0.484784
38.1443 0.486061
38.1635 0.487178
38.1851 0.488531
38.2068 0.49009
38.226 0.491454
38.2452 0.492772
38.268 0.49455
38.2861 0.495982
38.3065 0.497359
38.3257 0.498564
38.3461 0.499994
38.3654 0.501244
38.3858 0.502464
38.405 0.503531
38.4266 0.504714
38.4471 0.505875
38.4675 0.506766
38.4855 0.507295
38.5047 0.507758
38.5252 0.508413
38.5468 0.509112
38.5636 0.509348
38.5853 0.509929
38.6057 0.510438
38.6261 0.510883
38.6465 0.511148
38.6658 0.511254
38.6886 0.511848
38.7114 0.512492
38.7306 0.51268
38.7499 0.512845
38.7727 0.51349
38.7907 0.513428
38.8124 0.51375
38.8304 0.513906
38.852 0.514293
38.87 0.514381
38.8881 0.514334
38.9061 0.513917
38.9277 0.513802
38.9505 0.513827
38.971 0.513849
38.989 0.513618
39.007 0.513415
39.0274 0.513363
39.0479 0.513318
39.0647 0.512653
39.0851 0.512447
39.1055 0.512266
39.1236 0.511983
39.1404 0.511985
39.1548 0.511862
39.1716 0.512004
39.1945 0.513128
39.2173 0.514112
39.2389 0.514848
39.2582 0.515492
39.281 0.516431
39.299 0.516752
39.3206 0.517408
39.3543 0.519607
39.3747 0.518406
39.3975 0.517105
39.4168 0.515217
39.436 0.512815
39.4576 0.510338
39.4792 0.507796
39.5033 0.505446
39.5225 0.502641
39.5417 0.499811
39.5586 0.497209
39.579 0.495058
39.597 0.493176
39.6162 0.491529
39.6367 0.490338
39.6547 0.48917
39.6751 0.488399
39.6955 0.487849
39.7136 0.487368
39.734 0.487072
39.7532 0.486938
39.7736 0.487071
39.7929 0.487187
39.8121 0.487414
39.8337 0.487862
39.8553 0.488754
39.8746 0.489535
39.8962 0.490593
39.9166 0.491644
39.9359 0.492688
39.9563 0.493852
39.9755 0.494871
39.9983 0.496387
40.0176 0.497464
40.0392 0.498781
40.0584 0.499808
40.0764 0.500707
40.0969 0.501619
40.1161 0.502541
40.1365 0.503474
40.1545 0.504039
40.1762 0.505035
40.1966 0.505905
40.2158 0.506542
40.2363 0.507349
40.2555 0.507931
40.2771 0.508814
40.2951 0.509213
40.3144 0.509561
40.336 0.510116
40.3576 0.510601
40.3973 0.513401
40.4201 0.513601
40.4393 0.513526
40.4573 0.513335
40.4778 0.513168
40.4958 0.512772
40.5138 0.511801
40.5343 0.511201
40.5523 0.510301
40.5715 0.509388
40.5871 0.508214
40.6063 0.507063
40.6268 0.50618
40.6448 0.505157
40.6652 0.504513
40.6857 0.503949
40.7049 0.503205
40.7253 0.502804
40.7433 0.502204
40.7638 0.501678
40.7818 0.500844
40.801 0.500113
40.8226 0.499724
40.8455 0.499758
40.8839 0.501789
40.8971 0.500565
40.9128 0.499494
40.9296 0.498683
40.9464 0.498222
40.9656 0.498195
40.9861 0.498545
41.0029 0.498602
41.0221 0.498902
41.0425 0.499039
41.063 0.499409
41.0798 0.499483
41.0978 0.499923
41.1338 0.502307
41.1531 0.501519
41.1735 0.500079
41.1951 0.498319
41.218 0.496279
41.2372 0.493744
41.2612 0.491276
41.284 0.488742
41.3069 0.486149
41.3249 0.483255
41.3429 0.480473
41.3634 0.478289
41.3826 0.476378
41.403 0.474831
41.4222 0.473477
41.4427 0.472292
41.4631 0.471506
41.4835 0.470943
41.5027 0.470325
41.5232 0.470034
41.5436 0.46978
41.5628 0.469557
41.582 0.469363
41.6001 0.469067
41.6217 0.469059
41.6445 0.469427
41.6638 0.469748
41.6842 0.470155
41.7034 0.47051
41.7262 0.471322
41.7479 0.472156
41.7683 0.473137
41.7887 0.473995
41.8079 0.474745
41.8296 0.475652
41.8488 0.476446
41.8692 0.47739
41.8909 0.478341
41.9113 0.479424
41.9317 0.480371
41.9533 0.481574
41.9738 0.482628
41.9954 0.483924
42.0146 0.485059
42.0363 0.486301
42.0567 0.487514
42.0723 0.488074
42.0939 0.488815
42.1168 0.489963
42.1372 0.491093
42.1576 0.492206
42.1768 0.493055
42.1973 0.494048
42.2165 0.494792
42.2381 0.495818
42.2585 0.496466
42.2802 0.497158
42.297 0.497263
42.3162 0.49748
42.333 0.497045
42.3547 0.496915
42.3751 0.496925
42.3943 0.49656
42.416 0.496365
42.4352 0.496069
42.4568 0.495685
42.4784 0.4956
42.4965 0.495025
42.5181 0.494897
42.5409 0.49491
42.5601 0.494796
42.5794 0.494696
42.5986 0.494484
42.6202 0.494424
42.6419 0.494496
42.6599 0.494184
42.6767 0.493911
42.6923 0.493672
42.7067 0.493338
42.7248 0.493296
42.7452 0.494009
42.7692 0.495133
42.7873 0.495741
42.8101 0.497023
42.8281 0.498021
42.8485 0.499268
42.869 0.500109
42.905 0.502971
42.9314 0.502974
42.9459 0.501478
42.9651 0.499418
42.9855 0.496866
43.0071 0.494132
43.0312 0.491491
43.0504 0.488305
43.0732 0.485141
43.0937 0.482124
43.1093 0.478983
43.1249 0.475735
43.1465 0.473143
43.1621 0.470501
43.1826 0.468313
43.2006 0.466149
43.221 0.464505
43.2403 0.462942
43.2607 0.461699
43.2787 0.460362
43.3003 0.459442
43.3196 0.458511
43.3388 0.457573
43.3604 0.457001
43.3796 0.456376
43.3965 0.455454
43.4157 0.454522
43.4361 0.453707
43.4577 0.453119
43.4794 0.452854
43.4974 0.452372
43.5202 0.452325
43.5395 0.45216
43.5599 0.452015
43.5803 0.452013
43.6007 0.452011
43.6212 0.452135
43.6416 0.452243
43.6608 0.452088
43.6824 0.452202
43.7029 0.452302
43.7245 0.452639
43.7449 0.452934
43.7654 0.453317
43.7858 0.453653
43.8086 0.454321
43.8278 0.454781
43.8495 0.455433
43.8711 0.456254
43.8915 0.456847
43.9095 0.457116
43.9324 0.457727
43.9516 0.458136
43.9732 0.458744
43.9889 0.458651
44.0093 0.458695
44.0285 0.458608
44.0477 0.458407
44.067 0.458106
44.0886 0.458093
44.1066 0.457706
44.127 0.457493
44.1475 0.457306
44.1667 0.457018
44.1883 0.457016
44.2087 0.457014
44.228 0.456887
44.2484 0.456901
44.27 0.457164
44.2893 0.457268
44.3109 0.457485
44.3313 0.457674
44.3529 0.457965
44.371 0.457969
44.3902 0.457973
44.4106 0.457976
44.431 0.458104
44.4467 0.457841
44.4635 0.457736
44.4791 0.457644
44.4971 0.457814
44.5115 0.457712
44.5308 0.457998
44.5488 0.458498
44.5656 0.458936
44.5848 0.459694
44.6053 0.460982
44.6233 0.462359
44.6413 0.463814
44.6629 0.465088
44.7074 0.466952
44.7314 0.468208
44.7579 0.469182
44.7771 0.469159
44.7987 0.468389
44.8192 0.467091
44.83 0.463829
44.8444 0.459476
44.8576 0.453916
44.8672 0.447802
44.8804 0.441576
44.8913 0.435004
44.9033 0.428254
44.9153 0.421472
44.9285 0.414663
44.9405 0.40783
44.9549 0.401101
44.967 0.394339
45.1564 0.409796
45.1786 0.385072
45.3675 0.363313
45.3872 0.344399
45.4061 0.327849
45.4277 0.313618
45.4457 0.301041
45.4631 0.289785
45.4834 0.280062
45.5024 0.271555
45.5205 0.263985
45.5397 0.257362
45.5588 0.251567
45.5791 0.246746
45.5988 0.242528
45.6166 0.238587
45.6387 0.235513
45.6567 0.232699
45.6771 0.230487
45.6976 0.228676
45.712 0.226466
45.7321 0.224783
45.7514 0.223185
45.7713 0.221912
45.7883 0.220548
45.8075 0.219355
45.8289 0.21856
45.8494 0.218115
45.8722 0.218226
45.895 0.218823
45.9155 0.219345
45.9323 0.219802
45.9515 0.220701
45.9695 0.221864
45.9876 0.223131
46.0068 0.224739
46.0248 0.226522
46.0392 0.227957
46.0524 0.228962
46.0717 0.230342
46.0909 0.231924
46.1113 0.234059
46.1305 0.236426
46.1522 0.239373
46.1738 0.242576
46.193 0.246004
46.2159 0.249879
46.2339 0.253519
46.2543 0.257454
46.2747 0.261522
46.2964 0.265832
46.3168 0.270228
46.3384 0.27495
46.3564 0.279456
46.3757 0.283774
46.3937 0.287927
46.4117 0.291936
46.4285 0.295569
46.4478 0.299248
46.4658 0.302842
46.4802 0.305987
46.4946 0.308613
46.5139 0.310787
46.5367 0.312438
46.5559 0.313259
46.5775 0.313601
46.598 0.313276
46.6208 0.312742
46.6436 0.312149
46.6653 0.311255
46.6905 0.310473
46.7073 0.309164
46.7289 0.308394
46.7482 0.307844
46.7698 0.307739
46.7902 0.307897
46.8095 0.308034
46.8299 0.308405
46.8503 0.30898
46.8695 0.309607
46.8912 0.310531
46.9104 0.31134
46.9308 0.312297
46.9512 0.313385
46.9717 0.314587
46.9921 0.315889
47.0113 0.317153
47.0305 0.318258
47.0522 0.319601
47.0714 0.320901
47.0942 0.322538
47.1123 0.323971
47.1339 0.325475
47.1519 0.326665
47.1723 0.328082
47.194 0.329572
47.2132 0.331125
47.236 0.332985
47.254 0.334612
47.2757 0.336285
47.2937 0.337625
47.3141 0.339171
47.3358 0.340775
47.355 0.342303
47.3754 0.34389
47.3958 0.345404
47.4163 0.347103
47.4367 0.348716
47.4559 0.350251
47.4775 0.35197
47.4968 0.353599
47.5184 0.355399
47.5388 0.357099
47.5605 0.359086
47.5773 0.360576
47.5989 0.362254
47.6181 0.363847
47.6386 0.365366
47.6602 0.367195
47.6794 0.368796
47.6998 0.370446
47.7203 0.372141
47.7395 0.373748
47.7611 0.37553
47.7791 0.376963
47.8008 0.378593
47.82 0.380019
47.8404 0.381641
47.8621 0.383436
47.8801 0.384882
47.9005 0.386397
47.9221 0.388097
47.9414 0.38971
47.963 0.391371
47.9846 0.3932
48.005 0.395175
48.0255 0.397028
48.0459 0.398899
48.0699 0.401162
48.0916 0.403642
48.112 0.405937
48.1348 0.408444
48.1576 0.411264
48.1757 0.413606
48.1937 0.41603
48.2105 0.418401
48.2273 0.420851
48.2442 0.423245
48.2622 0.425714
48.2814 0.428375
48.297 0.430828
48.3163 0.433475
48.3307 0.435665
48.3487 0.438082
48.3655 0.440447
48.3823 0.442766
48.3992 0.445045
48.4184 0.44754
48.4388 0.450347
48.4677 0.453304
48.4917 0.455891
48.5169 0.458154
48.541 0.46001
48.5626 0.461259
48.5866 0.462351
48.6094 0.463058
48.6323 0.463425
48.6527 0.463122
48.6731 0.462857
48.69 0.46225
48.708 0.461594
48.7236 0.460769
48.744 0.460298
48.7633 0.460011
48.7837 0.459885
48.8053 0.460149
48.8221 0.460255
48.8414 0.460348
48.8594 0.46043
48.8786 0.460501
48.899 0.460814
48.9159 0.460837
48.9387 0.461357
48.9555 0.461688
48.9747 0.461977
48.9964 0.46273
49.0132 0.463138
49.0336 0.463621
49.054 0.464418
49.0745 0.465241
49.0937 0.466086
49.1165 0.467325
49.1345 0.468285
49.155 0.469374
49.1754 0.470577
49.1958 0.47188
49.2175 0.473395
49.2355 0.474721
49.2571 0.476256
49.2751 0.477474
49.2968 0.478914
49.316 0.480175
49.334 0.481403
49.3532 0.482478
49.3725 0.483418
49.3929 0.484491
49.4109 0.485304
49.4301 0.486266
49.4494 0.487108
49.4686 0.48797
49.489 0.488973
49.5082 0.489852
49.5275 0.490745
49.5467 0.491527
49.5659 0.492336
49.5851 0.493169
49.6068 0.494148
49.626 0.495005
49.6476 0.496004
49.6669 0.496753
49.6897 0.497784
49.7113 0.498811
49.7305 0.49946
49.7534 0.500527
49.7738 0.501336
49.7954 0.502544
49.8183 0.503726
49.8339 0.504261
49.8531 0.504978
49.8723 0.505606
49.894 0.506405
49.9156 0.507229
49.9324 0.507826
49.9516 0.508347
49.9709 0.508804
49.9889 0.509079
50.0081 0.509194
50.0273 0.509295
50.0478 0.509508
50.0646 0.509444
50.0826 0.509139
50.0958 0.508371
50.1102 0.5077
50.1283 0.507487
50.1439 0.507302
50.1643 0.507514
50.1884 0.508325
50.21 0.508784
50.2316 0.509311
50.2556 0.510397
50.2761 0.511097
50.2977 0.51171
50.3313 0.513872
50.3578 0.513513
50.3806 0.512949
50.4034 0.51233
50.4275 0.511664
50.4467 0.510331
50.4683 0.508789
50.4875 0.506816
50.5116 0.504964
50.532 0.502843
50.5488 0.500238
50.5645 0.497708
50.5825 0.49537
50.5993 0.493198
50.6173 0.491174
50.6341 0.489152
50.6498 0.487008
50.6666 0.484882
50.6858 0.483147
50.7038 0.481503
50.7231 0.48019
50.7399 0.478792
50.7603 0.477818
50.7831 0.47759
50.8024 0.477392
50.8216 0.477343
50.8408 0.4773
50.8624 0.477637
50.8805 0.477933
50.9033 0.478691
50.9213 0.479355
50.9442 0.480435
50.9646 0.481256
50.9874 0.482474
51.0102 0.483415
51.0283 0.483863
51.0499 0.484005
51.0679 0.484004
51.0896 0.484379
51.1088 0.484706
51.1292 0.485243
51.1496 0.485838
51.1677 0.486233
51.1893 0.486829
51.2085 0.48735
51.2277 0.487807
51.247 0.488206
51.265 0.48843
51.2854 0.488876
51.3046 0.489267
51.3239 0.489608
51.3443 0.490157
51.3647 0.490763
51.3851 0.491542
51.4032 0.4921
51.4224 0.492587
51.4416 0.492889
51.4632 0.493528
51.4873 0.494337
51.5113 0.49517
51.5293 0.495773
51.551 0.496427
51.569 0.496873
51.5906 0.497389
51.611 0.498091
51.6339 0.498829
51.6519 0.499226
51.6723 0.499822
51.6916 0.500095
51.7108 0.500333
51.7276 0.500291
51.7468 0.500255
51.7648 0.499973
51.7853 0.499976
51.8021 0.499729
51.8213 0.499513
51.8393 0.498949
51.8586 0.49833
51.8778 0.497539
51.8958 0.496722
51.9163 0.496256
51.9331 0.496099
51.9475 0.495837
51.9631 0.495607
51.9835 0.495656
52.0076 0.495699
52.0268 0.495862
52.0496 0.496254
52.0677 0.496597
52.0905 0.497023
52.1109 0.49727
52.1349 0.497736
52.1758 0.498394
52.1986 0.49872
52.2251 0.49913
52.2479 0.499114
52.2731 0.499099
52.296 0.498712
52.32 0.498248
52.344 0.497717
52.3656 0.496752
52.3837 0.495283
52.4005 0.493748
52.4161 0.492029
52.4353 0.490526
52.451 0.48871
52.4702 0.487246
52.4858 0.485465
52.5038 0.483782
52.5231 0.482435
52.5411 0.48113
52.5591 0.479864
52.5771 0.478506
52.5976 0.477443
52.618 0.476637
52.636 0.475933
52.6552 0.475316
52.6757 0.474902
52.6937 0.474414
52.7141 0.474237
52.7333 0.474083
52.7526 0.473947
52.773 0.473954
52.7934 0.47396
52.8175 0.47384
52.8403 0.473985
52.8607 0.474237
52.8799 0.474457
52.9016 0.475025
52.9232 0.475897
52.9424 0.476535
52.9616 0.477093
52.9821 0.477831
53.0013 0.478477
53.0217 0.479168
53.0422 0.480022
53.0614 0.480769
53.083 0.481798
53.1022 0.482698
53.1239 0.483736
53.1419 0.484519
53.1623 0.485454
53.1827 0.486272
53.2032 0.487238
53.2236 0.488208
53.2428 0.489057
53.262 0.489925
53.2825 0.49081
53.3017 0.491583
53.3209 0.49226
53.3401 0.492978
53.3606 0.493731
53.381 0.494639
53.4026 0.495434
53.4231 0.496005
53.4423 0.496504
53.4615 0.496941
53.4819 0.497199
53.5 0.497299
53.518 0.497137
53.536 0.496744
53.5552 0.496401
53.5769 0.495976
53.5949 0.495479
53.6129 0.494669
53.6309 0.493836
53.6514 0.493231
53.6718 0.492702
53.6922 0.492239
53.7102 0.491585
53.7307 0.491136
53.7475 0.490369
53.7619 0.489573
53.7799 0.489252
53.7944 0.48897
53.8124 0.488974
53.8304 0.489102
53.8508 0.489214
53.8725 0.489438
53.8965 0.490008
53.9181 0.490632
53.9385 0.491303
53.959 0.492015
54.0022 0.493388
54.0275 0.493715
54.0503 0.493625
54.0767 0.493547
54.0996 0.493104
54.1248 0.492591
54.1512 0.492142
54.1765 0.491624
54.1957 0.490296
54.2161 0.489259
54.2317 0.487852
54.2498 0.48637
54.2678 0.484949
54.2846 0.483455
54.3014 0.481773
54.3195 0.480177
54.3363 0.47853
54.3543 0.476963
54.3723 0.475343
54.3903 0.4738
54.4084 0.472325
54.4252 0.470784
54.4444 0.469311
54.4612 0.467772
54.4793 0.466301
54.4973 0.464888
54.5153 0.463527
54.5357 0.462336
54.555 0.461294
54.5754 0.460633
54.5958 0.460178
54.6138 0.459531
54.6343 0.459215
54.6559 0.459188
54.6739 0.458914
54.6944 0.458925
54.7136 0.458934
54.734 0.459193
54.7532 0.459294
54.7725 0.459382
54.7929 0.459584
54.8133 0.460011
54.8337 0.46051
54.8542 0.461071
54.8746 0.461687
54.8938 0.462226
54.9154 0.463073
54.9371 0.464064
54.9563 0.464931
54.9767 0.465815
54.9948 0.466463
55.0164 0.467405
55.0356 0.468104
55.0536 0.468591
55.0741 0.469267
55.0933 0.469859
55.1113 0.470127
55.1317 0.470486
55.1522 0.47105
55.1702 0.471419
55.1906 0.471866
55.2086 0.472008
55.2267 0.472007
55.2471 0.472256
55.2663 0.472474
55.2855 0.472665
55.3036 0.472707
55.3228 0.472743
55.342 0.472901
55.36 0.472788
55.3805 0.472814
55.3985 0.472713
55.4189 0.472749
55.4381 0.472905
55.4586 0.473167
55.4754 0.473146
55.4958 0.473253
55.5174 0.473596
55.5355 0.473772
55.5523 0.473675
55.5691 0.473841
55.5847 0.473986
55.6028 0.474362
55.6184 0.474817
55.6364 0.47559
55.652 0.476266
55.6737 0.477108
55.6917 0.477844
55.7121 0.478864
55.7313 0.479506
55.7518 0.480193
55.771 0.480794
55.8142 0.482194
55.8371 0.483045
55.8623 0.483789
55.8875 0.484316
55.9128 0.484776
55.9392 0.485304
55.9632 0.485641
55.9873 0.485686
56.0125 0.485725
56.0329 0.485385
56.051 0.484962
56.0714 0.484841
56.0894 0.484611
56.1086 0.48441
56.1279 0.484234
56.1423 0.483579
56.1591 0.482757
56.1783 0.482037
56.1976 0.481408
56.212 0.480232
56.2276 0.478953
56.2444 0.477584
56.2648 0.476511
56.2817 0.475322
56.2949 0.473532
56.3069 0.47109
56.5058 0.438579
56.5247 0.410132
56.7168 0.38524
56.7365 0.363585
56.7565 0.344762
56.7757 0.328292
56.7961 0.31413
56.8113 0.301239
56.831 0.290084
56.8507 0.280324
56.8686 0.271658
56.8869 0.264076
56.9068 0.257566
56.9247 0.251746
56.9454 0.246902
56.9634 0.24254
56.9851 0.239097
57.0043 0.236085
57.0247 0.233574
57.0439 0.231378
57.0583 0.228955
57.078 0.226961
57.0948 0.224966
57.1137 0.22322
57.1326 0.221693
57.1516 0.220356
57.1727 0.219437
57.1919 0.218632
57.2136 0.218303
57.234 0.218265
57.2568 0.218607
57.2797 0.219531
57.3013 0.220715
57.3181 0.22175
57.3349 0.222657
57.3542 0.224074
57.3698 0.225315
57.3842 0.226401
57.395 0.226851
57.413 0.227619
57.4335 0.228917
57.4515 0.230427
57.4707 0.232249
57.4899 0.234218
57.5092 0.236566
57.5308 0.23937
57.5488 0.242199
57.5717 0.245674
57.5909 0.249215
57.6137 0.253313
57.6305 0.257149
57.6522 0.261255
57.6726 0.265473
57.693 0.269914
57.7134 0.274425
57.7327 0.278872
57.7543 0.283638
57.7735 0.288308
57.7915 0.29277
57.8108 0.297173
57.8288 0.301402
57.8456 0.305351
57.8624 0.309183
57.8853 0.31291
57.9069 0.315796
57.9273 0.317821
57.9478 0.319094
57.967 0.319457
57.9886 0.319525
58.009 0.319084
58.0331 0.318699
58.0571 0.318236
58.0715 0.316957
58.0895 0.315837
58.11 0.314983
58.1292 0.314485
58.1508 0.314424
58.1713 0.314621
58.1905 0.314919
58.2109 0.315429
58.2301 0.316
58.2518 0.316875
58.2722 0.317891
58.2914 0.318904
58.3106 0.319916
58.3323 0.321177
58.3527 0.32253
58.3731 0.324088
58.3935 0.325577
58.4128 0.327005
58.4344 0.328755
58.4536 0.330285
58.4729 0.33175
58.4957 0.333656
58.5137 0.335199
58.5341 0.336924
58.5546 0.338684
58.5738 0.340223
58.5954 0.34207
58.6158 0.343936
58.6339 0.345444
58.6555 0.347264
58.6771 0.349356
58.6951 0.351061
58.7156 0.352804
58.7372 0.354828
58.7552 0.356475
58.7769 0.35829
58.7949 0.359879
58.8165 0.361644
58.8381 0.363689
58.8562 0.365478
58.8766 0.367168
58.8982 0.369147
58.9174 0.370879
58.9391 0.372894
58.9583 0.374782
58.9775 0.376434
58.998 0.37813
59.0184 0.379989
59.0376 0.381615
59.0592 0.383538
59.0773 0.385221
59.0989 0.386943
59.1193 0.388825
59.1385 0.390597
59.159 0.392273
59.1818 0.394364
59.1974 0.395943
59.2202 0.397825
59.2407 0.399722
59.2611 0.401757
59.2803 0.403537
59.3008 0.405345
59.32 0.407052
59.3416 0.40892
59.3596 0.410555
59.3825 0.412611
59.4041 0.414785
59.4245 0.416937
59.4449 0.419069
59.4678 0.421436
59.4882 0.423881
59.5122 0.426646
59.5327 0.429315
59.5531 0.432026
59.5699 0.434523
59.5891 0.437332
59.6048 0.439916
59.6204 0.442301
59.6348 0.444264
59.6504 0.446231
59.6684 0.448327
59.6853 0.450411
59.7057 0.452985
59.7213 0.455362
59.7405 0.457941
59.7562 0.460449
59.7754 0.463143
59.791 0.465625
59.8126 0.468672
59.8415 0.471838
59.8667 0.474733
59.8943 0.477641
59.9208 0.480436
59.9448 0.482757
59.9664 0.484537
59.9857 0.485345
60.0097 0.486052
60.0325 0.486545
60.0506 0.486477
60.0674 0.486293
60.0854 0.486006
60.1034 0.485755
60.1202 0.485411
60.1371 0.484859
60.1551 0.484377
60.1755 0.484205
60.1935 0.483929
60.2128 0.483813
60.2296 0.483586
60.2488 0.483388
60.268 0.483465
60.2873 0.483657
60.3041 0.483575
60.3233 0.483628
60.3425 0.483799
60.3618 0.483949
60.3798 0.484081
60.3966 0.484071
60.4158 0.484062
60.4351 0.484304
60.4543 0.484641
60.4747 0.485061
60.4988 0.485553
60.524 0.486234
60.542 0.486955
60.5636 0.487836
60.5829 0.488731
60.6045 0.490015
60.6213 0.490888
60.6417 0.491902
60.6622 0.493164
60.6814 0.494269
60.7018 0.495485
60.7198 0.496549
60.7403 0.497731
60.7583 0.498764
60.7775 0.499669
60.7955 0.50046
60.8136 0.501153
60.8328 0.501759
60.852 0.502539
60.87 0.503221
60.8893 0.503819
60.9073 0.504341
60.9253 0.504799
60.9445 0.505199
60.965 0.505799
60.9866 0.506574
61.0094 0.507127
61.0347 0.507611
61.0551 0.508285
61.0779 0.508999
61.0959 0.509499
61.1176 0.509937
61.1368 0.510445
61.1548 0.510764
61.1789 0.511419
61.1981 0.512116
61.2173 0.512602
61.2365 0.513027
61.257 0.513398
61.275 0.513724
61.293 0.514008
61.311 0.514257
61.3303 0.514475
61.3519 0.515041
61.3699 0.515285
61.3867 0.515375
61.4048 0.515328
61.4192 0.514912
61.436 0.514673
61.4492 0.514464
61.4636 0.514156
61.4805 0.514136
61.4997 0.513994
61.5225 0.51387
61.5441 0.513386
61.5658 0.512963
61.5874 0.512593
61.6054 0.512269
61.6295 0.512235
61.6715 0.512831
61.6955 0.513227
61.7184 0.513448
61.7436 0.513642
61.7664 0.513687
61.7905 0.513601
61.8133 0.513401
61.8373 0.513101
61.8566 0.512213
61.871 0.510187
61.8866 0.508038
61.9046 0.506159
61.9202 0.504264
61.9359 0.502106
61.9527 0.500093
61.9683 0.497956
61.9851 0.495961
62.002 0.493966
62.02 0.492095
62.038 0.490584
62.0548 0.489011
62.0704 0.487259
62.0909 0.485977
62.1077 0.48473
62.1293 0.484014
62.1461 0.483262
62.1654 0.482729
62.1846 0.482263
62.205 0.48223
62.2255 0.482201
62.2483 0.482176
62.2747 0.482404
62.2975 0.482604
62.3216 0.482778
62.3432 0.483306
62.3624 0.483893
62.3817 0.484406
62.3997 0.484855
62.4189 0.485373
62.4369 0.485702
62.4574 0.486364
62.4754 0.486944
62.4958 0.487576
62.5126 0.488004
62.5343 0.488753
62.5535 0.489409
62.5751 0.490358
62.5919 0.490813
62.6124 0.491462
62.6328 0.492154
62.6532 0.49301
62.6724 0.493758
62.6905 0.494164
62.7097 0.494518
62.7301 0.495078
62.7493 0.495569
62.7758 0.496248
62.7974 0.496717
62.8226 0.497252
62.8443 0.49772
62.8659 0.49838
62.8827 0.498708
62.9032 0.499244
62.9236 0.499839
62.9428 0.500359
62.9632 0.501064
62.9825 0.501681
63.0017 0.502221
63.0209 0.502693
63.0401 0.503107
63.0606 0.503593
63.0846 0.504269
63.1002 0.504486
63.1206 0.5048
63.1387 0.50495
63.1579 0.504831
63.1771 0.504852
63.1939 0.504496
63.2132 0.504309
63.2336 0.504145
63.2504 0.503752
63.2756 0.503283
63.2889 0.502498
63.3021 0.501685
63.3177 0.50085
63.3393 0.500119
63.361 0.499479
63.3778 0.498919
63.3994 0.498554
63.421 0.498485
63.4415 0.498549
63.4631 0.498731
63.4859 0.499264
63.5268 0.500106
63.5544 0.501093
63.5809 0.502081
63.6061 0.502946
63.6313 0.503703
63.6542 0.504115
63.677 0.503976
63.701 0.503854
63.7214 0.502997
63.7419 0.501997
63.7587 0.500873
63.7755 0.499639
63.7911 0.498184
63.808 0.496536
63.826 0.494969
63.8428 0.493348
63.8608 0.491804
63.8789 0.490329
63.8969 0.488913
63.9113 0.487174
63.9281 0.485402
63.9473 0.483852
63.9654 0.48237
63.9846 0.481074
64.0014 0.47969
64.0218 0.478603
64.0423 0.477903
64.0615 0.47729
64.0807 0.476754
64.1036 0.47616
64.1264 0.47564
64.1492 0.47531
64.1732 0.474896
64.1949 0.474659
64.2165 0.474702
64.2345 0.474614
64.2538 0.474537
64.2742 0.47472
64.2958 0.475005
64.315 0.475379
64.3355 0.475832
64.3547 0.476228
64.3751 0.476824
64.3955 0.477471
64.4172 0.478412
64.4352 0.479111
64.4568 0.479972
64.476 0.480851
64.4965 0.481744
64.5145 0.482401
64.5373 0.483476
64.5554 0.484292
64.5758 0.48513
64.5962 0.486114
64.6166 0.4871
64.6383 0.488337
64.6575 0.48942
64.6767 0.490368
64.6959 0.491197
64.714 0.491797
64.7356 0.492697
64.7548 0.493485
64.774 0.494175
64.7969 0.495028
64.8125 0.495274
64.8329 0.49549
64.8546 0.496054
64.8738 0.496297
64.8966 0.496885
64.917 0.497274
64.9375 0.49774
64.9579 0.498147
64.9747 0.498129
64.9951 0.498238
65.0156 0.498458
65.0372 0.498651
65.0552 0.498695
65.0744 0.498733
65.0925 0.498391
65.1081 0.498217
65.1261 0.49844
65.1393 0.498385
65.1574 0.498587
65.1766 0.498764
65.1958 0.498918
65.2138 0.499053
65.2367 0.499297
65.2559 0.49951
65.2727 0.499321
65.2991 0.499781
65.3172 0.500433
65.3556 0.500504
65.3784 0.500316
65.4025 0.499902
65.4277 0.499539
65.4541 0.499346
65.4794 0.499178
65.5034 0.498906
65.5262 0.498293
65.5491 0.497381
65.5683 0.496458
65.5875 0.495651
65.6043 0.494695
65.6248 0.493858
65.6416 0.492876
65.6596 0.491766
65.6764 0.490545
65.6921 0.489102
65.7101 0.487589
65.7245 0.485641
65.7425 0.483686
65.763 0.4821
65.781 0.480587
65.7966 0.478764
65.8122 0.476794
65.8303 0.474819
65.8471 0.472842
65.8663 0.470987
65.8831 0.469113
65.9023 0.467474
65.9228 0.46604
65.9456 0.464785
65.9708 0.463812
65.9949 0.46321
66.0117 0.461934
66.0333 0.461067
66.0525 0.460309
66.073 0.459645
66.0934 0.459315
66.1138 0.45915
66.1343 0.459131
66.1523 0.45899
66.1739 0.458991
66.1931 0.459117
66.2136 0.459353
66.2352 0.459809
66.2568 0.460458
66.2748 0.460775
66.2953 0.461303
66.3181 0.462266
66.3385 0.463107
66.3578 0.463844
66.3782 0.464613
66.3974 0.465287
66.419 0.466251
66.4371 0.466845
66.4563 0.467364
66.4779 0.467943
66.4971 0.468576
66.5152 0.468879
66.5344 0.469144
66.5536 0.469376
66.574 0.469704
66.5909 0.469616
66.6113 0.469664
66.6317 0.469831
66.6521 0.470227
66.6726 0.470574
66.693 0.471002
66.711 0.471252
66.7315 0.471595
66.7507 0.471896
66.7687 0.471909
66.7915 0.47242
66.8108 0.472743
66.8288 0.4729
66.848 0.473037
66.8672 0.473158
66.8877 0.473388
66.9057 0.473339
66.9225 0.473297
66.9369 0.47301
66.9549 0.473134
66.9718 0.473367
66.9874 0.473696
67.003 0.473984
67.0222 0.474736
67.0415 0.475394
67.0595 0.47572
67.0811 0.47663
67.1015 0.477301
67.122 0.477888
67.1616 0.480902
67.1857 0.48079
67.2145 0.481066
67.2421 0.481558
67.2686 0.481988
67.2962 0.482614
67.3226 0.483163
67.3479 0.483517
67.3743 0.483953
67.3947 0.483709
67.4152 0.48362
67.4356 0.483668
67.4572 0.483959
67.4776 0.484339
67.4969 0.484547
67.5173 0.484978
67.5365 0.485356
67.5557 0.485562
67.5738 0.485616
67.5882 0.485039
67.6074 0.484534
67.6254 0.483968
67.6423 0.483097
67.6567 0.48171
67.6687 0.479496
67.6807 0.476684
67.8799 0.443473
67.8993 0.414414
68.0911 0.389112
68.1113 0.366973
68.1325 0.347852
68.1529 0.33112
68.1688 0.316105
68.1882 0.303092
68.2076 0.291581
68.2282 0.281758
68.2473 0.273038
68.2664 0.265408
68.2854 0.258607
68.3065 0.252906
68.325 0.247918
68.346 0.243553
68.3664 0.239984
68.3868 0.236861
68.4061 0.234254
68.4212 0.231347
68.4406 0.228803
68.46 0.226703
68.4817 0.22499
68.4989 0.223241
68.5183 0.221711
68.5377 0.220372
68.5595 0.219576
68.5811 0.219129
68.5992 0.218613
68.6196 0.218161
68.6424 0.218266
68.6628 0.218358
68.6833 0.218688
68.7001 0.218727
68.7169 0.218261
68.7331 0.217603
68.755 0.217153
68.7742 0.216884
68.7934 0.216648
68.8151 0.216692
68.8355 0.216856
68.8571 0.217249
68.8763 0.217593
68.8968 0.217894
68.9184 0.218532
68.94 0.219465
68.9593 0.220157
68.9797 0.220888
69.0001 0.221652
69.0229 0.222695
69.0434 0.223858
69.065 0.225001
69.0878 0.226501
69.1107 0.228188
69.1335 0.230165
69.1503 0.231769
69.1671 0.233423
69.1888 0.235495
69.2068 0.237683
69.226 0.240098
69.2452 0.242711
69.2645 0.245372
69.2837 0.2482
69.3041 0.2513
69.3233 0.254513
69.3438 0.257824
69.3666 0.261721
69.3846 0.265381
69.4038 0.268958
69.4231 0.272713
69.4423 0.276374
69.4615 0.280077
69.4807 0.283693
69.4976 0.287106
69.5264 0.291093
69.5516 0.294456
69.5757 0.297149
69.5973 0.299006
69.6201 0.30038
69.643 0.301082
69.6658 0.301322
69.6874 0.301032
69.7115 0.300528
69.7271 0.299212
69.7475 0.298185
69.7667 0.297162
69.786 0.296267
69.8076 0.295859
69.8292 0.295751
69.8496 0.295782
69.8713 0.29606
69.8917 0.296427
69.9133 0.297124
69.9338 0.297733
69.9542 0.298517
69.9758 0.299327
69.9962 0.300286
70.0191 0.3015
70.0371 0.302438
70.0599 0.303633
70.0803 0.304804
70.1008 0.305953
70.1236 0.307334
70.1416 0.308417
70.1633 0.30974
70.1837 0.310898
70.2053 0.312286
70.2269 0.313625
70.2474 0.315047
70.269 0.316416
70.2894 0.317864
70.3099 0.319256
70.3315 0.320724
70.3507 0.322008
70.3723 0.323382
70.394 0.324835
70.4156 0.326355
70.436 0.327936
70.4564 0.329444
70.4793 0.331138
70.4997 0.332746
70.5213 0.334403
70.543 0.335977
70.5622 0.337355
70.5838 0.338811
70.6054 0.340335
70.6271 0.341918
70.6487 0.343428
70.6691 0.344999
70.6896 0.346375
70.7112 0.347828
70.7328 0.349224
70.7544 0.350821
70.7761 0.352469
70.7977 0.354035
70.8181 0.355531
70.8398 0.357089
70.8614 0.358703
70.883 0.360365
70.9034 0.36182
70.9263 0.363592
70.9455 0.365018
70.9671 0.366516
70.9864 0.367701
71.0104 0.369364
71.032 0.371068
71.0548 0.37281
71.0765 0.374583
71.0993 0.376636
71.1221 0.378806
71.1462 0.381205
71.169 0.383555
71.193 0.38636
71.2111 0.388815
71.2291 0.391213
71.2471 0.393562
71.2663 0.395991
71.2868 0.398743
71.306 0.401525
71.3252 0.404459
71.3456 0.407527
71.3649 0.410586
71.3853 0.414013
71.4033 0.417261
71.4225 0.420478
71.4394 0.423419
71.4586 0.426366
71.4766 0.429321
71.5054 0.432905
71.5319 0.435917
71.5547 0.438178
71.5775 0.43978
71.6016 0.440808
71.6244 0.441332
71.6484 0.44154
71.6713 0.441223
71.6953 0.440695
71.7133 0.439608
71.7337 0.438657
71.7542 0.43795
71.777 0.437831
71.7974 0.437727
71.8203 0.438011
71.8407 0.43826
71.8623 0.438852
71.8827 0.439371
71.9044 0.440075
71.926 0.44094
71.9464 0.441823
71.9681 0.442845
71.9885 0.443739
72.0089 0.444522
72.0293 0.445457
72.0522 0.44665
72.0738 0.447818
72.0954 0.449091
72.1171 0.45058
72.1375 0.451882
72.1579 0.453022
72.1795 0.454269
72.2012 0.455736
72.2228 0.457144
72.2444 0.458626
72.2649 0.459922
72.2865 0.461432
72.3093 0.463128
72.3297 0.464612
72.3526 0.466286
72.373 0.468
72.3934 0.4695
72.4127 0.470687
72.4355 0.472101
72.4559 0.473464
72.4787 0.475031
72.4992 0.476527
72.5208 0.477961
72.5412 0.479466
72.5629 0.480908
72.5833 0.482294
72.6049 0.483632
72.6253 0.485053
72.6458 0.486297
72.6662 0.48751
72.6878 0.488696
72.7082 0.489984
72.7299 0.491236
72.7503 0.492456
72.7707 0.493524
72.7912 0.494709
72.8116 0.49562
72.832 0.496543
72.8572 0.4976
72.8789 0.498525
72.9017 0.499709
72.9197 0.500496
72.9426 0.501309
72.9618 0.501895
72.9846 0.502408
73.0062 0.502982
73.0291 0.503734
73.0495 0.504268
73.0687 0.504484
73.088 0.504424
73.1096 0.504496
73.1312 0.504684
73.1528 0.504973
73.1733 0.505227
73.1901 0.505698
73.2081 0.506361
73.2225 0.506691
73.2382 0.50698
73.2586 0.507107
73.2778 0.507094
73.2994 0.507207
73.3199 0.507306
73.3391 0.507268
73.3619 0.506859
73.3811 0.506377
73.4148 0.504955
73.4388 0.503335
73.4629 0.501669
73.4857 0.499835
73.5097 0.497856
73.5313 0.495624
73.5554 0.493421
73.5794 0.491118
73.6022 0.488728
73.6239 0.486387
73.6431 0.484339
73.6647 0.482797
73.6827 0.481197
73.7032 0.479922
73.7248 0.478932
73.744 0.478191
73.7645 0.477542
73.7849 0.476974
73.8029 0.476227
73.8245 0.475949
73.845 0.475705
73.8678 0.475867
73.8882 0.476134
73.911 0.476867
73.9303 0.477384
73.9531 0.478211
73.9747 0.479059
73.9952 0.480052
74.0168 0.481045
74.0384 0.482165
74.0588 0.483144
74.0793 0.484251
74.1021 0.485595
74.1369 0.48652
74.1574 0.48733
74.179 0.488164
74.1994 0.488769
74.2211 0.489547
74.2427 0.490229
74.2655 0.491075
74.2847 0.491691
74.3064 0.492355
74.3268 0.49281
74.3484 0.493334
74.3689 0.493792
74.3905 0.494318
74.4097 0.494528
74.4313 0.494962
74.4518 0.495217
74.4734 0.495565
74.495 0.496119
74.5143 0.496354
74.5359 0.496435
74.5575 0.496631
74.5803 0.497177
74.5996 0.497155
74.6332 0.497135
74.6488 0.496368
74.6705 0.495697
74.6897 0.494985
74.7113 0.494362
74.7341 0.494067
74.7558 0.493558
74.775 0.492864
74.7966 0.492506
74.8159 0.491942
74.8363 0.49145
74.8579 0.491018
74.8771 0.490516
74.8988 0.490077
74.9168 0.489442
74.9384 0.489012
74.9588 0.48851
74.9781 0.487822
74.9985 0.487719
75.0141 0.487504
75.0309 0.487316
75.049 0.487276
75.0682 0.487367
75.0874 0.487446
75.1163 0.48689
75.1355 0.486779
75.1547 0.486432
75.1703 0.485753
75.1896 0.484784
75.2304 0.483561
75.2556 0.482116
75.2785 0.480351
75.3025 0.478307
75.3241 0.475769
75.3482 0.473173
75.3722 0.470401
75.3974 0.467726
75.4179 0.46476
75.4383 0.46229
75.4599 0.460129
75.4827 0.458488
75.5032 0.457177
75.5236 0.455905
75.5452 0.454917
75.5657 0.453927
75.5873 0.453311
75.6089 0.452772
75.6293 0.452301
75.651 0.452013
75.6726 0.451887
75.6954 0.452026
75.7159 0.452147
75.7387 0.452504
75.7603 0.452941
75.7831 0.453573
75.8048 0.454252
75.824 0.454595
75.8468 0.455146
75.8673 0.455753
75.8901 0.456534
75.9117 0.457217
75.9333 0.458065
75.9538 0.458682
75.9754 0.459346
75.9982 0.460178
76.0187 0.460906
76.0415 0.461793
76.0643 0.462819
76.0871 0.464091
76.1076 0.46508
76.1292 0.46607
76.1484 0.466811
76.1713 0.46771
76.1929 0.468496
76.2145 0.469309
76.2373 0.470395
76.2578 0.471221
76.2806 0.472193
76.3022 0.473294
76.3239 0.474257
76.3443 0.4751
76.3671 0.476213
76.3899 0.477311
76.4104 0.478272
76.4308 0.478988
76.4512 0.47974
76.4717 0.480272
76.4921 0.480738
76.5125 0.481146
76.5353 0.481753
76.557 0.482284
76.5786 0.482998
76.5966 0.483248
76.6171 0.483467
76.6375 0.483534
76.6579 0.483592
76.6795 0.483768
76.7 0.483797
76.7228 0.483947
76.742 0.483954
76.7624 0.48371
76.7853 0.483621
76.8081 0.483793
76.8273 0.483694
76.8454 0.483732
76.8646 0.484141
76.8826 0.484623
76.8982 0.485045
76.9187 0.485415
76.9355 0.485238
76.9559 0.485083
76.9763 0.484948
76.992 0.484204
77.0124 0.483304
77.0316 0.482266
77.0628 0.480233
77.0869 0.477953
77.1097 0.475334
77.1337 0.472668
77.1578 0.469834
77.1842 0.46723
77.2094 0.464576
77.2371 0.462254
77.2599 0.459597
77.2815 0.457398
77.3032 0.455598
77.3224 0.453773
77.344 0.452302
77.3644 0.451014
77.3861 0.450012
77.4065 0.449011
77.4281 0.448259
77.4474 0.447352
77.469 0.446558
77.4906 0.446113
77.511 0.445724
77.5339 0.445509
77.5531 0.44532
77.5759 0.44528
77.5964 0.445245
77.618 0.445339
77.6396 0.445547
77.66 0.445729
77.6817 0.446012
77.7033 0.446386
77.7249 0.446713
77.7466 0.447249
77.7682 0.447843
77.7898 0.448362
77.8102 0.448942
77.8331 0.449699
77.8535 0.450237
77.8751 0.450832
77.8956 0.451353
77.9172 0.451934
77.9388 0.452442
77.9592 0.453012
77.9809 0.45351
78.0037 0.454197
78.0265 0.455172
78.0482 0.456151
78.0698 0.457007
78.0914 0.458006
78.1118 0.458755
78.1335 0.459536
78.1551 0.460469
78.1755 0.46116
78.1948 0.461515
78.2152 0.461951
78.2344 0.462082
78.256 0.462322
78.2777 0.462656
78.2969 0.462699
78.3173 0.462737
78.3377 0.46277
78.3582 0.462799
78.3798 0.462824
78.4014 0.463096
78.4219 0.463209
78.4423 0.463308
78.4651 0.463769
78.4867 0.464173
78.5072 0.464526
78.5276 0.464711
78.5492 0.465122
78.5721 0.465732
78.5913 0.466015
78.6141 0.466638
78.6333 0.466933
78.6562 0.467442
78.6742 0.467887
78.6886 0.467901
78.7066 0.468163
78.7235 0.468393
78.7415 0.468844
78.7607 0.469488
78.7775 0.470177
78.7919 0.470405
78.81 0.470604
78.8268 0.470279
78.8496 0.470244
78.8664 0.469588
78.9049 0.46864
78.9301 0.467685
78.9542 0.466349
78.9782 0.464806
79.0046 0.463205
79.0239 0.460679
79.0395 0.457094
79.0551 0.452458
79.0707 0.4469
79.0851 0.441288
79.0996 0.435502
79.114 0.429689
79.1284 0.423853
79.1428 0.417871
79.156 0.411887
79.3443 0.427652
79.3683 0.400695
79.5559 0.376983
79.5761 0.35636
79.5975 0.33844
79.619 0.322885
79.6382 0.30915
79.6571 0.297006
79.6779 0.28638
79.6987 0.277208
79.72 0.269182
79.739 0.262034
79.7608 0.25603
79.7792 0.250651
79.8016 0.24607
79.822 0.242186
79.8448 0.239038
79.8641 0.236283
79.8845 0.233873
79.9001 0.231139
79.9213 0.228871
79.9403 0.226762
79.9605 0.224917
79.9812 0.223302
80.0009 0.221765
80.0244 0.220919
80.0436 0.220054
80.0652 0.219547
80.0857 0.218979
80.1085 0.218857
80.1289 0.21875
80.1505 0.218906
80.171 0.218918
80.1902 0.218928
80.2046 0.218187
80.2244 0.217539
80.2462 0.217096
80.2678 0.216834
80.2883 0.21673
80.3111 0.217014
80.3303 0.217137
80.352 0.217245
80.3724 0.217464
80.3952 0.218031
80.418 0.218902
80.4409 0.21979
80.4637 0.220941
80.4865 0.222323
80.5082 0.223783
80.5322 0.22556
80.5562 0.22749
80.5791 0.229554
80.5983 0.231235
80.6187 0.233205
80.6391 0.23543
80.6584 0.237751
80.6776 0.240157
80.6992 0.243012
80.7184 0.245886
80.7377 0.248775
80.7569 0.251553
80.7785 0.254734
80.8001 0.258267
80.8206 0.261859
80.841 0.265627
80.8638 0.269548
80.8843 0.273605
80.9071 0.278029
80.9263 0.282275
80.9467 0.286491
80.9696 0.291055
80.9972 0.295173
81.0224 0.298526
81.0453 0.30096
81.0693 0.302715
81.0909 0.303501
81.1126 0.303563
81.1342 0.302993
81.1582 0.302119
81.1775 0.300729
81.1979 0.299513
81.2183 0.298574
81.2387 0.297752
81.2616 0.297283
81.2832 0.297123
81.3024 0.296857
81.3252 0.297
81.3469 0.297125
81.3697 0.297609
81.3901 0.298158
81.413 0.298889
81.4334 0.299652
81.455 0.300446
81.4766 0.301265
81.4995 0.302357
81.5211 0.303562
81.5439 0.304742
81.562 0.305524
81.5848 0.306584
81.6076 0.307886
81.6293 0.30915
81.6509 0.310381
81.6713 0.311584
81.6929 0.312761
81.7158 0.314166
81.7374 0.31552
81.759 0.316955
81.7795 0.318211
81.8011 0.319559
81.8239 0.320864
81.8443 0.322131
81.8684 0.32374
81.8888 0.325147
81.9104 0.326629
81.9321 0.32805
81.9537 0.329419
81.9753 0.330867
81.9969 0.332133
82.0174 0.333367
82.0402 0.334821
82.063 0.336468
82.0835 0.337785
82.1051 0.339187
82.1255 0.340413
82.1483 0.341737
82.17 0.34302
82.1916 0.344392
82.212 0.345593
82.2349 0.346894
82.2565 0.348282
82.2781 0.349747
82.2985 0.350904
82.3202 0.352166
82.343 0.353645
82.3646 0.354939
82.3875 0.356447
82.4079 0.357766
82.4295 0.359045
82.4511 0.360415
82.4716 0.361613
82.4932 0.362911
82.5172 0.364422
82.5401 0.36612
82.5629 0.367855
82.5857 0.369623
82.6098 0.37167
82.6314 0.373711
82.6518 0.375997
82.6722 0.378498
82.6927 0.381185
82.7143 0.384287
82.7371 0.387876
82.7576 0.391392
82.778 0.394968
82.7972 0.398597
82.8152 0.402022
82.8345 0.405269
82.8513 0.408236
82.8717 0.411331
82.8909 0.414415
82.9078 0.417113
82.9366 0.420474
82.9582 0.42279
82.9786 0.423941
83.0015 0.424448
83.0255 0.424392
83.0495 0.423968
83.0748 0.423347
83.0964 0.422179
83.1192 0.421156
83.1373 0.419887
83.1577 0.418776
83.1805 0.418179
83.2021 0.417782
83.2226 0.417434
83.2442 0.41738
83.2658 0.417457
83.2887 0.417775
83.3115 0.418428
83.3295 0.41875
83.3523 0.419281
83.374 0.419871
83.3968 0.420762
83.4184 0.421667
83.4377 0.422333
83.4605 0.423292
83.4821 0.42438
83.505 0.425458
83.5254 0.426526
83.5458 0.42746
83.5686 0.428527
83.5915 0.429836
83.6131 0.431107
83.6347 0.432219
83.6576 0.433441
83.6804 0.434761
83.702 0.436041
83.7248 0.437286
83.7465 0.4385
83.7681 0.439688
83.7921 0.440977
83.815 0.44223
83.8378 0.443576
83.8594 0.444879
83.8811 0.446144
83.9039 0.447376
83.9255 0.448579
83.9471 0.449757
83.97 0.450787
83.9928 0.451939
84.0144 0.453071
84.0373 0.454312
84.0601 0.455648
84.0841 0.457192
84.1045 0.458418
84.1274 0.459741
84.1502 0.461148
84.173 0.462505
84.1947 0.463692
84.2163 0.464855
84.2391 0.466123
84.2608 0.467233
84.2812 0.468204
84.304 0.469303
84.3256 0.470265
84.3509 0.471607
84.3749 0.473031
84.3977 0.474527
84.4206 0.476086
84.4434 0.477701
84.4662 0.479363
84.4891 0.481068
84.5107 0.482559
84.5335 0.484114
84.5539 0.48535
84.5756 0.486431
84.5948 0.487377
84.6104 0.488205
84.6296 0.48918
84.6453 0.489907
84.6633 0.490669
84.6813 0.49146
84.6969 0.491903
84.7126 0.492165
84.733 0.492269
84.7522 0.492236
84.7714 0.491956
84.8099 0.490962
84.8351 0.489841
84.8604 0.488486
84.8844 0.486675
84.9096 0.484716
84.9337 0.482502
84.9601 0.480439
84.9865 0.478384
85.0082 0.476211
85.0298 0.47431
85.0502 0.472646
85.0706 0.471065
85.0899 0.469432
85.1127 0.468253
85.1319 0.466846
85.1535 0.465741
85.1728 0.464523
85.1944 0.463583
85.216 0.462885
85.2377 0.462274
85.2605 0.46199
85.2833 0.461991
85.3049 0.461992
85.3278 0.462118
85.3482 0.462228
85.3698 0.462325
85.3927 0.462659
85.4143 0.463077
85.4371 0.463692
85.46 0.464356
85.4828 0.465186
85.5056 0.466163
85.5284 0.467143
85.5513 0.46825
85.5729 0.469219
85.5957 0.470316
85.615 0.471027
85.6366 0.471773
85.6582 0.472552
85.6798 0.473233
85.7015 0.473954
85.7243 0.474709
85.7471 0.475621
85.7676 0.476293
85.7916 0.477257
85.8144 0.478349
85.8337 0.479056
85.8565 0.479924
85.8769 0.480558
85.8997 0.481239
85.9202 0.481834
85.9418 0.482355
85.9634 0.482935
85.9802 0.482943
86.0019 0.48295
86.0259 0.483332
86.0463 0.483665
86.0704 0.484332
86.092 0.48479
86.1148 0.485442
86.1377 0.486261
86.1569 0.486729
86.1785 0.487263
86.2001 0.487855
86.223 0.488498
86.2434 0.489061
86.2662 0.489803
86.2843 0.489953
86.3059 0.490084
86.3275 0.490323
86.3491 0.490658
86.366 0.490326
86.384 0.49016
86.4008 0.490015
86.4176 0.489888
86.4357 0.489902
86.4525 0.489789
86.4669 0.489316
86.4861 0.488776
86.5077 0.487929
86.5282 0.487188
86.551 0.486414
86.5678 0.485113
86.6135 0.483974
86.6375 0.482477
86.6628 0.480792
86.6892 0.479068
86.7144 0.477185
86.7385 0.475037
86.7637 0.472782
86.7889 0.470434
86.8118 0.467755
86.8334 0.465536
86.8526 0.463219
86.8742 0.461316
86.8947 0.459527
86.9151 0.457961
86.9367 0.456591
86.9571 0.455392
86.9776 0.454218
86.9992 0.453316
87.022 0.452776
87.0425 0.452304
87.0653 0.452141
87.0869 0.451999
87.1085 0.451999
87.1302 0.452249
87.1518 0.452468
87.1746 0.452909
87.1975 0.453546
87.2179 0.454102
87.2383 0.45459
87.2612 0.455266
87.2816 0.455858
87.3044 0.456625
87.326 0.457422
87.3465 0.457995
87.3693 0.45887
87.3909 0.459636
87.4126 0.460432
87.4342 0.461253
87.4558 0.462096
87.4786 0.463084
87.5003 0.464074
87.5219 0.465064
87.5435 0.466056
87.564 0.466799
87.5856 0.467574
87.6072 0.468503
87.63 0.469565
87.6505 0.470369
87.6721 0.471198
87.6949 0.472173
87.7166 0.473152
87.737 0.473883
87.7598 0.474897
87.7814 0.47591
87.8019 0.476671
87.8211 0.477212
87.8427 0.477811
87.8644 0.47846
87.8848 0.478902
87.9064 0.479414
87.928 0.480113
87.9497 0.480723
87.9713 0.481383
87.9917 0.48196
88.0122 0.482465
88.0302 0.482532
88.0518 0.48259
88.0722 0.482767
88.0915 0.482671
88.1107 0.482337
88.1299 0.481795
88.1503 0.481321
88.1732 0.48103
88.1936 0.480527
88.2092 0.479961
88.2248 0.479341
88.2417 0.478798
88.2585 0.478448
88.2789 0.478267
88.2981 0.478109
88.3174 0.47772
88.3378 0.47713
88.3546 0.476239
88.375 0.475334
88.3955 0.474292
88.4363 0.473131
88.4616 0.471864
88.4868 0.470381
88.512 0.468834
88.5348 0.466854
88.5613 0.464998
88.5865 0.462998
88.6118 0.460998
88.6322 0.458873
88.6502 0.456639
88.673 0.454934
88.6923 0.453318
88.7127 0.451778
88.7319 0.450306
88.7535 0.449142
88.7728 0.447875
88.7944 0.447015
88.8172 0.446513
88.8389 0.446199
88.8593 0.446049
88.8797 0.445793
88.9013 0.445819
88.923 0.445967
88.9422 0.445971
88.965 0.446349
88.9854 0.446556
89.0095 0.447236
89.0287 0.447707
89.0503 0.448243
89.0708 0.448713
89.0936 0.449374
89.114 0.450077
89.1344 0.450692
89.1561 0.451356
89.1789 0.452186
89.1993 0.453038
89.221 0.453783
89.2414 0.45456
89.2618 0.455115
89.2834 0.455851
89.3063 0.45687
89.3255 0.457511
89.3483 0.458447
89.37 0.459391
89.3928 0.460467
89.4132 0.461534
89.4336 0.462342
89.4553 0.463299
89.4769 0.464262
89.4985 0.465229
89.5178 0.465951
89.5418 0.467082
89.5646 0.468322
89.585 0.469531
89.6067 0.47059
89.6259 0.471391
89.6475 0.472342
89.6704 0.473424
89.6932 0.474746
89.7148 0.476028
89.7364 0.477275
89.7533 0.47799
89.7737 0.478491
89.7941 0.479055
89.8109 0.479048
89.8314 0.479042
89.8506 0.478912
89.8674 0.478423
89.8903 0.478245
89.9107 0.478089
89.9299 0.477703
89.9503 0.47749
89.9744 0.477804
89.9924 0.477704
90.014 0.477866
90.032 0.477757
90.0513 0.477663
90.0693 0.47783
90.0873 0.478226
90.1017 0.478198
90.1186 0.478298
90.139 0.478886
90.1594 0.47915
90.1774 0.478756
90.1979 0.478287
90.2147 0.477251
90.2351 0.476845
90.2676 0.477989
90.2916 0.476615
90.3156 0.475038
90.3409 0.473409
90.3637 0.471358
90.3877 0.469188
90.4142 0.467289
90.4394 0.465378
90.4562 0.462456
90.4694 0.458899
90.4826 0.454912
90.4971 0.450798
90.5091 0.446073
90.5223 0.441064
90.5367 0.435931
90.5511 0.430689
90.5644 0.425228
90.5776 0.419575
90.592 0.413753
90.6064 0.408034
90.6184 0.40203
90.634 0.396276
90.83 0.373116
90.8512 0.353102
91.0417 0.335464
91.0626 0.320031
91.0853 0.306902
91.1058 0.295414
91.1231 0.285113
91.1427 0.275974
91.1622 0.267977
91.1835 0.261105
91.2024 0.254967
91.2227 0.249596
91.2426 0.244771
91.2627 0.24055
91.2828 0.236856
91.3061 0.234124
91.3253 0.231609
91.3469 0.229533
91.3673 0.227841
91.3845 0.225986
91.4035 0.224238
91.4244 0.222708
91.4437 0.221244
91.464 0.219964
91.485 0.218968
91.5051 0.218222
91.5268 0.217695
91.5472 0.217358
91.57 0.217438
91.5892 0.217383
91.6121 0.21771
91.6325 0.217872
91.6541 0.218263
91.6734 0.21848
91.6878 0.21792
91.7059 0.21718
91.7264 0.216657
91.7492 0.216575
91.7684 0.216378
91.7901 0.216456
91.8117 0.216524
91.8321 0.216708
91.8549 0.21712
91.8778 0.217855
91.8994 0.218748
91.921 0.21978
91.9463 0.221307
91.9691 0.223019
91.9907 0.224641
92.0136 0.226436
92.0364 0.228257
92.0604 0.23035
92.082 0.232431
92.1001 0.234502
92.1205 0.236814
92.1397 0.239212
92.1613 0.242061
92.1806 0.244928
92.1986 0.247687
92.2214 0.250976
92.2395 0.253979
92.2599 0.257107
92.2803 0.260469
92.3031 0.264285
92.3236 0.268124
92.3452 0.272234
92.3668 0.276455
92.3885 0.280898
92.4077 0.285161
92.4281 0.289515
92.4509 0.294076
92.4798 0.298317
92.505 0.301902
92.529 0.304664
92.5519 0.306456
92.5747 0.307649
92.5951 0.307943
92.6168 0.30745
92.642 0.306769
92.6612 0.305798
92.6804 0.304823
92.7009 0.303845
92.7213 0.303115
92.7417 0.302475
92.7646 0.302291
92.7862 0.302379
92.8066 0.302457
92.8282 0.302775
92.8511 0.303428
92.8727 0.304125
92.8931 0.304859
92.916 0.305627
92.9376 0.306548
92.958 0.30748
92.9796 0.30842
93.0025 0.309617
93.0265 0.311165
93.0445 0.312269
93.0674 0.313611
93.089 0.314909
93.1106 0.316171
93.1334 0.317649
93.1539 0.318943
93.1767 0.32045
93.1971 0.321894
93.2188 0.323282
93.2416 0.324872
93.2632 0.326513
93.2848 0.328074
93.3053 0.329565
93.3293 0.331244
93.3497 0.332714
93.3702 0.334124
93.393 0.335609
93.4146 0.337158
93.4374 0.338888
93.4579 0.340402
93.4795 0.341977
93.5023 0.34373
93.5228 0.345138
93.5456 0.346746
93.5672 0.348403
93.5889 0.349853
93.6105 0.351371
93.6333 0.353075
93.6549 0.354565
93.6778 0.356245
93.697 0.357589
93.7198 0.359015
93.7427 0.360638
93.7643 0.362309
93.7871 0.36402
93.8087 0.365643
93.8304 0.367312
93.8532 0.369023
93.8736 0.37052
93.8965 0.372205
93.9193 0.37393
93.9385 0.375313
93.9613 0.376899
93.9842 0.378537
94.007 0.380345
94.0298 0.382052
94.0527 0.38392
94.0767 0.386055
94.1019 0.388423
94.126 0.390995
94.1476 0.393746
94.1668 0.396403
94.1872 0.399352
94.2101 0.402808
94.2305 0.406332
94.2521 0.410041
94.2726 0.413786
94.293 0.417562
94.311 0.421117
94.3302 0.424602
94.3495 0.428027
94.3675 0.431274
94.3831 0.43399
94.4059 0.437116
94.43 0.439476
94.4528 0.441042
94.4756 0.441912
94.4997 0.442298
94.5237 0.442135
94.5465 0.441494
94.573 0.440807
94.5982 0.440081
94.6174 0.438821
94.639 0.437968
94.6583 0.437097
94.6823 0.43671
94.7051 0.436746
94.7244 0.436528
94.7472 0.436712
94.7688 0.436998
94.7917 0.437498
94.8121 0.438061
94.8349 0.438803
94.8565 0.439578
94.8806 0.440756
94.8998 0.441661
94.9226 0.442704
94.9431 0.443741
94.9659 0.444898
94.9887 0.446161
95.0091 0.447391
95.0308 0.448592
95.0536 0.449893
95.0752 0.451281
95.0969 0.452496
95.1173 0.453684
95.1401 0.455099
95.1629 0.456461
95.1834 0.457779
95.205 0.459181
95.2278 0.460534
95.2495 0.461967
95.2711 0.463471
95.2927 0.464787
95.3143 0.466189
95.3372 0.46779
95.3576 0.469066
95.3792 0.470433
95.4021 0.472004
95.4225 0.473253
95.4441 0.474597
95.467 0.476022
95.4874 0.477269
95.5102 0.478736
95.5306 0.479894
95.5523 0.481157
95.5739 0.482387
95.5943 0.483464
95.6172 0.484781
95.6388 0.486058
95.658 0.487051
95.6796 0.488045
95.7001 0.489039
95.7217 0.489909
95.7433 0.490921
95.7637 0.491805
95.7842 0.49258
95.8046 0.493257
95.8262 0.4941
95.8491 0.495088
95.8695 0.495952
95.8923 0.496833
95.9151 0.497604
95.9356 0.498278
95.9608 0.499243
95.9812 0.499838
96.0053 0.500858
96.0209 0.501001
96.0389 0.501376
96.0545 0.501704
96.075 0.502366
96.093 0.503195
96.1158 0.504421
96.1362 0.505243
96.1519 0.505213
96.1711 0.505186
96.1903 0.504913
96.2095 0.504424
96.2384 0.504996
96.26 0.502246
96.2828 0.499216
96.3033 0.495814
96.3273 0.492462
96.3537 0.489404
96.379 0.486479
96.4042 0.483669
96.427 0.48071
96.4463 0.477996
96.4679 0.475747
96.4907 0.474029
96.5087 0.472275
96.5304 0.470866
96.5496 0.469507
96.57 0.468444
96.5904 0.467388
96.6133 0.46684
96.6325 0.466235
96.6541 0.465831
96.6734 0.465352
96.6938 0.464933
96.7178 0.464941
96.7382 0.465074
96.7575 0.465064
96.7767 0.464806
96.8007 0.465081
96.8212 0.465445
96.8428 0.465765
96.8632 0.466169
96.886 0.466773
96.9089 0.467551
96.9305 0.468482
96.9509 0.469172
96.9726 0.470026
96.9942 0.471022
97.0158 0.471895
97.0362 0.472783
97.0579 0.473685
97.0795 0.474599
97.0999 0.475399
97.1216 0.476349
97.142 0.477056
97.1636 0.477924
97.1924 0.479808
97.2129 0.480332
97.2333 0.480791
97.2537 0.481067
97.2766 0.481434
97.2994 0.482004
97.3198 0.482379
97.3414 0.482831
97.3619 0.482978
97.3847 0.483355
97.4063 0.483811
97.4268 0.484085
97.4484 0.484449
97.47 0.484893
97.4904 0.485156
97.5109 0.485262
97.5349 0.485729
97.5565 0.486263
97.5746 0.486355
97.5962 0.486561
97.6154 0.486491
97.6394 0.486804
97.6587 0.486829
97.6779 0.4866
97.7019 0.486775
97.7248 0.487053
97.7428 0.486922
97.762 0.486681
97.7848 0.486471
97.8065 0.486412
97.8269 0.486236
97.8437 0.486081
97.8617 0.486071
97.8786 0.486062
97.8942 0.486054
97.911 0.485923
97.929 0.485307
97.9495 0.484519
97.9699 0.483829
97.9867 0.48285
98.0083 0.481744
98.0252 0.480151
98.06 0.478132
98.084 0.475866
98.1081 0.473382
98.1345 0.47096
98.1573 0.468215
98.1838 0.465563
98.2102 0.463118
98.2366 0.460728
98.2559 0.457887
98.2763 0.455401
98.2979 0.453226
98.3159 0.450948
98.3388 0.449204
98.3592 0.447679
98.3808 0.446344
98.4025 0.445301
98.4229 0.444388
98.4457 0.44384
98.4661 0.44336
98.4878 0.443065
98.5106 0.443057
98.5298 0.442925
98.5527 0.443059
98.5719 0.443052
98.5935 0.443295
98.6151 0.443633
98.6368 0.444054
98.6572 0.444422
98.68 0.44512
98.7005 0.445605
98.7209 0.446029
98.7437 0.446775
98.7641 0.447428
98.7882 0.4485
98.8086 0.449312
98.8302 0.450273
98.8495 0.450864
98.8723 0.451756
98.8903 0.452287
98.9131 0.453001
98.936 0.453876
98.9576 0.454766
98.978 0.45567
98.9997 0.456462
99.0213 0.457404
99.0405 0.458103
99.0633 0.458966
99.0838 0.45972
99.1042 0.46038
99.1282 0.461457
99.1475 0.462275
99.1679 0.462866
99.1895 0.463633
99.2099 0.464179
99.2316 0.464906
99.2556 0.465918
99.2748 0.466678
99.2989 0.467843
99.3205 0.468988
99.3397 0.469864
99.3613 0.470756
99.3818 0.471537
99.4034 0.472345
99.4238 0.473052
99.4418 0.47342
99.4611 0.473618
99.4827 0.473915
99.5019 0.473926
99.5224 0.47406
99.544 0.474178
99.5644 0.474406
99.5848 0.474605
99.6041 0.474654
99.6245 0.474697
99.6437 0.474485
99.6605 0.473925
99.6774 0.473434
99.6942 0.47313
99.7098 0.472739
99.7278 0.472521
99.7422 0.472206
99.7603 0.47218
99.7795 0.472158
99.7963 0.471638
99.8167 0.471308
99.8336 0.470395
99.8492 0.469095
99.8828 0.469333
99.9081 0.467292
99.9297 0.464755
99.9561 0.462536
99.9802 0.460094
