0.2 0.00448
0.3 0
0.4 0.0208
0.5 0
0.6 0.0208
0.7 0.01664
0.8 0.0208
0.9 0.0208
1 0.0208
1.1 0.0208
1.2 0.0208
1.3 0.02496
1.4 0.0208
1.5 0.0208
1.6 0.01664
1.7 0.0304
1.8 0.048
1.9 0.0576
2 0.0528
2.1 0.0528
2.2 0.0384
2.3 0.048
2.4 0.03168
2.5 0.03584
2.6 0.04992
2.7 0.0544
2.8 0.04352
2.9 0.05152
3 0.07296
3.1 0.10944
3.2 0.02432
3.3 0.01824
3.4 0.01216
3.5 0.01824
3.6 0.04864
3.7 0.07904
3.8 0.02912
3.9 0.03744
4 0.0416
4.1 0.05408
4.2 0.0208
4.3 0.00416
4.4 0.01664
4.5 0.01664
4.6 0.01664
4.7 0.01664
4.8 0.01664
4.9 0.01664
5 0.01664
5.1 0.01664
5.2 0.01664
5.3 0.0208
5.4 0.01664
5.5 0.01248
5.6 0.01248
5.7 0.01248
5.8 0.0208
5.9 0.0208
6 0.01664
6.1 0.01664
6.2 0.01664
6.3 0.01664
6.4 0.01664
6.5 0.01664
6.6 0.01664
6.7 0.01664
6.8 0.0208
6.9 0.01664
7 0.01664
7.1 0.01664
7.2 0.0208
7.3 0.01664
7.4 0.01248
7.5 0.01664
7.6 0.01664
7.7 0.0208
7.8 0.01664
7.9 0.01664
8 0.0208
8.1 0.01664
8.2 0.01664
8.3 0.01664
8.4 0.01664
8.5 0.0208
8.6 0.01664
8.7 0.01664
8.8 0.0208
8.9 0.0208
9 0.01664
9.1 0.01248
9.2 0.01664
9.3 0.0208
9.4 0.01664
9.5 0.01664
9.6 0.0208
9.7 0.01664
9.8 0.01664
9.9 0.01664
10 0.01664
10.1 0.01664
10.2 0.0208
10.3 0.01664
10.4 0.0208
10.5 0.01664
10.6 0.00832
10.7 0
10.8 0.00832
10.9 0
11 0.01248
11.1 0
11.2 0.01248
11.3 0.01248
11.4 0.00832
11.5 0.01664
11.6 0.01664
11.7 0.01664
11.8 0.01664
11.9 0.01664
12 0.01664
12.1 0.02496
12.2 0.0208
12.3 0.01248
12.4 0.01664
12.5 0.01664
12.6 0.0208
12.7 0.01664
12.8 0.0208
12.9 0.01664
13 0.0208
13.1 0.01664
13.2 0.0208
13.3 0.01664
13.4 0.0208
13.5 0.01664
13.6 0.0208
13.7 0.01248
13.8 0.01664
13.9 0.0208
14 0.0208
14.1 0.02496
14.2 0.02496
14.3 0.01664
14.4 0.01664
14.5 0.01248
14.6 0.0208
14.7 0.0208
14.8 0.0208
14.9 0.0208
15 0.0208
15.1 0.01664
15.2 0.0208
15.3 0.0208
15.4 0.0208
15.5 0.0208
15.6 0.0208
15.7 0.01664
15.8 0.02496
15.9 0.02496
16 0.0208
16.1 0.02496
16.2 0.02496
16.3 0.02496
16.4 0.01664
16.5 0.01664
16.6 0.01664
16.7 0.02496
16.8 0.0208
16.9 0.02496
17 0.0208
17.1 0.0208
17.2 0.02496
17.3 0.0208
17.4 0.02496
17.5 0.02496
17.6 0.02496
17.7 0.02496
17.8 0.02496
17.9 0.0208
18 0.02496
18.1 0.02496
18.2 0.02912
18.3 0.0208
18.4 0.0208
18.5 0.01664
18.6 0.0208
18.7 0.02496
18.8 0.02496
18.9 0.0208
19 0.02496
19.1 0.02496
19.2 0.02496
19.3 0.02496
19.4 0.02496
19.5 0.02912
19.6 0.02496
19.7 0.02496
19.8 0.02496
19.9 0.02496
20 0.02496
20.1 0.02496
20.2 0.03328
20.3 0.02496
20.4 0.01664
20.5 0.0208
20.6 0.0208
20.7 0.02496
20.8 0.02912
20.9 0.02496
21 0.02912
21.1 0.02496
21.2 0.02496
21.3 0.02912
21.4 0.02912
21.5 0.02496
21.6 0.02912
21.7 0.02496
21.8 0.02496
21.9 0.02496
22 0.04992
22.1 0
22.2 0.00832
22.3 0
22.4 0.00832
22.5 0.00416
22.6 0.00416
22.7 0.0208
22.8 0
22.9 0.02496
23 0.02496
23.1 0.0208
23.2 0.02496
23.3 0.0208
23.4 0.02496
23.5 0.02496
23.6 0.02912
23.7 0.02912
23.8 0.02496
23.9 0.0208
24 0.02496
24.1 0.02496
24.2 0.02912
24.3 0.02496
24.4 0.02496
24.5 0.02496
24.6 0.02496
24.7 0.02496
24.8 0.02496
24.9 0.02496
25 0.02912
25.1 0.02496
25.2 0.02496
25.3 0.0208
25.4 0.0208
25.5 0.02912
25.6 0.03328
25.7 0.0208
25.8 0.0208
25.9 0.02496
26 0.02496
26.1 0.02496
26.2 0.02496
26.3 0.0208
26.4 0.02496
26.5 0.02496
26.6 0.02496
26.7 0.02496
26.8 0.02496
26.9 0.02496
27 0.02496
27.1 0.0208
27.2 0.02496
27.3 0.02912
27.4 0.02912
27.5 0.02496
27.6 0.0208
27.7 0.0208
27.8 0.02496
27.9 0.02496
28 0.02496
28.1 0.02496
28.2 0.02496
28.3 0.02912
28.4 0.02496
28.5 0.02496
28.6 0.02496
28.7 0.02496
28.8 0.02496
28.9 0.02496
29 0.02496
29.1 0.02496
29.2 0.03328
29.3 0.02912
29.4 0.0208
29.5 0.0208
29.6 0.02496
29.7 0.02496
29.8 0.02496
29.9 0.02496
30 0.02912
30.1 0.02496
30.2 0.02496
30.3 0.02496
30.4 0.02912
30.5 0.02496
30.6 0.02496
30.7 0.02912
30.8 0.02496
30.9 0.02912
31 0.02912
31.1 0.03328
31.2 0.0208
31.3 0.02496
31.4 0.0208
31.5 0.02912
31.6 0.02496
31.7 0.02912
31.8 0.02496
31.9 0.02912
32 0.02496
32.1 0.02912
32.2 0.02496
32.3 0.02912
32.4 0.02496
32.5 0.02912
32.6 0.02912
32.7 0.02496
32.8 0.02912
32.9 0.03328
33 0.02912
33.1 0.02496
33.2 0.0208
33.3 0.02912
33.4 0.0416
33.5 0.02912
33.6 0
33.7 0.00832
33.8 0
33.9 0.01248
34 0
34.1 0.00832
34.2 0.01664
34.3 0.00832
34.4 0.02496
34.5 0.0208
34.6 0.02912
34.7 0.02496
34.8 0.02912
34.9 0.02496
35 0.02496
35.1 0.02496
35.2 0.02496
35.3 0.02912
35.4 0.02912
35.5 0.03328
35.6 0.02912
35.7 0.0208
35.8 0.02496
35.9 0.02912
36 0.02496
36.1 0.02912
36.2 0.02912
36.3 0.02496
36.4 0.02912
36.5 0.02496
36.6 0.02912
36.7 0.02912
36.8 0.02496
36.9 0.02496
37 0.02912
37.1 0.02912
37.2 0.02496
37.3 0.02912
37.4 0.02912
37.5 0.03744
37.6 0.0208
37.7 0.02496
37.8 0.02912
37.9 0.02912
38 0.02912
38.1 0.02496
38.2 0.02912
38.3 0.02496
38.4 0.02912
38.5 0.02912
38.6 0.02496
38.7 0.02912
38.8 0.02912
38.9 0.02496
39 0.02912
39.1 0.02912
39.2 0.02912
39.3 0.02912
39.4 0.02496
39.5 0.02496
39.6 0.02912
39.7 0.02912
39.8 0.02912
39.9 0.02496
40 0.02496
40.1 0.02912
40.2 0.02912
40.3 0.02912
40.4 0.02496
40.5 0.02912
40.6 0.02496
40.7 0.03328
40.8 0.02912
40.9 0.02496
41 0.02912
41.1 0.02496
41.2 0.02496
41.3 0.02912
41.4 0.02912
41.5 0.02912
41.6 0.02912
41.7 0.02496
41.8 0.02912
41.9 0.02496
42 0.02912
42.1 0.02912
42.2 0.02496
42.3 0.03328
42.4 0.02496
42.5 0.02912
42.6 0.02496
42.7 0.03328
42.8 0.02912
42.9 0.02496
43 0.02496
43.1 0.02912
43.2 0.02912
43.3 0.03328
43.4 0.02496
43.5 0.02912
43.6 0.02912
43.7 0.02496
43.8 0.02912
43.9 0.02912
44 0.02912
44.1 0.02496
44.2 0.02912
44.3 0.02912
44.4 0.02912
44.5 0.03328
44.6 0.02496
44.7 0.0208
44.8 0.04576
44.9 0.04992
45 0.00416
45.1 0.00416
45.2 0.00416
45.3 0
45.4 0.01248
45.5 0
45.6 0.02496
45.7 0
45.8 0.0208
45.9 0.02496
46 0.01248
46.1 0.02912
46.2 0.02496
46.3 0.02912
46.4 0.03328
46.5 0.02496
46.6 0.02496
46.7 0.02496
46.8 0.02912
46.9 0.02496
47 0.02912
47.1 0.02496
47.2 0.02912
47.3 0.02496
47.4 0.02496
47.5 0.02912
47.6 0.02496
47.7 0.02912
47.8 0.02496
47.9 0.02496
48 0.02912
48.1 0.02496
48.2 0.02496
48.3 0.03328
48.4 0.02912
48.5 0.02912
48.6 0.0208
48.7 0.02496
48.8 0.02912
48.9 0.02496
49 0.02912
49.1 0.02496
49.2 0.02496
49.3 0.02912
49.4 0.02912
49.5 0.02496
49.6 0.02912
49.7 0.02496
49.8 0.02912
49.9 0.02912
50 0.02912
50.1 0.02912
50.2 0.02912
50.3 0.02912
50.4 0.02496
50.5 0.02496
50.6 0.02496
50.7 0.02912
50.8 0.02496
50.9 0.02912
51 0.02912
51.1 0.02496
51.2 0.02912
51.3 0.02912
51.4 0.02496
51.5 0.02912
51.6 0.02912
51.7 0.02912
51.8 0.02912
51.9 0.02496
52 0.02496
52.1 0.03328
52.2 0.03328
52.3 0.02496
52.4 0.0208
52.5 0.02496
52.6 0.02912
52.7 0.02912
52.8 0.02496
52.9 0.02912
53 0.02496
53.1 0.02912
53.2 0.02496
53.3 0.02912
53.4 0.02912
53.5 0.02912
53.6 0.02912
53.7 0.02912
53.8 0.02496
53.9 0.02912
54 0.03744
54.1 0.02912
54.2 0.0208
54.3 0.02496
54.4 0.02912
54.5 0.02496
54.6 0.02912
54.7 0.02912
54.8 0.02496
54.9 0.02912
55 0.02912
55.1 0.02912
55.2 0.02912
55.3 0.02912
55.4 0.02912
55.5 0.02912
55.6 0.02496
55.7 0.02912
55.8 0.02912
55.9 0.03744
56 0.02912
56.1 0.02496
56.2 0.02496
56.3 0.03328
56.4 0
56.5 0.00832
56.6 0
56.7 0.01248
56.8 0
56.9 0.00832
57 0.01664
57.1 0.00832
57.2 0.02496
57.3 0.01664
57.4 0.02496
57.5 0.02496
57.6 0.02912
57.7 0.02912
57.8 0.02912
57.9 0.02912
58 0.02496
58.1 0.02496
58.2 0.02912
58.3 0.02496
58.4 0.02912
58.5 0.02496
58.6 0.02912
58.7 0.02912
58.8 0.02496
58.9 0.02912
59 0.02496
59.1 0.02912
59.2 0.02912
59.3 0.02496
59.4 0.02496
59.5 0.02496
59.6 0.02496
59.7 0.02912
59.8 0.03328
59.9 0.02912
60 0.02496
60.1 0.0208
60.2 0.02912
60.3 0.02496
60.4 0.02912
60.5 0.02496
60.6 0.02912
60.7 0.02496
60.8 0.02912
60.9 0.02912
61 0.02496
61.1 0.02912
61.2 0.02496
61.3 0.02912
61.4 0.02912
61.5 0.02496
61.6 0.03328
61.7 0.02912
61.8 0.02496
61.9 0.02496
62 0.0208
62.1 0.02912
62.2 0.02496
62.3 0.02912
62.4 0.02912
62.5 0.02496
62.6 0.02912
62.7 0.02496
62.8 0.02912
62.9 0.02912
63 0.02496
63.1 0.02912
63.2 0.02912
63.3 0.02912
63.4 0.02496
63.5 0.03328
63.6 0.03328
63.7 0.02496
63.8 0.02496
63.9 0.0208
64 0.02912
64.1 0.02912
64.2 0.02912
64.3 0.02496
64.4 0.02912
64.5 0.02496
64.6 0.02912
64.7 0.02912
64.8 0.02912
64.9 0.02912
65 0.02912
65.1 0.02496
65.2 0.02912
65.3 0.03328
65.4 0.02912
65.5 0.03328
65.6 0.03328
65.7 0.0208
65.8 0.02496
65.9 0.02496
66 0.02912
66.1 0.02912
66.2 0.02912
66.3 0.02496
66.4 0.02912
66.5 0.03328
66.6 0.02912
66.7 0.02912
66.8 0.02912
66.9 0.02912
67 0.02912
67.1 0.02912
67.2 0.02912
67.3 0.02912
67.4 0.03328
67.5 0.03328
67.6 0.03744
67.7 0.00832
67.8 0
67.9 0.00832
68 0
68.1 0.01248
68.2 0
68.3 0.02496
68.4 0
68.5 0.0208
68.6 0.02912
68.7 0.0208
68.8 0.02912
68.9 0.02912
69 0.02912
69.1 0.02496
69.2 0.02496
69.3 0.02912
69.4 0.03328
69.5 0.03328
69.6 0.02496
69.7 0.02912
69.8 0.02912
69.9 0.02912
70 0.02912
70.1 0.02496
70.2 0.02912
70.3 0.02912
70.4 0.02912
70.5 0.02912
70.6 0.02912
70.7 0.02912
70.8 0.02912
70.9 0.02912
71 0.02496
71.1 0.02912
71.2 0.02496
71.3 0.03328
71.4 0.03328
71.5 0.02912
71.6 0.02496
71.7 0.02496
71.8 0.02912
71.9 0.02912
72 0.02912
72.1 0.02912
72.2 0.02912
72.3 0.02496
72.4 0.02912
72.5 0.02912
72.6 0.02912
72.7 0.02912
72.8 0.02912
72.9 0.02496
73 0.03328
73.1 0.02912
73.2 0.02912
73.3 0.02496
73.4 0.02496
73.5 0.03328
73.6 0.02912
73.7 0.02912
73.8 0.02912
73.9 0.02912
74 0.02496
74.1 0.03328
74.2 0.02912
74.3 0.02912
74.4 0.02496
74.5 0.02912
74.6 0.02912
74.7 0.02912
74.8 0.02912
74.9 0.03328
75 0.02496
75.1 0.0208
75.2 0.02496
75.3 0.03328
75.4 0.02912
75.5 0.02912
75.6 0.02912
75.7 0.02496
75.8 0.02912
75.9 0.02912
76 0.02912
76.1 0.02496
76.2 0.02912
76.3 0.02912
76.4 0.02912
76.5 0.02912
76.6 0.02912
76.7 0.02912
76.8 0.02912
76.9 0.0208
77 0.02912
77.1 0.02912
77.2 0.02912
77.3 0.02912
77.4 0.02912
77.5 0.02912
77.6 0.02496
77.7 0.02912
77.8 0.02912
77.9 0.02912
78 0.02496
78.1 0.02912
78.2 0.02912
78.3 0.02912
78.4 0.03328
78.5 0.02912
78.6 0.02496
78.7 0.0208
78.8 0.02496
78.9 0.03328
79 0.0416
79.1 0.04992
79.2 0
79.3 0.00416
79.4 0.00416
79.5 0
79.6 0.01248
79.7 0
79.8 0.02496
79.9 0
80 0.02496
80.1 0.02496
80.2 0.0208
80.3 0.02912
80.4 0.02496
80.5 0.02496
80.6 0.02496
80.7 0.02496
80.8 0.02496
80.9 0.03328
81 0.02912
81.1 0.02496
81.2 0.02496
81.3 0.02912
81.4 0.02496
81.5 0.02912
81.6 0.02496
81.7 0.02912
81.8 0.02496
81.9 0.02912
82 0.02496
82.1 0.02912
82.2 0.02496
82.3 0.02496
82.4 0.02912
82.5 0.02496
82.6 0.02496
82.7 0.02496
82.8 0.03328
82.9 0.02912
83 0.02496
83.1 0.02496
83.2 0.02496
83.3 0.02912
83.4 0.02496
83.5 0.02912
83.6 0.02496
83.7 0.02912
83.8 0.02496
83.9 0.02912
84 0.02496
84.1 0.02912
84.2 0.02496
84.3 0.02496
84.4 0.02912
84.5 0.03328
84.6 0.02496
84.7 0.02496
84.8 0.02496
84.9 0.02496
85 0.02912
85.1 0.02912
85.2 0.02912
85.3 0.02496
85.4 0.02912
85.5 0.02496
85.6 0.02912
85.7 0.02912
85.8 0.02496
85.9 0.02912
86 0.02496
86.1 0.02496
86.2 0.02912
86.3 0.03328
86.4 0.02496
86.5 0.0208
86.6 0.02496
86.7 0.03328
86.8 0.02912
86.9 0.02496
87 0.02912
87.1 0.02496
87.2 0.02912
87.3 0.02496
87.4 0.02912
87.5 0.02496
87.6 0.02912
87.7 0.02912
87.8 0.02496
87.9 0.02496
88 0.03328
88.1 0.02912
88.2 0.02496
88.3 0.0208
88.4 0.02496
88.5 0.03328
88.6 0.02912
88.7 0.02912
88.8 0.02496
88.9 0.02912
89 0.02496
89.1 0.02912
89.2 0.02496
89.3 0.02912
89.4 0.02496
89.5 0.02912
89.6 0.02496
89.7 0.02912
89.8 0.03328
89.9 0.02496
90 0.02496
90.1 0.0208
90.2 0.02496
90.3 0.02912
90.4 0.03744
90.5 0.0416
90.6 0.0416
90.7 0
90.8 0.00832
90.9 0
91 0.00832
91.1 0.00416
91.2 0.00416
91.3 0.0208
91.4 0
91.5 0.02912
91.6 0.0208
91.7 0.02496
91.8 0.02912
91.9 0.02496
92 0.02496
92.1 0.0208
92.2 0.02496
92.3 0.02912
92.4 0.03328
92.5 0.02912
92.6 0.0208
92.7 0.02912
92.8 0.02496
92.9 0.02496
93 0.02912
93.1 0.02496
93.2 0.02912
93.3 0.02496
93.4 0.02912
93.5 0.02496
93.6 0.02496
93.7 0.02912
93.8 0.02496
93.9 0.02912
94 0.0208
94.1 0.02496
94.2 0.02912
94.3 0.03328
94.4 0.02496
94.5 0.02496
94.6 0.02496
94.7 0.02496
94.8 0.02912
94.9 0.02496
95 0.02496
95.1 0.02912
95.2 0.02496
95.3 0.02496
95.4 0.02912
95.5 0.02496
95.6 0.02912
95.7 0.02496
95.8 0.02496
95.9 0.02496
96 0.02912
96.1 0.02912
96.2 0.02496
96.3 0.02496
96.4 0.02496
96.5 0.02912
96.6 0.02912
96.7 0.02496
96.8 0.02912
96.9 0.02496
97 0.02912
97.1 0.02496
97.2 0.02912
97.3 0.02496
97.4 0.02912
97.5 0.02496
97.6 0.02496
97.7 0.02912
97.8 0.02912
97.9 0.02496
98 0.02496
98.1 0.0208
98.2 0.02912
98.3 0.02912
98.4 0.02496
98.5 0.02496
98.6 0.02912
98.7 0.02496
98.8 0.02496
98.9 0.02496
99 0.02496
99.1 0.02912
99.2 0.02496
99.3 0.02496
99.4 0.02912
99.5 0.02912
99.6 0.02912
99.7 0.0208
99.8 0.02496
99.9 0.02496
100 0.03328
