0.2 0.00448
0.3 0
0.4 0.0208
0.5 0
0.6 0.0208
0.7 0.01664
0.8 0.01664
0.9 0.0208
1 0.0208
1.1 0.0208
1.2 0.0208
1.3 0.0208
1.4 0.0208
1.5 0.02496
1.6 0.01664
1.7 0.01664
1.8 0.0208
1.9 0.04256
2 0.0528
2.1 0.048
2.2 0.048
2.3 0.0384
2.4 0.048
2.5 0.04192
2.6 0.0208
2.7 0.0208
2.8 0.0208
2.9 0.0208
3 0.01664
3.1 0.0368
3.2 0.07296
3.3 0.07904
3.4 0.10944
3.5 0.0912
3.6 0.07904
3.7 0.0608
3.8 0.0608
3.9 0.07296
4 0.07904
4.1 0.06688
4.2 0.03168
4.3 0.03328
4.4 0.01664
4.5 0.02496
4.6 0.02496
4.7 0.02496
4.8 0.02496
4.9 0.02496
5 0.02496
5.1 0.02496
5.2 0.02496
5.3 0.02496
5.4 0.0208
5.5 0.02496
5.6 0.02496
5.7 0.03328
5.8 0.0208
5.9 0.0208
6 0.02496
6.1 0.02496
6.2 0.02496
6.3 0.02496
6.4 0.02496
6.5 0.02496
6.6 0.02496
6.7 0.0208
6.8 0.02496
6.9 0.02496
7 0.02496
7.1 0.0208
7.2 0.02496
7.3 0.0208
7.4 0.02912
7.5 0.02496
7.6 0.02496
7.7 0.0208
7.8 0.02496
7.9 0.02496
8 0.02496
8.1 0.0208
8.2 0.02496
8.3 0.02496
8.4 0.0208
8.5 0.02496
8.6 0.02496
8.7 0.02496
8.8 0.02496
8.9 0.0208
9 0.02912
9.1 0.02496
9.2 0.0208
9.3 0.0208
9.4 0.02496
9.5 0.02496
9.6 0.02496
9.7 0.02496
9.8 0.02496
9.9 0.02496
10 0.02496
10.1 0.02496
10.2 0.0208
10.3 0.02496
10.4 0.02496
10.5 0.02496
10.6 0.01664
10.7 0
10.8 0.00832
10.9 0
11 0.00832
11.1 0.02496
11.2 0.02496
11.3 0.02496
11.4 0.02496
11.5 0.02496
11.6 0.02496
11.7 0.02496
11.8 0.0208
11.9 0.02496
12 0.02496
12.1 0.0208
12.2 0.02496
12.3 0.0208
12.4 0.02496
12.5 0.0208
12.6 0.02496
12.7 0.0208
12.8 0.02496
12.9 0.0208
13 0.02496
13.1 0.0208
13.2 0.02496
13.3 0.0208
13.4 0.02496
13.5 0.02496
13.6 0.0208
13.7 0.0208
13.8 0.02496
13.9 0.02912
14 0.01664
14.1 0.0208
14.2 0.0208
14.3 0.02496
14.4 0.02496
14.5 0.0208
14.6 0.02496
14.7 0.0208
14.8 0.02496
14.9 0.0208
15 0.02496
15.1 0.0208
15.2 0.0208
15.3 0.02496
15.4 0.0208
15.5 0.0208
15.6 0.02496
15.7 0.02912
15.8 0.0208
15.9 0.01664
16 0.0208
16.1 0.0208
16.2 0.02496
16.3 0.02496
16.4 0.0208
16.5 0.0208
16.6 0.0208
16.7 0.02496
16.8 0.0208
16.9 0.02496
17 0.01664
17.1 0.0208
17.2 0.02496
17.3 0.0208
17.4 0.02496
17.5 0.0208
17.6 0.0208
17.7 0.01664
17.8 0.01664
17.9 0.02496
18 0.0208
18.1 0.02496
18.2 0.0208
18.3 0.0208
18.4 0.0208
18.5 0.0208
18.6 0.02496
18.7 0.0208
18.8 0.01664
18.9 0.0208
19 0.02496
19.1 0.02496
19.2 0.0208
19.3 0.0208
19.4 0.02496
19.5 0.01664
19.6 0.01664
19.7 0.0208
19.8 0.02496
19.9 0.0208
20 0.0208
20.1 0.0208
20.2 0.02496
20.3 0.0208
20.4 0.0208
20.5 0.02496
20.6 0.0208
20.7 0.0208
20.8 0.0208
20.9 0.02496
21 0.0208
21.1 0.02496
21.2 0.02496
21.3 0.01248
21.4 0.0208
21.5 0.0208
21.6 0.0208
21.7 0.02496
21.8 0.0208
21.9 0.0208
22 0.01248
22.1 0
22.2 0.00832
22.3 0
22.4 0.01664
22.5 0.0208
22.6 0.0208
22.7 0.02496
22.8 0.0208
22.9 0.0208
23 0.02496
23.1 0.0208
23.2 0.01664
23.3 0.02496
23.4 0.0208
23.5 0.0208
23.6 0.0208
23.7 0.0208
23.8 0.01664
23.9 0.0208
24 0.0208
24.1 0.0208
24.2 0.0208
24.3 0.0208
24.4 0.0208
24.5 0.0208
24.6 0.0208
24.7 0.0208
24.8 0.0208
24.9 0.0208
25 0.0208
25.1 0.0208
25.2 0.0208
25.3 0.0208
25.4 0.0208
25.5 0.0208
25.6 0.0208
25.7 0.0208
25.8 0.0208
25.9 0.0208
26 0.0208
26.1 0.0208
26.2 0.0208
26.3 0.0208
26.4 0.0208
26.5 0.0208
26.6 0.0208
26.7 0.0208
26.8 0.0208
26.9 0.0208
27 0.0208
27.1 0.0208
27.2 0.02496
27.3 0.02496
27.4 0.01664
27.5 0.0208
27.6 0.0208
27.7 0.0208
27.8 0.0208
27.9 0.0208
28 0.0208
28.1 0.0208
28.2 0.0208
28.3 0.0208
28.4 0.0208
28.5 0.0208
28.6 0.0208
28.7 0.0208
28.8 0.0208
28.9 0.0208
29 0.02496
29.1 0.0208
29.2 0.01664
29.3 0.01664
29.4 0.02496
29.5 0.0208
29.6 0.0208
29.7 0.0208
29.8 0.0208
29.9 0.0208
30 0.0208
30.1 0.0208
30.2 0.0208
30.3 0.0208
30.4 0.0208
30.5 0.0208
30.6 0.0208
30.7 0.0208
30.8 0.02496
30.9 0.01664
31 0.01664
31.1 0.0208
31.2 0.0208
31.3 0.02496
31.4 0.0208
31.5 0.0208
31.6 0.0208
31.7 0.0208
31.8 0.0208
31.9 0.0208
32 0.0208
32.1 0.0208
32.2 0.0208
32.3 0.0208
32.4 0.0208
32.5 0.0208
32.6 0.02496
32.7 0.01664
32.8 0.01664
32.9 0.01664
33 0.02496
33.1 0.02496
33.2 0.0208
33.3 0.02496
33.4 0.02912
33.5 0.00832
33.6 0
33.7 0.00832
33.8 0
33.9 0.0208
34 0.0208
34.1 0.0208
34.2 0.0208
34.3 0.0208
34.4 0.02496
34.5 0.0208
34.6 0.0208
34.7 0.0208
34.8 0.0208
34.9 0.0208
35 0.0208
35.1 0.01664
35.2 0.0208
35.3 0.02496
35.4 0.02496
35.5 0.01664
35.6 0.01664
35.7 0.0208
35.8 0.0208
35.9 0.0208
36 0.0208
36.1 0.01664
36.2 0.0208
36.3 0.0208
36.4 0.0208
36.5 0.0208
36.6 0.0208
36.7 0.01664
36.8 0.0208
36.9 0.0208
37 0.01664
37.1 0.0208
37.2 0.02496
37.3 0.0208
37.4 0.02496
37.5 0.01664
37.6 0.01664
37.7 0.0208
37.8 0.0208
37.9 0.0208
38 0.0208
38.1 0.0208
38.2 0.0208
38.3 0.0208
38.4 0.0208
38.5 0.0208
38.6 0.0208
38.7 0.0208
38.8 0.0208
38.9 0.0208
39 0.0208
39.1 0.02496
39.2 0.0208
39.3 0.01664
39.4 0.01664
39.5 0.02496
39.6 0.0208
39.7 0.0208
39.8 0.0208
39.9 0.0208
40 0.0208
40.1 0.0208
40.2 0.0208
40.3 0.01664
40.4 0.0208
40.5 0.0208
40.6 0.0208
40.7 0.0208
40.8 0.0208
40.9 0.0208
41 0.02496
41.1 0.01664
41.2 0.01664
41.3 0.0208
41.4 0.0208
41.5 0.0208
41.6 0.0208
41.7 0.0208
41.8 0.0208
41.9 0.0208
42 0.0208
42.1 0.0208
42.2 0.0208
42.3 0.0208
42.4 0.0208
42.5 0.0208
42.6 0.0208
42.7 0.0208
42.8 0.01664
42.9 0.0208
43 0.0208
43.1 0.0208
43.2 0.0208
43.3 0.02496
43.4 0.0208
43.5 0.01664
43.6 0.0208
43.7 0.0208
43.8 0.0208
43.9 0.0208
44 0.0208
44.1 0.0208
44.2 0.0208
44.3 0.0208
44.4 0.02496
44.5 0.0208
44.6 0.01664
44.7 0.0208
44.8 0.02912
44.9 0.02496
45 0
45.1 0.00832
45.2 0
45.3 0.00832
45.4 0.0208
45.5 0.02496
45.6 0.0208
45.7 0.0208
45.8 0.0208
45.9 0.0208
46 0.02496
46.1 0.0208
46.2 0.0208
46.3 0.0208
46.4 0.02496
46.5 0.0208
46.6 0.01664
46.7 0.0208
46.8 0.0208
46.9 0.0208
47 0.0208
47.1 0.0208
47.2 0.0208
47.3 0.0208
47.4 0.0208
47.5 0.0208
47.6 0.0208
47.7 0.01664
47.8 0.0208
47.9 0.0208
48 0.0208
48.1 0.0208
48.2 0.02496
48.3 0.02496
48.4 0.01664
48.5 0.01664
48.6 0.0208
48.7 0.0208
48.8 0.02496
48.9 0.0208
49 0.0208
49.1 0.0208
49.2 0.0208
49.3 0.0208
49.4 0.0208
49.5 0.0208
49.6 0.0208
49.7 0.0208
49.8 0.0208
49.9 0.0208
50 0.02496
50.1 0.0208
50.2 0.0208
50.3 0.01248
50.4 0.0208
50.5 0.02496
50.6 0.0208
50.7 0.0208
50.8 0.0208
50.9 0.0208
51 0.0208
51.1 0.0208
51.2 0.0208
51.3 0.0208
51.4 0.0208
51.5 0.0208
51.6 0.0208
51.7 0.0208
51.8 0.02496
51.9 0.0208
52 0.0208
52.1 0.01664
52.2 0.01664
52.3 0.01664
52.4 0.02496
52.5 0.02496
52.6 0.0208
52.7 0.0208
52.8 0.01664
52.9 0.0208
53 0.0208
53.1 0.0208
53.2 0.0208
53.3 0.0208
53.4 0.02496
53.5 0.0208
53.6 0.0208
53.7 0.02496
53.8 0.0208
53.9 0.01248
54 0.0208
54.1 0.01664
54.2 0.0208
54.3 0.02496
54.4 0.02496
54.5 0.0208
54.6 0.0208
54.7 0.0208
54.8 0.0208
54.9 0.0208
55 0.0208
55.1 0.0208
55.2 0.0208
55.3 0.02496
55.4 0.0208
55.5 0.0208
55.6 0.02496
55.7 0.01664
55.8 0.01664
55.9 0.01664
56 0.0208
56.1 0.02496
56.2 0.02496
56.3 0.00416
56.4 0
56.5 0.00832
56.6 0
56.7 0.0208
56.8 0.0208
56.9 0.0208
57 0.02496
57.1 0.0208
57.2 0.01664
57.3 0.02912
57.4 0.0208
57.5 0.0208
57.6 0.0208
57.7 0.0208
57.8 0.0208
57.9 0.0208
58 0.0208
58.1 0.0208
58.2 0.0208
58.3 0.0208
58.4 0.0208
58.5 0.0208
58.6 0.0208
58.7 0.0208
58.8 0.0208
58.9 0.0208
59 0.0208
59.1 0.0208
59.2 0.01664
59.3 0.0208
59.4 0.0208
59.5 0.0208
59.6 0.02496
59.7 0.02496
59.8 0.01664
59.9 0.01664
60 0.0208
60.1 0.02496
60.2 0.0208
60.3 0.02496
60.4 0.0208
60.5 0.01664
60.6 0.0208
60.7 0.02496
60.8 0.0208
60.9 0.0208
61 0.0208
61.1 0.0208
61.2 0.0208
61.3 0.0208
61.4 0.02912
61.5 0.01664
61.6 0.01664
61.7 0.01664
61.8 0.0208
61.9 0.02496
62 0.02496
62.1 0.0208
62.2 0.0208
62.3 0.0208
62.4 0.0208
62.5 0.0208
62.6 0.0208
62.7 0.0208
62.8 0.01664
62.9 0.0208
63 0.0208
63.1 0.02496
63.2 0.0208
63.3 0.02496
63.4 0.01664
63.5 0.01248
63.6 0.01664
63.7 0.02496
63.8 0.02496
63.9 0.0208
64 0.0208
64.1 0.0208
64.2 0.0208
64.3 0.0208
64.4 0.0208
64.5 0.0208
64.6 0.0208
64.7 0.0208
64.8 0.0208
64.9 0.0208
65 0.0208
65.1 0.02496
65.2 0.0208
65.3 0.01248
65.4 0.01664
65.5 0.0208
65.6 0.02496
65.7 0.02496
65.8 0.0208
65.9 0.0208
66 0.0208
66.1 0.0208
66.2 0.0208
66.3 0.0208
66.4 0.0208
66.5 0.0208
66.6 0.0208
66.7 0.0208
66.8 0.0208
66.9 0.02496
67 0.0208
67.1 0.01664
67.2 0.01664
67.3 0.01664
67.4 0.0208
67.5 0.0208
67.6 0.02496
67.7 0
67.8 0.00832
67.9 0
68 0.00416
68.1 0.0208
68.2 0.0208
68.3 0.0208
68.4 0.02496
68.5 0.0208
68.6 0.01664
68.7 0.02496
68.8 0.0208
68.9 0.01664
69 0.0208
69.1 0.0208
69.2 0.0208
69.3 0.0208
69.4 0.02496
69.5 0.01664
69.6 0.01664
69.7 0.0208
69.8 0.0208
69.9 0.0208
70 0.01664
70.1 0.0208
70.2 0.0208
70.3 0.0208
70.4 0.0208
70.5 0.01664
70.6 0.0208
70.7 0.0208
70.8 0.01664
70.9 0.0208
71 0.0208
71.1 0.01664
71.2 0.0208
71.3 0.0208
71.4 0.0208
71.5 0.01664
71.6 0.0208
71.7 0.0208
71.8 0.01664
71.9 0.0208
72 0.0208
72.1 0.01664
72.2 0.0208
72.3 0.0208
72.4 0.0208
72.5 0.01664
72.6 0.0208
72.7 0.0208
72.8 0.01664
72.9 0.0208
73 0.0208
73.1 0.0208
73.2 0.02496
73.3 0.01664
73.4 0.01664
73.5 0.01664
73.6 0.0208
73.7 0.0208
73.8 0.0208
73.9 0.0208
74 0.01664
74.1 0.0208
74.2 0.01664
74.3 0.0208
74.4 0.0208
74.5 0.0208
74.6 0.01664
74.7 0.0208
74.8 0.0208
74.9 0.0208
75 0.0208
75.1 0.0208
75.2 0.01248
75.3 0.0208
75.4 0.01664
75.5 0.0208
75.6 0.0208
75.7 0.01664
75.8 0.0208
75.9 0.0208
76 0.01664
76.1 0.0208
76.2 0.01664
76.3 0.0208
76.4 0.0208
76.5 0.0208
76.6 0.0208
76.7 0.01664
76.8 0.02496
76.9 0.0208
77 0.01664
77.1 0.01664
77.2 0.01664
77.3 0.0208
77.4 0.0208
77.5 0.0208
77.6 0.01664
77.7 0.0208
77.8 0.0208
77.9 0.01664
78 0.0208
78.1 0.0208
78.2 0.0208
78.3 0.01664
78.4 0.0208
78.5 0.0208
78.6 0.0208
78.7 0.02496
78.8 0.01664
78.9 0.01664
79 0.02912
79.1 0.01664
79.2 0
79.3 0.00832
79.4 0
79.5 0.01248
79.6 0.0208
79.7 0.01664
79.8 0.0208
79.9 0.0208
80 0.0208
80.1 0.0208
80.2 0.0208
80.3 0.0208
80.4 0.01664
80.5 0.0208
80.6 0.0208
80.7 0.01664
80.8 0.0208
80.9 0.0208
81 0.01664
81.1 0.0208
81.2 0.01664
81.3 0.0208
81.4 0.0208
81.5 0.01664
81.6 0.0208
81.7 0.01664
81.8 0.0208
81.9 0.0208
82 0.01664
82.1 0.0208
82.2 0.0208
82.3 0.01664
82.4 0.0208
82.5 0.01664
82.6 0.0208
82.7 0.0208
82.8 0.0208
82.9 0.01664
83 0.0208
83.1 0.01664
83.2 0.0208
83.3 0.0208
83.4 0.01664
83.5 0.0208
83.6 0.01664
83.7 0.0208
83.8 0.01664
83.9 0.0208
84 0.01664
84.1 0.0208
84.2 0.01664
84.3 0.0208
84.4 0.01664
84.5 0.0208
84.6 0.02496
84.7 0.01664
84.8 0.01664
84.9 0.01664
85 0.0208
85.1 0.0208
85.2 0.01664
85.3 0.0208
85.4 0.01664
85.5 0.0208
85.6 0.01664
85.7 0.0208
85.8 0.0208
85.9 0.01664
86 0.0208
86.1 0.01664
86.2 0.0208
86.3 0.0208
86.4 0.02496
86.5 0.01664
86.6 0.01664
86.7 0.01664
86.8 0.0208
86.9 0.0208
87 0.01664
87.1 0.0208
87.2 0.01664
87.3 0.0208
87.4 0.01664
87.5 0.0208
87.6 0.0208
87.7 0.01664
87.8 0.0208
87.9 0.0208
88 0.0208
88.1 0.0208
88.2 0.02496
88.3 0.0208
88.4 0.01248
88.5 0.01664
88.6 0.0208
88.7 0.0208
88.8 0.01664
88.9 0.0208
89 0.0208
89.1 0.0208
89.2 0.01664
89.3 0.0208
89.4 0.0208
89.5 0.01664
89.6 0.0208
89.7 0.0208
89.8 0.0208
89.9 0.0208
90 0.0208
90.1 0.02496
90.2 0.01664
90.3 0.01664
90.4 0.02496
90.5 0.02912
90.6 0.01248
90.7 0
90.8 0.00832
90.9 0
91 0.01248
91.1 0.0208
91.2 0.0208
91.3 0.0208
91.4 0.0208
91.5 0.0208
91.6 0.0208
91.7 0.0208
91.8 0.0208
91.9 0.01664
92 0.01664
92.1 0.02496
92.2 0.01664
92.3 0.0208
92.4 0.01664
92.5 0.0208
92.6 0.01664
92.7 0.0208
92.8 0.0208
92.9 0.01664
93 0.0208
93.1 0.0208
93.2 0.01664
93.3 0.0208
93.4 0.01664
93.5 0.0208
93.6 0.0208
93.7 0.01664
93.8 0.0208
93.9 0.01664
94 0.01664
94.1 0.0208
94.2 0.0208
94.3 0.0208
94.4 0.0208
94.5 0.01664
94.6 0.01664
94.7 0.0208
94.8 0.0208
94.9 0.01664
95 0.0208
95.1 0.01664
95.2 0.0208
95.3 0.01664
95.4 0.0208
95.5 0.0208
95.6 0.01664
95.7 0.0208
95.8 0.0208
95.9 0.01664
96 0.02496
96.1 0.0208
96.2 0.01664
96.3 0.01664
96.4 0.0208
96.5 0.0208
96.6 0.0208
96.7 0.01664
96.8 0.0208
96.9 0.0208
97 0.0208
97.1 0.01664
97.2 0.0208
97.3 0.01664
97.4 0.0208
97.5 0.0208
97.6 0.01664
97.7 0.0208
97.8 0.02496
97.9 0.0208
98 0.01664
98.1 0.01664
98.2 0.0208
98.3 0.01664
98.4 0.0208
98.5 0.0208
98.6 0.01664
98.7 0.0208
98.8 0.0208
98.9 0.0208
99 0.01664
99.1 0.0208
99.2 0.0208
99.3 0.01664
99.4 0.0208
99.5 0.0208
99.6 0.02496
99.7 0.02496
99.8 0.01664
99.9 0.01664
100 0.02496
