0.1 0.00448
0.2 0
0.3 1.20416
0.4 0
0.5 1.8
0.6 0.36
0.7 1.8
0.8 2.04
0.9 2.88
1 2.64
1.1 2.28
1.2 2.16
1.3 1.32
1.4 1.2
1.5 1.32
1.6 1.08
1.7 1.56
1.8 1.56
1.9 1.2
2 1.32
2.1 1.32
2.2 1.2
2.3 1.44
2.4 1.2
2.5 1.68
2.6 1.2
2.7 1.2
2.8 1.44
2.9 1.32
3 0.84
3.1 0.48
3.2 0.6
3.3 0.48
3.4 0.48
3.5 0.48
3.6 0.48
3.7 1.32
3.8 1.8
3.9 1.44
4 0.84
4.1 1.2
4.2 1.44
4.3 1.44
4.4 1.44
4.5 1.32
4.6 1.44
4.7 1.44
4.8 1.44
4.9 1.44
5 1.32
5.1 1.44
5.2 1.44
5.3 1.44
5.4 1.68
5.5 1.68
5.6 1.32
5.7 1.08
5.8 1.2
5.9 1.44
6 1.44
6.1 1.44
6.2 1.44
6.3 1.32
6.4 1.44
6.5 1.44
6.6 1.44
6.7 1.44
6.8 1.44
6.9 1.32
7 1.56
7.1 1.68
7.2 1.56
7.3 0.96
7.4 1.08
7.5 1.32
7.6 1.44
7.7 1.44
7.8 1.44
7.9 1.32
8 1.32
8.1 1.44
8.2 1.32
8.3 1.32
8.4 1.32
8.5 1.32
8.6 1.44
8.7 1.56
8.8 1.32
8.9 0.96
9 1.08
9.1 1.2
9.2 1.44
9.3 1.44
9.4 1.44
9.5 1.32
9.6 1.44
9.7 1.44
9.8 1.32
9.9 1.44
10 1.32
10.1 1.32
10.2 1.32
10.3 0
10.4 0
10.5 0
10.6 0
10.7 0.48
10.8 0
10.9 0.84
11 1.44
11.1 1.44
11.2 1.32
11.3 1.44
11.4 1.44
11.5 1.68
11.6 1.68
11.7 1.56
11.8 1.8
11.9 0.96
12 1.08
12.1 1.32
12.2 1.32
12.3 1.32
12.4 1.44
12.5 1.32
12.6 1.44
12.7 1.32
12.8 1.44
12.9 1.32
13 1.44
13.1 1.32
13.2 1.32
13.3 1.44
13.4 1.44
13.5 1.8
13.6 1.56
13.7 0.96
13.8 1.08
13.9 1.32
14 1.44
14.1 1.32
14.2 1.44
14.3 1.32
14.4 1.32
14.5 1.44
14.6 1.32
14.7 1.44
14.8 1.32
14.9 1.44
15 1.32
15.1 1.32
15.2 1.56
15.3 1.68
15.4 0.96
15.5 1.08
15.6 0.96
15.7 1.32
15.8 1.32
15.9 1.44
16 1.32
16.1 1.08
16.2 1.32
16.3 1.44
16.4 1.32
16.5 1.32
16.6 1.2
16.7 1.2
16.8 1.44
16.9 1.2
17 1.44
17.1 1.2
17.2 1.2
17.3 0.84
17.4 1.08
17.5 1.2
17.6 1.32
17.7 1.32
17.8 1.44
17.9 1.08
18 1.32
18.1 1.32
18.2 1.32
18.3 1.32
18.4 1.08
18.5 1.32
18.6 1.32
18.7 1.32
18.8 1.32
18.9 1.32
19 1.2
19.1 0.84
19.2 1.08
19.3 1.08
19.4 1.32
19.5 1.32
19.6 1.32
19.7 1.32
19.8 1.32
19.9 1.2
20 1.32
20.1 1.2
20.2 1.32
20.3 1.2
20.4 1.32
20.5 1.2
20.6 1.32
20.7 1.56
20.8 1.2
20.9 0.84
21 1.08
21.1 1.08
21.2 1.32
21.3 1.2
21.4 1.32
21.5 1.32
21.6 0.72
21.7 0
21.8 0
21.9 0
22 0.12
22.1 0.24
22.2 0
22.3 1.32
22.4 1.32
22.5 1.2
22.6 1.32
22.7 1.32
22.8 1.2
22.9 1.32
23 1.32
23.1 1.44
23.2 1.68
23.3 1.56
23.4 1.68
23.5 1.08
23.6 0.96
23.7 1.08
23.8 1.32
23.9 1.2
24 1.32
24.1 1.32
24.2 1.2
24.3 1.32
24.4 1.32
24.5 1.32
24.6 1.2
24.7 1.32
24.8 1.2
24.9 1.32
25 1.32
25.1 1.56
25.2 1.68
25.3 0.96
25.4 0.96
25.5 1.2
25.6 1.32
25.7 1.2
25.8 1.32
25.9 1.32
26 1.2
26.1 1.32
26.2 1.32
26.3 1.2
26.4 1.32
26.5 1.2
26.6 1.32
26.7 1.2
26.8 1.2
26.9 1.56
27 1.2
27.1 0.84
27.2 0.84
27.3 1.08
27.4 1.2
27.5 1.2
27.6 1.2
27.7 1.32
27.8 1.2
27.9 1.2
28 1.2
28.1 1.2
28.2 1.32
28.3 1.2
28.4 1.2
28.5 1.2
28.6 1.2
28.7 1.44
28.8 1.32
28.9 0.84
29 0.96
29.1 0.96
29.2 1.2
29.3 1.32
29.4 1.2
29.5 1.2
29.6 1.2
29.7 1.2
29.8 1.32
29.9 1.2
30 1.2
30.1 1.2
30.2 1.2
30.3 1.32
30.4 1.2
30.5 1.44
30.6 1.32
30.7 0.84
30.8 0.84
30.9 1.08
31 1.2
31.1 1.2
31.2 1.2
31.3 1.32
31.4 1.2
31.5 1.2
31.6 1.2
31.7 1.2
31.8 1.32
31.9 1.2
32 1.2
32.1 1.2
32.2 1.32
32.3 1.44
32.4 1.32
32.5 0.72
32.6 0.96
32.7 0.96
32.8 1.2
32.9 1.32
33 1.2
33.1 1.2
33.2 0.6
33.3 0
33.4 0
33.5 0.12
33.6 0.24
33.7 0
33.8 1.32
33.9 1.2
34 1.2
34.1 1.2
34.2 1.32
34.3 1.2
34.4 1.2
34.5 1.2
34.6 1.2
34.7 1.32
34.8 1.2
34.9 1.2
35 1.44
35.1 1.56
35.2 1.44
35.3 0.96
35.4 0.84
35.5 1.2
35.6 1.32
35.7 1.2
35.8 1.32
35.9 1.2
36 1.2
36.1 1.32
36.2 1.2
36.3 1.2
36.4 1.32
36.5 1.2
36.6 1.2
36.7 1.32
36.8 1.2
36.9 1.56
37 1.56
37.1 1.08
37.2 0.96
37.3 1.08
37.4 1.2
37.5 1.32
37.6 1.2
37.7 1.2
37.8 1.2
37.9 1.2
38 1.2
38.1 1.2
38.2 1.08
38.3 1.2
38.4 1.08
38.5 1.2
38.6 1.2
38.7 1.32
38.8 1.08
38.9 0.84
39 0.96
39.1 0.96
39.2 1.32
39.3 1.2
39.4 1.2
39.5 1.32
39.6 1.08
39.7 1.2
39.8 1.2
39.9 1.2
40 0.84
40.1 1.08
40.2 1.2
40.3 1.2
40.4 1.08
40.5 1.32
40.6 1.08
40.7 0.96
40.8 0.84
40.9 0.96
41 1.08
41.1 1.2
41.2 1.2
41.3 1.2
41.4 1.2
41.5 1.2
41.6 1.08
41.7 1.2
41.8 1.2
41.9 1.08
42 1.08
42.1 1.2
42.2 1.08
42.3 1.44
42.4 1.08
42.5 0.84
42.6 0.84
42.7 0.84
42.8 1.08
42.9 1.2
43 1.08
43.1 1.2
43.2 1.08
43.3 1.2
43.4 1.08
43.5 1.2
43.6 1.08
43.7 1.2
43.8 1.08
43.9 1.2
44 1.08
44.1 1.32
44.2 1.44
44.3 0.96
44.4 0.84
44.5 0.84
44.6 1.2
44.7 0.72
44.8 0
44.9 0
45 0.36
45.1 0.12
45.2 0.24
45.3 1.08
45.4 1.2
45.5 1.2
45.6 1.2
45.7 1.08
45.8 1.44
45.9 1.44
46 1.44
46.1 1.44
46.2 1.2
46.3 0.84
46.4 0.96
46.5 1.2
46.6 1.08
46.7 1.2
46.8 1.2
46.9 1.2
47 1.08
47.1 1.2
47.2 1.2
47.3 1.2
47.4 1.08
47.5 1.2
47.6 1.2
47.7 1.2
47.8 1.2
47.9 1.56
48 1.2
48.1 0.96
48.2 0.84
48.3 1.2
48.4 1.08
48.5 1.2
48.6 1.2
48.7 1.08
48.8 1.2
48.9 1.2
49 1.08
49.1 1.2
49.2 1.2
49.3 1.08
49.4 1.2
49.5 1.08
49.6 1.08
49.7 1.44
49.8 0.96
49.9 0.72
50 0.96
50.1 0.96
50.2 1.2
50.3 1.08
50.4 1.2
50.5 1.2
50.6 0.96
50.7 1.08
50.8 1.08
50.9 1.2
51 1.08
51.1 1.08
51.2 1.08
51.3 1.08
51.4 1.08
51.5 1.32
51.6 1.08
51.7 0.72
51.8 0.84
51.9 0.84
52 1.08
52.1 1.2
52.2 1.08
52.3 1.08
52.4 1.08
52.5 1.08
52.6 1.2
52.7 1.08
52.8 1.08
52.9 1.2
53 1.08
53.1 1.08
53.2 1.08
53.3 1.08
53.4 1.2
53.5 1.2
53.6 0.72
53.7 0.72
53.8 0.96
53.9 1.2
54 1.08
54.1 1.08
54.2 1.08
54.3 1.2
54.4 1.08
54.5 1.08
54.6 1.08
54.7 1.2
54.8 1.08
54.9 1.08
55 1.08
55.1 1.2
55.2 1.32
55.3 1.2
55.4 0.84
55.5 0.84
55.6 0.84
55.7 1.08
55.8 1.08
55.9 1.2
56 0
56.1 0
56.2 0
56.3 0
56.4 0.48
56.5 0
56.6 0.84
56.7 1.2
56.8 1.08
56.9 1.08
57 1.2
57.1 1.08
57.2 1.32
57.3 1.44
57.4 1.44
57.5 1.32
57.6 1.32
57.7 0.84
57.8 0.84
57.9 1.08
58 1.2
58.1 1.08
58.2 1.2
58.3 1.2
58.4 1.08
58.5 1.2
58.6 1.08
58.7 1.2
58.8 1.08
58.9 1.2
59 1.08
59.1 1.2
59.2 1.08
59.3 1.44
59.4 1.44
59.5 1.08
59.6 0.84
59.7 0.96
59.8 1.2
59.9 1.08
60 1.2
60.1 1.08
60.2 1.2
60.3 1.08
60.4 1.2
60.5 1.08
60.6 1.2
60.7 0.96
60.8 1.2
60.9 1.08
61 1.08
61.1 1.2
61.2 1.2
61.3 1.08
61.4 0.72
61.5 0.84
61.6 0.96
61.7 1.2
61.8 1.08
61.9 1.2
62 1.08
62.1 1.2
62.2 1.08
62.3 1.08
62.4 1.2
62.5 1.08
62.6 1.08
62.7 1.08
62.8 1.08
62.9 1.08
63 1.32
63.1 1.08
63.2 0.96
63.3 0.84
63.4 0.72
63.5 1.08
63.6 1.2
63.7 1.08
63.8 1.08
63.9 1.2
64 1.08
64.1 1.08
64.2 1.2
64.3 1.08
64.4 1.08
64.5 1.2
64.6 1.08
64.7 1.08
64.8 1.08
64.9 1.32
65 1.2
65.1 0.72
65.2 0.84
65.3 0.96
65.4 1.08
65.5 1.08
65.6 1.2
65.7 1.08
65.8 1.08
65.9 1.2
66 1.08
66.1 1.08
66.2 1.2
66.3 1.08
66.4 1.2
66.5 1.08
66.6 1.08
66.7 1.32
66.8 1.44
66.9 0.84
67 0.84
67.1 0.84
67.2 1.08
67.3 0.84
67.4 0
67.5 0
67.6 0
67.7 0.24
67.8 0.12
67.9 0.24
68 1.2
68.1 1.08
68.2 1.2
68.3 1.2
68.4 1.08
68.5 1.2
68.6 1.2
68.7 1.2
68.8 1.08
68.9 1.2
69 1.32
69.1 1.44
69.2 1.56
69.3 1.08
69.4 0.84
69.5 0.96
69.6 1.2
69.7 1.2
69.8 1.2
69.9 1.08
70 1.2
70.1 1.2
70.2 1.2
70.3 1.2
70.4 1.2
70.5 1.2
70.6 1.08
70.7 1.2
70.8 1.2
70.9 1.44
71 1.44
71.1 1.08
71.2 0.96
71.3 0.96
71.4 1.2
71.5 1.2
71.6 1.2
71.7 1.08
71.8 1.2
71.9 1.2
72 1.2
72.1 1.2
72.2 1.2
72.3 1.2
72.4 1.08
72.5 1.08
72.6 1.2
72.7 1.2
72.8 1.2
72.9 1.2
73 0.6
73.1 0.96
73.2 1.08
73.3 1.08
73.4 1.2
73.5 1.2
73.6 1.2
73.7 1.2
73.8 1.2
73.9 1.08
74 1.08
74.1 1.08
74.2 0.96
74.3 1.08
74.4 1.2
74.5 1.08
74.6 1.2
74.7 1.2
74.8 0.72
74.9 0.84
75 0.96
75.1 1.08
75.2 1.08
75.3 1.2
75.4 1.08
75.5 1.08
75.6 1.2
75.7 1.08
75.8 1.08
75.9 1.2
76 1.08
76.1 1.08
76.2 1.2
76.3 1.08
76.4 1.32
76.5 1.2
76.6 0.84
76.7 0.84
76.8 0.84
76.9 1.08
77 1.08
77.1 1.08
77.2 1.2
77.3 1.08
77.4 1.2
77.5 1.08
77.6 1.2
77.7 1.08
77.8 1.08
77.9 1.2
78 1.08
78.1 1.2
78.2 1.08
78.3 1.32
78.4 1.44
78.5 0.84
78.6 0.84
78.7 0.96
78.8 1.08
78.9 0.36
79 0
79.1 0
79.2 0.36
79.3 0
79.4 0.6
79.5 1.2
79.6 1.2
79.7 1.2
79.8 1.2
79.9 1.2
80 1.2
80.1 1.2
80.2 1.08
80.3 1.2
80.4 1.32
80.5 1.56
80.6 1.44
80.7 1.2
80.8 0.96
80.9 0.96
81 1.08
81.1 1.2
81.2 1.2
81.3 1.2
81.4 1.2
81.5 1.2
81.6 1.2
81.7 1.2
81.8 1.2
81.9 1.2
82 1.2
82.1 1.2
82.2 1.08
82.3 1.32
82.4 1.44
82.5 1.44
82.6 0.84
82.7 0.96
82.8 1.08
82.9 1.2
83 1.08
83.1 1.2
83.2 1.2
83.3 1.2
83.4 1.08
83.5 1.2
83.6 1.2
83.7 1.2
83.8 1.2
83.9 1.08
84 1.2
84.1 1.32
84.2 1.44
84.3 0.96
84.4 0.84
84.5 0.84
84.6 1.08
84.7 1.2
84.8 1.2
84.9 1.2
85 1.08
85.1 1.2
85.2 1.2
85.3 1.08
85.4 1.2
85.5 1.08
85.6 1.2
85.7 1.08
85.8 1.2
85.9 1.2
86 1.32
86.1 0.84
86.2 0.84
86.3 0.84
86.4 1.08
86.5 1.2
86.6 1.08
86.7 1.2
86.8 1.08
86.9 1.2
87 1.08
87.1 1.2
87.2 1.2
87.3 1.08
87.4 1.2
87.5 1.08
87.6 1.2
87.7 1.32
87.8 1.2
87.9 0.84
88 0.84
88.1 0.96
88.2 1.08
88.3 1.2
88.4 1.08
88.5 1.2
88.6 1.2
88.7 1.2
88.8 1.2
88.9 1.08
89 1.2
89.1 1.2
89.2 1.2
89.3 1.08
89.4 1.2
89.5 1.2
89.6 1.44
89.7 0.96
89.8 0.84
89.9 0.84
90 1.2
90.1 1.08
90.2 1.2
90.3 1.2
90.4 0.24
90.5 0
90.6 0
90.7 0.48
90.8 0
90.9 0.6
91 1.2
91.1 1.2
91.2 1.2
91.3 1.2
91.4 1.08
91.5 1.2
91.6 1.2
91.7 1.2
91.8 1.2
91.9 1.32
92 1.44
92.1 1.44
92.2 1.2
92.3 0.84
92.4 0.96
92.5 1.2
92.6 1.2
92.7 1.2
92.8 1.08
92.9 1.2
93 1.2
93.1 1.2
93.2 1.2
93.3 1.2
93.4 1.2
93.5 1.08
93.6 1.2
93.7 1.2
93.8 1.44
93.9 1.44
94 1.08
94.1 0.84
94.2 1.08
94.3 1.2
94.4 1.08
94.5 1.2
94.6 1.2
94.7 1.2
94.8 1.2
94.9 1.2
95 1.08
95.1 1.2
95.2 1.2
95.3 1.2
95.4 1.2
95.5 1.08
95.6 1.32
95.7 1.2
95.8 0.48
95.9 0.84
96 0.84
96.1 1.2
96.2 1.08
96.3 1.08
96.4 1.2
96.5 1.08
96.6 1.08
96.7 1.2
96.8 1.08
96.9 1.2
97 1.08
97.1 1.08
97.2 1.08
97.3 1.08
97.4 1.32
97.5 1.2
97.6 0.72
97.7 0.96
97.8 0.84
97.9 1.08
98 1.08
98.1 1.2
98.2 1.08
98.3 1.2
98.4 1.08
98.5 1.2
98.6 1.08
98.7 1.08
98.8 1.2
98.9 1.08
99 1.2
99.1 1.08
99.2 1.32
99.3 1.2
99.4 0.84
99.5 0.84
99.6 0.84
99.7 1.2
99.8 1.08
99.9 1.2
100 1.2
