0.1 0.00448
0.2 0
0.3 1.20416
0.4 0
0.5 1.56
0.6 0.6
0.7 1.56
0.8 1.92
0.9 2.64
1 2.76
1.1 1.68
1.2 1.92
1.3 1.44
1.4 1.44
1.5 1.2
1.6 1.2
1.7 0.96
1.8 1.44
1.9 1.2
2 1.44
2.1 1.32
2.2 1.32
2.3 0.96
2.4 1.2
2.5 2.52
2.6 3.36
2.7 1.2
2.8 1.2
2.9 0.96
3 0.84
3.1 0
3.2 0.36
3.3 0.48
3.4 0.48
3.5 0.48
3.6 0.84
3.7 1.2
3.8 1.32
3.9 1.32
4 1.32
4.1 0.12
4.2 0.48
4.3 0.96
4.4 0.96
4.5 1.08
4.6 0.96
4.7 1.08
4.8 0.96
4.9 1.08
5 0.96
5.1 1.2
5.2 1.32
5.3 0.84
5.4 0.72
5.5 0.96
5.6 1.08
5.7 1.08
5.8 1.08
5.9 0.96
6 1.08
6.1 1.08
6.2 1.08
6.3 1.08
6.4 0.96
6.5 1.08
6.6 1.08
6.7 1.08
6.8 1.2
6.9 1.32
7 1.08
7.1 0.72
7.2 0.84
7.3 1.08
7.4 1.08
7.5 1.08
7.6 1.08
7.7 0.96
7.8 1.08
7.9 1.08
8 1.08
8.1 1.08
8.2 0.96
8.3 1.08
8.4 0.96
8.5 1.2
8.6 1.08
8.7 0.72
8.8 0.84
8.9 0.84
9 1.08
9.1 1.08
9.2 0.96
9.3 1.08
9.4 1.08
9.5 1.08
9.6 1.08
9.7 0.96
9.8 1.08
9.9 1.08
10 0.96
10.1 1.08
10.2 1.08
10.3 0
10.4 0
10.5 0
10.6 0
10.7 0.36
10.8 0
10.9 0.72
11 0
11.1 0.72
11.2 0.72
11.3 0.6
11.4 1.08
11.5 1.08
11.6 1.08
11.7 1.32
11.8 1.2
11.9 1.2
12 1.2
12.1 0.72
12.2 0.84
12.3 1.08
12.4 1.08
12.5 1.2
12.6 1.2
12.7 1.08
12.8 1.2
12.9 1.2
13 1.08
13.1 1.2
13.2 1.08
13.3 1.2
13.4 1.2
13.5 1.08
13.6 1.2
13.7 1.2
13.8 1.44
13.9 1.44
14 0.96
14.1 0.96
14.2 0.84
14.3 1.2
14.4 1.32
14.5 1.2
14.6 1.32
14.7 1.2
14.8 1.32
14.9 1.32
15 1.2
15.1 1.32
15.2 1.2
15.3 1.32
15.4 1.2
15.5 1.32
15.6 1.2
15.7 1.32
15.8 1.68
15.9 1.44
16 0.84
16.1 0.96
16.2 1.08
16.3 1.32
16.4 1.32
16.5 1.32
16.6 1.44
16.7 1.32
16.8 1.32
16.9 1.44
17 1.32
17.1 1.32
17.2 1.44
17.3 1.32
17.4 1.32
17.5 1.32
17.6 1.44
17.7 1.44
17.8 1.8
17.9 1.32
18 0.96
18.1 0.96
18.2 1.2
18.3 1.44
18.4 1.44
18.5 1.44
18.6 1.32
18.7 1.44
18.8 1.44
18.9 1.44
19 1.44
19.1 1.44
19.2 1.44
19.3 1.32
19.4 1.44
19.5 1.44
19.6 1.44
19.7 1.68
19.8 1.8
19.9 1.56
20 1.08
20.1 1.08
20.2 1.2
20.3 1.44
20.4 1.56
20.5 1.56
20.6 1.44
20.7 1.56
20.8 1.56
20.9 1.56
21 1.44
21.1 1.56
21.2 1.56
21.3 1.56
21.4 1.44
21.5 1.56
21.6 1.56
21.7 1.68
21.8 0
21.9 0
22 0
22.1 0.36
22.2 0
22.3 0.48
22.4 0.24
22.5 0.36
22.6 1.08
22.7 0.12
22.8 1.56
22.9 1.2
23 1.56
23.1 1.56
23.2 1.68
23.3 1.92
23.4 2.04
23.5 1.32
23.6 1.2
23.7 1.32
23.8 1.68
23.9 1.56
24 1.56
24.1 1.56
24.2 1.56
24.3 1.56
24.4 1.68
24.5 1.56
24.6 1.56
24.7 1.56
24.8 1.56
24.9 1.56
25 1.56
25.1 1.8
25.2 1.8
25.3 1.68
25.4 1.08
25.5 1.08
25.6 1.56
25.7 1.44
25.8 1.44
25.9 1.56
26 1.44
26.1 1.56
26.2 1.44
26.3 1.44
26.4 1.56
26.5 1.44
26.6 1.44
26.7 1.56
26.8 1.44
26.9 1.56
27 1.68
27.1 1.44
27.2 0.96
27.3 1.08
27.4 1.32
27.5 1.44
27.6 1.56
27.7 1.44
27.8 1.56
27.9 1.44
28 1.56
28.1 1.44
28.2 1.56
28.3 1.44
28.4 1.56
28.5 1.44
28.6 1.56
28.7 1.44
28.8 1.68
28.9 1.68
29 1.08
29.1 1.08
29.2 1.2
29.3 1.44
29.4 1.56
29.5 1.56
29.6 1.56
29.7 1.56
29.8 1.56
29.9 1.56
30 1.56
30.1 1.56
30.2 1.56
30.3 1.56
30.4 1.56
30.5 1.56
30.6 1.68
30.7 1.68
30.8 1.44
30.9 1.08
31 1.2
31.1 1.44
31.2 1.56
31.3 1.68
31.4 1.56
31.5 1.68
31.6 1.56
31.7 1.68
31.8 1.56
31.9 1.68
32 1.56
32.1 1.68
32.2 1.68
32.3 1.56
32.4 1.68
32.5 1.68
32.6 1.68
32.7 1.32
32.8 1.2
32.9 1.2
33 1.68
33.1 1.68
33.2 1.56
33.3 0.36
33.4 0
33.5 0
33.6 0.48
33.7 0
33.8 0.72
33.9 0
34 0.72
34.1 0.72
34.2 0.48
34.3 1.68
34.4 1.08
34.5 1.68
34.6 1.68
34.7 1.56
34.8 1.68
34.9 1.68
35 1.68
35.1 1.68
35.2 2.04
35.3 2.04
35.4 1.44
35.5 1.32
35.6 1.44
35.7 1.8
35.8 1.68
35.9 1.8
36 1.8
36.1 1.68
36.2 1.8
36.3 1.8
36.4 1.68
36.5 1.8
36.6 1.8
36.7 1.68
36.8 1.8
36.9 1.8
37 2.16
37.1 2.16
37.2 1.32
37.3 1.32
37.4 1.56
37.5 1.8
37.6 1.8
37.7 1.68
37.8 1.68
37.9 1.68
38 1.68
38.1 1.68
38.2 1.56
38.3 1.56
38.4 1.56
38.5 1.56
38.6 1.68
38.7 1.8
38.8 1.68
38.9 1.44
39 1.2
39.1 1.32
39.2 1.68
39.3 1.68
39.4 1.8
39.5 1.8
39.6 1.44
39.7 1.68
39.8 1.68
39.9 1.68
40 1.32
40.1 1.44
40.2 1.68
40.3 1.68
40.4 1.56
40.5 1.8
40.6 1.56
40.7 1.32
40.8 1.32
40.9 1.32
41 1.68
41.1 1.68
41.2 1.68
41.3 1.8
41.4 1.68
41.5 1.68
41.6 1.68
41.7 1.56
41.8 1.68
41.9 1.56
42 1.56
42.1 1.68
42.2 1.56
42.3 1.8
42.4 1.8
42.5 1.2
42.6 1.2
42.7 1.44
42.8 1.68
42.9 1.68
43 1.68
43.1 1.68
43.2 1.56
43.3 1.68
43.4 1.56
43.5 1.68
43.6 1.56
43.7 1.68
43.8 1.68
43.9 1.56
44 1.68
44.1 1.92
44.2 1.8
44.3 1.2
44.4 1.2
44.5 1.44
44.6 1.68
44.7 1.68
44.8 0.36
44.9 0
45 0.12
45.1 0.24
45.2 0.12
45.3 0.6
45.4 0
45.5 1.44
45.6 0
45.7 1.44
45.8 1.44
45.9 1.44
46 2.04
46.1 2.16
46.2 1.8
46.3 1.32
46.4 1.2
46.5 1.68
46.6 1.68
46.7 1.68
46.8 1.68
46.9 1.68
47 1.68
47.1 1.68
47.2 1.68
47.3 1.68
47.4 1.68
47.5 1.68
47.6 1.68
47.7 1.68
47.8 1.68
47.9 2.04
48 2.04
48.1 1.68
48.2 1.2
48.3 1.32
48.4 1.56
48.5 1.68
48.6 1.68
48.7 1.68
48.8 1.68
48.9 1.56
49 1.68
49.1 1.68
49.2 1.68
49.3 1.56
49.4 1.68
49.5 1.68
49.6 1.56
49.7 1.56
49.8 1.8
49.9 1.68
50 1.2
50.1 1.32
50.2 1.2
50.3 1.68
50.4 1.68
50.5 1.68
50.6 1.56
50.7 1.68
50.8 1.68
50.9 1.68
51 1.68
51.1 1.56
51.2 1.68
51.3 1.56
51.4 1.68
51.5 1.56
51.6 1.56
51.7 1.92
51.8 1.68
51.9 1.32
52 1.32
52.1 1.2
52.2 1.56
52.3 1.68
52.4 1.68
52.5 1.56
52.6 1.68
52.7 1.68
52.8 1.68
52.9 1.56
53 1.68
53.1 1.68
53.2 1.56
53.3 1.56
53.4 1.56
53.5 1.68
53.6 2.04
53.7 1.68
53.8 1.2
53.9 1.2
54 1.32
54.1 1.68
54.2 1.68
54.3 1.68
54.4 1.68
54.5 1.68
54.6 1.68
54.7 1.68
54.8 1.68
54.9 1.56
55 1.68
55.1 1.68
55.2 1.68
55.3 1.68
55.4 1.68
55.5 2.04
55.6 1.92
55.7 1.2
55.8 1.32
55.9 1.2
56 1.32
56.1 0
56.2 0
56.3 0
56.4 0.48
56.5 0
56.6 0.72
56.7 0
56.8 0.72
56.9 0.72
57 0.6
57.1 1.68
57.2 0.96
57.3 2.04
57.4 2.16
57.5 2.16
57.6 1.68
57.7 1.32
57.8 1.32
57.9 1.8
58 1.68
58.1 1.68
58.2 1.8
58.3 1.68
58.4 1.8
58.5 1.68
58.6 1.68
58.7 1.8
58.8 1.68
58.9 1.8
59 1.68
59.1 1.8
59.2 1.56
59.3 1.92
59.4 2.04
59.5 1.8
59.6 1.2
59.7 1.2
59.8 1.68
59.9 1.56
60 1.68
60.1 1.56
60.2 1.68
60.3 1.68
60.4 1.56
60.5 1.68
60.6 1.56
60.7 1.68
60.8 1.56
60.9 1.56
61 1.56
61.1 1.68
61.2 1.8
61.3 1.56
61.4 1.32
61.5 1.2
61.6 1.2
61.7 1.56
61.8 1.68
61.9 1.68
62 1.56
62.1 1.68
62.2 1.56
62.3 1.68
62.4 1.68
62.5 1.56
62.6 1.68
62.7 1.56
62.8 1.68
62.9 1.68
63 1.56
63.1 1.8
63.2 1.68
63.3 1.68
63.4 1.08
63.5 1.2
63.6 1.44
63.7 1.68
63.8 1.68
63.9 1.68
64 1.68
64.1 1.68
64.2 1.68
64.3 1.68
64.4 1.68
64.5 1.56
64.6 1.68
64.7 1.68
64.8 1.68
64.9 1.68
65 1.68
65.1 1.92
65.2 1.56
65.3 1.32
65.4 1.2
65.5 1.32
65.6 1.68
65.7 1.68
65.8 1.68
65.9 1.8
66 1.68
66.1 1.68
66.2 1.68
66.3 1.8
66.4 1.68
66.5 1.68
66.6 1.68
66.7 1.8
66.8 1.68
66.9 1.68
67 2.04
67.1 2.04
67.2 1.32
67.3 1.32
67.4 0.36
67.5 0
67.6 0
67.7 0
67.8 0.36
67.9 0
68 0.72
68.1 0
68.2 1.44
68.3 0
68.4 1.44
68.5 1.44
68.6 1.32
68.7 1.8
68.8 1.8
68.9 1.8
69 1.8
69.1 2.04
69.2 2.16
69.3 1.92
69.4 1.44
69.5 1.32
69.6 1.8
69.7 1.8
69.8 1.8
69.9 1.8
70 1.8
70.1 1.8
70.2 1.8
70.3 1.8
70.4 1.8
70.5 1.8
70.6 1.8
70.7 1.68
70.8 1.8
70.9 2.04
71 2.16
71.1 2.04
71.2 1.32
71.3 1.32
71.4 1.68
71.5 1.8
71.6 1.8
71.7 1.8
71.8 1.68
71.9 1.8
72 1.8
72.1 1.68
72.2 1.8
72.3 1.8
72.4 1.56
72.5 1.68
72.6 1.68
72.7 1.92
72.8 1.68
72.9 1.2
73 1.32
73.1 1.44
73.2 1.8
73.3 1.68
73.4 1.8
73.5 1.8
73.6 1.68
73.7 1.8
73.8 1.68
73.9 1.8
74 1.56
74.1 1.56
74.2 1.44
74.3 1.68
74.4 1.68
74.5 1.8
74.6 1.68
74.7 1.08
74.8 1.32
74.9 1.32
75 1.68
75.1 1.68
75.2 1.68
75.3 1.8
75.4 1.68
75.5 1.68
75.6 1.68
75.7 1.68
75.8 1.68
75.9 1.8
76 1.68
76.1 1.68
76.2 1.56
76.3 1.92
76.4 1.56
76.5 1.32
76.6 1.2
76.7 1.32
76.8 1.68
76.9 1.68
77 1.68
77.1 1.68
77.2 1.68
77.3 1.68
77.4 1.68
77.5 1.68
77.6 1.68
77.7 1.56
77.8 1.68
77.9 1.68
78 1.68
78.1 2.04
78.2 1.68
78.3 1.08
78.4 1.32
78.5 1.44
78.6 1.68
78.7 1.68
78.8 1.68
78.9 1.32
79 0
79.1 0
79.2 0.36
79.3 0.12
79.4 0.24
79.5 0.48
79.6 0
79.7 1.44
79.8 0
79.9 1.56
80 1.32
80.1 1.32
80.2 1.68
80.3 1.68
80.4 1.68
80.5 1.68
80.6 2.16
80.7 2.04
80.8 1.44
80.9 1.32
81 1.44
81.1 1.68
81.2 1.68
81.3 1.68
81.4 1.68
81.5 1.68
81.6 1.56
81.7 1.68
81.8 1.68
81.9 1.56
82 1.68
82.1 1.68
82.2 1.68
82.3 1.68
82.4 2.04
82.5 2.04
82.6 1.32
82.7 1.2
82.8 1.56
82.9 1.68
83 1.68
83.1 1.56
83.2 1.68
83.3 1.68
83.4 1.56
83.5 1.68
83.6 1.68
83.7 1.68
83.8 1.56
83.9 1.68
84 1.68
84.1 1.92
84.2 1.56
84.3 1.2
84.4 1.2
84.5 1.32
84.6 1.68
84.7 1.68
84.8 1.68
84.9 1.56
85 1.68
85.1 1.68
85.2 1.56
85.3 1.68
85.4 1.68
85.5 1.56
85.6 1.44
85.7 1.68
85.8 1.56
85.9 1.8
86 1.56
86.1 1.08
86.2 1.2
86.3 1.44
86.4 1.68
86.5 1.68
86.6 1.56
86.7 1.68
86.8 1.56
86.9 1.68
87 1.68
87.1 1.56
87.2 1.68
87.3 1.68
87.4 1.56
87.5 1.56
87.6 1.56
87.7 1.92
87.8 1.56
87.9 1.08
88 1.2
88.1 1.44
88.2 1.68
88.3 1.56
88.4 1.68
88.5 1.68
88.6 1.56
88.7 1.68
88.8 1.56
88.9 1.68
89 1.68
89.1 1.56
89.2 1.68
89.3 1.68
89.4 1.56
89.5 1.8
89.6 1.56
89.7 1.08
89.8 1.2
89.9 1.44
90 1.68
90.1 1.56
90.2 1.68
90.3 1.68
90.4 1.2
90.5 0
90.6 0
90.7 0.48
90.8 0
90.9 0.48
91 0.24
91.1 0.36
91.2 1.08
91.3 0.12
91.4 1.68
91.5 1.08
91.6 1.68
91.7 1.68
91.8 1.68
91.9 1.68
92 1.68
92.1 2.04
92.2 2.16
92.3 1.2
92.4 1.32
92.5 1.56
92.6 1.68
92.7 1.68
92.8 1.56
92.9 1.68
93 1.68
93.1 1.68
93.2 1.68
93.3 1.68
93.4 1.68
93.5 1.68
93.6 1.56
93.7 1.68
93.8 1.8
93.9 2.04
94 1.8
94.1 1.2
94.2 1.2
94.3 1.68
94.4 1.56
94.5 1.68
94.6 1.68
94.7 1.56
94.8 1.68
94.9 1.56
95 1.68
95.1 1.56
95.2 1.68
95.3 1.56
95.4 1.44
95.5 1.56
95.6 1.8
95.7 1.56
95.8 1.08
95.9 1.2
96 1.32
96.1 1.68
96.2 1.68
96.3 1.56
96.4 1.68
96.5 1.56
96.6 1.68
96.7 1.56
96.8 1.68
96.9 1.56
97 1.56
97.1 1.56
97.2 1.32
97.3 1.56
97.4 1.8
97.5 1.56
97.6 0.96
97.7 1.2
97.8 1.44
97.9 1.56
98 1.56
98.1 1.56
98.2 1.56
98.3 1.56
98.4 1.56
98.5 1.56
98.6 1.56
98.7 1.56
98.8 1.56
98.9 1.56
99 1.56
99.1 1.56
99.2 1.8
99.3 1.44
99.4 1.08
99.5 1.2
99.6 1.32
99.7 1.56
99.8 1.56
99.9 1.56
100 1.56
