0.1 0.00448
0.2 0
0.3 1.20416
0.4 0
0.5 1.68
0.6 0.48
0.7 1.68
0.8 2.04
0.9 2.88
1 2.64
1.1 2.04
1.2 1.92
1.3 1.44
1.4 1.2
1.5 1.2
1.6 1.44
1.7 1.44
1.8 0.96
1.9 1.44
2 1.32
2.1 1.2
2.2 1.32
2.3 1.32
2.4 1.44
2.5 1.8
2.6 3.96
2.7 3.96
2.8 3.96
2.9 3.84
3 1.68
3.1 0
3.2 0.48
3.3 0.48
3.4 0.6
3.5 0.48
3.6 1.2
3.7 2.04
3.8 1.68
3.9 1.2
4 1.56
4.1 1.68
4.2 1.56
4.3 1.8
4.4 1.68
4.5 1.68
4.6 1.32
4.7 1.68
4.8 1.68
4.9 1.68
5 1.8
5.1 1.68
5.2 1.68
5.3 2.16
5.4 2.16
5.5 1.32
5.6 1.32
5.7 1.68
5.8 1.68
5.9 1.68
6 1.8
6.1 1.68
6.2 1.68
6.3 1.68
6.4 1.8
6.5 1.68
6.6 1.68
6.7 1.8
6.8 1.68
6.9 1.92
7 2.04
7.1 1.56
7.2 1.32
7.3 1.44
7.4 1.68
7.5 1.68
7.6 1.68
7.7 1.68
7.8 1.68
7.9 1.68
8 1.68
8.1 1.68
8.2 1.44
8.3 1.56
8.4 1.56
8.5 1.68
8.6 1.92
8.7 1.44
8.8 1.08
8.9 1.32
9 1.44
9.1 1.68
9.2 1.68
9.3 1.68
9.4 1.68
9.5 1.68
9.6 1.68
9.7 1.56
9.8 1.68
9.9 1.56
10 1.32
10.1 1.56
10.2 1.56
10.3 0.12
10.4 0
10.5 0
10.6 0
10.7 0.36
10.8 0
10.9 1.08
11 1.68
11.1 1.68
11.2 1.56
11.3 1.68
11.4 1.68
11.5 2.04
11.6 2.04
11.7 2.04
11.8 1.8
11.9 1.2
12 1.32
12.1 1.68
12.2 1.68
12.3 1.68
12.4 1.68
12.5 1.68
12.6 1.68
12.7 1.8
12.8 1.68
12.9 1.68
13 1.68
13.1 1.68
13.2 1.68
13.3 1.68
13.4 2.04
13.5 2.04
13.6 1.68
13.7 1.32
13.8 1.32
13.9 1.8
14 1.68
14.1 1.68
14.2 1.68
14.3 1.68
14.4 1.68
14.5 1.68
14.6 1.68
14.7 1.68
14.8 1.68
14.9 1.68
15 1.68
15.1 1.8
15.2 1.92
15.3 1.56
15.4 1.08
15.5 1.32
15.6 1.44
15.7 1.68
15.8 1.68
15.9 1.68
16 1.32
16.1 1.56
16.2 1.68
16.3 1.68
16.4 1.56
16.5 1.32
16.6 1.68
16.7 1.68
16.8 1.56
16.9 1.8
17 1.32
17.1 1.32
17.2 1.2
17.3 1.32
17.4 1.56
17.5 1.68
17.6 1.68
17.7 1.32
17.8 1.44
17.9 1.68
18 1.68
18.1 1.68
18.2 1.32
18.3 1.32
18.4 1.68
18.5 1.68
18.6 1.68
18.7 1.2
18.8 1.32
18.9 1.08
19 1.2
19.1 1.32
19.2 1.44
19.3 1.56
19.4 1.56
19.5 1.32
19.6 1.44
19.7 1.56
19.8 1.56
19.9 1.56
20 1.2
20.1 1.44
20.2 1.56
20.3 1.56
20.4 1.56
20.5 1.44
20.6 1.56
20.7 0.96
20.8 1.2
20.9 1.44
21 1.44
21.1 1.56
21.2 1.44
21.3 1.2
21.4 1.32
21.5 1.56
21.6 0.84
21.7 0
21.8 0
21.9 0
22 0
22.1 0.36
22.2 0
22.3 1.44
22.4 1.56
22.5 1.44
22.6 1.56
22.7 1.56
22.8 1.44
22.9 1.56
23 1.56
23.1 1.92
23.2 1.8
23.3 1.92
23.4 1.56
23.5 1.08
23.6 1.2
23.7 1.56
23.8 1.56
23.9 1.56
24 1.56
24.1 1.56
24.2 1.56
24.3 1.44
24.4 1.56
24.5 1.56
24.6 1.56
24.7 1.56
24.8 1.56
24.9 1.56
25 1.92
25.1 1.92
25.2 1.2
25.3 1.2
25.4 1.32
25.5 1.56
25.6 1.56
25.7 1.56
25.8 1.56
25.9 1.56
26 1.44
26.1 1.56
26.2 1.56
26.3 1.56
26.4 1.56
26.5 1.56
26.6 1.56
26.7 1.56
26.8 1.56
26.9 1.32
27 1.08
27.1 1.2
27.2 1.44
27.3 1.56
27.4 1.56
27.5 1.44
27.6 1.32
27.7 1.56
27.8 1.56
27.9 1.44
28 1.56
28.1 1.44
28.2 1.56
28.3 1.44
28.4 1.44
28.5 1.68
28.6 1.56
28.7 1.2
28.8 1.2
28.9 1.08
29 1.56
29.1 1.44
29.2 1.56
29.3 1.44
29.4 1.44
29.5 1.56
29.6 1.44
29.7 1.56
29.8 1.44
29.9 1.56
30 1.44
30.1 1.56
30.2 1.44
30.3 1.8
30.4 1.44
30.5 1.08
30.6 1.08
30.7 1.32
30.8 1.56
30.9 1.44
31 1.56
31.1 1.32
31.2 1.56
31.3 1.44
31.4 1.56
31.5 1.44
31.6 1.56
31.7 1.44
31.8 1.56
31.9 1.44
32 1.68
32.1 1.68
32.2 1.08
32.3 1.2
32.4 1.2
32.5 1.44
32.6 1.56
32.7 1.44
32.8 1.56
32.9 1.2
33 0.84
33.1 0
33.2 0
33.3 0
33.4 0.48
33.5 0
33.6 0.36
33.7 1.56
33.8 1.44
33.9 1.56
34 1.44
34.1 1.56
34.2 1.44
34.3 1.56
34.4 1.44
34.5 1.56
34.6 1.44
34.7 1.56
34.8 1.56
34.9 1.92
35 1.8
35.1 1.92
35.2 1.32
35.3 1.2
35.4 1.56
35.5 1.56
35.6 1.68
35.7 1.56
35.8 1.68
35.9 1.56
36 1.68
36.1 1.68
36.2 1.56
36.3 1.68
36.4 1.56
36.5 1.68
36.6 1.56
36.7 1.8
36.8 2.04
36.9 1.92
37 1.2
37.1 1.2
37.2 1.68
37.3 1.68
37.4 1.56
37.5 1.56
37.6 1.2
37.7 1.68
37.8 1.68
37.9 1.56
38 1.56
38.1 1.2
38.2 1.44
38.3 1.56
38.4 1.56
38.5 1.8
38.6 1.2
38.7 1.08
38.8 1.2
38.9 1.32
39 1.68
39.1 1.68
39.2 1.44
39.3 1.2
39.4 1.44
39.5 1.56
39.6 1.68
39.7 1.56
39.8 1.2
39.9 1.32
40 1.56
40.1 1.56
40.2 1.56
40.3 1.32
40.4 1.44
40.5 0.96
40.6 1.2
40.7 1.56
40.8 1.56
40.9 1.56
41 1.56
41.1 1.08
41.2 1.56
41.3 1.56
41.4 1.68
41.5 1.56
41.6 1.44
41.7 1.56
41.8 1.44
41.9 1.56
42 1.68
42.1 1.44
42.2 1.2
42.3 1.2
42.4 1.2
42.5 1.56
42.6 1.44
42.7 1.56
42.8 0.96
42.9 1.32
43 1.44
43.1 1.44
43.2 1.56
43.3 1.44
43.4 1.56
43.5 1.44
43.6 1.56
43.7 1.44
43.8 1.8
43.9 1.44
44 0.96
44.1 1.2
44.2 1.32
44.3 1.44
44.4 1.2
44.5 0
44.6 0
44.7 0
44.8 0.12
44.9 0.24
45 0
45.1 1.44
45.2 1.44
45.3 1.56
45.4 1.56
45.5 1.44
45.6 1.56
45.7 1.92
45.8 1.92
45.9 1.92
46 2.04
46.1 2.04
46.2 1.2
46.3 1.32
46.4 1.56
46.5 1.68
46.6 1.68
46.7 1.68
46.8 1.68
46.9 1.68
47 1.68
47.1 1.68
47.2 1.68
47.3 1.56
47.4 1.68
47.5 1.68
47.6 1.68
47.7 1.92
47.8 2.16
47.9 1.68
48 1.2
48.1 1.44
48.2 1.56
48.3 1.68
48.4 1.68
48.5 1.56
48.6 1.56
48.7 1.68
48.8 1.68
48.9 1.56
49 1.56
49.1 1.56
49.2 1.56
49.3 1.56
49.4 1.68
49.5 1.56
49.6 1.2
49.7 1.2
49.8 1.32
49.9 1.56
50 1.68
50.1 1.68
50.2 1.08
50.3 1.2
50.4 1.68
50.5 1.68
50.6 1.56
50.7 1.68
50.8 1.32
50.9 1.56
51 1.56
51.1 1.56
51.2 1.8
51.3 1.32
51.4 1.08
51.5 1.32
51.6 1.32
51.7 1.68
51.8 1.56
51.9 1.68
52 1.2
52.1 1.32
52.2 1.68
52.3 1.56
52.4 1.68
52.5 1.56
52.6 1.44
52.7 1.68
52.8 1.56
52.9 1.56
53 1.68
53.1 1.44
53.2 1.08
53.3 1.32
53.4 1.44
53.5 1.68
53.6 1.56
53.7 1.2
53.8 1.2
53.9 1.44
54 1.44
54.1 1.56
54.2 1.44
54.3 1.44
54.4 1.44
54.5 1.56
54.6 1.56
54.7 1.68
54.8 1.56
54.9 1.2
55 1.08
55.1 1.2
55.2 1.44
55.3 1.56
55.4 1.56
55.5 1.44
55.6 1.2
55.7 1.44
55.8 1.56
55.9 0.6
56 0
56.1 0
56.2 0
56.3 0.36
56.4 0.12
56.5 0.24
56.6 1.56
56.7 1.56
56.8 1.44
56.9 1.56
57 1.56
57.1 1.68
57.2 1.92
57.3 1.92
57.4 1.92
57.5 1.92
57.6 1.32
57.7 1.2
57.8 1.56
57.9 1.68
58 1.56
58.1 1.68
58.2 1.68
58.3 1.56
58.4 1.68
58.5 1.56
58.6 1.68
58.7 1.68
58.8 1.56
58.9 1.68
59 1.68
59.1 1.8
59.2 2.04
59.3 1.8
59.4 1.2
59.5 1.2
59.6 1.68
59.7 1.56
59.8 1.68
59.9 1.44
60 1.44
60.1 1.56
60.2 1.68
60.3 1.56
60.4 1.56
60.5 1.32
60.6 1.56
60.7 1.56
60.8 1.56
60.9 1.68
61 1.32
61.1 1.08
61.2 1.32
61.3 1.32
61.4 1.68
61.5 1.68
61.6 1.44
61.7 1.2
61.8 1.44
61.9 1.68
62 1.56
62.1 1.56
62.2 1.44
62.3 1.32
62.4 1.56
62.5 1.56
62.6 1.68
62.7 1.32
62.8 1.44
62.9 1.08
63 1.2
63.1 1.44
63.2 1.68
63.3 1.56
63.4 1.44
63.5 1.2
63.6 1.44
63.7 1.56
63.8 1.56
63.9 1.56
64 1.56
64.1 1.56
64.2 1.56
64.3 1.44
64.4 1.8
64.5 1.44
64.6 1.08
64.7 1.2
64.8 1.32
64.9 1.44
65 1.44
65.1 1.56
65.2 1.2
65.3 1.2
65.4 1.56
65.5 1.44
65.6 1.44
65.7 1.56
65.8 1.44
65.9 1.56
66 1.44
66.1 1.44
66.2 1.8
66.3 1.56
66.4 0.96
66.5 1.2
66.6 1.2
66.7 1.44
66.8 1.44
66.9 1.56
67 1.44
67.1 1.32
67.2 1.44
67.3 0
67.4 0
67.5 0
67.6 0
67.7 0.48
67.8 0
67.9 0.84
68 1.44
68.1 1.44
68.2 1.56
68.3 1.44
68.4 1.56
68.5 1.44
68.6 1.56
68.7 1.44
68.8 1.44
68.9 1.8
69 1.8
69.1 1.92
69.2 1.68
69.3 1.08
69.4 1.2
69.5 1.44
69.6 1.56
69.7 1.44
69.8 1.56
69.9 1.56
70 1.44
70.1 1.56
70.2 1.44
70.3 1.56
70.4 1.56
70.5 1.44
70.6 1.56
70.7 1.44
70.8 1.8
70.9 1.92
71 1.56
71.1 1.08
71.2 1.32
71.3 1.44
71.4 1.56
71.5 1.44
71.6 1.56
71.7 1.56
71.8 1.44
71.9 1.56
72 1.44
72.1 1.56
72.2 1.44
72.3 1.44
72.4 1.44
72.5 1.44
72.6 1.56
72.7 1.44
72.8 0.84
72.9 1.2
73 1.32
73.1 1.56
73.2 1.56
73.3 1.2
73.4 1.32
73.5 1.44
73.6 1.56
73.7 1.44
73.8 1.44
73.9 1.32
74 1.32
74.1 1.44
74.2 1.44
74.3 1.56
74.4 1.32
74.5 1.08
74.6 1.08
74.7 1.2
74.8 1.44
74.9 1.44
75 1.56
75.1 1.32
75.2 1.32
75.3 1.56
75.4 1.44
75.5 1.44
75.6 1.56
75.7 1.44
75.8 1.44
75.9 1.56
76 1.44
76.1 1.56
76.2 1.44
76.3 1.08
76.4 1.08
76.5 1.2
76.6 1.44
76.7 1.44
76.8 1.44
76.9 1.32
77 1.32
77.1 1.44
77.2 1.44
77.3 1.44
77.4 1.44
77.5 1.44
77.6 1.44
77.7 1.44
77.8 1.56
77.9 1.68
78 1.44
78.1 1.08
78.2 1.08
78.3 1.2
78.4 1.44
78.5 1.56
78.6 1.2
78.7 0
78.8 0
78.9 0
79 0.12
79.1 0.24
79.2 0.12
79.3 1.44
79.4 1.44
79.5 1.56
79.6 1.44
79.7 1.44
79.8 1.44
79.9 1.56
80 1.44
80.1 1.44
80.2 1.44
80.3 1.92
80.4 1.8
80.5 1.8
80.6 1.92
80.7 1.44
80.8 1.2
80.9 1.32
81 1.56
81.1 1.56
81.2 1.56
81.3 1.44
81.4 1.56
81.5 1.56
81.6 1.56
81.7 1.56
81.8 1.56
81.9 1.56
82 1.56
82.1 1.56
82.2 1.68
82.3 1.92
82.4 1.68
82.5 1.2
82.6 1.2
82.7 1.56
82.8 1.56
82.9 1.56
83 1.56
83.1 1.56
83.2 1.44
83.3 1.56
83.4 1.56
83.5 1.56
83.6 1.56
83.7 1.56
83.8 1.56
83.9 1.56
84 1.8
84.1 1.44
84.2 0.96
84.3 1.2
84.4 1.32
84.5 1.56
84.6 1.56
84.7 1.44
84.8 1.32
84.9 1.44
85 1.56
85.1 1.56
85.2 1.44
85.3 1.56
85.4 1.44
85.5 1.44
85.6 1.44
85.7 1.56
85.8 1.56
85.9 1.2
86 1.08
86.1 1.2
86.2 1.44
86.3 1.56
86.4 1.44
86.5 1.56
86.6 1.32
86.7 1.44
86.8 1.56
86.9 1.56
87 1.44
87.1 1.56
87.2 1.56
87.3 1.44
87.4 1.44
87.5 1.68
87.6 1.44
87.7 0.96
87.8 1.08
87.9 1.32
88 1.44
88.1 1.56
88.2 1.44
88.3 1.32
88.4 1.44
88.5 1.44
88.6 1.56
88.7 1.44
88.8 1.44
88.9 1.56
89 1.44
89.1 1.44
89.2 1.68
89.3 1.56
89.4 1.2
89.5 1.08
89.6 1.08
89.7 1.44
89.8 1.56
89.9 1.44
90 1.44
90.1 0.24
90.2 0
90.3 0
90.4 0
90.5 0.36
90.6 0
90.7 0.48
90.8 1.56
90.9 1.44
91 1.44
91.1 1.56
91.2 1.44
91.3 1.44
91.4 1.44
91.5 1.56
91.6 1.44
91.7 1.56
91.8 1.8
91.9 1.8
92 1.92
92.1 1.8
92.2 1.44
92.3 1.2
92.4 1.32
92.5 1.56
92.6 1.56
92.7 1.56
92.8 1.56
92.9 1.56
93 1.56
93.1 1.44
93.2 1.56
93.3 1.56
93.4 1.56
93.5 1.56
93.6 1.56
93.7 1.68
93.8 1.92
93.9 1.8
94 1.2
94.1 1.2
94.2 1.44
94.3 1.56
94.4 1.56
94.5 1.56
94.6 1.56
94.7 1.56
94.8 1.56
94.9 1.56
95 1.56
95.1 1.44
95.2 1.44
95.3 1.56
95.4 1.44
95.5 1.68
95.6 1.44
95.7 0.96
95.8 1.2
95.9 1.32
96 1.56
96.1 1.56
96.2 1.44
96.3 1.2
96.4 1.56
96.5 1.44
96.6 1.56
96.7 1.44
96.8 1.44
96.9 1.44
97 1.44
97.1 1.32
97.2 1.56
97.3 1.56
97.4 1.32
97.5 1.08
97.6 1.08
97.7 1.32
97.8 1.56
97.9 1.44
98 1.56
98.1 1.44
98.2 1.56
98.3 1.44
98.4 1.56
98.5 1.44
98.6 1.56
98.7 1.44
98.8 1.56
98.9 1.44
99 1.68
99.1 1.56
99.2 1.08
99.3 1.08
99.4 1.2
99.5 1.56
99.6 1.44
99.7 1.44
99.8 1.56
99.9 1.44
100 1.56
