0.100111 10
0.201609 11
0.206416 13
0.211222 15
0.216029 17
0.220835 19
0.313918 21
0.321127 23
0.331942 25
0.335546 27
0.33795 29
0.344626 31
0.351546 33
0.358467 35
0.404597 37
0.421419 39
0.433435 41
0.445451 43
0.457467 45
0.459871 47
0.462274 49
0.464677 51
0.46708 53
0.475008 55
0.479708 57
0.484409 59
0.489109 61
0.49381 63
0.49851 65
0.506091 67
0.518107 69
0.539736 71
0.551752 73
0.563768 75
0.575784 77
0.5878 79
0.599816 81
0.611832 83
0.614235 85
0.638267 87
0.643073 89
0.645476 91
0.652686 93
0.659896 95
0.667105 97
0.674315 99
0.676718 101
0.688734 103
0.695944 105
0.703153 107
0.717572 109
0.724782 111
0.731992 113
1.98646 113.4
2.33853 82.0173
2.44547 80.0173
3.16884 82.0173
3.27338 80.0173
4.02918 82.0173
4.03639 66.9413
4.13492 64.9413
4.89073 66.9413
4.96763 61.5932
4.99527 59.5932
5.73185 61.5932
5.87003 59.5932
6.5982 61.5932
6.70154 59.5932
6.75922 56.6105
7.35521 47.5787
7.48258 49.5787
7.59313 47.5787
8.24199 44.9461
8.37657 46.9461
8.53158 44.9461
9.27296 46.9461
9.40394 44.9461
10.0011 42.8895
10.1033 44.8895
10.1033 4
10.1129 6
10.1129 4
10.1225 6
10.1225 4
10.1321 6
10.1321 4
10.1453 6
10.1453 4
10.1549 6
10.1549 4
10.1646 6
10.1646 4
10.1742 6
10.1742 4
10.1862 6
10.1862 4
10.1958 6
10.1958 4
10.2054 6
10.2054 4
10.2174 6
10.2174 4
10.2282 6
10.2282 4
10.2403 6
10.2403 4
10.3087 6
10.3087 4
10.3232 6
10.3232 4
10.3352 6
10.3352 4
10.352 6
10.352 4
10.3664 6
10.3664 4
10.3784 6
10.3784 4
10.3893 6
10.3893 4
10.632 42.8895
10.632 44.8895
10.644 46.8895
10.8903 48.8895
10.9023 50.8895
10.9192 52.8895
10.9348 54.8895
10.9492 56.8895
10.9636 58.8895
10.978 60.8895
10.9961 62.8895
11.0105 64.8895
11.0249 66.8895
11.0393 68.8895
11.0549 70.8895
11.0718 72.8895
11.0862 74.8895
11.1006 76.8895
11.115 78.8895
11.1318 80.8895
11.1475 82.8895
11.1619 84.8895
11.1763 86.8895
11.1907 88.8895
11.2027 90.8895
11.216 92.8895
11.2304 94.2845
11.4803 92.2845
11.6617 94.2845
11.6714 94.4814
11.7062 96.4814
11.7158 96.712
11.7603 98.712
11.7711 99.8743
11.8023 101.364
12.9006 66
12.9006 65
12.9006 66
12.9463 65
12.9643 66
12.9703 67
12.9751 68
12.9799 69
12.9859 70
12.9919 71
12.9979 72
13.0039 73
13.0088 74
13.0148 75
13.0208 76
13.0268 77
13.0328 78
13.0376 79
13.0424 80
13.0484 81
13.0544 82
13.0616 83
13.0664 84
13.0724 85
13.0784 86
13.0845 87
13.0905 88
13.0989 89
13.1049 90
13.1109 89
13.1109 90
13.1181 91
13.1241 92
13.1301 93
13.1409 94
13.1445 95
13.1506 94
13.1506 95
13.1566 96
13.1626 97
13.1698 98
13.1746 99
13.1806 100
13.1842 101
13.1902 101.364
13.219 100.364
13.219 101.364
13.2527 100.364
13.2527 101.364
13.2611 100.364
13.2611 101.364
13.3981 100.364
13.3981 101.364
13.4053 102.364
13.4113 103.364
13.4389 102.364
13.4389 103.364
13.5086 40.5083
13.5086 41.5083
13.5218 43.5083
13.541 45.5083
13.5471 47.5083
13.5495 49.5083
13.5579 51.5083
13.5699 53.5083
13.5807 55.5083
13.5927 57.5083
13.6035 59.5083
13.6155 61.5083
13.6264 63.5083
13.6384 65.5083
13.6492 67.5083
13.66 69.5083
13.672 71.5083
13.6828 73.5083
13.6937 75.5083
13.7033 77.5083
13.7129 79.5083
13.7225 81.5083
13.7309 83.5083
13.7417 85.5083
13.7501 87.5083
13.7597 89.5083
13.7694 91.5083
13.7814 93.5083
13.7922 95.5083
13.8318 97.5083
13.8414 99.5083
13.8511 101.508
13.8607 103.508
13.8703 105.508
13.8811 107.508
13.8907 109.012
13.9592 107.012
14.1094 108.108
14.1226 110.108
14.1334 112.108
14.1443 114.108
14.1527 114.983
14.1719 116.983
14.1791 117.57
14.244 119.57
14.2536 119.693
15.8001 121.693
16.0007 89
16.0007 88
16.0007 89
16.1389 88
16.2711 89
16.2747 90
16.2783 91
16.2795 92
16.2807 93
16.2819 94
16.2831 95
16.2843 96
16.2855 97
16.2867 98
16.2879 99
16.2891 100
16.2903 101
16.2915 102
16.2927 103
16.2939 104
16.2951 105
16.2963 106
16.2975 107
16.2987 108
16.2999 109
16.3011 110
16.3023 111
16.3035 112
16.3047 113
16.3059 114
16.3071 115
16.3083 114
16.3083 115
16.3095 116
16.3107 117
16.3143 118
16.3192 119
16.3228 120
16.3288 121
16.3324 122
16.3384 123
16.342 124
16.348 125
16.3516 126
16.3576 127
16.3612 128
16.3684 129
16.372 130
16.3768 131
16.3828 132
16.3888 133
16.3949 134
16.4009 134.211
16.4369 40.5083
16.4369 41.5083
16.4501 43.5083
16.4621 45.5083
16.473 47.5083
16.485 49.5083
16.4958 51.5083
16.5066 53.5083
16.5186 55.5083
16.5282 57.5083
16.5402 59.5083
16.5619 61.5083
16.5703 63.5083
16.5727 65.5083
16.5751 67.5083
16.5775 69.5083
16.5859 71.5083
16.5943 73.5083
16.6027 75.5083
16.6111 77.5083
16.6195 79.5083
16.6292 81.5083
16.6376 83.5083
16.646 85.5083
16.6568 87.5083
16.6652 89.5083
16.6748 91.5083
16.6844 93.5083
16.6928 95.5083
16.7025 97.5083
16.7577 99.5083
16.7673 101.508
16.7758 103.508
16.7854 105.508
16.7938 107.508
16.8034 109.508
16.8118 111.508
16.825 113.508
16.8346 115.508
16.8418 117.508
16.8466 119.508
16.8539 121.508
16.8635 123.508
16.8707 125.508
16.8815 127.508
16.8887 129.508
16.8983 131.508
16.9055 133.413
16.9151 133.359
16.932 133.322
17.9509 135.322
18.2285 133.322
18.3462 134.682
18.3775 136.682
18.3823 136.978
18.4135 138.978
18.4207 139.718
18.4508 140.996
18.4868 142.996
18.494 143.192
18.5169 143.921
18.5457 144.397
18.5529 146.397
18.5601 147.494
20.1366 149.494
20.4142 147.494
20.532 147.515
20.5704 149.515
20.5776 150.423
20.5968 152.384
20.6233 153.847
20.6617 155.847
20.6689 156.709
20.6954 158.599
20.7122 88
20.7122 87
20.7122 88
20.7158 87
20.7375 86
20.7651 85
20.7831 84
20.8768 85
20.8828 86
20.8865 87
20.8925 88
20.8961 89
20.8997 90
20.9033 91
20.9093 92
20.9129 93
20.9165 94
20.9225 95
20.9261 96
20.9321 97
20.9357 98
20.9393 99
20.9429 100
20.9489 101
20.9525 102
20.9585 103
20.9622 104
20.9658 105
20.9694 106
20.9754 107
20.979 108
20.9826 109
20.9862 110
20.9922 111
20.9958 112
20.9994 113
21.003 114
21.009 115
21.0126 116
21.0162 117
21.0222 118
21.0258 119
21.0294 120
21.033 121
21.0367 122
21.0403 123
21.0439 124
21.0475 125
21.0535 126
21.0571 127
21.0583 126
21.0583 127
21.0619 126
21.0619 127
21.0655 128
21.0691 129
21.0727 130
21.0763 131
21.0799 132
21.0835 131
21.0835 132
21.0871 133
21.0907 134
21.0943 135
21.0979 136
21.1003 137
21.1027 138
21.1063 139
21.1087 138
21.1087 139
21.1111 140
21.1147 141
21.1171 142
21.1183 143
21.1195 158.599
21.1195 40.5083
21.1195 41.5083
21.1219 43.5083
21.1243 45.5083
21.1267 47.5083
21.1292 49.5083
21.1316 51.5083
21.134 53.5083
21.1364 55.5083
21.1388 57.5083
21.1412 59.5083
21.1472 61.5083
21.1544 63.5083
21.1616 65.5083
21.17 67.5083
21.1772 69.5083
21.1856 71.5083
21.1928 73.5083
21.2 75.5083
21.2073 77.5083
21.2145 79.5083
21.2217 81.5083
21.2301 83.5083
21.2385 85.5083
21.2445 87.5083
21.2517 89.5083
21.2601 91.5083
21.2673 93.5083
21.2745 95.5083
21.2818 97.5083
21.289 99.5083
21.2962 101.508
21.3046 103.508
21.3118 105.508
21.319 107.508
21.3262 109.508
21.3322 111.508
21.3406 113.508
21.3466 115.508
21.3539 117.508
21.3611 119.508
21.3683 121.508
21.3755 123.508
21.3827 125.508
21.3887 127.508
21.3947 129.508
21.4007 131.508
21.4296 133.508
21.4368 135.508
21.444 137.508
21.4524 139.508
21.4596 141.508
21.4668 143.508
21.474 145.508
21.4812 147.508
21.4884 149.508
21.4956 151.508
21.5028 153.508
21.5113 155.508
21.5185 157.02
21.5257 156.843
21.5329 156.689
21.5401 156.625
21.5473 156.569
21.5545 156.52
21.5617 156.477
21.5689 156.44
22.3139 158.44
22.5831 156.44
22.7273 157.136
22.7525 159.136
22.7585 159.243
22.7838 161.243
22.7886 161.886
22.8162 162.24
22.8402 164.24
22.845 165.384
22.8655 166.802
22.8919 167.623
22.9159 169.548
24.4624 171.548
24.5453 123
24.5453 122
24.5453 123
24.6066 122
24.6354 121
24.7496 122
24.7532 123
24.7544 124
24.758 125
24.7616 126
24.7652 127
24.7688 128
24.7724 129
24.7748 130
24.7772 131
24.7808 132
24.7844 133
24.788 134
24.7917 135
24.7953 136
24.7965 137
24.8001 138
24.8037 139
24.8073 140
24.8109 141
24.8145 142
24.8181 143
24.8217 144
24.8229 145
24.8265 146
24.8301 147
24.8337 148
24.8373 149
24.8409 150
24.8421 151
24.8481 152
24.8493 153
24.8517 152
24.8517 153
24.8541 154
24.8565 155
24.8589 156
24.8613 157
24.8625 158
24.8662 159
24.8674 160
24.8698 161
24.871 162
24.8722 163
24.8734 164
24.8746 165
24.8758 166
24.877 167
24.8782 168
24.8794 169
24.8806 170
24.8818 171
24.8842 172
24.8854 172.935
24.8902 173.513
24.8926 173.767
24.8938 172.767
24.8938 173.767
24.895 174.767
24.8962 174.976
24.9022 175.037
24.9094 175.097
24.919 174.097
24.919 175.097
24.9226 175.154
24.9478 174.154
24.9478 175.154
25.1557 40.5083
25.1557 41.5083
25.1629 43.5083
25.1677 45.5083
25.1701 47.5083
25.1737 49.5083
25.1761 51.5083
25.1785 53.5083
25.1809 55.5083
25.187 57.5083
25.193 59.5083
25.2002 61.5083
25.2062 63.5083
25.2134 65.5083
25.2194 67.5083
25.2254 69.5083
25.2326 71.5083
25.2386 73.5083
25.2446 75.5083
25.2518 77.5083
25.2578 79.5083
25.2639 81.5083
25.2711 83.5083
25.2771 85.5083
25.2831 87.5083
25.2891 89.5083
25.2951 91.5083
25.3023 93.5083
25.3107 95.5083
25.3155 97.5083
25.3227 99.5083
25.3299 101.508
25.3372 103.508
25.3444 105.508
25.3492 107.508
25.3576 109.508
25.3648 111.508
25.372 113.508
25.3792 115.508
25.384 117.508
25.3912 119.508
25.3984 121.508
25.4056 123.508
25.4141 125.508
25.4189 127.508
25.4261 129.508
25.4333 131.508
25.4717 133.508
25.4789 135.508
25.4862 137.508
25.4922 139.508
25.4994 141.508
25.5042 143.508
25.5114 145.508
25.5186 147.508
25.5234 149.508
25.5306 151.508
25.5354 153.508
25.5426 155.508
25.5498 157.508
25.5546 159.508
25.5619 161.508
25.5667 163.508
25.5739 165.508
25.5823 167.508
25.5895 169.508
25.5943 171.508
25.6015 172.11
25.6075 172.053
26.5255 174.053
26.7887 172.053
26.9221 172.711
26.9305 174.711
26.9353 175.936
26.9785 177.936
26.9857 178.516
27.0026 180.395
27.0338 182.247
27.0735 182.807
27.0807 184.807
27.0855 185.874
28.6343 187.874
28.9011 185.874
29.0285 187.191
29.0585 189.191
29.0621 190.084
29.0741 190.502
29.1054 192.502
29.1102 193.356
29.1246 193.727
29.1558 195.307
29.1847 197.307
29.1895 198.106
29.2015 198.41
29.2327 200.41
29.2375 201.173
29.252 201.433
29.2724 112
29.2724 111
29.2724 112
29.5187 113
29.5223 114
29.5259 115
29.5271 116
29.5307 117
29.5344 118
29.5356 119
29.5392 120
29.5404 121
29.544 122
29.5476 123
29.5488 124
29.5524 125
29.5536 126
29.5572 127
29.5584 128
29.562 129
29.5644 130
29.5668 131
29.5704 132
29.5716 133
29.5752 134
29.5788 135
29.58 136
29.5836 137
29.5848 138
29.5884 139
29.592 140
29.5932 141
29.5968 142
29.598 143
29.6016 144
29.6052 145
29.6076 146
29.6089 147
29.61 201.433
29.61 40.5083
29.61 41.5083
29.6149 43.5083
29.6197 45.5083
29.6257 47.5083
29.6317 49.5083
29.6341 51.5083
29.6365 53.5083
29.6389 55.5083
29.6413 57.5083
29.6437 59.5083
29.6461 61.5083
29.6485 63.5083
29.6509 65.5083
29.6533 67.5083
29.6557 69.5083
29.6581 71.5083
29.6605 73.5083
29.6629 75.5083
29.6701 77.5083
29.6773 79.5083
29.6833 81.5083
29.6893 83.5083
29.6954 85.5083
29.7026 87.5083
29.7086 89.5083
29.7158 91.5083
29.7206 93.5083
29.7278 95.5083
29.735 97.5083
29.7398 99.5083
29.747 101.508
29.7518 103.508
29.759 105.508
29.7663 107.508
29.7723 109.508
29.7783 111.508
29.7855 113.508
29.7903 115.508
29.7951 117.508
29.8011 119.508
29.8059 121.508
29.8119 123.508
29.8167 125.508
29.8215 127.508
29.8275 129.508
29.8323 131.508
29.8371 133.508
29.8432 135.508
29.848 137.508
29.854 139.508
29.8588 141.508
29.8636 143.508
29.8696 145.508
29.8744 147.508
29.8792 149.508
29.8864 151.508
29.9128 153.508
29.9189 155.508
29.9237 157.508
29.9309 159.508
29.9357 161.508
29.9429 163.508
29.9477 165.508
29.9525 167.508
29.9609 169.508
29.9657 171.508
29.9705 173.508
29.9777 175.508
29.9825 177.508
29.9873 179.508
29.9958 181.508
30.0006 183.508
30.0054 185.508
30.0126 187.508
30.0174 189.508
30.0222 191.508
30.0294 193.508
30.0342 195.508
30.039 196.207
30.7179 198.207
30.9715 196.207
31.1397 196.877
31.1673 197.838
31.1817 199.479
31.201 200.394
31.2262 201.289
31.2502 203.289
31.255 203.559
31.2743 205.108
31.2947 205.936
31.3043 206.056
32.757 208.056
33.001 174
33.001 173
33.001 174
33.019 175
33.0226 176
33.0238 177
33.0274 178
33.0286 179
33.0322 180
33.0334 181
33.037 182
33.0382 183
33.0418 184
33.0442 185
33.0466 186
33.0502 187
33.0514 188
33.055 189
33.0562 190
33.0598 191
33.061 192
33.0647 193
33.0659 194
33.0695 195
33.0707 196
33.0743 197
33.0779 198
33.0791 199
33.0827 200
33.0839 201
33.0875 202
33.0887 203
33.0923 204
33.0959 205
33.0971 206
33.1007 206.056
33.1187 205.056
33.1187 206.056
33.1788 205.056
33.1788 206.056
33.1872 205.056
33.1872 206.056
33.1968 205.056
33.1968 206.056
33.2137 205.056
33.2137 206.056
33.2173 204.056
33.2173 205.056
33.2185 206.056
33.2269 205.056
33.2269 206.056
33.2353 205.056
33.2353 206.056
33.2449 205.056
33.2449 206.056
33.2629 205.056
33.2629 206.056
33.2713 205.056
33.2713 206.056
33.281 205.056
33.281 206.056
33.2858 206.061
33.299 207.061
33.3002 207.385
33.3134 206.385
33.3134 207.385
33.3146 208.385
33.317 208.707
33.3218 208.744
33.3314 207.744
33.3314 208.744
33.335 209.744
33.3386 210.03
33.3434 209.03
33.3434 210.03
33.3482 211.03
33.3494 211.353
33.3579 212.353
33.3591 212.675
33.3675 211.675
33.3675 212.675
33.3759 211.675
33.3759 212.675
33.3807 211.675
33.3807 212.675
33.4816 211.675
33.4816 212.675
33.5273 211.675
33.5273 212.675
33.5357 211.675
33.5357 212.675
33.5405 211.675
33.5405 212.675
33.5465 211.675
33.5465 212.675
33.5477 211.675
33.5477 212.675
33.5489 211.675
33.5489 212.675
33.5513 211.675
33.5513 212.675
33.5537 211.675
33.5537 212.675
33.5573 211.675
33.5573 212.675
33.5633 211.675
33.5633 212.675
33.5681 211.675
33.5681 212.675
33.5729 211.675
33.5729 212.675
33.6018 211.675
33.6018 212.675
33.6174 211.675
33.6174 212.675
33.6294 211.675
33.6294 212.675
33.6534 211.675
33.6534 212.675
33.6654 40.5083
33.6654 41.5083
33.6715 43.5083
33.6763 45.5083
33.6811 47.5083
33.6859 49.5083
33.6919 51.5083
33.6967 53.5083
33.7027 55.5083
33.7075 57.5083
33.7123 59.5083
33.7183 61.5083
33.7231 63.5083
33.7291 65.5083
33.7339 67.5083
33.7387 69.5083
33.7435 71.5083
33.7496 73.5083
33.7556 75.5083
33.7604 77.5083
33.7652 79.5083
33.7712 81.5083
33.776 83.5083
33.782 85.5083
33.7868 87.5083
33.7928 89.5083
33.7976 91.5083
33.8024 93.5083
33.8156 95.5083
33.8192 97.5083
33.8253 99.5083
33.8289 101.508
33.8349 103.508
33.8397 105.508
33.8421 107.508
33.8445 109.508
33.8469 111.508
33.8493 113.508
33.8517 115.508
33.8541 117.508
33.8565 119.508
33.8601 121.508
33.8649 123.508
33.8685 125.508
33.8733 127.508
33.8781 129.508
33.8829 131.508
33.8877 133.508
33.8925 135.508
33.8974 137.508
33.9022 139.508
33.907 141.508
33.9118 143.508
33.9166 145.508
33.9214 147.508
33.9262 149.508
33.931 151.508
33.9358 153.508
33.9406 155.508
33.9454 157.508
34.0091 159.508
34.0139 161.508
34.0199 163.508
34.0247 165.508
34.0295 167.508
34.0343 169.508
34.0391 171.508
34.0439 173.508
34.0512 175.508
34.0584 177.508
34.0632 179.508
34.068 181.508
34.0728 183.508
34.0776 185.508
34.0824 187.508
34.0848 189.508
34.0872 191.508
34.0896 193.508
34.092 195.508
34.0968 197.508
34.1016 199.508
34.1064 201.508
34.1112 203.508
34.116 203.526
34.1221 203.13
34.1269 202.68
34.1317 202.39
34.1365 202.136
34.1413 201.914
34.1461 201.72
34.1509 201.446
34.1557 201.207
34.1605 200.998
34.1653 200.918
34.1701 200.848
34.1749 200.684
34.1797 200.54
34.7481 202.54
34.986 200.54
35.171 201.686
35.1927 203.148
35.2095 204.59
35.2239 206.01
35.2467 207.409
35.2684 208.789
35.29 210.148
35.3116 211.489
36.6598 213.489
36.8989 211.489
37.0864 212.129
37.1032 213.352
37.12 214.559
37.1417 215.751
37.1657 217.606
37.1825 218.088
37.209 147
37.209 146
37.209 147
37.221 146
37.2474 145
37.2486 146
37.2498 147
37.2522 148
37.2534 149
37.257 150
37.2583 151
37.2619 150
37.2619 151
37.2631 152
37.2667 153
37.2679 154
37.2715 153
37.2715 154
37.2727 155
37.2739 156
37.2775 157
37.2811 158
37.2823 157
37.2823 158
37.2859 159
37.2895 160
37.2907 161
37.2943 162
37.2955 163
37.2991 164
37.3027 165
37.3039 166
37.3075 167
37.3111 168
37.3123 169
37.3159 170
37.3171 171
37.3207 172
37.3243 173
37.3255 174
37.3291 175
37.3303 176
37.334 177
37.3376 178
37.3388 179
37.3424 180
37.3436 181
37.3472 182
37.3508 183
37.352 184
37.3556 185
37.3592 186
37.3604 187
37.364 188
37.3652 189
37.3688 190
37.3724 191
37.3736 192
37.3772 193
37.3784 194
37.382 195
37.3832 196
37.3868 197
37.388 198
37.3916 199
37.394 200
37.3964 201
37.4 202
37.4012 203
37.4048 204
37.406 205
37.4097 206
37.4109 207
37.4145 208
37.4157 209
37.4193 210
37.4229 211
37.4241 212
37.4277 213
37.4289 214
37.4325 215
37.4337 216
37.4373 217
37.4385 218
37.4421 219
37.4445 220
37.4469 221
37.4481 222
37.4517 223
37.4553 224
37.4565 224.898
37.5454 223.898
37.5454 224.898
37.5574 223.898
37.5574 224.898
37.5791 223.898
37.5791 224.898
37.5923 223.898
37.5923 224.898
37.6007 223.898
37.6007 224.898
37.6067 40.5083
37.6067 41.5083
37.6091 43.5083
37.6115 45.5083
37.6139 47.5083
37.6163 49.5083
37.6187 51.5083
37.6211 53.5083
37.6235 55.5083
37.6259 57.5083
37.6283 59.5083
37.6307 61.5083
37.6331 63.5083
37.6355 65.5083
37.6379 67.5083
37.6403 69.5083
37.6439 71.5083
37.6487 73.5083
37.6536 75.5083
37.6584 77.5083
37.6632 79.5083
37.668 81.5083
37.6728 83.5083
37.6776 85.5083
37.6824 87.5083
37.6872 89.5083
37.6908 91.5083
37.6956 93.5083
37.7016 95.5083
37.7052 97.5083
37.71 99.5083
37.7136 101.508
37.7184 103.508
37.7244 105.508
37.7281 107.508
37.7329 109.508
37.7377 111.508
37.7425 113.508
37.7473 115.508
37.7521 117.508
37.7569 119.508
37.7617 121.508
37.7665 123.508
37.7701 125.508
37.7749 127.508
37.7797 129.508
37.7833 131.508
37.7881 133.508
37.7929 135.508
37.7977 137.508
37.8014 139.508
37.805 141.508
37.8098 143.508
37.8146 145.508
37.8194 147.508
37.8242 149.508
37.8266 151.508
37.8314 153.508
37.8362 155.508
37.841 157.508
37.8446 159.508
37.8482 161.508
37.853 163.508
37.8578 165.508
37.8614 167.508
37.865 169.508
37.8698 171.508
37.8734 173.508
37.8771 175.508
37.8807 177.508
37.8843 179.508
37.8879 181.508
37.8939 183.508
37.8963 185.508
37.9023 187.508
37.9083 189.508
37.9107 191.508
37.9467 193.508
37.9528 195.508
37.9576 197.508
37.9624 199.508
37.9672 201.508
37.9696 203.508
37.9744 205.508
37.9792 207.508
37.984 209.508
37.9888 211.508
37.9936 213.508
37.9984 215.508
38.0008 217.508
38.0056 219.508
38.0104 221.508
38.0152 223.508
38.02 225.508
38.0248 227.031
38.5788 229.031
38.8191 227.031
39.0582 227.365
39.0895 228.231
39.1147 229.061
39.1291 230.235
39.1507 232.169
39.1556 234.169
39.158 234.873
40.4989 236.873
40.5867 193
40.5867 192
40.5867 193
40.6383 192
40.797 191
40.8042 192
40.8078 193
40.809 194
40.8102 195
40.815 196
40.8162 197
40.8198 196
40.8198 197
40.821 198
40.8222 199
40.8258 200
40.827 201
40.8306 202
40.8318 203
40.833 204
40.8366 205
40.8378 206
40.839 207
40.8426 208
40.8438 209
40.845 210
40.8486 211
40.8498 212
40.8522 213
40.8546 214
40.8558 215
40.8594 216
40.8606 217
40.8618 218
40.8655 219
40.8667 220
40.8679 221
40.8715 222
40.8727 223
40.8739 224
40.8775 225
40.8787 226
40.8811 227
40.8823 228
40.8835 229
40.8859 230
40.8871 231
40.8883 232
40.8919 233
40.8931 234
40.8943 233
40.8943 234
40.8979 234.873
40.9207 233.873
40.9207 234.873
40.9303 235.623
40.9388 234.623
40.9388 235.623
40.9424 236.358
40.958 235.358
40.958 236.358
40.9592 236.362
40.9628 235.362
40.9628 236.362
40.964 235.362
40.964 236.362
40.9688 235.362
40.9688 236.362
41.0048 237.102
41.0133 236.102
41.0133 237.102
41.0145 237.106
41.0193 237.782
41.0253 237.85
41.0745 237.87
41.1202 236.87
41.1202 237.87
41.1406 236.87
41.1406 237.87
41.2019 236.87
41.2019 237.87
41.2235 236.87
41.2235 237.87
41.2355 236.87
41.2355 237.87
41.2524 236.87
41.2524 237.87
41.2584 236.87
41.2584 237.87
41.262 40.5083
41.262 41.5083
41.2668 43.5083
41.2716 45.5083
41.2752 47.5083
41.2788 49.5083
41.2836 51.5083
41.2872 53.5083
41.2908 55.5083
41.2956 57.5083
41.3004 59.5083
41.3052 61.5083
41.316 63.5083
41.3196 65.5083
41.3244 67.5083
41.328 69.5083
41.3317 71.5083
41.3353 73.5083
41.3389 75.5083
41.3425 77.5083
41.3473 79.5083
41.3509 81.5083
41.3545 83.5083
41.3569 85.5083
41.3593 87.5083
41.3617 89.5083
41.3641 91.5083
41.3665 93.5083
41.3689 95.5083
41.3713 97.5083
41.3737 99.5083
41.3761 101.508
41.3785 103.508
41.3809 105.508
41.3845 107.508
41.3893 109.508
41.3929 111.508
41.3989 113.508
41.4025 115.508
41.4074 117.508
41.411 119.508
41.4158 121.508
41.4206 123.508
41.4242 125.508
41.429 127.508
41.4338 129.508
41.4386 131.508
41.4434 133.508
41.447 135.508
41.4506 137.508
41.4554 139.508
41.4602 141.508
41.465 143.508
41.4686 145.508
41.4734 147.508
41.4782 149.508
41.4819 151.508
41.4867 153.508
41.4903 155.508
41.4939 157.508
41.4987 159.508
41.5023 161.508
41.5059 163.508
41.5107 165.508
41.5143 167.508
41.5191 169.508
41.5227 171.508
41.5275 173.508
41.5311 175.508
41.5359 177.508
41.5407 179.508
41.5467 181.508
41.5515 183.508
41.5972 185.508
41.5996 187.508
41.602 189.508
41.6044 191.508
41.6068 193.508
41.6116 195.508
41.6164 197.508
41.6224 199.508
41.6248 201.508
41.6296 203.508
41.6345 205.508
41.6393 207.508
41.6441 209.508
41.6465 211.508
41.6513 213.508
41.6561 215.508
41.6609 217.508
41.6657 219.508
41.6681 221.508
41.6729 223.508
41.6777 225.508
41.6825 227.508
41.6849 229.508
41.6897 231.508
41.6945 231.726
41.7017 231.489
41.7066 231.401
42.3891 233.401
42.6222 231.401
42.8397 231.961
42.8541 233.097
42.8925 233.689
42.8973 235.689
42.8997 236.412
42.9202 236.67
42.9466 237.17
42.9538 239.17
42.9562 239.588
44.2467 241.588
44.4798 239.588
44.6865 240.276
44.7057 241.229
44.7274 242.169
44.7346 243.097
44.7418 244.614
44.7538 245.527
44.761 174
44.761 173
44.761 174
44.767 173
44.7887 172
44.7923 171
44.8019 170
44.8331 169
44.8716 170
44.8752 171
44.8764 172
44.8776 173
44.8812 174
44.8824 175
44.886 176
44.8872 177
44.8908 178
44.892 179
44.8932 180
44.8968 181
44.898 182
44.9016 183
44.9028 184
44.9064 185
44.9076 186
44.9112 187
44.9124 188
44.9136 189
44.9172 190
44.9185 191
44.9209 192
44.9233 193
44.9245 194
44.9281 195
44.9293 196
44.9329 197
44.9341 198
44.9377 199
44.9389 200
44.9401 201
44.9437 202
44.9449 203
44.9485 204
44.9497 205
44.9533 206
44.9545 207
44.9581 208
44.9593 209
44.9605 210
44.9641 211
44.9653 212
44.9689 213
44.9701 214
44.9713 215
44.9749 216
44.9761 217
44.9773 218
44.9809 219
44.9821 220
44.9833 221
44.9869 222
44.9881 223
44.9917 224
44.993 225
44.9942 226
44.9978 227
44.999 228
45.0002 229
45.0038 230
45.005 231
45.0062 232
45.0098 233
45.011 234
45.0146 235
45.0158 236
45.0194 237
45.0206 238
45.0218 239
45.0254 240
45.0266 241
45.0278 242
45.0314 243
45.0326 244
45.0338 245
45.0374 246
45.0386 247
45.0422 248
45.0434 249
45.0446 250
45.0482 251
45.0494 252
45.0506 253
45.053 254
45.0554 255
45.0566 255.602
45.0951 254.602
45.0951 255.602
45.0999 254.602
45.0999 255.602
45.1179 254.602
45.1179 255.602
45.1215 254.602
45.1215 255.602
45.1287 254.602
45.1287 255.602
45.1539 40.5083
45.1539 41.5083
45.1587 43.5083
45.1612 45.5083
45.1636 47.5083
45.1672 49.5083
45.1696 51.5083
45.172 53.5083
45.1744 55.5083
45.1768 57.5083
45.1792 59.5083
45.1816 61.5083
45.184 63.5083
45.1864 65.5083
45.1888 67.5083
45.1912 69.5083
45.1936 71.5083
45.196 73.5083
45.1984 75.5083
45.2008 77.5083
45.2044 79.5083
45.2092 81.5083
45.214 83.5083
45.2164 85.5083
45.2212 87.5083
45.2248 89.5083
45.2284 91.5083
45.2332 93.5083
45.2381 95.5083
45.2429 97.5083
45.2453 99.5083
45.2501 101.508
45.2549 103.508
45.2585 105.508
45.2621 107.508
45.2669 109.508
45.2705 111.508
45.2741 113.508
45.2789 115.508
45.2825 117.508
45.2861 119.508
45.2909 121.508
45.2933 123.508
45.2981 125.508
45.3029 127.508
45.3065 129.508
45.3101 131.508
45.315 133.508
45.3174 135.508
45.3222 137.508
45.327 139.508
45.3306 141.508
45.3342 143.508
45.339 145.508
45.3414 147.508
45.3462 149.508
45.3498 151.508
45.3534 153.508
45.3582 155.508
45.3618 157.508
45.3654 159.508
45.3702 161.508
45.3726 163.508
45.3774 165.508
45.381 167.508
45.3846 169.508
45.3883 171.508
45.3919 173.508
45.3955 175.508
45.3991 177.508
45.4027 179.508
45.4063 181.508
45.4099 183.508
45.4135 185.508
45.4171 187.508
45.4195 189.508
45.4231 191.508
45.4267 193.508
45.4303 195.508
45.4339 197.508
45.4375 199.508
45.4399 201.508
45.4435 203.508
45.4471 205.508
45.4495 207.508
45.4531 209.508
45.4567 211.508
45.4591 213.508
45.4628 215.508
45.5012 217.508
45.506 219.508
45.5084 221.508
45.5132 223.508
45.5156 225.508
45.5216 227.508
45.5264 229.508
45.5288 231.508
45.5336 233.508
45.5385 235.508
45.5409 237.508
45.5457 239.508
45.5481 241.508
45.5529 243.508
45.5553 245.508
45.5601 247.508
45.5661 249.508
45.5685 251.508
45.5733 253.508
45.5781 255.508
45.5805 256.698
46.102 258.698
46.3339 256.698
46.6848 257.479
47.9585 259.479
48.1015 225
48.1015 224
48.1015 225
48.1351 226
48.1387 227
48.1399 228
48.1411 229
48.1423 230
48.1459 231
48.1471 232
48.1483 233
48.1495 234
48.1531 235
48.1543 236
48.1555 237
48.1592 238
48.1604 239
48.1616 238
48.1616 239
48.1652 240
48.1664 241
48.1676 242
48.1712 243
48.1724 244
48.1736 245
48.1748 246
48.1784 247
48.1796 248
48.182 249
48.1832 250
48.1844 251
48.188 252
48.1892 253
48.1904 254
48.1916 255
48.1952 256
48.1964 257
48.1976 257.479
48.2421 256.479
48.2421 257.479
48.3262 256.479
48.3262 257.479
48.3478 256.479
48.3478 257.479
48.355 256.479
48.355 257.479
48.3622 256.479
48.3622 257.479
48.3694 256.479
48.3694 257.479
48.4151 258.462
48.4163 259.462
48.4175 259.68
48.4235 260.68
48.4247 260.899
48.4295 259.899
48.4295 260.899
48.4343 261.714
48.4355 262.714
48.4367 261.714
48.4367 262.714
48.4379 262.936
48.4439 263.936
48.4451 264.159
48.456 263.159
48.456 264.159
48.462 265.159
48.4632 264.159
48.4632 265.159
48.4644 265.381
48.4704 264.381
48.4704 265.381
48.4764 264.381
48.4764 265.381
48.4776 264.381
48.4776 265.381
48.5136 266.218
48.5208 266.609
48.5281 267.609
48.5293 267.831
48.5341 268.831
48.5353 269.054
48.5365 269.059
48.5377 268.059
48.5377 269.059
48.5401 270.059
48.5413 271.059
48.5425 271.504
48.5473 272.504
48.5485 272.727
48.5545 273.727
48.5557 273.95
48.5605 272.95
48.5605 273.95
48.5665 272.95
48.5665 273.95
48.6038 272.95
48.6038 273.95
48.653 272.95
48.653 273.95
48.6638 272.95
48.6638 273.95
48.6674 272.95
48.6674 273.95
48.6722 272.95
48.6722 273.95
48.6783 272.95
48.6783 273.95
48.7215 272.95
48.7215 273.95
48.7287 272.95
48.7287 273.95
48.7467 272.95
48.7467 273.95
48.754 272.95
48.754 273.95
48.7612 272.95
48.7612 273.95
48.7672 40.5083
48.7672 41.5083
48.7684 42.5083
48.7708 43.5083
48.772 166
48.8008 167
48.8032 168
48.8056 169
48.8068 170
48.808 171
48.8092 172
48.8116 173
48.8128 174
48.814 175
48.8152 176
48.8176 177
48.8188 178
48.82 179
48.8224 180
48.8236 181
48.8248 182
48.826 183
48.8285 184
48.8297 185
48.8309 186
48.8333 187
48.8345 188
48.8357 189
48.8369 190
48.8393 191
48.8405 192
48.8417 193
48.8441 194
48.8453 195
48.8465 194
48.8465 195
48.8489 196
48.8513 197
48.8525 198
48.8549 197
48.8549 198
48.8789 200
48.8825 202
48.8861 204
48.8897 206
48.8933 208
48.8969 210
48.9005 212
48.9041 214
48.9065 216
48.9125 218
48.9162 220
48.9198 222
48.9222 224
48.927 226
48.9294 228
48.933 230
48.9378 232
48.9402 234
48.9426 236
48.945 238
48.9474 240
48.9498 242
48.9522 244
48.9546 246
48.957 248
48.9594 250
48.9618 252
48.9642 254
48.9666 256
48.9702 258
48.9738 260
48.9774 262
48.981 264
48.9846 266
48.9882 268
48.9907 270
48.9943 272
48.9979 273.95
49.0664 40.5083
49.0664 42.5083
49.07 44.5083
49.0748 46.5083
49.0772 48.5083
49.082 50.5083
49.0856 52.5083
49.0892 54.5083
49.0928 56.5083
49.0964 58.5083
49.1 60.5083
49.1036 62.5083
49.106 64.5083
49.1096 66.5083
49.1132 68.5083
49.1156 70.5083
49.1192 72.5083
49.1228 74.5083
49.1252 76.5083
49.1288 78.5083
49.1312 80.5083
49.1348 82.5083
49.1384 84.5083
49.1421 86.5083
49.1457 88.5083
49.1493 90.5083
49.1529 92.5083
49.1589 94.5083
49.1649 96.5083
49.1709 98.5083
49.1757 100.508
49.1805 102.508
49.1865 104.508
49.1901 106.508
49.1937 108.508
49.1985 110.508
49.2009 112.508
49.2033 114.508
49.2057 116.508
49.2105 118.508
49.2129 120.508
49.2153 122.508
49.2214 124.508
49.2238 126.508
49.2262 128.508
49.2286 130.508
49.2334 132.508
49.2382 134.508
49.2406 136.508
49.243 138.508
49.2478 140.508
49.2502 142.508
49.2526 144.508
49.2574 146.508
49.2598 148.508
49.2622 150.508
49.2646 152.508
49.2694 154.508
49.2718 156.508
49.2742 158.508
49.2766 160.508
49.279 162.508
49.2814 164.508
49.2838 166.508
49.2862 168.508
49.2886 170.508
49.2911 172.508
49.2935 174.508
49.2959 176.508
49.2983 178.508
49.3007 180.508
49.3031 182.508
49.3055 184.508
49.3079 186.508
49.3127 188.508
49.3151 190.508
49.3175 192.508
49.3223 194.508
49.3247 196.508
49.3271 198.508
49.3319 200.508
49.3343 202.508
49.3367 204.508
49.3391 206.508
49.3439 208.508
49.3463 210.508
49.3487 212.508
49.3535 214.508
49.3559 216.508
49.3583 218.508
49.3631 220.508
49.3655 222.508
49.368 224.508
49.3704 226.508
49.3728 228.508
49.3776 230.508
49.38 232.508
49.3824 234.508
49.3872 236.508
49.3896 238.508
49.392 240.508
49.3968 242.508
49.3992 244.508
49.4016 246.508
49.404 248.508
49.4064 250.508
49.4112 252.508
49.4136 254.508
49.416 256.508
49.4208 258.508
49.4232 260.508
49.4256 262.508
49.4304 264.508
49.4328 266.508
49.4352 268.508
49.44 270.508
49.5061 272.508
49.5085 274.508
49.5133 276.508
49.5157 278.508
49.5182 280.508
49.523 282.508
49.5254 284.508
49.5278 286.424
49.8065 288.424
50.0408 286.424
50.5059 208
50.5059 207
50.5059 208
50.5071 209
50.5083 210
50.5119 211
50.5131 212
50.5143 213
50.5155 214
50.5167 215
50.5203 216
50.5215 217
50.5227 218
50.5239 219
50.5251 220
50.5263 221
50.5299 222
50.5311 223
50.5323 224
50.5335 225
50.5347 226
50.5359 227
50.5371 228
50.5383 229
50.5395 230
50.5407 231
50.5419 232
50.5431 233
50.5467 234
50.5479 235
50.5491 236
50.5503 237
50.5539 238
50.5551 239
50.5563 240
50.5575 241
50.5587 242
50.5599 243
50.5636 244
50.5672 245
50.5684 246
50.5696 247
50.5708 248
50.572 249
50.5756 250
50.5768 251
50.578 252
50.5792 253
50.5804 254
50.584 255
50.5852 256
50.5864 257
50.5876 258
50.5888 259
50.59 260
50.5936 261
50.5948 262
50.596 263
50.5972 264
50.5984 265
50.602 266
50.6032 267
50.6044 268
50.6056 269
50.6068 270
50.6104 271
50.6116 272
50.6128 273
50.614 274
50.6152 275
50.6164 276
50.6176 277
50.6212 278
50.6224 279
50.6236 280
50.6248 281
50.626 282
50.6272 283
50.6284 284
50.6296 285
50.6332 286
50.6344 286.424
50.8543 40.5083
50.8543 41.5083
50.8567 43.5083
50.8591 45.5083
50.8615 47.5083
50.8639 49.5083
50.8663 51.5083
50.8688 53.5083
50.8712 55.5083
50.8736 57.5083
50.876 59.5083
50.8784 61.5083
50.8808 63.5083
50.8832 65.5083
50.8856 67.5083
50.888 69.5083
50.8904 71.5083
50.8928 73.5083
50.8952 75.5083
50.8976 77.5083
50.9 79.5083
50.9024 81.5083
50.9048 83.5083
50.9072 85.5083
50.9096 87.5083
50.9144 89.5083
50.9168 91.5083
50.9192 93.5083
50.924 95.5083
50.9264 97.5083
50.93 99.5083
50.9336 101.508
50.936 103.508
50.9408 105.508
50.9433 107.508
50.9457 109.508
50.9505 111.508
50.9529 113.508
50.9553 115.508
50.9577 117.508
50.9625 119.508
50.9649 121.508
50.9697 123.508
50.9721 125.508
50.9757 127.508
50.9793 129.508
50.9817 131.508
50.9841 133.508
50.9889 135.508
50.9913 137.508
50.9937 139.508
50.9985 141.508
51.0009 143.508
51.0033 145.508
51.0081 147.508
51.0105 149.508
51.0153 151.508
51.0177 153.508
51.0214 155.508
51.025 157.508
51.0274 159.508
51.0322 161.508
51.0346 163.508
51.0382 165.508
51.043 167.508
51.0454 169.508
51.0502 171.508
51.0526 173.508
51.0562 175.508
51.0598 177.508
51.0622 179.508
51.067 181.508
51.0694 183.508
51.0742 185.508
51.0766 187.508
51.079 189.508
51.0838 191.508
51.0874 193.508
51.091 195.508
51.0935 197.508
51.0971 199.508
51.1019 201.508
51.1043 203.508
51.1091 205.508
51.1115 207.508
51.1139 209.508
51.1199 211.508
51.1223 213.508
51.1271 215.508
51.1295 217.508
51.1319 219.508
51.1367 221.508
51.1391 223.508
51.1415 225.508
51.1463 227.508
51.1487 229.508
51.1535 231.508
51.1559 233.508
51.1607 235.508
51.1631 237.508
51.1655 239.508
51.1704 241.508
51.1728 243.508
51.1764 245.508
51.18 247.508
51.1824 249.508
51.1872 251.508
51.1896 253.508
51.2124 255.508
51.2148 257.508
51.2196 259.508
51.222 261.508
51.2244 263.508
51.2268 265.508
51.2316 267.508
51.234 269.508
51.2388 271.508
51.2412 273.508
51.2461 275.508
51.2485 277.508
51.2509 279.508
51.2557 281.508
51.2581 283.508
51.2605 285.508
51.2653 287.508
51.2677 289.143
51.6774 291.143
51.7087 169.7
51.7087 4
51.7135 6
51.7135 4
51.7159 6
51.7159 4
51.7207 6
51.7207 4
51.7267 6
51.7267 4
51.7315 6
51.7315 4
51.7351 6
51.7351 4
51.7387 6
51.7387 4
51.7435 6
51.7435 4
51.7459 6
51.7459 4
51.7483 6
51.7483 4
51.7531 6
51.7531 4
51.7555 6
51.7555 4
51.7579 6
51.7579 4
51.7627 6
51.7627 4
51.7651 6
51.7651 4
51.7687 6
51.7687 4
51.7724 6
51.7724 4
51.7748 6
51.7748 4
51.7796 6
51.7796 4
51.782 6
51.782 4
51.7844 6
51.7844 4
51.7892 6
51.7892 4
51.7916 6
51.7916 4
51.7964 6
51.7964 4
51.7988 6
51.7988 4
51.8012 6
51.8012 4
51.806 6
51.806 4
51.8084 6
51.8084 4
51.8132 6
51.8132 4
51.8156 6
51.8156 4
51.818 6
51.818 4
51.8228 6
51.8228 4
51.8252 6
51.8252 4
51.8276 6
51.8276 4
51.8324 6
51.8324 4
51.8348 6
51.8348 4
51.8396 6
51.8396 4
51.842 6
51.842 4
51.8469 6
51.8469 4
51.8493 6
51.8493 4
51.8517 6
51.8517 4
51.8565 6
51.8565 4
51.8601 6
51.8601 4
51.8673 6
51.8673 4
51.8697 6
51.8697 4
51.8721 6
51.8721 4
51.8769 6
51.8769 4
51.8793 6
51.8793 4
51.8817 6
51.8817 4
51.8865 6
51.8865 4
51.8889 6
51.8889 4
51.8937 6
51.8937 4
51.8961 6
51.8961 4
51.8985 6
51.8985 4
51.9033 6
51.9033 4
51.9057 6
51.9057 4
51.9105 6
51.9105 4
51.9129 6
51.9129 4
51.9153 6
51.9153 4
51.9202 6
51.9202 4
51.9226 6
51.9226 4
51.9274 6
51.9274 4
51.9298 6
51.9298 4
51.9322 6
51.9322 4
51.937 6
51.937 4
51.9394 6
51.9394 4
51.9418 6
51.9418 4
51.9466 6
51.9466 4
51.949 6
51.949 4
51.9538 6
51.9538 4
51.9562 6
51.9562 4
51.9586 6
51.9586 4
51.9634 6
51.9634 4
51.9658 6
51.9658 4
51.9682 6
51.9682 4
51.9706 6
51.9706 4
51.9754 6
51.9754 4
51.9778 6
51.9778 4
51.9802 6
51.9802 4
51.985 6
51.985 4
51.9874 6
51.9874 4
51.9898 6
51.9898 4
51.9947 6
51.9947 4
51.9971 6
51.9971 4
52.0961 6
52.0961 4
52.1002 6
52.1002 4
52.2 291.143
52.2 293.143
52.2033 295.143
52.3032 275.558
52.3075 257.755
52.3136 242.639
52.3184 229.72
52.3256 218.878
52.3304 209.7
52.3352 201.977
52.3424 195.835
52.3472 190.615
52.352 186.356
52.3592 183.244
52.3652 180.984
52.37 179.161
52.3772 178.181
52.382 177.632
52.3868 177.305
52.6344 179.305
52.7786 177.305
53.5632 171.522
53.7747 173.522
53.9165 171.522
54.9162 173.522
55.058 171.522
55.3632 163.883
56.0553 165.883
56.1983 163.883
57.1896 165.883
57.3302 163.883
58.3264 165.883
58.3468 162.188
58.4693 160.188
59.3321 149.485
59.4631 151.485
59.6073 149.485
60.6046 151.485
60.7452 149.485
60.9915 147
60.9915 146
60.9915 147
61.0985 148
61.1009 149
61.1033 149.485
61.3063 40.5083
61.3063 41.5083
61.3111 43.5083
61.3159 45.5083
61.3207 47.5083
61.3243 49.5083
61.3316 51.5083
61.3496 53.5083
61.3532 55.5083
61.358 57.5083
61.3616 59.5083
61.3652 61.5083
61.37 63.5083
61.3736 65.5083
61.3784 67.5083
61.3808 69.5083
61.3832 71.5083
61.3856 73.5083
61.388 75.5083
61.3904 77.5083
61.3928 79.5083
61.3952 81.5083
61.3976 83.5083
61.4001 85.5083
61.4037 87.5083
61.4097 89.5083
61.4133 91.5083
61.4181 93.5083
61.4217 95.5083
61.4265 97.5083
61.4313 99.5083
61.4373 101.508
61.4409 103.508
61.4457 105.508
61.4505 107.508
61.4553 109.508
61.4589 111.508
61.4637 113.508
61.4685 115.508
61.4733 117.508
61.4782 119.508
61.4818 121.508
61.4866 123.508
61.4914 125.508
61.4962 127.508
61.4998 129.508
61.5034 131.508
61.5082 133.508
61.513 135.508
61.5166 137.508
61.5202 139.508
61.525 141.508
61.5298 143.508
61.5346 145.508
61.5394 146.769
61.7389 148.769
61.8831 146.769
62.0213 135.684
62.3878 137.684
62.3878 4
62.3938 6
62.3938 4
62.3986 6
62.3986 4
62.4034 6
62.4034 4
62.4058 6
62.4058 4
62.4106 6
62.4106 4
62.413 6
62.413 4
62.4178 6
62.4178 4
62.4226 6
62.4226 4
62.425 6
62.425 4
62.4298 6
62.4298 4
62.4322 6
62.4322 4
62.437 6
62.437 4
62.4418 6
62.4418 4
62.4442 6
62.4442 4
62.449 6
62.449 4
62.4551 6
62.4551 4
62.4599 6
62.4599 4
62.4647 6
62.4647 4
62.4695 6
62.4695 4
62.4719 6
62.4719 4
62.4767 6
62.4767 4
62.4815 6
62.4815 4
62.4863 6
62.4863 4
62.4911 6
62.4911 4
62.4935 6
62.4935 4
62.4983 6
62.4983 4
62.5043 6
62.5043 4
62.5091 6
62.5091 4
62.5115 6
62.5115 4
62.5163 6
62.5163 4
62.5211 6
62.5211 4
62.5235 6
62.5235 4
62.5284 6
62.5284 4
62.5332 6
62.5332 4
62.538 6
62.538 4
62.5404 6
62.5404 4
62.5452 6
62.5452 4
62.5512 6
62.5512 4
62.556 6
62.556 4
62.5608 6
62.5608 4
62.568 6
62.568 4
62.5728 6
62.5728 4
62.5776 6
62.5776 4
62.5824 6
62.5824 4
62.5848 6
62.5848 4
62.592 6
62.592 4
62.5968 6
62.5968 4
62.6029 6
62.6029 4
62.6077 6
62.6077 4
62.6125 6
62.6125 4
62.6173 6
62.6173 4
62.6245 6
62.6245 4
62.6293 6
62.6293 4
62.6341 6
62.6341 4
62.6413 6
62.6413 4
62.6497 6
62.6497 4
62.6569 6
62.6569 4
62.6641 6
62.6641 4
62.6713 6
62.6713 4
62.6761 6
62.6761 4
62.6834 6
62.6834 4
62.6918 6
62.6918 4
62.699 6
62.699 4
62.7038 6
62.7038 4
62.7182 6
62.7182 4
62.7242 6
62.7242 4
62.9117 6
62.9117 4
62.9189 149.485
62.9189 151.485
63.1123 153.485
63.1195 155.485
63.1267 157.485
63.134 159.485
63.14 161.485
63.146 163.485
63.1544 165.485
63.1616 167.485
63.1688 169.485
63.176 171.485
63.1832 173.485
63.1892 175.485
63.1952 177.485
63.2025 179.485
63.2097 181.485
63.2169 183.485
63.2241 185.485
63.2325 187.485
63.2385 189.485
63.2445 191.485
63.2517 193.485
63.2589 195.485
63.2661 197.485
63.2733 199.485
63.2806 201.485
63.2866 203.485
63.2926 205.485
63.2998 207.485
63.3082 209.485
63.3154 211.485
63.3226 213.485
63.3298 215.485
63.337 217.485
63.3418 217.881
63.8946 168
63.8946 167
63.8946 168
63.9126 167
63.9463 166
63.9595 165
63.9775 164
63.9907 163
64.0063 162
64.0244 161
64.058 160
64.0893 159
64.1025 158
64.1205 157
64.1337 156
64.1541 155
64.165 156
64.1686 157
64.1698 158
64.1734 159
64.1746 160
64.1782 161
64.1806 162
64.183 161
64.183 162
64.1866 163
64.1878 164
64.189 165
64.1926 166
64.1938 167
64.1974 168
64.1986 169
64.2022 170
64.2034 171
64.207 172
64.2106 173
64.213 172
64.213 173
64.2142 174
64.2154 175
64.219 176
64.2202 177
64.2238 178
64.225 179
64.2286 180
64.2298 181
64.2322 182
64.2334 183
64.2371 184
64.2383 185
64.2419 186
64.2431 187
64.2467 188
64.2479 189
64.2515 190
64.2527 191
64.2563 192
64.2587 193
64.2611 192
64.2611 193
64.2623 194
64.2659 195
64.2695 194
64.2695 195
64.2731 196
64.2743 197
64.2779 196
64.2779 197
64.2791 198
64.2839 199
64.2875 200
64.2887 199
64.2887 200
64.2923 201
64.2935 202
64.2947 203
64.2983 204
64.3007 205
64.3031 206
64.3043 207
64.3067 208
64.3079 209
64.3103 210
64.3116 211
64.314 212
64.3152 213
64.3188 212
64.3188 213
64.32 214
64.3224 215
64.3248 216
64.3284 217
64.3296 216
64.3296 217
64.332 218
64.3332 219
64.3344 219.881
64.3392 218.881
64.3392 219.881
64.3452 218.881
64.3452 219.881
64.3524 218.881
64.3524 219.881
64.3608 218.881
64.3608 219.881
64.3704 217.881
64.3788 216.881
64.3788 217.881
64.4101 216.881
64.4101 217.881
64.4233 216.881
64.4233 217.881
64.4413 216.881
64.4413 217.881
64.4545 216.881
64.4545 217.881
64.475 216.881
64.475 217.881
64.5074 216.881
64.5074 217.881
64.5435 216.881
64.5435 217.881
64.5987 216.881
64.5987 217.881
64.6167 218.533
64.6191 40.5083
64.6191 41.5083
64.6239 43.5083
64.6287 45.5083
64.6324 47.5083
64.6372 49.5083
64.6408 51.5083
64.6456 53.5083
64.6552 55.5083
64.6588 57.5083
64.6624 59.5083
64.666 61.5083
64.6696 63.5083
64.6732 65.5083
64.678 67.5083
64.6828 69.5083
64.6864 71.5083
64.6888 73.5083
64.6912 75.5083
64.6936 77.5083
64.696 79.5083
64.6984 81.5083
64.7008 83.5083
64.7032 85.5083
64.7057 87.5083
64.7081 89.5083
64.7105 91.5083
64.7129 93.5083
64.7153 95.5083
64.7213 97.5083
64.7261 99.5083
64.7309 101.508
64.7369 103.508
64.7417 105.508
64.7489 107.508
64.7537 109.508
64.7597 111.508
64.7657 113.508
64.7705 115.508
64.7765 117.508
64.7814 119.508
64.7874 121.508
64.7922 123.508
64.7982 125.508
64.803 127.508
64.809 129.508
64.815 131.508
64.8198 133.508
64.8246 135.508
64.8294 137.508
64.8342 139.508
64.839 141.508
64.8438 143.508
64.8486 145.508
64.8547 147.508
64.8595 149.508
64.8643 151.508
64.8691 153.508
64.8739 155.508
64.8787 157.508
64.8835 159.508
64.8895 161.508
64.8943 163.508
64.8991 165.508
64.9039 167.508
64.9087 169.508
64.9147 171.508
64.9195 173.508
64.9243 175.508
64.9291 177.508
64.9628 179.508
64.9652 181.508
64.97 183.508
64.9748 185.508
64.9796 187.508
64.9856 189.508
64.9904 191.508
64.9952 193.508
65 195.508
65.0049 197.508
65.0097 199.508
65.0145 201.508
65.0193 203.508
65.0241 205.508
65.0277 207.508
65.0337 209.508
65.0385 211.508
65.0433 213.508
65.0481 215.508
65.0529 217.508
65.0553 219.508
65.0625 221.508
65.0673 223.508
65.0709 225.508
65.0745 227.508
65.0806 229.508
65.0854 231.508
65.0902 233.508
65.095 235.418
66.0478 237.418
66.2858 235.418
66.4564 187
66.4564 186
66.4564 187
66.4588 186
66.4756 185
66.4852 186
66.4864 187
66.4876 188
66.4901 189
66.4913 190
66.4925 191
66.4961 192
66.4973 193
66.4985 192
66.4985 193
66.5021 194
66.5033 195
66.5045 196
66.5069 197
66.5081 198
66.5093 199
66.5129 200
66.5141 201
66.5153 200
66.5153 201
66.5189 202
66.5201 203
66.5213 204
66.5237 205
66.5249 206
66.5261 207
66.5273 208
66.5297 209
66.5309 210
66.5321 211
66.5345 212
66.5357 213
66.5369 214
66.5405 215
66.5417 216
66.5453 215
66.5453 216
66.5465 217
66.5477 218
66.5501 219
66.5513 220
66.5525 221
66.5537 222
66.5561 223
66.5573 224
66.5585 225
66.5621 226
66.5646 227
66.5658 226
66.5658 227
66.567 228
66.5682 229
66.5718 230
66.573 231
66.5742 232
66.5766 233
66.5778 234
66.579 235
66.5802 236
66.5826 237
66.5838 238
66.585 239
66.5886 240
66.5898 241
66.5934 240
66.5934 241
66.5946 242
66.5958 241
66.5958 242
66.5994 243
66.6006 244
66.6018 244.189
66.6066 245.189
66.6102 245.441
66.6126 244.441
66.6126 245.441
66.621 245.931
66.6246 246.204
66.627 247.204
66.6282 248.204
66.6294 248.717
66.6378 247.717
66.6378 248.717
66.6463 249.717
66.6475 249.973
66.6511 248.973
66.6511 249.973
66.6595 250.925
66.6715 251.925
66.6727 252.014
66.8049 251.014
66.8049 252.014
66.8085 251.014
66.8085 252.014
66.8205 251.014
66.8205 252.014
66.8325 251.014
66.8325 252.014
66.8397 251.014
66.8397 252.014
66.8565 251.014
66.8565 252.014
66.8686 251.014
66.8686 252.014
66.8926 251.014
66.8926 252.014
66.895 251.014
66.895 252.014
66.9094 251.014
66.9094 252.014
66.9346 251.014
66.9346 252.014
66.9478 40.5083
66.9478 41.5083
66.9514 43.5083
66.9538 45.5083
66.9575 47.5083
66.9623 49.5083
66.9671 51.5083
66.9719 53.5083
66.9755 55.5083
66.9791 57.5083
66.9839 59.5083
66.9887 61.5083
66.9935 63.5083
66.9971 65.5083
67.0007 67.5083
67.0055 69.5083
67.0103 71.5083
67.0151 73.5083
67.0187 75.5083
67.0223 77.5083
67.0271 79.5083
67.0319 81.5083
67.0368 83.5083
67.0404 85.5083
67.044 87.5083
67.0488 89.5083
67.0536 91.5083
67.0584 93.5083
67.062 95.5083
67.0668 97.5083
67.0716 99.5083
67.0764 101.508
67.0812 103.508
67.0848 105.508
67.0884 107.508
67.0932 109.508
67.1089 111.508
67.1125 113.508
67.1161 115.508
67.1197 117.508
67.1233 119.508
67.1269 121.508
67.1317 123.508
67.1341 125.508
67.1389 127.508
67.1425 129.508
67.1461 131.508
67.1497 133.508
67.1521 135.508
67.1545 137.508
67.1569 139.508
67.1593 141.508
67.1617 143.508
67.1641 145.508
67.1665 147.508
67.1689 149.508
67.1713 151.508
67.1737 153.508
67.1761 155.508
67.1797 157.508
67.1834 159.508
67.187 161.508
67.1906 163.508
67.1954 165.508
67.199 167.508
67.2026 169.508
67.2062 171.508
67.211 173.508
67.2134 175.508
67.2182 177.508
67.2218 179.508
67.2254 181.508
67.229 183.508
67.2326 185.508
67.2374 187.508
67.2398 189.508
67.2446 191.508
67.2482 193.508
67.3083 195.508
67.3131 197.508
67.3155 199.508
67.3203 201.508
67.3251 203.508
67.3287 205.508
67.3323 207.508
67.3396 209.508
67.3444 211.508
67.3492 213.508
67.354 215.508
67.3588 217.508
67.3636 219.508
67.366 221.508
67.372 223.508
67.3744 225.508
67.3792 227.508
67.3816 229.508
67.3864 231.508
67.3888 233.508
67.3936 235.508
67.396 237.508
67.3984 239.508
67.4008 241.508
67.4032 243.508
67.4056 245.508
67.4081 247.508
67.4105 249.508
67.4153 251.508
67.4177 252.014
67.9608 254.014
68.2011 252.014
68.5195 253.16
68.5315 253.314
68.5508 253.465
68.558 254.412
69.8785 256.412
70.1189 254.412
70.1777 220
70.1777 219
70.1777 220
70.2631 219
70.2703 218
70.3027 217
70.3087 216
70.3147 215
70.3544 214
70.3604 213
70.4049 212
70.4109 211
70.4169 210
70.4289 209
70.4397 208
70.483 209
70.4842 208
70.4842 209
70.4854 210
70.489 211
70.4902 212
70.4914 211
70.4914 212
70.495 213
70.4962 214
70.4974 215
70.4998 216
70.5022 217
70.5034 218
70.507 219
70.5082 220
70.5118 221
70.513 222
70.5142 223
70.5178 224
70.519 225
70.5226 226
70.5238 227
70.525 228
70.5286 229
70.5298 230
70.5334 231
70.5346 232
70.5358 233
70.5394 234
70.5406 235
70.5442 236
70.5455 235
70.5455 236
70.5491 237
70.5503 238
70.5539 239
70.5551 240
70.5563 241
70.5599 242
70.5611 243
70.5623 244
70.5659 245
70.5671 246
70.5707 247
70.5719 248
70.5731 249
70.5767 250
70.5779 251
70.5815 252
70.5827 253
70.5839 254
70.5875 255
70.5887 256
70.5923 257
70.5935 258
70.5947 259
70.5983 260
70.5995 261
70.6031 262
70.6043 263
70.6055 264
70.6091 265
70.6115 266
70.6127 267
70.6151 268
70.6163 269
70.6175 268
70.6175 269
70.62 270
70.6212 269
70.6212 270
70.6248 271
70.626 272
70.6272 273
70.6284 273.843
70.6428 272.843
70.6428 273.843
70.6488 272.843
70.6488 273.843
70.6524 272.843
70.6524 273.843
70.6788 272.843
70.6788 273.843
70.6812 272.843
70.6812 273.843
70.7101 272.843
70.7101 273.843
70.7149 272.843
70.7149 273.843
70.7185 272.843
70.7185 273.843
70.7281 272.843
70.7281 273.843
70.7389 272.843
70.7389 273.843
70.7797 272.843
70.7797 273.843
70.7869 40.5083
70.7869 41.5083
70.7918 43.5083
70.7954 45.5083
70.799 47.5083
70.8038 49.5083
70.8074 51.5083
70.811 53.5083
70.8146 55.5083
70.8182 57.5083
70.823 59.5083
70.8266 61.5083
70.8302 63.5083
70.835 65.5083
70.8386 67.5083
70.8422 69.5083
70.847 71.5083
70.8518 73.5083
70.8554 75.5083
70.859 77.5083
70.8639 79.5083
70.8663 81.5083
70.8711 83.5083
70.8759 85.5083
70.8783 87.5083
70.8831 89.5083
70.8867 91.5083
70.8903 93.5083
70.8951 95.5083
70.8987 97.5083
70.9023 99.5083
70.9071 101.508
70.9107 103.508
70.9143 105.508
70.9191 107.508
70.9227 109.508
70.9347 111.508
70.9384 113.508
70.942 115.508
70.9456 117.508
70.948 119.508
70.9516 121.508
70.9552 123.508
70.9576 125.508
70.9612 127.508
70.9648 129.508
70.9696 131.508
70.9732 133.508
70.9756 135.508
70.9792 137.508
70.9828 139.508
70.9852 141.508
70.9888 143.508
70.9924 145.508
70.996 147.508
70.9984 149.508
71.0008 151.508
71.0032 153.508
71.0056 155.508
71.008 157.508
71.0104 159.508
71.0129 161.508
71.0153 163.508
71.0177 165.508
71.0201 167.508
71.0225 169.508
71.0261 171.508
71.0297 173.508
71.0321 175.508
71.0369 177.508
71.0405 179.508
71.0429 181.508
71.0477 183.508
71.0501 185.508
71.0537 187.508
71.0573 189.508
71.0597 191.508
71.0633 193.508
71.0657 195.508
71.0693 197.508
71.0729 199.508
71.0753 201.508
71.0801 203.508
71.0825 205.508
71.0873 207.508
71.145 209.508
71.1498 211.508
71.1546 213.508
71.1594 215.508
71.1643 217.508
71.1715 219.508
71.1739 221.508
71.1787 223.508
71.1811 225.508
71.1835 227.508
71.1883 229.508
71.1907 231.508
71.1955 233.508
71.1979 235.508
71.2027 237.508
71.2051 239.508
71.2099 241.508
71.2123 243.508
71.2171 245.508
71.2195 247.508
71.2219 249.508
71.2267 251.508
71.2291 253.508
71.2315 255.508
71.2339 257.508
71.2363 259.508
71.2388 261.508
71.2412 263.508
71.2436 265.508
71.246 267.508
71.2484 269.011
71.2544 268.517
71.2568 267.802
71.2616 267.318
71.264 266.753
71.2688 266.401
71.2712 266.092
71.276 265.963
71.2784 265.709
71.2808 265.204
71.2856 265.044
71.288 264.764
71.2904 264.376
71.2952 264.18
71.2976 263.865
71.3 263.45
71.3048 263.086
71.3072 262.767
71.312 262.63
71.7747 264.63
72.0066 262.63
72.3779 181
72.3779 180
72.3779 181
72.5617 182
72.5629 183
72.5677 184
72.5689 185
72.5701 186
72.5737 187
72.5749 188
72.5761 189
72.5773 190
72.5809 191
72.5821 192
72.5833 193
72.5846 194
72.587 195
72.5894 196
72.5906 197
72.5918 198
72.5954 199
72.5966 200
72.5978 201
72.599 202
72.6026 203
72.6038 204
72.605 205
72.6062 206
72.6074 207
72.611 208
72.6122 209
72.6134 210
72.617 211
72.6182 212
72.6194 213
72.6206 214
72.6218 215
72.6254 216
72.6266 217
72.6278 218
72.6314 219
72.6326 220
72.6338 221
72.635 222
72.6362 223
72.6398 224
72.641 225
72.6422 226
72.6434 227
72.647 228
72.6482 229
72.6494 230
72.6506 231
72.6542 232
72.6554 233
72.6603 234
72.6615 235
72.6627 236
72.6639 237
72.6675 238
72.6687 239
72.6699 240
72.6711 241
72.6747 242
72.6759 243
72.6771 244
72.6783 245
72.6819 246
72.6831 247
72.6843 248
72.6855 249
72.6891 250
72.6903 251
72.6915 252
72.6951 253
72.6963 254
72.6975 255
72.6987 256
72.7023 257
72.7035 258
72.7047 259
72.7059 260
72.7095 261
72.7107 262
72.7119 262.63
72.7215 40.5083
72.7215 41.5083
72.7251 43.5083
72.7287 45.5083
72.7311 47.5083
72.7347 49.5083
72.7395 51.5083
72.7432 53.5083
72.7468 55.5083
72.7504 57.5083
72.7528 59.5083
72.7564 61.5083
72.7612 63.5083
72.7648 65.5083
72.7672 67.5083
72.7708 69.5083
72.7756 71.5083
72.778 73.5083
72.7816 75.5083
72.7864 77.5083
72.7888 79.5083
72.7924 81.5083
72.7948 83.5083
72.7972 85.5083
72.7996 87.5083
72.802 89.5083
72.8044 91.5083
72.8068 93.5083
72.8092 95.5083
72.8116 97.5083
72.814 99.5083
72.8165 101.508
72.8189 103.508
72.8213 105.508
72.8237 107.508
72.8261 109.508
72.8285 111.508
72.8309 113.508
72.8333 115.508
72.8357 117.508
72.8405 119.508
72.8441 121.508
72.8477 123.508
72.8513 125.508
72.8549 127.508
72.8585 129.508
72.8621 131.508
72.8657 133.508
72.8693 135.508
72.8741 137.508
72.8777 139.508
72.8825 141.508
72.8849 143.508
72.8897 145.508
72.8922 147.508
72.8958 149.508
72.8994 151.508
72.903 153.508
72.9066 155.508
72.9102 157.508
72.9138 159.508
72.9162 161.508
72.921 163.508
72.9246 165.508
72.9282 167.508
72.9306 169.508
72.9354 171.508
72.939 173.508
72.9426 175.508
72.945 177.508
72.9498 179.508
72.9522 181.508
72.957 183.508
72.9594 185.508
72.9642 187.508
72.9679 189.508
72.9727 191.508
72.9751 193.508
72.9799 195.508
72.9823 197.508
72.9871 199.508
72.9895 201.508
72.9943 203.508
72.9967 205.508
73.0015 207.508
73.0051 209.508
73.0087 211.508
73.0123 213.508
73.0159 215.508
73.0195 217.508
73.0231 219.508
73.0255 221.508
73.0291 223.508
73.0327 225.508
73.0592 227.508
73.0616 229.508
73.0664 231.508
73.0712 233.508
73.0736 235.508
73.0784 237.508
73.0808 239.508
73.0856 241.508
73.088 243.508
73.0928 245.508
73.0952 247.508
73.1 249.508
73.1048 251.508
73.1072 253.508
73.112 255.508
73.1144 257.508
73.1205 259.508
73.1229 261.508
73.1253 262.63
73.6131 264.63
73.6203 263.436
73.8414 261.436
74.0901 262.655
74.1238 264.483
74.1454 266.258
74.1598 267.125
74.1658 269.125
74.1683 269.914
75.448 271.914
75.6763 269.914
75.907 271.224
75.9166 271.968
75.9526 273.426
75.9622 274.141
75.9791 274.847
75.9959 275.544
75.9971 193
75.9971 192
75.9971 193
76.0055 192
76.044 191
76.0524 190
76.2098 191
76.211 192
76.2122 193
76.2134 194
76.217 195
76.2182 196
76.2194 197
76.2206 198
76.2242 199
76.2254 200
76.2266 201
76.2278 202
76.2302 203
76.2326 204
76.2338 205
76.235 206
76.2386 207
76.2398 208
76.241 209
76.2422 210
76.2434 211
76.247 212
76.2482 213
76.2494 214
76.2506 215
76.2518 216
76.2555 217
76.2567 218
76.2579 219
76.2591 220
76.2603 221
76.2615 222
76.2651 223
76.2663 224
76.2675 225
76.2687 226
76.2699 227
76.2735 228
76.2747 229
76.2759 230
76.2771 231
76.2783 232
76.2819 233
76.2831 234
76.2843 235
76.2855 236
76.2867 237
76.2879 238
76.2915 239
76.2927 240
76.2939 241
76.2951 242
76.2987 243
76.2999 244
76.3011 245
76.3023 246
76.3035 247
76.3047 248
76.3083 249
76.3095 250
76.3107 251
76.3119 252
76.3131 253
76.3167 254
76.3179 255
76.3191 256
76.3203 257
76.3215 258
76.3251 259
76.3263 260
76.3276 259
76.3276 260
76.3288 261
76.33 262
76.3336 263
76.3348 264
76.336 263
76.336 264
76.3396 265
76.3408 266
76.342 267
76.3432 268
76.3444 269
76.3468 270
76.348 271
76.3492 272
76.3504 273
76.3516 274
76.354 275
76.3552 276
76.3564 277
76.3576 278
76.3588 279
76.3612 280
76.3624 281
76.3636 281.566
76.3696 280.566
76.3696 281.566
76.3768 40.5083
76.3768 41.5083
76.3816 43.5083
76.384 45.5083
76.3876 47.5083
76.39 49.5083
76.3936 51.5083
76.396 53.5083
76.4008 55.5083
76.4032 57.5083
76.4068 59.5083
76.4092 61.5083
76.4128 63.5083
76.4152 65.5083
76.4201 67.5083
76.4225 69.5083
76.4261 71.5083
76.4285 73.5083
76.4321 75.5083
76.4345 77.5083
76.4393 79.5083
76.4429 81.5083
76.4465 83.5083
76.4489 85.5083
76.4537 87.5083
76.4561 89.5083
76.4597 91.5083
76.4621 93.5083
76.4645 95.5083
76.4669 97.5083
76.4693 99.5083
76.4717 101.508
76.4741 103.508
76.4765 105.508
76.4789 107.508
76.4813 109.508
76.4837 111.508
76.4861 113.508
76.4885 115.508
76.4933 117.508
76.4958 119.508
76.5006 121.508
76.503 123.508
76.5078 125.508
76.5102 127.508
76.515 129.508
76.5186 131.508
76.5222 133.508
76.5246 135.508
76.5294 137.508
76.5318 139.508
76.5354 141.508
76.539 143.508
76.5438 145.508
76.5462 147.508
76.5486 149.508
76.5534 151.508
76.5558 153.508
76.5606 155.508
76.563 157.508
76.5654 159.508
76.5703 161.508
76.5727 163.508
76.5751 165.508
76.5799 167.508
76.5823 169.508
76.5859 171.508
76.5895 173.508
76.5919 175.508
76.5967 177.508
76.5991 179.508
76.6027 181.508
76.6063 183.508
76.6087 185.508
76.6123 187.508
76.6159 189.508
76.6183 191.508
76.6231 193.508
76.6255 195.508
76.6291 197.508
76.6327 199.508
76.6351 201.508
76.6399 203.508
76.6423 205.508
76.6472 207.508
76.6496 209.508
76.6532 211.508
76.6556 213.508
76.6592 215.508
76.6616 217.508
76.664 219.508
76.6676 221.508
76.67 223.508
76.6724 225.508
76.676 227.508
76.6784 229.508
76.7108 231.508
76.7132 233.508
76.7192 235.508
76.7217 237.508
76.7241 239.508
76.7289 241.508
76.7337 243.508
76.7361 245.508
76.7385 247.508
76.7433 249.508
76.7457 251.508
76.7505 253.508
76.7529 255.508
76.7553 257.508
76.7601 259.508
76.7649 261.508
76.7673 263.508
76.7697 265.508
76.7757 267.508
76.7781 269.508
76.7805 271.508
76.7853 273.508
76.7877 275.508
76.7913 277.508
76.7949 279.402
76.7974 278.936
76.8022 278.833
76.8046 278.59
76.807 278.226
76.8118 278.059
76.8142 277.914
76.8178 277.786
76.8214 277.674
76.8238 277.425
76.831 277.281
76.8334 277.081
77.272 279.081
77.4979 277.081
79.0828 279.081
79.215 276.675
79.3087 274.675
79.5226 219
79.5226 218
79.5226 219
79.5394 218
79.5647 217
79.5887 216
79.5911 217
79.5935 218
79.5947 219
79.5959 220
79.5971 221
79.5983 222
79.5995 223
79.6019 224
79.6031 225
79.6043 224
79.6043 225
79.6055 226
79.6067 227
79.6079 228
79.6103 229
79.6115 230
79.6127 231
79.6151 232
79.6163 233
79.6175 232
79.6175 233
79.6187 234
79.6199 235
79.6211 236
79.6235 237
79.6247 238
79.6259 239
79.6271 240
79.6283 241
79.6295 242
79.632 243
79.6332 244
79.6344 245
79.6356 246
79.6368 247
79.638 248
79.6404 249
79.6416 250
79.6428 249
79.6428 250
79.644 251
79.6452 252
79.6464 253
79.6488 254
79.65 255
79.6512 256
79.6524 257
79.6536 258
79.6548 259
79.6572 260
79.6584 261
79.6596 262
79.6608 263
79.662 264
79.6632 265
79.6656 266
79.6668 267
79.668 266
79.668 267
79.6692 268
79.6716 269
79.6728 270
79.674 271
79.6752 272
79.6764 273
79.6776 274
79.68 275
79.6812 276
79.6824 277
79.6836 278
79.6848 279
79.686 280
79.6884 281
79.6896 282
79.6908 283
79.692 284
79.6956 285
79.6968 286
79.698 287
79.6992 288
79.7028 289
79.704 290
79.7052 291
79.7089 292
79.7101 293
79.7113 294
79.7125 295
79.7161 296
79.7173 296.761
79.8603 295.761
79.8603 296.761
79.8735 295.761
79.8735 296.761
79.8939 295.761
79.8939 296.761
79.9143 295.761
79.9143 296.761
79.9275 295.761
79.9275 296.761
79.9396 295.761
79.9396 296.761
79.9612 295.761
79.9612 296.761
79.9828 40.5083
79.9828 41.5083
79.9852 43.5083
79.9876 45.5083
79.99 47.5083
79.9936 49.5083
79.996 51.5083
79.9996 53.5083
80.002 55.5083
80.0044 57.5083
80.008 59.5083
80.0104 61.5083
80.0152 63.5083
80.0176 65.5083
80.0224 67.5083
80.0249 69.5083
80.0297 71.5083
80.0321 73.5083
80.0369 75.5083
80.0393 77.5083
80.0429 79.5083
80.0465 81.5083
80.0501 83.5083
80.0537 85.5083
80.0561 87.5083
80.0609 89.5083
80.0633 91.5083
80.0669 93.5083
80.0705 95.5083
80.0741 97.5083
80.0777 99.5083
80.0801 101.508
80.0849 103.508
80.0873 105.508
80.0909 107.508
80.0945 109.508
80.0993 111.508
80.1018 113.508
80.1066 115.508
80.109 117.508
80.1126 119.508
80.1162 121.508
80.1186 123.508
80.1234 125.508
80.1258 127.508
80.1306 129.508
80.133 131.508
80.1366 133.508
80.1402 135.508
80.1426 137.508
80.1474 139.508
80.1498 141.508
80.1546 143.508
80.157 145.508
80.1594 147.508
80.1642 149.508
80.1666 151.508
80.1702 153.508
80.1738 155.508
80.1763 157.508
80.1811 159.508
80.1835 161.508
80.1859 163.508
80.1907 165.508
80.1931 167.508
80.1955 169.508
80.1991 171.508
80.2027 173.508
80.2051 175.508
80.2087 177.508
80.2111 179.508
80.2135 181.508
80.2183 183.508
80.2207 185.508
80.2231 187.508
80.2255 189.508
80.2291 191.508
80.2315 193.508
80.2339 195.508
80.2363 197.508
80.2399 199.508
80.2423 201.508
80.2459 203.508
80.2483 205.508
80.2508 207.508
80.2532 209.508
80.2556 211.508
80.2592 213.508
80.2628 215.508
80.2652 217.508
80.2676 219.508
80.27 221.508
80.2724 223.508
80.276 225.508
80.2784 227.508
80.282 229.508
80.2844 231.508
80.2868 233.508
80.2892 235.508
80.2916 237.508
80.2952 239.508
80.2976 241.508
80.3012 243.508
80.3036 245.508
80.3481 247.508
80.3505 249.508
80.3553 251.508
80.3577 253.508
80.3625 255.508
80.3649 257.508
80.3673 259.508
80.3697 261.508
80.3745 263.508
80.3769 265.508
80.3817 267.508
80.3841 269.508
80.3865 271.508
80.3913 273.508
80.3937 275.508
80.3985 277.508
80.401 279.508
80.4034 281.508
80.4082 283.508
80.4106 285.508
80.413 287.508
80.4178 289.508
80.4202 291.508
80.4226 293.508
80.425 295.508
80.4298 296.761
80.8864 298.761
81.1135 296.761
82.2646 244
82.2646 243
82.2646 244
82.2863 243
82.2923 242
82.3151 241
82.3476 240
82.3968 239
82.4653 240
82.4665 241
82.4677 242
82.4713 243
82.4725 244
82.4737 245
82.4749 246
82.4761 247
82.4773 248
82.4785 249
82.4797 250
82.4809 251
82.4833 252
82.4858 253
82.487 254
82.4882 255
82.4918 256
82.493 257
82.4942 258
82.4954 259
82.4966 260
82.4978 261
82.499 262
82.5002 263
82.5014 264
82.5026 265
82.5062 266
82.5074 267
82.5086 268
82.5098 269
82.511 270
82.5122 271
82.5134 272
82.5146 273
82.5182 274
82.5194 275
82.5206 276
82.5218 277
82.523 278
82.5242 279
82.5278 280
82.529 281
82.5302 282
82.5314 283
82.5326 284
82.5338 285
82.535 286
82.5386 287
82.5398 288
82.541 289
82.5422 290
82.5434 291
82.547 292
82.5482 293
82.5494 294
82.5506 295
82.5518 296
82.553 296.761
82.5843 295.761
82.5843 296.761
82.6011 295.761
82.6011 296.761
82.6167 295.761
82.6167 296.761
82.6335 295.761
82.6335 296.761
82.6408 295.761
82.6408 296.761
82.66 295.761
82.66 296.761
82.6648 295.761
82.6648 296.761
82.6852 295.761
82.6852 296.761
82.6936 297.761
82.696 298.761
82.7153 297.761
82.7153 298.761
82.7609 297.761
82.7609 298.761
82.9183 296.761
82.9376 295.761
82.9376 296.761
82.9556 295.761
82.9556 296.761
82.9724 295.761
82.9724 296.761
82.9904 40.5083
82.9904 41.5083
82.9952 43.5083
82.9976 45.5083
83.0036 47.5083
83.006 49.5083
83.0096 51.5083
83.012 53.5083
83.0144 55.5083
83.018 57.5083
83.0216 59.5083
83.024 61.5083
83.0289 63.5083
83.0313 65.5083
83.0337 67.5083
83.0361 69.5083
83.0397 71.5083
83.0433 73.5083
83.0457 75.5083
83.0481 77.5083
83.0517 79.5083
83.0553 81.5083
83.0577 83.5083
83.0601 85.5083
83.0625 87.5083
83.0661 89.5083
83.0685 91.5083
83.0721 93.5083
83.0745 95.5083
83.0769 97.5083
83.0805 99.5083
83.0829 101.508
83.0865 103.508
83.0889 105.508
83.0913 107.508
83.0937 109.508
83.0973 111.508
83.0997 113.508
83.1033 115.508
83.1058 117.508
83.1082 119.508
83.1106 121.508
83.1142 123.508
83.1178 125.508
83.1202 127.508
83.1226 129.508
83.1262 131.508
83.1286 133.508
83.131 135.508
83.1346 137.508
83.137 139.508
83.1394 141.508
83.1418 143.508
83.1454 145.508
83.149 147.508
83.1514 149.508
83.1538 151.508
83.1562 153.508
83.1586 155.508
83.161 157.508
83.1634 159.508
83.1658 161.508
83.1682 163.508
83.1706 165.508
83.173 167.508
83.1754 169.508
83.1778 171.508
83.1803 173.508
83.1827 175.508
83.1851 177.508
83.1875 179.508
83.1899 181.508
83.1935 183.508
83.1959 185.508
83.1983 187.508
83.2007 189.508
83.2031 191.508
83.2067 193.508
83.2103 195.508
83.2127 197.508
83.2163 199.508
83.2199 201.508
83.2223 203.508
83.2247 205.508
83.2271 207.508
83.2295 209.508
83.2319 211.508
83.2343 213.508
83.2367 215.508
83.2391 217.508
83.2427 219.508
83.2452 220.508
83.2464 140
83.2464 139
83.2464 140
83.2476 139
83.256 138
83.2572 137
83.2668 136
83.268 135
83.4218 136
83.4254 137
83.4266 138
83.4278 139
83.429 140
83.4302 141
83.4314 142
83.4326 143
83.4338 144
83.435 145
83.4362 146
83.4374 147
83.4398 148
83.4422 149
83.4434 150
83.4446 151
83.4458 152
83.447 153
83.4482 154
83.4518 155
83.453 156
83.4542 157
83.4554 158
83.4566 159
83.4578 160
83.459 161
83.4602 162
83.4614 163
83.4627 164
83.4639 165
83.4651 166
83.4663 167
83.4675 168
83.4687 169
83.4711 170
83.4723 171
83.4747 172
83.4759 173
83.4771 172
83.4771 173
83.4783 172
83.4783 173
83.4795 174
83.4807 175
83.4831 176
83.4843 177
83.4855 176
83.4855 177
83.4867 176
83.4867 177
83.4879 178
83.4891 179
83.4915 180
83.4927 181
83.4939 182
83.4951 181
83.4951 182
83.4963 220.508
83.4963 40.5083
83.4963 41.5083
83.4987 43.5083
83.5023 45.5083
83.5047 47.5083
83.5071 49.5083
83.5095 51.5083
83.5119 53.5083
83.5143 55.5083
83.5167 57.5083
83.5191 59.5083
83.5227 61.5083
83.5251 63.5083
83.5275 65.5083
83.5323 67.5083
83.5347 69.5083
83.5371 71.5083
83.5419 73.5083
83.5443 75.5083
83.5467 77.5083
83.5503 79.5083
83.5539 81.5083
83.5564 83.5083
83.5588 85.5083
83.5636 87.5083
83.566 89.5083
83.5696 91.5083
83.572 93.5083
83.5756 95.5083
83.578 97.5083
83.6068 99.5083
83.6092 101.508
83.6116 103.508
83.614 105.508
83.6164 107.508
83.6188 109.508
83.6212 111.508
83.6236 113.508
83.626 115.508
83.6284 117.508
83.6309 119.508
83.6345 121.508
83.6381 123.508
83.6405 125.508
83.6429 127.508
83.6453 129.508
83.6477 131.508
83.6525 133.508
83.6549 135.508
83.6573 137.508
83.6609 139.508
83.6645 141.508
83.6669 143.508
83.6693 145.508
83.6717 147.508
83.6741 149.508
83.6765 151.508
83.6801 153.508
83.6837 155.508
83.6861 157.508
83.6885 159.508
83.6921 161.508
83.6945 163.508
83.6969 165.508
83.7005 167.508
83.7029 169.508
83.7186 171.508
83.721 173.508
83.7234 175.508
83.7258 177.508
83.7306 179.508
83.733 181.508
83.7378 183.508
83.7426 185.508
83.7474 187.508
83.7522 189.508
83.7594 191.508
83.7642 193.508
83.7774 195.508
83.7799 197.508
83.7823 199.508
83.7847 201.508
83.7871 203.508
83.7895 205.508
83.7919 207.508
83.7943 209.508
83.7967 211.508
83.7991 213.508
83.8039 215.508
83.8063 217.508
83.8087 219.508
83.8111 221.508
83.8135 223.508
83.8159 225.508
83.8207 227.508
83.8231 229.508
83.8255 231.508
83.8291 233.508
83.8327 235.508
83.8351 237.042
83.8375 236.926
83.8399 236.614
83.8423 236.341
83.8447 235.93
83.8483 235.742
83.8568 235.591
83.8592 235.445
83.8616 235.147
83.8688 235.129
83.8712 235.041
84.3013 237.041
84.4708 235.041
85.658 237.041
85.8262 235.041
85.9055 227.531
85.9752 227.963
85.9896 228.389
86.0016 228.808
86.016 229.22
86.0184 231.22
86.0208 231.316
86.0833 231.573
86.0977 231.945
86.1122 232.312
86.1146 234.289
87.0037 236.289
87.172 234.289
88.3543 236.289
88.5226 234.289
89.5115 233.383
89.7085 235.383
89.878 233.383
90.9486 224.184
91.0615 226.184
91.1385 225
91.1385 224
91.1385 225
91.2694 224
91.3283 224.184
91.5013 223.184
91.5013 224.184
91.6071 226.184
91.6071 40.5083
91.6071 41.5083
91.6095 43.5083
91.6119 45.5083
91.6155 47.5083
91.6179 49.5083
91.6227 51.5083
91.6251 53.5083
91.6275 55.5083
91.6311 57.5083
91.6359 59.5083
91.6383 61.5083
91.6407 63.5083
91.6455 65.5083
91.6479 67.5083
91.6539 69.5083
91.6575 71.5083
91.6623 73.5083
91.6647 75.5083
91.6696 77.5083
91.6732 79.5083
91.6792 81.5083
91.6828 83.5083
91.6864 85.5083
91.6912 87.5083
91.6948 89.5083
91.6972 91.5083
91.7032 93.5083
91.7056 95.5083
91.7104 97.5083
91.7128 99.5083
91.7152 101.508
91.72 103.508
91.7224 105.508
91.7272 107.508
91.7296 109.508
91.7344 111.508
91.7368 113.508
91.7405 115.508
91.7441 117.508
91.7465 119.508
91.7489 121.508
91.7537 123.508
91.7561 125.508
91.7597 127.508
91.7621 129.508
91.7645 131.508
91.7681 133.508
91.7717 135.508
91.7753 137.508
91.7777 139.508
91.7801 141.508
91.7837 143.508
91.7873 145.508
91.7897 147.508
91.7933 149.508
91.7957 151.508
91.7981 153.508
91.8017 155.508
91.8053 157.508
91.8077 159.508
91.8101 161.508
91.8149 163.508
91.8174 165.508
91.8198 167.508
91.8234 169.508
91.827 171.508
91.8294 173.508
91.8318 175.508
91.8342 177.508
91.8378 179.508
91.8402 181.508
91.8426 183.508
91.845 185.508
91.8486 187.508
91.851 189.508
91.8546 191.508
91.8582 193.508
91.8606 195.508
91.863 197.508
91.8654 199.508
91.869 201.508
91.8714 203.508
91.8738 205.508
91.8762 207.508
91.881 209.508
91.8834 211.508
91.887 213.508
91.8894 215.508
91.8919 217.508
91.8943 219.508
91.8967 221.508
91.8991 223.508
91.9015 224.184
92.4157 226.184
92.584 224.184
93.168 212.908
93.7688 214.908
93.8745 216.908
93.8745 4
93.8769 6
93.8769 4
93.8841 6
93.8841 4
93.8865 6
93.8865 4
93.8913 6
93.8913 4
93.8937 6
93.8937 4
93.8973 6
93.8973 4
93.9009 6
93.9009 4
93.9033 6
93.9033 4
93.9057 6
93.9057 4
93.9105 6
93.9105 4
93.9129 6
93.9129 4
93.9153 6
93.9153 4
93.9202 6
93.9202 4
93.9226 6
93.9226 4
93.925 6
93.925 4
93.9274 6
93.9274 4
93.9322 6
93.9322 4
93.9346 6
93.9346 4
93.937 6
93.937 4
93.9394 6
93.9394 4
93.9442 6
93.9442 4
93.9466 6
93.9466 4
93.949 6
93.949 4
93.9514 6
93.9514 4
93.9562 6
93.9562 4
93.9586 6
93.9586 4
93.961 6
93.961 4
93.967 6
93.967 4
93.9694 6
93.9694 4
93.9742 6
93.9742 4
93.9766 6
93.9766 4
93.979 6
93.979 4
93.9826 6
93.9826 4
93.9862 6
93.9862 4
93.9886 6
93.9886 4
93.9922 6
93.9922 4
93.9959 6
93.9959 4
93.9983 6
93.9983 4
94.0031 6
94.0031 4
94.0055 6
94.0055 4
94.0079 6
94.0079 4
94.0103 6
94.0103 4
94.0127 6
94.0127 4
94.0175 6
94.0175 4
94.0199 6
94.0199 4
94.0223 6
94.0223 4
94.0295 6
94.0295 4
94.0319 6
94.0319 4
94.0343 6
94.0343 4
94.0391 6
94.0391 4
94.0439 6
94.0439 4
94.0463 6
94.0463 4
94.0487 6
94.0487 4
94.0535 6
94.0535 4
94.0559 6
94.0559 4
94.0607 6
94.0607 4
94.0631 6
94.0631 4
94.0655 6
94.0655 4
94.0704 6
94.0704 4
94.0728 6
94.0728 4
94.0776 6
94.0776 4
94.08 6
94.08 4
94.0824 6
94.0824 4
94.0872 6
94.0872 4
94.0896 6
94.0896 4
94.0944 6
94.0944 4
94.0968 6
94.0968 4
94.0992 6
94.0992 4
94.104 6
94.104 4
94.1064 6
94.1064 4
94.1112 6
94.1112 4
94.1136 6
94.1136 4
94.1184 6
94.1184 4
94.1208 6
94.1208 4
94.1256 6
94.1256 4
94.1304 6
94.1304 4
94.1328 6
94.1328 4
94.1352 6
94.1352 4
94.1412 6
94.1412 4
94.1437 6
94.1437 4
94.1461 6
94.1461 4
94.1509 6
94.1509 4
94.1533 6
94.1533 4
94.1557 6
94.1557 4
94.1605 6
94.1605 4
94.1629 6
94.1629 4
94.1677 6
94.1677 4
94.1701 6
94.1701 4
94.1725 6
94.1725 4
94.1773 6
94.1773 4
94.1797 6
94.1797 4
94.1845 6
94.1845 4
94.1869 6
94.1869 4
94.1893 6
94.1893 4
94.1941 6
94.1941 4
94.1965 6
94.1965 4
94.1989 6
94.1989 4
94.2037 6
94.2037 4
94.2061 6
94.2061 4
94.2109 6
94.2109 4
94.2133 6
94.2133 4
94.2157 6
94.2157 4
94.2206 6
94.2206 4
94.223 6
94.223 4
94.2254 6
94.2254 4
94.2302 6
94.2302 4
94.3323 6
94.3323 4
94.3395 6
94.3395 4
94.4428 226.184
94.4428 228.184
94.4501 230.184
94.5534 232.184
94.5594 234.184
94.563 236.184
94.5678 238.184
94.5738 236.66
94.5798 226.454
94.5846 217.677
94.5918 210.619
94.5967 204.752
94.6015 199.928
94.6087 196.173
94.6135 193.197
94.6183 190.902
94.6255 189.515
94.6303 188.455
94.6351 187.838
94.7577 189.838
94.9067 187.838
95.9352 185.182
95.9569 187.182
96.1059 185.182
96.2669 171.925
97.1513 173.925
97.3015 171.925
97.8097 171.602
98.3444 173.602
98.4946 171.602
99.5364 173.602
99.6842 171.602
99.7335 164.279
