0.100158 10
0.202811 11
0.207617 13
0.212424 15
0.21723 17
0.222037 19
0.304305 21
0.309111 23
0.311514 25
0.316321 27
0.318724 29
0.322329 31
0.324732 33
0.328337 35
0.33074 37
0.405799 39
0.408202 41
0.411807 43
0.41421 45
0.416613 47
0.419016 49
0.422621 51
0.425024 53
0.428629 55
0.431032 57
0.434637 59
0.43704 61
0.440645 63
0.443048 65
0.446653 67
0.449056 69
0.451459 71
0.453863 73
0.507292 75
0.509696 77
0.5133 79
0.515704 81
0.52051 83
0.522913 85
0.525316 87
0.52772 89
0.530123 91
0.532526 93
0.534929 95
0.537332 97
0.540937 99
0.54334 101
0.546945 103
0.549348 105
0.554155 107
0.556558 109
0.558961 111
0.561364 113
0.564969 115
0.567372 117
0.570977 119
0.57338 121
0.578187 123
0.58059 125
0.582993 127
0.585396 129
0.589001 131
0.591404 133
0.595009 135
0.597412 137
0.601017 139
0.604622 141
0.607025 143
0.609428 145
0.646678 147
0.649081 149
0.653888 151
0.656291 153
0.661097 155
0.664702 157
0.668307 159
0.67071 161
0.67792 163
0.680323 165
0.683928 167
0.686331 169
0.691137 171
0.69354 173
0.698347 175
0.70075 177
0.704355 179
0.70796 181
0.711564 183
0.713968 185
0.718774 187
0.721177 189
0.725984 191
0.728387 193
0.733193 195
0.735596 197
0.740403 199
0.742806 201
0.748814 203
0.751217 205
0.756024 207
0.758427 209
0.763233 211
0.766838 213
0.770443 215
0.772846 217
0.775249 219
0.777652 221
0.780056 223
0.782459 225
0.786064 227
0.789668 229
0.793273 231
0.796878 233
0.799281 235
0.801684 237
0.804088 239
0.806491 241
0.811297 243
0.814902 245
0.818507 247
0.82091 249
0.823313 251
0.825716 253
0.82812 255
0.830523 257
0.834128 259
0.837732 261
0.841337 263
0.844942 265
0.847345 267
0.849748 269
0.852152 271
0.854555 273
0.85816 275
0.861764 277
0.866571 279
0.868974 281
0.871377 283
0.87378 285
0.876184 287
0.878587 289
0.915836 291
0.91824 293
0.923046 295
0.925449 297
0.932659 299
0.936264 301
0.939868 303
0.943473 305
0.950683 307
0.995142 308
1.02879 309
1.06123 310
1.09728 311
1.12492 310
1.12613 309.387
1.12733 309.08
1.13095 307.773
1.13215 307.467
1.13335 305.16
1.13455 304.854
1.13816 302.547
1.13936 302.24
1.14296 299
1.14416 298
1.14536 295
1.14657 291
1.14777 290
1.14897 289
1.15017 287
1.15137 286
1.15257 283
1.15378 282
1.15498 279
1.15618 278
1.15738 275
1.15858 274
1.16219 271
1.16339 270
1.16459 267
1.16579 263
1.1694 262.323
1.1706 261
1.1718 259
1.173 255
1.1742 254
1.1754 253
1.17661 251
1.17781 250
1.17901 247
1.18021 246.019
1.18141 243
1.18261 242
1.18622 239
1.18742 238
1.19103 235
1.19223 234
1.19343 231
1.19463 227
1.19583 226
1.19703 225.407
1.19824 223
1.19944 222
1.20064 219
1.20184 218
1.20304 216
1.20544 214
1.21025 212
1.21265 210
1.21386 207
1.21986 206
1.22107 203
1.22467 202
1.22707 200
1.22948 198
1.23428 196
1.23669 194
1.23789 191
1.2439 190
1.2463 188
1.2487 186
1.25111 184
1.25351 182
1.29196 180
1.29436 178
1.29797 175
1.30037 173
1.30758 171
1.30998 169
1.31239 167
1.3184 166
1.3196 163
1.32801 162
1.33522 160
1.34363 159
1.37487 158
1.40852 157
1.47941 156
1.50104 202
1.50584 203
1.50705 202
1.51065 203
1.51185 202
1.52507 203
1.52627 202
1.52747 203
1.52868 202
1.53228 203
1.53348 202
1.53468 203
1.53588 202
1.53949 203
1.54069 202
1.54189 203
1.54309 202
1.5443 203
1.5455 202
1.5467 203
1.5479 202
1.5491 203
1.5503 202
1.55151 203
1.55271 202
1.55631 203
1.55751 202
1.55872 203
1.55992 202
1.56352 203
1.56472 202
1.56592 203
1.56713 202
1.56833 203
1.56953 202
1.57073 203
1.57193 202
1.57313 203
1.57434 202
1.57554 203
1.57674 202
1.61399 203
1.61519 202
1.61639 203
1.62 202
1.6212 203
1.6224 202
1.6236 203
1.62961 202
1.63081 203
1.63201 202
1.63321 203
1.63442 202
1.63802 203
1.63922 202
1.64042 203
1.64163 202
1.64763 203
1.64884 202
1.65004 203
1.65124 202
1.65725 203
1.65845 202
1.65965 203
1.66566 202
1.66686 203
1.66806 202
1.66926 203
1.67287 202
1.67407 203
1.67527 202
1.67647 203
1.68248 202
1.68368 203
1.68488 202
1.68608 203
1.69209 202
1.69329 203
1.6945 202
1.6957 203
1.6969 202
1.6981 203
1.6993 202
1.7005 203
1.70171 202
1.70291 203
1.70411 202
1.70531 203
1.71132 202
1.71252 203
1.71372 202
1.71492 203
1.71612 202
1.71733 203
1.71853 202
1.71973 203
1.72574 202
1.72694 203
1.72814 202
1.72934 203
1.73054 202
1.73175 203
1.73295 202
1.73415 203
1.73775 202
1.73896 203
1.74016 202
1.74135 203
1.74495 202
1.80142 217
1.80142 218
1.83266 219
1.87832 220
1.90116 219
1.90237 217.387
1.90357 217.081
1.90717 216.775
1.90837 216.469
1.90957 216.162
1.91078 215.856
1.91438 215.55
1.91558 215.244
1.91678 214.937
1.91799 214.631
1.91919 214.325
1.92039 214.019
1.92159 213
1.92279 212
1.92399 211
1.9252 210
1.9264 209
1.9276 208
1.9312 207
1.93241 206
1.93361 205
1.93481 204
1.93841 203
1.93961 202
1.94082 201
1.94202 200
1.94322 199
1.94442 198
1.94562 197
1.94682 196
1.94803 195
1.94923 194
1.95043 193
1.95163 192
1.98888 191
1.99008 190
1.99128 189
1.99249 188
1.99609 187
1.99729 186
1.99849 185
1.99969 184
2.0057 183
2.0069 182
2.00811 181
2.00931 180
2.01291 179
2.01411 178
2.01532 177
2.01652 176
2.02253 175
2.02373 174.084
2.02493 173
2.02613 172
2.03214 171
2.03334 170
2.03454 169
2.03574 168
2.04175 167
2.04295 166
2.04415 165
2.04536 164
2.04896 163
2.05016 162
2.05136 161
2.05257 160
2.05857 159
2.05977 158
2.06098 157
2.06218 156
2.06819 155
2.06939 154
2.18355 150
2.18475 141
2.18595 139
2.21239 138
2.22801 137
2.27727 154
2.48873 155
2.49113 156
2.57645 157
2.67017 158
2.72785 159
2.79274 160
2.85402 161
2.93813 162
3.00302 163
3.05949 164
3.11476 165
3.18686 166
3.25655 167
3.32264 168
3.37671 169
3.4404 170
3.52811 171
3.60742 172
3.67471 173
3.73839 174
3.82851 175
3.91984 176
3.99914 177
4.10368 178
4.21663 179
4.30675 180
4.42451 181
4.55188 182
4.69006 183
4.84627 184
5.03252 185
5.28125 186
5.57444 187
8.1002 188
8.45347 189
8.6998 190
8.89686 191
9.06389 192
9.20808 193
9.34146 194
9.45681 195
9.56615 196
9.66589 197
9.76202 198
9.85093 199
9.93505 200
10.0144 201
10.0901 202
10.233 203
10.3003 204
10.4253 205
10.507 206
10.5887 207
10.6584 208
10.7161 209
10.7786 210
10.8411 211
10.9083 212
10.9684 213
11.0285 214
11.0886 215
11.1403 216
11.1919 217
11.2448 218
11.2977 219
11.3445 220
11.3878 221
11.4322 222
11.4791 223
11.5236 224
11.5692 225
11.6101 226
11.6533 227
11.6966 228
11.7398 229
11.7795 230
11.8168 231
11.854 232
11.8876 233
11.9249 234
11.9609 235
11.9958 236
12.027 237
12.0583 238
12.0943 239
12.1268 240
12.1628 241
12.1989 242
12.2277 243
12.2613 244
12.2938 245
12.3274 246
12.3599 247
12.3887 248
12.4188 249
12.4488 250
12.4788 251
12.5089 252
12.5401 253
12.569 254
12.5966 255
12.6266 256
12.6531 257
12.6843 258
12.7107 259
12.7384 260
12.7648 261
12.7925 262
12.8189 263
12.8465 264
12.8597 263
12.8609 262.384
12.8634 262.075
12.8646 261.767
12.8658 261.459
12.867 261.151
12.8694 260.843
12.8706 260.534
12.8718 260.226
12.873 259.918
12.8754 259.609
12.8766 258
12.8778 257
12.879 256
12.8814 255
12.8826 254
12.8838 253
12.885 252
12.8862 251
12.8874 250
12.8886 248
12.8898 247.517
12.8922 246
12.8934 245
12.8958 244
12.897 243
12.8982 242
12.8994 241
12.9018 240
12.903 239
12.9042 238
12.9054 237
12.9078 236.425
12.909 235
12.9102 234
12.9114 233
12.9138 232
12.915 231
12.9162 230
12.9174 229
12.9186 228
12.921 227
12.9222 226
12.9234 225.334
12.9246 224
12.927 223
12.9282 222
12.9294 221
12.9307 220
12.9319 219
12.9331 218
12.9343 217
12.9367 216
12.9379 215
12.9391 214.242
12.9415 213
12.9427 212
12.9439 211
12.9451 210
12.9475 209
12.9487 208
12.9499 206
12.9511 205
12.9535 204
12.9547 203
12.9559 202.15
12.9571 201
12.9595 200
12.9607 199
12.9619 198
12.9631 197
12.9655 196
12.9667 195
12.9679 194
12.9691 193
12.9715 192
12.9727 191.058
12.9739 190
12.9763 189
12.9775 187
12.9787 186
12.9811 185
12.9823 184
13.0076 183
13.01 182
13.034 181
13.0676 180
13.0917 179
13.1457 178
13.1758 177
13.1998 176
13.2359 184
13.4882 185
13.4906 186
13.4942 187
13.5314 188
13.5939 189
13.6456 190
13.6888 191
13.7297 192
13.7754 193
13.809 194
13.8402 195
13.8787 196
13.9171 197
13.9556 198
13.9844 199
14.0205 200
14.0553 201
14.0914 202
14.125 203
14.1599 204
14.1959 205
14.232 206
14.268 207
14.3041 208
14.3341 209
14.3653 210
14.4002 211
14.4326 212
14.4699 213
14.5035 214
14.542 215
14.5768 216
14.6153 217
14.6525 218
14.6886 219
14.727 220
14.7631 221
14.8015 222
14.8424 223
14.8844 224
14.9217 225
14.9661 226
15.0106 227
15.0551 228
15.0983 229
15.1428 230
15.1872 231
15.2317 232
15.2798 233
15.323 234
15.3783 235
15.4216 236
15.4756 237
15.5261 238
15.5814 239
15.6342 240
15.6895 241
15.7496 242
15.8061 243
15.8697 244
15.8878 243
15.889 242.383
15.8914 242.073
15.8926 241.765
15.8938 241.456
15.895 241.146
15.8974 240.838
15.8986 240.529
15.901 240.22
15.9022 239.911
15.9034 239.602
15.9046 239.293
15.907 237
15.9082 236
15.9106 235
15.9118 234
15.913 233
15.9142 232
15.9166 231
15.9178 230
15.9202 229
15.9214 228
15.9226 227
15.9238 226.259
15.9262 225
15.9274 224
15.9298 223
15.931 222
15.9322 221
15.9334 220
15.9359 219
15.9371 218
15.9395 217
15.9407 216
15.9419 215
15.9431 214.224
15.9455 213
15.9467 212
15.9491 211
15.9503 210
15.9515 209
15.9527 208
15.9551 207
15.9563 206
15.9575 205
15.9599 204
15.9611 203
15.9623 202.19
15.9647 200
15.9659 199
15.9683 198
15.9695 197
15.9707 196
15.9719 195
15.9743 194
15.9755 193
15.9779 192
15.9791 191
15.9803 190
15.9815 189.156
15.9839 188
15.9851 187
15.9863 186
15.9875 185
15.9887 184
15.9899 183
15.9923 182
15.9935 181
15.9947 180
15.9959 179
15.9983 178
15.9995 177.122
16.0019 176
16.0031 175
16.0044 174
16.0068 173
16.008 172
16.0092 171
16.0104 170
16.0212 169
16.0752 168
16.1798 167
16.187 166
16.199 165
16.2218 164
16.2423 163
16.2519 162
16.2603 161
16.2639 170
16.5438 171
16.5475 172
16.6135 173
16.7013 174
16.7565 175
16.8238 176
16.8959 177
16.9464 178
17.0005 179
17.0533 180
17.1122 181
17.1735 182
17.2336 183
17.2924 184
17.3501 185
17.4138 186
17.4799 187
17.5472 188
17.6121 189
17.6926 190
17.7683 191
17.8488 192
17.9281 193
18.0074 194
18.0879 195
18.1672 196
18.2537 197
18.3631 198
18.4808 199
18.595 200
18.6983 201
18.8137 202
18.9783 203
19.1477 204
19.3243 205
19.6115 206
19.8603 207
20.7519 206
20.7531 205.378
20.7555 205.067
20.7567 204.756
20.7591 204.445
20.7603 204.134
20.7627 203.823
20.7639 203.512
20.7663 203.201
20.7675 202.89
20.7699 202.579
20.7711 202.268
20.7735 201.957
20.7747 201.646
20.7771 200
20.7783 199
20.7807 198
20.7819 197
20.7843 196
20.7867 195
20.7879 194
20.7903 192
20.7915 191
20.7927 190
20.7939 189
20.7963 188
20.7975 187
20.7999 186.491
20.8011 185
20.8035 184
20.8047 183
20.8059 182
20.8071 181
20.8095 180
20.8107 179
20.8131 178
20.8143 177
20.8155 176
20.8168 175
20.8192 174
20.8204 173
20.8228 172.336
20.824 171
20.8252 170
20.8264 169
20.8288 168
20.83 167
20.8324 166
20.8336 165
20.8348 164
20.836 163
20.8384 162
20.8396 161
20.842 160
20.8432 159
20.8456 158.181
20.8468 157
20.848 156
20.8492 155
20.8516 154
20.8528 153
20.8552 152
20.8564 151
20.8576 150
20.8588 149
20.8612 148
20.8624 147
20.8648 146
20.866 145
20.8672 144
21.1424 145
21.146 146
21.1496 147
21.1532 148
21.1604 149
21.1916 150
21.2457 151
21.3346 152
21.4043 153
21.4488 154
21.5016 155
21.5485 156
21.5954 157
21.6422 158
21.6867 159
21.7251 160
21.7648 161
21.8045 162
21.8477 163
21.8874 164
21.9294 165
21.9691 166
22.0111 167
22.0508 168
22.094 169
22.1373 170
22.1793 171
22.2262 172
22.2731 173
22.3151 174
22.3692 175
22.4197 176
22.4737 177
22.5242 178
22.5771 179
22.6263 180
22.6852 181
22.7429 182
22.803 183
22.8607 184
22.9183 185
22.9688 186
23.0241 187
23.0842 188
23.149 189
23.2139 190
23.2848 191
23.3533 192
23.4254 193
23.5095 194
23.5996 195
23.6898 196
23.7811 197
23.8712 198
23.9769 199
24.0887 200
24.2149 201
24.3386 202
24.472 201
24.4732 200.383
24.4756 200.074
24.4768 199.765
24.4792 199.456
24.4804 199.147
24.4828 198.838
24.484 198.53
24.4864 198.221
24.4888 197.912
24.4912 197.604
24.4924 197.294
24.4948 196.985
24.496 196.677
24.4984 195
24.4996 194
24.5021 193
24.5033 192
24.5057 191
24.5069 190
24.5093 189
24.5105 188
24.5141 187
24.5153 186
24.5177 185
24.5189 184
24.5213 183
24.5225 182.312
24.5249 182.003
24.5261 181
24.5285 180
24.5297 179
24.5321 178
24.5333 177
24.5357 176
24.5369 175
24.5393 174
24.5405 173
24.5429 172
24.5441 171
24.5465 170
24.5477 169
24.5501 168
24.5513 167
24.5537 166
24.5549 165
24.5573 164
24.5585 163
24.5621 162
24.5633 161
24.5657 160
24.5669 159
24.5693 158
24.5705 157
24.5729 156
24.5741 155
24.5765 154
24.5778 153
24.5814 152
24.5826 151
24.585 150
24.5862 149
24.5886 148
24.5898 147
24.591 146
24.5934 145
24.5946 144
24.597 143
24.5982 142
24.5994 141
24.7207 140
24.8469 141
25.0331 142
25.0368 143
25.0788 144
25.1305 145
25.2362 146
25.3203 147
25.408 148
25.4621 149
25.5294 150
25.5991 151
25.67 152
25.7373 153
25.8082 154
25.8815 155
25.962 156
26.0437 157
26.1242 158
26.2251 159
26.3273 160
26.4006 161
26.5051 162
26.6084 163
26.7118 164
26.8319 165
26.987 166
27.1552 167
27.3066 168
27.4712 169
27.7944 170
27.9747 171
29.2688 170
29.27 169.376
29.2736 169.064
29.2748 168.752
29.2784 168.44
29.2796 168.128
29.282 167.816
29.2832 167.503
29.2856 167.191
29.2868 166.879
29.2892 166.567
29.2904 166.255
29.2928 165.943
29.294 165.631
29.2964 165.318
29.2976 165.006
29.3 164.694
29.3012 163
29.3036 162
29.3048 161
29.3072 160
29.3085 159
29.3121 158
29.3133 157
29.3145 156
29.3157 155
29.3181 154
29.3193 153
29.3229 152
29.3241 151
29.3265 150
29.3277 149
29.3301 148
29.3313 147.547
29.3337 146
29.3349 145
29.3373 144
29.3385 143
29.3409 142
29.3421 141
29.3445 140
29.3457 139
29.3481 138
29.3493 137
29.3517 136
29.3529 135
29.3553 134
29.3565 133
29.3589 132
29.3601 131
29.3637 130.4
29.3649 129
29.3673 128
29.3685 127
29.3709 126
29.3721 125
29.3745 124
29.3757 123
29.3781 122
29.3793 121
29.3817 120
29.3842 119
29.6064 120
29.6136 121
29.6185 122
29.6233 123
29.6653 124
29.6761 125
29.711 126
29.7458 127
29.8107 128
29.896 129
29.9729 130
30.0186 131
30.0871 132
30.1436 133
30.1928 134
30.2457 135
30.3058 136
30.3586 137
30.4043 138
30.4536 139
30.504 140
30.5545 141
30.6014 142
30.6578 143
30.7131 144
30.76 145
30.8225 146
30.8837 147
30.9474 148
31.0075 149
31.076 150
31.1457 151
31.219 152
31.2887 153
31.3524 154
31.41 155
31.4701 156
31.5506 157
31.6383 158
31.7225 159
31.8018 160
31.8883 161
31.9784 162
32.0986 163
32.2163 164
32.3365 165
32.4626 166
32.6189 167
32.7739 168
32.9613 169
33.1536 168
33.1572 167.381
33.1584 166.07
33.162 164.76
33.1668 164.451
33.168 164.141
33.1716 162.831
33.1728 162.521
33.1764 162.211
33.1776 161.901
33.18 161.591
33.1812 161.281
33.1848 160.971
33.186 160.661
33.1896 160.352
33.1908 160.041
33.1944 159.731
33.1956 158
33.1992 157
33.2004 156
33.2041 155
33.2053 154
33.2077 153
33.2089 152
33.2101 151
33.2113 150
33.2149 149
33.2161 148
33.2197 147
33.2209 146
33.2233 145
33.2245 144
33.2281 143
33.2293 142.483
33.2329 141
33.2341 140
33.2377 139
33.2389 138
33.2425 137
33.2437 136
33.2473 135
33.2485 134
33.2521 133
33.2557 132
33.2569 131
33.2605 129
33.2617 128
33.2641 127
33.2653 126
33.2689 125
33.2701 124.235
33.2737 123.925
33.2749 122
33.2786 121
33.2798 120
33.2834 119
33.2846 118
33.2978 117
33.3062 116
33.3242 115
33.341 114
33.3458 113
33.3603 112
33.3771 111
33.5117 118
33.6594 119
33.6642 120
33.7796 121
33.8841 122
33.9634 123
34.0211 124
34.1124 125
34.1821 126
34.2506 127
34.3383 128
34.414 129
34.509 130
34.6003 131
34.7036 132
34.8022 133
34.9019 134
35.004 135
35.1122 136
35.2287 137
35.3741 138
35.4883 139
35.6517 140
35.8187 141
36.1516 142
36.4988 143
37.2222 142
37.2234 141.38
37.2258 141.069
37.2306 140.759
37.2318 140.449
37.2366 139.138
37.2402 138.828
37.2414 138.517
37.245 137.207
37.2462 136.897
37.251 136.586
37.2546 136.276
37.2558 135.966
37.2595 134.655
37.2607 134.345
37.2643 134.035
37.2655 133.724
37.2691 133.414
37.2703 133.104
37.2751 132.794
37.2763 131
37.2787 130
37.2799 129
37.2835 128
37.2847 127
37.2871 126
37.2883 125
37.2919 124
37.2931 123
37.2967 122
37.2979 121
37.3003 120
37.3015 119
37.3051 118
37.3063 117
37.3087 116
37.3099 115
37.3135 114
37.3147 113
37.3183 112.459
37.3195 111
37.3219 110
37.3231 109
37.3267 108
37.3279 107
37.3315 106
37.3328 105
37.3352 104
37.3364 103
37.34 102
37.3412 101
37.3448 100
37.5887 101
37.5935 102
37.5995 103
37.6451 104
37.6499 105
37.7088 106
37.8062 107
37.8915 108
37.9359 109
37.9816 110
38.0453 111
38.1234 112
38.1726 113
38.2159 114
38.2772 115
38.3361 116
38.3949 117
38.4526 118
38.5019 119
38.5656 120
38.6269 121
38.6917 122
38.7566 123
38.8263 124
38.8876 125
38.9729 126
39.0558 127
39.1303 128
39.2108 129
39.2877 130
39.3634 131
39.4487 132
39.5341 133
39.6446 134
39.7636 135
39.8861 136
40.0003 137
40.1289 138
40.2899 139
40.4377 140
40.6359 139
40.6371 138.381
40.6419 138.07
40.6431 137.761
40.6467 137.451
40.6492 137.141
40.6528 136.831
40.654 136.521
40.6588 136.211
40.66 135.902
40.6648 135.592
40.666 135.282
40.6708 134.972
40.672 134.662
40.6756 133.352
40.6768 133.043
40.6816 132.733
40.6828 132.423
40.6876 132.113
40.6888 131.803
40.6936 130
40.6948 129
40.6984 128
40.6996 127
40.7044 126
40.7056 125
40.7104 124
40.7116 123
40.7152 122
40.7189 121
40.7201 120
40.7249 118
40.7261 117
40.7309 116
40.7321 115
40.7357 114
40.7369 113
40.7417 112
40.7429 111
40.7465 110.18
40.7513 109.87
40.7525 108
40.7561 106
40.7585 105
40.7621 104
40.7633 103
40.7681 102
40.7693 101
40.7741 100
40.7753 99
40.7801 98
40.8907 97
40.8955 96
40.9159 95
40.9171 94
40.9219 93
40.94 92
40.9556 91
41.012 98
41.2499 99
41.2535 100
41.3965 101
41.4855 102
41.5636 103
41.626 104
41.7162 105
41.8027 106
41.8832 107
41.9769 108
42.0718 109
42.1848 110
42.3013 111
42.4119 112
42.5657 113
42.7231 114
42.9033 115
43.0596 116
43.2194 117
43.5414 118
43.7216 119
44.7574 118
44.7622 116.372
44.7634 116.058
44.7682 115.744
44.7694 115.43
44.7755 115.116
44.7815 114.802
44.7827 114.488
44.7863 113.174
44.7875 112.86
44.7911 112.546
44.7971 112.232
44.7983 111.918
44.8043 110.604
44.8055 110.289
44.8115 109.976
44.8163 109.662
44.8223 109.347
44.8283 108.033
44.8295 106.72
44.8343 105.405
44.8355 105.091
44.8415 104.777
44.8476 104.463
44.8524 103
44.8584 101
44.8596 99
44.8632 97
44.8644 96
44.868 95
44.8692 94
44.8728 93
44.874 92
44.8788 91
44.88 90
44.8836 89
44.8848 88
44.8884 87
44.8896 86
44.8944 85
44.8956 84
44.8992 83
45.208 84
45.2128 85
45.2188 86
45.2369 87
45.2837 88
45.3258 89
45.4207 90
45.4688 91
45.5312 92
45.6286 93
45.7247 94
45.7872 95
45.8485 96
45.929 97
45.9999 98
46.066 99
46.1393 100
46.2198 101
46.2979 102
46.37 103
46.4553 104
46.5598 105
46.6475 106
46.7292 107
46.8001 108
46.883 109
46.9936 110
47.0885 111
47.1967 112
47.3228 113
47.4382 114
47.6244 115
47.8047 116
47.9969 117
48.1928 115
48.194 114.362
48.2 114.042
48.2012 113.723
48.206 113.404
48.2072 113.084
48.2132 112.765
48.2144 112.445
48.2204 112.126
48.2216 111.807
48.2264 111.488
48.2313 111.169
48.2325 110.849
48.2373 109.53
48.2385 109.211
48.2433 108.891
48.2445 108.572
48.2493 108.253
48.2505 107.933
48.2565 107.614
48.2577 107.294
48.2637 106.975
48.2649 106.656
48.2697 106.336
48.2709 106.017
48.2769 105
48.2781 104
48.2841 103
48.2853 102
48.2913 101
48.2925 100
48.2985 99
48.2997 98
48.3034 97
48.3094 96
48.3106 95
48.3154 93
48.3166 92
48.3214 91
48.3226 90
48.3274 89
48.3286 88
48.3346 87
48.3358 86
48.343 85
48.3442 84
48.3502 83
48.3514 82
48.3574 81
48.3947 80
48.4019 79
48.4079 78
48.4139 77
48.4211 76
48.4259 75
48.4319 74
48.4331 73
48.4391 72
48.4596 71
48.4656 70
48.4908 69
48.5389 68
48.5449 67
48.5521 66
48.5569 65
48.5617 64
48.5629 63
48.5677 81
48.5761 80
48.599 81
48.8837 82
48.8993 83
49.0712 84
49.1517 85
49.2346 86
49.3932 87
49.4665 88
49.5206 89
49.6575 90
49.7489 91
49.8738 92
50.0216 93
50.1238 94
50.3689 95
50.423 94
50.4278 92.3612
50.429 92.0414
50.4338 91.7217
50.435 91.4026
50.4386 91.0829
50.4398 90.7631
50.4446 90.4434
50.4458 90.1243
50.4494 89.8046
50.4506 89.4848
50.4542 89.1651
50.4566 88.846
50.4602 88.5262
50.4614 88.2065
50.465 87.8867
50.4662 87.5677
50.471 87.2479
50.4722 86.9282
50.4758 86.6084
50.477 86.2887
50.4819 85.9696
50.4831 85.6499
50.4867 85.3301
50.4879 85.0104
50.4927 84.6913
50.4939 84.3715
50.4975 84.0518
50.4987 83.732
50.4999 83.413
50.5023 83.0932
50.5047 82
50.5095 81
50.5107 80
50.5179 79
50.5191 78
50.5275 77
50.5287 76
50.5443 75
50.5455 74
50.5515 73
50.5527 72
50.5612 71
50.5624 70
50.5648 69
50.566 68
50.5732 67
50.5744 66
50.7738 67
50.7834 68
50.9372 69
51.0814 70
51.2016 71
51.3194 72
51.4515 73
51.5825 74
51.7291 75
51.8661 76
52.0103 77
52.1154 78
52.2361 79
52.5887 80
55.3067 81
55.6624 82
55.9051 83
56.1022 84
56.268 85
56.417 86
56.5468 87
56.6597 88
56.7739 89
56.8712 90
56.9685 91
57.0563 92
57.138 93
57.2185 94
57.293 95
57.3675 96
57.5069 97
57.5681 98
57.6799 99
57.7724 100
57.8625 101
57.9406 102
58.0199 103
58.068 104
58.1221 105
58.1906 106
58.2555 107
58.2987 108
58.3564 109
58.4045 110
58.4597 111
58.509 112
58.5535 113
58.6051 114
58.6484 115
58.6965 116
58.7325 117
58.7818 118
58.819 119
58.8527 120
58.8983 121
58.9344 122
58.9788 123
59.0149 124
59.0533 125
59.0894 126
59.129 127
59.1651 128
59.1999 129
59.2336 130
59.2636 131
59.296 132
59.3405 133
59.3705 134
59.4018 135
59.4378 136
59.4727 137
59.5039 138
59.5304 139
59.5616 140
59.5916 141
59.6193 142
59.6457 143
59.6782 144
59.6974 145
59.7274 146
59.7587 147
59.7923 148
59.8272 149
59.85 150
59.8776 151
59.9029 152
59.9305 153
59.9545 154
59.9774 155
60.0026 156
60.029 157
60.0495 158
60.0759 159
60.0999 160
60.1348 161
60.1612 162
60.1912 163
60.2117 164
60.2357 165
60.2597 166
60.2886 167
60.3102 168
60.3282 169
60.3511 170
60.3679 171
60.3919 172
60.4111 173
60.4304 174
60.452 175
60.476 176
60.5097 177
60.5313 178
60.5577 179
60.5818 180
60.5986 181
60.6226 182
60.6431 181
60.6443 180.381
60.6467 180.071
60.6479 179.761
60.6527 179.452
60.6539 179.142
60.6587 178.832
60.6599 178.522
60.6635 178.212
60.6647 177.903
60.6659 177.593
60.6671 177.283
60.6707 175.973
60.6719 175.664
60.6755 175.354
60.6767 175.044
60.6803 174
60.6815 173
60.6851 172
60.6863 171
60.6899 170
60.6911 169
60.6923 167
60.6935 166
60.6947 165
60.6959 164
60.6995 163
60.7007 162
60.7043 161
60.7055 160
60.7068 159
60.7104 156
60.7116 155
60.7152 154
60.7164 153
60.72 152
60.7212 151
60.7248 150
60.726 149
60.7272 148
60.7308 147
60.732 146
60.7344 145
60.7356 144
60.7404 143
60.7416 142
60.7428 141
60.744 140
60.7476 139
60.7488 138
60.7536 136
60.7548 135
60.7596 134
60.7608 133
60.762 132
60.7632 131
60.7668 130
60.768 129
60.7692 128
60.7704 127
60.774 126
60.7933 125
60.7993 124
60.8365 123
60.8521 122
60.8942 121
60.9206 120
60.9423 119
60.9615 118
60.9855 117
60.9975 116
61.0096 115
61.0192 127
61.3231 128
61.3268 129
61.3568 130
61.4421 131
61.5094 132
61.5707 133
61.6199 134
61.656 135
61.6824 136
61.7293 137
61.7858 138
61.8326 139
61.8855 140
61.9312 141
61.9696 142
62.0081 143
62.0585 144
62.1234 145
62.1703 146
62.2171 147
62.2616 148
62.3049 149
62.3457 150
62.3794 151
62.4406 152
62.4947 153
62.5536 154
62.6017 155
62.6473 156
62.6954 157
62.7362 158
62.7675 159
62.8035 160
62.842 161
62.89 162
62.9417 163
62.9898 164
63.0402 165
63.1051 166
63.1964 167
63.2794 168
63.3575 169
63.4644 170
63.5593 171
63.6723 172
63.7768 173
63.9066 174
63.927 173
63.9282 172.375
63.9318 172.063
63.9342 171.75
63.9354 171.438
63.9391 170.125
63.9403 169.813
63.9439 168.5
63.9451 168.188
63.9487 167.875
63.9499 167.563
63.9523 167.25
63.9535 166.938
63.9559 166.625
63.9571 166.313
63.9619 166
63.9631 165
63.9655 164
63.9667 163
63.9703 162
63.9715 161
63.9739 160
63.9751 159
63.9787 158
63.9799 157
63.9835 156
63.9847 155
63.9871 154
63.9883 153
63.9919 152
63.9931 151
63.9955 150
63.9991 149.049
64.0003 148
64.0027 146
64.0039 145
64.0075 144
64.0087 143
64.0124 142
64.0136 141
64.0172 140
64.0184 139
64.0208 138
64.022 137
64.0256 136
64.0268 135
64.0304 134
64.034 133
64.0352 132
64.0388 130.097
64.04 129
64.0436 128
64.0472 127
64.0484 126
64.0508 124
64.052 123
64.0556 121
64.0784 120
64.1517 119
64.1614 118
64.2214 117
64.2395 116
64.3019 121
64.5723 122
64.5999 123
64.7297 124
64.8102 125
64.8751 126
64.9376 127
65.0036 128
65.0769 129
65.1478 130
65.2235 131
65.3053 132
65.3858 133
65.4783 134
65.5684 135
65.6705 136
65.7739 137
65.894 138
66.0154 139
66.1416 140
66.2629 141
66.3891 142
66.4251 141
66.4276 140.375
66.4324 140.063
66.4336 139.75
66.4384 139.438
66.4444 139.125
66.4492 138.813
66.4504 137.5
66.454 136.188
66.4552 135.875
66.46 135.563
66.4612 135.25
66.466 134.938
66.4708 134.625
66.472 134.313
66.4768 133
66.478 132.688
66.4828 132.375
66.4888 132.063
66.4937 131.75
66.4949 129
66.4997 127
66.5009 126
66.5057 125
66.5105 124
66.5117 123
66.5165 121
66.5177 120
66.5225 119
66.5285 118
66.5333 116
66.5381 114
66.5393 112
66.5429 110
66.5441 109
66.5489 108
66.5549 107
66.5597 106
66.5609 104
66.5633 102.275
66.5694 101.963
66.5706 100
66.5754 99
66.5874 98
66.591 97
66.6138 96
66.6318 95
66.6354 94
66.6487 91
66.6655 90
66.6691 89
66.7844 99
66.9635 100
67.0175 101
67.1245 102
67.2302 103
67.2843 104
67.3456 105
67.4657 106
67.5426 107
67.6219 108
67.7397 109
67.831 110
67.9235 111
68.0473 112
68.1434 113
68.2888 114
68.445 115
68.6205 116
68.7827 117
68.9593 118
69.2549 119
69.4988 120
70.2583 119
70.2595 118.377
70.2655 118.066
70.2667 117.754
70.2715 117.443
70.2727 117.131
70.2787 116.82
70.2859 116.508
70.2919 116.197
70.2979 114.885
70.2991 113.574
70.3039 112.262
70.3051 111.951
70.3099 111.64
70.3111 111.328
70.3171 111.017
70.3183 110.705
70.3244 110.394
70.3316 110.082
70.3376 109.771
70.3436 108.459
70.3496 107.148
70.3508 105.836
70.3556 104.525
70.3568 103
70.3628 102
70.364 101
70.37 100
70.376 99
70.382 98
70.388 96
70.394 94
70.4001 92
70.4013 90
70.4061 88
70.4073 87
70.4121 86
70.4133 85
70.4193 84
70.4361 83
70.4493 82
70.4673 81
70.4734 80
70.4794 79
70.4806 78
70.4866 77
70.6139 84
70.7821 85
70.7882 86
70.7942 87
70.8134 88
70.8795 89
71.0249 90
71.0934 91
71.1198 92
71.1691 93
71.2748 94
71.3397 95
71.3865 96
71.4466 97
71.5428 98
71.6028 99
71.6629 100
71.7326 101
71.8215 102
71.8924 103
71.9513 104
72.0222 105
72.1171 106
72.2253 107
72.3154 108
72.3851 107
72.3863 105.364
72.3899 104.046
72.3911 103.728
72.3959 103.41
72.3971 103.091
72.3983 102.773
72.4019 102.455
72.4043 102.137
72.4091 101.818
72.4103 101.5
72.4151 101.182
72.4163 100.864
72.4199 100.546
72.4211 100.228
72.426 99.9095
72.4272 99.5912
72.432 99.2728
72.4332 98.9551
72.438 98.6367
72.4392 98.3184
72.444 98
72.4452 97.6823
72.45 97.364
72.4512 97.0456
72.456 96.7279
72.4584 96.4095
72.4632 95
72.4644 94
72.4704 93
72.4716 92
72.4764 91
72.4776 90
72.4788 89
72.4884 88
72.4896 87
72.4944 86
72.4956 85
72.5017 84
72.5029 83
72.5053 82
72.5077 81
72.5125 80
72.5137 79
72.5197 78
72.5209 77
72.5245 76
72.5257 75
72.7371 76
72.742 77
72.8885 78
73.0279 79
73.1193 80
73.2358 81
73.3307 82
73.4677 83
73.5554 84
73.6936 85
73.8342 86
73.9916 87
74.1634 88
74.3509 89
74.6056 90
74.9253 91
76.032 90
76.0404 88.355
76.0476 87.0325
76.0488 85.7099
76.0548 84.3874
76.056 84.0649
76.0608 83.7424
76.062 83.4199
76.068 83.0974
76.0692 82.7749
76.074 82.4517
76.0752 82.1291
76.08 81.8066
76.0812 81.4841
76.0872 81.1616
76.0884 80.8391
76.0944 80.5166
76.0956 80.1941
76.1004 79.8715
76.1016 79.549
76.1065 79.2258
76.1089 78.9033
76.1137 78.5808
76.1149 78.2583
76.1197 77.9358
76.1209 77.6133
76.1245 77.2907
76.1257 76.9682
76.1317 76.6457
76.1329 76.3232
76.1377 76
76.1389 75.6775
76.1449 74
76.1461 73
76.1509 72
76.1521 71
76.1593 70
76.1605 69
76.1653 68
76.1665 67
76.1725 66
76.1737 65
76.1798 64
76.181 63
76.3864 64
76.3972 65
76.4056 66
76.4417 67
76.4994 68
76.551 69
76.6135 70
76.7265 71
76.7901 72
76.9199 73
76.986 74
77.0833 75
77.1735 76
77.254 77
77.3537 78
77.4498 79
77.5399 80
77.6589 81
77.7863 82
77.8788 83
77.9809 84
78.0915 85
78.2537 86
78.3618 87
78.5337 88
78.7067 89
79.0504 90
79.2462 91
79.5526 90
79.5611 88.355
79.5695 87.0325
79.5779 85.7099
79.5851 84.3874
79.5923 83.0649
79.6007 81.7424
79.6091 80.4199
79.6139 79.0974
79.6223 77.7749
79.6307 76.4517
79.6392 75.1291
79.6476 72.8066
79.656 71.4841
79.6644 70.1616
79.6704 68.8391
79.6788 67.5166
79.6872 66.1941
79.6932 64.8715
79.6944 63
79.7004 62
79.8843 63
80.0417 64
80.0489 65
80.0897 66
80.2063 67
80.3096 68
80.3361 69
80.407 70
80.5283 71
80.5728 72
80.6485 73
80.729 74
80.8023 75
80.8732 76
80.9477 77
81.051 78
81.1459 79
81.2084 80
81.3658 81
81.4704 82
81.5389 83
81.6434 84
81.7948 85
81.9126 86
82.082 87
82.267 86
82.2682 85.3488
82.2755 85.0228
82.2815 84.6968
82.2827 84.3709
82.2875 83.0456
82.2887 82.7196
82.2947 82.3936
82.2959 82.0677
82.3031 80.7417
82.3091 80.4157
82.3103 80.0905
82.3139 78.7645
82.3235 78.4385
82.3247 78.1126
82.3343 76.7866
82.3356 76.4613
82.3428 76.1354
82.344 75.8094
82.3512 75.4834
82.3536 75.1575
82.3632 74.8315
82.3644 74.5062
82.3716 74.1802
82.3728 73.8543
82.3824 73.5283
82.3836 73.2023
82.392 72.8771
82.3932 72.5511
82.4016 70.2251
82.4028 69.8992
82.4125 69.5732
82.4137 69.2472
82.4233 68.922
82.4245 67
82.4341 66
82.4353 65
82.4485 64
82.4497 63
82.4557 62
82.4581 61
82.4689 60
82.4821 59
82.5795 58
82.6432 60
82.9315 61
82.9387 62
83.113 63
83.2512 61
83.2536 60.3543
83.262 60.0311
83.2644 59.7079
83.2716 59.3847
83.2968 59.0622
83.2992 58.739
83.3052 54.4157
83.3064 54.0925
83.3112 53.7693
83.3136 53.4468
83.3148 53.1236
83.3221 52.8004
83.3233 52.4772
83.3281 52.154
83.3293 51.8308
83.3365 51.5083
83.3377 51.1851
83.3437 50.8619
83.3449 50.5387
83.3521 50.2155
83.3533 49.893
83.3581 49.5698
83.3593 49.2465
83.3605 48.9233
83.3617 48.6001
83.3629 48.2769
83.3641 47.9544
83.3653 47.6312
83.3665 47.308
83.3677 46.9848
83.3689 46.6616
83.3701 46.3391
83.3713 46.0159
83.3725 45.6927
83.3737 44
83.5407 45
83.5996 46
83.7714 47
83.9481 48
84.0911 49
84.3134 50
84.4227 51
84.7135 52
84.9839 53
87.6298 54
87.9891 55
88.227 56
88.418 57
88.5959 58
88.7352 59
88.8626 60
88.9816 61
89.0981 62
89.1943 63
89.2832 64
89.3877 65
89.5439 66
89.6112 67
89.7218 68
89.8611 69
89.9513 70
90.015 71
90.1159 72
90.1976 73
90.2601 74
90.3142 75
90.3802 76
90.4559 77
90.5184 78
90.5833 79
90.623 80
90.665 81
90.7155 82
90.7587 83
90.8296 84
90.8765 85
90.9282 86
90.9774 87
91.0075 88
91.0567 87
91.0579 86.3557
91.0652 86.0338
91.0664 85.7113
91.0748 85.3895
91.076 85.067
91.0808 84.7445
91.082 84.4227
91.0892 84.1001
91.0904 83.7783
91.0916 83.4558
91.1012 83.134
91.1024 82.8115
91.112 82.489
91.1132 82.1671
91.1216 81.8446
91.1228 81.5228
91.1252 81.2003
91.1264 80.8785
91.1337 80.5559
91.1349 80.2334
91.1481 79.9116
91.1493 79.5891
91.1625 78.2673
91.1637 77.9448
91.1697 77.6222
91.1709 77.3004
91.1841 76.9779
91.1853 76.6561
91.1973 76.3336
91.1985 76.0117
91.2034 75.6892
91.2046 75.3667
91.2058 74
91.2166 73
91.2178 72
91.231 71
91.2322 70
91.2382 69
91.2394 68
91.2502 67
91.2514 66
91.2526 65
91.2634 64
91.2646 63
91.267 62
91.2791 61
91.2887 60
91.4244 61
91.6203 62
91.6299 63
91.6984 64
91.8005 65
91.9207 66
91.9471 67
91.9868 68
92.1322 69
92.173 70
92.2115 71
92.31 72
92.4073 73
92.4734 74
92.5708 75
92.6741 76
92.7702 77
92.8387 78
92.9889 79
93.0706 80
93.174 81
93.3302 82
93.4383 83
93.6161 84
93.7808 85
93.9658 86
94.2362 87
94.3107 88
96.9506 89
97.3063 90
97.5514 91
97.7472 92
97.9143 93
98.0621 94
98.1918 95
98.3072 96
98.4213 97
98.5163 98
98.6112 99
98.6989 100
98.7866 101
98.8635 102
98.9452 103
99.0125 104
99.176 105
99.2769 106
99.391 107
99.48 108
99.5581 109
99.6217 110
99.6878 111
99.7659 112
99.8128 113
99.8597 114
99.9197 115
99.9762 116
