0 0
0.1 0
0.2 0
0.3 0
0.4 0
0.5 0
0.6 25
0.7 90
0.8 128
0.9 127
1 127
1.1 128
1.2 90
1.3 84
1.4 83
1.5 83
1.6 128
1.7 128
1.8 127
1.9 128
2 97
2.1 44
2.2 31
2.3 40
2.4 22
2.5 49
2.6 48
2.7 52
2.8 54
2.9 54
3 58
3.1 59
3.2 61
3.3 60
3.4 64
3.5 64
3.6 65
3.7 68
3.8 68
3.9 70
4 72
4.1 56
4.2 51
4.3 59
4.4 57
4.5 59
4.6 59
4.7 61
4.8 61
4.9 63
5 58
5.1 53
5.2 57
5.3 60
5.4 58
5.5 59
5.6 61
5.7 60
5.8 63
5.9 60
6 58
6.1 59
6.2 60
6.3 59
6.4 60
6.5 60
6.6 59
6.7 63
6.8 56
6.9 56
7 58
7.1 58
7.2 55
7.3 56
7.4 49
7.5 47
7.6 50
7.7 46
7.8 44
7.9 47
8 48
8.1 47
8.2 49
8.3 46
8.4 46
8.5 50
8.6 44
8.7 41
8.8 49
8.9 49
9 49
9.1 51
9.2 50
9.3 52
9.4 56
9.5 51
9.6 50
9.7 57
9.8 57
9.9 55
10 58
10.1 58
10.2 40
10.3 32
10.4 23
10.5 23
10.6 26
10.7 35
10.8 50
10.9 66
11 71
11.1 76
11.2 81
11.3 86
11.4 94
11.5 100
11.6 97
11.7 91
11.8 90
11.9 97
12 104
12.1 112
12.2 114
12.3 121
12.4 124
12.5 129
12.6 128
12.7 127
12.8 129
12.9 112
13 54
13.1 53
13.2 55
13.3 50
13.4 50
13.5 57
13.6 53
13.7 60
13.8 64
13.9 78
14 79
14.1 73
14.2 74
14.3 79
14.4 86
14.5 93
14.6 96
14.7 101
14.8 105
14.9 109
15 111
15.1 115
15.2 120
15.3 121
15.4 125
15.5 128
15.6 128
15.7 129
15.8 128
15.9 127
16 75
16.1 64
16.2 58
16.3 47
16.4 40
16.5 34
16.6 37
16.7 38
16.8 52
16.9 54
17 58
17.1 62
17.2 65
17.3 68
17.4 71
17.5 73
17.6 74
17.7 77
17.8 78
17.9 82
18 83
18.1 91
18.2 101
18.3 99
18.4 93
18.5 83
18.6 83
18.7 92
18.8 100
18.9 101
19 103
19.1 107
19.2 109
19.3 110
19.4 111
19.5 112
19.6 114
19.7 114
19.8 114
19.9 114
20 116
20.1 117
20.2 120
20.3 126
20.4 127
20.5 122
20.6 113
20.7 102
20.8 88
20.9 46
21 51
21.1 53
21.2 30
21.3 32
21.4 35
21.5 44
21.6 45
21.7 51
21.8 55
21.9 59
22 63
22.1 66
22.2 70
22.3 73
22.4 82
22.5 92
22.6 99
22.7 94
22.8 85
22.9 80
23 87
23.1 97
23.2 104
23.3 108
23.4 110
23.5 113
23.6 116
23.7 120
23.8 123
23.9 125
24 126
24.1 128
24.2 127
24.3 127
24.4 127
24.5 125
24.6 79
24.7 76
24.8 70
24.9 49
25 41
25.1 47
25.2 33
25.3 28
25.4 32
25.5 47
25.6 47
25.7 51
25.8 57
25.9 60
26 62
26.1 65
26.2 67
26.3 69
26.4 71
26.5 73
26.6 80
26.7 90
26.8 99
26.9 91
27 78
27.1 72
27.2 78
27.3 85
27.4 91
27.5 93
27.6 95
27.7 99
27.8 101
27.9 100
28 103
28.1 104
28.2 106
28.3 106
28.4 106
28.5 106
28.6 108
28.7 113
28.8 120
28.9 126
29 121
29.1 108
29.2 99
29.3 92
29.4 46
29.5 46
29.6 46
29.7 16
29.8 25
29.9 29
30 40
30.1 43
30.2 49
30.3 53
30.4 56
30.5 60
30.6 64
30.7 67
30.8 80
30.9 92
31 99
31.1 89
31.2 80
31.3 77
31.4 83
31.5 93
31.6 97
31.7 101
31.8 105
31.9 111
32 112
32.1 115
32.2 119
32.3 121
32.4 124
32.5 124
32.6 127
32.7 128
32.8 128
32.9 128
33 128
33.1 120
33.2 102
33.3 54
33.4 52
33.5 60
33.6 51
33.7 40
33.8 14
33.9 11
34 33
34.1 36
34.2 39
34.3 52
34.4 53
34.5 57
34.6 62
34.7 62
34.8 70
34.9 86
35 96
35.1 86
35.2 73
35.3 70
35.4 75
35.5 85
35.6 86
35.7 90
35.8 94
35.9 98
36 99
36.1 102
36.2 104
36.3 104
36.4 106
36.5 106
36.6 109
36.7 114
36.8 125
36.9 128
37 116
37.1 103
37.2 94
37.3 81
37.4 66
37.5 71
37.6 70
37.7 20
37.8 17
37.9 19
38 39
38.1 41
38.2 49
38.3 56
38.4 57
38.5 67
38.6 72
38.7 87
38.8 103
38.9 103
39 88
39.1 79
39.2 82
39.3 92
39.4 98
39.5 102
39.6 106
39.7 112
39.8 117
39.9 119
40 123
40.1 126
40.2 129
40.3 127
40.4 129
40.5 126
40.6 128
40.7 120
40.8 84
40.9 71
41 57
41.1 50
41.2 54
41.3 42
41.4 0
41.5 7
41.6 31
41.7 31
41.8 36
41.9 49
42 50
42.1 59
42.2 62
42.3 63
42.4 69
42.5 86
42.6 102
42.7 98
42.8 84
42.9 73
43 75
43.1 84
43.2 87
43.3 90
43.4 96
43.5 100
43.6 100
43.7 101
43.8 106
43.9 108
44 110
44.1 111
44.2 111
44.3 118
44.4 129
44.5 126
44.6 114
44.7 97
44.8 88
44.9 68
45 73
45.1 78
45.2 42
45.3 11
45.4 15
45.5 29
45.6 36
45.7 39
45.8 54
45.9 56
46 60
46.1 70
46.2 87
46.3 103
46.4 107
46.5 94
46.6 83
46.7 85
46.8 93
46.9 99
47 103
47.1 108
47.2 112
47.3 112
47.4 118
47.5 123
47.6 125
47.7 127
47.8 126
47.9 128
48 128
48.1 128
48.2 127
48.3 101
48.4 67
48.5 58
48.6 72
48.7 65
48.8 62
48.9 80
49 108
49.1 113
49.2 63
49.3 30
49.4 26
49.5 56
49.6 59
49.7 58
49.8 87
49.9 99
50 115
50.1 127
50.2 112
50.3 98
50.4 100
50.5 104
50.6 90
50.7 90
50.8 95
50.9 61
51 8
51.1 14
51.2 20
51.3 31
51.4 36
51.5 46
51.6 52
51.7 57
51.8 12
51.9 0
52 0
52.1 0
52.2 0
52.3 0
52.4 0
52.5 0
52.6 18
52.7 40
52.8 58
52.9 53
53 54
53.1 58
53.2 69
53.3 70
53.4 71
53.5 72
53.6 64
53.7 65
53.8 66
53.9 67
54 56
54.1 51
54.2 53
54.3 57
54.4 64
54.5 66
54.6 66
54.7 64
54.8 65
54.9 67
55 68
55.1 59
55.2 48
55.3 52
55.4 54
55.5 57
55.6 57
55.7 57
55.8 57
55.9 57
56 59
56.1 61
56.2 63
56.3 50
56.4 46
56.5 49
56.6 56
56.7 62
56.8 65
56.9 66
57 68
57.1 69
57.2 71
57.3 74
57.4 65
57.5 60
57.6 65
57.7 74
57.8 77
57.9 77
58 79
58.1 82
58.2 82
58.3 84
58.4 86
58.5 81
58.6 76
58.7 81
58.8 91
58.9 94
59 97
59.1 98
59.2 103
59.3 104
59.4 98
59.5 104
59.6 106
59.7 104
59.8 108
59.9 113
60 117
60.1 122
60.2 125
60.3 127
60.4 129
60.5 128
60.6 128
60.7 115
60.8 78
60.9 74
61 77
61.1 80
61.2 92
61.3 92
61.4 53
61.5 45
61.6 51
61.7 88
61.8 100
61.9 100
62 102
62.1 90
62.2 92
62.3 97
62.4 97
62.5 51
62.6 10
62.7 0
62.8 0
62.9 0
63 17
63.1 61
63.2 81
63.3 99
63.4 118
63.5 128
63.6 127
63.7 128
63.8 128
63.9 128
64 109
64.1 81
64.2 86
64.3 102
64.4 96
64.5 89
64.6 76
64.7 37
64.8 35
64.9 47
65 66
65.1 74
65.2 80
65.3 93
65.4 97
65.5 104
65.6 110
65.7 114
65.8 117
65.9 122
66 124
66.1 128
66.2 129
66.3 126
66.4 116
66.5 95
66.6 63
66.7 65
66.8 83
66.9 68
67 45
67.1 14
67.2 11
67.3 35
67.4 47
67.5 45
67.6 63
67.7 64
67.8 70
67.9 80
68 86
68.1 102
68.2 123
68.3 114
68.4 98
68.5 92
68.6 92
68.7 101
68.8 105
68.9 107
69 112
69.1 113
69.2 115
69.3 117
69.4 123
69.5 123
69.6 124
69.7 127
69.8 129
69.9 127
70 129
70.1 128
70.2 120
70.3 101
70.4 72
70.5 62
70.6 72
70.7 75
70.8 65
70.9 16
71 10
71.1 8
71.2 42
71.3 37
71.4 59
71.5 65
71.6 66
71.7 80
71.8 88
71.9 105
72 129
72.1 120
72.2 103
72.3 98
72.4 99
72.5 82
72.6 73
72.7 75
72.8 34
72.9 6
73 8
73.1 21
73.2 26
73.3 34
73.4 41
73.5 41
73.6 47
73.7 65
73.8 78
73.9 86
74 69
74.1 53
74.2 61
74.3 66
74.4 69
74.5 74
74.6 79
74.7 83
74.8 86
74.9 89
75 93
75.1 94
75.2 97
75.3 99
75.4 98
75.5 108
75.6 126
75.7 125
75.8 111
75.9 93
76 91
76.1 85
76.2 68
76.3 69
76.4 56
76.5 0
76.6 0
76.7 8
76.8 22
76.9 21
77 39
77.1 41
77.2 47
77.3 57
77.4 77
77.5 99
77.6 87
77.7 72
77.8 70
77.9 77
78 81
78.1 85
78.2 89
78.3 94
78.4 96
78.5 99
78.6 106
78.7 107
78.8 110
78.9 113
79 117
79.1 121
79.2 129
79.3 129
79.4 117
79.5 101
79.6 86
79.7 75
79.8 84
79.9 90
80 74
80.1 17
80.2 6
80.3 2
80.4 32
80.5 31
80.6 53
80.7 59
80.8 59
80.9 80
81 101
81.1 119
81.2 123
81.3 108
81.4 99
81.5 104
81.6 116
81.7 122
81.8 121
81.9 129
82 128
82.1 126
82.2 127
82.3 126
82.4 119
82.5 108
82.6 109
82.7 115
82.8 125
82.9 128
83 119
83.1 52
83.2 9
83.3 2
83.4 0
83.5 0
83.6 0
83.7 0
83.8 0
83.9 0
84 0
84.1 2
84.2 15
84.3 14
84.4 41
84.5 54
84.6 41
84.7 39
84.8 39
84.9 46
85 53
85.1 55
85.2 59
85.3 63
85.4 66
85.5 70
85.6 72
85.7 79
85.8 100
85.9 93
86 74
86.1 71
86.2 74
86.3 78
86.4 79
86.5 81
86.6 83
86.7 85
86.8 84
86.9 88
87 88
87.1 102
87.2 98
87.3 82
87.4 74
87.5 72
87.6 78
87.7 80
87.8 80
87.9 84
88 89
88.1 88
88.2 92
88.3 96
88.4 101
88.5 106
88.6 95
88.7 81
88.8 80
88.9 85
89 95
89.1 93
89.2 100
89.3 108
89.4 108
89.5 110
89.6 114
89.7 114
89.8 116
89.9 114
90 107
90.1 100
90.2 101
90.3 111
90.4 122
90.5 125
90.6 125
90.7 126
90.8 127
90.9 128
91 119
91.1 119
91.2 114
91.3 91
91.4 86
91.5 86
91.6 78
91.7 29
91.8 0
91.9 0
92 26
92.1 25
92.2 43
92.3 53
92.4 51
92.5 84
92.6 102
92.7 90
92.8 90
92.9 92
93 94
93.1 107
93.2 107
93.3 103
93.4 107
93.5 109
93.6 107
93.7 109
93.8 112
93.9 101
94 41
94.1 0
94.2 0
94.3 0
94.4 0
94.5 0
94.6 0
94.7 7
94.8 31
94.9 64
95 65
95.1 61
95.2 66
95.3 79
95.4 86
95.5 90
95.6 90
95.7 88
95.8 89
95.9 89
96 89
96.1 90
96.2 77
96.3 72
96.4 71
96.5 72
96.6 72
96.7 71
96.8 73
96.9 73
97 73
97.1 72
97.2 77
97.3 76
97.4 61
97.5 57
97.6 59
97.7 67
97.8 70
97.9 72
98 78
98.1 79
98.2 80
98.3 80
98.4 84
98.5 84
98.6 72
98.7 70
98.8 76
98.9 84
99 88
99.1 89
99.2 89
99.3 90
99.4 92
99.5 94
99.6 96
99.7 94
99.8 81
99.9 83
100 88
