0.1 0.00448
0.2 0.0208
0.3 0.02912
0.4 0.02496
0.5 0.06656
0.6 0.0832
0.7 0.05824
0.8 0.03744
0.9 0.09568
1 0.0624
1.1 0.04992
1.2 0.03328
1.3 0.10816
1.4 0.05408
1.5 0.0624
1.6 0.09568
1.7 0.06656
1.8 0.03744
1.9 0.0416
2 0.10816
2.1 0.05408
2.2 0.02912
2.3 0.1248
2.4 0.03328
2.5 0.0208
2.6 0.07488
2.7 0.0624
2.8 0.03744
2.9 0.07488
3 0.0624
3.1 0.03744
3.2 0.07488
3.3 0.05824
3.4 0.03744
3.5 0.07488
3.6 0.05408
3.7 0.03744
3.8 0.07072
3.9 0.05408
4 0.03744
4.1 0.07072
4.2 0.05408
4.3 0.03328
4.4 0.04992
4.5 0.04576
4.6 0.03744
4.7 0.04992
4.8 0.04992
4.9 0.03328
5 0.04992
5.1 0.04992
5.2 0.03744
5.3 0.03328
5.4 0.04992
5.5 0.03744
5.6 0.03744
5.7 0.04992
5.8 0.03328
5.9 0.03744
6 0.05408
6.1 0.03328
6.2 0.03744
6.3 0.05408
6.4 0.02912
6.5 0.03744
6.6 0.05408
6.7 0.02912
6.8 0.0416
6.9 0.05824
7 0.0208
7.1 0.0416
7.2 0.05408
7.3 0.0208
7.4 0.0416
7.5 0.05824
7.6 0.01664
7.7 0.03328
7.8 0.04992
7.9 0.01248
8 0.0416
8.1 0.04576
8.2 0.01248
8.3 0.0416
8.4 0.04576
8.5 0.01248
8.6 0.0416
8.7 0.04576
8.8 0.00832
8.9 0.03744
9 0.03744
9.1 0.0208
9.2 0.03744
9.3 0.03744
9.4 0.0208
9.5 0.03744
9.6 0.0416
9.7 0.01664
9.8 0.03744
9.9 0.03744
10 0.01664
10.1 0.03744
10.2 0.03744
10.3 0.01248
10.4 0.01664
10.5 0
10.6 0.00832
10.7 0
10.8 0
10.9 0.0208
11 0.02496
11.1 0.02912
11.2 0.02912
11.3 0.03328
11.4 0.02912
11.5 0.03328
11.6 0.03744
11.7 0.0416
11.8 0.03328
11.9 0.02496
12 0.02912
12.1 0.03328
12.2 0.03328
12.3 0.03328
12.4 0.03328
12.5 0.03328
12.6 0.03744
12.7 0.03328
12.8 0.03328
12.9 0.0624
13 0.09792
13.1 0.08672
13.2 0.11552
13.3 0.1824
13.4 0.09632
13.5 0.0688
13.6 0.03744
13.7 0.03744
13.8 0.02912
13.9 0.04576
14 0.0416
14.1 0.0416
14.2 0.04576
14.3 0.03744
14.4 0.02912
14.5 0.0416
14.6 0.0416
14.7 0.03744
14.8 0.0416
14.9 0.0416
15 0.0416
15.1 0.0416
15.2 0.0416
15.3 0.0416
15.4 0.0416
15.5 0.0416
15.6 0.0416
15.7 0.04576
15.8 0.0416
15.9 0.0416
16 0.07904
16.1 0.0992
16.2 0.13056
16.3 0.23232
16.4 0.07616
16.5 0.03744
16.6 0.05408
16.7 0.02496
16.8 0.04576
16.9 0.04992
17 0.03744
17.1 0.04992
17.2 0.04576
17.3 0.04576
17.4 0.04992
17.5 0.04576
17.6 0.04992
17.7 0.04576
17.8 0.04992
17.9 0.04576
18 0.04992
18.1 0.04576
18.2 0.04992
18.3 0.05408
18.4 0.05408
18.5 0.05824
18.6 0.04576
18.7 0.0416
18.8 0.04576
18.9 0.04992
19 0.04992
19.1 0.04992
19.2 0.05408
19.3 0.05408
19.4 0.05408
19.5 0.04992
19.6 0.05824
19.7 0.04992
19.8 0.05408
19.9 0.05408
20 0.05408
20.1 0.05408
20.2 0.05408
20.3 0.05408
20.4 0.05408
20.5 0.05824
20.6 0.06656
20.7 0.10304
20.8 0.14592
20.9 0.13984
21 0.14592
21.1 0.168
21.2 0.05408
21.3 0.05824
21.4 0.04576
21.5 0.05824
21.6 0.05824
21.7 0.05408
21.8 0.05824
21.9 0.05408
22 0.05824
22.1 0.05408
22.2 0.05824
22.3 0.05824
22.4 0.05408
22.5 0.05824
22.6 0.05824
22.7 0.06656
22.8 0.06656
22.9 0.0624
23 0.04992
23.1 0.04992
23.2 0.05824
23.3 0.05824
23.4 0.05824
23.5 0.0624
23.6 0.05824
23.7 0.06656
23.8 0.05824
23.9 0.0624
24 0.0624
24.1 0.0624
24.2 0.0624
24.3 0.0624
24.4 0.06656
24.5 0.07328
24.6 0.15328
24.7 0.18848
24.8 0.18848
24.9 0.32192
25 0.1488
25.1 0.12
25.2 0.07968
25.3 0.06656
25.4 0.04992
25.5 0.05408
25.6 0.0624
25.7 0.05408
25.8 0.06656
25.9 0.06656
26 0.05824
26.1 0.06656
26.2 0.0624
26.3 0.06656
26.4 0.0624
26.5 0.06656
26.6 0.06656
26.7 0.0624
26.8 0.07072
26.9 0.07072
27 0.07488
27.1 0.07072
27.2 0.05824
27.3 0.05824
27.4 0.07072
27.5 0.06656
27.6 0.0624
27.7 0.07072
27.8 0.07072
27.9 0.07072
28 0.06656
28.1 0.07072
28.2 0.07488
28.3 0.07072
28.4 0.07072
28.5 0.07072
28.6 0.07072
28.7 0.07488
28.8 0.07072
28.9 0.07072
29 0.07904
29.1 0.07904
29.2 0.0832
29.3 0.13248
29.4 0.1488
29.5 0.168
29.6 0.16032
29.7 0.07904
29.8 0.07488
29.9 0.05824
30 0.07072
30.1 0.07488
30.2 0.07072
30.3 0.07488
30.4 0.07488
30.5 0.07488
30.6 0.07488
30.7 0.07488
30.8 0.07488
30.9 0.07904
31 0.07488
31.1 0.08736
31.2 0.0832
31.3 0.07904
31.4 0.06656
31.5 0.07072
31.6 0.0832
31.7 0.07072
31.8 0.07904
31.9 0.07904
32 0.07904
32.1 0.07904
32.2 0.07904
32.3 0.07904
32.4 0.07904
32.5 0.07904
32.6 0.0832
32.7 0.07904
32.8 0.0832
32.9 0.07904
33 0.13824
33.1 0.20704
33.2 0.24224
33.3 0.26752
33.4 0.22496
33.5 0.25536
33.6 0.31648
33.7 0.10016
33.8 0.0832
33.9 0.09152
34 0.03328
34.1 0.09152
34.2 0.06656
34.3 0.07488
34.4 0.08736
34.5 0.07488
34.6 0.0832
34.7 0.0832
34.8 0.07904
34.9 0.0832
35 0.0832
35.1 0.09152
35.2 0.09152
35.3 0.09152
35.4 0.07072
35.5 0.07904
35.6 0.09152
35.7 0.07904
35.8 0.0832
35.9 0.09152
36 0.0832
36.1 0.08736
36.2 0.08736
36.3 0.08736
36.4 0.09152
36.5 0.08736
36.6 0.08736
36.7 0.09152
36.8 0.08736
36.9 0.09152
37 0.09152
37.1 0.09984
37.2 0.1792
37.3 0.23104
37.4 0.2432
37.5 0.26752
37.6 0.25632
37.7 0.08736
37.8 0.09568
37.9 0.06656
38 0.09152
38.1 0.09568
38.2 0.07488
38.3 0.09568
38.4 0.09152
38.5 0.08736
38.6 0.09568
38.7 0.09152
38.8 0.08736
38.9 0.09984
39 0.104
39.1 0.09984
39.2 0.08736
39.3 0.08736
39.4 0.09568
39.5 0.09152
39.6 0.09152
39.7 0.09568
39.8 0.09568
39.9 0.09568
40 0.09152
40.1 0.09984
40.2 0.09568
40.3 0.09984
40.4 0.09568
40.5 0.09568
40.6 0.18784
40.7 0.26656
40.8 0.2736
40.9 0.32832
41 0.29792
41.1 0.37088
41.2 0.27968
41.3 0.10432
41.4 0.11648
41.5 0.09568
41.6 0.0624
41.7 0.09984
41.8 0.07072
41.9 0.104
42 0.09568
42.1 0.09152
42.2 0.09568
42.3 0.09568
42.4 0.09568
42.5 0.09984
42.6 0.09568
42.7 0.09984
42.8 0.11232
42.9 0.10816
43 0.09152
43.1 0.09152
43.2 0.104
43.3 0.09568
43.4 0.09568
43.5 0.104
43.6 0.104
43.7 0.09984
43.8 0.09984
43.9 0.10816
44 0.09984
44.1 0.09984
44.2 0.104
44.3 0.104
44.4 0.104
44.5 0.10816
44.6 0.104
44.7 0.11648
44.8 0.32576
44.9 0.27968
45 0.28576
45.1 0.3376
45.2 0.1344
45.3 0.10816
45.4 0.11648
45.5 0.07072
45.6 0.10816
45.7 0.09152
45.8 0.104
45.9 0.11232
46 0.09568
46.1 0.10816
46.2 0.11232
46.3 0.09984
46.4 0.10816
46.5 0.12064
46.6 0.11232
46.7 0.104
46.8 0.104
46.9 0.10816
47 0.10816
47.1 0.09984
47.2 0.11232
47.3 0.10816
47.4 0.10816
47.5 0.10816
47.6 0.11232
47.7 0.10816
47.8 0.10816
47.9 0.10816
48 0.11232
48.1 0.18912
48.2 0.2848
48.3 0.3344
48.4 0.38304
48.5 0.3648
48.6 0.37696
48.7 0.38304
48.8 0.32544
48.9 0.10528
49 0.12896
49.1 0.12064
49.2 0.104
49.3 0.14976
49.4 0.12064
49.5 0.06656
49.6 0.13312
49.7 0.09568
49.8 0.104
49.9 0.12896
50 0.10816
50.1 0.09984
50.2 0.14144
50.3 0.13312
50.4 0.10816
50.5 0.19456
50.6 0.2832
50.7 0.2832
50.8 0.2784
50.9 0.16
51 0.1248
51.1 0.1248
51.2 0.09984
51.3 0.12064
51.4 0.11648
51.5 0.11648
51.6 0.12064
51.7 0.11232
51.8 0.1248
51.9 0.12064
52 0.0624
52.1 0.00832
52.2 0.00832
52.3 0.03744
52.4 0.07488
52.5 0.09568
52.6 0.09568
52.7 0.10816
52.8 0.10816
52.9 0.11232
53 0.12896
53.1 0.104
53.2 0.11648
53.3 0.1248
53.4 0.11232
53.5 0.12064
53.6 0.1248
53.7 0.11232
53.8 0.11648
53.9 0.12064
54 0.11648
54.1 0.12064
54.2 0.11648
54.3 0.104
54.4 0.1248
54.5 0.11648
54.6 0.11232
54.7 0.12064
54.8 0.12064
54.9 0.11232
55 0.12064
55.1 0.12064
55.2 0.11232
55.3 0.12064
55.4 0.11232
55.5 0.11232
55.6 0.11648
55.7 0.11232
55.8 0.11648
55.9 0.12064
56 0.10816
56.1 0.11648
56.2 0.11648
56.3 0.11232
56.4 0.11648
56.5 0.10816
56.6 0.104
56.7 0.11648
56.8 0.11232
56.9 0.10816
57 0.11232
57.1 0.11648
57.2 0.10816
57.3 0.10816
57.4 0.11232
57.5 0.10816
57.6 0.10816
57.7 0.09984
57.8 0.10816
57.9 0.11232
58 0.104
58.1 0.104
58.2 0.10816
58.3 0.10816
58.4 0.09984
58.5 0.10816
58.6 0.09984
58.7 0.09984
58.8 0.09568
58.9 0.09984
59 0.104
59.1 0.09984
59.2 0.09152
59.3 0.09984
59.4 0.09984
59.5 0.08736
59.6 0.09152
59.7 0.0832
59.8 0.09984
59.9 0.0832
60 0.07904
60.1 0.08736
60.2 0.09152
60.3 0.07904
60.4 0.07488
60.5 0.09568
60.6 0.07904
60.7 0.07904
60.8 0.07488
60.9 0.09568
61 0.16416
61.1 0.2544
61.2 0.2208
61.3 0.12992
61.4 0.10816
61.5 0.09568
61.6 0.07904
61.7 0.05408
61.8 0.09984
61.9 0.0832
62 0.07488
62.1 0.104
62.2 0.09152
62.3 0.06656
62.4 0.08736
62.5 0.09152
62.6 0.07904
62.7 0.0416
62.8 0
62.9 0.00832
63 0
63.1 0.02496
63.2 0.05824
63.3 0.0624
63.4 0.06656
63.5 0.07488
63.6 0.07904
63.7 0.07488
63.8 0.0832
63.9 0.16736
64 0.2432
64.1 0.23712
64.2 0.25536
64.3 0.304
64.4 0.31008
64.5 0.27104
64.6 0.19744
64.7 0.11232
64.8 0.07904
64.9 0.06656
65 0.07904
65.1 0.08736
65.2 0.0832
65.3 0.08736
65.4 0.09568
65.5 0.09152
65.6 0.08736
65.7 0.09568
65.8 0.09568
65.9 0.09152
66 0.09568
66.1 0.09984
66.2 0.09568
66.3 0.09568
66.4 0.09984
66.5 0.32
66.6 0.3344
66.7 0.2736
66.8 0.3344
66.9 0.33952
67 0.09984
67.1 0.09152
67.2 0.1248
67.3 0.0416
67.4 0.11648
67.5 0.07904
67.6 0.08736
67.7 0.11648
67.8 0.08736
67.9 0.09568
68 0.10816
68.1 0.09568
68.2 0.09984
68.3 0.11648
68.4 0.11232
68.5 0.104
68.6 0.09984
68.7 0.09984
68.8 0.104
68.9 0.10816
69 0.09984
69.1 0.104
69.2 0.10816
69.3 0.09984
69.4 0.104
69.5 0.10816
69.6 0.10816
69.7 0.104
69.8 0.104
69.9 0.10816
70 0.10816
70.1 0.10816
70.2 0.21696
70.3 0.35104
70.4 0.35264
70.5 0.32224
70.6 0.31008
70.7 0.41504
70.8 0.18368
70.9 0.09984
71 0.13312
71.1 0.05824
71.2 0.12064
71.3 0.09984
71.4 0.07904
71.5 0.1248
71.6 0.09984
71.7 0.09568
71.8 0.12064
71.9 0.104
72 0.104
72.1 0.12064
72.2 0.11648
72.3 0.11232
72.4 0.21568
72.5 0.2544
72.6 0.2592
72.7 0.21568
72.8 0.14144
72.9 0.11648
73 0.09568
73.1 0.104
73.2 0.11648
73.3 0.09984
73.4 0.11232
73.5 0.10816
73.6 0.104
73.7 0.11648
73.8 0.10816
73.9 0.11648
74 0.1248
74.1 0.12064
74.2 0.104
74.3 0.11232
74.4 0.11232
74.5 0.10816
74.6 0.11648
74.7 0.11648
74.8 0.11232
74.9 0.11648
75 0.11648
75.1 0.11648
75.2 0.11648
75.3 0.11648
75.4 0.11648
75.5 0.12064
75.6 0.11648
75.7 0.12064
75.8 0.1248
75.9 0.1248
76 0.26144
76.1 0.32224
76.2 0.3344
76.3 0.35904
76.4 0.19584
76.5 0.13312
76.6 0.1248
76.7 0.08736
76.8 0.1248
76.9 0.104
77 0.11648
77.1 0.12896
77.2 0.104
77.3 0.12064
77.4 0.11648
77.5 0.11232
77.6 0.12896
77.7 0.12896
77.8 0.12064
77.9 0.11648
78 0.11648
78.1 0.12064
78.2 0.11648
78.3 0.12064
78.4 0.12064
78.5 0.12064
78.6 0.11648
78.7 0.12064
78.8 0.1248
78.9 0.11648
79 0.1248
79.1 0.12064
79.2 0.12064
79.3 0.12064
79.4 0.1248
79.5 0.20352
79.6 0.42656
79.7 0.3648
79.8 0.3344
79.9 0.42656
80 0.20768
80.1 0.1248
80.2 0.13312
80.3 0.08736
80.4 0.1248
80.5 0.13312
80.6 0.09984
80.7 0.13728
80.8 0.11232
80.9 0.11648
81 0.13312
81.1 0.12064
81.2 0.12064
81.3 0.13312
81.4 0.14144
81.5 0.11232
81.6 0.11648
81.7 0.13312
81.8 0.12896
81.9 0.11648
82 0.12896
82.1 0.13728
82.2 0.12064
82.3 0.33248
82.4 0.38304
82.5 0.3952
82.6 0.3648
82.7 0.40736
82.8 0.456
82.9 0.38304
83 0.20448
83.1 0.1456
83.2 0.1776
83.3 0.38304
83.4 0.29792
83.5 0.27456
83.6 0.11232
83.7 0.11648
83.8 0.1248
83.9 0.11232
84 0.13312
84.1 0.1248
84.2 0.12896
84.3 0.12896
84.4 0.12896
84.5 0.13312
84.6 0.14144
84.7 0.13728
84.8 0.1248
84.9 0.13312
85 0.14144
85.1 0.13312
85.2 0.13312
85.3 0.13728
85.4 0.13312
85.5 0.13728
85.6 0.14144
85.7 0.13312
85.8 0.13728
85.9 0.14144
86 0.1456
86.1 0.14144
86.2 0.13312
86.3 0.13312
86.4 0.1456
86.5 0.13728
86.6 0.13728
86.7 0.14144
86.8 0.14144
86.9 0.13312
87 0.1456
87.1 0.13728
87.2 0.14144
87.3 0.14144
87.4 0.1456
87.5 0.13312
87.6 0.13312
87.7 0.1456
87.8 0.14144
87.9 0.12896
88 0.1456
88.1 0.13728
88.2 0.13728
88.3 0.13728
88.4 0.14144
88.5 0.13728
88.6 0.13728
88.7 0.14976
88.8 0.13728
88.9 0.12064
89 0.14144
89.1 0.14144
89.2 0.12896
89.3 0.13312
89.4 0.14144
89.5 0.13312
89.6 0.12896
89.7 0.14144
89.8 0.13728
89.9 0.13312
90 0.12896
90.1 0.13728
90.2 0.13312
90.3 0.12064
90.4 0.13728
90.5 0.13312
90.6 0.12896
90.7 0.12064
90.8 0.13728
90.9 0.13728
91 0.11648
91.1 0.152
91.2 0.3168
91.3 0.3104
91.4 0.32096
91.5 0.35232
91.6 0.26944
91.7 0.11232
91.8 0.13728
91.9 0.10816
92 0.10816
92.1 0.13728
92.2 0.09152
92.3 0.13728
92.4 0.11648
92.5 0.10816
92.6 0.14144
92.7 0.12064
92.8 0.1248
92.9 0.13312
93 0.11648
93.1 0.12064
93.2 0.13312
93.3 0.12896
93.4 0.11648
93.5 0.12064
93.6 0.13728
93.7 0.12064
93.8 0.12064
93.9 0.12896
94 0.1248
94.1 0.11648
94.2 0.104
94.3 0.00832
94.4 0.00416
94.5 0.00416
94.6 0.07488
94.7 0.07904
94.8 0.09568
94.9 0.09984
95 0.10816
95.1 0.12064
95.2 0.10816
95.3 0.104
95.4 0.1248
95.5 0.11232
95.6 0.11648
95.7 0.11648
95.8 0.1248
95.9 0.10816
96 0.12064
96.1 0.1248
96.2 0.10816
96.3 0.11648
96.4 0.1248
96.5 0.104
96.6 0.11232
96.7 0.1248
96.8 0.10816
96.9 0.10816
97 0.12064
97.1 0.11232
97.2 0.11232
97.3 0.11648
97.4 0.11232
97.5 0.11232
97.6 0.10816
97.7 0.10816
97.8 0.11232
97.9 0.10816
98 0.11232
98.1 0.11232
98.2 0.11232
98.3 0.11232
98.4 0.10816
98.5 0.11232
98.6 0.11232
98.7 0.10816
98.8 0.10816
98.9 0.09984
99 0.11232
99.1 0.11232
99.2 0.104
99.3 0.09984
99.4 0.11648
99.5 0.104
99.6 0.10816
99.7 0.104
99.8 0.10816
99.9 0.104
100 0.09984
