0.1 0.00448
0.2 1.20416
0.3 2.16
0.4 4.32
0.5 8.64
0.6 15.36
0.7 9.12
0.8 14.4
0.9 12.96
1 7.08
1.1 7.56
1.2 2.4
1.3 4.92
1.4 6
1.5 7.08
1.6 10.56
1.7 5.04
1.8 6.96
1.9 9.96
2 1.08
2.1 2.16
2.2 7.2
2.3 9.12
2.4 4.56
2.5 8.64
2.6 7.08
2.7 6.12
2.8 7.44
2.9 6.84
3 6.12
3.1 7.68
3.2 6.72
3.3 6.36
3.4 7.68
3.5 6.6
3.6 6.36
3.7 7.92
3.8 6.84
3.9 6.12
4 8.16
4.1 6.72
4.2 6.12
4.3 7.8
4.4 8.28
4.5 6.84
4.6 7.56
4.7 8.04
4.8 6.96
4.9 7.32
5 7.92
5.1 7.32
5.2 6.96
5.3 8.76
5.4 7.44
5.5 6.96
5.6 8.52
5.7 7.44
5.8 6.72
5.9 8.64
6 7.44
6.1 6.72
6.2 8.88
6.3 7.2
6.4 6.96
6.5 8.64
6.6 7.2
6.7 7.2
6.8 8.4
6.9 7.2
7 7.2
7.1 8.64
7.2 7.2
7.3 7.2
7.4 8.64
7.5 7.2
7.6 7.44
7.7 9.36
7.8 7.2
7.9 7.68
8 9.12
8.1 7.2
8.2 8.28
8.3 8.64
8.4 7.44
8.5 8.52
8.6 8.4
8.7 7.56
8.8 8.64
8.9 8.52
9 7.68
9.1 8.76
9.2 8.16
9.3 7.8
9.4 8.76
9.5 8.28
9.6 7.56
9.7 9.24
9.8 8.04
9.9 7.8
10 9
10.1 8.4
10.2 7.44
10.3 9.24
10.4 8.52
10.5 10.2
10.6 10.08
10.7 9.72
10.8 10.08
10.9 9.96
11 8.64
11.1 8.64
11.2 8.4
11.3 8.4
11.4 8.64
11.5 8.4
11.6 7.92
11.7 8.28
11.8 7.92
11.9 8.76
12 8.76
12.1 8.76
12.2 8.28
12.3 8.52
12.4 8.28
12.5 8.28
12.6 8.4
12.7 8.52
12.8 8.4
12.9 5.88
13 1.32
13.1 7.92
13.2 8.16
13.3 7.2
13.4 7.8
13.5 8.16
13.6 8.16
13.7 7.92
13.8 7.92
13.9 8.52
14 7.8
14.1 7.8
14.2 8.04
14.3 7.68
14.4 8.52
14.5 8.28
14.6 8.04
14.7 8.04
14.8 7.92
14.9 7.8
15 7.92
15.1 8.04
15.2 7.68
15.3 7.92
15.4 7.92
15.5 7.68
15.6 7.92
15.7 7.68
15.8 7.8
15.9 7.32
16 0.36
16.1 6.6
16.2 7.44
16.3 6.36
16.4 6.84
16.5 7.92
16.6 7.32
16.7 7.56
16.8 8.88
16.9 7.44
17 7.32
17.1 7.68
17.2 7.68
17.3 7.44
17.4 7.32
17.5 7.44
17.6 7.56
17.7 7.44
17.8 7.32
17.9 7.32
18 7.32
18.1 7.44
18.2 7.32
18.3 7.32
18.4 6.84
18.5 6.84
18.6 7.08
18.7 7.8
18.8 7.44
18.9 7.08
19 7.32
19.1 7.2
19.2 7.08
19.3 6.72
19.4 7.08
19.5 7.2
19.6 6.72
19.7 7.08
19.8 6.72
19.9 7.08
20 6.96
20.1 6.72
20.2 6.96
20.3 6.72
20.4 6.96
20.5 6.96
20.6 6.24
20.7 6.24
20.8 4.68
20.9 2.28
21 7.2
21.1 6.84
21.2 5.64
21.3 6.84
21.4 6.6
21.5 7.68
21.6 7.08
21.7 6.96
21.8 6.96
21.9 7.08
22 6.96
22.1 7.08
22.2 6.96
22.3 6.96
22.4 6.96
22.5 6.96
22.6 6.96
22.7 6.48
22.8 6.36
22.9 6.48
23 6.96
23.1 7.44
23.2 7.08
23.3 6.72
23.4 6.6
23.5 6.84
23.6 6.72
23.7 6.36
23.8 6.6
23.9 6.6
24 6.6
24.1 6.36
24.2 6.48
24.3 6.36
24.4 6.6
24.5 5.52
24.6 0.12
24.7 6.36
24.8 6.24
24.9 4.32
25 5.64
25.1 6.96
25.2 5.88
25.3 6.36
25.4 6.6
25.5 7.92
25.6 6.48
25.7 6.36
25.8 6.84
25.9 6.48
26 6.6
26.1 6.36
26.2 6.36
26.3 6.36
26.4 6.36
26.5 6.36
26.6 6.36
26.7 6.36
26.8 6.36
26.9 6.12
27 5.64
27.1 5.76
27.2 6.6
27.3 6.48
27.4 6.6
27.5 6.12
27.6 6.24
27.7 6
27.8 6.12
27.9 6
28 6.12
28.1 5.76
28.2 6
28.3 5.76
28.4 6
28.5 5.76
28.6 6
28.7 5.76
28.8 5.76
28.9 6
29 5.76
29.1 5.28
29.2 5.28
29.3 4.92
29.4 0.96
29.5 6.24
29.6 5.4
29.7 4.8
29.8 6.24
29.9 6.24
30 6.36
30.1 5.76
30.2 6.24
30.3 5.88
30.4 5.76
30.5 6.24
30.6 5.76
30.7 6
30.8 5.76
30.9 5.76
31 5.88
31.1 5.28
31.2 5.4
31.3 5.28
31.4 6.12
31.5 6.24
31.6 5.64
31.7 5.64
31.8 5.88
31.9 5.76
32 5.4
32.1 5.64
32.2 5.52
32.3 5.4
32.4 5.64
32.5 5.4
32.6 5.28
32.7 5.4
32.8 5.4
32.9 5.52
33 5.4
33.1 5.28
33.2 3.96
33.3 0.48
33.4 5.04
33.5 6
33.6 3.84
33.7 5.16
33.8 5.64
33.9 4.68
34 7.8
34.1 5.16
34.2 5.52
34.3 6.6
34.4 5.16
34.5 5.4
34.6 5.64
34.7 5.16
34.8 5.64
34.9 5.4
35 5.16
35.1 5.16
35.2 4.68
35.3 4.92
35.4 5.64
35.5 5.64
35.6 5.04
35.7 5.4
35.8 5.04
35.9 5.16
36 5.04
36.1 5.04
36.2 5.16
36.3 4.56
36.4 5.04
36.5 5.16
36.6 4.8
36.7 4.8
36.8 4.8
36.9 4.8
37 5.04
37.1 4.32
37.2 4.08
37.3 2.52
37.4 3
37.5 5.04
37.6 4.32
37.7 3.12
37.8 4.68
37.9 4.8
38 6.48
38.1 4.68
38.2 5.52
38.3 5.04
38.4 4.8
38.5 5.16
38.6 4.8
38.7 4.8
38.8 4.92
38.9 5.04
39 3.96
39.1 4.2
39.2 4.68
39.3 5.28
39.4 4.92
39.5 4.68
39.6 4.68
39.7 4.92
39.8 4.68
39.9 4.44
40 4.56
40.1 4.44
40.2 4.68
40.3 4.44
40.4 4.56
40.5 4.2
40.6 4.56
40.7 3.12
40.8 0.84
40.9 4.2
41 3.72
41.1 3
41.2 4.8
41.3 4.56
41.4 3.48
41.5 4.68
41.6 6.84
41.7 4.2
41.8 4.92
41.9 5.28
42 4.44
42.1 5.16
42.2 4.44
42.3 4.32
42.4 4.68
42.5 4.68
42.6 4.2
42.7 4.32
42.8 3.96
42.9 3.84
43 4.2
43.1 4.92
43.2 4.32
43.3 4.2
43.4 4.56
43.5 4.32
43.6 3.96
43.7 4.08
43.8 4.44
43.9 4.08
44 4.08
44.1 4.08
44.2 3.84
44.3 4.08
44.4 4.08
44.5 3.84
44.6 4.08
44.7 3.36
44.8 2.88
44.9 0.96
45 4.44
45.1 3.84
45.2 1.68
45.3 4.56
45.4 3.96
45.5 5.52
45.6 3.96
45.7 3.48
45.8 5.52
45.9 3.72
46 4.32
46.1 4.2
46.2 3.72
46.3 4.32
46.4 3.96
46.5 3.48
46.6 3.24
46.7 3.72
46.8 4.44
46.9 4.08
47 3.72
47.1 3.96
47.2 4.2
47.3 3.36
47.4 4.2
47.5 3.96
47.6 3.6
47.7 3.72
47.8 3.6
47.9 3.96
48 3.72
48.1 3.6
48.2 3.48
48.3 1.92
48.4 0.96
48.5 2.88
48.6 4.92
48.7 1.92
48.8 3.12
48.9 4.56
49 2.16
49.1 3.48
49.2 3.96
49.3 1.8
49.4 2.28
49.5 6.84
49.6 2.52
49.7 3
49.8 5.88
49.9 2.28
50 3.12
50.1 4.44
50.2 2.76
50.3 2.4
50.4 3
50.5 3.12
50.6 0.72
50.7 2.64
50.8 3.36
50.9 1.44
51 2.52
51.1 3.24
51.2 3.6
51.3 3.48
51.4 3.24
51.5 3.96
51.6 3
51.7 2.88
51.8 3.48
51.9 3.24
52 2.64
52.1 9.24
52.2 9.24
52.3 9.48
52.4 5.28
52.5 5.28
52.6 4.44
52.7 4.08
52.8 3.6
52.9 3.84
53 2.88
53.1 3.12
53.2 4.08
53.3 2.88
53.4 3.12
53.5 3.36
53.6 2.88
53.7 2.88
53.8 3.6
53.9 3.12
54 2.88
54.1 3.6
54.2 3.12
54.3 3.36
54.4 3.6
54.5 2.88
54.6 3.36
54.7 3.36
54.8 2.88
54.9 3.36
55 3.36
55.1 2.88
55.2 3.36
55.3 3.36
55.4 3.24
55.5 3.84
55.6 3.12
55.7 3.24
55.8 3.6
55.9 3.12
56 3.48
56.1 3.6
56.2 3.24
56.3 3.48
56.4 3.6
56.5 3.48
56.6 4.2
56.7 3.72
56.8 3.24
56.9 3.96
57 3.72
57.1 3.48
57.2 3.96
57.3 3.84
57.4 3.48
57.5 3.84
57.6 3.84
57.7 4.2
57.8 3.96
57.9 3.96
58 3.72
58.1 4.32
58.2 4.08
58.3 4.08
58.4 4.2
58.5 3.84
58.6 4.32
58.7 4.44
58.8 4.56
58.9 4.92
59 4.32
59.1 4.44
59.2 5.16
59.3 4.68
59.4 4.56
59.5 4.68
59.6 5.28
59.7 5.52
59.8 4.92
59.9 5.16
60 5.76
60.1 6.12
60.2 4.44
60.3 5.76
60.4 6.36
60.5 5.76
60.6 5.64
60.7 3.48
60.8 1.68
60.9 4.92
61 5.04
61.1 4.44
61.2 5.28
61.3 4.8
61.4 4.56
61.5 4.92
61.6 4.56
61.7 8.28
61.8 4.56
61.9 4.8
62 6
62.1 4.8
62.2 4.32
62.3 5.76
62.4 6.84
62.5 4.32
62.6 5.16
62.7 6.6
62.8 9.36
62.9 10.44
63 9.84
63.1 9.96
63.2 6.96
63.3 6.84
63.4 6.6
63.5 5.88
63.6 5.64
63.7 5.64
63.8 5.4
63.9 5.28
64 2.76
64.1 2.28
64.2 5.16
64.3 5.16
64.4 3
64.5 5.16
64.6 4.56
64.7 3.84
64.8 4.92
64.9 5.52
65 6.6
65.1 5.04
65.2 4.92
65.3 5.64
65.4 4.8
65.5 4.92
65.6 4.92
65.7 4.68
65.8 4.44
65.9 4.68
66 4.8
66.1 4.44
66.2 4.68
66.3 4.44
66.4 4.44
66.5 2.76
66.6 0.96
66.7 3.96
66.8 5.88
66.9 2.16
67 3.84
67.1 4.92
67.2 3.24
67.3 6.96
67.4 4.68
67.5 3.72
67.6 5.88
67.7 3.96
67.8 4.44
67.9 4.92
68 3.96
68.1 4.2
68.2 4.68
68.3 3.96
68.4 3.36
68.5 3.72
68.6 3.84
68.7 4.68
68.8 4.2
68.9 3.6
69 4.68
69.1 3.84
69.2 3.84
69.3 3.96
69.4 4.08
69.5 4.2
69.6 3.6
69.7 4.08
69.8 3.84
69.9 3.84
70 3.84
70.1 3.84
70.2 3.84
70.3 2.88
70.4 1.08
70.5 2.28
70.6 4.44
70.7 3.36
70.8 2.64
70.9 4.32
71 3.6
71.1 3.36
71.2 6.72
71.3 2.76
71.4 6
71.5 3.72
71.6 3.48
71.7 5.04
71.8 3.48
71.9 3.84
72 4.44
72.1 3.48
72.2 3.24
72.3 3.24
72.4 3.36
72.5 1.68
72.6 2.52
72.7 3.6
72.8 3
72.9 2.52
73 3.36
73.1 4.92
73.2 3.72
73.3 4.2
73.4 3.72
73.5 3.48
73.6 4.2
73.7 3.48
73.8 3.36
73.9 3.96
74 3
74.1 2.88
74.2 3.72
74.3 3.84
74.4 3.48
74.5 3.6
74.6 3.6
74.7 3.24
74.8 3.36
74.9 3.36
75 3.72
75.1 3.12
75.2 3.36
75.3 3.12
75.4 3.12
75.5 3.36
75.6 3.12
75.7 3.12
75.8 3.12
75.9 2.64
76 2.64
76.1 2.16
76.2 1.56
76.3 3.12
76.4 2.52
76.5 2.52
76.6 3
76.7 3.96
76.8 4.08
76.9 2.64
77 4.56
77.1 3.24
77.2 3.48
77.3 3.48
77.4 3
77.5 3.72
77.6 3
77.7 2.76
77.8 2.76
77.9 3.48
78 3.48
78.1 3.24
78.2 3.12
78.3 3.24
78.4 3
78.5 3.12
78.6 3.24
78.7 3.12
78.8 3
78.9 3.12
79 3.12
79.1 2.76
79.2 2.88
79.3 3.24
79.4 2.88
79.5 2.88
79.6 1.32
79.7 1.08
79.8 3.6
79.9 2.64
80 1.2
80.1 3.24
80.2 2.88
80.3 1.56
80.4 6
80.5 2.04
80.6 4.8
80.7 2.76
80.8 2.28
80.9 4.56
81 2.52
81.1 2.52
81.2 3.72
81.3 2.52
81.4 1.8
81.5 2.76
81.6 3.96
81.7 2.52
81.8 2.28
81.9 3.36
82 3
82.1 2.52
82.2 2.4
82.3 2.64
82.4 1.56
82.5 0.96
82.6 2.52
82.7 2.64
82.8 1.44
82.9 1.8
83 2.64
83.1 2.16
83.2 1.08
83.3 1.2
83.4 3.84
83.5 1.32
83.6 3.72
83.7 1.68
83.8 4.44
83.9 2.4
84 3.48
84.1 2.28
84.2 3.36
84.3 1.92
84.4 3
84.5 2.04
84.6 2.4
84.7 2.16
84.8 1.8
84.9 2.88
85 2.28
85.1 2.16
85.2 2.4
85.3 1.92
85.4 2.16
85.5 2.16
85.6 1.92
85.7 2.16
85.8 2.16
85.9 1.92
86 1.92
86.1 1.68
86.2 1.92
86.3 2.4
86.4 1.68
86.5 1.92
86.6 2.16
86.7 1.92
86.8 1.92
86.9 1.92
87 1.92
87.1 1.92
87.2 1.92
87.3 1.92
87.4 1.68
87.5 1.68
87.6 2.64
87.7 1.8
87.8 1.92
87.9 2.16
88 2.28
88.1 1.68
88.2 2.16
88.3 2.28
88.4 1.68
88.5 2.04
88.6 2.52
88.7 1.68
88.8 1.8
88.9 2.52
89 2.76
89.1 1.8
89.2 2.28
89.3 2.76
89.4 1.8
89.5 2.16
89.6 2.52
89.7 2.52
89.8 2.04
89.9 2.28
90 2.76
90.1 2.04
90.2 2.4
90.3 2.76
90.4 3.12
90.5 2.28
90.6 2.4
90.7 3.12
90.8 2.88
90.9 2.4
91 3.12
91.1 2.4
91.2 1.68
91.3 0.48
91.4 3.48
91.5 2.52
91.6 0.96
91.7 3.48
91.8 2.4
91.9 1.8
92 6.12
92.1 1.92
92.2 4.32
92.3 3.24
92.4 2.04
92.5 4.56
92.6 2.76
92.7 2.28
92.8 3.48
92.9 2.28
93 2.52
93.1 3.72
93.2 3
93.3 2.16
93.4 3
93.5 3.24
93.6 2.4
93.7 3
93.8 3.24
93.9 2.88
94 2.52
94.1 2.88
94.2 2.88
94.3 8.04
94.4 9.72
94.5 9.36
94.6 7.92
94.7 5.76
94.8 4.8
94.9 4.32
95 4.08
95.1 3.12
95.2 3.36
95.3 4.08
95.4 3.36
95.5 2.88
95.6 3.6
95.7 3.36
95.8 2.88
95.9 3.36
96 3.36
96.1 2.88
96.2 3.12
96.3 3.6
96.4 2.88
96.5 3.6
96.6 3.84
96.7 3.12
96.8 3.12
96.9 4.08
97 3.24
97.1 3.12
97.2 3.84
97.3 3.36
97.4 3.24
97.5 3.6
97.6 3.48
97.7 4.08
97.8 3.72
97.9 3.36
98 3.96
98.1 3.72
98.2 3.48
98.3 3.6
98.4 3.72
98.5 3.48
98.6 3.72
98.7 4.08
98.8 3.48
98.9 4.44
99 3.96
99.1 3.72
99.2 3.96
99.3 3.96
99.4 3.96
99.5 3.72
99.6 3.96
99.7 4.32
99.8 3.72
99.9 4.08
100 4.32
