0.1 0.00448
0.2 0.0208
0.3 0.03744
0.4 0.06656
0.5 0.07488
0.6 0.09152
0.7 0.11232
0.8 0.13728
0.9 0.07488
1 0.11232
1.1 0.1856
1.2 0.41344
1.3 0.18848
1.4 0.34656
1.5 0.32224
1.6 0.23104
1.7 0.3104
1.8 0.21408
1.9 0.248
2 0.16864
2.1 0.31552
2.2 0.40992
2.3 0.13984
2.4 0.41344
2.5 0.24064
2.6 0.09984
2.7 0.10816
2.8 0.13728
2.9 0.09568
3 0.11648
3.1 0.13312
3.2 0.09984
3.3 0.11232
3.4 0.13728
3.5 0.09984
3.6 0.11648
3.7 0.13728
3.8 0.09984
3.9 0.12064
4 0.13728
4.1 0.09984
4.2 0.12064
4.3 0.14144
4.4 0.12064
4.5 0.1248
4.6 0.13728
4.7 0.12064
4.8 0.12896
4.9 0.13728
5 0.12064
5.1 0.1248
5.2 0.13728
5.3 0.14144
5.4 0.12064
5.5 0.13312
5.6 0.13728
5.7 0.1248
5.8 0.13728
5.9 0.13728
6 0.11648
6.1 0.14144
6.2 0.13728
6.3 0.12064
6.4 0.14144
6.5 0.13312
6.6 0.12064
6.7 0.1456
6.8 0.13312
6.9 0.11232
7 0.15392
7.1 0.13312
7.2 0.11648
7.3 0.14976
7.4 0.13312
7.5 0.11648
7.6 0.15808
7.7 0.13728
7.8 0.12064
7.9 0.16224
8 0.13312
8.1 0.12896
8.2 0.15808
8.3 0.12896
8.4 0.12896
8.5 0.16224
8.6 0.12896
8.7 0.12896
8.8 0.1664
8.9 0.13312
9 0.13728
9.1 0.14976
9.2 0.13728
9.3 0.13728
9.4 0.14976
9.5 0.13728
9.6 0.13312
9.7 0.15808
9.8 0.13312
9.9 0.13728
10 0.15392
10.1 0.13728
10.2 0.13728
10.3 0.15808
10.4 0.15808
10.5 0.17056
10.6 0.1664
10.7 0.17472
10.8 0.17056
10.9 0.15392
11 0.1456
11.1 0.1456
11.2 0.14144
11.3 0.14144
11.4 0.14144
11.5 0.14144
11.6 0.13728
11.7 0.13312
11.8 0.13728
11.9 0.1456
12 0.14976
12.1 0.13728
12.2 0.14144
12.3 0.13728
12.4 0.14144
12.5 0.13728
12.6 0.13728
12.7 0.13728
12.8 0.14144
12.9 0.3456
13 0.3952
13.1 0.41344
13.2 0.38912
13.3 0.32832
13.4 0.3936
13.5 0.20352
13.6 0.13728
13.7 0.13312
13.8 0.1456
13.9 0.12896
14 0.12896
14.1 0.12896
14.2 0.12896
14.3 0.13728
14.4 0.14144
14.5 0.13312
14.6 0.13312
14.7 0.13312
14.8 0.13312
14.9 0.12896
15 0.13312
15.1 0.13312
15.2 0.12896
15.3 0.13312
15.4 0.12896
15.5 0.13312
15.6 0.13312
15.7 0.12896
15.8 0.12896
15.9 0.26112
16 0.38464
16.1 0.38304
16.2 0.35872
16.3 0.23712
16.4 0.40128
16.5 0.37312
16.6 0.12064
16.7 0.1456
16.8 0.12896
16.9 0.1248
17 0.13312
17.1 0.1248
17.2 0.1248
17.3 0.1248
17.4 0.1248
17.5 0.12896
17.6 0.1248
17.7 0.1248
17.8 0.1248
17.9 0.1248
18 0.1248
18.1 0.1248
18.2 0.1248
18.3 0.12064
18.4 0.11648
18.5 0.11648
18.6 0.12896
18.7 0.13312
18.8 0.1248
18.9 0.12064
19 0.1248
19.1 0.12064
19.2 0.12064
19.3 0.12064
19.4 0.12064
19.5 0.12064
19.6 0.11648
19.7 0.12064
19.8 0.12064
19.9 0.11648
20 0.12064
20.1 0.12064
20.2 0.11648
20.3 0.12064
20.4 0.11648
20.5 0.11648
20.6 0.10816
20.7 0.12192
20.8 0.3088
20.9 0.3264
21 0.3264
21.1 0.19712
21.2 0.11648
21.3 0.11648
21.4 0.1248
21.5 0.11648
21.6 0.11648
21.7 0.11648
21.8 0.11648
21.9 0.11648
22 0.11648
22.1 0.11648
22.2 0.11648
22.3 0.11648
22.4 0.11648
22.5 0.11648
22.6 0.11232
22.7 0.10816
22.8 0.10816
22.9 0.10816
23 0.1248
23.1 0.1248
23.2 0.11232
23.3 0.11648
23.4 0.11232
23.5 0.11232
23.6 0.11232
23.7 0.11232
23.8 0.11232
23.9 0.10816
24 0.11232
24.1 0.11232
24.2 0.10816
24.3 0.11232
24.4 0.10816
24.5 0.22784
24.6 0.264
24.7 0.26112
24.8 0.28224
24.9 0.1392
25 0.2272
25.1 0.12064
25.2 0.09568
25.3 0.10816
25.4 0.12064
25.5 0.1248
25.6 0.10816
25.7 0.11648
25.8 0.10816
25.9 0.10816
26 0.11232
26.1 0.10816
26.2 0.10816
26.3 0.10816
26.4 0.11232
26.5 0.104
26.6 0.10816
26.7 0.10816
26.8 0.10816
26.9 0.09984
27 0.09984
27.1 0.09984
27.2 0.11648
27.3 0.11648
27.4 0.09984
27.5 0.10816
27.6 0.10816
27.7 0.104
27.8 0.09984
27.9 0.104
28 0.104
28.1 0.104
28.2 0.09984
28.3 0.104
28.4 0.09984
28.5 0.09984
28.6 0.104
28.7 0.09984
28.8 0.104
28.9 0.09984
29 0.09568
29.1 0.09152
29.2 0.09152
29.3 0.23328
29.4 0.2496
29.5 0.2352
29.6 0.14496
29.7 0.09152
29.8 0.09984
29.9 0.11232
30 0.104
30.1 0.09984
30.2 0.09984
30.3 0.09984
30.4 0.09984
30.5 0.09568
30.6 0.09984
30.7 0.09568
30.8 0.09984
30.9 0.09568
31 0.09568
31.1 0.08736
31.2 0.08736
31.3 0.09568
31.4 0.10816
31.5 0.09984
31.6 0.09152
31.7 0.09984
31.8 0.09984
31.9 0.09152
32 0.09568
32.1 0.09152
32.2 0.09568
32.3 0.09568
32.4 0.09152
32.5 0.09152
32.6 0.09152
32.7 0.09568
32.8 0.09152
32.9 0.09152
33 0.09152
33.1 0.09696
33.2 0.25472
33.3 0.23712
33.4 0.27968
33.5 0.24928
33.6 0.18016
33.7 0.10176
33.8 0.08736
33.9 0.0832
34 0.13728
34.1 0.0832
34.2 0.104
34.3 0.09984
34.4 0.0832
34.5 0.09984
34.6 0.09152
34.7 0.09152
34.8 0.09152
34.9 0.09152
35 0.08736
35.1 0.0832
35.2 0.07904
35.3 0.0832
35.4 0.104
35.5 0.09152
35.6 0.0832
35.7 0.09152
35.8 0.09152
35.9 0.0832
36 0.08736
36.1 0.08736
36.2 0.0832
36.3 0.08736
36.4 0.0832
36.5 0.08736
36.6 0.0832
36.7 0.0832
36.8 0.0832
36.9 0.0832
37 0.0832
37.1 0.07072
37.2 0.11456
37.3 0.2736
37.4 0.26144
37.5 0.23712
37.6 0.07648
37.7 0.0832
37.8 0.07904
37.9 0.104
38 0.07904
38.1 0.07904
38.2 0.09984
38.3 0.07488
38.4 0.0832
38.5 0.08736
38.6 0.07904
38.7 0.07904
38.8 0.0832
38.9 0.07488
39 0.07072
39.1 0.07072
39.2 0.08736
39.3 0.08736
39.4 0.07904
39.5 0.07904
39.6 0.07904
39.7 0.07904
39.8 0.07904
39.9 0.07488
40 0.0832
40.1 0.07488
40.2 0.07488
40.3 0.07488
40.4 0.07904
40.5 0.07488
40.6 0.09664
40.7 0.18816
40.8 0.22496
40.9 0.17632
41 0.20672
41.1 0.13376
41.2 0.21952
41.3 0.07904
41.4 0.05824
41.5 0.07488
41.6 0.11232
41.7 0.07488
41.8 0.09984
41.9 0.07072
42 0.07488
42.1 0.08736
42.2 0.07488
42.3 0.07488
42.4 0.07904
42.5 0.07488
42.6 0.07488
42.7 0.07488
42.8 0.0624
42.9 0.0624
43 0.0832
43.1 0.0832
43.2 0.06656
43.3 0.07488
43.4 0.07904
43.5 0.07072
43.6 0.06656
43.7 0.07488
43.8 0.07072
43.9 0.07072
44 0.07072
44.1 0.07072
44.2 0.07072
44.3 0.06656
44.4 0.07072
44.5 0.06656
44.6 0.06656
44.7 0.05824
44.8 0.15232
44.9 0.22496
45 0.21888
45.1 0.14592
45.2 0.06784
45.3 0.06656
45.4 0.05824
45.5 0.09984
45.6 0.0624
45.7 0.0832
45.8 0.07072
45.9 0.05824
46 0.07904
46.1 0.06656
46.2 0.0624
46.3 0.07072
46.4 0.0624
46.5 0.05408
46.6 0.0624
46.7 0.06656
46.8 0.07072
46.9 0.0624
47 0.06656
47.1 0.07488
47.2 0.05824
47.3 0.06656
47.4 0.0624
47.5 0.06656
47.6 0.0624
47.7 0.06656
47.8 0.0624
47.9 0.06656
48 0.0624
48.1 0.05824
48.2 0.12544
48.3 0.16
48.4 0.12768
48.5 0.13984
48.6 0.12768
48.7 0.1216
48.8 0.14528
48.9 0.13408
49 0.04576
49.1 0.04992
49.2 0.06656
49.3 0.02496
49.4 0.05408
49.5 0.10816
49.6 0.03744
49.7 0.07904
49.8 0.06656
49.9 0.04576
50 0.06656
50.1 0.07072
50.2 0.03328
50.3 0.0416
50.4 0.10208
50.5 0.1632
50.6 0.13056
50.7 0.136
50.8 0.06816
50.9 0.0208
51 0.04992
51.1 0.04992
51.2 0.07072
51.3 0.05408
51.4 0.05824
51.5 0.05408
51.6 0.05408
51.7 0.0624
51.8 0.04576
51.9 0.05408
52 0.10816
52.1 0.15392
52.2 0.15392
52.3 0.12896
52.4 0.09568
52.5 0.07488
52.6 0.07904
52.7 0.06656
52.8 0.06656
52.9 0.05824
53 0.04576
53.1 0.06656
53.2 0.05824
53.3 0.04992
53.4 0.05824
53.5 0.05408
53.6 0.04992
53.7 0.05824
53.8 0.05824
53.9 0.04992
54 0.05824
54.1 0.05408
54.2 0.05408
54.3 0.07072
54.4 0.04992
54.5 0.05408
54.6 0.0624
54.7 0.04992
54.8 0.05408
54.9 0.0624
55 0.04992
55.1 0.05408
55.2 0.05824
55.3 0.05408
55.4 0.0624
55.5 0.05824
55.6 0.05408
55.7 0.0624
55.8 0.05824
55.9 0.04992
56 0.06656
56.1 0.05824
56.2 0.05408
56.3 0.0624
56.4 0.05824
56.5 0.0624
56.6 0.06656
56.7 0.0624
56.8 0.05824
56.9 0.0624
57 0.0624
57.1 0.05824
57.2 0.06656
57.3 0.0624
57.4 0.0624
57.5 0.0624
57.6 0.06656
57.7 0.07488
57.8 0.0624
57.9 0.0624
58 0.06656
58.1 0.07072
58.2 0.0624
58.3 0.06656
58.4 0.07488
58.5 0.06656
58.6 0.07072
58.7 0.07488
58.8 0.07488
58.9 0.07488
59 0.07072
59.1 0.07072
59.2 0.0832
59.3 0.07072
59.4 0.07488
59.5 0.0832
59.6 0.0832
59.7 0.08736
59.8 0.07904
59.9 0.08736
60 0.09568
60.1 0.0832
60.2 0.0832
60.3 0.09152
60.4 0.09984
60.5 0.07904
60.6 0.10784
60.7 0.2656
60.8 0.27968
60.9 0.22496
61 0.25536
61.1 0.1824
61.2 0.23104
61.3 0.2176
61.4 0.0624
61.5 0.07904
61.6 0.09568
61.7 0.11648
61.8 0.07488
61.9 0.08736
62 0.09984
62.1 0.07072
62.2 0.0832
62.3 0.104
62.4 0.08736
62.5 0.07904
62.6 0.09568
62.7 0.12896
62.8 0.17472
62.9 0.1664
63 0.17472
63.1 0.1456
63.2 0.11232
63.3 0.11232
63.4 0.10816
63.5 0.09568
63.6 0.09568
63.7 0.09568
63.8 0.09152
63.9 0.13376
64 0.26144
64.1 0.26752
64.2 0.24928
64.3 0.20672
64.4 0.19456
64.5 0.21504
64.6 0.096
64.7 0.0624
64.8 0.09568
64.9 0.10816
65 0.09152
65.1 0.0832
65.2 0.09568
65.3 0.0832
65.4 0.07488
65.5 0.0832
65.6 0.08736
65.7 0.07488
65.8 0.07904
65.9 0.07904
66 0.07904
66.1 0.07488
66.2 0.07904
66.3 0.07488
66.4 0.0992
66.5 0.17632
66.6 0.17632
66.7 0.23104
66.8 0.17024
66.9 0.13984
67 0.09184
67.1 0.07904
67.2 0.04992
67.3 0.12896
67.4 0.05824
67.5 0.09152
67.6 0.08736
67.7 0.05824
67.8 0.0832
67.9 0.07904
68 0.0624
68.1 0.07904
68.2 0.07072
68.3 0.05824
68.4 0.0624
68.5 0.06656
68.6 0.07488
68.7 0.07488
68.8 0.06656
68.9 0.06656
69 0.07488
69.1 0.06656
69.2 0.06656
69.3 0.07488
69.4 0.06656
69.5 0.0624
69.6 0.06656
69.7 0.07072
69.8 0.06656
69.9 0.06656
70 0.06656
70.1 0.0624
70.2 0.06656
70.3 0.13376
70.4 0.152
70.5 0.1824
70.6 0.20064
70.7 0.08512
70.8 0.08448
70.9 0.07072
71 0.0416
71.1 0.11648
71.2 0.05408
71.3 0.07072
71.4 0.09152
71.5 0.04992
71.6 0.07488
71.7 0.07488
71.8 0.05408
71.9 0.06656
72 0.07488
72.1 0.04992
72.2 0.05408
72.3 0.0624
72.4 0.16448
72.5 0.1824
72.6 0.17632
72.7 0.15648
72.8 0.02912
72.9 0.0624
73 0.07488
73.1 0.07072
73.2 0.05408
73.3 0.07488
73.4 0.0624
73.5 0.0624
73.6 0.06656
73.7 0.05824
73.8 0.06656
73.9 0.05824
74 0.04576
74.1 0.05408
74.2 0.07072
74.3 0.05824
74.4 0.05824
74.5 0.06656
74.6 0.05824
74.7 0.05408
74.8 0.0624
74.9 0.05824
75 0.05408
75.1 0.05824
75.2 0.05408
75.3 0.05824
75.4 0.05408
75.5 0.05408
75.6 0.05824
75.7 0.04992
75.8 0.04992
75.9 0.04992
76 0.06368
76.1 0.1824
76.2 0.17024
76.3 0.13984
76.4 0.0576
76.5 0.0416
76.6 0.04992
76.7 0.0832
76.8 0.04992
76.9 0.07072
77 0.05408
77.1 0.04576
77.2 0.06656
77.3 0.05408
77.4 0.05824
77.5 0.05824
77.6 0.0416
77.7 0.04576
77.8 0.05408
77.9 0.05824
78 0.05408
78.1 0.04992
78.2 0.05824
78.3 0.05408
78.4 0.05408
78.5 0.04992
78.6 0.05824
78.7 0.04992
78.8 0.04992
78.9 0.05408
79 0.04992
79.1 0.04992
79.2 0.05408
79.3 0.05408
79.4 0.04576
79.5 0.04352
79.6 0.07904
79.7 0.13984
79.8 0.17024
79.9 0.07296
80 0.09152
80.1 0.04992
80.2 0.03744
80.3 0.08736
80.4 0.04576
80.5 0.0416
80.6 0.07488
80.7 0.03744
80.8 0.05824
80.9 0.05824
81 0.03744
81.1 0.05408
81.2 0.05408
81.3 0.03744
81.4 0.03328
81.5 0.05824
81.6 0.05824
81.7 0.03744
81.8 0.04576
81.9 0.05824
82 0.04576
82.1 0.03328
82.2 0.04992
82.3 0.12288
82.4 0.1216
82.5 0.10944
82.6 0.13984
82.7 0.09728
82.8 0.04768
82.9 0.08448
83 0.0416
83.1 0.02912
83.2 0.02208
83.3 0.1056
83.4 0.18496
83.5 0.05472
83.6 0.0624
83.7 0.05824
83.8 0.04992
83.9 0.05824
84 0.03744
84.1 0.05408
84.2 0.0416
84.3 0.0416
84.4 0.04576
84.5 0.03744
84.6 0.03744
84.7 0.03328
84.8 0.04576
84.9 0.0416
85 0.03328
85.1 0.0416
85.2 0.03744
85.3 0.03328
85.4 0.0416
85.5 0.03744
85.6 0.02912
85.7 0.0416
85.8 0.03328
85.9 0.03328
86 0.02912
86.1 0.02912
86.2 0.0416
86.3 0.03744
86.4 0.02912
86.5 0.03744
86.6 0.03328
86.7 0.03328
86.8 0.03328
86.9 0.03744
87 0.02912
87.1 0.03328
87.2 0.03328
87.3 0.03328
87.4 0.02496
87.5 0.0416
87.6 0.03744
87.7 0.02912
87.8 0.03328
87.9 0.04576
88 0.02496
88.1 0.03744
88.2 0.03744
88.3 0.03328
88.4 0.02912
88.5 0.03744
88.6 0.03744
88.7 0.02496
88.8 0.03328
88.9 0.04992
89 0.03328
89.1 0.03328
89.2 0.04576
89.3 0.03744
89.4 0.03328
89.5 0.03744
89.6 0.04576
89.7 0.02912
89.8 0.03744
89.9 0.0416
90 0.04576
90.1 0.03328
90.2 0.03744
90.3 0.05408
90.4 0.03744
90.5 0.03744
90.6 0.04576
90.7 0.04992
90.8 0.03744
90.9 0.03744
91 0.06368
91.1 0.11168
91.2 0.09248
91.3 0.15424
91.4 0.14272
91.5 0.0736
91.6 0.03584
91.7 0.0624
91.8 0.03328
91.9 0.06656
92 0.0624
92.1 0.03744
92.2 0.0832
92.3 0.03328
92.4 0.05824
92.5 0.0624
92.6 0.03328
92.7 0.05408
92.8 0.04992
92.9 0.03744
93 0.05408
93.1 0.05408
93.2 0.0416
93.3 0.04576
93.4 0.05408
93.5 0.04992
93.6 0.03744
93.7 0.05408
93.8 0.04992
93.9 0.04576
94 0.04992
94.1 0.05408
94.2 0.07072
94.3 0.1664
94.4 0.1664
94.5 0.17056
94.6 0.09984
94.7 0.09152
94.8 0.07488
94.9 0.07904
95 0.0624
95.1 0.05408
95.2 0.0624
95.3 0.07072
95.4 0.04992
95.5 0.05824
95.6 0.05824
95.7 0.05408
95.8 0.04992
95.9 0.0624
96 0.05408
96.1 0.04992
96.2 0.0624
96.3 0.05824
96.4 0.04992
96.5 0.06656
96.6 0.0624
96.7 0.04992
96.8 0.0624
96.9 0.0624
97 0.05408
97.1 0.0624
97.2 0.0624
97.3 0.05408
97.4 0.05824
97.5 0.0624
97.6 0.06656
97.7 0.06656
97.8 0.05824
97.9 0.0624
98 0.0624
98.1 0.0624
98.2 0.05824
98.3 0.0624
98.4 0.06656
98.5 0.05824
98.6 0.0624
98.7 0.0624
98.8 0.06656
98.9 0.07488
99 0.0624
99.1 0.05824
99.2 0.07072
99.3 0.07072
99.4 0.05824
99.5 0.06656
99.6 0.06656
99.7 0.06656
99.8 0.07072
99.9 0.06656
100 0.07904
