0.1 0.00448
0.2 1.20416
0.3 2.16
0.4 4.08
0.5 4.8
0.6 6.36
0.7 8.52
0.8 3.84
0.9 3.36
1 5.28
1.1 2.88
1.2 2.4
1.3 4.8
1.4 4.08
1.5 2.88
1.6 4.92
1.7 4.92
1.8 3.12
1.9 2.16
2 4.56
2.1 1.56
2.2 1.56
2.3 1.56
2.4 3.96
2.5 4.44
2.6 2.64
2.7 4.44
2.8 2.88
2.9 3
3 4.2
3.1 2.52
3.2 3.6
3.3 3.72
3.4 2.4
3.5 3.36
3.6 3.96
3.7 2.28
3.8 3.36
3.9 3.84
4 2.28
4.1 1.44
4.2 3.12
4.3 3
4.4 1.68
4.5 3.24
4.6 2.88
4.7 1.8
4.8 3.12
4.9 3
5 1.08
5.1 2.4
5.2 3.36
5.3 1.44
5.4 2.64
5.5 3.12
5.6 1.44
5.7 2.64
5.8 3.36
5.9 1.08
6 2.64
6.1 3.24
6.2 1.2
6.3 2.76
6.4 3
6.5 1.44
6.6 2.76
6.7 3
6.8 0.96
6.9 2.76
7 2.88
7.1 1.2
7.2 2.76
7.3 2.88
7.4 0.24
7.5 2.52
7.6 3
7.7 0.36
7.8 2.52
7.9 2.64
8 0.96
8.1 2.52
8.2 2.04
8.3 1.08
8.4 2.52
8.5 1.8
8.6 1.08
8.7 2.16
8.8 2.04
8.9 1.44
9 2.28
9.1 1.56
9.2 1.68
9.3 2.52
9.4 1.32
9.5 1.56
9.6 2.28
9.7 1.44
9.8 1.8
9.9 2.28
10 1.2
10.1 1.68
10.2 0
10.3 0
10.4 0.48
10.5 0
10.6 0
10.7 1.32
10.8 1.92
10.9 1.92
11 1.92
11.1 1.92
11.2 1.92
11.3 2.4
11.4 2.4
11.5 2.16
11.6 1.44
11.7 1.44
11.8 1.92
11.9 2.04
12 2.16
12.1 2.04
12.2 2.16
12.3 2.16
12.4 2.04
12.5 2.16
12.6 2.04
12.7 2.16
12.8 2.16
12.9 2.04
13 2.04
13.1 2.04
13.2 2.16
13.3 2.16
13.4 2.04
13.5 2.64
13.6 1.68
13.7 2.64
13.8 2.64
13.9 2.88
14 2.4
14.1 1.68
14.2 2.16
14.3 2.52
14.4 2.52
14.5 2.52
14.6 2.4
14.7 2.52
14.8 2.52
14.9 2.52
15 2.52
15.1 2.52
15.2 2.52
15.3 2.52
15.4 2.52
15.5 2.52
15.6 2.52
15.7 2.52
15.8 2.52
15.9 3.12
16 3.12
16.1 2.4
16.2 1.92
16.3 1.92
16.4 2.88
16.5 1.08
16.6 2.88
16.7 2.88
16.8 2.76
16.9 2.88
17 2.88
17.1 2.76
17.2 2.88
17.3 2.76
17.4 2.88
17.5 2.88
17.6 2.76
17.7 2.88
17.8 2.76
17.9 2.88
18 3.12
18.1 3.6
18.2 3.6
18.3 2.52
18.4 2.16
18.5 2.28
18.6 3.12
18.7 3.12
18.8 3.12
18.9 3.12
19 3.24
19.1 3.12
19.2 3.12
19.3 3.12
19.4 3.24
19.5 3.12
19.6 3.12
19.7 3.12
19.8 3.12
19.9 3.24
20 3.12
20.1 3.12
20.2 3.6
20.3 3.96
20.4 3.96
20.5 2.52
20.6 2.4
20.7 2.64
20.8 3.36
20.9 2.76
21 3.48
21.1 3.36
21.2 1.8
21.3 3.48
21.4 3.36
21.5 3.48
21.6 3.36
21.7 3.48
21.8 3.36
21.9 3.48
22 3.36
22.1 3.48
22.2 3.36
22.3 3.48
22.4 4.08
22.5 4.32
22.6 4.08
22.7 2.52
22.8 2.64
22.9 3.12
23 3.72
23.1 3.72
23.2 3.72
23.3 3.72
23.4 3.72
23.5 3.72
23.6 3.72
23.7 3.72
23.8 3.72
23.9 3.72
24 3.72
24.1 3.72
24.2 3.72
24.3 3.72
24.4 3.72
24.5 3.96
24.6 4.08
24.7 3.6
24.8 3.12
24.9 2.76
25 3.84
25.1 3.84
25.2 2.04
25.3 3.12
25.4 3.84
25.5 3.84
25.6 3.84
25.7 3.96
25.8 3.84
25.9 3.84
26 3.84
26.1 3.84
26.2 3.84
26.3 3.84
26.4 3.84
26.5 3.84
26.6 4.56
26.7 4.8
26.8 4.56
26.9 2.88
27 3
27.1 3.48
27.2 4.2
27.3 4.2
27.4 4.08
27.5 4.2
27.6 4.2
27.7 4.08
27.8 4.2
27.9 4.2
28 4.08
28.1 4.2
28.2 4.2
28.3 4.2
28.4 4.08
28.5 4.2
28.6 4.2
28.7 4.8
28.8 5.16
28.9 5.28
29 3.12
29.1 3.12
29.2 3.72
29.3 4.32
29.4 3.6
29.5 3.72
29.6 4.44
29.7 1.92
29.8 4.56
29.9 4.56
30 4.56
30.1 4.56
30.2 4.56
30.3 4.56
30.4 4.44
30.5 4.56
30.6 4.56
30.7 4.56
30.8 5.52
30.9 5.64
31 5.04
31.1 3.48
31.2 3.48
31.3 4.32
31.4 4.8
31.5 4.8
31.6 4.8
31.7 4.8
31.8 4.8
31.9 4.8
32 4.68
32.1 4.8
32.2 4.8
32.3 4.8
32.4 4.8
32.5 4.8
32.6 4.8
32.7 4.8
32.8 5.28
32.9 6
33 6
33.1 3.72
33.2 3.6
33.3 3.96
33.4 4.92
33.5 4.92
33.6 4.92
33.7 3.24
33.8 1.56
33.9 5.04
34 4.92
34.1 4.92
34.2 4.92
34.3 4.92
34.4 5.04
34.5 4.92
34.6 4.92
34.7 4.92
34.8 5.64
34.9 6.12
35 5.88
35.1 3.72
35.2 3.72
35.3 4.8
35.4 5.16
35.5 5.28
35.6 5.16
35.7 5.28
35.8 5.28
35.9 5.16
36 5.28
36.1 5.16
36.2 5.28
36.3 5.16
36.4 5.28
36.5 5.16
36.6 5.28
36.7 5.64
36.8 6.6
36.9 6.48
37 3.96
37.1 3.96
37.2 4.8
37.3 5.64
37.4 5.52
37.5 5.52
37.6 5.64
37.7 0.36
37.8 5.28
37.9 5.64
38 5.64
38.1 5.64
38.2 5.64
38.3 5.52
38.4 5.64
38.5 5.64
38.6 5.88
38.7 7.08
38.8 6.96
38.9 4.8
39 4.2
39.1 4.8
39.2 5.76
39.3 5.76
39.4 5.76
39.5 5.88
39.6 5.76
39.7 5.88
39.8 5.76
39.9 5.88
40 5.76
40.1 5.88
40.2 5.76
40.3 5.88
40.4 5.76
40.5 5.76
40.6 7.2
40.7 5.64
40.8 4.92
40.9 4.32
41 4.8
41.1 5.88
41.2 5.88
41.3 3.6
41.4 2.04
41.5 5.88
41.6 5.88
41.7 5.88
41.8 5.88
41.9 5.88
42 5.88
42.1 6
42.2 5.88
42.3 5.88
42.4 6
42.5 7.32
42.6 7.44
42.7 5.04
42.8 4.44
42.9 5.04
43 6.12
43.1 6.12
43.2 6.12
43.3 6
43.4 6.12
43.5 6.12
43.6 6.12
43.7 6.12
43.8 6.12
43.9 6.12
44 6
44.1 6.12
44.2 6.12
44.3 6.96
44.4 7.56
44.5 7.08
44.6 4.56
44.7 4.56
44.8 6
44.9 6.48
45 6.48
45.1 6.48
45.2 3.6
45.3 2.16
45.4 6.6
45.5 6.48
45.6 6.6
45.7 6.48
45.8 6.6
45.9 6.6
46 6.48
46.1 6.6
46.2 8.04
46.3 8.28
46.4 6
46.5 4.92
46.6 5.4
46.7 6.6
46.8 6.6
46.9 6.48
47 6.6
47.1 6.6
47.2 6.6
47.3 6.48
47.4 6.6
47.5 6.6
47.6 6.6
47.7 6.48
47.8 6.6
47.9 6.6
48 7.2
48.1 8.28
48.2 7.32
48.3 4.92
48.4 4.92
48.5 6.36
48.6 6.84
48.7 7.08
48.8 6.48
48.9 7.92
49 10.8
49.1 6.96
49.2 0
49.3 4.32
49.4 7.2
49.5 7.32
49.6 7.32
49.7 7.32
49.8 7.32
49.9 9
50 9.12
50.1 6.96
50.2 5.52
50.3 6
50.4 7.32
50.5 7.32
50.6 7.44
50.7 7.32
50.8 7.32
50.9 3.96
51 1.68
51.1 7.44
51.2 7.32
51.3 7.44
51.4 7.44
51.5 7.32
51.6 7.44
51.7 7.8
51.8 0.72
51.9 0
52 0.36
52.1 0.24
52.2 0.24
52.3 7.44
52.4 7.44
52.5 7.32
52.6 7.44
52.7 8.52
52.8 8.52
52.9 5.52
53 7.08
53.1 7.32
53.2 7.44
53.3 7.32
53.4 6.96
53.5 6.48
53.6 6.36
53.7 7.08
53.8 6.72
53.9 6.96
54 5.52
54.1 6
54.2 7.2
54.3 7.08
54.4 7.2
54.5 7.08
54.6 6.6
54.7 6.72
54.8 7.08
54.9 6.6
55 6.96
55.1 6.12
55.2 5.4
55.3 7.08
55.4 6.96
55.5 6.6
55.6 6.84
55.7 6.72
55.8 6.36
55.9 6.84
56 6.84
56.1 6.6
56.2 6.6
56.3 5.16
56.4 6.12
56.5 6.72
56.6 6.84
56.7 6.84
56.8 6.84
56.9 6.36
57 6.36
57.1 6.84
57.2 6.36
57.3 6.24
57.4 5.52
57.5 5.64
57.6 6.72
57.7 6.84
57.8 6.24
57.9 6.24
58 6.24
58.1 6
58.2 6.12
58.3 6.36
58.4 5.76
58.5 5.52
58.6 5.04
58.7 6.36
58.8 6.6
58.9 5.52
59 5.76
59.1 5.88
59.2 5.4
59.3 5.52
59.4 4.44
59.5 5.76
59.6 5.28
59.7 4.32
59.8 5.4
59.9 5.52
60 4.68
60.1 4.68
60.2 5.76
60.3 4.56
60.4 4.44
60.5 4.68
60.6 5.04
60.7 4.92
60.8 4.08
60.9 4.68
61 5.4
61.1 5.76
61.2 6.12
61.3 5.16
61.4 0.36
61.5 4.68
61.6 6
61.7 6.12
61.8 6.84
61.9 5.28
62 4.2
62.1 3.84
62.2 5.52
62.3 5.16
62.4 2.88
62.5 0
62.6 0
62.7 0
62.8 0.36
62.9 0
63 4.68
63.1 5.4
63.2 5.28
63.3 5.4
63.4 5.4
63.5 5.4
63.6 5.28
63.7 5.4
63.8 5.4
63.9 5.28
64 4.8
64.1 4.8
64.2 5.52
64.3 6.72
64.4 5.88
64.5 4.08
64.6 3.96
64.7 0.96
64.8 5.4
64.9 5.76
65 5.88
65.1 5.76
65.2 5.88
65.3 5.76
65.4 5.88
65.5 5.76
65.6 5.88
65.7 5.76
65.8 5.76
65.9 5.88
66 5.76
66.1 6.6
66.2 7.2
66.3 6.96
66.4 4.32
66.5 4.44
66.6 5.52
66.7 6.12
66.8 6.24
66.9 6.24
67 3
67.1 1.8
67.2 6.24
67.3 6.24
67.4 6.24
67.5 6.24
67.6 6.24
67.7 6.24
67.8 6.24
67.9 6.24
68 6.84
68.1 7.8
68.2 7.8
68.3 4.68
68.4 4.68
68.5 5.64
68.6 6.24
68.7 6.24
68.8 6.36
68.9 6.24
69 6.36
69.1 6.24
69.2 6.36
69.3 6.24
69.4 6.36
69.5 6.24
69.6 6.24
69.7 6.36
69.8 6.24
69.9 6.6
70 7.92
70.1 7.8
70.2 5.4
70.3 4.68
70.4 5.52
70.5 6.6
70.6 6.84
70.7 6.72
70.8 5.88
70.9 0
71 5.76
71.1 6.84
71.2 6.72
71.3 6.84
71.4 6.84
71.5 6.72
71.6 6.84
71.7 6.72
71.8 7.2
71.9 8.52
72 8.52
72.1 5.28
72.2 5.04
72.3 6.24
72.4 6.6
72.5 6.12
72.6 6.48
72.7 6.72
72.8 1.56
72.9 4.68
73 6.84
73.1 6.72
73.2 6.84
73.3 6.72
73.4 6.84
73.5 6.72
73.6 6.84
73.7 8.16
73.8 8.52
73.9 6.48
74 5.04
74.1 5.52
74.2 6.96
74.3 6.96
74.4 6.96
74.5 6.96
74.6 6.96
74.7 6.96
74.8 6.96
74.9 7.08
75 6.96
75.1 6.96
75.2 6.96
75.3 6.96
75.4 6.96
75.5 7.92
75.6 8.64
75.7 7.92
75.8 5.28
75.9 5.28
76 6.96
76.1 7.08
76.2 6.48
76.3 7.08
76.4 5.64
76.5 0.72
76.6 7.2
76.7 7.32
76.8 7.32
76.9 7.2
77 7.32
77.1 7.32
77.2 7.2
77.3 7.8
77.4 9.12
77.5 9
77.6 5.52
77.7 5.4
77.8 6.84
77.9 7.32
78 7.32
78.1 7.2
78.2 7.32
78.3 7.32
78.4 7.32
78.5 7.2
78.6 7.32
78.7 7.32
78.8 7.2
78.9 7.32
79 7.32
79.1 7.56
79.2 9.12
79.3 9
79.4 5.76
79.5 5.4
79.6 6.72
79.7 7.68
79.8 7.8
79.9 7.8
80 6.48
80.1 0
80.2 6.12
80.3 7.8
80.4 7.92
80.5 7.8
80.6 7.8
80.7 7.8
80.8 7.8
80.9 8.04
81 9.72
81.1 9.84
81.2 6.36
81.3 5.88
81.4 7.08
81.5 7.8
81.6 7.8
81.7 7.8
81.8 7.8
81.9 7.8
82 7.8
82.1 7.8
82.2 7.8
82.3 7.44
82.4 7.56
82.5 7.8
82.6 7.8
82.7 7.92
82.8 9.72
82.9 9.84
83 6
83.1 0
83.2 3.84
83.3 8.16
83.4 5.04
83.5 7.92
83.6 2.88
83.7 7.8
83.8 8.16
83.9 8.28
84 8.28
84.1 8.16
84.2 8.28
84.3 8.28
84.4 10.2
84.5 9.12
84.6 6.24
84.7 7.32
84.8 8.28
84.9 8.28
85 8.16
85.1 8.28
85.2 8.28
85.3 8.28
85.4 8.16
85.5 8.28
85.6 8.28
85.7 9.12
85.8 10.2
85.9 6.72
86 6.12
86.1 8.16
86.2 8.16
86.3 8.16
86.4 8.28
86.5 8.16
86.6 8.28
86.7 8.16
86.8 8.28
86.9 8.16
87 8.28
87.1 9.84
87.2 7.32
87.3 6.12
87.4 7.32
87.5 8.28
87.6 8.16
87.7 8.28
87.8 8.16
87.9 8.28
88 8.16
88.1 8.28
88.2 8.16
88.3 8.28
88.4 9.12
88.5 8.52
88.6 6.24
88.7 6.24
88.8 8.28
88.9 8.16
89 8.28
89.1 8.16
89.2 8.28
89.3 8.16
89.4 8.28
89.5 8.16
89.6 7.68
89.7 7.68
89.8 8.28
89.9 7.32
90 6.12
90.1 7.32
90.2 8.16
90.3 8.16
90.4 8.04
90.5 7.92
90.6 7.8
90.7 7.08
90.8 7.44
90.9 7.8
91 6.12
91.1 7.44
91.2 7.8
91.3 6.36
91.4 6
91.5 7.8
91.6 7.8
91.7 0.6
91.8 3.96
91.9 7.8
92 7.92
92.1 7.8
92.2 7.92
92.3 7.8
92.4 7.92
92.5 9.48
92.6 9.12
92.7 5.88
92.8 6.84
92.9 7.92
93 7.8
93.1 7.8
93.2 6.96
93.3 7.44
93.4 7.32
93.5 7.08
93.6 7.08
93.7 7.44
93.8 7.32
93.9 5.28
94 0
94.1 0
94.2 0
94.3 0.48
94.4 0.48
94.5 4.32
94.6 7.44
94.7 7.44
94.8 8.16
94.9 9.36
95 5.88
95.1 6.24
95.2 7.44
95.3 7.44
95.4 7.44
95.5 7.32
95.6 6.48
95.7 6.72
95.8 7.08
95.9 6.6
96 6.6
96.1 7.08
96.2 5.4
96.3 5.76
96.4 6.84
96.5 6.84
96.6 6.12
96.7 6.72
96.8 6.84
96.9 6.12
97 6.84
97.1 6.72
97.2 6.6
97.3 6.6
97.4 4.92
97.5 5.88
97.6 6.84
97.7 6.84
97.8 6.72
97.9 6.84
98 6.72
98.1 6.36
98.2 6.6
98.3 6.48
98.4 6.48
98.5 6.36
98.6 5.04
98.7 6
98.8 6.84
98.9 6.72
99 6.36
99.1 6.48
99.2 6.12
99.3 6.12
99.4 6.12
99.5 6.48
99.6 6.24
99.7 5.52
99.8 4.68
99.9 6
100 6.48
