0.200158 10
0.402811 11
0.407617 13
0.412424 15
0.41723 17
0.422037 19
0.605506 21
0.612716 23
0.615119 25
0.622329 27
0.624732 29
0.631942 31
0.634345 33
0.641554 35
0.643958 37
0.809403 39
0.811807 41
0.823823 43
0.826226 45
0.828629 47
0.831032 49
0.843048 51
0.845451 53
0.847855 55
0.850258 57
0.862274 59
0.864677 61
0.86708 63
0.869483 65
0.881499 67
0.883903 69
0.886306 71
0.888709 73
1.0157 75
1.01811 77
1.02051 79
1.02291 81
1.04454 83
1.04695 85
1.04935 87
1.05175 89
1.05415 91
1.05656 93
1.05896 95
1.06136 97
1.08299 99
1.0854 101
1.0878 103
1.0902 105
1.09261 107
1.09501 109
1.09741 111
1.09982 113
1.12144 115
1.12385 117
1.12625 119
1.12865 121
1.13106 123
1.13346 125
1.13586 127
1.13827 129
1.1599 131
1.1623 133
1.1647 135
1.16711 137
1.16951 139
1.17191 141
1.17431 143
1.17672 145
1.22681 147
1.22921 149
1.23162 151
1.23402 153
1.23642 155
1.23883 157
1.24123 159
1.24363 161
1.28449 163
1.28689 165
1.28929 167
1.2917 169
1.2941 171
1.2965 173
1.29891 175
1.30131 177
1.30371 179
1.30612 181
1.30852 183
1.31092 185
1.31333 187
1.31573 189
1.31813 191
1.32053 193
1.36139 195
1.36379 197
1.3662 199
1.3686 201
1.371 203
1.37341 205
1.37581 207
1.37821 209
1.38061 211
1.38302 213
1.38542 215
1.38782 217
1.39023 219
1.39263 221
1.39503 223
1.39744 225
1.43829 227
1.44069 229
1.4431 231
1.4455 233
1.4479 235
1.45031 237
1.45271 239
1.45511 241
1.45752 243
1.45992 245
1.46232 247
1.46473 249
1.46713 251
1.46953 253
1.47194 255
1.47434 257
1.51519 259
1.5176 261
1.52 263
1.5224 265
1.52481 267
1.52721 269
1.52961 271
1.53202 273
1.53442 275
1.53682 277
1.53923 279
1.54163 281
1.54403 283
1.54644 285
1.54884 287
1.55124 289
1.5921 291
1.5945 293
1.5969 295
1.59931 297
1.60171 299
1.60411 301
1.60652 303
1.60892 305
1.61132 307
1.61373 309
1.61613 311
1.61853 313
1.62093 315
1.62334 317
1.62574 319
1.62814 321
1.70745 323
1.70985 325
1.71226 327
1.71466 329
1.71706 331
1.71947 333
1.72187 335
1.72427 337
1.72668 339
1.72908 341
1.73148 343
1.73389 345
1.73629 347
1.73869 349
1.74109 351
1.7435 353
1.7459 355
1.7483 357
1.75071 359
1.75311 361
1.75551 363
1.75792 365
1.76032 367
1.76272 369
1.76513 371
1.76753 373
1.76993 375
1.77234 377
1.77474 379
1.77714 381
1.77955 383
1.78195 385
1.86125 387
1.86366 389
1.86606 391
1.86846 393
1.87087 395
1.87327 397
1.87567 399
1.87808 401
1.88048 403
1.88288 405
1.88529 407
1.88769 409
1.89009 411
1.8925 413
1.8949 415
1.8973 417
1.89971 419
1.90211 421
1.90451 423
1.90692 425
1.90932 427
1.91172 429
1.91413 431
1.91653 433
1.91893 435
1.92133 437
1.92374 439
1.92614 441
1.92854 443
1.93095 445
1.93335 447
1.93575 449
2.01506 451
2.01746 453
2.01987 455
2.02227 457
2.02467 459
2.02708 461
2.02948 463
2.03188 465
2.03429 467
2.03669 469
2.03909 471
2.04149 473
2.0439 475
2.0463 477
2.0487 479
2.05111 481
2.05351 483
2.05591 485
2.05832 487
2.06072 489
2.06312 491
2.06553 493
2.06793 495
2.07033 497
2.07274 499
2.07514 501
2.07754 503
2.07995 505
2.08235 507
2.08475 509
2.08716 511
2.08956 513
2.14483 515
2.14965 513
2.15086 512.393
2.15207 510.089
2.15327 509.786
2.15447 507.482
2.15567 506
2.15687 503
2.15807 502
2.15927 499
2.16048 498.001
2.16168 495.698
2.16288 494
2.16408 491
2.16528 490
2.16648 487
2.16769 486.218
2.16889 483.914
2.17009 482
2.17129 479
2.17249 478
2.17369 475
2.1749 474.433
2.1761 471
2.1773 470
2.1785 467
2.1797 466
2.1809 463
2.18211 462.648
2.22176 459
2.22296 458
2.22416 455
2.22536 454
2.22656 451.169
2.22777 450.865
2.22897 447
2.23017 446
2.23137 443
2.23257 442
2.23377 439.384
2.23498 438
2.23618 435
2.23738 434
2.23858 431
2.23978 430
2.24098 427.6
2.24219 426
2.24339 423
2.24459 422
2.24579 419
2.24699 418.119
2.24819 415.816
2.24939 414
2.2506 411
2.2518 410
2.253 407
2.2542 406.335
2.2554 403
2.2566 402
2.25781 399
2.25901 398
2.33711 395
2.33831 394.551
2.33951 391
2.34072 390
2.34192 387
2.34312 386
2.34432 383.07
2.34552 382.767
2.34672 379
2.34793 378
2.34913 375
2.35033 374
2.35153 371.286
2.35273 370
2.35393 367
2.35514 366
2.35634 363
2.35754 362
2.35874 360
2.36114 358
2.36355 356
2.36595 354
2.36835 352
2.37076 350
2.37316 348
2.37556 346
2.37797 344
2.38037 342
2.38277 340
2.38518 338
2.38758 336
2.38998 334
2.39239 332
2.39479 330
2.39719 328
2.39959 326
2.402 324
2.4044 322
2.4068 320
2.40921 318
2.41161 316
2.49092 314
2.49332 312
2.49572 310
2.49813 308
2.50053 306
2.50293 304
2.50534 302
2.50774 300
2.51014 298
2.51255 296
2.51495 294
2.51735 292
2.51975 290
2.52216 288
2.52456 286
2.52696 284
2.52937 282
2.53177 280
2.53417 278
2.53658 276
2.53898 274
2.54138 272
2.54379 270
2.54619 268
2.54859 266
2.551 264
2.5534 262
2.5558 260
2.55821 258
2.56061 256
2.56301 254
2.56542 252
2.64472 250
2.64712 248
2.64953 246
2.65193 244
2.65433 242
2.65674 240
2.65914 238
2.66154 236
2.66395 234
2.66635 232
2.66875 230
2.67116 228
2.67356 226
2.67596 224
2.67837 222
2.68077 220
2.68317 218
2.68558 216
2.68798 214
2.69038 212
2.69279 210
2.69519 208
2.69759 206
2.69999 204
2.7024 202
2.7048 200
2.7072 198
2.70961 196
2.71201 194
2.71441 192
2.71682 190
2.71922 188
2.76007 186
2.76248 184
2.76849 260
2.76969 261
2.77089 260
2.80814 261
2.80934 260
2.81054 261
2.81174 260
2.81295 261
2.81415 260
2.81535 261
2.81655 260
2.81775 261
2.81895 260
2.82015 261
2.82136 260
2.82256 261
2.82376 260
2.82496 261
2.82616 260
2.82736 261
2.82857 260
2.82977 261
2.83097 260
2.83217 261
2.83337 260
2.83457 261
2.83578 260
2.83698 261
2.83818 260
2.83938 261
2.84058 260
2.84178 261
2.84299 260
2.84419 261
2.84539 260
2.84659 261
2.84779 260
2.84899 261
2.85019 260
2.8514 261
2.8526 260
2.8538 261
2.855 260
2.8562 261
2.8574 260
2.85861 261
2.85981 260
2.86101 261
2.86221 260
2.94031 261
2.94152 260
2.94272 261
2.94392 260
2.94512 261
2.94632 260
2.94752 261
2.94873 260
2.94993 261
2.95113 260
2.95233 261
2.95353 260
2.95473 261
2.95594 260
2.95714 261
2.95834 260
2.95954 261
2.96074 260
2.96194 261
2.96315 260
2.96435 261
2.96555 260
2.96675 261
2.96795 260
2.96915 261
2.97035 260
2.97156 261
2.97276 260
2.97396 261
2.97516 260
2.97636 261
2.97756 260
2.97877 261
2.97997 260
2.98117 261
2.98237 260
2.98357 261
2.98477 260
2.98598 261
2.98718 260
2.98838 261
2.98958 260
2.99078 261
2.99198 260
2.99319 261
2.99439 260
2.99559 261
2.99679 260
2.99799 261
2.99919 260
3.00039 261
3.0016 260
3.0028 261
3.004 260
3.0052 261
3.0064 260
3.0076 261
3.00881 260
3.01001 261
3.01121 260
3.01241 261
3.01361 260
3.01481 261
3.01602 260
3.09412 261
3.09532 260
3.09652 261
3.09772 260
3.09893 261
3.10013 260
3.10133 261
3.10253 260
3.10373 261
3.10493 260
3.10614 261
3.10734 260
3.10854 261
3.10974 260
3.11094 261
3.11214 260
3.11335 261
3.11455 260
3.11575 261
3.11695 260
3.11815 261
3.11935 260
3.12055 261
3.12176 260
3.12296 261
3.12416 260
3.12536 261
3.12656 260
3.12776 261
3.12897 260
3.13017 261
3.13137 260
3.13257 261
3.13377 260
3.13497 261
3.13618 260
3.13738 261
3.13858 260
3.13978 261
3.14098 260
3.14218 261
3.14339 260
3.14459 261
3.14579 260
3.14699 261
3.14819 260
3.14939 261
3.15059 260
3.1518 261
3.153 260
3.1542 261
3.1554 260
3.1566 261
3.1578 260
3.15901 261
3.16021 260
3.16141 261
3.16261 260
3.16381 261
3.16501 260
3.16622 261
3.16742 260
3.16862 261
3.16982 260
3.24192 261
3.25513 260
3.26835 261
3.28157 260
3.29479 261
3.308 260
3.31281 261
3.31401 260
3.31521 261
3.31642 260
3.31762 261
3.31882 260
3.32002 261
3.32122 260
3.32242 261
3.32363 260
3.32483 261
3.32603 260
3.32723 261
3.32843 260
3.32963 261
3.33083 260
3.33204 261
3.33324 260
3.33444 261
3.33564 260
3.33684 261
3.33804 260
3.33925 261
3.34045 260
3.34165 261
3.34285 260
3.34405 261
3.34525 260
3.34646 261
3.34766 260
3.34886 261
3.35126 260
3.35367 261
3.35487 260
3.35607 261
3.35727 260
3.35847 261
3.35967 260
3.36087 261
3.36208 260
3.36328 261
3.36448 260
3.36568 261
3.36688 260
3.36808 261
3.36929 260
3.37049 261
3.37169 260
3.37289 261
3.37409 260
3.37529 261
3.3777 260
3.3801 261
3.3813 260
3.3825 261
3.38371 260
3.38491 261
3.38611 260
3.38731 261
3.38851 260
3.38971 261
3.39091 260
3.39212 261
3.39332 260
3.39452 261
3.39572 260
3.39692 261
3.39812 260
3.39932 261
3.40052 260
3.40171 261
3.40412 260
3.40651 360
3.44016 355
3.44137 354.387
3.44257 354.08
3.44377 353.773
3.44497 353.467
3.44617 353.16
3.44737 352.854
3.44858 352.547
3.44978 351
3.45098 350
3.45218 349
3.45338 348
3.45458 347
3.45579 346
3.45699 345
3.45819 344.436
3.45939 343
3.46059 342
3.46179 341
3.463 340
3.4642 339
3.4654 338
3.4666 337
3.4678 336.324
3.469 335
3.4702 334
3.47141 333
3.47261 332
3.47381 331
3.47501 330
3.47621 329
3.47741 328.212
3.47862 327
3.47982 326
3.48102 325
3.48222 324
3.48342 323
3.48462 322
3.48583 321
3.48703 320.1
3.48823 319
3.48943 318
3.49063 317
3.49183 316
3.56994 315
3.57114 314
3.57234 313
3.57354 312
3.57474 311
3.57595 310
3.57715 309
3.57835 308
3.57955 307
3.58075 306
3.58195 305
3.58316 304
3.58436 303.57
3.58556 302
3.58676 301
3.58796 300
3.58916 299
3.59036 298
3.59157 297
3.59277 296
3.59397 295.459
3.59517 294
3.59637 293
3.59757 292
3.59878 291
3.59998 290
3.60118 289
3.60238 288
3.60358 287.347
3.60478 286
3.60599 285
3.60719 284
3.60839 283
3.60959 282
3.61079 281
3.61199 280
3.6132 279.235
3.6144 278
3.6156 277
3.6168 276
3.618 275
3.6192 274
3.6204 273
3.62161 272
3.62281 271.124
3.62401 270
3.62521 269
3.62641 268
3.62761 267
3.62882 266
3.63002 265
3.63122 264
3.63242 263.012
3.63362 262
3.63482 261
3.63603 260
3.63723 259
3.63843 258
3.63963 257
3.64083 256
3.64203 255
3.64324 254.593
3.64444 253
3.64564 252
3.72374 251
3.92442 250
3.95447 242
4.04098 241
4.04218 232
4.04338 223
4.04459 214
4.04579 205
4.04699 196
4.04819 187
4.04939 178
4.053 169
4.0542 160
4.0554 251
4.09746 243
4.29692 251
4.58769 252
4.59009 253
4.59249 254
4.61652 255
4.72707 256
4.82921 257
4.86886 258
4.90851 259
4.94696 260
4.98061 261
5.01906 262
5.05751 263
5.09596 264
5.13682 265
5.17527 266
5.21732 267
5.25577 268
5.29663 269
5.33508 270
5.38074 271
5.4216 272
5.46726 273
5.51292 274
5.56098 275
5.60664 276
5.65471 277
5.70037 278
5.75083 279
5.80611 280
5.85177 281
5.90704 282
5.96472 283
6.01999 284
6.08248 285
6.13775 286
6.20264 287
6.26272 288
6.33241 289
6.3997 290
6.479 291
6.5487 292
6.6256 293
6.70731 294
6.81305 295
6.90197 296
6.99089 297
7.08461 298
7.2288 299
7.32493 300
7.44509 301
7.64215 302
7.8248 303
8.15283 304
8.33548 305
8.85817 306
10.9069 307
11.3803 308
11.5077 309
11.7048 310
11.9468 311
12.1457 312
12.2635 313
12.5248 314
12.648 315
12.7417 316
12.8379 317
13.1287 318
13.1731 319
13.2332 320
13.2909 321
13.3546 322
13.4098 323
13.4651 324
13.518 325
13.7823 326
13.8184 327
13.8568 328
13.8953 329
13.9337 330
13.9722 331
14.0154 332
14.0539 333
14.0947 334
14.1332 335
14.3783 336
14.4048 335
14.406 334.391
14.4072 334.086
14.4084 333.781
14.4096 333.477
14.4108 333.172
14.412 332.867
14.4132 332.562
14.4144 331
14.4156 330
14.4168 328
14.418 327
14.4192 326
14.4204 325
14.4216 324
14.4228 323.064
14.424 322.76
14.4252 321
14.4264 320
14.4276 319
14.4288 318
14.43 317
14.4312 316
14.4324 315
14.4336 314.261
14.4348 313.956
14.436 312
14.4372 311
14.4384 310
14.4396 309
14.4408 308
14.442 307
14.4432 306
14.4444 305.458
14.4456 304
14.4468 303
14.448 302
14.4492 301
14.4504 300
14.4516 299
14.4528 297
14.454 296
14.4552 295.655
14.4564 294
14.4577 293
14.4589 292
14.4601 291
14.4613 290
14.4625 289
14.4637 288
14.4649 287.157
14.4661 286.852
14.4673 285
14.4685 284
14.4697 283
14.4709 282
14.4721 281
14.4733 280
14.4745 279
14.4757 278.354
14.4769 278.049
14.4781 277
14.4793 276
14.4805 275
14.4817 274
14.4829 273
14.4841 272
14.4853 271
14.4865 270
14.4877 269
14.4889 268
14.4901 267
14.4913 265
14.4925 264
14.4937 263
14.4949 262
14.4961 261
14.4973 260
14.4985 259
14.4997 258
14.5009 257
14.5021 256
14.5033 255
14.5045 254
14.5057 253
14.5069 252
14.5081 251
14.5093 250
14.5105 249
14.5117 248
14.5129 247
14.5141 246
14.5153 245
14.5165 244
14.5177 243
14.5189 242
14.5201 241
14.5213 240
14.5225 239
14.5237 238
14.5249 237
14.5261 236
14.5273 235
14.5297 234
14.5682 233
14.6091 232
14.6499 231
14.6884 230
14.7292 229
14.7677 228
14.9647 235
15.211 236
15.2134 237
15.2158 238
15.2182 239
15.2206 240
15.223 241
15.3949 242
15.3973 243
15.4369 244
15.461 245
15.485 246
15.509 247
15.5355 248
15.5595 249
15.5835 250
15.61 251
15.634 252
15.658 253
15.6869 254
15.8827 255
15.9152 256
15.932 257
15.9488 258
15.968 259
15.9873 260
16.0065 261
16.0281 262
16.0473 263
16.069 264
16.0882 265
16.1098 266
16.1315 267
16.1555 268
16.1771 269
16.2011 270
16.4271 271
16.4439 272
16.4631 273
16.4799 274
16.4991 275
16.5184 276
16.5412 277
16.5628 278
16.5821 279
16.6037 280
16.6253 281
16.6493 282
16.6734 283
16.6974 284
16.7238 285
16.9497 286
16.9822 287
17.0014 288
17.023 289
17.0423 290
17.0639 291
17.0879 292
17.1144 293
17.1384 294
17.1648 295
17.1913 296
17.2177 297
17.2465 298
17.2754 299
17.3066 300
17.565 301
17.589 302
17.613 303
17.6419 304
17.6683 305
17.7044 306
17.7332 307
17.7668 308
17.8005 309
17.8365 310
17.8726 311
18.111 312
18.1778 313
18.2114 314
18.2451 315
18.2835 316
18.3244 317
18.3676 318
18.4085 319
18.4566 320
18.5094 321
18.7954 322
18.8459 321
18.8471 320.39
18.8483 320.084
18.8495 319.778
18.8507 319.472
18.8519 319.167
18.8531 318.861
18.8543 318.556
18.8555 318.25
18.8567 317
18.8579 316
18.8591 315
18.8603 314
18.8615 313
18.8627 312
18.8639 311
18.8651 310
18.8663 309.178
18.8675 308
18.8687 307
18.8699 306
18.8711 305
18.8723 304
18.8735 303
18.8747 302
18.8759 301
18.8771 300.106
18.8783 299
18.8795 297
18.8807 296
18.8819 295
18.8831 294
18.8843 293
18.8855 292
18.8867 291
18.8879 290.033
18.8891 289
18.8903 288
18.8915 287
18.8927 286
18.894 285
18.8952 284
18.8964 283
18.8976 282
18.8988 281
18.9 280
18.9012 279
18.9024 278
18.9036 277
18.9048 276
18.906 275
18.9072 274
18.9084 273
18.9096 272
18.9108 271
18.912 270
18.9132 269
18.9144 268
18.9156 267
18.9168 266
18.918 264
18.9192 263
18.9204 262
18.9216 261
18.9228 260
18.924 259
18.9288 258
18.93 257
18.9312 256
18.9324 255
18.9336 254
18.9348 253
18.936 252
18.9372 251
18.9384 250
18.9396 249
18.9408 248
18.942 247
18.9432 246
18.9444 245
18.9456 244
18.9468 243
18.948 242
18.9492 241
18.9504 240
18.9516 239
18.9528 238
18.954 237
18.9552 236
18.9564 235
18.9576 234.294
18.9588 233
18.96 232
18.9612 231
18.9624 230
18.9637 229
18.9649 228
18.9661 227
18.9673 226
18.9685 225
19.0021 224
19.043 223
19.091 222
19.1343 221
19.1439 220
19.4299 219
19.4767 225
19.872 226
19.8744 227
19.8768 228
19.8792 229
19.9177 230
19.991 231
20.0463 232
20.1051 233
20.2986 234
20.3479 235
20.3839 236
20.4224 237
20.4584 238
20.4921 239
20.5329 240
20.5714 241
20.7444 242
20.8201 243
20.8513 244
20.8898 245
20.921 246
20.9571 247
20.9931 248
21.0364 249
21.0808 250
21.3104 251
21.3416 252
21.3849 253
21.4209 254
21.4642 255
21.5074 256
21.5615 257
21.7826 258
21.8451 259
21.8955 260
21.946 261
22.0085 262
22.0614 263
22.3017 264
22.3834 265
22.4531 266
22.5324 267
22.7967 268
22.9037 269
23.0166 270
23.335 271
23.5057 272
24.0524 273
26.0735 274
26.3162 275
26.6262 276
26.7596 277
26.9254 278
27.2282 279
27.3832 280
27.5298 281
27.7533 282
27.8771 283
27.9516 284
28.0261 285
28.0958 286
28.3337 287
28.4118 288
28.4647 289
28.5139 290
28.562 291
28.6125 292
28.6605 293
28.7182 294
28.9345 295
29.0162 296
29.0523 297
29.0835 298
29.122 299
29.1532 300
29.1868 301
29.2181 302
29.2517 303
29.2854 304
29.325 305
29.5569 306
29.5689 307
29.6459 308
29.6747 309
29.6987 310
29.718 309
29.7192 308.392
29.7204 308.087
29.7216 307.782
29.7228 307.478
29.724 307.173
29.7252 306.869
29.7264 306.564
29.7276 306.26
29.7288 305
29.73 304
29.7312 303
29.7324 302
29.7336 301
29.7396 300
29.7408 299
29.742 298
29.7432 297
29.7444 296
29.7456 295
29.7468 294
29.748 293
29.7492 292
29.7504 291
29.7516 290
29.7528 289
29.754 288
29.7552 287.344
29.7564 285
29.7576 284
29.7588 283
29.76 282
29.7612 281
29.7624 280
29.7636 279
29.7648 278
29.766 277.038
29.7672 276
29.7684 275
29.7696 274
29.7708 273
29.772 272
29.7732 271
29.7744 270
29.7756 269
29.7768 268
29.778 267.427
29.7792 266
29.7804 265
29.7816 264
29.7828 263
29.7841 262
29.7853 261
29.7865 260
29.7877 258
29.7889 257.122
29.7901 256
29.7913 255
29.7925 254
29.7937 253
29.7949 252
29.7961 251
29.7973 250
29.7985 249
29.7997 248
29.8009 247.511
29.8021 246
29.8033 245
29.8045 244
29.8057 243
29.8069 242
29.8081 241
29.8093 240
29.8105 239
29.8117 238.205
29.8129 237
29.8141 236
29.8153 235
29.8165 234
29.8177 233
29.8189 232
29.8201 231
29.8213 229
29.8225 228
29.8237 227
29.8249 226
29.8261 225
29.8273 224
29.8285 223
29.8297 222
29.8309 221
29.8321 220
29.8333 219
29.8345 218.289
29.8357 217
29.8525 216
29.8862 215
29.9198 214
29.9523 213
29.9595 212
30.1914 211
30.2407 210
30.2755 209
30.2875 208
30.3092 207
30.3332 206
30.3488 217
30.7766 218
30.779 219
30.7814 220
30.7838 221
30.7862 222
30.7886 223
30.827 224
30.8703 225
30.9087 226
30.9532 227
31.0998 228
31.1539 229
31.1995 230
31.2187 231
31.238 232
31.2596 233
31.2788 234
31.3161 235
31.3377 236
31.3593 237
31.3834 238
31.405 239
31.4338 240
31.5985 241
31.6105 242
31.6681 243
31.7126 244
31.7294 245
31.7462 246
31.7655 247
31.7847 248
31.8183 249
31.8376 250
31.8568 251
31.8784 252
31.9001 253
31.9217 254
31.9541 255
31.9758 256
32.1452 257
32.2281 258
32.2521 259
32.2713 260
32.2906 261
32.3122 262
32.3314 263
32.3687 264
32.3903 265
32.4143 266
32.4384 267
32.4624 268
32.4985 269
32.5249 270
32.7051 271
32.7952 272
32.8241 273
32.8481 274
32.8697 275
32.8962 276
32.9358 277
32.9647 278
32.9911 279
33.0223 280
33.0512 281
33.0944 282
33.2903 283
33.3888 284
33.4225 285
33.4513 286
33.4826 287
33.5162 288
33.5655 289
33.6039 290
33.6424 291
33.6964 292
33.9067 293
34.0149 294
34.0605 295
34.1038 296
34.1639 297
34.2143 298
34.2648 299
34.3141 298
34.3153 297.389
34.3165 297.084
34.3177 296.778
34.3189 296.472
34.3201 296.166
34.3213 295.86
34.3225 295.555
34.3237 295.249
34.3249 294
34.3261 293
34.3273 292
34.3285 291
34.3297 290
34.3309 288
34.3321 287
34.3333 286
34.3345 285
34.3357 284.387
34.3369 283
34.3381 282
34.3393 281
34.3405 280
34.3417 279
34.3429 278
34.3441 277
34.3453 276
34.3465 275
34.3477 274.526
34.3489 273
34.3501 272
34.3513 271
34.3525 270
34.3537 269
34.3549 268
34.3561 267
34.5304 266
34.5316 265
34.5328 264.664
34.534 263
34.5352 262
34.5364 261
34.5376 260
34.5388 259
34.54 258
34.5412 257
34.5424 256
34.5436 255.108
34.5448 254.802
34.546 253
34.5472 252
34.5484 251
34.5496 250
34.5989 249
34.6001 248
34.6013 247
34.6025 245
34.6037 244.246
34.6049 243
34.6061 242
34.6073 241
34.6085 240
34.6097 239
34.6109 238
34.6385 237
34.6397 236
34.6409 235
34.6421 234.384
34.6433 233
34.6445 232
34.6457 231
34.6469 230
34.6481 229
34.6493 228
34.6505 227
34.6517 226
34.6529 225
34.6602 224.521
34.6614 223
34.6626 222
34.6638 221
34.665 220
34.6662 219
34.6674 218
34.6686 217
34.6698 216
34.671 215
34.6722 214.66
34.6734 213
34.6746 212
34.6758 211
34.677 210
34.6782 209
34.7383 208
34.8488 207
34.8993 206
34.9437 209
35.3426 210
35.345 211
35.3474 212
35.3498 213
35.4039 214
35.6118 215
35.6478 216
35.6971 217
35.7356 218
35.7716 219
35.8101 220
35.8713 221
36.072 222
36.1008 223
36.1297 224
36.1741 225
36.2078 226
36.2414 227
36.2799 228
36.3424 229
36.5502 230
36.5815 231
36.6151 232
36.6644 233
36.7004 234
36.7389 235
36.7798 236
37.0369 237
37.0633 238
37.1042 239
37.1619 240
37.2075 241
37.2556 242
37.3133 243
37.5812 244
37.6389 245
37.7122 246
37.7867 247
37.8876 248
38.158 249
38.2613 250
38.3478 251
38.6759 252
38.8417 253
39.3896 254
41.3735 255
41.7015 256
41.9286 257
42.1245 258
42.4849 259
42.5498 260
42.7253 261
43.0509 262
43.1182 263
43.2179 264
43.2972 265
43.3922 266
43.6481 267
43.6938 268
43.7394 269
43.8079 270
43.8536 271
43.8992 272
43.9749 273
44.2213 274
44.2501 275
44.2813 276
44.3126 277
44.3691 278
44.4003 279
44.4339 280
44.4676 281
44.5012 282
44.5349 283
44.8281 284
44.8353 285
44.8569 286
44.8809 287
44.9026 288
44.9266 289
44.9506 290
45.0023 291
45.0263 292
45.0504 293
45.0744 294
45.1008 295
45.1273 296
45.1537 297
45.209 298
45.4625 296
45.4637 295.387
45.4649 295.08
45.4661 294.773
45.4673 294.467
45.4685 294.16
45.4697 292.854
45.4709 292.547
45.4721 292.24
45.4733 291
45.4745 290
45.4757 289
45.4769 288
45.4781 287
45.4794 286
45.4806 285
45.4818 284
45.483 283
45.4842 282.345
45.4854 281
45.4866 280
45.4878 279
45.489 278
45.4902 277
45.4914 275
45.4926 274
45.4938 273
45.495 272
45.4962 271.451
45.4974 270
45.4986 269
45.4998 268
45.501 267
45.5022 266
45.5034 265
45.5046 264
45.5058 263
45.507 262
45.5082 261.556
45.5094 260
45.5106 259
45.5118 258
45.513 257
45.5142 256
45.5154 254
45.5166 253
45.5178 252
45.519 251
45.5202 250.661
45.5214 249
45.5226 248
45.5238 247
45.525 246
45.5262 245
45.5274 244
45.5286 243
45.5298 242
45.531 241.073
45.5322 240.767
45.5334 239
45.5346 238
45.5358 237
45.537 235
45.5382 234
45.5394 233
45.5406 232
45.5418 231
45.543 230.178
45.5442 229
45.5454 228
45.5466 227
45.5478 226
45.5491 225
45.5503 224
45.5515 223
45.5527 222
45.5539 221
45.5551 220.283
45.5563 219
45.5575 218
45.5587 217
45.5599 216
45.5611 214
45.5623 213
45.5635 212
45.5647 211
45.5659 210
45.5671 209.389
45.5683 208
45.5851 207
45.6368 206
45.6608 205
45.6848 204
45.7089 203
45.7353 202
45.7617 201
45.7882 200
45.8434 199
46.0081 208
46.2892 209
46.2916 210
46.294 211
46.2964 212
46.2988 213
46.4262 214
46.4622 215
46.4743 216
46.5283 217
46.5476 218
46.5716 219
46.598 220
46.6245 221
46.6509 222
46.6773 223
46.7038 224
46.759 225
46.914 226
46.9657 227
46.9825 228
47.0306 229
47.0474 230
47.0666 231
47.0835 232
47.1027 233
47.1219 234
47.1411 235
47.1628 236
47.1844 237
47.206 238
47.2601 239
47.4247 240
47.4776 241
47.4944 242
47.5461 243
47.5629 244
47.5797 245
47.599 246
47.6182 247
47.6398 248
47.659 249
47.6831 250
47.7047 251
47.7287 252
47.7876 253
47.8116 254
48.0267 255
48.046 256
48.1 257
48.1193 258
48.1409 259
48.1625 260
48.1865 261
48.2106 262
48.2346 263
48.261 264
48.2899 265
48.356 266
48.3848 267
48.6155 268
48.6371 269
48.6936 270
48.7201 271
48.7489 272
48.7777 273
48.8114 274
48.8426 275
48.8787 276
48.9544 277
49.1586 278
49.2319 279
49.3004 280
49.3365 281
49.3749 282
49.4158 283
49.459 284
49.5071 285
49.5948 286
49.8448 285
49.846 284.39
49.8472 284.084
49.8484 283.778
49.8496 283.472
49.8508 283.167
49.852 282.861
49.8532 282.556
49.8544 282.25
49.8556 281.945
49.8568 280
49.858 279
49.8592 278
49.8604 277
49.8616 276
49.8628 275
49.864 274
49.8652 273
49.8664 271.082
49.8676 270.777
49.8688 269
49.87 268
49.8712 267
49.8724 266
49.8736 265
49.8748 264
49.876 263
49.8772 262
49.8784 261
49.8796 260.608
49.8808 259
49.882 258
49.8832 257
49.8844 256
49.8856 255
49.8868 254
49.888 253
49.8892 252
49.9241 251
49.9253 250.44
49.9265 249
49.9277 248
49.9289 247
49.9301 246
49.9313 245
49.9325 244
49.9337 243
49.9349 242
49.9361 241
49.9373 240.272
49.9385 239.966
49.9397 238
49.9409 237
49.9421 236
49.9433 235
49.9445 234
49.9457 233
49.9469 232
49.9481 231
49.9493 230.104
49.9505 229.798
49.9517 228
49.9529 227
49.9541 226
49.9553 225
49.9565 224
49.9577 223
49.9589 222
49.9601 221
49.9613 220
49.9625 219.63
49.9637 218
49.9649 217
49.9661 216
49.9673 215
49.9685 214
49.9697 213
49.9709 211
49.9721 210
49.9733 209
49.9745 208.462
49.9757 207
49.9769 206
49.9781 205
49.9793 204
49.9806 203
49.9818 202
49.983 201
49.9842 200
50.0094 199
50.0502 198
50.0935 197
50.1295 195
50.1416 194
50.4203 193
50.4744 200
50.8625 201
50.8649 202
50.8673 203
50.913 204
50.967 205
51.0223 206
51.0656 207
51.1148 208
51.2014 209
51.3203 210
51.4393 211
51.4705 212
51.5042 213
51.5378 214
51.5739 215
51.6159 216
51.6892 217
51.867 218
51.9331 219
51.9668 220
51.998 221
52.0365 222
52.0773 223
52.1554 224
52.2936 225
52.421 226
52.4594 227
52.4979 228
52.5435 229
52.5976 230
52.6901 231
52.9353 232
52.9809 233
53.0362 234
53.0987 235
53.208 236
53.4676 237
53.5397 238
53.6382 239
53.9386 240
54.0792 241
54.269 242
54.817 243
56.7744 244
57.1385 245
57.3764 246
57.5722 247
57.7669 248
58.0156 249
58.1406 250
58.4362 251
58.5251 252
58.6092 253
58.709 254
58.9745 255
59.0226 256
59.073 257
59.1235 258
59.1872 259
59.2773 260
59.4864 261
59.5645 262
59.5957 263
59.6318 264
59.6654 265
59.7015 266
59.7435 267
59.782 268
59.8577 269
60.0043 270
60.0956 271
60.1653 272
60.1893 273
60.211 274
60.2374 275
60.2614 276
60.2879 277
60.3143 278
60.3431 279
60.3816 280
60.4525 281
60.4789 282
60.6267 283
60.7144 284
60.7288 285
60.7949 286
60.7997 285
60.8009 284.39
60.8021 284.084
60.8033 283.778
60.8045 283.472
60.8058 283.167
60.807 282.861
60.8082 282.556
60.8094 282.25
60.8106 281.945
60.8118 280
60.813 279
60.8142 278
60.8154 277
60.8166 276
60.8178 275
60.819 274
60.8202 273
60.8214 272.082
60.8226 271.777
60.8238 269
60.825 268
60.8262 267
60.8274 266
60.8286 265
60.8298 264
60.831 263
60.8322 262
60.8334 261
60.8346 260.608
60.8358 259
60.837 258
60.8382 257
60.8394 256
60.8406 255
60.8418 254
60.843 253
60.8442 252
60.8454 250
60.8466 249.44
60.8478 248
60.849 247
60.8502 246
60.8514 245
60.8526 244
60.8538 243
60.855 242
60.8562 241
60.8574 240
60.8586 239.272
60.8598 238.966
60.861 237
60.8622 236
60.8634 235
60.8646 234
60.8658 233
60.867 232
60.8682 231
60.8695 230
60.8707 229.104
60.8719 227.798
60.8731 226
60.8743 225
60.8755 224
60.8767 223
60.8779 222
60.8791 221
60.8803 220
60.8815 219
60.8827 218
60.8839 217.63
60.8851 216
60.8863 215
60.8875 214
60.8887 213
60.8899 212
60.8911 211
60.8923 210
60.8935 209
60.8947 208
60.8959 206.462
60.8971 205
60.8983 204
60.8995 203
60.9007 202
60.9019 201
60.9031 200
60.9223 199
60.9488 198
60.986 197
61.0869 196
61.1134 195
61.2612 194
61.3489 193
61.3633 192
61.4258 200
61.8103 201
61.8127 202
61.8151 203
61.8175 204
61.8764 205
61.8788 206
61.8884 207
61.9292 208
61.9581 209
61.9917 210
62.029 211
62.0626 212
62.1852 213
62.2753 214
62.3642 215
62.3786 216
62.3955 217
62.4147 218
62.4339 219
62.4531 220
62.4724 221
62.494 222
62.5156 223
62.5372 224
62.5613 225
62.6887 226
62.7812 227
62.798 228
62.8881 229
62.9049 230
62.9218 231
62.9386 232
62.9578 233
62.977 234
62.9987 235
63.0179 236
63.0395 237
63.0635 238
63.0852 239
63.2234 240
63.3207 241
63.3399 242
63.436 243
63.4553 244
63.4769 245
63.4961 246
63.5178 247
63.5418 248
63.5658 249
63.5899 250
63.6163 251
63.6427 252
63.7881 253
63.8963 254
63.9179 255
64.0248 256
64.0465 257
64.0729 258
64.0993 259
64.1282 260
64.1594 261
64.1907 262
64.2243 263
64.3817 264
64.4983 265
64.6148 266
64.6461 267
64.6773 268
64.7133 269
64.7518 270
64.7927 271
64.8383 272
65.0089 273
65.1411 274
65.2757 275
65.3118 274
65.313 273.387
65.3142 273.08
65.3154 272.773
65.3166 272.466
65.3178 272.16
65.319 271.852
65.3202 271.546
65.3214 271.239
65.3226 270.932
65.3238 269
65.325 268
65.3262 267
65.3274 266
65.3286 265
65.3298 264
65.331 263
65.3322 262
65.3334 261
65.3346 260.468
65.3358 260.161
65.337 259
65.3382 258
65.3394 257
65.3406 256
65.3418 255
65.343 254
65.3442 253
65.3454 252
65.3466 251
65.3478 249
65.349 248.391
65.3502 247
65.3514 246
65.3526 245
65.3538 244
65.355 243
65.3562 242
65.3574 241
65.3586 240
65.3598 239
65.361 238
65.3622 237
65.3634 236
65.3646 235
65.3658 234
65.367 233
65.3682 232
65.3694 231
65.3706 230
65.3718 229
65.373 228
65.3742 227.157
65.3754 226
65.3766 225
65.3778 224
65.379 223
65.3802 222
65.3815 221
65.3827 220
65.3839 219
65.3851 218
65.3863 216
65.3875 215.386
65.3887 214
65.3899 213
65.3911 212
65.3923 211
65.3935 210
65.3947 209
65.3959 208
65.3971 207
65.3983 206
65.3995 205
65.4007 204
65.4019 203
65.4031 202
65.4043 201
65.4055 200
65.4067 199
65.4079 198
65.4091 197
65.4103 196
65.4115 195
65.4127 194.152
65.4139 193
65.4151 192
65.4271 191
65.4463 190
65.4728 189
65.6266 188
65.6434 187
65.7756 186
65.8741 185
65.9102 184
65.9426 192
66.3523 193
66.3547 194
66.3571 195
66.3595 196
66.4076 197
66.5338 198
66.6347 199
66.6659 200
66.7897 201
66.8234 202
66.8642 203
66.8979 204
67.0024 205
67.1069 206
67.1406 207
67.2631 208
67.2944 209
67.328 210
67.3641 211
67.4073 212
67.5936 213
67.6248 214
67.7498 215
67.7858 216
67.8219 217
67.8651 218
67.9084 219
68.1091 220
68.2461 221
68.2845 222
68.3374 223
68.3902 224
68.52 225
68.7687 226
68.824 227
68.8913 228
69.0619 229
69.3383 230
69.4753 231
69.7336 232
70.2816 233
72.1909 234
72.5922 235
72.877 236
72.99 237
73.1546 238
73.4322 239
73.7085 240
73.7662 241
73.8623 242
74.1147 243
74.1675 244
74.3225 245
74.3778 246
74.4379 247
74.5737 248
74.7047 249
74.7455 250
74.8849 251
74.9161 252
74.9546 253
74.9882 254
75.0243 255
75.154 256
75.1805 257
75.303 258
75.3319 259
75.4629 260
75.4869 261
75.5133 262
75.5374 263
75.5614 264
75.5878 265
75.6167 266
75.6455 267
75.7645 268
75.7885 269
75.9087 270
75.9303 271
75.9495 272
76.0781 273
76.0973 274
76.1165 275
76.1334 276
76.1526 277
76.1742 278
76.1934 279
76.2151 280
76.2343 281
76.2559 282
76.2799 283
76.3941 284
76.3989 283
76.4001 282.385
76.4013 282.077
76.4025 281.769
76.4037 281.462
76.4049 281.154
76.4061 280.847
76.4073 280.539
76.4085 280.231
76.4097 279.923
76.4109 278
76.4121 277
76.4133 276
76.4145 275
76.4157 274
76.4169 273
76.4181 272
76.4193 271
76.4206 270
76.4218 269.684
76.5239 267
76.5251 266
76.5263 265
76.5275 264
76.5287 263
76.5299 262
76.5311 261
76.5323 260
76.5335 259
76.5347 258.445
76.5359 258.137
76.5371 257
76.5383 256
76.5395 255
76.5407 254
76.5419 253
76.5431 251
76.5443 250
76.5455 249
76.5467 248
76.5479 247
76.5491 246
76.5503 245
76.5515 244
76.5527 243
76.5539 242
76.5551 241
76.5563 240
76.5575 239
76.5587 238
76.5599 237
76.5611 236
76.5623 235
76.5635 234
76.5647 232
76.566 231
76.5672 230
76.5684 229
76.5696 228
76.5708 227
76.572 226
76.5732 225.112
76.5744 224
76.5756 223
76.5768 222
76.578 221
76.5792 220
76.5804 219
76.5816 218
76.5828 217
76.584 215
76.5852 214
76.6993 213
76.7005 212
76.7017 211
76.7029 209
76.7041 208
76.7053 207
76.7065 206
76.7077 205
76.7089 204
76.7101 203
76.7113 202
76.7125 200
76.7137 199
76.7149 198
76.7318 197
76.751 196
76.7678 195
76.787 194
76.8087 193
76.8279 192
76.8495 191
76.8688 190
76.8904 189
76.9144 188
76.9829 198
77.359 199
77.3614 200
77.3638 201
77.3662 202
77.4275 203
77.4299 204
77.4419 205
77.6305 206
77.6522 207
77.6714 208
77.693 209
77.7147 210
77.7387 211
77.7603 212
77.7844 213
77.8084 214
77.8348 215
77.9237 216
78.0054 217
78.1352 218
78.1496 219
78.1641 220
78.1809 221
78.1977 222
78.2169 223
78.2337 224
78.253 225
78.2746 226
78.2938 227
78.3155 228
78.3419 229
78.4356 230
78.4548 231
78.6603 232
78.6747 233
78.6916 234
78.7108 235
78.7276 236
78.7468 237
78.7661 238
78.7877 239
78.8093 240
78.8333 241
78.8574 242
78.8862 243
78.9847 244
79.0725 245
79.2239 246
79.2431 247
79.2623 248
79.2864 249
79.308 250
79.332 251
79.356 252
79.3825 253
79.4113 254
79.4438 255
79.5567 256
79.654 257
79.8139 258
79.8379 259
79.8667 260
79.8932 261
79.9244 262
79.9604 263
79.9917 264
80.0313 265
80.1575 266
80.2645 267
80.4375 268
80.4735 269
80.512 270
80.5552 271
80.5985 272
80.6526 273
80.8028 274
81.0623 275
81.0719 274
81.0731 273.387
81.0743 273.08
81.0755 272.773
81.0767 272.466
81.0779 272.16
81.0791 271.852
81.0803 271.546
81.0815 271.239
81.0828 270.932
81.084 269
81.0852 268
81.0864 267
81.0876 266
81.0888 265
81.09 264
81.0912 263
81.0924 262
81.0936 261
81.0948 260.468
81.096 260.161
81.0972 259
81.0984 258
81.0996 257
81.1008 256
81.102 255
81.1032 254
81.1044 253
81.1056 252
81.1068 251
81.108 249
81.1092 248.391
81.1104 247
81.1116 246
81.1128 245
81.114 244
81.1152 243
81.1164 242
81.1176 241
81.1188 240
81.12 239
81.1212 238
81.1224 237
81.1236 236
81.1248 235
81.126 234
81.1272 233
81.1284 232
81.1296 231
81.1308 230
81.132 229
81.1332 228
81.1344 227.157
81.1356 226
81.1368 225
81.138 224
81.1392 223
81.1404 222
81.1416 221
81.1428 220
81.144 219
81.1452 218
81.1465 216
81.1477 215.386
81.1489 214
81.1501 213
81.1513 212
81.1525 211
81.1537 210
81.1549 209
81.1561 208
81.1573 207
81.1585 206
81.1597 205
81.1609 204
81.1621 203
81.1633 202
81.1645 201
81.1657 200
81.1669 199
81.1681 198
81.1693 197
81.1705 196
81.1717 195
81.1729 194.152
81.1741 193
81.1753 192
81.1897 191
81.233 190
81.2426 189
81.4108 188
81.4372 187
81.6115 192
81.8806 193
81.883 194
81.8854 195
81.8878 196
82.05 197
82.0957 198
82.145 199
82.1834 200
82.3132 201
82.3468 202
82.5102 203
82.5415 204
82.5703 205
82.6064 206
82.64 207
82.6785 208
82.807 209
82.9765 210
83.0053 211
83.0365 212
83.0726 213
83.1086 214
83.1555 215
83.2937 216
83.3898 217
83.51 218
83.5484 219
83.5917 220
83.6446 221
83.796 222
83.9041 223
84.0411 224
84.0867 225
84.154 226
84.3319 227
84.5506 228
84.6419 229
84.738 230
85.0913 231
85.2283 232
85.7762 233
87.8057 234
88.1433 235
88.3572 236
88.5158 237
88.6985 238
88.964 239
89.1082 240
89.3846 241
89.5324 242
89.6045 243
89.6766 244
89.8508 245
90.0515 246
90.0851 247
90.1284 248
90.1692 249
90.2197 250
90.2774 251
90.4216 252
90.4576 253
90.6571 254
90.6835 255
90.7148 256
90.7412 257
90.7724 258
90.8013 259
90.8349 260
90.8782 261
91.0224 262
91.0464 263
91.2447 264
91.2615 265
91.2831 266
91.3024 267
91.3264 268
91.348 269
91.372 270
91.3937 271
91.4177 272
91.4417 273
91.4682 274
91.503 275
91.646 276
91.6676 277
91.6869 278
91.8791 277
91.8803 276.386
91.8815 276.079
91.8827 275.772
91.8839 275.465
91.8851 275.157
91.8863 274.85
91.8875 274.544
91.8887 274.236
91.8899 273.929
91.8911 272
91.8923 271
91.8936 270
91.8948 269
91.896 267
91.8972 266
91.8984 265
91.8996 264
91.9008 263
91.902 262.541
91.9032 262.235
91.9044 261
91.9056 260
91.9068 259
91.908 258
91.9092 257
91.9104 256
91.9116 255
91.9128 254
91.914 253
91.9152 252
91.9164 251
91.9176 249
91.9188 248
91.92 247
91.9212 246
91.9224 245
91.9236 244
91.9248 243
91.926 242
91.9272 241
91.9284 240.153
91.9296 239
91.9308 238
91.932 237
91.9332 236
91.9344 235
91.9356 234
91.9368 232
91.938 231
91.9392 230
91.9404 229
91.9416 228
91.9428 227
91.944 226
91.9452 225
91.9464 224
91.9476 223
91.9488 222
91.95 221
91.9512 220
91.9524 219
91.9536 218.071
91.9548 217
91.956 216
91.9572 215
91.9584 214
91.9596 213
91.9609 211
91.9621 210
91.9633 209
91.9645 208
91.9657 207
91.9669 206
91.9681 205
91.9693 204
91.9705 203
91.9717 202
91.9729 201
91.9741 200
91.9753 199
91.9765 198
91.9777 197
91.9789 196
91.9801 195
91.9813 194
91.9825 193
92.0065 192
92.0281 191
92.0522 190
92.0786 187
92.1123 186
92.2637 185
92.2805 184
92.3021 183
92.4018 182
92.4499 194
92.8428 195
92.8981 196
92.9005 197
92.9029 198
92.9053 199
92.9077 200
92.9101 201
92.9485 202
92.9894 203
93.023 204
93.0591 205
93.1853 206
93.2093 207
93.3114 208
93.3871 209
93.4039 210
93.4232 211
93.4424 212
93.4616 213
93.4833 214
93.5025 215
93.5241 216
93.5457 217
93.6755 218
93.6923 219
93.7116 220
93.7308 221
93.899 222
93.9134 223
93.9303 224
93.9471 225
93.9663 226
93.9855 227
94.0072 228
94.0264 229
94.0504 230
94.072 231
94.2102 232
94.2319 233
94.2511 234
94.3592 235
94.4493 236
94.4662 237
94.4854 238
94.507 239
94.5286 240
94.5527 241
94.5767 242
94.6031 243
94.6296 244
94.7798 245
94.8038 246
94.8302 247
95.0225 248
95.0441 249
95.0682 250
95.0946 251
95.121 252
95.1523 253
95.1811 254
95.2148 255
95.3782 256
95.407 257
95.6113 258
95.6401 259
95.6714 260
95.705 261
95.7435 262
95.7819 263
95.8264 264
96.0042 265
96.0475 266
96.2698 267
96.3058 266
96.307 265.383
96.3082 265.075
96.3094 264.766
96.3106 264.458
96.3118 264.149
96.313 263.84
96.3142 263.532
96.3154 263.223
96.3166 262.915
96.3178 262.606
96.319 261
96.3202 260
96.3214 259
96.3226 258
96.3238 257
96.325 256
96.3262 255
96.3274 254
96.3287 253
96.3299 252
96.3311 251.597
96.3323 250
96.3335 249
96.3347 248
96.3359 247
96.3371 246
96.3383 245
96.3395 243
96.3407 242
96.3419 241
96.3431 240
96.3443 239.588
96.3455 238
96.3467 237
96.3479 236
96.3491 235
96.3503 234
96.3515 233
96.3527 232
96.3539 231
96.3551 230
96.3563 229
96.3575 228.579
96.3587 227
96.3599 226
96.3611 225
96.3623 224
96.3635 223
96.3647 222
96.3659 221
96.3671 220
96.3683 219
96.3695 218
96.3707 217.57
96.3719 216
96.3731 215
96.3743 214
96.3755 213
96.3767 212
96.3779 210
96.3791 209
96.3803 208
96.3815 207
96.3827 206
96.3839 205.561
96.3851 204
96.3863 203
96.3875 202
96.3887 201
96.3899 200
96.3911 199
96.3924 198
96.3936 197
96.3948 196
96.396 195
96.3972 194.552
96.3984 193
96.3996 192
96.4008 191
96.402 190
96.4032 189
96.4044 188
96.4056 187
96.4068 186
96.4164 185
96.6387 184
96.7829 183
96.8694 182
96.873 181
96.9042 180
96.9367 186
97.3476 187
97.35 188
97.3524 189
97.3548 190
97.4029 191
97.5038 192
97.5615 193
97.7838 194
97.8174 195
97.8487 196
97.8823 197
97.9208 198
98.0025 199
98.0433 200
98.268 201
98.2969 202
98.3281 203
98.3618 204
98.3978 205
98.4819 206
98.518 207
98.7535 208
98.7847 209
98.8208 210
98.8616 211
98.9049 212
98.9974 213
99.1644 214
99.2942 215
99.3375 216
99.3879 217
99.4925 218
99.5573 219
99.8337 220
99.8938 221
