0.200111 10
0.401609 11
0.406416 13
0.411222 15
0.416029 17
0.420835 19
0.603103 21
0.60791 23
0.610313 25
0.617522 27
0.619926 29
0.627135 31
0.629538 33
0.636748 35
0.639151 37
0.804597 39
0.807 41
0.81421 43
0.816613 45
0.819016 47
0.821419 49
0.833435 51
0.835839 53
0.838242 55
0.840645 57
0.852661 59
0.855064 61
0.857467 63
0.859871 65
0.871887 67
0.87429 69
0.876693 71
0.879096 73
1.00609 75
1.00849 77
1.0109 79
1.0133 81
1.02532 83
1.02772 85
1.03012 87
1.03253 89
1.03493 91
1.03733 93
1.03974 95
1.04214 97
1.06377 99
1.06617 101
1.06857 103
1.07098 105
1.07338 107
1.07578 109
1.07819 111
1.08059 113
1.10222 115
1.10462 117
1.10703 119
1.10943 121
1.11183 123
1.11423 125
1.11664 127
1.11904 129
1.14067 131
1.14307 133
1.14548 135
1.14788 137
1.15028 139
1.15269 141
1.15509 143
1.15749 145
1.20758 147
1.20999 149
1.21239 151
1.21479 153
1.2172 155
1.2196 157
1.222 159
1.22441 161
1.24604 163
1.24844 165
1.25084 167
1.25325 169
1.25565 171
1.25805 173
1.26045 175
1.26286 177
1.26526 179
1.26766 181
1.27007 183
1.27247 185
1.27487 187
1.27728 189
1.27968 191
1.28208 193
1.32294 195
1.32534 197
1.32774 199
1.33015 201
1.33255 203
1.33495 205
1.33736 207
1.33976 209
1.34216 211
1.34457 213
1.34697 215
1.34937 217
1.35178 219
1.35418 221
1.35658 223
1.35899 225
1.39984 227
1.40224 229
1.40465 231
1.40705 233
1.40945 235
1.41186 237
1.41426 239
1.41666 241
1.41907 243
1.42147 245
1.42387 247
1.42628 249
1.42868 251
1.43108 253
1.43349 255
1.43589 257
1.47674 259
1.47915 261
1.48155 263
1.48395 265
1.48636 267
1.48876 269
1.49116 271
1.49357 273
1.49597 275
1.49837 277
1.50077 279
1.50318 281
1.50558 283
1.50798 285
1.51039 287
1.51279 289
1.55365 291
1.55605 293
1.55845 295
1.56085 297
1.56326 299
1.56566 301
1.56806 303
1.57047 305
1.57287 307
1.57527 309
1.57768 311
1.58008 313
1.58248 315
1.58489 317
1.58729 319
1.58969 321
1.63055 323
1.63295 325
1.63535 327
1.63776 329
1.64016 331
1.64256 333
1.64497 335
1.64737 337
1.64977 339
1.65218 341
1.65458 343
1.65698 345
1.65939 347
1.66179 349
1.66419 351
1.6666 353
1.669 355
1.6714 357
1.67381 359
1.67621 361
1.67861 363
1.68101 365
1.68342 367
1.68582 369
1.68822 371
1.69063 373
1.69303 375
1.69543 377
1.69784 379
1.70024 381
1.70264 383
1.70505 385
1.78435 387
1.78676 389
1.78916 391
1.79156 393
1.79397 395
1.79637 397
1.79877 399
1.80117 401
1.80358 403
1.80598 405
1.80838 407
1.81079 409
1.81319 411
1.81559 413
1.818 415
1.8204 417
1.8228 419
1.82521 421
1.82761 423
1.83001 425
1.83242 427
1.83482 429
1.83722 431
1.83963 433
1.84203 435
1.84443 437
1.84684 439
1.84924 441
1.85164 443
1.85405 445
1.85645 447
1.85885 449
1.93816 451
1.94056 453
1.94296 455
1.94537 457
1.94777 459
1.95017 461
1.95258 463
1.95498 465
1.95738 467
1.95979 469
1.96219 471
1.96459 473
1.967 475
1.9694 477
1.9718 479
1.97421 481
1.97661 483
1.97901 485
1.98141 487
1.98382 489
1.98622 491
1.98862 493
1.99103 495
1.99343 497
1.99583 499
1.99824 501
2.00064 503
2.00304 505
2.00545 507
2.00785 509
2.01025 511
2.01266 513
2.09196 515
2.09437 517
2.09677 519
2.09917 521
2.10157 523
2.10398 525
2.10638 527
2.10878 529
2.11119 531
2.11359 533
2.11599 535
2.1184 537
2.1208 539
2.12562 537
2.12682 536.394
2.12803 534.091
2.12923 533.788
2.13044 531.485
2.13164 530
2.13284 527
2.13404 526
2.13524 523
2.13644 522.182
2.13765 519
2.13885 518
2.14005 515
2.14125 514
2.14245 511
2.14365 510.577
2.18331 507
2.18451 506
2.18571 503
2.18691 502
2.18811 499.275
2.18931 498
2.19052 495
2.19172 494
2.19292 491
2.19412 490
2.19532 487.67
2.19652 486
2.19773 483
2.19893 482
2.20013 479
2.20133 478.368
2.20253 475
2.20373 474
2.20494 471
2.20614 470
2.20734 467.066
2.20854 466.762
2.20974 463
2.21094 462
2.21215 459
2.21335 458
2.21455 455.461
2.21575 454
2.21695 451
2.21815 450
2.21935 447
2.22056 446.158
2.26021 443
2.26141 442
2.26261 439
2.26381 438
2.26502 435
2.26622 434.553
2.26742 431
2.26862 430
2.26982 427
2.27102 426
2.27223 423.251
2.27343 422
2.27463 419
2.27583 418
2.27703 415
2.27823 414
2.27943 411.646
2.28064 410
2.28184 407
2.28304 406
2.28424 403
2.28544 402.344
2.28664 399
2.28785 398
2.28905 395
2.29025 394
2.29145 391.041
2.29265 390.738
2.29385 387
2.29506 386
2.29626 383
2.29746 382
2.29866 379.436
2.29986 378
2.30106 376
2.30347 374
2.30587 372
2.30827 370
2.31068 368
2.31308 366
2.31548 364
2.31789 362
2.32029 360
2.32269 358
2.3251 356
2.3275 354
2.3299 352
2.33231 350
2.33471 348
2.41401 346
2.41642 344
2.41882 342
2.42122 340
2.42363 338
2.42603 336
2.42843 334
2.43084 332
2.43324 330
2.43564 328
2.43805 326
2.44045 324
2.44285 322
2.44526 320
2.44766 318
2.45006 316
2.45247 314
2.45487 312
2.45727 310
2.45967 308
2.46208 306
2.46448 304
2.46688 302
2.46929 300
2.47169 298
2.47409 296
2.4765 294
2.4789 292
2.4813 290
2.48371 288
2.48611 286
2.48851 284
2.56782 282
2.57022 280
2.57263 278
2.57503 276
2.57743 274
2.57983 272
2.58224 270
2.58464 268
2.58704 266
2.58945 264
2.59185 262
2.59425 260
2.59666 258
2.59906 256
2.60146 254
2.60387 252
2.60627 250
2.60867 248
2.61108 246
2.61348 244
2.61588 242
2.61829 240
2.62069 238
2.62309 236
2.6255 234
2.6279 232
2.6303 230
2.63271 228
2.63511 226
2.63751 224
2.63991 222
2.64232 220
2.72162 218
2.72403 216
2.72643 214
2.72883 212
2.73124 210
2.73364 208
2.73604 206
2.73845 204
2.74085 202
2.74325 200
2.74566 198
2.74806 196
2.75046 194
2.75287 192
2.75527 190
2.75647 270
2.75767 271
2.75887 270
2.77209 271
2.77329 270
2.77449 271
2.7757 270
2.7769 271
2.7781 270
2.7793 271
2.7805 270
2.7817 271
2.78291 270
2.78411 271
2.78531 270
2.78651 271
2.78771 270
2.78891 271
2.79011 270
2.79132 271
2.79252 270
2.79372 271
2.79492 270
2.79612 271
2.79732 270
2.79853 271
2.79973 270
2.80093 271
2.80213 270
2.80333 271
2.80453 270
2.80574 271
2.80694 270
2.86341 271
2.86461 270
2.86582 271
2.86702 270
2.86822 271
2.86942 270
2.87062 271
2.87182 270
2.87303 271
2.87423 270
2.87543 271
2.87663 270
2.87783 271
2.87903 270
2.88023 271
2.88144 270
2.88264 271
2.88384 270
2.88504 271
2.88624 270
2.88744 271
2.88865 270
2.88985 271
2.89105 270
2.89225 271
2.89345 270
2.89465 271
2.89586 270
2.89706 271
2.89826 270
2.89946 271
2.90066 270
2.90186 271
2.90307 270
2.90427 271
2.90547 270
2.90667 271
2.90787 270
2.90907 271
2.91027 270
2.91148 271
2.91268 270
2.91388 271
2.91508 270
2.91628 271
2.91748 270
2.91869 271
2.91989 270
2.92109 271
2.92229 270
2.92349 271
2.92469 270
2.9259 271
2.9271 270
2.9283 271
2.9295 270
2.9307 271
2.9319 270
2.93311 271
2.93431 270
2.93551 271
2.93671 270
2.93791 271
2.93911 270
3.01722 271
3.01842 270
3.01962 271
3.02082 270
3.02202 271
3.02323 270
3.02443 271
3.02563 270
3.02683 271
3.02803 270
3.02923 271
3.03043 270
3.03164 271
3.03284 270
3.03404 271
3.03524 270
3.03644 271
3.03764 270
3.03885 271
3.04005 270
3.04125 271
3.04245 270
3.04365 271
3.04485 270
3.04606 271
3.04726 270
3.04846 271
3.04966 270
3.05086 271
3.05206 270
3.05327 271
3.05447 270
3.05567 271
3.05687 270
3.05807 271
3.05927 270
3.06047 271
3.06168 270
3.06288 271
3.06408 270
3.06528 271
3.06648 270
3.06768 271
3.06889 270
3.07009 271
3.07129 270
3.07249 271
3.07369 270
3.07489 271
3.0761 270
3.0773 271
3.0785 270
3.0797 271
3.0809 270
3.0821 271
3.08331 270
3.08451 271
3.08571 270
3.08691 271
3.08811 270
3.08931 271
3.09051 270
3.09172 271
3.09292 270
3.17102 271
3.17222 270
3.17343 271
3.17463 270
3.17583 271
3.17703 270
3.17823 271
3.17943 270
3.18063 271
3.18184 270
3.18304 271
3.18424 270
3.18544 271
3.18664 270
3.18784 271
3.18905 270
3.19025 271
3.19145 270
3.19265 271
3.19385 270
3.19505 271
3.19626 270
3.19746 271
3.19866 270
3.19986 271
3.20106 270
3.20226 271
3.20347 270
3.20467 271
3.20587 270
3.20707 271
3.20827 270
3.20947 271
3.21067 270
3.21188 271
3.21308 270
3.21428 271
3.21548 270
3.21668 271
3.21788 270
3.21909 271
3.22029 270
3.22149 271
3.22269 270
3.22389 271
3.22509 270
3.2263 271
3.2275 270
3.2287 271
3.2299 270
3.2311 271
3.2323 270
3.23351 271
3.23471 270
3.23591 271
3.23711 270
3.23831 271
3.23951 270
3.24071 271
3.24312 270
3.24432 271
3.24552 270
3.24672 271
3.24792 270
3.24913 271
3.25033 270
3.25153 271
3.25273 270
3.25393 271
3.25634 270
3.25754 271
3.25874 270
3.25994 271
3.26114 270
3.26234 271
3.26355 270
3.26475 271
3.26595 270
3.26715 271
3.26955 270
3.27075 271
3.27196 270
3.27316 271
3.27436 270
3.27556 271
3.27676 270
3.27796 271
3.27917 270
3.28037 271
3.28277 270
3.28397 271
3.28517 270
3.28638 271
3.28758 270
3.28878 271
3.28998 270
3.29118 271
3.29238 270
3.29359 271
3.29599 270
3.29719 271
3.29839 270
3.29959 271
3.30079 270
3.30199 271
3.30319 270
3.30438 271
3.30559 270
3.30678 377
3.41373 376
3.41493 375.388
3.41613 375.082
3.41733 374.776
3.41854 374.47
3.41974 374.164
3.42094 373.858
3.42214 372
3.42334 371
3.42454 370
3.42575 369
3.42695 368
3.42815 367
3.42935 366.311
3.43055 366.004
3.43175 365
3.43296 364
3.43416 363
3.43536 362
3.43656 361
3.49304 360
3.49424 359
3.49544 358.151
3.49664 357
3.49784 356
3.49904 355
3.50024 354
3.50145 353
3.50265 352
3.50385 351
3.50505 350.298
3.50625 349
3.50745 348
3.50866 347
3.50986 346
3.51106 345
3.51226 344
3.51346 343
3.51466 342
3.51587 341
3.51707 340
3.51827 339
3.51947 338
3.52067 337
3.52187 336
3.52308 335
3.52428 334
3.52548 333
3.52668 332
3.52788 331
3.52908 330
3.53028 329
3.53149 328
3.53269 327.044
3.53389 326
3.53509 325
3.53629 324
3.53749 323
3.5387 322
3.5399 321
3.5411 320
3.5423 319.19
3.5435 318
3.5447 317
3.54591 316
3.54711 315
3.54831 314
3.54951 313
3.55071 312
3.55191 311.337
3.55312 310
3.55432 309
3.55552 308
3.55672 307
3.55792 306
3.55912 305
3.56032 304
3.56153 303
3.56273 302
3.56393 301
3.56513 300
3.56633 299
3.56753 298
3.56874 297
3.64684 296
3.64804 295
3.64924 294
3.65044 293
3.65165 292
3.65285 291
3.65405 290
3.65525 289
3.65645 288.083
3.65765 287
3.65886 286
3.66006 285
3.66126 284
3.66246 283
3.66366 282
3.66486 281
3.66607 280.229
3.66727 279
3.66847 278
3.66967 277
3.67087 276
3.67207 275
3.67328 274
3.67448 273
3.67568 272.376
3.67688 271
3.67808 270
3.67928 269
3.68048 268
3.68169 267
3.68289 266
3.68409 265
3.68529 264
3.68649 263
3.94125 261
3.94245 252
3.94365 243
3.94485 234
3.94605 225
3.94726 216
3.94846 207
3.94966 198
3.95086 189
3.9809 180
4.00613 171
4.00734 166
4.03257 165
4.06141 159
4.31374 160
4.31495 161
4.31615 162
4.31735 163
4.31855 164
4.31975 165
4.32095 166
4.32215 167
4.32336 168
4.3534 169
4.37863 170
4.37983 171
4.40507 172
4.40627 173
4.41012 1
5.41252 2
5.74002 4
6.07527 6
6.07767 8
6.42133 10
6.42373 12
6.42613 14
6.42854 16
6.7794 18
6.78181 20
6.78421 22
6.78661 24
6.78902 26
6.79142 28
6.79382 30
6.79623 32
7.1519 34
7.1543 36
7.15671 38
7.15911 40
7.16151 42
7.16392 44
7.16632 46
7.16872 48
7.17113 50
7.17353 52
7.17593 54
7.17833 56
7.18074 58
7.18314 60
7.18554 62
7.18795 64
7.54843 66
7.55083 68
7.55323 70
7.55564 72
7.55804 74
7.56044 76
7.56285 78
7.56525 80
7.56765 82
7.57006 84
7.57246 86
7.57486 88
7.57727 90
7.57967 92
7.58207 94
7.58448 96
7.58688 98
7.58928 100
7.59169 102
7.59409 104
7.59649 106
7.59889 108
7.6013 110
7.6037 112
7.6061 114
7.60851 116
7.61091 118
7.61331 120
7.61572 122
7.62293 123
8.00864 124
8.03267 125
8.0567 126
8.08074 127
8.10477 128
8.1288 129
8.51692 130
8.54095 131
8.56498 132
8.58901 133
8.61305 134
8.63708 135
9.0264 136
9.05043 137
9.07446 138
9.09849 139
9.12252 140
9.14656 141
9.17059 142
9.55991 143
9.58394 144
9.60797 145
9.632 146
9.65603 147
9.68007 148
9.7041 149
10.097 150
10.1211 151
10.1451 152
10.1691 153
10.1931 154
10.2172 155
10.2412 156
10.6329 157
10.657 158
10.681 159
10.705 160
10.7291 161
10.7531 162
10.7771 163
10.8012 164
11.1929 165
11.2169 166
11.2409 167
11.265 168
11.289 169
11.313 170
11.3371 171
11.3611 172
11.754 173
11.7781 174
11.8021 175
11.8261 176
11.8502 177
11.8742 178
11.8982 179
11.9223 180
11.9463 181
12.3416 182
12.3656 183
12.3897 184
12.4137 185
12.4377 186
12.4618 187
12.4858 188
12.5098 189
12.5339 190
12.9316 191
12.9556 192
12.9797 193
13.0037 194
13.0277 195
13.0518 196
13.0758 197
13.0998 198
13.1239 199
13.3491 200
13.5324 201
13.5444 202
13.5564 203
13.566 204
13.5781 205
13.5901 206
13.6021 207
13.6165 208
13.6285 209
13.6429 210
13.6574 211
13.6718 212
13.6862 213
13.7006 214
13.715 215
13.7319 216
13.7463 217
13.7691 218
14.1596 219
14.1668 220
14.1741 221
14.1789 220
14.1801 219.381
14.1813 219.072
14.1825 218.762
14.1837 218.453
14.1849 218.144
14.1861 217.834
14.1873 217.525
14.1885 217.215
14.1897 216.906
14.1909 215.597
14.1921 215.287
14.1933 214.978
14.1945 213
14.1957 212
14.1969 211
14.1981 210
14.1993 209
14.2005 207
14.2017 206
14.2029 205
14.2041 204
14.2053 203
14.2065 202
14.2077 201.079
14.2089 200.77
14.2101 199
14.2113 198
14.2125 196
14.2137 195
14.2149 194
14.2161 193
14.2173 192
14.2185 191
14.2197 190
14.2209 189
14.2221 188
14.2233 187
14.2245 185.561
14.2257 184
14.2269 183
14.2281 182
14.2293 181
14.2305 180
14.2317 179
14.233 178
14.2342 177
14.2354 176
14.2366 174
14.2378 173
14.239 172
14.2402 171.353
14.2414 171.044
14.2426 170
14.2438 169
14.245 168
14.2462 167
14.2474 166
14.2486 165
14.2498 164
14.251 162
14.2522 161
14.2534 160
14.2546 159
14.2558 158
14.257 157
14.2582 156
14.2594 155
14.2606 154
14.263 153
14.2774 152
14.2918 151
14.3062 150
14.3207 149
14.3351 148
14.3495 147
14.3615 146
14.3663 145
14.3832 144
14.7941 143
14.8013 142
14.8085 141
14.8097 154
15.2519 155
15.2543 156
15.2567 157
15.2591 158
15.2615 159
15.2639 160
15.2663 161
15.2687 162
15.2831 163
15.3144 164
15.348 165
15.3793 166
15.4165 167
15.7085 168
15.7229 169
15.7397 170
15.7566 171
15.7758 172
15.7926 173
15.8142 174
15.8335 175
15.8575 176
15.8791 177
16.0113 178
16.2168 179
16.2312 180
16.2456 181
16.2624 182
16.2793 183
16.2985 184
16.3177 185
16.3393 186
16.361 187
16.385 188
16.4198 189
16.7503 190
16.7671 191
16.7863 192
16.8056 193
16.8272 194
16.8488 195
16.8752 196
16.8993 197
16.9281 198
16.9642 199
17.3222 200
17.3463 201
17.3703 202
17.3967 203
17.4256 204
17.4592 205
17.4905 206
17.5397 207
17.9194 208
17.9507 209
17.9843 210
18.0276 211
18.0684 212
18.1189 213
18.5335 214
18.5839 215
18.6488 216
18.7137 217
19.1295 216
19.1631 215.379
19.1643 215.069
19.1655 214.758
19.1667 214.448
19.1679 213.137
19.1691 212.827
19.1703 212.517
19.1715 212.206
19.1727 211.895
19.1739 211.585
19.1751 211.274
19.1763 210.964
19.1775 209
19.1787 208
19.1799 207
19.1811 206
19.1823 205
19.1835 204
19.1847 203
19.1859 202
19.1871 201
19.1883 200
19.1895 199
19.1907 198
19.1919 197.574
19.1931 197.263
19.1944 196
19.1956 195
19.1968 194
19.198 193
19.1992 192
19.2004 191
19.2016 190
19.2028 189
19.204 188
19.2052 187
19.2064 186
19.2076 185
19.2088 184
19.21 183
19.2112 182
19.2124 181
19.2136 180
19.2148 179
19.216 178
19.2172 177
19.2184 175
19.2196 174
19.2208 173
19.222 172
19.2232 171
19.2244 170
19.2256 169.173
19.2268 168
19.228 167
19.2292 166
19.2304 165
19.2316 164
19.2328 163
19.234 162
19.2352 161
19.2364 160
19.2376 159
19.2388 158
19.24 157
19.2412 156
19.2424 155
19.2436 154
19.2448 153
19.246 152
19.2472 151
19.2833 150
19.3482 149
19.6474 151
19.7903 152
19.7927 153
19.7951 154
19.7975 155
19.7999 156
19.8023 157
19.8047 158
19.8648 159
20.1496 160
20.1808 161
20.2121 162
20.2505 163
20.2914 164
20.5654 165
20.6242 166
20.6555 167
20.6843 168
20.7252 169
20.766 170
21.0508 171
21.1145 172
21.1553 173
21.1962 174
21.2527 175
21.5543 176
21.6324 177
21.6853 178
21.7598 179
22.1166 180
22.1887 181
22.3125 182
22.7222 183
23.2605 184
25.1326 185
25.4715 186
25.8728 187
25.9161 188
26.0819 189
26.4232 190
26.5649 191
26.6863 192
26.9783 193
27.06 194
27.1105 195
27.1633 196
27.2487 197
27.5851 198
27.6091 199
27.638 200
27.6716 201
27.7053 202
27.7389 203
27.787 204
27.918 205
28.1607 206
28.1799 207
28.2015 208
28.2232 209
28.2448 210
28.2712 211
28.2953 212
28.3241 213
28.3613 214
28.4046 215
28.7026 216
28.7459 217
28.7603 218
28.7771 219
28.7939 220
28.8107 221
28.8276 222
28.8444 223
28.8636 224
28.8828 225
28.9045 226
28.9237 227
28.9609 228
28.997 229
29.0198 230
29.313 231
29.3623 232
29.3743 233
29.3863 234
29.4007 235
29.4127 236
29.4272 237
29.4392 238
29.4536 239
29.468 240
29.4848 241
29.4993 242
29.5137 243
29.5305 244
29.5473 245
29.5798 246
29.5966 247
29.6278 248
29.6507 249
29.7348 248
29.736 247.387
29.7372 247.08
29.7384 246.773
29.939 246.466
29.9415 246.16
29.9427 245.853
29.9439 245.546
29.9451 245.24
29.9463 244.932
29.9475 244.626
29.9487 243
29.9883 242
29.9895 241
29.9907 240
29.9919 238
29.9931 237
29.9943 236
29.9955 235
29.9967 233
29.9979 232
29.9991 231.09
30.0003 230.783
30.0015 229
30.0027 228
30.004 227
30.0052 226
30.0064 225
30.0076 224
30.0088 222
30.01 221
30.0112 220
30.0124 219
30.0136 218.248
30.0148 217.941
30.016 216
30.0172 215
30.0184 214
30.0196 213
30.0208 211
30.022 210
30.0232 209
30.0244 208
30.0256 207
30.0268 206
30.028 205.405
30.0292 205.099
30.0304 204
30.0316 203
30.0328 202
30.034 201
30.0352 199
30.0364 198
30.0376 197
30.0388 196
30.04 195
30.0412 194
30.0424 193
30.0436 192
30.0448 191
30.046 190
30.0472 188
30.0484 187
30.0496 186
30.0508 185
30.052 184
30.0532 183
30.0544 182
30.0556 181
30.0568 180
30.058 179
30.0592 178
30.0604 177
30.0616 175
30.0628 174
30.0736 173
30.0881 172
30.1025 171
30.1193 170
30.1337 169
30.1481 168
30.165 167
30.1818 166
30.2311 165
30.2623 164
30.356 174
30.3572 173
30.5062 174
30.8258 175
30.9316 176
30.934 177
30.9748 178
30.9772 179
30.9796 180
30.982 181
30.9844 182
30.9868 183
30.9892 184
30.9916 185
30.994 186
30.9965 187
31.0229 188
31.0493 189
31.0782 190
31.119 191
31.1479 192
31.1971 193
31.411 194
31.4651 195
31.4843 196
31.5011 197
31.5203 198
31.5396 199
31.5612 200
31.5828 201
31.6201 202
31.6441 203
31.6838 204
31.8075 205
31.9782 206
31.9926 207
32.0094 208
32.0286 209
32.0479 210
32.0695 211
32.0911 212
32.1151 213
32.156 214
32.1824 215
32.2221 216
32.3555 217
32.5381 218
32.5573 219
32.579 220
32.603 221
32.627 222
32.6535 223
32.6799 224
32.7292 225
32.7724 226
32.919 227
33.0668 228
33.1389 229
33.1653 230
33.1966 231
33.2302 232
33.2639 233
33.3252 234
33.378 235
33.6712 236
33.7517 237
33.7926 238
33.8382 239
33.8863 240
33.9644 241
34.2984 242
34.3057 241
34.3069 240.385
34.3081 240.078
34.3093 239.771
34.3573 239.463
34.3585 239.156
34.3597 238.849
34.3609 238.541
34.3621 238.234
34.3633 237.927
34.3645 237.619
34.3657 237.312
34.3669 236
34.3681 235
34.3693 234
34.3706 233
34.3718 232
34.373 231
34.3742 230
34.3754 229
34.3766 228
34.3778 227
34.379 226
34.3802 225.228
34.3814 224
34.3826 223
34.3838 222
34.385 221
34.3862 219
34.3874 218
34.3886 217
34.3898 216
34.391 215
34.3922 214
34.3934 213
34.3946 212.144
34.3958 211
34.397 210
34.3982 209
34.3994 208
34.4006 207
34.4018 206
34.403 205
34.4042 204
34.4054 203
34.4066 202
34.4078 201
34.409 200.061
34.4102 199
34.4114 198
34.4126 197
34.4138 196
34.415 195
34.4162 194
34.4174 193
34.4186 192
34.4198 191
34.421 190
34.4222 189
34.4234 188
34.4246 187
34.4258 186
34.427 184
34.4282 183
34.4294 182
34.4306 181
34.4318 180
34.433 179
34.4343 178
34.4355 177
34.4367 176
34.4379 175
34.4391 174
34.4403 173
34.4415 172
34.4427 171
34.4439 170
34.4451 169
34.4727 168
34.5208 167
34.6121 166
34.6577 165
34.7827 164
34.9329 163
34.9365 169
35.3763 170
35.3787 171
35.3811 172
35.3835 173
35.3859 174
35.3883 175
35.4472 176
35.5 177
35.5529 178
35.6887 179
35.8725 180
35.9014 181
35.9326 182
35.9687 183
36.0047 184
36.1489 185
36.3075 186
36.3592 187
36.3904 188
36.4289 189
36.4649 190
36.5106 191
36.8026 192
36.8567 193
36.8951 194
36.9408 195
36.9984 196
37.1559 197
37.3745 198
37.4322 199
37.5115 200
37.8444 201
37.9453 202
38.0655 203
38.4848 204
39.0315 205
40.9373 206
41.1872 207
41.4876 208
41.6727 209
41.7976 210
42.229 211
42.2999 212
42.4008 213
42.6015 214
42.7902 215
42.843 216
42.8959 217
42.9512 218
43.0161 219
43.1771 220
43.3801 221
43.4378 222
43.4691 223
43.5027 224
43.5412 225
43.5796 226
43.6181 227
43.7671 228
43.9617 229
44.0062 230
44.0302 231
44.0518 232
44.0783 233
44.0999 234
44.1263 235
44.1528 236
44.1816 237
44.2092 238
44.3546 239
44.5481 240
44.5649 241
44.607 242
44.6214 243
44.6382 244
44.6574 245
44.6743 246
44.6935 247
44.7127 248
44.7319 249
44.7536 250
44.7728 251
44.7944 252
44.8173 253
44.9638 254
44.9807 255
45.1753 256
45.1897 257
45.2282 258
45.2402 259
45.2558 258
45.257 257.387
45.2582 257.081
45.2594 256.774
45.2607 256.468
45.2619 256.162
45.2631 255.855
45.2643 255.548
45.2655 255.242
45.2667 254.935
45.2679 254.628
45.2691 253
45.2703 252
45.2715 251
45.2727 249
45.2739 248
45.2751 247
45.2763 246
45.2775 245
45.2787 244
45.2799 243
45.2811 242.409
45.2823 241
45.2835 240
45.2847 239
45.2859 238
45.2871 237
45.2883 236
45.2895 235
45.2907 234
45.2919 232
45.2931 231
45.2943 230.189
45.2955 229
45.2967 228
45.2979 227
45.2991 226
45.3003 225
45.3015 224
45.3027 223
45.3039 222
45.3051 221
45.3063 220
45.3075 219
45.3087 217.662
45.3099 216
45.3111 215
45.3123 214
45.3135 213
45.3147 212
45.3159 211
45.3171 210
45.3183 209
45.3195 208
45.3207 207
45.3219 206.442
45.3231 205
45.3244 204
45.3256 203
45.3268 202
45.328 200
45.3292 199
45.3304 198
45.3316 197
45.3328 196
45.334 195
45.3352 194.222
45.3364 193
45.3376 192
45.3388 191
45.34 190
45.3412 189
45.3424 188
45.3436 187
45.3448 186
45.346 185
45.3472 183
45.3484 182.002
45.3496 181
45.3664 180
45.388 179
45.4073 178
45.4289 177
45.7978 176
45.8098 175
45.8242 174
45.8627 173
45.8747 172
45.8867 181
46.3205 182
46.3229 183
46.3253 184
46.3277 185
46.3301 186
46.3325 187
46.3349 188
46.3373 189
46.3397 190
46.3421 191
46.3661 192
46.395 193
46.4274 194
46.5007 195
46.5247 196
46.7266 197
46.7747 198
46.7915 199
46.8107 200
46.8299 201
46.8492 202
46.8708 203
46.8924 204
46.9177 205
46.9417 206
47.0042 207
47.2156 208
47.2253 209
47.2421 210
47.2938 211
47.3106 212
47.3298 213
47.349 214
47.3707 215
47.3899 216
47.4139 217
47.4415 218
47.468 219
47.5329 220
47.7552 221
47.7744 222
47.8237 223
47.8453 224
47.8669 225
47.8885 226
47.9126 227
47.9366 228
47.963 229
47.9979 230
48.07 231
48.2976 232
48.3331 233
48.3908 234
48.4148 235
48.4413 236
48.4701 237
48.5014 238
48.535 239
48.5807 240
48.6648 241
48.9207 242
48.988 243
49.0241 244
49.0553 245
49.0986 246
49.1418 247
49.1995 248
49.4944 249
49.6068 250
49.6549 251
49.715 252
49.7799 253
49.9096 254
50.2413 253
50.2425 252.383
50.2437 252.075
50.2449 251.766
50.2461 251.457
50.2473 251.148
50.2485 250.84
50.2497 250.532
50.2509 250.223
50.2521 249.914
50.2533 249.606
50.2545 248
50.2557 247
50.2569 246
50.2581 245
50.2593 244
50.2605 243
50.2617 242
50.2629 241
50.2641 240
50.2653 239
50.2665 238.209
50.2677 237.901
50.2689 236
50.2701 235
50.2713 234
50.2725 233
50.2737 232
50.2749 231
50.2761 230
50.2773 229
50.2785 228
50.2797 227
50.2809 226.505
50.2821 225
50.2833 224
50.2845 223
50.2857 222
50.287 221
50.2882 220
50.2894 218
50.2906 217
50.2918 216
50.293 215
50.2942 214.108
50.2954 213.8
50.2966 212
50.2978 211
50.299 210
50.3002 209
50.3014 208
50.3026 207
50.3038 206
50.305 205
50.3062 204
50.3074 203
50.3086 202.404
50.3098 201
50.311 200
50.3122 199
50.3134 198
50.3146 197
50.3158 196
50.317 195
50.3182 194
50.3194 193
50.3206 192
50.3218 191.008
50.323 190.699
50.3242 189
50.3254 188
50.3266 187
50.3278 186
50.329 185
50.3302 184
50.3314 183
50.3326 182
50.3338 181
50.335 180
50.3362 179.302
50.3374 178.994
50.3386 177
50.3494 176
50.4143 175
50.7736 177
50.8565 178
50.8697 179
50.8721 180
50.8745 181
50.8769 182
50.8793 183
50.8817 184
50.9106 185
51.1076 186
51.1749 187
51.2434 188
51.2819 189
51.3311 190
51.3696 191
51.4261 192
51.6327 193
51.7012 194
51.7349 195
51.7661 196
51.8178 197
51.8779 198
52.0641 199
52.1302 200
52.2107 201
52.2491 202
52.3116 203
52.3825 204
52.6144 205
52.7046 206
52.7526 207
52.8307 208
52.9172 209
53.2176 210
53.3018 211
53.4243 212
53.7524 213
53.8941 214
54.4385 215
56.3971 216
56.8969 217
57.0315 218
57.1925 219
57.4485 220
57.6335 221
57.7525 222
58.0565 223
58.1658 224
58.2331 225
58.3148 226
58.5708 227
58.6417 228
58.727 229
58.7726 230
58.8183 231
58.8784 232
58.9529 233
59.1475 234
59.2184 235
59.2941 236
59.323 237
59.3494 238
59.3806 239
59.4263 240
59.4575 241
59.5176 242
59.5489 243
59.788 244
59.8072 245
59.8288 246
59.8997 247
59.919 248
59.9406 249
59.9622 250
59.9863 251
60.0223 252
60.0463 253
60.0704 254
60.122 255
60.1437 256
60.3443 257
60.402 258
60.4164 259
60.4332 260
60.5041 261
60.5186 262
60.5354 263
60.5498 264
60.5666 265
60.5834 266
60.6027 267
60.6195 268
60.6543 269
60.6712 270
60.6904 271
60.7096 272
60.7565 273
60.7781 272
60.7793 271.39
60.7805 271.084
60.7817 270.778
60.7829 270.473
60.7841 270.168
60.7853 269.862
60.7865 269.557
60.7877 269.251
60.7889 268.946
60.7901 267
60.7913 266
60.9752 265
60.9764 264
60.9776 263
60.9788 260
60.98 259
60.9812 258
60.9824 257
61.0028 256.443
61.004 256.137
61.0305 255
61.0317 254
61.0329 253
61.0341 251
61.0353 250
61.0365 248
61.0377 247
61.0389 246
61.0401 245
61.0413 244
61.0425 243.328
61.0437 242
61.0449 241
61.0461 240
61.0473 239
61.0485 238
61.0497 237
61.0509 235
61.0521 234
61.0533 233
61.0545 232
61.0557 231
61.0569 230
61.0581 229
61.0593 228
61.0605 227
61.0617 226
61.0629 225
61.0641 224
61.0653 223
61.0665 222
61.0677 220.016
61.0689 219
61.0701 218
61.0713 217
61.0725 216
61.0737 215
61.0749 214
61.0761 213
61.1302 212
61.1314 211
61.1326 210
61.1338 209.207
61.135 208
61.1362 207
61.1374 206
61.1386 205
61.1398 204
61.141 203
61.1422 202
61.1434 201
61.1446 200
61.1458 199
61.147 198.398
61.1482 197
61.1494 196
61.1506 195
61.1518 194
61.153 192
61.1542 191
61.1699 190
61.1843 189
61.2011 188
61.2179 187
61.2371 186
61.254 185
61.2768 184
61.2888 183
61.3056 182
61.3249 181
61.3729 180
61.409 191
61.8199 192
61.8223 193
61.8247 194
61.8271 195
61.8295 196
61.8319 197
61.8343 198
61.8367 199
61.8391 200
61.8415 201
61.8511 202
62.0722 203
62.0818 204
62.1035 205
62.1227 206
62.1443 207
62.166 208
62.2044 209
62.226 210
62.2477 211
62.3017 212
62.3234 213
62.3474 214
62.5685 215
62.5829 216
62.5997 217
62.6166 218
62.6334 219
62.6526 220
62.6718 221
62.7115 222
62.7331 223
62.7523 224
62.8088 225
62.8304 226
62.8545 227
62.8761 228
63.1128 229
63.1296 230
63.1489 231
63.1681 232
63.1897 233
63.2294 234
63.251 235
63.2726 236
63.2991 237
63.3615 238
63.388 239
63.4144 240
63.6656 241
63.6872 242
63.7112 243
63.7352 244
63.7617 245
63.8085 246
63.8374 247
63.8662 248
63.9359 249
63.9672 250
64.0008 251
64.2676 252
64.2964 253
64.3276 254
64.3613 255
64.4178 256
64.4562 257
64.5379 258
64.5812 259
64.8684 260
64.902 261
64.9477 262
65.0161 263
65.0666 264
65.1736 265
65.236 266
65.5364 265
65.5377 264.388
65.5389 264.082
65.5401 263.776
65.5413 263.47
65.5425 263.164
65.5437 262.858
65.5449 262.552
65.5461 262.247
65.5473 261.941
65.5485 261.635
65.5497 260
65.5509 259
65.5521 258
65.5533 257
65.5545 256
65.5557 255
65.5569 254
65.5581 253
65.5593 252
65.5605 251
65.5617 250.626
65.5629 249
65.5641 248
65.5653 247
65.5665 246
65.5677 245
65.5689 244
65.5701 243
65.5713 242
65.5725 241
65.5737 240
65.5749 239.617
65.5761 238
65.5773 237
65.5785 236
65.5797 235
65.5809 234
65.5821 232
65.5833 231
65.5845 230
65.5857 229
65.5869 228
65.5881 227.607
65.5893 226
65.5905 225
65.5917 224
65.5929 223
65.5941 222
65.5953 221
65.5965 220
65.5977 219
65.5989 218
65.6001 217
65.6013 216.598
65.6025 215
65.6037 214
65.6049 213
65.6062 212
65.6074 211
65.6086 210
65.6098 209
65.611 208
65.6122 207
65.6134 206
65.6146 205.589
65.6158 204
65.617 203
65.6182 202
65.6194 201
65.6206 200
65.6218 199
65.6458 198
65.647 197
65.6482 196
65.6494 195
65.6506 193.58
65.6518 192
65.653 191
65.6542 190
65.6554 189
65.6566 188
65.6578 187
65.659 186
65.7011 185
66.0255 184
66.0712 186
66.4773 187
66.4797 188
66.4821 189
66.4845 190
66.4869 191
66.4893 192
66.4917 193
66.5206 194
66.5963 195
66.6876 196
66.7332 197
66.9363 198
66.9651 199
66.9988 200
67.0577 201
67.0985 202
67.1802 203
67.2163 204
67.4206 205
67.4542 206
67.5179 207
67.5515 208
67.5924 209
67.6813 210
67.7246 211
67.9396 212
67.9805 213
68.0502 214
68.1487 215
68.1944 216
68.4311 217
68.4744 218
68.5657 219
68.6822 220
68.9586 221
69.0259 222
69.1424 223
69.4969 224
69.6399 225
70.1878 226
72.2402 227
72.4925 228
72.7917 229
72.9023 230
73.0585 231
73.348 232
73.5127 233
73.6629 234
73.9296 235
73.9873 236
74.0846 237
74.1856 238
74.2432 239
74.4836 240
74.5244 241
74.5653 242
74.635 243
74.6758 244
74.7695 245
74.808 246
74.8464 247
75.0832 248
75.1096 249
75.136 250
75.1925 251
75.2189 252
75.2502 253
75.279 254
75.3679 255
75.3944 256
75.4232 257
75.6484 258
75.6755 259
75.6972 260
75.7164 261
75.738 262
75.7933 263
75.8125 264
75.8342 265
75.8558 266
75.8774 267
75.9615 268
75.9807 269
76 270
76.0216 271
76.0456 272
76.0673 273
76.3052 274
76.322 275
76.3316 274
76.3328 273.387
76.334 273.08
76.3352 272.773
76.3364 272.466
76.3376 272.16
76.3388 271.852
76.34 271.546
76.3412 271.239
76.3424 270.932
76.3436 269
76.3448 268
76.346 267
76.3472 266
76.3485 265
76.3497 264
76.3509 262
76.3521 261
76.3533 260
76.3545 259.468
76.3557 259.161
76.3569 258
76.3581 257
76.3593 256
76.3605 255
76.3617 254
76.3629 253
76.3641 252
76.3653 251
76.3665 250
76.3677 249
76.3689 248.391
76.3701 247
76.3713 246
76.3725 244
76.3737 243
76.3749 242
76.3761 241
76.3773 240
76.3785 239
76.3797 238
76.3809 237
76.3821 236
76.3833 235
76.3845 234
76.3857 233
76.3869 232
76.3881 231
76.423 230
76.4242 229
76.4254 228
76.4266 227
76.4278 225.157
76.429 224
76.4302 223
76.4314 222
76.4326 221
76.4338 220
76.435 219
76.4362 218
76.4374 217
76.4386 216
76.4398 215
76.441 214.386
76.4422 213
76.4434 212
76.4446 211
76.4458 210
76.447 208
76.4482 207
76.4494 206
76.4506 205
76.4518 204
76.453 203
76.4542 202
76.4554 201
76.4566 200
76.4578 199
76.459 198
76.4602 197
76.4614 196
76.4626 195
76.4638 194
76.465 193
76.4662 192
76.4686 191
76.4903 190
76.5119 189
76.596 188
76.6152 187
76.6344 186
76.6561 185
76.6801 184
76.924 183
76.9565 182
76.9625 192
77.401 193
77.4034 194
77.4058 195
77.4083 196
77.4107 197
77.4131 198
77.4155 199
77.4179 200
77.4203 201
77.4227 202
77.4659 203
77.4972 204
77.5272 205
77.5585 206
77.5873 207
77.6185 208
77.842 209
77.8589 210
77.8781 211
77.8973 212
77.949 213
77.9682 214
77.9874 215
78.0091 216
78.0307 217
78.0523 218
78.0763 219
78.098 220
78.122 221
78.3575 222
78.3743 223
78.3912 224
78.4104 225
78.4645 226
78.4837 227
78.5029 228
78.5257 229
78.5474 230
78.569 231
78.593 232
78.6171 233
78.6435 234
78.897 235
78.9163 236
78.9355 237
78.9571 238
79.0172 239
79.0388 240
79.0629 241
79.0893 242
79.1157 243
79.1422 244
79.171 245
79.1998 246
79.4702 247
79.4942 248
79.5207 249
79.5843 250
79.6108 251
79.642 252
79.6745 253
79.7081 254
79.7466 255
79.7826 256
80.0746 257
80.1082 258
80.1419 259
80.2224 260
80.2608 261
80.3101 262
80.3534 263
80.4062 264
80.7223 265
80.7751 266
80.8568 265
80.8581 264.388
80.8593 264.082
80.8605 263.776
80.8617 263.47
80.8629 263.164
80.8641 262.858
80.8653 262.552
80.8665 262.247
80.8677 261.941
80.8689 261.635
80.8701 260
80.8713 259
80.8725 258
80.8737 257
80.8749 256
80.8761 255
80.8773 254
80.8785 253
80.8797 252
80.8809 251
80.8821 250.626
80.8833 249
80.8845 248
80.8857 247
80.8869 246
80.8881 245
80.8893 244
80.8905 243
80.8917 242
80.8965 241
80.8977 240
80.8989 238.617
80.9001 237
80.9013 236
80.9025 235
80.9037 234
80.9049 233
80.9061 232
80.9073 231
80.9085 230
80.9097 229
80.9109 228
80.9121 227.607
80.9133 226
80.9145 225
80.9157 224
80.9169 223
80.9181 222
80.9193 221
80.9205 220
80.9217 219
80.9229 218
80.9241 217
80.9253 216.598
80.9266 215
80.9278 214
80.929 213
80.9302 212
80.9314 211
80.9326 210
80.9338 209
80.935 208
80.9362 207
80.9374 206
80.9386 205.589
80.9398 204
80.941 203
80.9422 202
80.9434 201
80.9446 199
80.9458 198
80.947 197
80.9482 196
80.9494 195
80.9506 194
80.9518 193.58
80.953 192
80.9542 191
80.9554 190
80.9566 189
80.9578 188
80.959 187
80.9602 186
80.9878 185
81.293 184
81.3567 183
81.4541 182
81.4877 186
81.8974 187
81.8998 188
81.9022 189
81.9046 190
81.907 191
81.9094 192
81.9118 193
81.9551 194
82.0128 195
82.2279 196
82.2615 197
82.2976 198
82.3769 199
82.4129 200
82.4538 201
82.6628 202
82.7037 203
82.7373 204
82.7686 205
82.8527 206
82.8887 207
82.932 208
82.9729 209
83.2036 210
83.2396 211
83.3345 212
83.3706 213
83.4235 214
83.4739 215
83.7191 216
83.7719 217
83.8741 218
83.9426 219
84.2069 220
84.2694 221
84.4124 222
84.5049 223
84.8065 224
85 225
85.5443 226
87.5137 227
88.004 228
88.1145 229
88.3116 230
88.5555 231
88.7538 232
88.8715 233
89.1767 234
89.3149 235
89.3606 236
89.4327 237
89.6838 238
89.7559 239
89.8016 240
89.9025 241
89.9481 242
89.9998 243
90.0479 244
90.3086 245
90.3375 246
90.3711 247
90.4024 248
90.4901 249
90.5189 250
90.555 251
90.5838 252
90.6174 253
90.8542 254
90.901 255
90.9226 256
90.9467 257
90.9683 258
90.9923 259
91.074 260
91.0957 261
91.1197 262
91.1461 263
91.1702 264
91.1942 265
91.2206 266
91.4435 267
91.4778 268
91.5198 269
91.5367 270
91.5559 271
91.5727 272
91.5919 273
91.6112 274
91.6929 275
91.7073 276
91.7241 277
91.7409 278
91.7602 279
91.7794 280
91.7986 281
91.8046 280
91.8058 279.385
91.807 279.078
91.8082 278.771
91.8094 278.463
91.8106 278.156
91.8118 277.848
91.813 277.541
91.8142 277.233
91.8154 276.926
91.8166 275
91.8178 274
91.819 273
91.8202 272
91.8214 271
91.8227 270
91.8239 269
91.8251 268
91.8263 267
91.8275 266.614
91.8287 264
91.8299 263
91.8311 262
91.8323 261
91.8335 260
91.8347 259
91.8359 258
91.8371 257
91.8383 256
91.8395 255.301
91.8407 254.994
91.8419 253
91.8431 252
91.8443 251
91.8455 250
91.8467 249
91.8479 248
91.8491 247
91.8503 246
91.8515 245
91.8527 244.681
91.8539 243
91.8551 241
91.8563 240
91.8575 239
91.8587 238
91.8599 237
91.8611 236
91.8623 235
91.8635 234
91.8647 233.369
91.8659 233.061
91.8671 232
91.8683 231
91.8695 230
91.8707 229
91.8719 228
91.8731 227
92.0738 226
92.075 225
92.1002 224
92.1014 223
92.1026 222
92.1038 221
92.105 220
92.1062 219
92.1074 218
92.1086 217
92.1351 216
92.1363 215
92.1375 213
92.1387 212
92.1399 211.129
92.1411 210
92.1423 209
92.1435 208
92.1447 207
92.1459 206
92.1471 205
92.1483 204
92.1495 203
92.1507 202
92.1519 201
92.1531 200
92.1543 198
92.1555 197
92.1567 196
92.1711 195
92.1904 194
92.2072 193
92.2264 192
92.2456 191
92.3418 190
92.3586 189
92.3754 188
92.3946 187
92.4139 186
92.4331 185
92.4355 196
92.874 197
92.8764 198
92.8789 199
92.8813 200
92.8837 201
92.8861 202
92.8885 203
92.8909 204
92.8933 205
92.8957 206
93.0675 207
93.0843 208
93.106 209
93.1252 210
93.1468 211
93.1684 212
93.2489 213
93.2682 214
93.2898 215
93.309 216
93.3331 217
93.3571 218
93.5614 219
93.5686 220
93.5854 221
93.6022 222
93.6214 223
93.6383 224
93.6599 225
93.7416 226
93.7584 227
93.7801 228
93.7993 229
93.8221 230
93.8461 231
93.8678 232
94.0829 233
94.0973 234
94.1141 235
94.1333 236
94.1525 237
94.1742 238
94.1958 239
94.2847 240
94.3064 241
94.3304 242
94.3544 243
94.3857 244
94.4121 245
94.638 246
94.6572 247
94.6813 248
94.7053 249
94.7293 250
94.7557 251
94.8507 252
94.8771 253
94.9035 254
94.9408 255
94.9696 256
95.0033 257
95.246 258
95.2748 259
95.3037 260
95.3373 261
95.4443 262
95.4803 263
95.5188 264
95.562 265
95.6077 266
95.8672 267
95.9081 268
95.9537 269
96.0763 270
96.1292 271
96.1893 272
96.4716 273
96.5017 272
96.5029 271.39
96.5041 271.084
96.5053 270.778
96.5065 270.473
96.5077 270.168
96.5089 269.862
96.5101 269.557
96.5113 269.251
96.5125 268.946
96.5137 267
96.5149 266
96.5161 265
96.5173 264
96.5185 263
96.5197 262
96.5209 261
96.5221 260
96.5233 259
96.5245 258.443
96.5257 258.137
96.5269 257
96.5281 256
96.5293 255
96.5305 254
96.5317 253
96.5329 252
96.5341 251
96.5353 250
96.5365 249
96.5377 248
96.5389 247.328
96.5401 246
96.5413 245
96.5425 243
96.5437 242
96.5449 241
96.5461 240
96.5474 239
96.5486 238
96.5498 237
96.551 236
96.5522 235
96.5534 234
96.5546 233
96.5558 232
96.557 231
96.5582 230
96.5594 229
96.5606 228
96.5618 227
96.563 226
96.5642 225.016
96.5654 224
96.5666 223
96.5678 222
96.569 221
96.5702 220
96.5714 219
96.5726 218
96.5738 217
96.575 216
96.5762 215
96.5774 214.207
96.5786 213
96.5798 212
96.581 211
96.5822 210
96.5834 209
96.5846 208
96.5858 207
96.587 206
96.5882 204
96.5894 203
96.5906 202.398
96.5918 201
96.593 200
96.5942 199
96.5954 198
96.5966 197
96.5978 196
96.599 195
96.6002 194
96.6014 193
96.6026 192
96.6038 191
96.7108 190
96.7636 189
97.04 191
97.207 192
97.2094 193
97.2118 194
97.2142 195
97.2166 196
97.219 197
97.2214 198
97.2707 199
97.4569 200
97.4858 201
97.5915 202
97.6228 203
97.6564 204
97.7009 205
97.7417 206
97.9232 207
97.9496 208
98.0601 209
98.0914 210
98.1274 211
98.1683 212
98.2116 213
98.2524 214
98.4411 215
98.5588 216
98.5949 217
98.6381 218
98.6862 219
98.7391 220
98.9421 221
99.0695 222
99.1224 223
99.1848 224
99.2473 225
99.5646 226
99.6174 227
99.7148 228
99.9755 229
