0 0
0.1 0
0.2 0
0.3 0
0.4 0
0.5 0
0.6 0
0.7 0
0.8 0
0.9 0
1 0
1.1 0
1.2 35
1.3 91
1.4 172
1.5 257
1.6 258
1.7 256
1.8 257
1.9 256
2 257
2.1 258
2.2 216
2.3 133
2.4 106
2.5 107
2.6 106
2.7 106
2.8 257
2.9 257
3 257
3.1 257
3.2 256
3.3 256
3.4 257
3.5 207
3.6 124
3.7 43
3.8 43
3.9 43
4 42
4.1 133
4.2 133
4.3 134
4.4 141
4.5 139
4.6 110
4.7 84
4.8 16
4.9 0
5 0
5.1 0
5.2 0
5.3 0
5.4 2
5.5 7
5.6 9
5.7 11
5.8 15
5.9 16
6 19
6.1 26
6.2 25
6.3 28
6.4 28
6.5 39
6.6 41
6.7 40
6.8 52
6.9 58
7 60
7.1 62
7.2 93
7.3 95
7.4 96
7.5 97
7.6 133
7.7 156
7.8 157
7.9 159
8 157
8.1 160
8.2 164
8.3 164
8.4 166
8.5 166
8.6 169
8.7 172
8.8 173
8.9 172
9 171
9.1 175
9.2 179
9.3 179
9.4 180
9.5 179
9.6 182
9.7 187
9.8 186
9.9 185
10 185
10.1 187
10.2 191
10.3 194
10.4 193
10.5 192
10.6 193
10.7 196
10.8 201
10.9 201
11 203
11.1 204
11.2 202
11.3 208
11.4 211
11.5 212
11.6 213
11.7 212
11.8 214
11.9 219
12 225
12.1 223
12.2 225
12.3 225
12.4 228
12.5 231
12.6 234
12.7 236
12.8 238
12.9 239
13 242
13.1 245
13.2 248
13.3 250
13.4 252
13.5 255
13.6 256
13.7 257
13.8 258
13.9 256
14 257
14.1 256
14.2 254
14.3 197
14.4 197
14.5 133
14.6 102
14.7 102
14.8 101
14.9 114
15 121
15.1 122
15.2 121
15.3 134
15.4 138
15.5 144
15.6 148
15.7 152
15.8 156
15.9 163
16 169
16.1 173
16.2 178
16.3 185
16.4 190
16.5 195
16.6 200
16.7 203
16.8 209
16.9 214
17 217
17.1 221
17.2 225
17.3 229
17.4 234
17.5 235
17.6 241
17.7 243
17.8 247
17.9 250
18 252
18.1 253
18.2 257
18.3 257
18.4 257
18.5 256
18.6 257
18.7 258
18.8 256
18.9 226
19 163
19.1 164
19.2 148
19.3 100
19.4 100
19.5 106
19.6 107
19.7 108
19.8 108
19.9 119
20 121
20.1 124
20.2 125
20.3 128
20.4 131
20.5 134
20.6 136
20.7 140
20.8 144
20.9 146
21 149
21.1 151
21.2 154
21.3 157
21.4 161
21.5 161
21.6 163
21.7 166
21.8 169
21.9 171
22 171
22.1 174
22.2 175
22.3 176
22.4 177
22.5 179
22.6 179
22.7 180
22.8 182
22.9 183
23 183
23.1 185
23.2 184
23.3 185
23.4 187
23.5 186
23.6 187
23.7 187
23.8 187
23.9 186
24 187
24.1 189
24.2 189
24.3 188
24.4 189
24.5 189
24.6 189
24.7 189
24.8 188
24.9 187
25 188
25.1 188
25.2 190
25.3 189
25.4 189
25.5 190
25.6 190
25.7 189
25.8 190
25.9 192
26 191
26.1 194
26.2 195
26.3 195
26.4 196
26.5 195
26.6 197
26.7 200
26.8 200
26.9 200
27 203
27.1 203
27.2 205
27.3 209
27.4 208
27.5 209
27.6 210
27.7 214
27.8 218
27.9 218
28 219
28.1 221
28.2 225
28.3 227
28.4 232
28.5 236
28.6 237
28.7 239
28.8 245
28.9 250
29 255
29.1 257
29.2 257
29.3 256
29.4 257
29.5 258
29.6 257
29.7 257
29.8 205
29.9 167
30 162
30.1 101
30.2 101
30.3 101
30.4 123
30.5 122
30.6 123
30.7 123
30.8 129
30.9 133
31 142
31.1 147
31.2 152
31.3 159
31.4 161
31.5 167
31.6 171
31.7 179
31.8 184
31.9 187
32 193
32.1 199
32.2 203
32.3 207
32.4 211
32.5 216
32.6 222
32.7 224
32.8 228
32.9 233
33 236
33.1 241
33.2 244
33.3 246
33.4 251
33.5 254
33.6 255
33.7 257
33.8 256
33.9 257
34 256
34.1 257
34.2 256
34.3 257
34.4 205
34.5 158
34.6 141
34.7 101
34.8 101
34.9 102
35 110
35.1 110
35.2 110
35.3 111
35.4 120
35.5 121
35.6 122
35.7 126
35.8 130
35.9 133
36 135
36.1 138
36.2 141
36.3 144
36.4 146
36.5 150
36.6 154
36.7 155
36.8 158
36.9 159
37 162
37.1 165
37.2 167
37.3 170
37.4 173
37.5 173
37.6 176
37.7 175
37.8 178
37.9 179
38 181
38.1 182
38.2 184
38.3 184
38.4 184
38.5 188
38.6 186
38.7 186
38.8 187
38.9 188
39 187
39.1 189
39.2 189
39.3 188
39.4 192
39.5 190
39.6 191
39.7 190
39.8 191
39.9 189
40 190
40.1 191
40.2 190
40.3 191
40.4 191
40.5 190
40.6 191
40.7 192
40.8 190
40.9 189
41 191
41.1 190
41.2 194
41.3 192
41.4 192
41.5 194
41.6 195
41.7 196
41.8 196
41.9 198
42 198
42.1 199
42.2 200
42.3 200
42.4 202
42.5 205
42.6 204
42.7 206
42.8 206
42.9 209
43 212
43.1 212
43.2 215
43.3 215
43.4 218
43.5 219
43.6 223
43.7 225
43.8 229
43.9 232
44 233
44.1 236
44.2 241
44.3 245
44.4 248
44.5 252
44.6 255
44.7 257
44.8 258
44.9 256
45 256
45.1 257
45.2 258
45.3 235
45.4 185
45.5 169
45.6 103
45.7 104
45.8 103
45.9 112
46 112
46.1 122
46.2 121
46.3 122
46.4 135
46.5 141
46.6 147
46.7 151
46.8 154
46.9 158
47 167
47.1 170
47.2 176
47.3 180
47.4 185
47.5 193
47.6 196
47.7 200
47.8 205
47.9 211
48 214
48.1 219
48.2 223
48.3 226
48.4 232
48.5 236
48.6 238
48.7 242
48.8 247
48.9 248
49 250
49.1 253
49.2 256
49.3 256
49.4 257
49.5 256
49.6 255
49.7 257
49.8 256
49.9 224
50 174
50.1 174
50.2 175
50.3 141
50.4 100
50.5 107
50.6 108
50.7 107
50.8 109
50.9 118
51 122
51.1 125
51.2 126
51.3 130
51.4 132
51.5 136
51.6 139
51.7 141
51.8 143
51.9 148
52 150
52.1 154
52.2 155
52.3 158
52.4 162
52.5 162
52.6 163
52.7 166
52.8 170
52.9 170
53 173
53.1 173
53.2 175
53.3 178
53.4 179
53.5 180
53.6 180
53.7 182
53.8 184
53.9 184
54 185
54.1 187
54.2 188
54.3 187
54.4 186
54.5 188
54.6 189
54.7 190
54.8 188
54.9 190
55 189
55.1 190
55.2 188
55.3 189
55.4 188
55.5 189
55.6 190
55.7 188
55.8 189
55.9 188
56 189
56.1 189
56.2 188
56.3 189
56.4 189
56.5 190
56.6 190
56.7 189
56.8 191
56.9 192
57 193
57.1 193
57.2 193
57.3 196
57.4 197
57.5 196
57.6 198
57.7 200
57.8 201
57.9 201
58 200
58.1 203
58.2 205
58.3 206
58.4 207
58.5 209
58.6 210
58.7 213
58.8 216
58.9 217
59 220
59.1 222
59.2 225
59.3 227
59.4 230
59.5 234
59.6 236
59.7 239
59.8 242
59.9 246
60 252
60.1 255
60.2 257
60.3 256
60.4 257
60.5 257
60.6 256
60.7 256
60.8 253
60.9 184
61 166
61.1 125
61.2 104
61.3 104
61.4 105
61.5 123
61.6 123
61.7 123
61.8 124
61.9 141
62 143
62.1 147
62.2 151
62.3 158
62.4 161
62.5 167
62.6 172
62.7 179
62.8 182
62.9 188
63 194
63.1 198
63.2 203
63.3 208
63.4 212
63.5 217
63.6 221
63.7 226
63.8 228
63.9 232
64 237
64.1 242
64.2 243
64.3 247
64.4 250
64.5 253
64.6 255
64.7 257
64.8 256
64.9 256
65 257
65.1 256
65.2 256
65.3 256
65.4 199
65.5 177
65.6 139
65.7 100
65.8 100
65.9 101
66 108
66.1 110
66.2 110
66.3 111
66.4 114
66.5 120
66.6 124
66.7 127
66.8 129
66.9 130
67 134
67.1 138
67.2 142
67.3 144
67.4 145
67.5 149
67.6 150
67.7 155
67.8 158
67.9 161
68 163
68.1 165
68.2 168
68.3 169
68.4 169
68.5 173
68.6 176
68.7 177
68.8 177
68.9 179
69 181
69.1 183
69.2 182
69.3 183
69.4 185
69.5 187
69.6 186
69.7 186
69.8 188
69.9 188
70 188
70.1 188
70.2 188
70.3 190
70.4 191
70.5 189
70.6 190
70.7 189
70.8 191
70.9 191
71 191
71.1 190
71.2 189
71.3 190
71.4 190
71.5 189
71.6 190
71.7 190
71.8 192
71.9 190
72 189
72.1 190
72.2 191
72.3 191
72.4 192
72.5 193
72.6 193
72.7 195
72.8 195
72.9 196
73 196
73.1 201
73.2 200
73.3 201
73.4 201
73.5 203
73.6 205
73.7 204
73.8 205
73.9 207
74 211
74.1 210
74.2 212
74.3 214
74.4 216
74.5 219
74.6 220
74.7 223
74.8 227
74.9 231
75 232
75.1 233
75.2 238
75.3 243
75.4 247
75.5 249
75.6 252
75.7 256
75.8 257
75.9 257
76 256
76.1 256
76.2 257
76.3 258
76.4 217
76.5 167
76.6 116
76.7 117
76.8 102
76.9 102
77 122
77.1 123
77.2 123
77.3 122
77.4 125
77.5 138
77.6 145
77.7 147
77.8 153
77.9 157
78 162
78.1 167
78.2 173
78.3 179
78.4 183
78.5 190
78.6 192
78.7 198
78.8 203
78.9 208
79 215
79.1 218
79.2 220
79.3 226
79.4 231
79.5 233
79.6 238
79.7 241
79.8 244
79.9 247
80 250
80.1 253
80.2 257
80.3 257
80.4 257
80.5 256
80.6 257
80.7 257
80.8 257
80.9 236
81 179
81.1 172
81.2 102
81.3 101
81.4 101
81.5 105
81.6 106
81.7 111
81.8 110
81.9 113
82 121
82.1 124
82.2 127
82.3 128
82.4 133
82.5 135
82.6 138
82.7 142
82.8 144
82.9 148
83 150
83.1 153
83.2 156
83.3 157
83.4 160
83.5 163
83.6 165
83.7 166
83.8 169
83.9 172
84 172
84.1 175
84.2 175
84.3 178
84.4 180
84.5 179
84.6 182
84.7 182
84.8 186
84.9 185
85 184
85.1 186
85.2 187
85.3 190
85.4 188
85.5 189
85.6 189
85.7 190
85.8 189
85.9 190
86 189
86.1 191
86.2 191
86.3 191
86.4 190
86.5 189
86.6 190
86.7 190
86.8 191
86.9 190
87 190
87.1 192
87.2 190
87.3 191
87.4 190
87.5 191
87.6 190
87.7 191
87.8 190
87.9 193
88 193
88.1 192
88.2 195
88.3 194
88.4 197
88.5 197
88.6 200
88.7 199
88.8 201
88.9 202
89 203
89.1 204
89.2 205
89.3 206
89.4 209
89.5 209
89.6 209
89.7 214
89.8 216
89.9 216
90 217
90.1 222
90.2 225
90.3 227
90.4 229
90.5 231
90.6 236
90.7 240
90.8 243
90.9 246
91 249
91.1 254
91.2 257
91.3 256
91.4 257
91.5 256
91.6 258
91.7 257
91.8 257
91.9 204
92 129
92.1 126
92.2 99
92.3 99
92.4 100
92.5 123
92.6 122
92.7 122
92.8 122
92.9 129
93 140
93.1 145
93.2 149
93.3 152
93.4 160
93.5 163
93.6 168
93.7 174
93.8 181
93.9 185
94 190
94.1 194
94.2 200
94.3 206
94.4 209
94.5 214
94.6 219
94.7 223
94.8 227
94.9 232
95 234
95.1 238
95.2 242
95.3 246
95.4 248
95.5 250
95.6 253
95.7 256
95.8 257
95.9 257
96 257
96.1 257
96.2 257
96.3 257
96.4 194
96.5 180
96.6 113
96.7 101
96.8 101
96.9 102
97 108
97.1 109
97.2 109
97.3 116
97.4 121
97.5 122
97.6 125
97.7 129
97.8 131
97.9 135
98 136
98.1 140
98.2 142
98.3 148
98.4 149
98.5 153
98.6 154
98.7 158
98.8 162
98.9 162
99 163
99.1 166
99.2 170
99.3 171
99.4 173
99.5 172
99.6 176
99.7 178
99.8 177
99.9 179
100 180
