0.2 0.00448
0.3 0
0.4 0.0208
0.5 0
0.6 0.03744
0.7 0
0.8 0.07488
0.9 0
1 0.0832
1.1 0.06656
1.2 0.09984
1.3 0.07072
1.4 0.104
1.5 0.09152
1.6 0.12064
1.7 0.0416
1.8 0.104
1.9 0.10816
2 0.0416
2.1 0.22816
2.2 0.31616
2.3 0.1824
2.4 0.38912
2.5 0.16416
2.6 0.22496
2.7 0.34048
2.8 0.22496
2.9 0.20064
3 0.38912
3.1 0.152
3.2 0.47424
3.3 0.0432
3.4 0.14272
3.5 0.2784
3.6 0.216
3.7 0.0912
3.8 0.384
3.9 0.21632
4 0.21888
4.1 0.13984
4.2 0.47424
4.3 0.13984
4.4 0.0304
4.5 0.17632
4.6 0.23104
4.7 0.4256
4.8 0.10944
4.9 0.00416
5 0
5.1 0
5.2 0
5.3 0
5.4 0.00416
5.5 0
5.6 0
5.7 0.00416
5.8 0
5.9 0
6 0.00832
6.1 0
6.2 0
6.3 0
6.4 0.01664
6.5 0
6.6 0
6.7 0.03328
6.8 0
6.9 0
7 0
7.1 0.06656
7.2 0
7.3 0
7.4 0
7.5 0.09152
7.6 0.0416
7.7 0
7.8 0
7.9 0.02496
8 0.17472
8.1 0.05408
8.2 0
8.3 0.00416
8.4 0.00416
8.5 0.17472
8.6 0.08736
8.7 0
8.8 0
8.9 0
9 0.1456
9.1 0.13312
9.2 0
9.3 0.00416
9.4 0
9.5 0.09568
9.6 0.17472
9.7 0.0208
9.8 0
9.9 0.00416
10 0.03328
10.1 0.17056
10.2 0.104
10.3 0
10.4 0
10.5 0
10.6 0.1248
10.7 0.17472
10.8 0.02496
10.9 0
11 0
11.1 0.02912
11.2 0.17472
11.3 0.13728
11.4 0
11.5 0
11.6 0
11.7 0.09152
11.8 0.17056
11.9 0.09568
12 0
12.1 0
12.2 0
12.3 0.12896
12.4 0.17056
12.5 0.07488
12.6 0
12.7 0.00416
12.8 0
12.9 0.14144
13 0.17472
13.1 0.07488
13.2 0
13.3 0.00416
13.4 0
13.5 0.12896
13.6 0.17056
13.7 0.11232
13.8 0
13.9 0.00416
14 0
14.1 0.13696
14.2 0.50464
14.3 0.48032
14.4 0
14.5 0
14.6 0.01216
14.7 0.06688
14.8 0.51072
14.9 0.26752
15 0.01216
15.1 0
15.2 0.18528
15.3 0.1664
15.4 0.02496
15.5 0.00416
15.6 0
15.7 0.17056
15.8 0.15808
15.9 0.01248
16 0.00416
16.1 0
16.2 0.16224
16.3 0.17056
16.4 0.02912
16.5 0.00832
16.6 0
16.7 0.09568
16.8 0.17472
16.9 0.11232
17 0.00832
17.1 0
17.2 0.00416
17.3 0.14976
17.4 0.17056
17.5 0.0832
17.6 0.00832
17.7 0
17.8 0
17.9 0.15392
18 0.17472
18.1 0.09152
18.2 0.00832
18.3 0
18.4 0.00416
18.5 0.11648
18.6 0.17472
18.7 0.14144
18.8 0
18.9 0.0096
19 0
19.1 0.17216
19.2 0.49632
19.3 0.47424
19.4 0.11552
19.5 0
19.6 0.09824
19.7 0.39424
19.8 0.09152
19.9 0.00832
20 0.00416
20.1 0.11648
20.2 0.1664
20.3 0.03744
20.4 0.00416
20.5 0.00416
20.6 0.17056
20.7 0.14976
20.8 0.01664
20.9 0
21 0.02496
21.1 0.17472
21.2 0.1456
21.3 0.00832
21.4 0
21.5 0.0208
21.6 0.17472
21.7 0.1456
21.8 0.0208
21.9 0
22 0.00832
22.1 0.15392
22.2 0.1664
22.3 0.03328
22.4 0.00832
22.5 0.00416
22.6 0.10816
22.7 0.1664
22.8 0.09152
22.9 0.00832
23 0
23.1 0.04576
23.2 0.17472
23.3 0.13728
23.4 0.0208
23.5 0
23.6 0.00832
23.7 0.13728
23.8 0.16224
23.9 0.06656
24 0.00832
24.1 0
24.2 0.06656
24.3 0.17056
24.4 0.13312
24.5 0.01248
24.6 0
24.7 0.00832
24.8 0.1456
24.9 0.15808
25 0.0624
25.1 0.00832
25.2 0
25.3 0.07072
25.4 0.17056
25.5 0.13312
25.6 0.00832
25.7 0
25.8 0.00832
25.9 0.14976
26 0.16224
26.1 0.05824
26.2 0.00832
26.3 0
26.4 0.07072
26.5 0.17472
26.6 0.12896
26.7 0.01664
26.8 0
26.9 0.01248
27 0.13728
27.1 0.15392
27.2 0.08736
27.3 0.00832
27.4 0
27.5 0.0416
27.6 0.17056
27.7 0.1456
27.8 0.0416
27.9 0.00832
28 0
28.1 0.08736
28.2 0.17056
28.3 0.12896
28.4 0.02912
28.5 0.00832
28.6 0
28.7 0.10816
28.8 0.17472
28.9 0.12064
29 0.03328
29.1 0.00832
29.2 0
29.3 0.09152
29.4 0.17472
29.5 0.1456
29.6 0.06368
29.7 0.0192
29.8 0
29.9 0.09536
30 0.50464
30.1 0.43776
30.2 0.32224
30.3 0.01216
30.4 0.0304
30.5 0.48032
30.6 0.35232
30.7 0.08896
30.8 0.05696
30.9 0.05408
31 0.17056
31.1 0.11232
31.2 0.0208
31.3 0.00416
31.4 0.08736
31.5 0.17056
31.6 0.10816
31.7 0.00832
31.8 0.02496
31.9 0.05824
32 0.17056
32.1 0.12064
32.2 0.04992
32.3 0.02496
32.4 0.01664
32.5 0.12064
32.6 0.15392
32.7 0.12064
32.8 0.01248
32.9 0.02496
33 0.01664
33.1 0.14976
33.2 0.14144
33.3 0.1248
33.4 0.01248
33.5 0.02496
33.6 0.0208
33.7 0.12896
33.8 0.17056
33.9 0.11232
34 0.02912
34.1 0.02496
34.2 0.00416
34.3 0.21472
34.4 0.49184
34.5 0.3952
34.6 0.16416
34.7 0.06688
34.8 0
34.9 0.304
35 0.51072
35.1 0.10816
35.2 0.05472
35.3 0.04416
35.4 0.1664
35.5 0.12896
35.6 0.02496
35.7 0
35.8 0.09152
35.9 0.17472
36 0.07904
36.1 0.02496
36.2 0
36.3 0.12896
36.4 0.17056
36.5 0.05824
36.6 0.02496
36.7 0
36.8 0.13728
36.9 0.17056
37 0.0624
37.1 0.02496
37.2 0
37.3 0.11648
37.4 0.17472
37.5 0.09152
37.6 0.02496
37.7 0
37.8 0.07072
37.9 0.17056
38 0.14976
38.1 0
38.2 0.02496
38.3 0.0416
38.4 0.13728
38.5 0.17056
38.6 0.04576
38.7 0.02496
38.8 0
38.9 0.09984
39 0.17472
39.1 0.1248
39.2 0.0208
39.3 0.00416
39.4 0.04992
39.5 0.14144
39.6 0.17472
39.7 0.03328
39.8 0.02496
39.9 0
40 0.104
40.1 0.17472
40.2 0.12064
40.3 0.02496
40.4 0
40.5 0.04992
40.6 0.14144
40.7 0.17056
40.8 0.03744
40.9 0.02496
41 0
41.1 0.104
41.2 0.17056
41.3 0.1248
41.4 0.02496
41.5 0.00416
41.6 0.04992
41.7 0.13728
41.8 0.17056
41.9 0.0416
42 0.03328
42.1 0
42.2 0.08736
42.3 0.17056
42.4 0.1456
42.5 0
42.6 0.03328
42.7 0.0208
42.8 0.12896
42.9 0.17472
43 0.0832
43.1 0.03744
43.2 0
43.3 0.04992
43.4 0.14976
43.5 0.17472
43.6 0.0416
43.7 0.0416
43.8 0
43.9 0.05824
44 0.17472
44.1 0.17056
44.2 0.02496
44.3 0.04576
44.4 0
44.5 0.05824
44.6 0.17056
44.7 0.17472
44.8 0.04576
44.9 0.04576
45 0
45.1 0.05408
45.2 0.25888
45.3 0.51072
45.4 0.29184
45.5 0.06688
45.6 0.07296
45.7 0.01216
45.8 0.37696
45.9 0.49856
46 0.15808
46.1 0
46.2 0.15552
46.3 0.22208
46.4 0.09984
46.5 0.04992
46.6 0
46.7 0.09984
46.8 0.17472
46.9 0.09568
47 0.03744
47.1 0
47.2 0.09152
47.3 0.17472
47.4 0.10816
47.5 0.05408
47.6 0
47.7 0.0624
47.8 0.1456
47.9 0.15808
48 0.09152
48.1 0
48.2 0.00416
48.3 0.08736
48.4 0.17472
48.5 0.15808
48.6 0.05824
48.7 0
48.8 0.00416
48.9 0.09152
49 0.17056
49.1 0.15808
49.2 0.07488
49.3 0
49.4 0.00416
49.5 0.06656
49.6 0.16224
49.7 0.15392
49.8 0.09152
49.9 0.03744
50 0
50.1 0.07488
50.2 0.256
50.3 0.48576
50.4 0.3952
50.5 0.07904
50.6 0.05472
50.7 0.30688
50.8 0.27904
50.9 0.0832
51 0
51.1 0.07072
51.2 0.14144
51.3 0.11648
51.4 0.05408
51.5 0.01248
51.6 0.07488
51.7 0.15392
51.8 0.13312
51.9 0.02496
52 0.01248
52.1 0.09152
52.2 0.14976
52.3 0.13312
52.4 0.02496
52.5 0.01248
52.6 0.0832
52.7 0.16224
52.8 0.11232
52.9 0.05408
53 0.00832
53.1 0.07072
53.2 0.14976
53.3 0.12896
53.4 0.07488
53.5 0
53.6 0.07072
53.7 0.09984
53.8 0.14976
53.9 0.12064
54 0
54.1 0.01248
54.2 0.08736
54.3 0.1664
54.4 0.11232
54.5 0.06656
54.6 0
54.7 0.07904
54.8 0.11232
54.9 0.14976
55 0.104
55.1 0
55.2 0.01664
55.3 0.09152
55.4 0.15808
55.5 0.11648
55.6 0.0624
55.7 0
55.8 0.07904
55.9 0.11648
56 0.14976
56.1 0.09984
56.2 0
56.3 0.0208
56.4 0.09152
56.5 0.15392
56.6 0.1248
56.7 0.05408
56.8 0.00832
56.9 0.07488
57 0.12064
57.1 0.14976
57.2 0.09568
57.3 0
57.4 0.0208
57.5 0.09568
57.6 0.15808
57.7 0.11232
57.8 0.06656
57.9 0
58 0.08736
58.1 0.09984
58.2 0.1456
58.3 0.1248
58.4 0.00416
58.5 0.01664
58.6 0.07072
58.7 0.15808
58.8 0.1456
58.9 0.07904
59 0
59.1 0.02496
59.2 0.08736
59.3 0.17472
59.4 0.11648
59.5 0.07904
59.6 0
59.7 0.04576
59.8 0.0832
59.9 0.17056
60 0.12064
60.1 0.0832
60.2 0
60.3 0.02496
60.4 0.07904
60.5 0.17056
60.6 0.14976
60.7 0.14208
60.8 0
60.9 0.03744
61 0.24736
61.1 0.35872
61.2 0.41952
61.3 0.35872
61.4 0.07904
61.5 0.00608
61.6 0.49856
61.7 0.34016
61.8 0.09984
61.9 0
62 0.04992
62.1 0.1456
62.2 0.11648
62.3 0.10816
62.4 0
62.5 0.05824
62.6 0.14144
62.7 0.11648
62.8 0.12896
62.9 0
63 0.00832
63.1 0.17472
63.2 0.14144
63.3 0.10816
63.4 0.0416
63.5 0
63.6 0.07904
63.7 0.13728
63.8 0.13728
63.9 0.13728
64 0.00832
64.1 0
64.2 0.09568
64.3 0.13312
64.4 0.14144
64.5 0.12896
64.6 0.0208
64.7 0
64.8 0.07072
64.9 0.15808
65 0.1456
65.1 0.09984
65.2 0.06656
65.3 0
65.4 0.01664
65.5 0.33312
65.6 0.38176
65.7 0.28576
65.8 0.35264
65.9 0
66 0.2736
66.1 0.3296
66.2 0.312
66.3 0.048
66.4 0.0416
66.5 0.13312
66.6 0.09984
66.7 0.11232
66.8 0
66.9 0.11232
67 0.12896
67.1 0.09568
67.2 0.07072
67.3 0
67.4 0.1248
67.5 0.13728
67.6 0.09984
67.7 0.0624
67.8 0
67.9 0.12896
68 0.14144
68.1 0.09152
68.2 0.07488
68.3 0
68.4 0.12064
68.5 0.12896
68.6 0.0832
68.7 0.11648
68.8 0
68.9 0.07488
69 0.1248
69.1 0.0832
69.2 0.17056
69.3 0.00416
69.4 0.00832
69.5 0.13312
69.6 0.1456
69.7 0.09984
69.8 0.07488
69.9 0
70 0.104
70.1 0.12896
70.2 0.07904
70.3 0.15392
70.4 0
70.5 0.02496
70.6 0.1248
70.7 0.1456
70.8 0.104
70.9 0.07072
71 0
71.1 0.10816
71.2 0.1248
71.3 0.07904
71.4 0.15808
71.5 0
71.6 0.0208
71.7 0.1248
71.8 0.14976
71.9 0.104
72 0.07072
72.1 0
72.2 0.104
72.3 0.12896
72.4 0.07904
72.5 0.15808
72.6 0
72.7 0.01664
72.8 0.12896
72.9 0.14976
73 0.09984
73.1 0.07904
73.2 0
73.3 0.09152
73.4 0.1248
73.5 0.0832
73.6 0.1664
73.7 0.01248
73.8 0
73.9 0.14976
74 0.13312
74.1 0.07904
74.2 0.1248
74.3 0
74.4 0.03744
74.5 0.1248
74.6 0.15392
74.7 0.09152
74.8 0.09152
74.9 0
75 0.06656
75.1 0.12064
75.2 0.13728
75.3 0.104
75.4 0.0832
75.5 0
75.6 0.06656
75.7 0.11232
75.8 0.16224
75.9 0.07904
76 0.11648
76.1 0
76.2 0.01248
76.3 0.32192
76.4 0.3952
76.5 0.18848
76.6 0.49856
76.7 0
76.8 0
76.9 0.304
77 0.49856
77.1 0.29376
77.2 0
77.3 0.14048
77.4 0.12064
77.5 0.17056
77.6 0.04992
77.7 0
77.8 0.10816
77.9 0.11232
78 0.1664
78.1 0.04576
78.2 0
78.3 0.09152
78.4 0.11232
78.5 0.1664
78.6 0.08736
78.7 0
78.8 0.02912
78.9 0.11648
79 0.15808
79.1 0.17472
79.2 0.00832
79.3 0
79.4 0.07904
79.5 0.104
79.6 0.1664
79.7 0.16224
79.8 0
79.9 0.00416
80 0.07488
80.1 0.09984
80.2 0.1664
80.3 0.17472
80.4 0.01248
80.5 0
80.6 0.03744
80.7 0.13312
80.8 0.22816
80.9 0.48832
81 0.18848
81.1 0
81.2 0.01824
81.3 0.44384
81.4 0.26752
81.5 0.37696
81.6 0.00608
81.7 0.20736
81.8 0.21952
81.9 0.1664
82 0.0416
82.1 0.00416
82.2 0.15808
82.3 0.08736
82.4 0.15392
82.5 0
82.6 0.03328
82.7 0.14144
82.8 0.11232
82.9 0.12896
83 0
83.1 0.04992
83.2 0.13312
83.3 0.12064
83.4 0.12896
83.5 0
83.6 0.03744
83.7 0.14976
83.8 0.104
83.9 0.15392
84 0
84.1 0.00832
84.2 0.16224
84.3 0.07904
84.4 0.1664
84.5 0.03744
84.6 0
84.7 0.11648
84.8 0.07904
84.9 0.1664
85 0.09984
85.1 0
85.2 0.0416
85.3 0.15808
85.4 0.09152
85.5 0.17056
85.6 0.00416
85.7 0
85.8 0.13312
85.9 0.07488
86 0.17056
86.1 0.09152
86.2 0
86.3 0.0416
86.4 0.15808
86.5 0.09152
86.6 0.17056
86.7 0.00832
86.8 0
86.9 0.12896
87 0.07488
87.1 0.17056
87.2 0.09568
87.3 0
87.4 0.0416
87.5 0.15808
87.6 0.09152
87.7 0.17056
87.8 0.00832
87.9 0
88 0.1248
88.1 0.07904
88.2 0.17056
88.3 0.09568
88.4 0
88.5 0.03744
88.6 0.1664
88.7 0.0832
88.8 0.1664
88.9 0.02496
89 0
89.1 0.104
89.2 0.09984
89.3 0.1456
89.4 0.13312
89.5 0
89.6 0.01664
89.7 0.14976
89.8 0.07072
89.9 0.17056
90 0.08736
90.1 0
90.2 0.02912
90.3 0.17472
90.4 0.07072
90.5 0.1664
90.6 0.06656
90.7 0
90.8 0.03744
90.9 0.17472
91 0.06656
91.1 0.17056
91.2 0.07488
91.3 0
91.4 0.0208
91.5 0.1664
91.6 0.0624
91.7 0.17056
91.8 0.32928
91.9 0
92 0.01216
92.1 0.38304
92.2 0.29792
92.3 0.40128
92.4 0.20672
92.5 0.00608
92.6 0.51072
92.7 0.19456
92.8 0.37088
92.9 0
93 0.05824
93.1 0.12064
93.2 0.12064
93.3 0.12896
93.4 0
93.5 0.07072
93.6 0.12064
93.7 0.11648
93.8 0.1456
93.9 0
94 0.03328
94.1 0.17056
94.2 0.05824
94.3 0.16224
94.4 0.05824
94.5 0
94.6 0.10816
94.7 0.10816
94.8 0.11648
94.9 0.16224
95 0.01248
95.1 0
95.2 0.13728
95.3 0.09568
95.4 0.12064
95.5 0.16224
95.6 0.0208
95.7 0
95.8 0.10816
95.9 0.12896
96 0.0832
96.1 0.1664
96.2 0.06656
96.3 0
96.4 0.05888
96.5 0.43808
96.6 0.1216
96.7 0.4864
96.8 0.34656
96.9 0
97 0.21888
97.1 0.3184
97.2 0.18208
97.3 0.0208
97.4 0.07488
97.5 0.0416
97.6 0.1664
97.7 0.12896
97.8 0
97.9 0.0832
98 0.08736
98.1 0.1664
98.2 0.09152
98.3 0
98.4 0.08736
98.5 0.10816
98.6 0.16224
98.7 0.08736
98.8 0
98.9 0.08736
99 0.09568
99.1 0.1664
99.2 0.10816
99.3 0
99.4 0.08736
99.5 0.0624
99.6 0.16224
99.7 0.15392
99.8 0
99.9 0.07488
100 0.02496
