0.1 0.00448
0.2 0
0.3 1.20416
0.4 0
0.5 2.16
0.6 0
0.7 4.32
0.8 0
0.9 8.64
1 0
1.1 9.6
1.2 7.68
1.3 11.52
1.4 8.16
1.5 12
1.6 10.56
1.7 13.92
1.8 4.8
1.9 12
2 12.48
2.1 4.8
2.2 5.04
2.3 0
2.4 3.6
2.5 7.68
2.6 3.24
2.7 4.44
2.8 16.32
2.9 4.56
3 3.84
3.1 7.68
3.2 3.12
3.3 9.36
3.4 14.16
3.5 1.32
3.6 0
3.7 1.32
3.8 2.28
3.9 9.6
4 5.04
4.1 4.32
4.2 2.76
4.3 9.36
4.4 2.76
4.5 0.36
4.6 0
4.7 0
4.8 0
4.9 0
5 0.12
5.1 0
5.2 0
5.3 0
5.4 0
5.5 0.24
5.6 0
5.7 0
5.8 0.48
5.9 0
6 0
6.1 0.96
6.2 0
6.3 0
6.4 0
6.5 1.92
6.6 0
6.7 0
6.8 3.84
6.9 0
7 0
7.1 0
7.2 7.68
7.3 0
7.4 0
7.5 0
7.6 10.56
7.7 4.2
7.8 0
7.9 0
8 1.44
8.1 10.56
8.2 3.36
8.3 0
8.4 0.12
8.5 0.24
8.6 10.56
8.7 5.28
8.8 0
8.9 0
9 0
9.1 8.88
9.2 8.04
9.3 0
9.4 0.12
9.5 0
9.6 5.76
9.7 10.56
9.8 1.32
9.9 0
10 0.12
10.1 2.04
10.2 10.32
10.3 6.24
10.4 0
10.5 0
10.6 0
10.7 7.56
10.8 10.56
10.9 1.56
11 0
11.1 0
11.2 1.8
11.3 10.56
11.4 8.28
11.5 0
11.6 0
11.7 0
11.8 5.52
11.9 10.44
12 5.76
12.1 0
12.2 0
12.3 0
12.4 7.8
12.5 10.32
12.6 4.56
12.7 0
12.8 0.12
12.9 0
13 8.52
13.1 10.68
13.2 4.44
13.3 0
13.4 0.24
13.5 0
13.6 8.16
13.7 10.68
13.8 7.08
13.9 0
14 0.24
14.1 0
14.2 3.6
14.3 3.96
14.4 9.48
14.5 0
14.6 0
14.7 0.24
14.8 1.32
14.9 11.64
15 5.28
15.1 0.24
15.2 0
15.3 8.16
15.4 9.96
15.5 1.56
15.6 0.24
15.7 0
15.8 10.56
15.9 9.6
16 0.72
16.1 0.36
16.2 0
16.3 10.08
16.4 10.32
16.5 1.8
16.6 0.48
16.7 0
16.8 5.88
16.9 10.68
17 6.72
17.1 0.48
17.2 0
17.3 0.12
17.4 9.12
17.5 10.2
17.6 4.92
17.7 0.48
17.8 0
17.9 0
18 9.24
18.1 10.32
18.2 5.4
18.3 0.48
18.4 0
18.5 0.12
18.6 6.96
18.7 10.2
18.8 8.28
18.9 0
19 0.36
19.1 0
19.2 1.08
19.3 5.16
19.4 9.36
19.5 2.28
19.6 0
19.7 2.28
19.8 10.68
19.9 5.64
20 0.48
20.1 0.24
20.2 6.96
20.3 9.96
20.4 2.16
20.5 0.24
20.6 0.36
20.7 10.2
20.8 8.88
20.9 0.96
21 0
21.1 1.56
21.2 10.44
21.3 8.52
21.4 0.48
21.5 0
21.6 1.32
21.7 10.32
21.8 8.52
21.9 1.2
22 0
22.1 0.48
22.2 9.12
22.3 9.6
22.4 2.04
22.5 0.48
22.6 0.24
22.7 6.24
22.8 9.72
22.9 5.28
23 0.48
23.1 0
23.2 2.64
23.3 10.2
23.4 7.92
23.5 1.2
23.6 0
23.7 0.48
23.8 7.92
23.9 9.36
24 3.84
24.1 0.48
24.2 0
24.3 3.84
24.4 9.84
24.5 7.68
24.6 0.72
24.7 0
24.8 0.48
24.9 8.4
25 9.12
25.1 3.6
25.2 0.6
25.3 0
25.4 4.08
25.5 9.96
25.6 7.68
25.7 0.48
25.8 0
25.9 0.6
26 8.76
26.1 9.48
26.2 3.36
26.3 0.48
26.4 0
26.5 4.2
26.6 10.2
26.7 7.56
26.8 0.96
26.9 0
27 0.84
27.1 8.04
27.2 9.12
27.3 5.16
27.4 0.48
27.5 0
27.6 2.52
27.7 10.2
27.8 8.76
27.9 2.4
28 0.6
28.1 0
28.2 5.28
28.3 10.44
28.4 7.68
28.5 1.8
28.6 0.48
28.7 0
28.8 6.84
28.9 10.68
29 7.44
29.1 2.04
29.2 0.48
29.3 0
29.4 5.64
29.5 11.04
29.6 9
29.7 3.6
29.8 0.24
29.9 0
30 0.6
30.1 3.72
30.2 8.64
30.3 6.36
30.4 1.44
30.5 0.6
30.6 9.6
30.7 7.08
30.8 2.16
30.9 1.56
31 4.56
31.1 10.2
31.2 6.84
31.3 1.2
31.4 0.24
31.5 5.4
31.6 10.44
31.7 6.6
31.8 0.48
31.9 1.56
32 3.6
32.1 10.44
32.2 7.32
32.3 3
32.4 1.56
32.5 0.96
32.6 7.32
32.7 9.36
32.8 7.2
32.9 0.72
33 1.56
33.1 1.08
33.2 9
33.3 8.4
33.4 7.44
33.5 0.72
33.6 1.44
33.7 1.32
33.8 7.68
33.9 10.08
34 6.6
34.1 1.68
34.2 1.44
34.3 0.36
34.4 1.56
34.5 5.4
34.6 7.8
34.7 3.24
34.8 1.32
34.9 0
35 6.72
35.1 10.08
35.2 2.16
35.3 1.32
35.4 2.52
35.5 9.48
35.6 7.92
35.7 1.56
35.8 0
35.9 5.4
36 10.44
36.1 4.68
36.2 1.56
36.3 0
36.4 7.56
36.5 10.32
36.6 3.48
36.7 1.44
36.8 0
36.9 8.28
37 10.08
37.1 3.6
37.2 1.56
37.3 0
37.4 6.84
37.5 10.2
37.6 5.4
37.7 1.44
37.8 0
37.9 4.2
38 9.96
38.1 8.76
38.2 0
38.3 1.44
38.4 2.4
38.5 8.04
38.6 9.84
38.7 2.64
38.8 1.44
38.9 0
39 5.76
39.1 10.2
39.2 7.2
39.3 1.2
39.4 0.24
39.5 2.88
39.6 8.16
39.7 10.08
39.8 1.92
39.9 1.44
40 0
40.1 6
40.2 10.08
40.3 6.96
40.4 1.44
40.5 0
40.6 2.88
40.7 8.16
40.8 9.84
40.9 2.16
41 1.56
41.1 0
41.2 6.12
41.3 9.84
41.4 7.2
41.5 1.56
41.6 0.24
41.7 3
41.8 7.8
41.9 10.08
42 2.4
42.1 1.92
42.2 0
42.3 5.28
42.4 9.84
42.5 8.52
42.6 0
42.7 2.04
42.8 1.32
42.9 7.68
43 10.2
43.1 4.92
43.2 2.28
43.3 0
43.4 3
43.5 8.88
43.6 10.44
43.7 2.52
43.8 2.52
43.9 0
44 3.48
44.1 10.68
44.2 10.2
44.3 1.56
44.4 2.76
44.5 0
44.6 3.6
44.7 10.56
44.8 10.68
44.9 2.76
45 2.88
45.1 0
45.2 3.36
45.3 4.2
45.4 4.92
45.5 5.88
45.6 1.32
45.7 1.44
45.8 0.24
45.9 8.52
46 9.84
46.1 3.12
46.2 0
46.3 3.12
46.4 11.4
46.5 5.88
46.6 3.12
46.7 0
46.8 6.12
46.9 10.68
47 5.76
47.1 2.28
47.2 0
47.3 5.76
47.4 10.68
47.5 6.6
47.6 3.24
47.7 0
47.8 3.72
47.9 8.88
48 9.6
48.1 5.4
48.2 0
48.3 0.24
48.4 5.28
48.5 10.44
48.6 9.48
48.7 3.48
48.8 0
48.9 0.24
49 5.28
49.1 10.44
49.2 9.36
49.3 4.32
49.4 0
49.5 0.24
49.6 3.84
49.7 9.6
49.8 9.12
49.9 5.04
50 2.52
50.1 0
50.2 4.2
50.3 1.32
50.4 6.12
50.5 7.8
50.6 1.56
50.7 1.08
50.8 6.48
50.9 9.72
51 4.92
51.1 0
51.2 4.32
51.3 8.4
51.4 6.96
51.5 3.24
51.6 0.72
51.7 4.44
51.8 9.24
51.9 7.92
52 1.44
52.1 0.84
52.2 5.4
52.3 8.88
52.4 7.92
52.5 1.44
52.6 0.72
52.7 4.92
52.8 9.6
52.9 6.6
53 3.24
53.1 0.48
53.2 4.08
53.3 8.76
53.4 7.56
53.5 4.44
53.6 0
53.7 4.08
53.8 5.88
53.9 8.76
54 6.96
54.1 0
54.2 0.72
54.3 5.04
54.4 9.6
54.5 6.6
54.6 3.84
54.7 0
54.8 4.56
54.9 6.48
55 8.64
55.1 6
55.2 0
55.3 0.72
55.4 5.52
55.5 9.12
55.6 6.72
55.7 3.6
55.8 0
55.9 4.56
56 6.72
56.1 8.64
56.2 5.76
56.3 0
56.4 1.32
56.5 5.28
56.6 8.88
56.7 7.2
56.8 3.12
56.9 0.6
57 4.32
57.1 7.08
57.2 8.76
57.3 5.52
57.4 0
57.5 1.32
57.6 5.52
57.7 9.24
57.8 6.6
57.9 3.84
58 0
58.1 5.16
58.2 5.88
58.3 8.52
58.4 7.32
58.5 0.24
58.6 1.08
58.7 4.2
58.8 9.36
58.9 8.64
59 4.68
59.1 0
59.2 1.56
59.3 5.28
59.4 10.44
59.5 6.96
59.6 4.8
59.7 0
59.8 2.52
59.9 5.4
60 10.32
60.1 7.32
60.2 5.04
60.3 0
60.4 1.56
60.5 4.92
60.6 10.56
60.7 9
60.8 5.88
60.9 0
61 0
61.1 0.12
61.2 4.56
61.3 8.28
61.4 7.08
61.5 2.88
61.6 0.12
61.7 9.84
61.8 7.32
61.9 6.96
62 0
62.1 3.12
62.2 8.88
62.3 7.08
62.4 6.6
62.5 0
62.6 3.72
62.7 8.64
62.8 7.08
62.9 7.92
63 0
63.1 0.48
63.2 10.68
63.3 8.64
63.4 6.48
63.5 2.52
63.6 0
63.7 4.8
63.8 8.28
63.9 8.28
64 8.16
64.1 0.6
64.2 0
64.3 5.76
64.4 7.92
64.5 8.4
64.6 7.68
64.7 1.2
64.8 0
64.9 4.08
65 9.36
65.1 8.64
65.2 5.88
65.3 3.96
65.4 0
65.5 0.96
65.6 4.44
65.7 4.08
65.8 5.64
65.9 6.96
66 0
66.1 5.64
66.2 7.68
66.3 7.8
66.4 1.2
66.5 3.12
66.6 7.92
66.7 5.88
66.8 6.6
66.9 0
67 6.84
67.1 7.68
67.2 5.64
67.3 4.2
67.4 0
67.5 7.44
67.6 8.28
67.7 5.88
67.8 3.72
67.9 0
68 7.68
68.1 8.28
68.2 5.52
68.3 4.32
68.4 0
68.5 7.2
68.6 7.56
68.7 4.92
68.8 6.72
68.9 0
69 4.44
69.1 7.32
69.2 4.92
69.3 9.84
69.4 0.24
69.5 0.6
69.6 7.68
69.7 8.52
69.8 5.76
69.9 4.32
70 0
70.1 6
70.2 7.56
70.3 4.56
70.4 8.88
70.5 0
70.6 1.44
70.7 7.2
70.8 8.4
70.9 6
71 4.08
71.1 0
71.2 6.24
71.3 7.2
71.4 4.56
71.5 9.12
71.6 0
71.7 1.2
71.8 7.2
71.9 8.64
72 6
72.1 4.08
72.2 0
72.3 6.12
72.4 7.44
72.5 4.68
72.6 9.12
72.7 0
72.8 1.08
72.9 7.44
73 8.76
73.1 5.88
73.2 4.56
73.3 0
73.4 5.4
73.5 7.2
73.6 4.92
73.7 9.72
73.8 0.72
73.9 0
74 8.76
74.1 7.8
74.2 4.68
74.3 7.32
74.4 0
74.5 2.16
74.6 7.44
74.7 9.12
74.8 5.4
74.9 5.52
75 0
75.1 3.96
75.2 7.32
75.3 8.28
75.4 6.24
75.5 4.92
75.6 0
75.7 4.08
75.8 6.84
75.9 9.84
76 4.92
76.1 7.08
76.2 0
76.3 0.72
76.4 4.32
76.5 3.36
76.6 3.72
76.7 9.84
76.8 0
76.9 0
77 7.2
77.1 9.84
77.2 6
77.3 0
77.4 3.48
77.5 8.28
77.6 10.2
77.7 3
77.8 0
77.9 6.72
78 6.84
78.1 10.2
78.2 2.76
78.3 0
78.4 5.64
78.5 6.84
78.6 10.2
78.7 5.28
78.8 0
78.9 1.68
79 7.08
79.1 9.6
79.2 10.56
79.3 0.48
79.4 0
79.5 4.68
79.6 6.24
79.7 9.96
79.8 9.72
79.9 0
80 0.12
80.1 4.44
80.2 6
80.3 9.84
80.4 10.32
80.5 0.84
80.6 0
80.7 2.04
80.8 7.92
80.9 4.44
81 3.96
81.1 3.72
81.2 0
81.3 0.36
81.4 8.76
81.5 5.76
81.6 7.44
81.7 0.12
81.8 4.56
81.9 5.88
82 10.32
82.1 2.52
82.2 0.24
82.3 9.48
82.4 5.16
82.5 9.12
82.6 0
82.7 2.04
82.8 8.52
82.9 6.72
83 7.68
83.1 0
83.2 2.88
83.3 7.92
83.4 7.2
83.5 7.68
83.6 0
83.7 2.16
83.8 8.88
83.9 6.12
84 9
84.1 0
84.2 0.48
84.3 9.6
84.4 4.56
84.5 9.72
84.6 2.28
84.7 0
84.8 6.72
84.9 4.68
85 9.72
85.1 5.76
85.2 0
85.3 2.4
85.4 9.12
85.5 5.28
85.6 9.96
85.7 0.24
85.8 0
85.9 7.68
86 4.32
86.1 9.84
86.2 5.28
86.3 0
86.4 2.4
86.5 9.12
86.6 5.28
86.7 9.84
86.8 0.48
86.9 0
87 7.44
87.1 4.32
87.2 9.84
87.3 5.52
87.4 0
87.5 2.4
87.6 9.24
87.7 5.28
87.8 9.84
87.9 0.48
88 0
88.1 7.32
88.2 4.68
88.3 9.84
88.4 5.64
88.5 0
88.6 2.28
88.7 9.6
88.8 4.92
88.9 9.72
89 1.44
89.1 0
89.2 6.12
89.3 5.76
89.4 8.64
89.5 7.8
89.6 0
89.7 0.96
89.8 8.76
89.9 4.2
90 10.2
90.1 5.16
90.2 0
90.3 1.68
90.4 10.44
90.5 4.32
90.6 9.96
90.7 3.96
90.8 0
90.9 2.28
91 10.68
91.1 4.08
91.2 10.32
91.3 4.44
91.4 0
91.5 1.32
91.6 10.2
91.7 3.84
91.8 10.56
91.9 1.32
92 0
92.1 0
92.2 4.32
92.3 5.88
92.4 7.92
92.5 5.4
92.6 0.12
92.7 10.08
92.8 3.84
92.9 10.56
93 0
93.1 3.6
93.2 7.44
93.3 7.32
93.4 7.8
93.5 0
93.6 4.44
93.7 7.44
93.8 7.2
93.9 8.76
94 0
94.1 2.16
94.2 10.44
94.3 3.48
94.4 9.84
94.5 3.48
94.6 0
94.7 6.6
94.8 6.6
94.9 6.96
95 9.72
95.1 0.84
95.2 0
95.3 8.04
95.4 5.76
95.5 7.2
95.6 9.6
95.7 1.32
95.8 0
95.9 6.36
96 7.68
96.1 4.92
96.2 9.84
96.3 3.84
96.4 0
96.5 3.36
96.6 0.96
96.7 1.92
96.8 9.6
96.9 6.84
97 0
97.1 4.56
97.2 7.56
97.3 10.56
97.4 1.2
97.5 4.56
97.6 2.52
97.7 9.84
97.8 7.68
97.9 0
98 5.04
98.1 5.28
98.2 9.84
98.3 5.52
98.4 0
98.5 5.16
98.6 6.48
98.7 9.6
98.8 5.16
98.9 0
99 5.16
99.1 5.64
99.2 9.84
99.3 6.36
99.4 0
99.5 5.04
99.6 3.72
99.7 9.48
99.8 9
99.9 0
100 4.44
