0.2 0.00448
0.3 0
0.4 0.0208
0.5 0
0.6 0.03744
0.7 0
0.8 0.07488
0.9 0
1 0.0832
1.1 0.06656
1.2 0.0624
1.3 0.104
1.4 0.06656
1.5 0.0832
1.6 0.04992
1.7 0.13312
1.8 0.07072
1.9 0.0624
2 0.13312
2.1 0.18272
2.2 0.19456
2.3 0.32224
2.4 0.11552
2.5 0.34048
2.6 0.28576
2.7 0.16416
2.8 0.27968
2.9 0.304
3 0.11552
3.1 0.35872
3.2 0.0304
3.3 0.42496
3.4 0.24416
3.5 0.1248
3.6 0.1824
3.7 0.3072
3.8 0.01568
3.9 0.248
4 0.29184
4.1 0.3648
4.2 0.0304
4.3 0.3648
4.4 0.48032
4.5 0.23968
4.6 0.09152
4.7 0.02912
4.8 0.13312
4.9 0.17472
5 0.17056
5.1 0.17472
5.2 0.17056
5.3 0.17472
5.4 0.17056
5.5 0.17472
5.6 0.17056
5.7 0.17056
5.8 0.17472
5.9 0.17056
6 0.1664
6.1 0.17056
6.2 0.17472
6.3 0.17472
6.4 0.15392
6.5 0.17472
6.6 0.17056
6.7 0.14144
6.8 0.17472
6.9 0.17056
7 0.17472
7.1 0.10816
7.2 0.17056
7.3 0.17472
7.4 0.17056
7.5 0.0832
7.6 0.13312
7.7 0.17056
7.8 0.17472
7.9 0.1456
8 0
8.1 0.11648
8.2 0.17472
8.3 0.17056
8.4 0.1664
8.5 0
8.6 0.08736
8.7 0.17472
8.8 0.17056
8.9 0.17472
9 0.02496
9.1 0.0416
9.2 0.17056
9.3 0.17472
9.4 0.17472
9.5 0.07488
9.6 0
9.7 0.14976
9.8 0.17472
9.9 0.17056
10 0.14144
10.1 0
10.2 0.07072
10.3 0.17472
10.4 0.17056
10.5 0.17056
10.6 0.04992
10.7 0
10.8 0.14976
10.9 0.17056
11 0.17472
11.1 0.14144
11.2 0
11.3 0.03744
11.4 0.17056
11.5 0.17472
11.6 0.17472
11.7 0.07904
11.8 0
11.9 0.0832
12 0.17056
12.1 0.17472
12.2 0.17472
12.3 0.0416
12.4 0
12.5 0.104
12.6 0.17056
12.7 0.17472
12.8 0.17056
12.9 0.03328
13 0
13.1 0.09568
13.2 0.17056
13.3 0.17056
13.4 0.17472
13.5 0.04576
13.6 0
13.7 0.06656
13.8 0.17056
13.9 0.17056
14 0.17472
14.1 0.09568
14.2 0
14.3 0.00832
14.4 0.47072
14.5 0.50464
14.6 0.49248
14.7 0.43776
14.8 0
14.9 0.23712
15 0.49248
15.1 0.45344
15.2 0.07648
15.3 0.00832
15.4 0.1456
15.5 0.1664
15.6 0.17472
15.7 0.00416
15.8 0.01664
15.9 0.15808
16 0.1664
16.1 0.17472
16.2 0.01248
16.3 0
16.4 0.1456
16.5 0.1664
16.6 0.17472
16.7 0.07488
16.8 0
16.9 0.05824
17 0.1664
17.1 0.17056
17.2 0.17472
17.3 0.0208
17.4 0
17.5 0.09568
17.6 0.1664
17.7 0.17056
17.8 0.17056
17.9 0.0208
18 0
18.1 0.0832
18.2 0.16224
18.3 0.17472
18.4 0.17472
18.5 0.05408
18.6 0
18.7 0.02912
18.8 0.31808
18.9 0.47872
19 0.50464
19.1 0.31008
19.2 0
19.3 0.03648
19.4 0.38912
19.5 0.50464
19.6 0.37568
19.7 0
19.8 0.11712
19.9 0.1664
20 0.1664
20.1 0.05824
20.2 0.00832
20.3 0.13728
20.4 0.1664
20.5 0.1664
20.6 0.00416
20.7 0.02496
20.8 0.15808
20.9 0.17056
21 0.1456
21.1 0
21.2 0.02912
21.3 0.1664
21.4 0.17056
21.5 0.15392
21.6 0
21.7 0.02496
21.8 0.14976
21.9 0.17472
22 0.1664
22.1 0.01664
22.2 0.00832
22.3 0.13728
22.4 0.1664
22.5 0.17056
22.6 0.0624
22.7 0.00832
22.8 0.0832
22.9 0.1664
23 0.17056
23.1 0.1248
23.2 0
23.3 0.03744
23.4 0.14976
23.5 0.17472
23.6 0.16224
23.7 0.03744
23.8 0.01248
23.9 0.10816
24 0.16224
24.1 0.17472
24.2 0.10816
24.3 0
24.4 0.0416
24.5 0.15808
24.6 0.17472
24.7 0.1664
24.8 0.02496
24.9 0.01248
25 0.11232
25.1 0.1664
25.2 0.17472
25.3 0.09984
25.4 0
25.5 0.0416
25.6 0.1664
25.7 0.17056
25.8 0.1664
25.9 0.0208
26 0.01248
26.1 0.11648
26.2 0.1664
26.3 0.17056
26.4 0.09984
26.5 0
26.6 0.04576
26.7 0.15392
26.8 0.17472
26.9 0.16224
27 0.03328
27.1 0.0208
27.2 0.08736
27.3 0.16224
27.4 0.17472
27.5 0.13312
27.6 0
27.7 0.02912
27.8 0.12896
27.9 0.1664
28 0.17056
28.1 0.08736
28.2 0
28.3 0.04992
28.4 0.14144
28.5 0.16224
28.6 0.17472
28.7 0.06656
28.8 0
28.9 0.04992
29 0.13728
29.1 0.1664
29.2 0.17472
29.3 0.0832
29.4 0
29.5 0.02496
29.6 0.11648
29.7 0.37984
29.8 0.50464
29.9 0.3952
30 0
30.1 0.07296
30.2 0.1824
30.3 0.49248
30.4 0.47424
30.5 0.0304
30.6 0.14592
30.7 0.27808
30.8 0.14976
30.9 0.11648
31 0.00416
31.1 0.0624
31.2 0.14976
31.3 0.1664
31.4 0.08736
31.5 0.00416
31.6 0.0624
31.7 0.1664
31.8 0.1456
31.9 0.12064
32 0
32.1 0.04992
32.2 0.1248
32.3 0.14976
32.4 0.15392
32.5 0.05408
32.6 0.01664
32.7 0.05824
32.8 0.15808
32.9 0.1456
33 0.15808
33.1 0.02496
33.2 0.03328
33.3 0.04576
33.4 0.16224
33.5 0.1456
33.6 0.15392
33.7 0.04576
33.8 0
33.9 0.05824
34 0.1456
34.1 0.14976
34.2 0.1664
34.3 0.20192
34.4 0
34.5 0.104
34.6 0.34048
34.7 0.43776
34.8 0.50464
34.9 0.20064
35 0
35.1 0.38496
35.2 0.3872
35.3 0.23872
35.4 0.00832
35.5 0.0416
35.6 0.14976
35.7 0.17056
35.8 0.0832
35.9 0
36 0.09152
36.1 0.1456
36.2 0.17472
36.3 0.04576
36.4 0
36.5 0.11648
36.6 0.1456
36.7 0.17472
36.8 0.03744
36.9 0
37 0.11232
37.1 0.1456
37.2 0.17472
37.3 0.05824
37.4 0
37.5 0.07904
37.6 0.1456
37.7 0.17472
37.8 0.104
37.9 0
38 0.02496
38.1 0.17472
38.2 0.14976
38.3 0.12896
38.4 0.03744
38.5 0
38.6 0.12896
38.7 0.1456
38.8 0.17472
38.9 0.07072
39 0
39.1 0.05408
39.2 0.14976
39.3 0.17056
39.4 0.12064
39.5 0.03328
39.6 0
39.7 0.13728
39.8 0.1456
39.9 0.17472
40 0.07072
40.1 0
40.2 0.04992
40.3 0.14976
40.4 0.17056
40.5 0.1248
40.6 0.03328
40.7 0
40.8 0.13728
40.9 0.1456
41 0.17472
41.1 0.07072
41.2 0
41.3 0.04992
41.4 0.14976
41.5 0.1664
41.6 0.1248
41.7 0.03744
41.8 0
41.9 0.12896
42 0.14144
42.1 0.17472
42.2 0.08736
42.3 0
42.4 0.02912
42.5 0.17056
42.6 0.14144
42.7 0.15392
42.8 0.0416
42.9 0
43 0.08736
43.1 0.13728
43.2 0.17472
43.3 0.12064
43.4 0.0208
43.5 0
43.6 0.13312
43.7 0.13312
43.8 0.17472
43.9 0.11232
44 0
44.1 0.00416
44.2 0.1456
44.3 0.12896
44.4 0.17472
44.5 0.11648
44.6 0
44.7 0
44.8 0.1248
44.9 0.12896
45 0.17056
45.1 0.12064
45.2 0.0416
45.3 0
45.4 0.19168
45.5 0.43776
45.6 0.43168
45.7 0.49248
45.8 0.13376
45.9 0.00608
46 0.34656
46.1 0.50464
46.2 0.27296
46.3 0
46.4 0.07072
46.5 0.1248
46.6 0.17472
46.7 0.07072
46.8 0
46.9 0.07904
47 0.13312
47.1 0.17472
47.2 0.07904
47.3 0
47.4 0.06656
47.5 0.11648
47.6 0.17472
47.7 0.11232
47.8 0.02496
47.9 0.01664
48 0.0832
48.1 0.17056
48.2 0.17472
48.3 0.0832
48.4 0
48.5 0.01664
48.6 0.11232
48.7 0.17472
48.8 0.1664
48.9 0.0832
49 0
49.1 0.01664
49.2 0.09568
49.3 0.17472
49.4 0.17472
49.5 0.104
49.6 0.00832
49.7 0.0208
49.8 0.20608
49.9 0.36544
50 0.50464
50.1 0.29792
50.2 0.1824
50.3 0
50.4 0.10944
50.5 0.4256
50.6 0.42368
50.7 0.1488
50.8 0.02688
50.9 0.09152
51 0.17472
51.1 0.09984
51.2 0.03328
51.3 0.05824
51.4 0.11648
51.5 0.16224
51.6 0.09568
51.7 0.0208
51.8 0.0416
51.9 0.1456
52 0.16224
52.1 0.07904
52.2 0.02496
52.3 0.0416
52.4 0.1456
52.5 0.16224
52.6 0.09152
52.7 0.00832
52.8 0.05824
52.9 0.12064
53 0.1664
53.1 0.09984
53.2 0.02496
53.3 0.04576
53.4 0.09568
53.5 0.17472
53.6 0.09984
53.7 0.07488
53.8 0.02496
53.9 0.05408
54 0.17056
54.1 0.16224
54.2 0.0832
54.3 0.00832
54.4 0.0624
54.5 0.104
54.6 0.17472
54.7 0.09152
54.8 0.0624
54.9 0.02496
55 0.06656
55.1 0.17056
55.2 0.16224
55.3 0.07904
55.4 0.01248
55.5 0.05824
55.6 0.10816
55.7 0.17472
55.8 0.09568
55.9 0.05408
56 0.02496
56.1 0.07488
56.2 0.17056
56.3 0.15392
56.4 0.07904
56.5 0.0208
56.6 0.04992
56.7 0.11648
56.8 0.1664
56.9 0.09984
57 0.04992
57.1 0.02496
57.2 0.07904
57.3 0.17056
57.4 0.15392
57.5 0.07904
57.6 0.01248
57.7 0.05824
57.8 0.10816
57.9 0.17472
58 0.08736
58.1 0.07072
58.2 0.02496
58.3 0.04992
58.4 0.17056
58.5 0.15808
58.6 0.09984
58.7 0.01664
58.8 0.02912
58.9 0.09152
59 0.17472
59.1 0.1456
59.2 0.08736
59.3 0
59.4 0.05408
59.5 0.09152
59.6 0.17472
59.7 0.12896
59.8 0.09152
59.9 0
60 0.04992
60.1 0.09152
60.2 0.17472
60.3 0.14976
60.4 0.09152
60.5 0
60.6 0.02912
60.7 0.07264
60.8 0.47136
60.9 0.46208
61 0.25536
61.1 0.152
61.2 0.08512
61.3 0.14592
61.4 0.4256
61.5 0.50464
61.6 0.00608
61.7 0.11968
61.8 0.09664
61.9 0.17056
62 0.1248
62.1 0.02912
62.2 0.05824
62.3 0.0624
62.4 0.17472
62.5 0.11648
62.6 0.02912
62.7 0.05408
62.8 0.04576
62.9 0.17472
63 0.16224
63.1 0
63.2 0.03328
63.3 0.06656
63.4 0.12896
63.5 0.17472
63.6 0.09152
63.7 0.03744
63.8 0.03328
63.9 0.03744
64 0.1664
64.1 0.17056
64.2 0.07904
64.3 0.03744
64.4 0.03328
64.5 0.0416
64.6 0.15392
64.7 0.17472
64.8 0.104
64.9 0.01664
65 0.02496
65.1 0.07488
65.2 0.10816
65.3 0.41568
65.4 0.456
65.5 0
65.6 0.11552
65.7 0.21888
65.8 0.152
65.9 0.50464
66 0.23712
66.1 0.11552
66.2 0.10688
66.3 0.24352
66.4 0.13312
66.5 0.0416
66.6 0.07488
66.7 0.05824
66.8 0.17056
66.9 0.0624
67 0.04576
67.1 0.07904
67.2 0.09984
67.3 0.17056
67.4 0.05408
67.5 0.03328
67.6 0.07072
67.7 0.11232
67.8 0.17472
67.9 0.04576
68 0.02912
68.1 0.0832
68.2 0.09568
68.3 0.17472
68.4 0.04992
68.5 0.04576
68.6 0.09152
68.7 0.05824
68.8 0.17056
68.9 0.09984
69 0.04576
69.1 0.08736
69.2 0.00416
69.3 0.17056
69.4 0.1664
69.5 0.03744
69.6 0.02912
69.7 0.07072
69.8 0.09984
69.9 0.17056
70 0.07072
70.1 0.04576
70.2 0.09568
70.3 0.01664
70.4 0.17056
70.5 0.15392
70.6 0.04576
70.7 0.02912
70.8 0.06656
70.9 0.104
71 0.17472
71.1 0.0624
71.2 0.04576
71.3 0.09568
71.4 0.01664
71.5 0.17472
71.6 0.14976
71.7 0.04576
71.8 0.02496
71.9 0.07072
72 0.104
72.1 0.17056
72.2 0.06656
72.3 0.04576
72.4 0.09568
72.5 0.01664
72.6 0.17056
72.7 0.15808
72.8 0.0416
72.9 0.02496
73 0.07488
73.1 0.09152
73.2 0.17472
73.3 0.07904
73.4 0.04992
73.5 0.09152
73.6 0.00416
73.7 0.16224
73.8 0.17056
73.9 0.02496
74 0.0416
74.1 0.09568
74.2 0.04576
74.3 0.17472
74.4 0.13728
74.5 0.04992
74.6 0.0208
74.7 0.07904
74.8 0.0832
74.9 0.17056
75 0.10816
75.1 0.05408
75.2 0.03328
75.3 0.07072
75.4 0.08736
75.5 0.17472
75.6 0.10816
75.7 0.05824
75.8 0.01248
75.9 0.09568
76 0.05824
76.1 0.17056
76.2 0.15808
76.3 0.02688
76.4 0.09248
76.5 0.3072
76.6 0.00608
76.7 0.50464
76.8 0.51072
76.9 0.20064
77 0.00608
77.1 0.20064
77.2 0.50464
77.3 0.26784
77.4 0.05408
77.5 0.00416
77.6 0.12064
77.7 0.17472
77.8 0.06656
77.9 0.05824
78 0.00416
78.1 0.12896
78.2 0.17472
78.3 0.07904
78.4 0.0624
78.5 0.00416
78.6 0.08736
78.7 0.17472
78.8 0.1456
78.9 0.05824
79 0.01248
79.1 0
79.2 0.16224
79.3 0.17472
79.4 0.09568
79.5 0.07072
79.6 0.00416
79.7 0.01248
79.8 0.17056
79.9 0.17472
80 0.09568
80.1 0.07488
80.2 0.00416
80.3 0
80.4 0.16224
80.5 0.17056
80.6 0.13728
80.7 0.0416
80.8 0.0416
80.9 0
81 0.17888
81.1 0.47904
81.2 0.4864
81.3 0.06688
81.4 0.23712
81.5 0.12768
81.6 0.49088
81.7 0.2448
81.8 0.14688
81.9 0.00416
82 0.13312
82.1 0.1664
82.2 0.0208
82.3 0.0832
82.4 0.01664
82.5 0.17472
82.6 0.14144
82.7 0.03328
82.8 0.05824
82.9 0.0416
83 0.17472
83.1 0.1248
83.2 0.03744
83.3 0.05408
83.4 0.0416
83.5 0.17472
83.6 0.13728
83.7 0.0208
83.8 0.07072
83.9 0.01664
84 0.17472
84.1 0.1664
84.2 0.00832
84.3 0.09568
84.4 0.00416
84.5 0.13728
84.6 0.17472
84.7 0.05824
84.8 0.09152
84.9 0.00832
85 0.07072
85.1 0.17472
85.2 0.13312
85.3 0.01248
85.4 0.0832
85.5 0.00416
85.6 0.1664
85.7 0.17056
85.8 0.04576
85.9 0.09568
86 0.00416
86.1 0.07904
86.2 0.17472
86.3 0.12896
86.4 0.01664
86.5 0.07904
86.6 0.00416
86.7 0.1664
86.8 0.17472
86.9 0.0416
87 0.09568
87.1 0.00416
87.2 0.07904
87.3 0.17472
87.4 0.12896
87.5 0.01664
87.6 0.07904
87.7 0.00416
87.8 0.1664
87.9 0.17056
88 0.04576
88.1 0.09568
88.2 0.00416
88.3 0.07488
88.4 0.17472
88.5 0.13728
88.6 0.00416
88.7 0.09152
88.8 0.00416
88.9 0.14976
89 0.17472
89.1 0.06656
89.2 0.07488
89.3 0.02912
89.4 0.03744
89.5 0.17472
89.6 0.15808
89.7 0.02496
89.8 0.09984
89.9 0.00416
90 0.08736
90.1 0.17056
90.2 0.1456
90.3 0
90.4 0.09984
90.5 0.00416
90.6 0.10816
90.7 0.17472
90.8 0.13312
90.9 0
91 0.104
91.1 0.00416
91.2 0.09984
91.3 0.17056
91.4 0.15392
91.5 0.00832
91.6 0.10816
91.7 0.00416
91.8 0.104
91.9 0.49696
92 0.49248
92.1 0.12768
92.2 0.20672
92.3 0.10336
92.4 0.29792
92.5 0.49856
92.6 0
92.7 0.27808
92.8 0.00832
92.9 0.17472
93 0.11648
93.1 0.05408
93.2 0.04992
93.3 0.04576
93.4 0.17056
93.5 0.104
93.6 0.05408
93.7 0.05408
93.8 0.02912
93.9 0.17472
94 0.13728
94.1 0
94.2 0.11648
94.3 0.00832
94.4 0.12064
94.5 0.17056
94.6 0.0624
94.7 0.06656
94.8 0.05824
94.9 0.00832
95 0.16224
95.1 0.17056
95.2 0.0416
95.3 0.07904
95.4 0.04992
95.5 0.00832
95.6 0.15392
95.7 0.17472
95.8 0.0624
95.9 0.04576
96 0.08736
96.1 0.00832
96.2 0.10816
96.3 0.44032
96.4 0.34048
96.5 0
96.6 0.38912
96.7 0.01824
96.8 0.15808
96.9 0.50464
97 0.28576
97.1 0.12768
97.2 0.01824
97.3 0.23264
97.4 0.09568
97.5 0.13312
97.6 0.00832
97.7 0.0416
97.8 0.17472
97.9 0.08736
98 0.08736
98.1 0.00832
98.2 0.0832
98.3 0.17056
98.4 0.08736
98.5 0.06656
98.6 0.00832
98.7 0.08736
98.8 0.17056
98.9 0.08736
99 0.07488
99.1 0.00832
99.2 0.06656
99.3 0.17472
99.4 0.0832
99.5 0.10816
99.6 0.01248
99.7 0.01664
99.8 0.17472
99.9 0.09984
100 0.15392
