0.1 0.00448
0.2 0
0.3 1.20416
0.4 0
0.5 2.16
0.6 0
0.7 4.32
0.8 0
0.9 8.64
1 0
1.1 9.6
1.2 7.68
1.3 7.2
1.4 12
1.5 7.68
1.6 9.6
1.7 5.76
1.8 15.36
1.9 8.16
2 7.2
2.1 15.36
2.2 1.2
2.3 0
2.4 4.2
2.5 2.28
2.6 6.72
2.7 5.64
2.8 12.36
2.9 5.52
3 6
3.1 2.4
3.2 6.96
3.3 0.72
3.4 8.4
3.5 13.44
3.6 0
3.7 0
3.8 7.56
3.9 0.36
4 4.92
4.1 16.68
4.2 7.2
4.3 1.56
4.4 7.2
4.5 9.48
4.6 6.84
4.7 5.4
4.8 1.8
4.9 7.92
5 10.44
5.1 10.2
5.2 10.32
5.3 10.2
5.4 10.32
5.5 10.08
5.6 10.32
5.7 10.08
5.8 10.08
5.9 10.32
6 10.08
6.1 9.84
6.2 9.96
6.3 10.32
6.4 10.32
6.5 9
6.6 10.2
6.7 9.96
6.8 8.28
6.9 10.2
7 10.08
7.1 10.2
7.2 6.24
7.3 9.96
7.4 10.2
7.5 9.96
7.6 4.8
7.7 7.8
7.8 9.84
7.9 10.2
8 8.4
8.1 0
8.2 6.84
8.3 10.08
8.4 9.96
8.5 9.6
8.6 0
8.7 5.04
8.8 10.08
8.9 9.96
9 10.08
9.1 1.44
9.2 2.4
9.3 9.84
9.4 10.08
9.5 10.08
9.6 4.32
9.7 0
9.8 8.64
9.9 10.08
10 9.84
10.1 8.16
10.2 0
10.3 4.08
10.4 10.08
10.5 9.84
10.6 9.84
10.7 2.88
10.8 0
10.9 8.64
11 9.96
11.1 10.08
11.2 8.16
11.3 0
11.4 2.28
11.5 9.84
11.6 10.2
11.7 10.08
11.8 4.68
11.9 0
12 4.8
12.1 9.84
12.2 10.2
12.3 10.2
12.4 2.4
12.5 0
12.6 6
12.7 9.96
12.8 10.2
12.9 9.96
13 1.92
13.1 0
13.2 5.76
13.3 10.08
13.4 9.96
13.5 10.32
13.6 2.76
13.7 0
13.8 3.84
13.9 10.2
14 10.08
14.1 10.44
14.2 5.64
14.3 0
14.4 0.6
14.5 1.2
14.6 7.2
14.7 9.72
14.8 8.64
14.9 0
15 5.52
15.1 9.72
15.2 9.96
15.3 3.6
15.4 0.72
15.5 8.76
15.6 10.08
15.7 10.56
15.8 0.24
15.9 1.08
16 9.72
16.1 10.2
16.2 10.56
16.3 0.84
16.4 0
16.5 9
16.6 10.08
16.7 10.68
16.8 4.44
16.9 0
17 3.6
17.1 10.2
17.2 10.32
17.3 10.44
17.4 1.32
17.5 0
17.6 5.64
17.7 9.96
17.8 10.2
17.9 10.2
18 1.2
18.1 0
18.2 4.92
18.3 9.72
18.4 10.32
18.5 10.32
18.6 3.24
18.7 0
18.8 1.8
18.9 5.4
19 3.12
19.1 9.96
19.2 6.12
19.3 0
19.4 0.72
19.5 8.4
19.6 9.96
19.7 7.92
19.8 0
19.9 4.92
20 9.84
20.1 9.72
20.2 3.48
20.3 0.6
20.4 8.16
20.5 9.96
20.6 9.84
20.7 0.24
20.8 1.56
20.9 9.48
21 10.2
21.1 8.64
21.2 0
21.3 1.68
21.4 9.96
21.5 10.08
21.6 9.12
21.7 0
21.8 1.56
21.9 8.88
22 10.2
22.1 9.84
22.2 0.96
22.3 0.48
22.4 8.16
22.5 9.72
22.6 9.96
22.7 3.6
22.8 0.6
22.9 4.8
23 9.72
23.1 9.96
23.2 7.2
23.3 0
23.4 2.28
23.5 8.64
23.6 10.2
23.7 9.36
23.8 2.16
23.9 0.72
24 6.24
24.1 9.48
24.2 10.08
24.3 6.24
24.4 0
24.5 2.4
24.6 9.12
24.7 10.08
24.8 9.6
24.9 1.44
25 0.72
25.1 6.48
25.2 9.6
25.3 10.08
25.4 5.76
25.5 0
25.6 2.4
25.7 9.6
25.8 9.84
25.9 9.6
26 1.2
26.1 0.84
26.2 6.72
26.3 9.6
26.4 9.96
26.5 5.76
26.6 0
26.7 2.76
26.8 9
26.9 10.08
27 9.48
27.1 1.92
27.2 1.2
27.3 5.16
27.4 9.48
27.5 10.08
27.6 7.8
27.7 0
27.8 1.8
27.9 7.56
28 9.72
28.1 10.08
28.2 5.04
28.3 0
28.4 3
28.5 8.4
28.6 9.6
28.7 10.32
28.8 3.96
28.9 0
29 3
29.1 8.28
29.2 9.96
29.3 10.44
29.4 4.92
29.5 0
29.6 1.68
29.7 7.08
29.8 2.52
29.9 6.36
30 7.8
30.1 0
30.2 1.44
30.3 3.6
30.4 11.04
30.5 9.36
30.6 0.6
30.7 2.88
30.8 8.4
30.9 8.88
31 6.96
31.1 0.36
31.2 3.84
31.3 9.12
31.4 10.08
31.5 5.28
31.6 0.36
31.7 3.84
31.8 10.2
31.9 8.88
32 7.44
32.1 0
32.2 3
32.3 7.68
32.4 9.12
32.5 9.36
32.6 3.24
32.7 0.96
32.8 3.36
32.9 9.84
33 8.76
33.1 9.48
33.2 1.44
33.3 2.04
33.4 2.76
33.5 9.72
33.6 8.64
33.7 9.24
33.8 2.64
33.9 0
34 3.48
34.1 8.64
34.2 8.88
34.3 9.84
34.4 1.2
34.5 0
34.6 0
34.7 2.16
34.8 8.64
34.9 9.96
35 4.32
35.1 0
35.2 7.8
35.3 8.64
35.4 8.64
35.5 0.6
35.6 2.4
35.7 9
35.8 10.08
35.9 5.04
36 0
36.1 5.4
36.2 8.76
36.3 10.44
36.4 2.76
36.5 0
36.6 6.96
36.7 8.64
36.8 10.44
36.9 2.16
37 0
37.1 6.72
37.2 8.64
37.3 10.32
37.4 3.48
37.5 0
37.6 4.68
37.7 8.52
37.8 10.32
37.9 6.12
38 0
38.1 1.44
38.2 10.2
38.3 8.76
38.4 7.56
38.5 2.16
38.6 0
38.7 7.56
38.8 8.4
38.9 10.2
39 4.08
39.1 0
39.2 3
39.3 8.64
39.4 9.96
39.5 6.96
39.6 1.92
39.7 0
39.8 7.92
39.9 8.4
40 10.08
40.1 4.08
40.2 0
40.3 2.88
40.4 8.64
40.5 9.84
40.6 7.2
40.7 1.92
40.8 0
40.9 7.68
41 8.64
41.1 10.08
41.2 4.08
41.3 0
41.4 3
41.5 8.64
41.6 9.6
41.7 7.2
41.8 2.28
41.9 0
42 7.56
42.1 8.16
42.2 10.2
42.3 5.04
42.4 0
42.5 1.8
42.6 9.96
42.7 8.16
42.8 9
42.9 2.4
43 0
43.1 5.16
43.2 8.04
43.3 10.32
43.4 7.08
43.5 1.2
43.6 0
43.7 7.8
43.8 7.8
43.9 10.44
44 6.6
44.1 0
44.2 0.12
44.3 8.76
44.4 7.68
44.5 10.44
44.6 6.96
44.7 0
44.8 0
44.9 7.68
45 7.8
45.1 10.32
45.2 7.32
45.3 2.52
45.4 0
45.5 1.2
45.6 1.8
45.7 8.52
45.8 9.72
45.9 2.64
46 0.12
46.1 7.92
46.2 9.96
46.3 7.44
46.4 0
46.5 4.44
46.6 7.68
46.7 10.44
46.8 4.32
46.9 0
47 4.92
47.1 8.16
47.2 10.68
47.3 4.8
47.4 0
47.5 4.2
47.6 7.2
47.7 10.56
47.8 6.84
47.9 1.56
48 0.96
48.1 4.8
48.2 10.68
48.3 10.56
48.4 5.04
48.5 0
48.6 0.96
48.7 6.84
48.8 10.44
48.9 9.96
49 4.92
49.1 0
49.2 1.08
49.3 5.64
49.4 10.44
49.5 10.32
49.6 6.24
49.7 0.48
49.8 1.2
49.9 1.08
50 1.56
50.1 9.96
50.2 5.88
50.3 3.6
50.4 0
50.5 3
50.6 8.4
50.7 8.88
50.8 3.72
50.9 1.32
51 5.52
51.1 10.32
51.2 5.88
51.3 2.04
51.4 3.48
51.5 6.96
51.6 9.72
51.7 5.76
51.8 1.2
51.9 2.52
52 8.76
52.1 9.6
52.2 4.68
52.3 1.56
52.4 2.4
52.5 8.76
52.6 9.36
52.7 5.64
52.8 0.48
52.9 3.36
53 7.2
53.1 9.84
53.2 5.76
53.3 1.56
53.4 2.64
53.5 5.64
53.6 10.2
53.7 5.88
53.8 4.32
53.9 1.44
54 3.24
54.1 9.96
54.2 9.36
54.3 4.92
54.4 0.24
54.5 3.84
54.6 6
54.7 10.08
54.8 5.28
54.9 3.72
55 1.44
55.1 3.84
55.2 9.84
55.3 9.36
55.4 4.56
55.5 0.72
55.6 3.36
55.7 6.24
55.8 10.08
55.9 5.52
56 3.12
56.1 1.44
56.2 4.08
56.3 10.08
56.4 8.88
56.5 4.56
56.6 1.2
56.7 2.88
56.8 6.84
56.9 9.6
57 5.76
57.1 2.88
57.2 1.56
57.3 4.56
57.4 9.96
57.5 8.88
57.6 4.68
57.7 0.72
57.8 3.48
57.9 6.24
58 9.84
58.1 5.4
58.2 4.2
58.3 1.44
58.4 2.88
58.5 9.96
58.6 9.24
58.7 5.88
58.8 1.08
58.9 1.44
59 5.64
59.1 10.32
59.2 8.64
59.3 5.16
59.4 0
59.5 3.24
59.6 5.52
59.7 10.32
59.8 7.8
59.9 5.4
60 0
60.1 3.12
60.2 5.52
60.3 10.56
60.4 9
60.5 5.52
60.6 0
60.7 1.8
60.8 4.2
60.9 0.6
61 8.76
61.1 5.04
61.2 3
61.3 1.68
61.4 2.88
61.5 9.36
61.6 9.84
61.7 0.24
61.8 2.64
61.9 5.04
62 10.2
62.1 7.44
62.2 1.8
62.3 3.48
62.4 3.96
62.5 10.68
62.6 7.08
62.7 1.8
62.8 3.36
62.9 2.76
63 10.8
63.1 9.84
63.2 0
63.3 2.04
63.4 4.08
63.5 7.92
63.6 10.56
63.7 5.52
63.8 2.28
63.9 2.04
64 2.28
64.1 10.08
64.2 10.2
64.3 4.68
64.4 2.28
64.5 2.04
64.6 2.4
64.7 9.24
64.8 10.44
64.9 6.12
65 0.96
65.1 1.56
65.2 4.44
65.3 6.36
65.4 1.92
65.5 7.44
65.6 0
65.7 2.28
65.8 4.32
65.9 3
66 10.92
66.1 4.56
66.2 2.4
66.3 2.16
66.4 9.12
66.5 7.8
66.6 2.52
66.7 4.56
66.8 3.48
66.9 10.2
67 3.6
67.1 2.76
67.2 4.8
67.3 6
67.4 10.08
67.5 3.24
67.6 2.04
67.7 4.2
67.8 6.72
67.9 10.32
68 2.76
68.1 1.68
68.2 4.92
68.3 5.76
68.4 10.32
68.5 2.88
68.6 2.76
68.7 5.28
68.8 3.48
68.9 10.08
69 5.76
69.1 2.76
69.2 5.04
69.3 0.24
69.4 9.96
69.5 9.72
69.6 2.16
69.7 1.68
69.8 4.2
69.9 5.76
70 9.84
70.1 4.08
70.2 2.64
70.3 5.64
70.4 0.96
70.5 9.84
70.6 8.88
70.7 2.64
70.8 1.68
70.9 3.84
71 6
71.1 10.08
71.2 3.6
71.3 2.64
71.4 5.52
71.5 0.96
71.6 10.08
71.7 8.64
71.8 2.64
71.9 1.44
72 4.08
72.1 6
72.2 9.96
72.3 3.84
72.4 2.64
72.5 5.52
72.6 1.08
72.7 9.84
72.8 9.12
72.9 2.52
73 1.56
73.1 4.32
73.2 5.4
73.3 10.08
73.4 4.56
73.5 3
73.6 5.28
73.7 0.24
73.8 9.6
73.9 9.96
74 1.44
74.1 2.4
74.2 5.76
74.3 2.64
74.4 10.32
74.5 8.04
74.6 3
74.7 1.2
74.8 4.8
74.9 4.92
75 10.2
75.1 6.36
75.2 3.36
75.3 1.92
75.4 4.32
75.5 5.28
75.6 10.56
75.7 6.48
75.8 3.6
75.9 0.72
76 5.88
76.1 3.6
76.2 10.44
76.3 9.6
76.4 1.32
76.5 0.6
76.6 0.12
76.7 0
76.8 8.4
76.9 10.08
77 5.16
77.1 0.12
77.2 3.96
77.3 9.96
77.4 6.96
77.5 3.48
77.6 0.24
77.7 7.44
77.8 10.56
77.9 4.08
78 3.48
78.1 0.36
78.2 8.04
78.3 10.68
78.4 4.8
78.5 3.84
78.6 0.24
78.7 5.4
78.8 10.68
78.9 8.88
79 3.48
79.1 0.84
79.2 0
79.3 9.84
79.4 10.56
79.5 5.76
79.6 4.2
79.7 0.36
79.8 0.72
79.9 10.32
80 10.44
80.1 5.64
80.2 4.44
80.3 0.36
80.4 0
80.5 9.6
80.6 10.2
80.7 8.04
80.8 2.4
80.9 2.52
81 0
81.1 4.44
81.2 2.4
81.3 9.6
81.4 1.32
81.5 4.68
81.6 2.52
81.7 10.44
81.8 5.4
81.9 4.8
82 0.24
82.1 7.92
82.2 9.84
82.3 1.2
82.4 5.04
82.5 0.96
82.6 10.44
82.7 8.52
82.8 1.92
82.9 3.48
83 2.52
83.1 10.44
83.2 7.44
83.3 2.28
83.4 3.24
83.5 2.4
83.6 10.44
83.7 8.04
83.8 1.32
83.9 4.08
84 1.08
84.1 10.32
84.2 9.72
84.3 0.48
84.4 5.64
84.5 0.24
84.6 8.04
84.7 10.2
84.8 3.48
84.9 5.28
85 0.48
85.1 4.2
85.2 10.08
85.3 7.8
85.4 0.72
85.5 4.8
85.6 0.24
85.7 9.6
85.8 9.96
85.9 2.64
86 5.52
86.1 0.24
86.2 4.56
86.3 10.08
86.4 7.44
86.5 0.96
86.6 4.56
86.7 0.24
86.8 9.6
86.9 10.08
87 2.4
87.1 5.52
87.2 0.24
87.3 4.56
87.4 10.08
87.5 7.44
87.6 0.96
87.7 4.56
87.8 0.24
87.9 9.72
88 9.84
88.1 2.64
88.2 5.64
88.3 0.24
88.4 4.44
88.5 10.08
88.6 8.04
88.7 0.36
88.8 5.28
88.9 0.24
89 8.76
89.1 10.08
89.2 3.96
89.3 4.32
89.4 1.8
89.5 2.16
89.6 10.2
89.7 9.36
89.8 1.44
89.9 5.88
90 0.24
90.1 5.28
90.2 10.08
90.3 8.64
90.4 0
90.5 6
90.6 0.24
90.7 6.48
90.8 10.44
90.9 8.04
91 0
91.1 6.24
91.2 0.24
91.3 6.12
91.4 10.44
91.5 9.24
91.6 0.6
91.7 6.6
91.8 0.24
91.9 1.32
92 1.92
92.1 9.72
92.2 2.52
92.3 4.08
92.4 2.04
92.5 7.32
92.6 9.84
92.7 0
92.8 6.12
92.9 0.6
93 10.92
93.1 6.96
93.2 3.24
93.3 3
93.4 2.88
93.5 10.44
93.6 6.36
93.7 3.36
93.8 3.36
93.9 1.8
94 10.68
94.1 8.4
94.2 0
94.3 7.08
94.4 0.6
94.5 7.32
94.6 10.32
94.7 3.84
94.8 3.96
94.9 3.6
95 0.48
95.1 9.84
95.2 10.2
95.3 2.52
95.4 4.68
95.5 3
95.6 0.48
95.7 9.24
95.8 10.44
95.9 3.72
96 2.64
96.1 5.28
96.2 0.48
96.3 6.36
96.4 1.44
96.5 6
96.6 0
96.7 7.68
96.8 0.36
96.9 3.12
97 10.68
97.1 5.64
97.2 2.52
97.3 0.36
97.4 9.12
97.5 5.64
97.6 7.92
97.7 0.48
97.8 2.52
97.9 10.44
98 5.16
98.1 5.28
98.2 0.48
98.3 5.04
98.4 10.2
98.5 5.16
98.6 3.96
98.7 0.48
98.8 5.28
98.9 10.08
99 5.28
99.1 4.32
99.2 0.6
99.3 3.96
99.4 10.32
99.5 4.92
99.6 6.36
99.7 0.72
99.8 0.96
99.9 10.32
100 5.76
