0.0201578 10
0.0428269 11
0.0500365 13
0.0572461 15
0.0644557 17
0.0716653 19
0.346832 20.7424
0.399702 17.8943
0.427339 15.8943
0.594361 17.8943
0.618393 15.8943
0.631611 15.087
0.65324 16.096
0.774601 18.096
0.797432 16.096
0.960849 18.096
0.982478 16.096
1.08702 15.8377
1.13869 17.8377
1.16152 15.8377
1.32013 17.8377
1.34296 15.8377
1.39343 15.8695
1.50998 17.8695
1.53401 15.8695
1.69262 17.8695
1.71425 15.8695
1.87286 17.8695
1.89569 15.8695
1.94015 15.4434
2.05551 17.4434
2.07954 15.4434
2.24175 17.4434
2.26579 15.4434
2.4268 17.4434
2.44963 15.4434
2.5025 15.6519
2.61185 17.6519
2.63588 15.6519
2.79689 17.6519
2.81972 15.6519
2.98194 17.6519
3.00597 15.6519
3.16699 17.6519
3.19222 15.6519
3.37126 17.6519
3.39769 15.6519
3.44816 16.096
3.56472 18.096
3.58514 16.096
3.74496 18.096
3.76779 16.096
3.9264 18.096
3.95043 16.096
4.0057 16.5228
4.10904 18.5228
4.13187 16.5228
4.29168 18.5228
4.31331 16.5228
4.46592 18.5228
4.48634 16.5228
4.64015 18.5228
4.66178 16.5228
4.71465 16.7486
4.81438 18.7486
4.84202 16.7486
4.89248 16.9834
5.01505 18.9834
5.03547 16.9834
5.19649 18.9834
5.22052 16.9834
5.38754 18.9834
5.40797 16.9834
5.51131 16.3052
5.57499 18.3052
5.59782 16.3052
5.68073 16.096
5.75403 18.096
5.78047 16.096
5.94388 18.096
5.97032 16.096
6.08087 15.8695
6.12653 17.8695
6.15296 15.8695
6.18901 16.1195
6.31398 18.1195
6.34041 16.1195
6.39569 16.5228
6.50864 18.5228
6.53027 16.5228
6.58314 16.7486
6.69008 18.7486
6.71051 16.7486
6.75737 16.9834
6.87032 18.9834
6.89675 16.9834
7.05536 18.9834
7.0842 16.9834
7.24161 18.9834
7.26204 16.9834
7.42185 18.9834
7.44588 16.9834
7.6069 18.9834
7.63333 16.9834
7.73547 16.7486
7.79795 18.7486
7.81958 16.7486
7.9097 16.3322
7.9866 18.3322
8.01064 16.3322
8.17646 18.3322
8.20049 16.3322
8.26538 16.3052
8.3603 18.3052
8.38193 16.3052
8.54415 18.3052
8.56578 16.3052
8.62105 16.5228
8.72799 18.5228
8.74962 16.5228
8.90943 18.5228
8.93106 16.5228
9.09808 18.5228
9.11971 16.5228
9.27953 18.5228
9.30115 16.5228
9.46938 18.5228
9.49101 16.5228
9.65082 18.5228
9.67245 16.5228
9.82385 18.5228
9.84548 16.5228
10.0041 18.5228
10.0257 20.5228
10.0257 4
10.0317 6
10.0317 4
10.0389 6
10.0389 4
10.0461 6
10.0461 4
10.0534 6
10.0534 4
10.0606 6
10.0606 4
10.0678 6
10.0678 4
10.0738 6
10.0738 4
10.081 6
10.081 4
10.0989 6
10.0989 4
10.1061 6
10.1061 4
10.124 6
10.124 4
10.1312 6
10.1312 4
10.1491 6
10.1491 4
10.1563 6
10.1563 4
10.1742 6
10.1742 4
10.1814 6
10.1814 4
10.1993 6
10.1993 4
10.2065 6
10.2065 4
10.2244 6
10.2244 4
10.2316 6
10.2316 4
10.2495 6
10.2495 4
10.2567 6
10.2567 4
10.2746 18.5228
10.2746 20.5228
10.2818 21.3032
10.3009 21.1022
10.3069 20.8557
10.3141 20.7113
10.322 20.6547
10.3293 20.6057
10.3353 22.4924
10.3427 22.3225
10.3504 22.2438
10.3564 20.2327
10.3636 20.1264
10.443 22.1264
10.449 23.3398
10.5006 24.078
10.5199 22.078
10.7385 24.078
10.7722 22.078
10.9921 24.078
11.0197 22.078
11.0858 21.8066
11.2384 23.8066
11.2685 21.8066
11.4763 23.8066
11.5064 21.8066
11.7311 23.8066
11.7623 20.9116
11.9678 22.9116
11.999 20.9116
12.0411 20.6547
12.0531 20.9116
12.2249 22.9116
12.2538 20.9116
12.4689 22.9116
12.4989 20.9116
12.7116 22.9116
12.7416 20.9116
12.8221 20.1657
12.9495 22.1657
12.9771 20.1657
13.0444 20.6547
13.1982 22.6547
13.2259 20.6547
13.4313 22.6547
13.459 20.6547
13.6692 22.6547
13.6969 20.6547
13.9084 22.6547
13.936 20.6547
14.1499 22.6547
14.1787 20.6547
14.2664 20.4061
14.3938 22.4061
14.4227 20.4061
14.6305 22.4061
14.6582 20.4061
14.7663 19.9323
14.8672 21.9323
14.8961 19.9323
15.1112 21.9323
15.14 19.9323
15.3563 21.9323
15.3863 19.9323
15.4404 19.4648
15.6002 21.4648
15.6327 19.4648
15.8502 21.4648
15.879 19.4648
15.9222 19.7058
16.0989 21.7058
16.1325 19.7058
16.3404 21.7058
16.3692 19.7058
16.5867 21.7058
16.6168 19.7058
16.654 19.4648
16.8198 21.4648
16.8499 19.4648
17.0566 21.4648
17.0866 19.4648
17.3077 21.4648
17.3389 19.4648
17.5504 21.4648
17.5805 19.4648
17.6177 19.2314
17.6309 19.4648
17.7895 21.4648
17.8208 19.4648
18.0383 21.4648
18.0683 19.4648
18.2846 21.4648
18.3158 19.4648
18.3735 19.2314
18.5273 21.2314
18.5586 19.2314
18.5814 18.6913
18.6042 18.7866
18.7208 18.9316
18.776 20.9316
18.8073 18.9316
18.8674 19.0055
19.0272 21.0055
19.0572 19.0055
19.2735 21.0055
19.3072 19.0055
19.5246 21.0055
19.5583 19.0055
19.6052 19.4648
19.7806 21.4648
19.8094 19.4648
19.8515 19.7058
20.0353 21.7058
20.0642 19.7058
20.272 21.7058
20.3021 19.7058
20.373 21.7058
20.373 4
20.3826 6
20.3826 4
20.3922 6
20.3922 4
20.4006 6
20.4006 4
20.4078 6
20.4078 4
20.415 6
20.415 4
20.4222 6
20.4222 4
20.4295 6
20.4295 4
20.4437 6
20.4437 4
20.4545 6
20.4545 4
20.4688 6
20.4688 4
20.4796 6
20.4796 4
20.4939 6
20.4939 4
20.5047 6
20.5047 4
20.519 6
20.519 4
20.5298 6
20.5298 4
20.5441 6
20.5441 4
20.5549 6
20.5549 4
20.5692 6
20.5692 4
20.58 6
20.58 4
20.5943 6
20.5943 4
20.6051 6
20.6051 4
20.6194 6
20.6194 4
20.6302 19.7058
20.6302 21.7058
20.6445 21.799
20.6553 21.433
20.6629 21.1126
20.6698 14.5352
20.677 15.3909
20.6842 17.3909
20.6914 18.4972
20.7128 18.4392
20.7215 20.3619
20.7296 20.2949
20.7372 20.2355
20.7453 20.1837
20.7521 20.0767
20.7586 20.7811
20.7651 20.7597
20.7716 20.6754
20.8023 20.616
20.8096 20.6623
20.8156 20.643
20.8216 20.5849
20.8276 20.5338
20.8336 20.489
20.8396 20.5912
20.8865 22.1692
20.9478 20.1692
20.967 20.2465
21.1497 22.2465
21.1797 20.2465
21.3804 22.2465
21.408 20.2465
21.5414 19.9026
21.6099 21.9026
21.6399 19.9026
21.8418 21.9026
21.8694 19.9026
22.0689 21.9026
22.0965 19.9026
22.1266 19.1575
22.2996 21.1575
22.3284 19.1575
22.3873 19.6457
22.5303 21.6457
22.5567 19.6457
22.7634 21.6457
22.791 19.6457
23.0001 21.6457
23.0266 19.6457
23.0854 19.3978
23.232 21.3978
23.2621 19.3978
23.3137 19.9026
23.4603 21.9026
23.488 19.9026
23.5408 20.1692
23.6898 22.1692
23.7175 20.1692
23.9169 22.1692
23.9434 20.1692
24.144 22.1692
24.1705 20.4448
24.2318 21.1105
24.3699 23.1105
24.3976 21.1105
24.6019 23.1105
24.6283 21.1105
24.8314 23.1105
24.8578 21.1105
24.9359 20.8377
25.0669 22.8377
25.0957 20.8377
25.1426 21.1105
25.2952 23.1105
25.3216 21.1105
25.5271 23.1105
25.5559 21.1105
25.759 23.1105
25.7866 21.1105
25.9813 23.1105
26.0089 21.1105
26.033 20.8377
26.0558 21.1105
26.212 23.1105
26.2396 21.1105
26.2865 21.393
26.4427 23.393
26.4691 21.393
26.671 23.393
26.6986 21.393
26.9005 23.393
26.927 21.393
26.963 20.3184
27.13 22.3184
27.1589 20.3184
27.3595 22.3184
27.3884 20.3184
27.5938 22.3184
27.6215 20.3184
27.6792 20.5739
27.8173 22.5739
27.845 20.5739
28.0432 22.5739
28.0709 20.5739
28.2643 22.5739
28.292 20.5739
28.3833 20.0711
28.4878 22.0711
28.5167 20.0711
28.7161 22.0711
28.745 20.0711
28.9456 22.0711
28.9757 20.0711
29.1751 22.0711
29.204 20.0711
29.2941 19.6001
29.3998 21.6001
29.4287 19.6001
29.6306 21.6001
29.6606 19.6001
29.8673 21.6001
29.8973 19.6001
29.9742 19.3978
30.1004 21.3978
30.1328 19.3978
30.1845 18.701
30.3503 20.701
30.3779 18.701
30.5954 20.701
30.6267 18.701
30.8358 20.701
30.8442 22.701
30.8442 4
30.8526 6
30.8526 4
30.8622 6
30.8622 4
30.8706 6
30.8706 4
30.8778 6
30.8778 4
30.885 6
30.885 4
30.8922 6
30.8922 4
30.897 6
30.897 4
30.8994 6
30.8994 4
30.9185 6
30.9185 4
30.926 6
30.926 4
30.9438 6
30.9438 4
30.9512 6
30.9512 4
30.969 6
30.969 4
30.9764 6
30.9764 4
30.9942 6
30.9942 4
31.0019 6
31.0019 4
31.0194 6
31.0194 4
31.0273 6
31.0273 4
31.0448 6
31.0448 4
31.0528 6
31.0528 4
31.0702 6
31.0702 4
31.0783 6
31.0783 4
31.0956 6
31.0956 4
31.1037 20.701
31.1037 21.1809
31.1213 12.5104
31.1297 12.3619
31.1381 14.3619
31.1465 15.3881
31.1729 15.3349
31.1844 15.2749
31.1971 15.2666
31.2075 15.2148
31.2191 15.2141
31.2317 15.2127
31.2407 15.1243
31.2526 15.0905
31.2646 15.0615
31.2748 16.9917
31.2873 16.9744
31.2987 16.9593
31.3072 16.9026
31.3168 16.8522
31.4454 17.9627
31.5031 18.364
31.5427 16.364
31.5703 16.6478
31.7674 18.6478
31.7986 16.6478
32.033 18.6478
32.0642 16.6478
32.2865 18.6478
32.3153 16.6478
32.379 17.0235
32.5569 19.0235
32.5917 17.0235
32.8452 19.0235
32.8825 17.0235
33.0615 16.8598
33.1096 18.8598
33.1468 16.8598
33.2009 17.2203
33.3788 19.2203
33.4076 17.2203
33.4581 17.424
33.6539 19.424
33.6876 17.424
33.7392 17.6347
33.9123 19.6347
33.9411 17.6347
34.1802 19.6347
34.2163 17.6347
34.2812 18.3115
34.4494 20.3115
34.483 18.3115
34.7161 20.3115
34.751 18.3115
34.8123 19.2141
34.9817 21.2141
35.0177 19.2141
35.0418 19.4593
35.2448 21.4593
35.2773 19.4593
35.3446 19.7907
35.5032 21.7907
35.5332 19.7907
35.7555 21.7907
35.7856 19.7907
35.8516 20.0297
36.0066 22.0297
36.0367 20.0297
36.259 22.0297
36.2902 20.0297
36.3395 20.2756
36.5137 22.2756
36.5462 20.2756
36.5834 20.7935
36.7576 22.7935
36.7925 20.7935
37.0148 22.7935
37.0436 20.7935
37.2515 22.7935
37.2803 20.7935
37.3476 21.27
37.5147 23.27
37.5495 21.27
37.7658 23.27
37.8006 21.27
37.8547 21.5325
38.0229 23.5325
38.0518 21.5325
38.2741 23.5325
38.3077 21.5325
38.3594 21.8032
38.5312 23.8032
38.5649 21.8032
38.6177 22.0836
38.7944 24.0836
38.828 22.0836
38.8953 23.0352
39.0563 25.0352
39.09 23.0352
39.311 25.0352
39.3447 23.0352
39.3988 23.3308
39.5598 25.3308
39.591 23.3308
39.8097 25.3308
39.841 23.3308
40.0669 25.3308
40.0993 23.3308
40.1245 23.0352
40.3156 25.0352
40.3468 23.0352
40.5691 25.0352
40.6016 23.0352
40.8191 25.0352
40.8503 23.0352
41.0714 25.0352
41.1014 22.4717
41.1543 23.3308
41.3213 25.3308
41.3213 4
41.3273 6
41.3273 4
41.3321 6
41.3321 4
41.3394 6
41.3394 4
41.3466 6
41.3466 4
41.3538 6
41.3538 4
41.3586 6
41.3586 4
41.3658 6
41.3658 4
41.3718 6
41.3718 4
41.3766 6
41.3766 4
41.3933 6
41.3933 4
41.4023 6
41.4023 4
41.4184 6
41.4184 4
41.428 6
41.428 4
41.4441 6
41.4441 4
41.4537 6
41.4537 4
41.4695 6
41.4695 4
41.4794 6
41.4794 4
41.4952 6
41.4952 4
41.5051 6
41.5051 4
41.5209 6
41.5209 4
41.5308 6
41.5308 4
41.5466 6
41.5466 4
41.5565 6
41.5565 4
41.5723 23.3308
41.5723 23.6043
41.5822 23.1768
41.5972 22.7293
41.6046 22.3384
41.6131 22.2148
41.6179 21.8881
41.6251 21.6754
41.6316 21.4157
41.6383 23.1885
41.6462 23.0635
41.6522 20.4613
41.6594 20.3874
41.6655 20.261
41.6727 20.212
41.6775 20.5787
41.6835 20.5401
41.6895 20.9786
41.6961 20.9565
41.7033 20.9365
41.7093 20.9192
41.767 22.9192
41.7742 23.1664
41.8174 23.8971
41.8379 21.8971
42.0433 23.8971
42.0698 21.8971
42.2692 23.8971
42.3017 21.8971
42.3077 21.7169
42.3509 21.7887
42.518 23.7887
42.5504 21.7887
42.7607 23.7887
42.7931 21.7887
42.8352 21.8474
43.0034 23.8474
43.0346 21.8474
43.2497 23.8474
43.2822 21.8474
43.4901 23.8474
43.5225 21.8474
43.5706 22.1485
43.7352 24.1485
43.7652 22.1485
43.9767 24.1485
44.0067 22.1485
44.0728 22.4599
44.2158 24.4599
44.2471 22.4599
44.3059 22.7562
44.4489 24.7562
44.4802 22.7562
44.6868 24.7562
44.7133 22.7562
44.9164 24.7562
44.9476 22.7562
44.9993 22.174
45.1519 24.174
45.1819 22.174
45.278 21.6285
45.3742 23.6285
45.4018 21.6285
45.6025 23.6285
45.6289 21.6285
45.838 23.6285
45.8704 21.6285
45.9401 21.5573
46.0723 23.5573
46.0987 21.5573
46.1396 20.7424
46.3054 22.7424
46.3318 20.7424
46.3955 21.2762
46.5325 23.2762
46.5589 21.2762
46.7704 23.2762
46.7969 21.2762
46.9939 23.2762
47.0204 21.2762
47.0612 21.0048
47.2234 23.0048
47.2499 21.0048
47.4433 23.0048
47.4746 21.0048
47.5202 21.2762
47.6716 23.2762
47.6993 21.2762
47.9023 23.2762
47.9312 21.2762
48.127 23.2762
48.1547 21.2762
48.2183 20.7424
48.3661 22.7424
48.3962 20.7424
48.6005 22.7424
48.6281 20.7424
48.7098 20.0048
48.8264 22.0048
48.8552 20.0048
48.9177 20.2431
49.0523 22.2431
49.0799 20.2431
49.146 20.489
49.283 22.489
49.3106 20.489
49.3695 20.7424
49.4981 22.7424
49.5257 20.7424
49.7203 22.7424
49.748 20.7424
49.9462 22.7424
49.9727 20.7424
50.0892 20.489
50.177 22.489
50.2058 20.489
50.4149 22.489
50.4425 20.489
50.6396 22.489
50.666 20.489
50.797 20.2431
50.8835 22.2431
50.9099 20.2431
51.1118 22.2431
51.1394 20.2431
51.2043 20.489
51.3461 22.489
51.3774 20.489
51.4326 20.7424
51.578 22.7424
51.6117 20.7424
51.7126 22.7424
51.7126 4
51.7174 6
51.7174 4
51.7246 6
51.7246 4
51.7306 6
51.7306 4
51.7366 6
51.7366 4
51.7438 6
51.7438 4
51.7511 6
51.7511 4
51.7583 6
51.7583 4
51.7655 6
51.7655 4
51.7727 6
51.7727 4
51.7906 6
51.7906 4
51.7978 6
51.7978 4
51.8158 6
51.8158 4
51.8226 6
51.8226 4
51.8409 6
51.8409 4
51.8474 6
51.8474 4
51.8661 6
51.8661 4
51.8724 6
51.8724 4
51.8913 6
51.8913 4
51.8976 6
51.8976 4
51.9164 6
51.9164 4
51.9228 6
51.9228 4
51.9416 6
51.9416 4
51.9479 6
51.9479 4
51.9667 23.3308
51.9667 23.4586
51.9731 23.0269
51.9919 12.4696
51.9992 12.3612
52.0052 14.3612
52.0116 16.3612
52.0236 18.3612
52.0372 20.3612
52.0442 20.7749
52.0523 20.654
52.0604 20.5477
52.0669 20.3315
52.0741 20.9641
52.0803 20.8384
52.0864 20.7286
52.0948 20.6968
52.1008 20.6699
52.1537 22.6699
52.1609 23.2555
52.2258 21.2555
52.239 21.607
52.4253 23.607
52.4529 21.607
52.6536 23.607
52.68 21.607
52.8422 21.4586
52.8951 23.4586
52.9215 21.4586
53.121 23.4586
53.1546 21.4586
53.1739 20.5739
53.2003 21.0932
53.3517 23.0932
53.3793 21.0932
53.5812 23.0932
53.6088 21.0932
53.8119 23.0932
53.8383 21.0932
54.0342 23.0932
54.0618 21.0932
54.1255 20.8294
54.2673 22.8294
54.2937 20.8294
54.3142 20.9599
54.4944 22.9599
54.522 20.9599
54.5857 21.366
54.7179 23.366
54.7443 21.366
54.9498 23.366
54.9811 21.366
55.1817 23.366
55.2094 21.366
55.3319 21.0932
55.4004 23.0932
55.4281 21.0932
55.6275 23.0932
55.6552 21.0932
55.7441 20.5739
55.863 22.5739
55.8907 20.5739
56.0889 22.5739
56.1166 20.5739
56.3148 22.5739
56.3425 20.5739
56.5479 22.5739
56.5756 20.5739
56.7799 22.5739
56.8075 20.5739
56.8736 20.8294
57.0106 22.8294
57.0382 20.8294
57.2401 22.8294
57.2677 20.8294
57.466 22.8294
57.4936 20.8294
57.5981 20.5739
57.6919 22.5739
57.7183 20.5739
57.9262 22.5739
57.9538 20.5739
58.1052 20.087
58.1569 22.087
58.1869 20.087
58.2458 20.5739
58.3876 22.5739
58.4152 20.5739
58.6303 22.5739
58.658 20.5739
58.8658 22.5739
58.8935 20.5739
58.9596 20.3267
59.0941 22.3267
59.1218 20.3267
59.3357 22.3267
59.3633 20.3267
59.5712 22.3267
59.5988 20.3267
59.6661 20.5739
59.7983 22.5739
59.8271 20.5739
60.029 22.5739
60.0554 20.5739
60.1143 21.0932
60.2597 23.0932
60.2909 21.0932
60.4976 23.0932
60.5264 21.0932
60.7331 23.0932
60.762 21.0932
60.8389 20.3267
60.9578 22.3267
60.9867 20.3267
61.1212 20.087
61.1837 22.087
61.2126 20.087
61.2798 20.3267
61.4168 22.3267
61.424 22.3999
61.4457 20.3999
61.6511 22.3999
61.68 20.3999
61.8867 22.3999
61.9155 20.3999
62.1041 22.3999
62.1041 4
62.1102 6
62.1102 4
62.1162 6
62.1162 4
62.1222 6
62.1222 4
62.1294 6
62.1294 4
62.1366 6
62.1366 4
62.1438 6
62.1438 4
62.1534 6
62.1534 4
62.1594 6
62.1594 4
62.1678 6
62.1678 4
62.1844 6
62.1844 4
62.1937 6
62.1937 4
62.2093 6
62.2093 4
62.2188 6
62.2188 4
62.2342 6
62.2342 4
62.2439 6
62.2439 4
62.2592 6
62.2592 4
62.2691 6
62.2691 4
62.2841 6
62.2841 4
62.2943 6
62.2943 4
62.309 6
62.309 4
62.3196 6
62.3196 4
62.334 6
62.334 4
62.3448 6
62.3448 4
62.3589 23.3308
62.3589 21.6761
62.37 21.3446
62.3841 21.0552
62.3915 20.7341
62.3999 20.5207
62.4071 20.3343
62.4143 20.1706
62.4215 20.0276
62.4288 19.8356
62.4372 18.1575
62.4444 18.0711
62.4508 17.9358
62.4582 19.6091
62.4661 19.5594
62.4745 19.5159
62.4839 21.4779
62.4901 21.4448
62.4978 21.3474
62.5047 21.2617
62.512 21.2555
62.5172 21.1816
62.564 22.9938
62.6109 20.9938
62.6361 21.3398
62.8152 23.3398
62.8476 21.3398
63.0519 23.3398
63.0783 21.3398
63.16 21.0684
63.2778 23.0684
63.3042 21.0684
63.4628 20.9938
63.5085 22.9938
63.5361 20.9938
63.7404 22.9938
63.7681 20.9938
63.9723 22.9938
63.9988 20.9938
64.0853 20.8343
64.203 22.8343
64.2319 20.8343
64.2968 20.3232
64.4421 22.3232
64.4698 20.3232
64.6753 22.3232
64.7029 20.3232
64.9168 22.3232
64.9432 20.3232
65.0033 20.5746
65.1475 22.5746
65.1751 20.5746
65.3782 22.5746
65.407 20.5746
65.6101 22.5746
65.6401 20.5746
65.7615 20.3232
65.8432 22.3232
65.8757 20.3232
66.0739 22.3232
66.1064 20.3232
66.1749 19.8446
66.3094 21.8446
66.3359 19.8446
66.3984 19.8909
66.5413 21.8909
66.5738 19.8909
66.7805 21.8909
66.8081 19.8909
66.8502 20.1519
67.0112 22.1519
67.0388 20.1519
67.1037 21.1022
67.2335 23.1022
67.2599 21.1022
67.4618 23.1022
67.493 21.1022
67.6925 23.1022
67.7237 21.1022
67.8535 20.5746
67.916 22.5746
67.9448 20.5746
68.1443 22.5746
68.1743 20.5746
68.3822 22.5746
68.4122 20.5746
68.6177 22.5746
68.6502 20.5746
68.8616 22.5746
68.8929 20.5746
68.971 20.3232
69.1044 22.3232
69.1344 20.3232
69.1897 20.5746
69.3363 22.5746
69.3651 20.5746
69.5682 22.5746
69.597 20.5746
69.7929 22.5746
69.8217 20.5746
70.0248 22.5746
70.0536 20.5746
70.2555 22.5746
70.2831 20.5746
70.3348 20.3232
70.342 20.8343
70.4886 22.8343
70.5162 20.8343
70.7205 22.8343
70.7481 20.8343
70.9452 22.8343
70.974 20.8343
71.1146 20.0801
71.1675 22.0801
71.1987 20.0801
71.397 22.0801
71.4234 20.0801
71.6421 22.0801
71.671 20.0801
71.719 19.8446
71.7383 20.3232
71.8789 22.3232
71.9113 20.3232
72.1204 22.3232
72.1516 20.3232
72.2057 20.5048
72.3667 22.5048
72.3991 20.5048
72.452 21.1022
72.5193 23.1022
72.5193 4
72.5265 6
72.5265 4
72.5313 6
72.5313 4
72.5373 6
72.5373 4
72.5445 6
72.5445 4
72.5505 6
72.5505 4
72.5578 6
72.5578 4
72.5662 6
72.5662 4
72.5734 6
72.5734 4
72.5806 6
72.5806 4
72.5949 6
72.5949 4
72.6057 6
72.6057 4
72.6208 6
72.6208 4
72.631 6
72.631 4
72.6459 6
72.6459 4
72.6562 6
72.6562 4
72.671 6
72.671 4
72.6815 6
72.6815 4
72.6961 6
72.6961 4
72.7068 6
72.7068 4
72.7212 6
72.7212 4
72.7321 6
72.7321 4
72.7464 6
72.7464 4
72.7574 6
72.7574 4
72.7716 6
72.7716 4
72.7826 23.3308
72.7826 24.364
72.7969 11.8757
72.8079 11.7224
72.8141 13.7224
72.8213 14.5138
72.8984 14.4883
72.9105 14.4599
72.9227 16.3936
72.9347 16.3363
72.9468 16.2852
72.9576 16.241
72.9667 16.5773
72.9761 16.5421
72.9867 16.511
72.9953 16.4841
73.0146 16.4779
73.0228 16.4123
73.0417 16.3791
73.0507 16.326
73.0699 16.3135
73.0786 16.268
73.1065 16.2293
73.1344 16.2079
73.1622 16.1941
73.2561 16.018
73.3445 16.0021
73.3986 16.8771
73.5067 17.1015
73.5163 15.1015
73.5632 16.5953
73.7302 18.5953
73.7579 16.5953
73.9621 18.5953
73.9898 16.5953
74.2157 18.4703
74.2505 16.4703
74.4764 18.4703
74.5101 16.4703
74.5401 16.6581
74.5605 17.2617
74.7468 19.2617
74.778 17.2617
74.9967 19.2617
75.0316 17.2617
75.0652 17.4765
75.2563 19.4765
75.2899 17.4765
75.3548 18.116
75.5086 20.116
75.5398 18.116
75.6011 18.5601
75.7669 20.5601
75.8006 18.5601
76.0109 20.5601
76.0445 18.5601
76.1034 18.6761
76.2692 20.6761
76.3041 18.6761
76.3533 18.8902
76.5264 20.8902
76.5564 18.8902
76.6213 19.8163
76.7667 21.8163
76.7943 19.8163
77.013 21.8163
77.0418 19.8163
77.2569 21.8163
77.287 19.8163
77.5009 21.8163
77.5309 19.8163
77.7448 21.8163
77.7736 19.8163
77.7892 19.5732
77.9911 21.5732
78.0211 19.5732
78.0704 19.8163
78.2314 21.8163
78.2615 19.8163
78.4778 21.8163
78.5078 19.8163
78.5631 20.067
78.7169 22.067
78.7469 20.067
78.9548 22.067
78.986 20.067
79.0521 20.5214
79.1987 22.5214
79.2324 20.5214
79.2924 20.7721
79.4306 22.7721
79.4619 20.7721
79.6794 22.7721
79.707 20.7721
79.9173 22.7721
79.9509 20.7721
80.0146 21.2977
80.172 23.2977
80.1996 21.2977
80.4279 23.2977
80.458 21.2977
80.6731 23.2977
80.7019 21.2977
80.9122 23.2977
80.9326 23.0304
80.9398 21.0304
81.1453 23.0304
81.1741 21.0304
81.2234 21.2977
81.3964 23.2977
81.4289 21.2977
81.4721 22.1554
81.6524 24.1554
81.6824 22.1554
81.7329 22.4876
81.8951 24.4876
81.9251 22.4876
82.1438 24.4876
82.1727 22.4876
82.234 22.779
82.3842 24.779
82.4142 22.779
82.6281 24.779
82.6593 22.779
82.8792 24.779
82.9105 22.779
83.1243 24.779
83.1568 22.779
83.164 24.779
83.164 4
83.1688 6
83.1688 4
83.1748 6
83.1748 4
83.1808 6
83.1808 4
83.1856 6
83.1856 4
83.1916 6
83.1916 4
83.1964 6
83.1964 4
83.2024 6
83.2024 4
83.2072 6
83.2072 4
83.2133 6
83.2133 4
83.2181 6
83.2181 4
83.2433 6
83.2433 4
83.2493 6
83.2493 4
83.2678 6
83.2678 4
83.2757 6
83.2757 4
83.2923 6
83.2923 4
83.3008 6
83.3008 4
83.3168 6
83.3168 4
83.326 6
83.326 4
83.3418 6
83.3418 4
83.3513 6
83.3513 4
83.3668 6
83.3668 4
83.3765 6
83.3765 4
83.3918 6
83.3918 4
83.4017 6
83.4017 4
83.4169 23.3308
83.4169 25.2866
83.4269 24.797
83.4419 24.3688
83.4484 24.076
83.4536 23.6561
83.4597 23.2887
83.4669 23.049
83.4729 22.8391
83.4789 22.6561
83.4842 22.4952
83.4908 18.893
83.4968 19.0711
83.503 18.9834
83.5086 18.9627
83.5149 18.8356
83.5376 20.8356
83.5454 21.1526
83.5667 21.154
83.6104 22.8094
83.6476 23.0069
83.7005 24.5767
83.7065 22.5767
83.9168 24.5767
83.9468 22.5767
84.1547 24.5767
84.1847 22.5767
84.192 22.5117
84.3938 24.5117
84.4251 22.5117
84.4707 22.462
84.6317 24.462
84.6618 22.462
84.8576 22.3902
84.8648 24.3902
84.8949 22.3902
85.098 24.3902
85.1292 22.3902
85.1941 22.3633
85.3311 24.3633
85.3599 22.3633
85.4176 22.663
85.5101 22.7182
85.5606 24.7182
85.5894 22.7182
85.6399 22.9731
85.7949 24.9731
85.8261 22.9731
86.0316 24.9731
86.0616 22.9731
86.2683 24.9731
86.2996 22.9731
86.3128 22.0739
86.5086 24.0739
86.5351 22.0739
86.5855 22.3633
86.7502 24.3633
86.7766 22.3633
86.8247 22.663
86.9821 24.663
87.0133 22.663
87.2212 24.663
87.2524 22.663
87.4687 24.663
87.4951 22.663
87.5036 22.0739
87.5444 22.3633
87.7042 24.3633
87.7307 22.3633
87.7847 22.663
87.9373 24.663
87.9638 22.663
88.1716 24.663
88.2005 22.663
88.4024 24.663
88.4312 22.663
88.6379 24.663
88.6667 22.663
88.6992 22.0739
88.8722 24.0739
88.8986 22.0739
88.9659 21.7942
89.1089 23.7942
89.1377 21.7942
89.336 23.7942
89.366 21.7942
89.4177 21.4751
89.5631 23.4751
89.5931 21.4751
89.7974 23.4751
89.8287 21.4751
89.8779 20.9164
90.0353 22.9164
90.0666 20.9164
90.266 22.9164
90.2973 20.9164
90.5016 22.9164
90.5292 20.9164
90.7323 22.9164
90.7587 20.9164
90.9606 22.9164
90.9894 20.9164
91.1168 20.395
91.1913 22.395
91.2237 20.395
91.4256 22.395
91.4568 20.395
91.5337 19.9061
91.6575 21.9061
91.6839 19.9061
91.8894 21.9061
91.917 19.9061
92.012 18.9952
92.1381 20.9952
92.1682 18.9952
92.2174 19.2286
92.3724 21.2286
92.4001 19.2286
92.6092 21.2286
92.6356 19.2286
92.6776 19.9772
92.8435 21.9772
92.8759 19.9772
93.0838 21.9772
93.1138 19.9772
93.3217 21.9772
93.3529 19.9772
93.4094 19.2286
93.5212 21.2286
93.5212 4
93.5284 6
93.5284 4
93.5332 6
93.5332 4
93.5404 6
93.5404 4
93.5464 6
93.5464 4
93.5536 6
93.5536 4
93.562 6
93.562 4
93.5692 6
93.5692 4
93.5788 6
93.5788 4
93.6161 6
93.6161 4
93.6185 6
93.6185 4
93.6413 6
93.6413 4
93.6488 6
93.6488 4
93.6665 6
93.6665 4
93.674 6
93.674 4
93.6918 6
93.6918 4
93.6992 6
93.6992 4
93.717 6
93.717 4
93.7244 6
93.7244 4
93.7422 6
93.7422 4
93.7496 6
93.7496 4
93.7674 6
93.7674 4
93.7749 23.3308
93.7749 23.2956
93.7926 22.134
93.8001 21.6823
93.8082 21.2873
93.815 16.212
93.8227 16.9178
93.8304 16.6761
93.8381 16.5932
93.8495 16.5014
93.859 16.3709
93.8689 18.2569
93.8789 18.1568
93.8888 18.0691
93.8997 18.0428
93.907 18.02
93.9137 17.8992
93.9216 17.7935
93.9296 17.701
93.9384 17.6706
93.9468 17.6436
93.9973 19.5856
94.0537 19.9558
94.1042 17.9558
94.1487 18.1209
94.3241 20.1209
94.3577 18.1209
94.5969 20.1209
94.6317 18.1209
94.675 18.2977
94.8552 20.2977
94.8828 18.2977
94.9477 18.9841
95.1027 20.9841
95.1328 18.9841
95.3503 20.9841
95.3803 18.9841
95.6038 20.9841
95.6338 18.9841
95.6975 19.4427
95.8429 21.4427
95.8706 19.4427
96.0844 21.4427
96.1121 19.4427
96.1553 19.683
96.1674 20.1892
96.3212 22.1892
96.356 20.1892
96.4161 20.3826
96.5603 22.3826
96.5939 20.3826
96.648 20.6305
96.797 22.6305
96.8318 20.6305
97.0337 22.6305
97.0698 20.6305
97.2812 22.6305
97.3113 20.6305
97.5192 22.6305
97.5528 20.6305
97.7523 22.6305
97.7859 20.6305
97.8364 21.1512
97.9902 23.1512
98.0214 21.1512
98.2293 23.1512
98.2617 21.1512
98.4816 23.1512
98.5093 21.1512
98.7232 23.1512
98.7556 21.1512
98.7892 20.8867
98.9767 22.8867
99.0043 20.8867
99.2146 22.8867
99.2422 20.8867
99.4609 22.8867
99.4946 20.8867
99.5414 20.6305
99.5475 20.8867
99.7061 22.8867
99.7337 20.8867
99.9452 22.8867
99.9752 20.8867
