0.0202042 10
0.0440285 11
0.0512381 13
0.0584477 15
0.0656573 17
0.0728669 19
0.349235 19.9282
0.404508 17.3308
0.453774 15.3308
0.487419 16.096
0.613587 18.096
0.636417 16.096
0.798633 18.096
0.822665 16.096
0.984881 18.096
1.00651 16.096
1.16993 18.096
1.19276 16.096
1.23842 16.5787
1.35017 18.5787
1.373 16.5787
1.42347 16.7486
1.528 18.7486
1.55083 16.7486
1.69022 16.8356
1.71185 18.8356
1.73348 16.8356
1.89449 18.8356
1.91612 16.8356
2.06993 18.8356
2.09155 16.8356
2.24416 18.8356
2.27059 16.8356
2.30063 16.7486
2.4292 18.7486
2.45083 16.7486
2.60344 18.7486
2.62507 16.7486
2.77166 18.7486
2.79209 16.7486
2.94589 18.7486
2.96752 16.7486
3.12133 18.7486
3.14175 16.7486
3.29556 18.7486
3.31599 16.7486
3.42052 16.5228
3.46378 18.5228
3.48421 16.5228
3.53828 16.7486
3.63441 18.7486
3.65484 16.7486
3.81465 18.7486
3.83508 16.7486
3.88795 16.9834
3.98648 18.9834
4.00811 16.9834
4.17273 18.9834
4.19435 16.9834
4.36018 18.9834
4.3806 16.9834
4.50317 16.7486
4.5308 18.7486
4.55123 16.7486
4.6041 16.9834
4.71945 18.9834
4.74469 16.9834
4.91772 18.9834
4.94055 16.9834
5.09916 18.9834
5.128 16.9834
5.19529 16.7486
5.29262 18.7486
5.31545 16.7486
5.48127 18.7486
5.51011 16.7486
5.67953 18.7486
5.70236 16.7486
5.76485 16.5228
5.86578 18.5228
5.88861 16.5228
6.05323 18.5228
6.07486 16.5228
6.23707 18.5228
6.2587 16.5228
6.42332 18.5228
6.44615 16.5228
6.61197 18.5228
6.6348 16.5228
6.79342 18.5228
6.81625 16.5228
6.97486 18.5228
6.99769 16.5228
7.16231 18.5228
7.18634 16.5228
7.34495 18.5228
7.36778 16.5228
7.52639 18.5228
7.54922 16.5228
7.62853 16.3052
7.70062 18.3052
7.72105 16.3052
7.87726 18.3052
7.90369 16.3052
8.0575 18.3052
8.07793 16.3052
8.12599 16.5228
8.22813 18.5228
8.25216 16.5228
8.40957 18.5228
8.4324 16.5228
8.58981 18.5228
8.61264 16.5228
8.77005 18.5228
8.79288 16.5228
8.9575 18.5228
8.98033 16.5228
9.12933 18.5228
9.15095 16.5228
9.20383 16.7486
9.31077 18.7486
9.3324 16.7486
9.48981 18.7486
9.51143 16.7486
9.67005 18.7486
9.69167 16.7486
9.80703 16.3052
9.85029 18.3052
9.87191 16.3052
10.0245 18.3052
10.0245 4
10.0329 6
10.0329 4
10.0401 6
10.0401 4
10.0473 6
10.0473 4
10.0546 6
10.0546 4
10.0618 6
10.0618 4
10.069 6
10.069 4
10.0786 6
10.0786 4
10.094 6
10.094 4
10.1037 6
10.1037 4
10.119 6
10.119 4
10.1288 6
10.1288 4
10.1441 6
10.1441 4
10.1539 6
10.1539 4
10.1691 6
10.1691 4
10.179 6
10.179 4
10.1941 6
10.1941 4
10.2041 6
10.2041 4
10.2192 6
10.2192 4
10.2292 6
10.2292 4
10.2442 6
10.2442 4
10.2543 6
10.2543 4
10.2692 16.3052
10.2692 18.3052
10.2794 18.9703
10.2949 18.7369
10.3033 18.5932
10.3117 18.4682
10.3196 18.2977
10.3281 18.2093
10.3365 20.1312
10.3444 16.8902
10.3612 16.846
10.3685 17.0338
10.4321 18.8736
10.4502 19.7217
10.5163 20.096
10.5427 18.096
10.5871 18.2631
10.7698 20.2631
10.7986 18.2631
11.0293 20.2631
11.0618 18.2631
11.1279 19.1354
11.2805 21.1354
11.3093 19.1354
11.3598 19.5988
11.5256 21.5988
11.5592 19.5988
11.7707 21.5988
11.8044 19.5988
12.0158 21.5988
12.0483 19.5988
12.2598 21.5988
12.291 19.5988
12.5049 21.5988
12.5361 19.5988
12.7512 21.5988
12.7825 19.5988
12.7909 19.1354
12.9976 21.1354
13.03 19.1354
13.2451 21.1354
13.2775 19.1354
13.4926 21.1354
13.5251 19.1354
13.5719 19.5988
13.7365 21.5988
13.769 19.5988
13.8074 20.0939
13.9781 22.0939
14.0093 20.0939
14.0586 20.5173
14.2208 22.5173
14.252 20.5173
14.4611 22.5173
14.4911 20.5173
14.5428 20.7997
14.6978 22.7997
14.7267 20.7997
14.9369 22.7997
14.9646 20.7997
15.0078 21.0587
15.1664 23.0587
15.1941 21.0587
15.2373 21.3267
15.3923 23.3267
15.42 21.3267
15.6315 23.3267
15.6615 21.3267
15.8778 23.3267
15.9102 21.3267
16.1193 23.3267
16.1457 23.0587
16.153 21.0587
16.3632 23.0587
16.3969 21.0587
16.4485 21.3267
16.6132 23.3267
16.6468 21.3267
16.8559 23.3267
16.8835 21.3267
17.089 23.3267
17.1166 21.3267
17.1695 20.7997
17.3245 22.7997
17.3522 20.7997
17.4459 20.3059
17.5636 22.3059
17.5925 20.3059
17.6598 20.549
17.7979 22.549
17.8268 20.549
18.0323 22.549
18.0599 20.549
18.2726 22.549
18.3002 20.549
18.3615 20.7997
18.5189 22.7997
18.5477 20.7997
18.7568 22.7997
18.7857 20.7997
18.8445 21.0587
18.9863 23.0587
19.014 21.0587
19.2339 23.0587
19.2675 21.0587
19.4778 23.0587
19.5054 21.0587
19.5859 20.7997
19.7121 22.7997
19.7397 20.7997
19.7938 20.3543
19.7986 20.7997
19.9584 22.7997
19.9873 20.7997
20.1975 22.7997
20.2276 20.7997
20.3706 22.7997
20.3706 4
20.3766 6
20.3766 4
20.3838 6
20.3838 4
20.3898 6
20.3898 4
20.3958 6
20.3958 4
20.403 6
20.403 4
20.4102 6
20.4102 4
20.4174 6
20.4174 4
20.4246 6
20.4246 4
20.4319 6
20.4319 4
20.4495 6
20.4495 4
20.457 6
20.457 4
20.4744 6
20.4744 4
20.4821 6
20.4821 4
20.4993 6
20.4993 4
20.5071 6
20.5071 4
20.5242 6
20.5242 4
20.5322 6
20.5322 4
20.549 6
20.549 4
20.5573 6
20.5573 4
20.574 6
20.574 4
20.5824 6
20.5824 4
20.5989 6
20.5989 4
20.6075 6
20.6075 4
20.6238 20.7997
20.6238 12.4952
20.6326 12.3218
20.7191 14.3218
20.7509 14.299
20.7639 14.2417
20.7767 14.192
20.7901 14.1782
20.8035 14.0725
20.8168 14.0622
20.8577 13.9475
20.919 14.9061
21.0247 14.9599
21.1773 12.9599
21.229 13.8646
21.4477 15.8646
21.4849 13.8646
21.5462 14.4365
21.742 16.4365
21.7805 14.4365
22.028 16.4365
22.0641 14.4365
22.1121 14.5912
22.3212 16.5912
22.3609 14.5912
22.6264 16.5912
22.6613 14.5912
22.7081 14.9164
22.9028 16.9164
22.94 14.9164
23.1744 16.9164
23.2104 14.9164
23.3738 15.0877
23.4471 17.0877
23.4832 15.0877
23.7427 17.0877
23.7752 15.0877
24.0215 17.0877
24.0551 14.9164
24.3159 16.9164
24.3291 17.0877
24.3531 15.0877
24.6007 17.0877
24.6379 15.0877
24.6908 15.1878
24.8914 17.1878
24.9251 15.1878
24.9744 16.0097
25.1738 18.0097
25.2051 16.0097
25.2555 16.1899
25.4394 16.3764
25.4502 18.3764
25.4826 16.3764
25.7205 18.3764
25.753 16.3764
25.9885 18.3764
26.0221 16.3764
26.0846 17.1892
26.2529 19.1892
26.2877 17.1892
26.3406 18.0014
26.5352 20.0014
26.5677 18.0014
26.8044 20.0014
26.8404 18.0014
26.9089 18.7127
27.0772 20.7127
27.112 18.7127
27.1685 19.1547
27.3391 21.1547
27.3727 19.1547
27.6023 21.1547
27.6371 19.1547
27.869 21.1547
27.9051 19.1547
27.9471 19.875
28.1394 21.875
28.1766 19.875
28.2427 20.2362
28.4097 22.2362
28.4169 22.7279
28.441 20.7279
28.6116 21.2521
28.6669 23.2521
28.7029 21.2521
28.7654 21.7597
28.9336 23.7597
28.9697 21.7597
29.2052 23.7597
29.24 21.7597
29.4816 23.7597
29.5164 21.7597
29.5657 23.1802
29.7459 25.1802
29.7771 23.1802
29.8012 24.5028
29.9982 26.5028
30.0331 24.5028
30.0848 24.9738
30.2554 26.9738
30.2854 24.9738
30.5113 26.9738
30.5438 24.9738
30.6075 25.4461
30.7709 27.4461
30.8045 25.4461
30.8225 27.4461
30.8225 4
30.8273 6
30.8273 4
30.8346 6
30.8346 4
30.8406 6
30.8406 4
30.8454 6
30.8454 4
30.8502 6
30.8502 4
30.8562 6
30.8562 4
30.861 6
30.861 4
30.867 6
30.867 4
30.8718 6
30.8718 4
30.8802 6
30.8802 4
30.8874 6
30.8874 4
30.9018 6
30.9018 4
30.9125 6
30.9125 4
30.9272 6
30.9272 4
30.9379 6
30.9379 4
30.9524 6
30.9524 4
30.9622 6
30.9622 4
30.9776 6
30.9776 4
30.9866 6
30.9866 4
31.0031 6
31.0031 4
31.0109 6
31.0109 4
31.0285 6
31.0285 4
31.0353 6
31.0353 4
31.054 6
31.054 4
31.0597 6
31.0597 4
31.0795 6
31.0795 4
31.0841 25.4461
31.0841 26.9399
31.1049 26.3785
31.1095 25.7997
31.1153 25.3812
31.1225 25.1022
31.1273 24.7707
31.1333 24.4807
31.1393 24.3135
31.1453 24.1678
31.1497 22.1506
31.1554 21.9102
31.1613 21.7797
31.1671 21.6651
31.1741 21.6443
31.1798 21.5463
31.1856 21.4613
31.192 21.386
31.1983 21.3211
31.2041 21.2638
31.2104 21.2134
31.2167 21.0905
31.223 21.0622
31.2293 21.0373
31.2375 23.0373
31.2772 24.5124
31.2861 24.4917
31.2911 24.384
31.2961 24.2894
31.3012 24.2072
31.306 24.2017
31.3108 24.1381
31.3156 24.0822
31.3637 26.0822
31.3685 27.4378
31.4213 28.0974
31.4334 28.8004
31.4382 26.8004
31.455 27.9924
31.622 29.9924
31.6472 27.9924
31.8395 29.9924
31.8659 27.9924
32.0606 29.6119
32.0858 27.6119
32.2769 29.6119
32.3021 27.6119
32.3177 24.3985
32.3442 24.7334
32.4908 26.7334
32.516 24.7334
32.701 26.7334
32.7299 24.7334
32.7792 25.0525
32.9209 27.0525
32.9474 25.0525
33.1264 27.0525
33.1528 25.0525
33.3391 27.0525
33.3643 25.0525
33.4148 24.3232
33.5554 26.3232
33.5818 24.3232
33.7753 26.3232
33.8005 24.3232
33.994 26.3232
34.0228 24.3232
34.0733 23.645
34.2175 25.645
34.2463 23.645
34.4458 25.645
34.4734 23.645
34.5179 22.7127
34.6717 24.7127
34.7005 22.7127
34.769 22.2106
34.8952 24.2106
34.924 22.2106
35.1187 24.2106
35.1463 22.2106
35.3422 24.2106
35.3698 22.2106
35.5657 24.2106
35.5933 22.2106
35.7026 21.4185
35.7844 23.4185
35.8156 21.4185
36.0054 23.4185
36.0307 21.4185
36.1088 20.2417
36.2157 22.2417
36.2422 20.2417
36.4344 22.2417
36.4488 21.9876
36.4609 19.9876
36.6591 21.9876
36.6868 19.9876
36.8754 21.9876
36.903 19.9876
37.1037 21.9876
37.135 19.9876
37.1782 18.8564
37.3452 20.8564
37.3729 18.8564
37.5771 20.8564
37.6048 18.8564
37.8066 20.8564
37.8391 18.8564
37.8739 18.607
38.0506 20.607
38.083 18.607
38.1611 17.7735
38.2981 19.7735
38.3293 17.7735
38.53 19.7735
38.5613 17.7735
38.6225 17.4703
38.7727 19.4703
38.798 17.4703
39.0058 19.4703
39.0311 17.4703
39.2546 19.4703
39.287 17.4703
39.3038 17.0615
39.4841 19.0615
39.5093 17.0615
39.7052 19.0615
39.7316 17.0615
39.9347 19.0615
39.9623 17.0615
40.1678 19.0615
40.1942 17.0615
40.3841 19.0615
40.4117 17.0615
40.6004 19.0615
40.6256 17.0615
40.8143 19.0615
40.8395 17.0615
40.9861 16.6789
41.0365 18.6789
41.063 16.6789
41.2733 18.6789
41.2997 16.6789
41.3165 18.6789
41.3165 4
41.3249 6
41.3249 4
41.3333 6
41.3333 4
41.3418 6
41.3418 4
41.349 6
41.349 4
41.355 6
41.355 4
41.3634 6
41.3634 4
41.3754 6
41.3754 4
41.3891 6
41.3891 4
41.4011 6
41.4011 4
41.416 6
41.416 4
41.4268 6
41.4268 4
41.4417 6
41.4417 4
41.4525 6
41.4525 4
41.4683 6
41.4683 4
41.4782 6
41.4782 4
41.494 6
41.494 4
41.5039 6
41.5039 4
41.5197 6
41.5197 4
41.5296 6
41.5296 4
41.5454 6
41.5454 4
41.5553 25.4461
41.5553 20.1913
41.5711 19.5773
41.581 19.2155
41.5894 18.9565
41.5984 18.7307
41.6065 18.5325
41.6167 18.4178
41.6239 20.259
41.6328 20.1202
41.6407 19.9986
41.6498 17.0117
41.657 16.8943
41.6643 17.3246
41.6703 19.3246
41.6787 20.6961
41.6949 20.5739
41.7021 20.5276
41.7081 20.4869
41.7153 20.451
41.7213 20.4199
41.7694 22.4199
41.7754 23.2921
41.8427 21.2921
41.8883 21.3674
42.0361 23.3674
42.0686 21.3674
42.119 21.8467
42.2776 23.8467
42.3101 21.8467
42.5204 23.8467
42.5516 21.8467
42.7439 21.6851
42.7691 23.6851
42.8003 21.6851
43.0178 23.6851
43.0503 21.6851
43.2485 21.4026
43.2545 23.4026
43.287 21.4026
43.3447 21.6851
43.4985 23.6851
43.5297 21.6851
43.734 23.6851
43.7604 21.6851
43.9779 23.6851
44.0055 21.6851
44.2182 23.6851
44.2495 21.6851
44.4573 23.6851
44.4898 21.6851
44.6892 23.6851
44.7157 21.6851
44.7289 21.4026
44.9055 23.4026
44.9368 21.4026
45.0005 21.1291
45.1374 23.1291
45.1651 21.1291
45.373 23.1291
45.4006 21.1291
45.4499 21.4026
45.5977 23.4026
45.6241 21.4026
45.8296 23.4026
45.856 21.4026
46.0543 23.4026
46.0807 21.4026
46.1264 20.9959
46.1312 21.1291
46.2838 23.1291
46.3102 21.1291
46.3715 21.6851
46.5181 23.6851
46.5505 21.6851
46.7656 23.6851
46.7981 21.6851
46.9999 23.6851
47.0264 21.6851
47.2318 23.6851
47.2595 21.6851
47.4661 23.6851
47.4938 21.6851
47.5154 21.1291
47.6945 23.1291
47.7257 21.1291
47.7894 20.3612
47.93 22.3612
47.9624 20.3612
48.0093 20.8646
48.0201 21.4026
48.1607 23.4026
48.1883 21.4026
48.3914 23.4026
48.4226 21.4026
48.6185 23.4026
48.6449 21.4026
48.741 20.3612
48.8444 22.3612
48.872 20.3612
49.0751 22.3612
49.1027 20.3612
49.2986 22.3612
49.3286 20.3612
49.3935 20.6084
49.5245 22.6084
49.5521 20.6084
49.7576 22.6084
49.7852 20.6084
49.8441 20.8646
49.9919 22.8646
50.0195 20.8646
50.0784 21.1291
50.2214 23.1291
50.2503 21.1291
50.4485 23.1291
50.4762 21.1291
50.6804 23.1291
50.7081 21.1291
50.7898 20.6084
50.9087 22.6084
50.9376 20.6084
51.1491 22.6084
51.1791 20.6084
51.3834 22.6084
51.4122 20.6084
51.6105 22.6084
51.6381 20.6084
51.7042 20.8646
51.7234 22.8646
51.7234 4
51.7318 6
51.7318 4
51.739 6
51.739 4
51.7462 6
51.7462 4
51.7535 6
51.7535 4
51.7595 6
51.7595 4
51.7667 6
51.7667 4
51.7715 6
51.7715 4
51.7751 6
51.7751 4
51.7775 6
51.7775 4
51.7999 6
51.7999 4
51.8066 6
51.8066 4
51.8247 6
51.8247 4
51.8314 6
51.8314 4
51.8496 6
51.8496 4
51.8562 6
51.8562 4
51.8744 6
51.8744 4
51.8811 6
51.8811 4
51.8992 6
51.8992 4
51.9063 6
51.9063 4
51.924 6
51.924 4
51.9314 6
51.9314 4
51.9491 6
51.9491 4
51.9566 6
51.9566 4
51.9743 25.4461
51.9743 23.328
51.9818 22.9123
52.0004 22.6243
52.0076 22.4475
52.0128 22.1423
52.0191 21.8757
52.026 18.3529
52.0325 18.7175
52.0391 20.7175
52.0457 20.6941
52.0616 20.6416
52.0681 20.5269
52.0753 21.607
52.0815 21.5718
52.0936 21.5062
52.0996 21.4151
52.1068 21.404
52.1128 21.3943
52.1188 21.386
52.1321 23.386
52.1381 23.712
52.1789 24.98
52.221 22.98
52.2498 23.2956
52.4313 25.2956
52.4613 23.2956
52.6656 25.2956
52.6956 23.2956
52.8602 22.7355
52.9095 24.7355
52.9419 22.7355
53.1594 24.7355
53.1907 22.7355
53.2063 21.8198
53.3877 23.8198
53.419 21.8198
53.6172 23.8198
53.6449 21.8198
53.8431 23.8198
53.8708 21.8198
53.9417 21.4814
54.069 23.4814
54.0967 21.4814
54.1484 20.4185
54.2949 22.4185
54.3022 22.5186
54.3226 20.5186
54.5196 22.5186
54.5473 20.5186
54.7504 22.5186
54.7768 20.5186
54.8369 20.6713
54.9823 22.6713
55.0099 20.6713
55.2106 22.6713
55.237 20.6713
55.4413 22.6713
55.4737 20.6713
55.5266 20.8122
55.6744 22.8122
55.702 20.8122
55.8991 22.8122
55.9279 20.8122
56.1226 22.8122
56.1502 20.8122
56.2692 20.6713
56.3521 22.6713
56.3797 20.6713
56.4722 20.4185
56.5816 22.4185
56.6092 20.4185
56.8123 22.4185
56.8411 20.4185
57.037 22.4185
57.0646 20.4185
57.2689 22.4185
57.2977 20.4185
57.496 22.4185
57.5248 20.4185
57.7279 22.4185
57.7568 20.4185
57.9622 22.4185
57.9911 20.4185
58.08 19.9365
58.2013 21.9365
58.229 19.9365
58.4405 21.9365
58.4705 19.9365
58.6724 21.9365
58.7072 19.9365
58.7637 19.2465
58.9175 21.2465
58.9487 19.2465
59.1614 21.2465
59.1927 19.2465
59.2479 19.0166
59.4017 21.0166
59.4342 19.0166
59.6397 21.0166
59.6697 19.0166
59.7202 19.2465
59.8764 21.2465
59.9064 19.2465
60.1107 21.2465
60.1395 19.2465
60.3414 21.2465
60.3702 19.2465
60.5805 21.2465
60.6094 19.2465
60.8136 21.2465
60.8413 19.2465
60.9061 19.0166
61.0563 21.0166
61.084 19.0166
61.1272 19.7293
61.2919 21.7293
61.3219 19.7293
61.3688 19.9834
61.5286 21.9834
61.5586 19.9834
61.7689 21.9834
61.7989 19.9834
62.002 21.9834
62.032 19.9834
62.0633 19.2465
62.1234 21.2465
62.1234 4
62.1318 6
62.1318 4
62.139 6
62.139 4
62.1462 6
62.1462 4
62.1522 6
62.1522 4
62.1606 6
62.1606 4
62.169 6
62.169 4
62.1726 6
62.1726 4
62.175 6
62.175 4
62.1949 6
62.1949 4
62.2015 6
62.2015 4
62.2201 6
62.2201 4
62.2274 6
62.2274 4
62.2452 6
62.2452 4
62.2525 6
62.2525 4
62.2704 6
62.2704 4
62.2779 6
62.2779 4
62.2957 6
62.2957 4
62.3032 6
62.3032 4
62.3209 6
62.3209 4
62.3284 6
62.3284 4
62.3461 6
62.3461 4
62.3536 6
62.3536 4
62.3714 6
62.3714 4
62.3788 25.4461
62.3788 21.6001
62.3975 21.2638
62.4047 20.9696
62.4119 20.645
62.4203 20.4952
62.4276 20.297
62.4348 20.1236
62.442 19.9047
62.4493 18.1381
62.4569 17.982
62.4643 17.9047
62.4727 17.837
62.4889 17.7783
62.4966 17.7265
62.5059 19.6809
62.5134 19.6416
62.5941 20.8267
62.6349 18.8267
62.6758 19.078
62.85 21.078
62.8837 19.078
62.9305 19.4475
63.0964 21.4475
63.1288 19.4475
63.1757 19.4807
63.3367 21.4807
63.3679 19.4807
63.428 20.2569
63.5794 22.2569
63.6082 20.2569
63.6659 20.7003
63.8125 22.7003
63.8401 20.7003
64.0456 22.7003
64.0745 20.7003
64.2811 22.7003
64.3088 20.7003
64.3857 20.451
64.513 22.451
64.5419 20.451
64.5948 20.7003
64.7474 22.7003
64.775 20.7003
64.9793 22.7003
65.0105 20.7003
65.2208 22.7003
65.2544 20.7003
65.4683 22.7003
65.4996 20.7003
65.7122 22.7003
65.7399 20.7003
65.9646 22.7003
65.9946 20.7003
66.2049 22.7003
66.2349 20.7003
66.3178 20.451
66.4572 22.451
66.4777 22.8018
66.4849 20.8018
66.7012 22.8018
66.7348 20.8018
66.9439 22.8018
66.9727 20.8018
67.1914 22.8018
67.2058 22.7003
67.2215 20.7003
67.4365 22.7003
67.4654 20.7003
67.4918 20.451
67.6829 22.451
67.7165 20.451
67.9268 22.451
67.958 20.451
67.9881 20.2093
68.0193 20.451
68.1647 22.451
68.1971 20.451
68.2548 21.2238
68.4026 23.2238
68.4339 21.2238
68.6405 23.2238
68.673 21.2238
68.8724 23.2238
68.9013 21.2238
69.0034 20.7003
69.1224 22.7003
69.1548 20.7003
69.3591 22.7003
69.3879 20.7003
69.5922 22.7003
69.6259 20.7003
69.8313 22.7003
69.865 20.7003
69.9106 20.9579
70.074 22.9579
70.1089 20.9579
70.1582 21.2238
70.3168 23.2238
70.3492 21.2238
70.3865 21.4986
70.5607 23.4986
70.5907 21.4986
70.7974 23.4986
70.8263 21.4986
71.0317 23.4986
71.0618 21.4986
71.2841 23.4986
71.3165 21.4986
71.5244 23.4986
71.552 21.4986
71.7743 23.4986
71.8056 21.4986
72.0303 23.4986
72.0615 21.4986
72.2766 23.4986
72.309 21.4986
72.5181 23.4986
72.5181 4
72.5253 6
72.5253 4
72.5325 6
72.5325 4
72.5385 6
72.5385 4
72.5457 6
72.5457 4
72.5517 6
72.5517 4
72.559 6
72.559 4
72.565 6
72.565 4
72.5722 6
72.5722 4
72.5782 6
72.5782 4
72.5937 6
72.5937 4
72.6033 6
72.6033 4
72.6184 6
72.6184 4
72.6284 6
72.6284 4
72.6435 6
72.6435 4
72.6537 6
72.6537 4
72.6686 6
72.6686 4
72.6789 6
72.6789 4
72.6937 6
72.6937 4
72.7042 6
72.7042 4
72.7188 6
72.7188 4
72.7295 6
72.7295 4
72.7439 6
72.7439 4
72.7548 6
72.7548 4
72.7691 6
72.7691 4
72.7801 25.4461
72.7801 22.6747
72.7943 22.2286
72.8053 21.8384
72.8129 21.4965
72.8201 21.268
72.8268 20.9979
72.8344 20.8315
72.8406 20.616
72.8476 17.5981
72.8556 17.5207
72.8618 17.395
72.8694 17.3432
72.8855 17.308
72.8941 17.2673
72.9028 17.2314
72.9117 19.1996
72.9202 19.172
72.9298 19.1478
72.9377 19.1271
72.9438 19.0504
72.9506 19.9765
72.9588 19.9758
72.9655 19.9751
72.9721 19.9744
72.9785 19.9116
72.9915 19.8633
72.9977 19.8142
73.0037 19.8985
73.011 19.8681
73.0357 19.864
73.0429 19.8384
73.0546 20.2514
73.0736 20.2486
73.0798 20.1602
73.0865 20.1485
73.1232 20.3211
73.1472 20.8405
73.1834 20.8985
73.1946 20.9496
73.2018 20.9434
73.2069 21.1285
73.2301 21.1989
73.2634 21.3377
73.27 23.3377
73.276 24.922
73.2965 24.8577
73.3313 26.8577
73.3361 26.8909
73.3685 28.4869
73.3974 26.4869
73.5872 28.4869
73.6149 26.4869
73.6245 26.7065
73.8035 28.7065
73.8288 26.7065
74.0174 28.7065
74.045 26.7065
74.2313 28.7065
74.2577 26.7065
74.3322 25.7196
74.4488 27.7196
74.4776 25.7196
74.593 24.0214
74.6735 26.0214
74.7023 24.0214
74.8958 26.0214
74.9246 24.0214
74.9859 23.9019
75.1145 25.9019
75.1433 23.9019
75.2394 23.261
75.3416 25.261
75.3704 23.261
75.4293 22.7597
75.5639 24.7597
75.5891 22.7597
75.7838 24.7597
75.8126 22.7597
75.8895 22.4482
75.9952 24.4482
76.0217 22.4482
76.2211 24.4482
76.2488 22.4482
76.3713 21.0407
76.4446 23.0407
76.4759 21.0407
76.6754 23.0407
76.7042 21.0407
76.9001 23.0407
76.9253 21.0407
77.0394 20.9938
77.1223 22.9938
77.1488 20.9938
77.3446 22.9938
77.3711 20.9938
77.4444 20.7182
77.5597 22.7182
77.5886 20.7182
77.7772 22.7182
77.8049 20.7182
77.9142 19.9454
78.0031 21.9454
78.0296 19.9454
78.223 21.9454
78.2494 19.9454
78.2963 19.5401
78.4513 21.5401
78.479 19.5401
78.6712 21.5401
78.6976 19.5401
78.7457 19.7997
78.8983 21.7997
78.9259 19.7997
79.1194 21.7997
79.1482 19.7997
79.3453 21.7997
79.3729 19.7997
79.4547 19.2894
79.5688 21.2894
79.6 19.2894
79.7971 21.2894
79.8284 19.2894
79.8572 18.3674
79.8764 18.8128
80.029 20.8128
80.0591 18.8128
80.2597 20.8128
80.2874 18.8128
80.345 19.047
80.4904 21.047
80.5157 19.047
80.7163 21.047
80.7452 19.047
80.9494 21.047
80.9759 19.047
81.1753 21.047
81.2018 19.047
81.2631 18.8128
81.4121 20.8128
81.4385 18.8128
81.65 20.8128
81.6788 18.8128
81.7173 18.5863
81.8819 20.5863
81.9119 18.5863
82.1234 20.5863
82.1546 18.5863
82.2051 18.3674
82.3685 20.3674
82.3974 18.3674
82.6028 20.3674
82.6305 18.3674
82.842 20.3674
82.872 18.3674
83.0739 20.3674
83.0991 18.3674
83.2337 18.6195
83.2361 19.1533
83.2945 21.1533
83.302 14.7921
83.302 4
83.3086 6
83.3086 4
83.3156 6
83.3156 4
83.3223 6
83.3223 4
83.3406 6
83.3406 4
83.3487 6
83.3487 4
83.3656 6
83.3656 4
83.374 6
83.374 4
83.3906 6
83.3906 4
83.3992 6
83.3992 4
83.4157 6
83.4157 4
83.4244 6
83.4244 4
83.4407 6
83.4407 4
83.4496 6
83.4496 4
83.4657 6
83.4657 4
83.4753 6
83.4753 4
83.492 6
83.492 4
83.5018 6
83.5018 4
83.5173 25.4461
83.5173 17.3598
83.552 17.3584
83.5606 17.3412
83.5972 14.0815
83.638 16.0815
83.7414 14.0815
83.7606 14.5007
83.9721 16.5007
83.9985 14.5007
84.2352 16.5007
84.2652 14.5007
84.2965 14.299
84.3157 15.489
84.4863 17.489
84.514 15.489
84.7339 17.489
84.7603 15.489
84.9754 17.489
85.0018 15.1975
85.2181 17.1975
85.2482 15.1975
85.2782 14.8688
85.2878 15.1975
85.4705 17.1975
85.4801 17.5497
85.5029 15.5497
85.7132 17.5497
85.7444 15.5497
85.9547 17.5497
85.9847 15.5497
86.2046 17.5497
86.2142 17.1975
86.2251 17.5497
86.2359 15.5497
86.445 17.5497
86.4762 15.5497
86.6949 17.5497
86.7249 15.5497
86.8727 15.7348
86.9352 17.7348
86.9652 15.7348
87.1719 17.7348
87.202 15.7348
87.2692 15.9261
87.4062 17.9261
87.4363 15.9261
87.6441 17.9261
87.6742 15.9261
87.8869 17.9261
87.9169 15.9261
87.9806 16.0994
88.1296 18.0994
88.1584 16.0994
88.2125 16.2783
88.3771 18.2783
88.4072 16.2783
88.6235 18.2783
88.6523 16.2783
88.6943 16.4634
88.8662 18.4634
88.8926 16.4634
88.9287 16.6547
89.0825 18.6547
89.1125 16.6547
89.175 17.4869
89.3324 19.4869
89.3648 17.4869
89.4153 17.6885
89.5715 19.6885
89.6016 17.6885
89.8094 19.6885
89.8395 17.6885
89.8911 17.8964
90.0654 19.8964
90.0966 17.8964
90.1435 18.3336
90.2925 20.3336
90.3237 18.3336
90.5412 20.3336
90.5736 18.3336
90.6397 18.6581
90.7887 20.6581
90.8188 18.6581
91.0315 20.6581
91.0579 18.6581
91.2742 20.6581
91.3042 18.6581
91.3547 19.0981
91.5169 21.0981
91.5469 19.0981
91.5902 19.3294
91.7584 21.3294
91.7873 19.3294
91.8377 19.5684
91.9903 21.5684
92.018 19.5684
92.0756 19.8156
92.2246 21.8156
92.2523 19.8156
92.459 21.8156
92.4926 19.8156
92.7053 21.8156
92.7341 19.8156
92.7774 20.0704
92.942 22.0704
92.9732 20.0704
93.0357 20.5083
93.1775 22.5083
93.2076 20.5083
93.4106 22.5083
93.4431 20.5083
93.4959 21.0256
93.5644 23.0256
93.5644 4
93.5716 6
93.5716 4
93.5776 6
93.5776 4
93.5849 6
93.5849 4
93.5897 6
93.5897 4
93.5945 6
93.5945 4
93.5993 6
93.5993 4
93.6041 6
93.6041 4
93.6089 6
93.6089 4
93.6125 6
93.6125 4
93.6304 6
93.6304 4
93.6373 6
93.6373 4
93.6553 6
93.6553 4
93.6624 6
93.6624 4
93.6801 6
93.6801 4
93.6875 6
93.6875 4
93.705 6
93.705 4
93.7126 6
93.7126 4
93.7299 6
93.7299 4
93.7377 6
93.7377 4
93.7548 6
93.7548 4
93.7628 6
93.7628 4
93.7797 6
93.7797 4
93.7879 6
93.7879 4
93.8058 6
93.8058 4
93.8137 25.4461
93.8137 23.6996
93.8316 12.5193
93.8393 12.3923
93.8453 14.3923
93.8519 16.3923
93.8628 18.3923
93.8764 18.567
93.8861 18.4855
93.8931 18.355
93.9022 18.3004
93.9109 20.1927
93.9189 20.0988
93.9268 20.0159
93.936 19.9441
93.9432 19.9406
93.9492 20.3419
93.9564 20.2852
93.9696 20.2459
94.0405 22.2459
94.0477 22.3377
94.0922 20.3377
94.2977 22.3377
94.3265 20.3377
94.3662 20.471
94.5344 22.471
94.568 20.471
94.6209 21.0124
94.7795 23.0124
94.8071 21.0124
95.027 23.0124
95.0571 21.0124
95.2782 23.0124
95.307 21.0124
95.3202 20.6064
95.5173 22.6064
95.5461 20.6064
95.5942 20.5325
95.605 20.7831
95.7624 22.7831
95.7913 20.7831
95.9955 22.7831
96.0244 20.7831
96.2286 22.7831
96.2587 20.7831
96.4653 22.7831
96.4966 20.7831
96.7033 22.7831
96.7345 20.7831
96.8511 20.5325
96.9352 22.5325
96.9652 20.5325
97.1707 22.5325
97.2019 20.5325
97.4218 22.5325
97.4495 20.5325
97.5167 20.7831
97.6633 22.7831
97.6934 20.7831
97.8977 22.7831
97.9265 20.7831
98.1356 22.7831
98.1656 20.7831
98.3723 22.7831
98.4011 20.7831
98.4804 20.5325
98.6078 22.5325
98.6378 20.5325
98.7051 20.7831
98.8481 22.7831
98.8782 20.7831
99.0836 22.7831
99.1113 20.7831
99.3179 22.7831
99.3456 20.7831
99.5547 22.7831
99.5883 20.7831
99.6388 21.2355
99.7926 23.2355
99.825 21.2355
