0.0201114 10
0.0416253 11
0.0488349 13
0.0560445 15
0.0632541 17
0.0704637 19
0.0884877 21
0.344428 21.587
0.402105 18.4786
0.447766 16.4786
0.600369 18.4786
0.634014 16.4786
0.654441 17.105
0.783012 19.105
0.80344 17.105
0.959648 19.105
0.980075 17.105
1.10384 16.9496
1.13027 18.9496
1.1507 16.9496
1.30811 18.9496
1.32854 16.9496
1.48715 18.9496
1.50878 16.9496
1.52921 16.5787
1.55564 16.7486
1.6782 18.7486
1.69863 16.7486
1.86085 18.7486
1.88248 16.7486
2.0507 18.7486
2.07233 16.7486
2.22613 18.7486
2.24656 16.7486
2.40998 18.7486
2.43041 16.7486
2.5782 16.8356
2.59142 18.8356
2.61305 16.8356
2.77406 18.8356
2.79449 16.8356
2.9483 18.8356
2.96872 16.8356
3.12253 18.8356
3.14295 16.8356
3.20664 16.7486
3.30397 18.7486
3.3244 16.7486
3.4782 18.7486
3.49983 16.7486
3.65003 18.7486
3.67166 16.7486
3.83027 18.7486
3.8507 16.7486
4.0033 18.7486
4.02974 16.7486
4.18955 18.7486
4.21598 16.7486
4.3758 18.7486
4.39622 16.7486
4.56805 18.7486
4.59329 16.7486
4.68701 16.5228
4.74949 18.5228
4.77112 16.5228
4.93694 18.5228
4.96098 16.5228
5.11959 18.5228
5.14122 16.5228
5.29382 18.5228
5.32146 16.5228
5.47286 18.5228
5.49449 16.5228
5.6555 18.5228
5.68194 16.5228
5.84175 18.5228
5.86818 16.5228
6.034 18.5228
6.05443 16.5228
6.1085 16.7486
6.20703 18.7486
6.23227 16.7486
6.28394 16.9834
6.38968 18.9834
6.41611 16.9834
6.57593 18.9834
6.60116 16.9834
6.76818 18.9834
6.78861 16.9834
6.95083 18.9834
6.97606 16.9834
7.04095 16.9572
7.14188 18.9572
7.16351 16.9572
7.26324 16.5228
7.33654 18.5228
7.35817 16.5228
7.51798 18.5228
7.53841 16.5228
7.69822 18.5228
7.71865 16.5228
7.87846 18.5228
7.9049 16.5228
7.99261 16.3052
8.0563 18.3052
8.07672 16.3052
8.132 16.9834
8.22692 18.9834
8.24975 16.9834
8.41077 18.9834
8.4336 16.9834
8.58861 18.9834
8.61023 16.9834
8.72919 16.5228
8.76524 18.5228
8.78687 16.5228
8.94428 18.5228
8.96711 16.5228
9.01998 16.7486
9.11731 18.7486
9.13894 16.7486
9.30236 18.7486
9.32399 16.7486
9.48139 18.7486
9.50302 16.7486
9.63159 16.5228
9.65322 18.5228
9.67485 16.5228
9.83346 18.5228
9.85509 16.5228
9.97645 16.3052
10.0053 18.3052
10.0269 20.3052
10.0269 4
10.0341 6
10.0341 4
10.0413 6
10.0413 4
10.0486 6
10.0486 4
10.0558 6
10.0558 4
10.063 6
10.063 4
10.0702 6
10.0702 4
10.0762 6
10.0762 4
10.0822 6
10.0822 4
10.1013 6
10.1013 4
10.1083 6
10.1083 4
10.1264 6
10.1264 4
10.1334 6
10.1334 4
10.1515 6
10.1515 4
10.1585 6
10.1585 4
10.1766 6
10.1766 4
10.1836 6
10.1836 4
10.2017 6
10.2017 4
10.2087 6
10.2087 4
10.2268 6
10.2268 4
10.2338 6
10.2338 4
10.2519 6
10.2519 4
10.2589 6
10.2589 4
10.277 18.3052
10.277 20.3052
10.284 21.2472
10.3021 21.0539
10.3093 20.8135
10.3167 20.6029
10.3232 20.4192
10.3305 20.2583
10.3377 22.1174
10.3456 22.0649
10.3516 21.9482
10.3588 20.0062
10.3661 19.9903
10.3721 19.9758
10.4646 21.9758
10.4718 23.1519
10.5223 21.1519
10.7133 23.1519
10.7397 21.1519
10.9392 23.1519
10.9656 21.1519
11.0125 20.8584
11.1747 22.8584
11.2012 20.8584
11.2228 20.7286
11.4078 22.7286
11.4343 20.7286
11.6434 22.7286
11.6698 20.7286
11.7948 20.2293
11.8729 22.2293
11.8993 20.2293
11.9594 20.991
12.1048 22.991
12.1324 20.991
12.1901 21.2617
12.3271 23.2617
12.3547 21.2617
12.5542 23.2617
12.5806 21.2617
12.7777 23.2617
12.8065 21.2617
12.893 20.991
13.0012 22.991
13.0312 20.991
13.2307 22.991
13.2571 20.991
13.3749 20.4751
13.4578 22.4751
13.4854 20.4751
13.6885 22.4751
13.7161 20.4751
13.9204 22.4751
13.9492 20.4751
14.1559 22.4751
14.1847 20.4751
14.3854 22.4751
14.4142 20.4751
14.4947 19.991
14.6173 21.991
14.6474 19.991
14.854 21.991
14.8829 19.991
15.0871 21.991
15.116 19.991
15.1725 19.5373
15.3142 21.5373
15.3443 19.5373
15.5389 21.5373
15.5678 19.5373
15.7684 21.5373
15.7985 19.5373
15.9992 21.5373
16.0292 19.5373
16.2311 21.5373
16.2611 19.5373
16.3116 19.2983
16.4654 21.2983
16.4918 19.2983
16.5567 19.7831
16.7045 21.7831
16.7321 19.7831
16.7874 20.3018
16.9376 22.3018
16.964 20.3018
17.0313 20.7286
17.1671 22.7286
17.1935 20.7286
17.3942 22.7286
17.4206 20.7286
17.6249 22.7286
17.6538 20.7286
17.7042 20.991
17.8568 22.991
17.8905 20.991
18.0899 22.991
18.12 20.991
18.3242 22.991
18.3531 20.991
18.4372 20.7286
18.5489 22.7286
18.5754 20.7286
18.7773 22.7286
18.8061 20.7286
18.9983 22.7286
19.026 20.7286
19.1341 20.4751
19.2254 22.4751
19.2531 20.4751
19.3504 20.2293
19.4598 22.2293
19.4874 20.2293
19.6929 22.2293
19.7205 20.2293
19.9176 22.2293
19.9464 20.2293
20.1471 22.2293
20.1747 20.2293
20.3754 22.2293
20.3754 4
20.3814 6
20.3814 4
20.3886 6
20.3886 4
20.3946 6
20.3946 4
20.4018 6
20.4018 4
20.409 6
20.409 4
20.4162 6
20.4162 4
20.4234 6
20.4234 4
20.4307 6
20.4307 4
20.4355 6
20.4355 4
20.4558 6
20.4558 4
20.4625 6
20.4625 4
20.4808 6
20.4808 4
20.4876 6
20.4876 4
20.5059 6
20.5059 4
20.5127 6
20.5127 4
20.531 6
20.531 4
20.5378 6
20.5378 4
20.5561 6
20.5561 4
20.5629 6
20.5629 4
20.5812 6
20.5812 4
20.588 6
20.588 4
20.6063 6
20.6063 4
20.6131 6
20.6131 4
20.6314 20.2293
20.6314 22.2293
20.6382 21.9116
20.6565 21.5608
20.6641 21.3239
20.6722 21.1878
20.6782 20.9979
20.6854 20.8322
20.6926 20.6865
20.699 20.5594
20.7062 20.3778
20.714 18.268
20.7203 20.1395
20.7284 20.0884
20.7345 19.982
20.7424 19.951
20.7497 21.8764
20.7562 21.8481
20.7627 21.8239
20.7692 21.8025
20.7743 21.643
20.7803 21.5739
20.7865 21.5138
20.7925 21.4606
20.8084 21.5532
20.8144 21.5704
20.8204 23.5704
20.8264 25.1367
20.8685 27.1367
20.8733 27.2514
20.9081 27.3681
20.9226 25.3681
20.9322 26.0953
21.1232 28.0953
21.1533 26.0953
21.3575 28.0953
21.3876 26.0953
21.5882 28.0953
21.6147 26.0953
21.8117 28.0953
21.8442 26.0953
21.9559 25.7251
22.0485 27.7251
22.0785 25.7251
22.2792 27.7251
22.3092 25.7251
22.5135 27.3142
22.5447 25.3142
22.7466 27.3142
22.7778 25.3142
22.9821 27.3142
23.0085 25.3142
23.0133 24.9448
23.208 26.9448
23.238 24.9448
23.4327 26.9448
23.4435 26.8543
23.4591 24.8543
23.6574 26.8543
23.6838 24.8543
23.8833 26.8543
23.9109 24.8543
24.0792 24.5884
24.1116 26.5884
24.138 24.5884
24.3327 26.5884
24.3603 24.5884
24.394 24.23
24.561 26.23
24.5874 24.23
24.7917 26.23
24.8193 24.23
24.859 23.5925
25.0152 25.5925
25.0428 23.5925
25.1113 23.2825
25.2507 25.2825
25.2808 23.2825
25.4778 25.2825
25.5067 23.2825
25.5643 22.7645
25.7049 24.7645
25.7338 22.7645
25.9332 24.7645
25.9633 22.7645
26.0077 22.4579
26.1627 24.4579
26.1928 22.4579
26.4031 24.4579
26.4343 22.4579
26.6446 24.4579
26.6758 22.4579
26.7539 22.1623
26.8789 24.1623
26.9065 22.1623
26.9642 21.5994
27.1072 23.5994
27.1348 21.5994
27.3415 23.5994
27.3679 21.5994
27.4244 20.8211
27.5758 22.8211
27.6035 20.8211
27.6227 20.732
27.8065 22.732
27.833 20.732
28.0348 22.732
28.0625 20.732
28.0961 20.4696
28.2571 22.4696
28.2896 20.4696
28.4938 22.4696
28.5215 20.4696
28.5828 20.2162
28.7185 22.2162
28.7474 20.2162
28.9565 22.2162
28.9853 20.2162
29.0718 19.2797
29.192 21.2797
29.2208 19.2797
29.4275 21.2797
29.4575 19.2797
29.5452 18.6098
29.6666 20.6098
29.6978 18.6098
29.9201 20.6098
29.9538 18.6098
30.1737 20.6098
30.2061 18.6098
30.42 20.6098
30.4464 18.6098
30.533 18.1844
30.6591 20.1844
30.6868 18.1844
30.8334 20.1844
30.8334 4
30.8418 6
30.8418 4
30.8514 6
30.8514 4
30.8598 6
30.8598 4
30.8682 6
30.8682 4
30.8766 6
30.8766 4
30.8826 6
30.8826 4
30.8898 6
30.8898 4
30.8958 6
30.8958 4
30.9152 6
30.9152 4
30.9235 6
30.9235 4
30.9412 6
30.9412 4
30.9499 6
30.9499 4
30.9666 6
30.9666 4
30.9752 6
30.9752 4
30.992 6
30.992 4
31.0007 6
31.0007 4
31.0175 6
31.0175 4
31.0261 6
31.0261 4
31.0429 6
31.0429 4
31.0516 6
31.0516 4
31.0684 6
31.0684 4
31.0771 6
31.0771 4
31.0939 20.2293
31.0939 21.0055
31.1025 20.5815
31.1201 12.1561
31.1285 12.0559
31.1357 14.0559
31.1441 15.107
31.1717 15.0449
31.1832 15.0014
31.1959 14.9641
31.2063 14.8881
31.2179 14.8211
31.2305 14.8059
31.2419 14.7928
31.2538 14.7818
31.2658 16.7818
31.2885 16.9365
31.2975 16.8826
31.3084 16.8791
31.4262 18.326
31.5547 16.326
31.5643 17.4586
31.7806 19.4586
31.8179 17.4586
32.045 19.4586
32.0798 17.4586
32.2541 17.2541
32.3165 19.2541
32.3454 17.2541
32.4079 17.4586
32.5929 19.4586
32.629 17.4586
32.6854 18.114
32.8657 20.114
32.9005 18.114
33.1336 20.114
33.1685 18.114
33.4016 20.114
33.4364 18.114
33.4917 18.7859
33.6755 20.7859
33.7092 18.7859
33.7657 19.0159
33.9387 21.0159
33.9699 19.0159
34.1946 21.0159
34.2271 19.0159
34.4518 21.0159
34.4758 20.7859
34.4842 18.7859
34.7173 20.7859
34.7534 18.7859
34.8026 19.4986
34.9841 21.4986
35.0189 19.4986
35.2472 21.4986
35.2785 19.4986
35.347 19.5994
35.4972 21.5994
35.5284 19.5994
35.7531 21.5994
35.7832 19.5994
35.842 20.0704
36.0042 22.0704
36.0355 20.0704
36.2578 22.0704
36.289 20.0704
36.3371 20.3177
36.5029 22.3177
36.5317 20.3177
36.581 20.837
36.7528 22.837
36.7865 20.837
37.0088 22.837
37.0376 20.837
37.2611 22.837
37.296 20.837
37.3633 21.8494
37.5135 23.8494
37.5471 21.8494
37.7802 23.8494
37.809 21.8494
38.0434 23.8494
38.0566 23.578
38.077 21.578
38.2957 23.578
38.3305 21.578
38.3366 21.0594
38.5468 23.0594
38.5817 21.0594
38.6466 21.578
38.816 23.578
38.8448 21.578
39.0539 23.578
39.0888 21.578
39.3195 23.578
39.3507 21.578
39.3639 21.1098
39.555 23.1098
39.5838 21.1098
39.8049 23.1098
39.8386 21.1098
39.895 21.3142
40.0657 23.3142
40.1005 21.3142
40.3336 23.3142
40.3624 21.3142
40.5715 23.3142
40.6064 21.3142
40.8239 23.3142
40.8587 21.3142
40.9212 20.8128
41.0786 22.8128
41.1074 20.8128
41.1735 21.0594
41.3129 23.0594
41.3129 4
41.3189 6
41.3189 4
41.3261 6
41.3261 4
41.3345 6
41.3345 4
41.3406 6
41.3406 4
41.3478 6
41.3478 4
41.3562 6
41.3562 4
41.3646 6
41.3646 4
41.3706 6
41.3706 4
41.3861 6
41.3861 4
41.3956 6
41.3956 4
41.4118 6
41.4118 4
41.4206 6
41.4206 4
41.4368 6
41.4368 4
41.4456 6
41.4456 4
41.4618 6
41.4618 4
41.4707 6
41.4707 4
41.4867 6
41.4867 4
41.4964 6
41.4964 4
41.5117 6
41.5117 4
41.5221 6
41.5221 4
41.5367 6
41.5367 4
41.5478 6
41.5478 4
41.5617 6
41.5617 4
41.5735 21.0594
41.5735 20.6305
41.5871 20.3273
41.5996 20.0615
41.6077 19.8294
41.6155 19.6257
41.6227 19.3847
41.6304 19.2369
41.6395 17.5256
41.6474 17.4827
41.6546 17.3985
41.6619 17.3771
41.6715 17.3653
41.6799 17.3073
41.6883 17.3046
41.6973 17.3018
41.7045 17.2514
41.7766 18.9475
41.8595 16.9475
42.0577 18.9475
42.0866 16.9475
42.2909 18.9475
42.3005 18.201
42.3185 16.201
42.5336 18.201
42.5636 16.201
42.7775 18.201
42.8063 16.201
42.858 16.0041
43.0202 18.0041
43.0515 16.0041
43.2666 18.0041
43.2954 16.0041
43.4324 15.8142
43.5105 17.8142
43.5417 15.8142
43.7616 17.8142
43.7929 15.8142
44.0152 17.6312
44.0452 15.6312
44.2675 17.6312
44.3023 15.6312
44.3624 16.5622
44.5318 18.5622
44.5655 16.5622
44.5919 16.9475
44.795 18.9475
44.8322 16.9475
45.0617 18.9475
45.0906 16.9475
45.3009 18.9475
45.3081 18.5622
45.3369 16.5622
45.3633 16.7514
45.3802 17.1499
45.552 19.1499
45.588 17.1499
45.8007 19.1499
45.8284 17.1499
46.0615 19.1499
46.0891 17.1499
46.2994 17.0366
46.3174 19.0366
46.3535 17.0366
46.5674 19.0366
46.595 17.0366
46.8185 16.9475
46.8281 18.9475
46.8593 16.9475
46.8882 17.1499
46.9194 18.0076
47.09 20.0076
47.1177 18.0076
47.3376 20.0076
47.3616 20.221
47.37 18.221
47.5923 20.221
47.626 18.221
47.6428 18.9047
47.8459 20.9047
47.8771 18.9047
47.936 19.2231
48.0814 21.2231
48.1126 19.2231
48.3229 21.2231
48.3553 19.2231
48.58 21.2231
48.6113 19.2231
48.6906 19.0014
48.8216 21.0014
48.8504 19.0014
48.9189 19.2231
49.0667 21.2231
49.0967 19.2231
49.3118 21.2231
49.343 19.2231
49.5581 21.2231
49.5918 19.2231
49.6386 19.6899
49.8033 21.6899
49.8321 19.6899
50.0436 21.6899
50.0736 19.6899
50.1217 19.9344
50.2875 21.9344
50.3175 19.9344
50.5302 21.9344
50.5591 19.9344
50.7742 21.9344
50.8042 19.9344
51.0121 21.9344
51.0421 19.9344
51.0794 19.6899
51.2524 21.6899
51.2812 19.6899
51.4915 21.6899
51.5215 19.6899
51.7054 21.6899
51.7054 4
51.7114 6
51.7114 4
51.7186 6
51.7186 4
51.7258 6
51.7258 4
51.7342 6
51.7342 4
51.7414 6
51.7414 4
51.7486 6
51.7486 4
51.7559 6
51.7559 4
51.7643 6
51.7643 4
51.7787 6
51.7787 4
51.7894 6
51.7894 4
51.8044 6
51.8044 4
51.8146 6
51.8146 4
51.8296 6
51.8296 4
51.8397 6
51.8397 4
51.8548 6
51.8548 4
51.8649 6
51.8649 4
51.8799 6
51.8799 4
51.8901 6
51.8901 4
51.9051 6
51.9051 4
51.9152 6
51.9152 4
51.9302 6
51.9302 4
51.9404 6
51.9404 4
51.9554 6
51.9554 4
51.9655 21.0594
51.9655 21.9903
51.9806 11.8812
51.9907 11.7293
51.998 13.7293
52.0064 14.7997
52.0348 16.7997
52.0469 16.7569
52.0588 16.7272
52.0693 17.0925
52.0779 17.0242
52.0876 16.9648
52.096 16.913
52.1056 16.8674
52.2078 17.9275
52.2522 15.9275
52.2943 16.857
52.4709 18.857
52.5046 16.857
52.7281 18.857
52.7605 16.857
52.9227 16.6105
52.9996 18.6105
53.0321 16.6105
53.0417 17.1809
53.0873 17.5939
53.2724 19.5939
53.3072 17.5939
53.3709 18.2686
53.5307 20.2686
53.5656 18.2686
53.7927 20.2686
53.8275 18.2686
54.057 20.2686
54.0907 18.2686
54.1087 18.0615
54.325 20.0615
54.3346 20.2686
54.361 18.2686
54.4127 19.1685
54.5905 21.1685
54.6206 19.1685
54.8465 21.1685
54.8753 19.1685
54.9426 19.9814
55.1012 21.9814
55.1325 19.9814
55.3463 21.9814
55.3776 19.9814
55.5939 21.9814
55.6239 19.9814
55.6696 19.7431
55.8306 21.7431
55.8618 19.7431
56.0829 21.7431
56.1142 19.7431
56.3365 21.7431
56.3677 19.7431
56.4254 19.9814
56.5876 21.9814
56.6188 19.9814
56.8315 21.9814
56.864 19.9814
57.0779 21.9814
57.1103 19.7431
57.1511 20.2265
57.3338 22.2265
57.3626 20.2265
57.4275 21.4793
57.5813 23.4793
57.615 21.4793
57.8397 23.4793
57.8745 21.4793
58.1076 23.4793
58.1425 21.4793
58.3576 23.4793
58.3708 23.2175
58.3924 21.2175
58.4453 21.4793
58.6147 23.4793
58.6495 21.4793
58.8851 23.4793
58.9199 21.4793
59.1482 23.4793
59.1782 21.4793
59.2035 20.9641
59.2275 21.4793
59.4078 23.4793
59.4426 21.4793
59.6709 23.4793
59.7033 21.4793
59.749 21.7493
59.9377 23.7493
59.9701 21.7493
60.1984 23.7493
60.2321 21.7493
60.4616 23.7493
60.4964 21.4793
60.7283 23.4793
60.7572 21.4793
60.9806 23.4793
60.9951 22.9641
61.0155 20.9641
61.2354 22.9641
61.2654 20.9641
61.3231 21.2175
61.4793 23.2175
61.5094 21.2175
61.561 21.4793
61.7341 23.4793
61.7665 21.4793
61.9864 23.4793
62.0176 21.4793
62.109 23.4793
62.109 4
62.1174 6
62.1174 4
62.1246 6
62.1246 4
62.1306 6
62.1306 4
62.1378 6
62.1378 4
62.145 6
62.145 4
62.151 6
62.151 4
62.1582 6
62.1582 4
62.1642 6
62.1642 4
62.1702 6
62.1702 4
62.1891 6
62.1891 4
62.1961 6
62.1961 4
62.214 6
62.214 4
62.2213 6
62.2213 4
62.2389 6
62.2389 4
62.2464 6
62.2464 4
62.2637 6
62.2637 4
62.2716 6
62.2716 4
62.2886 6
62.2886 4
62.2969 6
62.2969 4
62.3135 6
62.3135 4
62.3221 6
62.3221 4
62.3384 6
62.3384 4
62.3473 6
62.3473 4
62.3633 21.4793
62.3633 23.3101
62.3726 22.8667
62.389 22.5525
62.3951 22.2044
62.4023 21.9731
62.4095 21.7707
62.4155 19.0518
62.4228 18.8646
62.43 18.7645
62.436 18.614
62.4432 18.5449
62.4594 18.4862
62.4673 18.433
62.4757 18.3867
62.4827 18.2831
62.4913 20.2555
62.499 20.2307
62.5071 20.2099
62.5158 20.1913
62.522 20.1119
62.5292 20.6119
62.5857 21.0145
62.6229 19.0145
62.6301 19.4814
62.8296 21.4814
62.8596 19.4814
63.0699 21.4814
63.0988 19.4814
63.1985 18.9019
63.3114 20.9019
63.3415 18.9019
63.5566 20.9019
63.589 18.9019
63.6443 19.2438
63.8053 21.2438
63.8365 19.2438
64.0396 21.2438
64.0697 19.2438
64.2823 21.2438
64.31 19.2438
64.5227 21.2438
64.5503 19.2438
64.763 21.2438
64.7906 19.2438
64.805 19.0145
65.0045 21.0145
65.0321 19.0145
65.2412 21.0145
65.2676 19.0145
65.3217 19.2438
65.4791 21.2438
65.508 19.2438
65.7207 21.2438
65.7495 19.2438
65.9598 21.2438
65.9898 19.2438
66.2001 21.2438
66.2289 19.2438
66.2385 19.0145
66.2878 19.2438
66.438 21.2438
66.4692 19.2438
66.6699 21.2438
66.6988 19.2438
66.8994 21.2438
66.9307 19.2438
67.1265 21.2438
67.1566 19.2438
67.362 21.2438
67.3921 19.2438
67.457 19.0145
67.5976 21.0145
67.6288 19.0145
67.8295 21.0145
67.8619 19.0145
67.946 18.7914
68.077 20.7914
68.1082 18.7914
68.1731 19.0145
68.3077 21.0145
68.3389 19.0145
68.554 21.0145
68.5841 19.0145
68.7992 21.0145
68.8292 19.0145
69.0383 21.0145
69.0683 19.0145
69.1128 18.7914
69.1272 19.0145
69.281 21.0145
69.311 19.0145
69.5093 21.0145
69.5393 19.0145
69.7436 21.0145
69.7749 19.0145
69.8686 18.7914
69.9671 18.9641
69.9755 20.9641
70.0056 18.9641
70.2146 20.9641
70.2459 18.9641
70.4574 20.9641
70.4898 18.9641
70.6965 18.7189
70.7049 20.7189
70.7373 18.7189
70.9536 20.7189
70.9777 20.3674
70.9849 18.3674
71.1927 20.3674
71.2252 18.3674
71.2853 18.576
71.4487 20.576
71.4811 18.576
71.54 18.7914
71.6878 20.7914
71.7202 18.7914
71.9425 20.7914
71.9762 18.7914
72.1805 20.7914
72.2069 18.7914
72.4184 20.7914
72.446 18.7914
72.5241 20.7914
72.5241 4
72.5337 6
72.5337 4
72.5433 6
72.5433 4
72.5529 6
72.5529 4
72.5602 6
72.5602 4
72.5674 6
72.5674 4
72.5758 6
72.5758 4
72.583 6
72.583 4
72.5973 6
72.5973 4
72.6083 6
72.6083 4
72.6226 6
72.6226 4
72.6335 6
72.6335 4
72.6478 6
72.6478 4
72.6588 6
72.6588 4
72.6731 6
72.6731 4
72.6841 6
72.6841 4
72.6984 6
72.6984 4
72.7094 6
72.7094 4
72.7237 6
72.7237 4
72.7347 6
72.7347 4
72.7489 6
72.7489 4
72.7599 6
72.7599 4
72.7742 6
72.7742 4
72.7852 21.4793
72.7852 21.6057
72.7995 21.1809
72.8105 20.8094
72.8189 20.5504
72.8256 14.5525
72.8332 15.1526
72.8418 15.0407
72.8488 16.1506
72.8717 16.1188
72.8827 16.0994
72.8916 16.0173
72.9016 15.9454
72.9129 17.933
72.9215 17.8715
72.9315 17.8184
72.9564 17.7769
72.9643 17.7348
72.9803 17.7106
72.9965 17.692
73.0049 17.6609
73.0122 17.6333
73.021 17.6098
73.0288 17.5891
73.0369 17.5704
73.0441 17.5546
73.0599 17.5221
73.0687 17.5124
73.076 17.5041
73.0918 17.4834
73.1002 17.4786
73.1089 17.4738
73.1157 17.4199
73.1316 17.375
73.1484 17.1892
73.1556 17.1623
73.3469 18.828
73.4082 18.9102
73.4334 16.9102
73.4503 17.2507
73.6341 19.2507
73.6641 17.2507
73.878 19.2507
73.9105 17.2507
73.9681 17.6526
74.1304 19.6526
74.164 17.6526
74.3767 19.6526
74.4103 17.6526
74.6266 19.6526
74.6591 17.6526
74.8669 19.6526
74.8982 17.6526
74.9535 18.0815
75.1193 20.0815
75.1493 18.0815
75.3656 20.0815
75.3956 18.0815
75.6179 20.0815
75.6504 18.0815
75.6624 18.5401
75.684 19.0325
75.7117 19.2928
75.8571 21.2928
75.8847 19.2928
76.0962 21.2928
76.1226 19.2928
76.1683 19.5345
76.3341 21.5345
76.3677 19.5345
76.578 21.5345
76.6105 19.5345
76.8183 21.5345
76.852 19.5345
76.9049 19.2928
77.0515 21.2928
77.0827 19.2928
77.1067 19.058
77.293 21.058
77.3218 19.058
77.5321 21.058
77.5621 19.058
77.7724 21.058
77.8025 19.058
78.0091 21.058
78.038 19.058
78.0452 18.8315
78.2482 20.8315
78.2783 18.8315
78.3396 19.2928
78.4874 21.2928
78.5174 19.2928
78.7217 21.2928
78.7529 19.2928
78.807 19.5345
78.956 21.5345
78.9872 19.5345
79.1903 21.5345
79.2203 19.5345
79.4258 21.5345
79.4535 19.5345
79.6601 21.5345
79.6878 19.5345
79.8872 21.5345
79.9197 19.5345
80.1251 21.5345
80.1516 19.5345
80.3643 21.5345
80.3931 19.5345
80.6142 21.5345
80.6442 19.5345
80.8593 21.5345
80.8737 21.2928
80.8894 19.2928
81.0912 21.2928
81.1201 19.2928
81.1429 18.8315
81.3231 20.8315
81.3544 18.8315
81.5683 20.8315
81.5983 18.8315
81.6644 19.058
81.8086 21.058
81.8398 19.058
82.0441 21.058
82.0741 19.058
82.2784 21.058
82.3097 19.058
82.3854 18.8315
82.5151 20.8315
82.5428 18.8315
82.7603 20.8315
82.7915 18.8315
82.8708 18.6119
83.003 20.6119
83.033 18.6119
83.1003 18.8315
83.1628 20.8315
83.1628 4
83.1676 6
83.1676 4
83.176 6
83.176 4
83.182 6
83.182 4
83.1904 6
83.1904 4
83.2 6
83.2 4
83.2085 6
83.2085 4
83.2169 6
83.2169 4
83.2229 6
83.2229 4
83.2481 6
83.2481 4
83.2541 6
83.2541 4
83.2733 6
83.2733 4
83.2816 6
83.2816 4
83.2996 6
83.2996 4
83.3068 6
83.3068 4
83.3248 6
83.3248 4
83.3323 6
83.3323 4
83.3501 6
83.3501 4
83.3575 6
83.3575 4
83.3753 6
83.3753 4
83.3827 6
83.3827 4
83.4005 6
83.4005 4
83.4079 6
83.4079 4
83.4257 21.4793
83.4257 21.7597
83.4332 21.4095
83.452 21.1706
83.4584 20.8267
83.4681 20.7279
83.4741 20.5069
83.4807 18.9075
83.4896 20.7231
83.4956 20.4986
83.5042 20.4413
83.5113 20.3218
83.5185 20.1478
83.5256 19.9952
83.5328 19.8619
83.54 19.7452
83.5471 21.643
83.5544 21.5539
83.5618 21.4758
83.596 21.6008
83.6644 23.2169
83.7089 21.2169
83.7149 21.3633
83.7534 21.8764
83.918 23.8764
83.9492 21.8764
83.9973 21.922
84.1619 23.922
84.1932 21.922
84.4082 23.922
84.4407 21.922
84.5356 21.6913
84.651 23.6913
84.6822 21.6913
84.8817 23.6913
84.9093 21.6913
85.1148 23.6913
85.1472 21.6913
85.1809 20.857
85.3431 22.857
85.3767 20.857
85.432 21.1257
85.5702 23.1257
85.6014 21.1257
85.7925 23.1257
85.8189 21.1257
86.0172 23.1257
86.0436 21.1257
86.0941 21.4033
86.2347 23.4033
86.2671 21.4033
86.4678 23.4033
86.4942 21.4033
86.7009 23.4033
86.7273 21.4033
86.7598 20.857
86.7778 21.1257
86.9436 23.1257
86.9773 21.1257
87.1803 23.1257
87.2068 21.1257
87.4122 23.1257
87.4387 21.1257
87.4964 20.857
87.6453 22.857
87.6718 20.857
87.8712 22.857
87.8989 20.857
87.9626 21.1257
88.0923 23.1257
88.1188 21.1257
88.3182 23.1257
88.3459 21.1257
88.5465 23.1257
88.573 21.1257
88.6763 20.5967
88.7833 22.5967
88.8109 20.5967
88.8698 20.857
89.0188 22.857
89.0476 20.857
89.2507 22.857
89.2795 20.857
89.4874 22.857
89.515 20.857
89.7157 22.857
89.7445 20.857
89.819 20.5967
89.9572 22.5967
89.9849 20.5967
90.0437 20.857
90.1843 22.857
90.2108 20.857
90.2684 21.1257
90.4234 23.1257
90.4547 21.1257
90.6518 23.1257
90.683 21.1257
90.8873 23.1257
90.9173 21.1257
91.1252 23.1257
91.1528 21.1257
91.2009 21.4033
91.3595 23.4033
91.3895 21.4033
91.5962 23.4033
91.6262 21.4033
91.8281 23.4033
91.8558 21.4033
91.9266 20.857
92.06 22.857
92.0865 20.857
92.2919 22.857
92.3196 20.857
92.519 22.857
92.5491 20.857
92.757 22.857
92.7858 20.857
92.9817 22.857
93.0117 20.857
93.2088 22.857
93.2364 20.857
93.4347 22.857
93.4623 20.857
93.5632 22.857
93.5632 4
93.5704 6
93.5704 4
93.5764 6
93.5764 4
93.5837 6
93.5837 4
93.5885 6
93.5885 4
93.5933 6
93.5933 4
93.5981 6
93.5981 4
93.6029 6
93.6029 4
93.6077 6
93.6077 4
93.6137 6
93.6137 4
93.6326 6
93.6326 4
93.6397 6
93.6397 4
93.6574 6
93.6574 4
93.6648 6
93.6648 4
93.6823 6
93.6823 4
93.6899 6
93.6899 4
93.7072 6
93.7072 4
93.715 6
93.715 4
93.7321 6
93.7321 4
93.7401 6
93.7401 4
93.757 6
93.757 4
93.7652 6
93.7652 4
93.7819 6
93.7819 4
93.7903 6
93.7903 4
93.807 21.4793
93.807 22.6678
93.8162 22.3425
93.8328 21.9855
93.8405 21.8177
93.8465 21.5988
93.8531 21.4068
93.8602 21.239
93.8665 21.0193
93.8734 20.8273
93.8803 20.6595
93.8873 18.0104
93.8955 17.9634
93.901 19.8004
93.9082 19.7797
93.9308 19.7175
93.9372 20.9703
93.9444 20.9682
93.9516 20.9669
93.9576 20.9655
93.9648 20.9641
93.9708 20.9634
93.9768 20.9627
93.9828 20.962
94.0165 22.962
94.0213 23.0338
94.0934 21.0338
94.1006 21.3805
94.3097 23.3805
94.3421 21.3805
94.556 23.3805
94.5884 21.2341
94.6425 21.6506
94.7843 23.6506
94.8168 21.6506
95.015 23.6506
95.0415 21.6506
95.2505 23.6506
95.2794 21.6506
95.2986 21.4206
95.4872 23.4206
95.5149 21.4206
95.5726 20.3612
95.7264 22.3612
95.754 20.3612
95.8201 20.6133
95.9595 22.6133
95.9871 20.6133
96.1866 22.6133
96.219 20.6133
96.4245 22.6133
96.4545 20.6133
96.6612 22.6133
96.6925 20.6133
96.7742 20.3612
96.9003 22.3612
96.9304 20.3612
97.0505 19.8812
97.1443 21.8812
97.1731 19.8812
97.3774 21.8812
97.4086 19.8812
97.6213 21.8812
97.6549 19.8812
97.7294 19.6747
97.8592 21.6747
97.888 19.6747
98.0899 21.6747
98.1224 19.6747
98.3314 21.6747
98.3591 19.6747
98.4107 19.1941
98.5681 21.1941
98.597 19.1941
98.794 21.1941
98.8205 19.1941
99.0296 21.1941
99.062 19.1941
99.1089 19.4302
99.2711 21.4302
99.3035 19.4302
99.5042 21.4302
99.5366 19.4302
99.7469 21.4302
99.7782 19.4302
99.8539 19.1941
99.9764 21.1941
