0.1 4.08864
0.2 3.12
0.3 3.36
0.4 2.04
0.5 3.24
0.6 3.24
0.7 3.36
0.8 3.36
0.9 3.36
1 3.36
1.1 3.24
1.2 3.48
1.3 3.24
1.4 3.36
1.5 3.48
1.6 3.24
1.7 3.6
1.8 3.36
1.9 3.48
2 3.24
2.1 3.6
2.2 3.36
2.3 3.48
2.4 3.48
2.5 3.48
2.6 3.48
2.7 3.36
2.8 3.6
2.9 3.36
3 3.36
3.1 3.48
3.2 3.36
3.3 3.6
3.4 3.36
3.5 3.48
3.6 3.36
3.7 3.24
3.8 3.48
3.9 3.36
4 3.48
4.1 3.12
4.2 3.36
4.3 3.36
4.4 3.24
4.5 3.48
4.6 3.24
4.7 3.36
4.8 3.36
4.9 3.24
5 3.36
5.1 3.36
5.2 3.36
5.3 3.36
5.4 3.36
5.5 3.48
5.6 3.12
5.7 3.6
5.8 3.24
5.9 3.24
6 3.36
6.1 3.24
6.2 3.48
6.3 3.36
6.4 3.36
6.5 3.24
6.6 3.48
6.7 3.24
6.8 3.36
6.9 3.24
7 3.48
7.1 3.24
7.2 3.24
7.3 3.24
7.4 3.24
7.5 3.48
7.6 3.24
7.7 3.36
7.8 3.24
7.9 3.6
8 3
8.1 3.36
8.2 3.36
8.3 3.24
8.4 3.48
8.5 3.24
8.6 3.48
8.7 3.24
8.8 3.24
8.9 3.36
9 3.24
9.1 3.48
9.2 3.24
9.3 3.48
9.4 3.24
9.5 3.48
9.6 3.24
9.7 3.36
9.8 3.36
9.9 3.12
10 3.36
10.1 1.56
10.2 1.92
10.3 2.16
10.4 2.88
10.5 3.24
10.6 3
10.7 3
10.8 3.24
10.9 2.64
11 3
11.1 2.76
11.2 3.12
11.3 3.36
11.4 2.88
11.5 3.12
11.6 3
11.7 3.24
11.8 3.36
11.9 2.88
12 3.24
12.1 3
12.2 3.24
12.3 3.24
12.4 3
12.5 3.24
12.6 3
12.7 3.24
12.8 3
12.9 3.12
13 3.12
13.1 3
13.2 3.24
13.3 3.12
13.4 3
13.5 3.24
13.6 3
13.7 3.36
13.8 3
13.9 3.24
14 3.6
14.1 2.88
14.2 3.48
14.3 3.12
14.4 3.48
14.5 3.24
14.6 3.36
14.7 3.36
14.8 3.36
14.9 3.48
15 3.36
15.1 3.6
15.2 3.48
15.3 3.36
15.4 3.72
15.5 3.36
15.6 3.6
15.7 3.48
15.8 3.72
15.9 3.72
16 3.36
16.1 3.6
16.2 3.48
16.3 3.6
16.4 3.72
16.5 3.36
16.6 3.6
16.7 3.48
16.8 3.6
16.9 3.6
17 3.48
17.1 3.72
17.2 3.24
17.3 3.36
17.4 3.36
17.5 3.36
17.6 3.6
17.7 3.24
17.8 3.48
17.9 3.24
18 3.48
18.1 3.24
18.2 3.48
18.3 3.72
18.4 3.12
18.5 3.48
18.6 3.24
18.7 3.48
18.8 3.48
18.9 3.48
19 3.72
19.1 3.24
19.2 3.6
19.3 3.36
19.4 3.6
19.5 3.84
19.6 3.24
19.7 3.48
19.8 3.24
19.9 3.48
20 3.48
20.1 3.36
20.2 3.48
20.3 3.24
20.4 2.4
20.5 1.56
20.6 1.92
20.7 1.56
20.8 1.68
20.9 1.8
21 2.04
21.1 2.04
21.2 1.8
21.3 1.68
21.4 1.8
21.5 2.04
21.6 1.68
21.7 1.92
21.8 2.04
21.9 1.92
22 1.92
22.1 1.92
22.2 2.04
22.3 1.92
22.4 2.04
22.5 1.92
22.6 1.92
22.7 1.92
22.8 2.04
22.9 2.04
23 2.04
23.1 2.04
23.2 2.16
23.3 1.92
23.4 2.04
23.5 2.04
23.6 2.04
23.7 2.04
23.8 2.16
23.9 1.92
24 2.04
24.1 2.04
24.2 2.04
24.3 2.04
24.4 2.04
24.5 2.04
24.6 2.04
24.7 2.04
24.8 2.16
24.9 2.04
25 2.16
25.1 2.28
25.2 2.4
25.3 2.04
25.4 2.28
25.5 2.52
25.6 2.16
25.7 2.28
25.8 2.4
25.9 2.28
26 2.4
26.1 2.28
26.2 2.52
26.3 2.64
26.4 2.4
26.5 2.76
26.6 2.64
26.7 2.64
26.8 2.64
26.9 2.64
27 2.76
27.1 3
27.2 2.64
27.3 2.88
27.4 3
27.5 2.88
27.6 2.88
27.7 2.88
27.8 2.88
27.9 3.12
28 2.76
28.1 3
28.2 3.24
28.3 3
28.4 3.12
28.5 3.12
28.6 3.24
28.7 3.6
28.8 3.12
28.9 3.36
29 3.24
29.1 3.48
29.2 3.36
29.3 3.36
29.4 3.36
29.5 3.6
29.6 3.24
29.7 3.84
29.8 3.72
29.9 3.96
30 3.96
30.1 3.72
30.2 4.08
30.3 3.96
30.4 3.84
30.5 4.08
30.6 3.96
30.7 4.08
30.8 4.44
30.9 1.08
31 1.92
31.1 2.4
31.2 3.96
31.3 4.44
31.4 5.64
31.5 5.52
31.6 5.52
31.7 5.52
31.8 5.28
31.9 4.68
32 5.16
32.1 4.8
32.2 4.92
32.3 5.16
32.4 3.96
32.5 4.92
32.6 4.44
32.7 4.8
32.8 4.68
32.9 4.8
33 4.56
33.1 4.8
33.2 4.44
33.3 4.8
33.4 4.56
33.5 4.44
33.6 4.44
33.7 4.56
33.8 4.56
33.9 4.08
34 4.44
34.1 4.08
34.2 4.32
34.3 4.08
34.4 4.32
34.5 4.08
34.6 4.08
34.7 4.44
34.8 3.72
34.9 4.2
35 3.96
35.1 3.84
35.2 3.84
35.3 3.96
35.4 3.72
35.5 3.96
35.6 3.6
35.7 3.84
35.8 3.84
35.9 3.48
36 3.72
36.1 3.6
36.2 3.36
36.3 3.48
36.4 3.48
36.5 3.36
36.6 3.36
36.7 3.48
36.8 3.36
36.9 3.48
37 3
37.1 3.36
37.2 3.36
37.3 3.12
37.4 3.12
37.5 3.24
37.6 3.36
37.7 2.76
37.8 3.12
37.9 2.88
38 3.12
38.1 3
38.2 3
38.3 3
38.4 2.88
38.5 3.12
38.6 2.88
38.7 3
38.8 3.12
38.9 2.64
39 3
39.1 2.76
39.2 2.76
39.3 3
39.4 2.64
39.5 3
39.6 2.76
39.7 2.76
39.8 2.76
39.9 2.76
40 2.76
40.1 2.88
40.2 2.88
40.3 2.76
40.4 2.88
40.5 2.52
40.6 2.88
40.7 2.76
40.8 2.88
40.9 2.76
41 2.76
41.1 2.64
41.2 2.64
41.3 3
41.4 1.08
41.5 1.92
41.6 2.28
41.7 3.24
41.8 4.08
41.9 3.72
42 3.72
42.1 3.72
42.2 3.84
42.3 4.08
42.4 3.6
42.5 3.84
42.6 3.84
42.7 3.84
42.8 3.96
42.9 3.48
43 3.84
43.1 3.6
43.2 3.84
43.3 3.84
43.4 3.6
43.5 3.72
43.6 3.84
43.7 3.72
43.8 3.72
43.9 3.84
44 3.96
44.1 3.36
44.2 3.84
44.3 3.72
44.4 3.72
44.5 3.72
44.6 3.6
44.7 3.84
44.8 3.36
44.9 3.6
45 3.6
45.1 3.6
45.2 3.36
45.3 3.72
45.4 3.84
45.5 3.24
45.6 3.72
45.7 3.6
45.8 3.72
45.9 3.48
46 3.72
46.1 3.72
46.2 3.48
46.3 3.84
46.4 3.6
46.5 3.72
46.6 3.6
46.7 3.72
46.8 3.96
46.9 3.36
47 3.84
47.1 3.6
47.2 3.6
47.3 3.6
47.4 3.72
47.5 3.48
47.6 3.48
47.7 3.6
47.8 3.36
47.9 3.48
48 3.24
48.1 3.6
48.2 3.48
48.3 3.48
48.4 3.72
48.5 3.12
48.6 3.72
48.7 3.36
48.8 3.48
48.9 3.36
49 3.48
49.1 3.72
49.2 3.12
49.3 3.48
49.4 3.24
49.5 3.6
49.6 3.36
49.7 3.48
49.8 3.36
49.9 3.24
50 3.72
50.1 3.24
50.2 3.6
50.3 3.36
50.4 3.48
50.5 3.48
50.6 3.6
50.7 3.84
50.8 3.12
50.9 3.36
51 3.36
51.1 3.48
51.2 3.36
51.3 3.36
51.4 3.6
51.5 3.12
51.6 3.48
51.7 3.36
51.8 1.44
51.9 1.92
52 2.28
52.1 3.72
52.2 4.68
52.3 4.08
52.4 4.2
52.5 4.2
52.6 4.2
52.7 4.32
52.8 3.84
52.9 3.84
53 3.72
53.1 3.96
53.2 3.84
53.3 3.6
53.4 3.72
53.5 3.6
53.6 3.72
53.7 3.36
53.8 3.84
53.9 3.36
54 3.72
54.1 3.72
54.2 3.36
54.3 3.6
54.4 3.48
54.5 3.48
54.6 3.48
54.7 3.6
54.8 3.36
54.9 3.48
55 3.6
55.1 3.12
55.2 3.36
55.3 3.36
55.4 3.48
55.5 3.12
55.6 3.48
55.7 3.72
55.8 3.12
55.9 3.48
56 3.24
56.1 3.6
56.2 3.24
56.3 3.6
56.4 3.36
56.5 3.48
56.6 3.72
56.7 3.12
56.8 3.6
56.9 3.24
57 3.6
57.1 3.24
57.2 3.48
57.3 3.6
57.4 3.24
57.5 3.48
57.6 3.24
57.7 3.24
57.8 3.24
57.9 3.36
58 3.36
58.1 3.12
58.2 3.12
58.3 3.24
58.4 3.24
58.5 3
58.6 3.36
58.7 3.36
58.8 2.88
58.9 3.24
59 3
59.1 3.24
59.2 3.24
59.3 3
59.4 3.24
59.5 3.12
59.6 3.12
59.7 3.12
59.8 3.24
59.9 3.48
60 2.88
60.1 3.24
60.2 3
60.3 3.12
60.4 3.12
60.5 3.24
60.6 3.24
60.7 3
60.8 3
60.9 3.12
61 3.24
61.1 3.24
61.2 3.12
61.3 3.36
61.4 3.12
61.5 3.24
61.6 3.12
61.7 3.36
61.8 3.36
61.9 3
62 3.24
62.1 3
62.2 1.44
62.3 1.92
62.4 2.16
62.5 3
62.6 3.6
62.7 3.12
62.8 3.24
62.9 3.24
63 3.12
63.1 3.36
63.2 3.24
63.3 3.24
63.4 3.36
63.5 3.36
63.6 3.6
63.7 3.24
63.8 3.48
63.9 3.24
64 3.48
64.1 3.36
64.2 3.36
64.3 3.6
64.4 3.24
64.5 3.48
64.6 3.12
64.7 3.6
64.8 3.24
64.9 3.48
65 3.72
65.1 3.12
65.2 3.48
65.3 3.24
65.4 3.48
65.5 3.72
65.6 3.12
65.7 3.36
65.8 3.36
65.9 3.6
66 3.36
66.1 3.36
66.2 3.36
66.3 3.36
66.4 3.48
66.5 3.48
66.6 3.48
66.7 3.48
66.8 3.36
66.9 3.48
67 3.36
67.1 3.48
67.2 3.6
67.3 3.12
67.4 3.36
67.5 3.24
67.6 3.36
67.7 3.6
67.8 3.12
67.9 3.48
68 3.24
68.1 3.48
68.2 3.6
68.3 3.24
68.4 3.6
68.5 3.48
68.6 3.6
68.7 3.36
68.8 3.6
68.9 3.72
69 3.12
69.1 3.6
69.2 3.24
69.3 3.6
69.4 3.36
69.5 3.36
69.6 3.48
69.7 3.36
69.8 3.48
69.9 3.24
70 3.6
70.1 3.72
70.2 3.12
70.3 3.72
70.4 3.36
70.5 3.72
70.6 3.6
70.7 3.48
70.8 3.6
70.9 3.6
71 3.6
71.1 3.36
71.2 3.72
71.3 3.72
71.4 3.36
71.5 3.6
71.6 3.6
71.7 3.6
71.8 3.84
71.9 3.36
72 3.6
72.1 3.48
72.2 3.6
72.3 3.84
72.4 3.36
72.5 3.6
72.6 1.2
72.7 1.92
72.8 2.16
72.9 3.12
73 3.48
73.1 3.84
73.2 4.08
73.3 4.56
73.4 5.88
73.5 4.8
73.6 5.28
73.7 5.04
73.8 5.16
73.9 4.8
74 4.68
74.1 4.56
74.2 4.56
74.3 4.56
74.4 4.44
74.5 4.32
74.6 4.56
74.7 4.68
74.8 3.96
74.9 4.44
75 4.2
75.1 4.2
75.2 4.08
75.3 4.2
75.4 4.08
75.5 3.96
75.6 3.96
75.7 3.96
75.8 4.32
75.9 3.6
76 3.96
76.1 3.6
76.2 3.84
76.3 3.72
76.4 3.84
76.5 3.6
76.6 3.72
76.7 3.84
76.8 3.36
76.9 3.6
77 3.6
77.1 3.48
77.2 3.6
77.3 3.6
77.4 3.36
77.5 3.72
77.6 3.36
77.7 3.6
77.8 3.84
77.9 3.24
78 3.48
78.1 3.36
78.2 3.6
78.3 3.36
78.4 3.48
78.5 3.48
78.6 3.24
78.7 3.72
78.8 3.12
78.9 3.48
79 3.36
79.1 3.24
79.2 3.36
79.3 3.36
79.4 3.24
79.5 3.36
79.6 3.48
79.7 3
79.8 3.24
79.9 3.24
80 3.12
80.1 3.12
80.2 3.24
80.3 3.24
80.4 3.12
80.5 3.36
80.6 3
80.7 3.36
80.8 3.12
80.9 3.36
81 3.12
81.1 3.36
81.2 3.48
81.3 3
81.4 3.24
81.5 3.12
81.6 3.24
81.7 3.12
81.8 3.12
81.9 3.36
82 2.76
82.1 3.24
82.2 2.88
82.3 3.12
82.4 3.24
82.5 2.88
82.6 3.12
82.7 3.12
82.8 3.12
82.9 3
83 3.12
83.1 3.24
83.2 2.88
83.3 3.24
83.4 1.92
83.5 1.8
83.6 2.64
83.7 2.4
83.8 2.16
83.9 2.16
84 2.4
84.1 1.92
84.2 2.28
84.3 2.16
84.4 2.28
84.5 2.52
84.6 2.28
84.7 2.4
84.8 2.28
84.9 2.4
85 2.64
85.1 2.16
85.2 2.28
85.3 2.4
85.4 2.28
85.5 2.52
85.6 2.28
85.7 2.4
85.8 2.4
85.9 2.4
86 2.52
86.1 2.28
86.2 2.4
86.3 2.4
86.4 2.4
86.5 2.4
86.6 2.4
86.7 2.4
86.8 2.4
86.9 2.4
87 2.4
87.1 2.4
87.2 2.64
87.3 2.28
87.4 2.52
87.5 2.52
87.6 2.52
87.7 2.4
87.8 2.52
87.9 2.52
88 2.52
88.1 2.52
88.2 2.52
88.3 2.52
88.4 2.64
88.5 2.4
88.6 2.52
88.7 2.52
88.8 2.64
88.9 2.76
89 2.52
89.1 2.76
89.2 2.52
89.3 2.88
89.4 2.76
89.5 2.88
89.6 3.12
89.7 2.52
89.8 2.88
89.9 2.76
90 3
90.1 3.12
90.2 2.76
90.3 3.12
90.4 2.88
90.5 3.12
90.6 2.88
90.7 3
90.8 3.12
90.9 2.76
91 3.12
91.1 2.88
91.2 3.12
91.3 3.24
91.4 2.88
91.5 3.12
91.6 3
91.7 3.24
91.8 3.36
91.9 3.12
92 3.24
92.1 3.24
92.2 3.36
92.3 3.24
92.4 3.36
92.5 3.36
92.6 3.12
92.7 3.24
92.8 3.24
92.9 3.48
93 3.36
93.1 3.36
93.2 3.6
93.3 3.12
93.4 3.48
93.5 3.36
93.6 2.28
93.7 1.8
93.8 1.92
93.9 2.64
94 3.6
94.1 3.96
94.2 3.24
94.3 3.48
94.4 3.36
94.5 3.48
94.6 3.48
94.7 3.6
94.8 3.72
94.9 3.48
95 3.6
95.1 3.24
95.2 3.6
95.3 3.72
95.4 3.12
95.5 3.36
95.6 3.24
95.7 3.6
95.8 3.48
95.9 3.24
96 3.6
96.1 3.24
96.2 3.48
96.3 3.24
96.4 3.48
96.5 3.36
96.6 3.24
96.7 3.36
96.8 3.24
96.9 3.36
97 3.12
97.1 3.6
97.2 3.48
97.3 3.12
97.4 3.48
97.5 3.24
97.6 3.48
97.7 3.36
97.8 3.36
97.9 3.48
98 3.24
98.1 3.36
98.2 3.24
98.3 3.48
98.4 3.6
98.5 3
98.6 3.36
98.7 3.24
98.8 3.48
98.9 3.24
99 3.36
99.1 3.6
99.2 3.24
99.3 3.36
99.4 3.24
99.5 3.6
99.6 3.36
99.7 3.36
99.8 3.6
99.9 3.36
100 3.6
