0.1 4.08864
0.2 3.36
0.3 3.12
0.4 2.16
0.5 3.24
0.6 3.36
0.7 3.24
0.8 3.48
0.9 3.12
1 3.36
1.1 3.24
1.2 3.24
1.3 3.24
1.4 3.12
1.5 3.36
1.6 3
1.7 3.36
1.8 3.12
1.9 3.24
2 3
2.1 3.12
2.2 3.12
2.3 3
2.4 3.12
2.5 3.12
2.6 3.24
2.7 3
2.8 3.24
2.9 3
3 3.36
3.1 2.88
3.2 3.24
3.3 3
3.4 3.36
3.5 3
3.6 3.36
3.7 3.24
3.8 3.24
3.9 3.36
4 3.24
4.1 3.36
4.2 3.36
4.3 3.36
4.4 3.24
4.5 3.36
4.6 3.24
4.7 3.24
4.8 3.36
4.9 3.36
5 3.36
5.1 3.36
5.2 3.36
5.3 3.36
5.4 3.36
5.5 3.24
5.6 3.48
5.7 3.12
5.8 3.24
5.9 3.24
6 3.36
6.1 3.24
6.2 3.12
6.3 3.36
6.4 3.24
6.5 3.36
6.6 3.36
6.7 3.36
6.8 3.24
6.9 3.48
7 3.24
7.1 3.24
7.2 3.48
7.3 3.24
7.4 3.48
7.5 3.36
7.6 3.24
7.7 3.48
7.8 3.24
7.9 3.36
8 3.36
8.1 3.12
8.2 3.6
8.3 2.88
8.4 3.48
8.5 3.24
8.6 3.24
8.7 3.24
8.8 3.36
8.9 3.24
9 3.36
9.1 3.36
9.2 3.24
9.3 3.6
9.4 2.88
9.5 3.48
9.6 3.24
9.7 3.24
9.8 3.48
9.9 3.24
10 3.36
10.1 1.68
10.2 1.92
10.3 2.28
10.4 3.6
10.5 4.32
10.6 3.72
10.7 3.84
10.8 3.96
10.9 3.84
11 3.96
11.1 3.48
11.2 3.6
11.3 3.36
11.4 3.6
11.5 3.84
11.6 3.24
11.7 3.6
11.8 3.24
11.9 3.48
12 3.72
12.1 3.12
12.2 3.36
12.3 3.36
12.4 3.48
12.5 3.48
12.6 3.12
12.7 3.48
12.8 3.24
12.9 3.36
13 3.36
13.1 3.24
13.2 3.48
13.3 3.48
13.4 3.36
13.5 3.36
13.6 3.48
13.7 3.6
13.8 3.24
13.9 3.48
14 3.36
14.1 3.36
14.2 3.36
14.3 3.36
14.4 3.48
14.5 3.12
14.6 3.48
14.7 3.24
14.8 3.24
14.9 3.48
15 3.12
15.1 3.24
15.2 3.12
15.3 3.36
15.4 3.24
15.5 3.12
15.6 3.36
15.7 3.12
15.8 3.24
15.9 3.12
16 3.24
16.1 3.24
16.2 3.24
16.3 3.24
16.4 3.12
16.5 3.24
16.6 3.48
16.7 3
16.8 3.24
16.9 3.12
17 3.12
17.1 3.24
17.2 3
17.3 3.24
17.4 3
17.5 3.24
17.6 3.24
17.7 3.12
17.8 3.36
17.9 3
18 3.36
18.1 3.12
18.2 3.24
18.3 3.36
18.4 3
18.5 3.24
18.6 3
18.7 3.12
18.8 3.24
18.9 2.76
19 3.24
19.1 3
19.2 3.24
19.3 3.36
19.4 2.64
19.5 3.12
19.6 3
19.7 3.24
19.8 3.36
19.9 3
20 3.24
20.1 3.12
20.2 3.36
20.3 3.48
20.4 1.92
20.5 1.56
20.6 1.92
20.7 2.64
20.8 3.6
20.9 3.96
21 3.72
21.1 3.6
21.2 3.72
21.3 3.48
21.4 3.72
21.5 3.36
21.6 3.48
21.7 3.24
21.8 3.48
21.9 3.24
22 3.48
22.1 3.48
22.2 3.12
22.3 3.24
22.4 3.36
22.5 3.36
22.6 3.36
22.7 3.48
22.8 3.48
22.9 3.24
23 3.36
23.1 3.36
23.2 3.36
23.3 3.24
23.4 3.48
23.5 3.48
23.6 3.36
23.7 3.72
23.8 3.36
23.9 3.6
24 3.36
24.1 3.6
24.2 3.48
24.3 3.72
24.4 3.84
24.5 3.48
24.6 3.72
24.7 3.48
24.8 3.84
24.9 3.48
25 3.72
25.1 3.6
25.2 3.48
25.3 3.84
25.4 3.48
25.5 3.72
25.6 3.36
25.7 3.84
25.8 3.6
25.9 3.6
26 3.96
26.1 3.36
26.2 3.72
26.3 3.6
26.4 3.72
26.5 3.48
26.6 3.72
26.7 3.72
26.8 3.36
26.9 3.6
27 3.48
27.1 3.6
27.2 3.24
27.3 3.6
27.4 3.36
27.5 3.48
27.6 3.72
27.7 3.36
27.8 3.6
27.9 3.48
28 3.48
28.1 3.48
28.2 3.6
28.3 3.48
28.4 3.36
28.5 3.6
28.6 3.12
28.7 3.48
28.8 3.24
28.9 3.48
29 3.12
29.1 3.48
29.2 3.72
29.3 2.76
29.4 3.48
29.5 3.12
29.6 3.36
29.7 3.24
29.8 3.36
29.9 3.36
30 2.88
30.1 3.12
30.2 3.24
30.3 3
30.4 2.88
30.5 3
30.6 3.12
30.7 3
30.8 3
30.9 1.44
31 1.92
31.1 1.92
31.2 2.16
31.3 2.28
31.4 2.64
31.5 2.76
31.6 2.52
31.7 2.52
31.8 2.64
31.9 2.28
32 2.52
32.1 2.4
32.2 2.52
32.3 2.52
32.4 2.4
32.5 2.64
32.6 2.76
32.7 2.28
32.8 2.64
32.9 2.64
33 2.52
33.1 2.52
33.2 2.64
33.3 2.64
33.4 2.64
33.5 2.52
33.6 2.64
33.7 2.88
33.8 2.52
33.9 2.76
34 2.64
34.1 2.64
34.2 2.88
34.3 2.64
34.4 2.88
34.5 2.88
34.6 2.76
34.7 2.88
34.8 2.88
34.9 3
35 3.12
35.1 3
35.2 3.12
35.3 3.12
35.4 3.12
35.5 3.12
35.6 3
35.7 3.24
35.8 3.24
35.9 3
36 3.24
36.1 3.24
36.2 3.24
36.3 3.36
36.4 3
36.5 3.36
36.6 3.24
36.7 3.36
36.8 3.6
36.9 3.12
37 3.36
37.1 3.36
37.2 3.36
37.3 3.36
37.4 3.36
37.5 3.48
37.6 3.36
37.7 3.48
37.8 3.84
37.9 3.12
38 3.48
38.1 3.36
38.2 3.48
38.3 3.72
38.4 3.24
38.5 3.6
38.6 3.48
38.7 3.6
38.8 3.72
38.9 3.48
39 3.96
39.1 3.72
39.2 3.72
39.3 3.84
39.4 3.6
39.5 3.96
39.6 3.96
39.7 3.72
39.8 3.84
39.9 3.72
40 3.96
40.1 3.96
40.2 3.48
40.3 3.84
40.4 3.6
40.5 3.96
40.6 4.08
40.7 3.36
40.8 3.84
40.9 3.6
41 3.84
41.1 4.2
41.2 3.36
41.3 3.96
41.4 1.32
41.5 1.92
41.6 2.28
41.7 3.72
41.8 4.2
41.9 3.84
42 3.84
42.1 3.96
42.2 3.72
42.3 4.2
42.4 3.6
42.5 3.84
42.6 3.72
42.7 3.84
42.8 3.96
42.9 3.6
43 3.84
43.1 3.6
43.2 3.84
43.3 3.84
43.4 3.72
43.5 3.96
43.6 3.72
43.7 3.84
43.8 3.96
43.9 3.84
44 4.2
44.1 3.6
44.2 3.96
44.3 3.84
44.4 4.08
44.5 3.84
44.6 3.84
44.7 4.08
44.8 3.48
44.9 3.84
45 3.72
45.1 3.84
45.2 3.72
45.3 3.72
45.4 3.96
45.5 3.36
45.6 3.72
45.7 3.6
45.8 3.84
45.9 3.48
46 3.84
46.1 3.84
46.2 3.24
46.3 3.6
46.4 3.6
46.5 3.72
46.6 3.48
46.7 3.72
46.8 3.84
46.9 3.36
47 3.84
47.1 3.48
47.2 3.6
47.3 3.48
47.4 3.6
47.5 3.48
47.6 3.6
47.7 3.72
47.8 3.24
47.9 3.72
48 3.36
48.1 3.72
48.2 3.24
48.3 3.48
48.4 3.36
48.5 3.24
48.6 3.48
48.7 3.36
48.8 3.36
48.9 3.36
49 3.48
49.1 3.36
49.2 3.48
49.3 3.6
49.4 3.24
49.5 3.6
49.6 3.36
49.7 3.48
49.8 3.36
49.9 3.48
50 3.36
50.1 3.36
50.2 3.84
50.3 3
50.4 3.36
50.5 3.24
50.6 3.36
50.7 3.24
50.8 3.36
50.9 3.6
51 3.12
51.1 3.48
51.2 3.36
51.3 3.48
51.4 3.36
51.5 3.36
51.6 3.72
51.7 3.12
51.8 1.2
51.9 1.92
52 2.16
52.1 3.36
52.2 4.2
52.3 3.72
52.4 3.72
52.5 3.72
52.6 3.84
52.7 3.84
52.8 3.6
52.9 3.6
53 3.48
53.1 3.6
53.2 3.6
53.3 3.48
53.4 3.6
53.5 3.48
53.6 3.84
53.7 3.24
53.8 3.72
53.9 3.48
54 3.6
54.1 3.48
54.2 3.24
54.3 3.72
54.4 3.48
54.5 3.6
54.6 3.48
54.7 3.72
54.8 3.6
54.9 3.6
55 3.48
55.1 3.48
55.2 3.84
55.3 3.12
55.4 3.6
55.5 3.36
55.6 3.6
55.7 3.36
55.8 3.48
55.9 3.48
56 3.24
56.1 3.72
56.2 3.12
56.3 3.48
56.4 3.36
56.5 3.36
56.6 3.36
56.7 3.36
56.8 3.72
56.9 3.24
57 3.48
57.1 3.36
57.2 3.48
57.3 3.36
57.4 3.48
57.5 3.48
57.6 3.12
57.7 3.36
57.8 3.36
57.9 3.24
58 3.24
58.1 3.36
58.2 3.36
58.3 3.24
58.4 3.6
58.5 3.12
58.6 3.48
58.7 3.24
58.8 3.36
58.9 3.48
59 3.24
59.1 3.48
59.2 3.24
59.3 3.36
59.4 3.36
59.5 3.36
59.6 3.72
59.7 3.12
59.8 3.48
59.9 3.36
60 3.36
60.1 3.24
60.2 3.6
60.3 3.36
60.4 3.48
60.5 3.48
60.6 3.36
60.7 3.6
60.8 3.24
60.9 3.48
61 3.36
61.1 3.36
61.2 3.48
61.3 3.24
61.4 3.36
61.5 3.48
61.6 3.36
61.7 3.36
61.8 3.48
61.9 3.36
62 3.24
62.1 3.24
62.2 1.2
62.3 1.92
62.4 2.4
62.5 3.24
62.6 4.32
62.7 3.48
62.8 3.84
62.9 3.72
63 3.84
63.1 3.84
63.2 3.6
63.3 3.96
63.4 3.36
63.5 3.72
63.6 3.6
63.7 3.48
63.8 3.48
63.9 3.36
64 3.72
64.1 3.24
64.2 3.48
64.3 3.36
64.4 3.36
64.5 3.36
64.6 3.36
64.7 3.72
64.8 3.12
64.9 3.48
65 3.24
65.1 3.48
65.2 3.36
65.3 3.48
65.4 3.72
65.5 3.12
65.6 3.36
65.7 3.48
65.8 3.36
65.9 3.36
66 3.36
66.1 3.6
66.2 3.12
66.3 3.24
66.4 3.36
66.5 3.36
66.6 3.24
66.7 3.36
66.8 3.48
66.9 3.12
67 3.48
67.1 3.36
67.2 3.72
67.3 3.24
67.4 3.72
67.5 3.6
67.6 3.48
67.7 3.48
67.8 3.48
67.9 3.48
68 3.24
68.1 3.6
68.2 3.36
68.3 3.6
68.4 3.6
68.5 3
68.6 3.48
68.7 3.24
68.8 3.48
68.9 3.24
69 3.36
69.1 3.48
69.2 3.24
69.3 3.6
69.4 3.24
69.5 3.6
69.6 3.48
69.7 3.24
69.8 3.6
69.9 3.24
70 3.48
70.1 3.36
70.2 3.48
70.3 3.48
70.4 3.36
70.5 3.6
70.6 3.24
70.7 3.48
70.8 3.24
70.9 3.48
71 3.36
71.1 3.6
71.2 3.48
71.3 3.12
71.4 3.48
71.5 3.36
71.6 3.36
71.7 3.36
71.8 3.48
71.9 3.6
72 3.24
72.1 3.36
72.2 3.36
72.3 3.48
72.4 3.6
72.5 3.24
72.6 1.32
72.7 1.92
72.8 2.16
72.9 1.8
73 2.4
73.1 2.64
73.2 2.52
73.3 2.64
73.4 2.52
73.5 2.76
73.6 2.28
73.7 2.64
73.8 2.52
73.9 2.64
74 2.76
74.1 2.4
74.2 2.64
74.3 2.52
74.4 2.52
74.5 2.76
74.6 2.52
74.7 2.76
74.8 2.76
74.9 2.64
75 2.76
75.1 2.76
75.2 2.88
75.3 3
75.4 2.64
75.5 2.88
75.6 3
75.7 3
75.8 3.24
75.9 2.76
76 3
76.1 2.88
76.2 3
76.3 3.36
76.4 2.52
76.5 3.12
76.6 3
76.7 3.36
76.8 3.24
76.9 3.12
77 3.24
77.1 3.12
77.2 3.24
77.3 3.36
77.4 3.12
77.5 3.36
77.6 3.12
77.7 3.24
77.8 3.24
77.9 3.12
78 3.36
78.1 3.24
78.2 3.24
78.3 3.36
78.4 3.24
78.5 3.48
78.6 3.24
78.7 3.36
78.8 3.24
78.9 3.48
79 3.36
79.1 3.24
79.2 3.48
79.3 3.48
79.4 3.48
79.5 3.36
79.6 3.48
79.7 3.6
79.8 3.24
79.9 3.36
80 3.36
80.1 3.72
80.2 3.84
80.3 3.24
80.4 3.6
80.5 3.48
80.6 3.6
80.7 3.84
80.8 3.12
80.9 3.72
81 3.24
81.1 3.6
81.2 3.48
81.3 3.48
81.4 3.72
81.5 3.48
81.6 3.96
81.7 3.72
81.8 3.84
81.9 3.84
82 3.6
82.1 3.84
82.2 3.72
82.3 3.84
82.4 3.96
82.5 3.6
82.6 3.84
82.7 3.72
82.8 3.96
82.9 4.08
83 3.48
83.1 3.84
83.2 2.4
83.3 1.68
83.4 1.92
83.5 3.48
83.6 3.84
83.7 4.56
83.8 3.84
83.9 4.2
84 4.08
84.1 4.08
84.2 4.32
84.3 3.96
84.4 4.08
84.5 4.08
84.6 4.08
84.7 3.84
84.8 4.08
84.9 3.96
85 3.84
85.1 3.96
85.2 3.72
85.3 4.08
85.4 3.84
85.5 4.08
85.6 4.08
85.7 3.96
85.8 3.96
85.9 3.84
86 4.08
86.1 3.84
86.2 4.08
86.3 4.08
86.4 3.6
86.5 3.96
86.6 3.72
86.7 4.08
86.8 3.72
86.9 4.08
87 4.2
87.1 3.6
87.2 4.08
87.3 3.6
87.4 4.08
87.5 3.84
87.6 3.72
87.7 4.08
87.8 3.72
87.9 4.08
88 3.72
88.1 4.08
88.2 4.2
88.3 3.6
88.4 3.84
88.5 3.84
88.6 3.84
88.7 3.84
88.8 3.96
88.9 4.2
89 3.48
89.1 3.84
89.2 3.72
89.3 3.96
89.4 3.6
89.5 3.72
89.6 3.72
89.7 3.6
89.8 3.84
89.9 3.48
90 3.6
90.1 3.48
90.2 3.6
90.3 3.72
90.4 3.24
90.5 3.48
90.6 3.48
90.7 3.36
90.8 3.36
90.9 3.6
91 3.36
91.1 3.36
91.2 3.6
91.3 3.24
91.4 3.48
91.5 3.24
91.6 3.36
91.7 3
91.8 3.36
91.9 3.36
92 3
92.1 3.12
92.2 3.12
92.3 3.36
92.4 3.48
92.5 3
92.6 3.24
92.7 3.24
92.8 3.36
92.9 3.24
93 3.24
93.1 3.48
93.2 3
93.3 3.24
93.4 3.12
93.5 3.24
93.6 0.96
93.7 1.8
93.8 2.16
93.9 2.64
94 3.12
94.1 3.6
94.2 2.76
94.3 2.88
94.4 3
94.5 3
94.6 3
94.7 3
94.8 3
94.9 3.12
95 2.88
95.1 3
95.2 3
95.3 3
95.4 3
95.5 3
95.6 3
95.7 3
95.8 3.36
95.9 3.12
96 3.24
96.1 3.36
96.2 3
96.3 3.36
96.4 3.24
96.5 3.48
96.6 3.36
96.7 3.24
96.8 3.48
96.9 3.24
97 3.24
97.1 3.36
97.2 3.48
97.3 3.6
97.4 3.12
97.5 3.36
97.6 3.36
97.7 3.48
97.8 3.36
97.9 3.48
98 3.6
98.1 3.48
98.2 3.48
98.3 3.36
98.4 3.6
98.5 3.72
98.6 3.24
98.7 3.48
98.8 3.48
98.9 3.36
99 3.84
99.1 3.12
99.2 3.48
99.3 3.36
99.4 3.36
99.5 3.6
99.6 3.24
99.7 3.6
99.8 3.36
99.9 3.24
100 3.36
