0.1 4.56864
0.2 3.36
0.3 3.6
0.4 2.16
0.5 3.48
0.6 3.48
0.7 3.6
0.8 3.84
0.9 3.48
1 3.6
1.1 3.6
1.2 3.6
1.3 3.48
1.4 3.6
1.5 3.6
1.6 3.12
1.7 3.72
1.8 3.12
1.9 3.48
2 3.36
2.1 3.48
2.2 3.36
2.3 3.48
2.4 3.36
2.5 3.36
2.6 3.6
2.7 3.36
2.8 3.48
2.9 3.36
3 3.48
3.1 3.48
3.2 3.36
3.3 3.48
3.4 3.36
3.5 3.72
3.6 3.12
3.7 3.24
3.8 3.48
3.9 3.36
4 3.36
4.1 3.36
4.2 3.36
4.3 3.24
4.4 3.48
4.5 3.24
4.6 3.24
4.7 3.36
4.8 3.24
4.9 3.36
5 3.24
5.1 3.48
5.2 3.24
5.3 3.36
5.4 3.36
5.5 3.36
5.6 3.24
5.7 3.36
5.8 3.36
5.9 3.24
6 3.48
6.1 3.24
6.2 3.48
6.3 3.36
6.4 3.48
6.5 3.24
6.6 3.72
6.7 3
6.8 3.36
6.9 3.36
7 3.24
7.1 3.48
7.2 3.24
7.3 3.36
7.4 3.24
7.5 3.36
7.6 3.24
7.7 3.36
7.8 3.48
7.9 3.48
8 3.12
8.1 3.36
8.2 3.48
8.3 3.24
8.4 3.48
8.5 3.36
8.6 3.6
8.7 3.12
8.8 3.48
8.9 3.24
9 3.36
9.1 3.48
9.2 3.24
9.3 3.48
9.4 3.24
9.5 3.6
9.6 3.12
9.7 3.24
9.8 3.48
9.9 3.24
10 3.48
10.1 1.56
10.2 1.92
10.3 2.28
10.4 3.72
10.5 3.96
10.6 3.72
10.7 3.72
10.8 3.72
10.9 3.6
11 3.6
11.1 3.36
11.2 3.84
11.3 3.12
11.4 3.36
11.5 3.36
11.6 3.36
11.7 3.24
11.8 3.48
11.9 3.6
12 3.12
12.1 3.48
12.2 3.36
12.3 3.6
12.4 3.48
12.5 3.6
12.6 3.48
12.7 3.6
12.8 3.6
12.9 3.24
13 3.6
13.1 3.24
13.2 3.72
13.3 3.36
13.4 3.48
13.5 3.48
13.6 3.48
13.7 3.6
13.8 3.12
13.9 3.48
14 3.36
14.1 3.36
14.2 3.48
14.3 3.24
14.4 3.6
14.5 3
14.6 3.36
14.7 3.12
14.8 3.24
14.9 3.24
15 3.36
15.1 3.48
15.2 3
15.3 3.36
15.4 3.12
15.5 3.24
15.6 3.12
15.7 3.36
15.8 3.48
15.9 3
16 3.24
16.1 3.12
16.2 3.24
16.3 3.12
16.4 3.36
16.5 3.24
16.6 3.12
16.7 3.24
16.8 3.24
16.9 3.48
17 3.24
17.1 3.48
17.2 3.36
17.3 3.36
17.4 3.48
17.5 3.24
17.6 3.48
17.7 3.24
17.8 3.6
17.9 3.36
18 3.36
18.1 3.6
18.2 3.12
18.3 3.6
18.4 3.24
18.5 3.6
18.6 3.24
18.7 3.48
18.8 3.84
18.9 3.12
19 3.6
19.1 3.36
19.2 3.36
19.3 3.24
19.4 3.48
19.5 3.36
19.6 3.36
19.7 3.48
19.8 3.36
19.9 3.48
20 3.24
20.1 3.36
20.2 3.36
20.3 3.36
20.4 2.64
20.5 1.44
20.6 1.92
20.7 2.88
20.8 3.84
20.9 5.28
21 4.92
21.1 5.04
21.2 4.92
21.3 5.04
21.4 5.16
21.5 4.8
21.6 5.04
21.7 4.32
21.8 4.92
21.9 4.44
22 4.8
22.1 4.44
22.2 4.8
22.3 5.04
22.4 4.32
22.5 4.8
22.6 4.44
22.7 4.8
22.8 4.56
22.9 4.68
23 4.8
23.1 4.08
23.2 4.68
23.3 4.44
23.4 4.8
23.5 4.32
23.6 4.56
23.7 4.56
23.8 4.32
23.9 4.8
24 4.2
24.1 4.44
24.2 4.32
24.3 4.56
24.4 4.32
24.5 4.32
24.6 4.32
24.7 4.08
24.8 4.56
24.9 4.08
25 4.08
25.1 4.08
25.2 4.2
25.3 4.08
25.4 4.2
25.5 4.44
25.6 3.6
25.7 4.08
25.8 3.84
25.9 4.08
26 3.84
26.1 4.08
26.2 4.08
26.3 3.72
26.4 4.08
26.5 3.72
26.6 3.72
26.7 3.72
26.8 3.84
26.9 3.96
27 3.36
27.1 3.72
27.2 3.6
27.3 3.72
27.4 3.6
27.5 3.48
27.6 3.96
27.7 3.12
27.8 3.72
27.9 3.48
28 3.6
28.1 3.48
28.2 3.6
28.3 3.36
28.4 3.48
28.5 3.48
28.6 3.36
28.7 3.36
28.8 3.24
28.9 3.48
29 3.24
29.1 3.24
29.2 3.24
29.3 3
29.4 3.48
29.5 3.12
29.6 3.12
29.7 3.36
29.8 2.88
29.9 3.12
30 2.76
30.1 3
30.2 3.24
30.3 2.76
30.4 3.12
30.5 2.88
30.6 3
30.7 2.88
30.8 3
30.9 1.32
31 1.8
31.1 1.92
31.2 2.16
31.3 2.28
31.4 2.64
31.5 2.88
31.6 2.64
31.7 2.64
31.8 2.76
31.9 2.64
32 2.64
32.1 2.76
32.2 2.52
32.3 2.64
32.4 2.52
32.5 2.64
32.6 2.76
32.7 2.64
32.8 2.76
32.9 3
33 2.64
33.1 2.88
33.2 2.76
33.3 2.76
33.4 2.88
33.5 2.76
33.6 3
33.7 3
33.8 2.76
33.9 3
34 3.12
34.1 2.88
34.2 3
34.3 3
34.4 3
34.5 3.12
34.6 2.76
34.7 3
34.8 3
34.9 3
35 3.24
35.1 3
35.2 3.12
35.3 3.12
35.4 3
35.5 3.12
35.6 3.12
35.7 3.12
35.8 3.12
35.9 3.12
36 3.24
36.1 3.12
36.2 3.24
36.3 3.36
36.4 3.12
36.5 3.24
36.6 3.24
36.7 3.36
36.8 3.48
36.9 3.24
37 3.36
37.1 3.24
37.2 3.36
37.3 3.6
37.4 3.24
37.5 3.6
37.6 3.36
37.7 3.6
37.8 3.72
37.9 3.24
38 3.6
38.1 3.36
38.2 3.48
38.3 3.6
38.4 3.36
38.5 3.36
38.6 3.6
38.7 3.36
38.8 3.6
38.9 3.36
39 3.48
39.1 3.48
39.2 3.36
39.3 3.48
39.4 3.24
39.5 3.48
39.6 3.48
39.7 3.24
39.8 3.36
39.9 3.36
40 3.48
40.1 3.72
40.2 3
40.3 3.48
40.4 3.36
40.5 3.48
40.6 3.72
40.7 3.12
40.8 3.48
40.9 3.24
41 3.48
41.1 3.48
41.2 3.12
41.3 3.36
41.4 1.32
41.5 1.92
41.6 2.04
41.7 3
41.8 2.88
41.9 2.88
42 2.64
42.1 2.88
42.2 2.52
42.3 2.64
42.4 2.4
42.5 2.52
42.6 2.52
42.7 2.52
42.8 2.64
42.9 2.28
43 2.4
43.1 2.52
43.2 2.4
43.3 2.64
43.4 2.28
43.5 2.4
43.6 2.4
43.7 2.4
43.8 2.52
43.9 2.28
44 2.4
44.1 2.28
44.2 2.4
44.3 2.64
44.4 2.16
44.5 2.52
44.6 2.64
44.7 2.64
44.8 2.52
44.9 2.64
45 2.64
45.1 2.76
45.2 2.52
45.3 2.64
45.4 2.52
45.5 2.64
45.6 2.88
45.7 2.64
45.8 2.64
45.9 2.64
46 2.76
46.1 2.88
46.2 2.52
46.3 2.64
46.4 2.76
46.5 2.64
46.6 2.88
46.7 2.52
46.8 2.64
46.9 2.64
47 2.76
47.1 3
47.2 2.76
47.3 2.88
47.4 2.88
47.5 3
47.6 3
47.7 2.88
47.8 3
47.9 3
48 3
48.1 3.36
48.2 2.88
48.3 3
48.4 3
48.5 3.12
48.6 3.36
48.7 2.88
48.8 3.12
48.9 3
49 3.24
49.1 3.36
49.2 2.88
49.3 3.12
49.4 3.12
49.5 3.12
49.6 3.24
49.7 3.12
49.8 3.24
49.9 3
50 3.36
50.1 3
50.2 3.24
50.3 3.24
50.4 3.12
50.5 3.12
50.6 3.12
50.7 3.24
50.8 3.36
50.9 2.88
51 3.24
51.1 3.24
51.2 3.24
51.3 3.24
51.4 3.12
51.5 3.24
51.6 3.12
51.7 3.24
51.8 0.96
51.9 1.92
52 2.04
52.1 2.4
52.2 2.64
52.3 2.52
52.4 2.52
52.5 2.76
52.6 2.4
52.7 2.52
52.8 2.52
52.9 2.52
53 2.52
53.1 2.52
53.2 2.76
53.3 2.88
53.4 2.52
53.5 2.88
53.6 2.88
53.7 2.88
53.8 2.76
53.9 2.88
54 2.88
54.1 2.88
54.2 2.64
54.3 2.88
54.4 2.88
54.5 3
54.6 3
54.7 3
54.8 3.12
54.9 3.12
55 3
55.1 3.12
55.2 3.12
55.3 3.12
55.4 3.12
55.5 3.12
55.6 3.24
55.7 3
55.8 3.12
55.9 3.12
56 3.12
56.1 3.36
56.2 3
56.3 3.12
56.4 3
56.5 3.24
56.6 3.36
56.7 2.88
56.8 3.24
56.9 3
57 3.24
57.1 3.36
57.2 2.88
57.3 3.24
57.4 3.12
57.5 3.48
57.6 3.6
57.7 3.24
57.8 3.36
57.9 3.48
58 3.36
58.1 3.48
58.2 3.24
58.3 3.6
58.4 3.6
58.5 3.24
58.6 3.6
58.7 3.24
58.8 3.48
58.9 3.72
59 3.24
59.1 3.6
59.2 3.36
59.3 3.36
59.4 3.6
59.5 3.36
59.6 3.48
59.7 3.84
59.8 3.12
59.9 3.48
60 3.36
60.1 3.6
60.2 3.48
60.3 3.36
60.4 3.48
60.5 3.6
60.6 3.24
60.7 3.48
60.8 3.24
60.9 3.48
61 3.72
61.1 3
61.2 3.48
61.3 3.12
61.4 3.48
61.5 3.72
61.6 3.12
61.7 3.48
61.8 3.36
61.9 3.48
62 3.72
62.1 3.12
62.2 1.32
62.3 1.8
62.4 2.4
62.5 3.24
62.6 3.84
62.7 3.24
62.8 3.36
62.9 3.24
63 3.36
63.1 3.6
63.2 3
63.3 3.24
63.4 3.12
63.5 3.24
63.6 3.12
63.7 3.12
63.8 3.24
63.9 3.12
64 3.24
64.1 3
64.2 3.36
64.3 3.36
64.4 2.88
64.5 3.36
64.6 3
64.7 3.36
64.8 3.24
64.9 3.12
65 3.12
65.1 3.12
65.2 3.24
65.3 3.12
65.4 3.24
65.5 3.36
65.6 3
65.7 3.12
65.8 3.24
65.9 3.24
66 3.24
66.1 3.12
66.2 3.24
66.3 3
66.4 3.36
66.5 3.12
66.6 3.36
66.7 3.48
66.8 2.88
66.9 3.24
67 3.24
67.1 3.24
67.2 3.12
67.3 3.12
67.4 3.36
67.5 3
67.6 3.12
67.7 3.12
67.8 3
67.9 3.12
68 3.12
68.1 3.24
68.2 2.88
68.3 3.24
68.4 3.12
68.5 3.24
68.6 3.12
68.7 3.12
68.8 3.12
68.9 3.12
69 3
69.1 3.12
69.2 3.24
69.3 3.36
69.4 2.88
69.5 3.24
69.6 3.12
69.7 3.24
69.8 3.12
69.9 3
70 3.36
70.1 2.88
70.2 3.12
70.3 3
70.4 3.12
70.5 3.12
70.6 2.88
70.7 3.12
70.8 2.88
70.9 3.12
71 3
71.1 2.88
71.2 3.12
71.3 2.88
71.4 3
71.5 3
71.6 3
71.7 3.24
71.8 2.76
71.9 3.12
72 3
72.1 3.12
72.2 3.12
72.3 2.76
72.4 3.12
72.5 2.88
72.6 1.2
72.7 1.92
72.8 2.04
72.9 2.52
73 3
73.1 3
73.2 3
73.3 2.88
73.4 3.24
73.5 2.88
73.6 2.88
73.7 2.76
73.8 2.88
73.9 3
74 2.76
74.1 2.88
74.2 2.64
74.3 3
74.4 3
74.5 2.52
74.6 3
74.7 2.88
74.8 2.88
74.9 3.24
75 2.64
75.1 3.12
75.2 3
75.3 3
75.4 3.24
75.5 2.76
75.6 3.12
75.7 3.12
75.8 3.24
75.9 3.24
76 3.12
76.1 3.24
76.2 3.24
76.3 3.12
76.4 3.12
76.5 3.36
76.6 3.48
76.7 3
76.8 3.24
76.9 3
77 3.36
77.1 3.12
77.2 3.24
77.3 3.24
77.4 3.12
77.5 3.24
77.6 3.12
77.7 3.24
77.8 3.48
77.9 2.88
78 3.36
78.1 3.12
78.2 3.24
78.3 3.12
78.4 3.24
78.5 3.36
78.6 3.24
78.7 3.24
78.8 3.24
78.9 3.36
79 3.36
79.1 3.24
79.2 3.36
79.3 3.24
79.4 3.36
79.5 3.12
79.6 3.36
79.7 3.36
79.8 3.24
79.9 3.36
80 3.12
80.1 3.48
80.2 3.12
80.3 3.36
80.4 3.48
80.5 3
80.6 3.36
80.7 3.24
80.8 3.24
80.9 3.24
81 3.12
81.1 3.36
81.2 3.12
81.3 3.12
81.4 3
81.5 3.12
81.6 3.48
81.7 2.88
81.8 3.12
81.9 3.12
82 3.24
82.1 3.12
82.2 3.24
82.3 3.36
82.4 2.88
82.5 3
82.6 3
82.7 3.12
82.8 3.24
82.9 2.88
83 3.12
83.1 3
83.2 1.92
83.3 1.56
83.4 1.8
83.5 2.88
83.6 3.84
83.7 4.32
83.8 3.72
83.9 3.84
84 3.96
84.1 3.84
84.2 4.2
84.3 3.6
84.4 3.96
84.5 3.84
84.6 3.96
84.7 3.72
84.8 3.72
84.9 3.96
85 3.48
85.1 3.72
85.2 3.72
85.3 3.6
85.4 3.48
85.5 3.72
85.6 3.96
85.7 3.48
85.8 3.72
85.9 3.48
86 3.72
86.1 3.48
86.2 3.72
86.3 3.6
86.4 3.72
86.5 3.84
86.6 3.6
86.7 3.72
86.8 3.6
86.9 3.72
87 3.6
87.1 3.72
87.2 3.84
87.3 3.48
87.4 3.6
87.5 3.48
87.6 3.6
87.7 3.6
87.8 3.6
87.9 3.84
88 3.36
88.1 3.72
88.2 3.6
88.3 3.6
88.4 3.48
88.5 3.6
88.6 3.6
88.7 3.48
88.8 3.72
88.9 3.24
89 3.48
89.1 3.36
89.2 3.6
89.3 3.6
89.4 3.48
89.5 3.6
89.6 3.36
89.7 3.36
89.8 3.48
89.9 3.48
90 3.48
90.1 3.48
90.2 3.72
90.3 3.36
90.4 3.6
90.5 3.6
90.6 3.6
90.7 3.6
90.8 3.48
90.9 3.72
91 3.48
91.1 3.6
91.2 3.48
91.3 3.6
91.4 3.6
91.5 3.48
91.6 3.6
91.7 3.6
91.8 3.6
91.9 3.48
92 3.48
92.1 3.48
92.2 3.48
92.3 3.72
92.4 3.36
92.5 3.36
92.6 3.24
92.7 3.6
92.8 3.48
92.9 3.48
93 3.6
93.1 3.12
93.2 3.48
93.3 3.36
93.4 3.36
93.5 3.36
93.6 2.16
93.7 1.92
93.8 1.92
93.9 3.24
94 3.84
94.1 4.44
94.2 3.48
94.3 3.84
94.4 3.72
94.5 3.72
94.6 4.08
94.7 3.6
94.8 3.96
94.9 3.72
95 3.6
95.1 3.48
95.2 3.48
95.3 3.6
95.4 3.48
95.5 3.84
95.6 3.24
95.7 3.48
95.8 3.36
95.9 3.48
96 3.48
96.1 3.24
96.2 3.6
96.3 3.36
96.4 3.24
96.5 3.36
96.6 3.36
96.7 3.36
96.8 3.12
96.9 3.36
97 3.36
97.1 3.24
97.2 3.24
97.3 3.24
97.4 3.48
97.5 3
97.6 3.24
97.7 3.12
97.8 3.24
97.9 3.36
98 3
98.1 3.24
98.2 3.12
98.3 3.12
98.4 3.12
98.5 3.12
98.6 3.36
98.7 3
98.8 3.24
98.9 3
99 3.24
99.1 3.12
99.2 3.24
99.3 3.48
99.4 2.88
99.5 3.24
99.6 3
99.7 3.24
99.8 3.12
99.9 3.12
100 3.48
