0.1 0.04608
0.2 0.05408
0.3 0.05408
0.4 0.05824
0.5 0.05824
0.6 0.05408
0.7 0.05824
0.8 0.05408
0.9 0.05824
1 0.05408
1.1 0.05824
1.2 0.05408
1.3 0.05408
1.4 0.05408
1.5 0.05824
1.6 0.04992
1.7 0.05824
1.8 0.05408
1.9 0.05408
2 0.05824
2.1 0.04992
2.2 0.05408
2.3 0.05408
2.4 0.05408
2.5 0.05824
2.6 0.04992
2.7 0.05408
2.8 0.05408
2.9 0.05408
3 0.05408
3.1 0.05408
3.2 0.05408
3.3 0.05408
3.4 0.05408
3.5 0.05408
3.6 0.05824
3.7 0.05408
3.8 0.05824
3.9 0.05824
4 0.05824
4.1 0.05824
4.2 0.05408
4.3 0.05824
4.4 0.05824
4.5 0.05824
4.6 0.05408
4.7 0.0624
4.8 0.05408
4.9 0.05824
5 0.05824
5.1 0.05824
5.2 0.05824
5.3 0.05408
5.4 0.0624
5.5 0.05408
5.6 0.05824
5.7 0.05824
5.8 0.05824
5.9 0.05408
6 0.05824
6.1 0.05408
6.2 0.05824
6.3 0.05408
6.4 0.05824
6.5 0.05824
6.6 0.05408
6.7 0.05824
6.8 0.05824
6.9 0.05824
7 0.05824
7.1 0.05824
7.2 0.05824
7.3 0.0624
7.4 0.05408
7.5 0.05824
7.6 0.05824
7.7 0.05824
7.8 0.05824
7.9 0.05824
8 0.05408
8.1 0.05824
8.2 0.05824
8.3 0.05408
8.4 0.05824
8.5 0.05824
8.6 0.05824
8.7 0.05408
8.8 0.05824
8.9 0.05824
9 0.05408
9.1 0.05824
9.2 0.05824
9.3 0.05824
9.4 0.05824
9.5 0.05408
9.6 0.05824
9.7 0.05824
9.8 0.05824
9.9 0.05408
10 0.05824
10.1 0.05408
10.2 0.03328
10.3 0.03328
10.4 0.0624
10.5 0.0624
10.6 0.0624
10.7 0.0624
10.8 0.06656
10.9 0.0624
11 0.0624
11.1 0.0624
11.2 0.0624
11.3 0.0624
11.4 0.0624
11.5 0.05824
11.6 0.05824
11.7 0.06656
11.8 0.0624
11.9 0.05824
12 0.05824
12.1 0.05408
12.2 0.0624
12.3 0.0624
12.4 0.05408
12.5 0.05824
12.6 0.05824
12.7 0.05824
12.8 0.0624
12.9 0.05408
13 0.05824
13.1 0.05824
13.2 0.05824
13.3 0.05824
13.4 0.0624
13.5 0.05824
13.6 0.05824
13.7 0.05824
13.8 0.05824
13.9 0.0624
14 0.05824
14.1 0.05824
14.2 0.05824
14.3 0.05408
14.4 0.0624
14.5 0.05824
14.6 0.05824
14.7 0.05824
14.8 0.05824
14.9 0.05408
15 0.05824
15.1 0.05408
15.2 0.05824
15.3 0.05408
15.4 0.05824
15.5 0.05408
15.6 0.05824
15.7 0.05408
15.8 0.05408
15.9 0.05824
16 0.05408
16.1 0.05408
16.2 0.05824
16.3 0.05408
16.4 0.05824
16.5 0.05408
16.6 0.05824
16.7 0.04992
16.8 0.05824
16.9 0.05824
17 0.04992
17.1 0.05824
17.2 0.05408
17.3 0.05408
17.4 0.05408
17.5 0.05408
17.6 0.05824
17.7 0.04992
17.8 0.05824
17.9 0.05408
18 0.05824
18.1 0.05408
18.2 0.05408
18.3 0.05824
18.4 0.05408
18.5 0.05408
18.6 0.05408
18.7 0.05408
18.8 0.05408
18.9 0.05408
19 0.04992
19.1 0.05824
19.2 0.04992
19.3 0.05408
19.4 0.05408
19.5 0.05408
19.6 0.05408
19.7 0.04992
19.8 0.05824
19.9 0.05408
20 0.05408
20.1 0.05824
20.2 0.05408
20.3 0.05824
20.4 0.05408
20.5 0.03744
20.6 0.03328
20.7 0.0416
20.8 0.0624
20.9 0.0624
21 0.0624
21.1 0.05824
21.2 0.05824
21.3 0.05824
21.4 0.0624
21.5 0.05824
21.6 0.0624
21.7 0.05824
21.8 0.05408
21.9 0.05824
22 0.05824
22.1 0.0624
22.2 0.05408
22.3 0.05824
22.4 0.05824
22.5 0.05824
22.6 0.05824
22.7 0.05824
22.8 0.05824
22.9 0.05824
23 0.05824
23.1 0.05824
23.2 0.05824
23.3 0.0624
23.4 0.05408
23.5 0.05824
23.6 0.0624
23.7 0.05824
23.8 0.0624
23.9 0.0624
24 0.0624
24.1 0.05408
24.2 0.06656
24.3 0.05824
24.4 0.0624
24.5 0.06656
24.6 0.0624
24.7 0.0624
24.8 0.0624
24.9 0.06656
25 0.0624
25.1 0.0624
25.2 0.0624
25.3 0.0624
25.4 0.0624
25.5 0.0624
25.6 0.06656
25.7 0.05824
25.8 0.0624
25.9 0.0624
26 0.06656
26.1 0.0624
26.2 0.0624
26.3 0.06656
26.4 0.05824
26.5 0.06656
26.6 0.05824
26.7 0.0624
26.8 0.0624
26.9 0.0624
27 0.0624
27.1 0.0624
27.2 0.0624
27.3 0.05408
27.4 0.0624
27.5 0.05824
27.6 0.0624
27.7 0.05824
27.8 0.0624
27.9 0.06656
28 0.05824
28.1 0.05824
28.2 0.0624
28.3 0.05824
28.4 0.05824
28.5 0.05824
28.6 0.05824
28.7 0.0624
28.8 0.05824
28.9 0.05408
29 0.05824
29.1 0.05824
29.2 0.05824
29.3 0.05824
29.4 0.05824
29.5 0.05408
29.6 0.05824
29.7 0.0624
29.8 0.05408
29.9 0.05408
30 0.05408
30.1 0.05408
30.2 0.05408
30.3 0.05408
30.4 0.05408
30.5 0.04992
30.6 0.04992
30.7 0.05408
30.8 0.04992
30.9 0.05408
31 0.03328
31.1 0.03328
31.2 0.03744
31.3 0.03744
31.4 0.0416
31.5 0.0416
31.6 0.0416
31.7 0.0416
31.8 0.0416
31.9 0.03744
32 0.04576
32.1 0.04576
32.2 0.0416
32.3 0.0416
32.4 0.0416
32.5 0.04992
32.6 0.0416
32.7 0.04576
32.8 0.04576
32.9 0.0416
33 0.04576
33.1 0.04576
33.2 0.0416
33.3 0.04576
33.4 0.04576
33.5 0.04576
33.6 0.04576
33.7 0.04576
33.8 0.04576
33.9 0.04576
34 0.04992
34.1 0.04576
34.2 0.04576
34.3 0.04576
34.4 0.04992
34.5 0.04992
34.6 0.04992
34.7 0.04992
34.8 0.04992
34.9 0.04992
35 0.05408
35.1 0.04992
35.2 0.05408
35.3 0.05408
35.4 0.05408
35.5 0.04992
35.6 0.05408
35.7 0.05824
35.8 0.05408
35.9 0.05408
36 0.05408
36.1 0.05824
36.2 0.05408
36.3 0.05408
36.4 0.05824
36.5 0.05408
36.6 0.0624
36.7 0.05408
36.8 0.05824
36.9 0.05824
37 0.05824
37.1 0.05824
37.2 0.05824
37.3 0.05824
37.4 0.05824
37.5 0.05824
37.6 0.05824
37.7 0.0624
37.8 0.05824
37.9 0.05824
38 0.0624
38.1 0.05824
38.2 0.05824
38.3 0.0624
38.4 0.05824
38.5 0.0624
38.6 0.0624
38.7 0.0624
38.8 0.0624
38.9 0.0624
39 0.0624
39.1 0.06656
39.2 0.06656
39.3 0.0624
39.4 0.07072
39.5 0.0624
39.6 0.06656
39.7 0.06656
39.8 0.06656
39.9 0.06656
40 0.0624
40.1 0.06656
40.2 0.06656
40.3 0.06656
40.4 0.06656
40.5 0.0624
40.6 0.06656
40.7 0.0624
40.8 0.06656
40.9 0.06656
41 0.06656
41.1 0.06656
41.2 0.06656
41.3 0.06656
41.4 0.05408
41.5 0.03328
41.6 0.03328
41.7 0.06656
41.8 0.0624
41.9 0.0624
42 0.06656
42.1 0.06656
42.2 0.0624
42.3 0.06656
42.4 0.06656
42.5 0.0624
42.6 0.06656
42.7 0.0624
42.8 0.06656
42.9 0.06656
43 0.06656
43.1 0.0624
43.2 0.06656
43.3 0.06656
43.4 0.06656
43.5 0.06656
43.6 0.0624
43.7 0.07072
43.8 0.06656
43.9 0.06656
44 0.06656
44.1 0.06656
44.2 0.07072
44.3 0.06656
44.4 0.06656
44.5 0.06656
44.6 0.06656
44.7 0.06656
44.8 0.06656
44.9 0.0624
45 0.07072
45.1 0.0624
45.2 0.06656
45.3 0.06656
45.4 0.0624
45.5 0.0624
45.6 0.06656
45.7 0.0624
45.8 0.0624
45.9 0.0624
46 0.06656
46.1 0.0624
46.2 0.0624
46.3 0.0624
46.4 0.0624
46.5 0.0624
46.6 0.0624
46.7 0.0624
46.8 0.06656
46.9 0.0624
47 0.0624
47.1 0.0624
47.2 0.05824
47.3 0.06656
47.4 0.05824
47.5 0.0624
47.6 0.05824
47.7 0.0624
47.8 0.0624
47.9 0.0624
48 0.05824
48.1 0.0624
48.2 0.0624
48.3 0.05824
48.4 0.05408
48.5 0.05824
48.6 0.0624
48.7 0.05824
48.8 0.05824
48.9 0.05824
49 0.05824
49.1 0.0624
49.2 0.05824
49.3 0.05824
49.4 0.05824
49.5 0.0624
49.6 0.05824
49.7 0.0624
49.8 0.0624
49.9 0.05408
50 0.0624
50.1 0.05824
50.2 0.05824
50.3 0.05408
50.4 0.0624
50.5 0.05824
50.6 0.05408
50.7 0.05824
50.8 0.05824
50.9 0.0624
51 0.05408
51.1 0.05824
51.2 0.0624
51.3 0.05824
51.4 0.05824
51.5 0.05824
51.6 0.05824
51.7 0.05824
51.8 0.04992
51.9 0.03328
52 0.03744
52.1 0.05408
52.2 0.0624
52.3 0.0624
52.4 0.0624
52.5 0.0624
52.6 0.0624
52.7 0.0624
52.8 0.0624
52.9 0.0624
53 0.05824
53.1 0.06656
53.2 0.0624
53.3 0.0624
53.4 0.05824
53.5 0.0624
53.6 0.0624
53.7 0.05824
53.8 0.0624
53.9 0.0624
54 0.0624
54.1 0.0624
54.2 0.05824
54.3 0.0624
54.4 0.05824
54.5 0.06656
54.6 0.05824
54.7 0.0624
54.8 0.06656
54.9 0.05824
55 0.0624
55.1 0.05824
55.2 0.0624
55.3 0.05824
55.4 0.0624
55.5 0.05824
55.6 0.0624
55.7 0.0624
55.8 0.05824
55.9 0.05824
56 0.05824
56.1 0.0624
56.2 0.05408
56.3 0.0624
56.4 0.0624
56.5 0.05408
56.6 0.05824
56.7 0.0624
56.8 0.05824
56.9 0.05408
57 0.0624
57.1 0.0624
57.2 0.05824
57.3 0.0624
57.4 0.05824
57.5 0.05824
57.6 0.05408
57.7 0.05824
57.8 0.05824
57.9 0.05408
58 0.0624
58.1 0.05408
58.2 0.05408
58.3 0.0624
58.4 0.05824
58.5 0.05408
58.6 0.0624
58.7 0.05824
58.8 0.05824
58.9 0.05824
59 0.05408
59.1 0.0624
59.2 0.05824
59.3 0.05824
59.4 0.05824
59.5 0.05408
59.6 0.0624
59.7 0.05824
59.8 0.05824
59.9 0.05824
60 0.05824
60.1 0.0624
60.2 0.05408
60.3 0.0624
60.4 0.05824
60.5 0.05824
60.6 0.0624
60.7 0.05824
60.8 0.0624
60.9 0.05824
61 0.05824
61.1 0.05824
61.2 0.05824
61.3 0.05824
61.4 0.0624
61.5 0.05824
61.6 0.05408
61.7 0.0624
61.8 0.05408
61.9 0.0624
62 0.05408
62.1 0.05824
62.2 0.04992
62.3 0.03328
62.4 0.03744
62.5 0.05408
62.6 0.0624
62.7 0.0624
62.8 0.06656
62.9 0.0624
63 0.0624
63.1 0.06656
63.2 0.05824
63.3 0.06656
63.4 0.05824
63.5 0.06656
63.6 0.0624
63.7 0.05824
63.8 0.0624
63.9 0.05824
64 0.05824
64.1 0.05824
64.2 0.05824
64.3 0.0624
64.4 0.05824
64.5 0.05824
64.6 0.05824
64.7 0.05824
64.8 0.05824
64.9 0.0624
65 0.0624
65.1 0.05408
65.2 0.0624
65.3 0.05408
65.4 0.0624
65.5 0.05824
65.6 0.05824
65.7 0.0624
65.8 0.05408
65.9 0.0624
66 0.05824
66.1 0.05824
66.2 0.05824
66.3 0.05824
66.4 0.05824
66.5 0.05408
66.6 0.0624
66.7 0.05408
66.8 0.05824
66.9 0.05408
67 0.05824
67.1 0.0624
67.2 0.05824
67.3 0.0624
67.4 0.05824
67.5 0.0624
67.6 0.0624
67.7 0.05824
67.8 0.0624
67.9 0.0624
68 0.0624
68.1 0.05408
68.2 0.0624
68.3 0.05824
68.4 0.05824
68.5 0.05824
68.6 0.05824
68.7 0.0624
68.8 0.05408
68.9 0.05824
69 0.05824
69.1 0.05824
69.2 0.05824
69.3 0.0624
69.4 0.0624
69.5 0.05408
69.6 0.05824
69.7 0.05824
69.8 0.0624
69.9 0.05824
70 0.05824
70.1 0.0624
70.2 0.05824
70.3 0.05824
70.4 0.05824
70.5 0.0624
70.6 0.05824
70.7 0.05824
70.8 0.0624
70.9 0.05408
71 0.0624
71.1 0.05824
71.2 0.05824
71.3 0.05824
71.4 0.05824
71.5 0.0624
71.6 0.05408
71.7 0.0624
71.8 0.05824
71.9 0.05824
72 0.05824
72.1 0.05824
72.2 0.0624
72.3 0.05824
72.4 0.05824
72.5 0.05824
72.6 0.05408
72.7 0.03328
72.8 0.03328
72.9 0.03328
73 0.0416
73.1 0.04576
73.2 0.04576
73.3 0.0416
73.4 0.03744
73.5 0.04576
73.6 0.03744
73.7 0.04576
73.8 0.0416
73.9 0.0416
74 0.04576
74.1 0.0416
74.2 0.04576
74.3 0.04576
74.4 0.04576
74.5 0.0416
74.6 0.04576
74.7 0.04576
74.8 0.04992
74.9 0.04992
75 0.04576
75.1 0.04992
75.2 0.04576
75.3 0.04992
75.4 0.04576
75.5 0.05408
75.6 0.05408
75.7 0.04576
75.8 0.05408
75.9 0.04992
76 0.04992
76.1 0.05408
76.2 0.04992
76.3 0.04992
76.4 0.05408
76.5 0.05408
76.6 0.05408
76.7 0.04992
76.8 0.05824
76.9 0.04992
77 0.05824
77.1 0.05824
77.2 0.05408
77.3 0.05824
77.4 0.05408
77.5 0.05824
77.6 0.05408
77.7 0.05824
77.8 0.05408
77.9 0.05824
78 0.05408
78.1 0.05408
78.2 0.0624
78.3 0.05408
78.4 0.05824
78.5 0.05824
78.6 0.05824
78.7 0.05824
78.8 0.05824
78.9 0.05408
79 0.05824
79.1 0.05824
79.2 0.05824
79.3 0.0624
79.4 0.05824
79.5 0.05824
79.6 0.0624
79.7 0.05824
79.8 0.05824
79.9 0.05824
80 0.06656
80.1 0.05408
80.2 0.0624
80.3 0.0624
80.4 0.0624
80.5 0.0624
80.6 0.05824
80.7 0.0624
80.8 0.05824
80.9 0.0624
81 0.0624
81.1 0.05824
81.2 0.0624
81.3 0.0624
81.4 0.0624
81.5 0.0624
81.6 0.0624
81.7 0.06656
81.8 0.06656
81.9 0.0624
82 0.06656
82.1 0.0624
82.2 0.06656
82.3 0.06656
82.4 0.06656
82.5 0.0624
82.6 0.06656
82.7 0.07072
82.8 0.0624
82.9 0.06656
83 0.06656
83.1 0.06656
83.2 0.07072
83.3 0.03328
83.4 0.03328
83.5 0.05824
83.6 0.05824
83.7 0.07072
83.8 0.07072
83.9 0.06656
84 0.07072
84.1 0.07072
84.2 0.07072
84.3 0.06656
84.4 0.07072
84.5 0.06656
84.6 0.07072
84.7 0.07072
84.8 0.0624
84.9 0.07072
85 0.06656
85.1 0.07072
85.2 0.0624
85.3 0.07072
85.4 0.07072
85.5 0.06656
85.6 0.07072
85.7 0.06656
85.8 0.07072
85.9 0.06656
86 0.07072
86.1 0.07072
86.2 0.06656
86.3 0.06656
86.4 0.06656
86.5 0.07072
86.6 0.06656
86.7 0.06656
86.8 0.06656
86.9 0.07072
87 0.06656
87.1 0.06656
87.2 0.07072
87.3 0.07072
87.4 0.0624
87.5 0.06656
87.6 0.06656
87.7 0.06656
87.8 0.07072
87.9 0.06656
88 0.07072
88.1 0.06656
88.2 0.06656
88.3 0.06656
88.4 0.06656
88.5 0.06656
88.6 0.06656
88.7 0.06656
88.8 0.07072
88.9 0.06656
89 0.06656
89.1 0.06656
89.2 0.06656
89.3 0.06656
89.4 0.0624
89.5 0.06656
89.6 0.0624
89.7 0.0624
89.8 0.0624
89.9 0.06656
90 0.0624
90.1 0.0624
90.2 0.0624
90.3 0.05824
90.4 0.05824
90.5 0.0624
90.6 0.05824
90.7 0.05824
90.8 0.0624
90.9 0.05824
91 0.0624
91.1 0.05408
91.2 0.0624
91.3 0.05824
91.4 0.05824
91.5 0.0624
91.6 0.04992
91.7 0.05824
91.8 0.05408
91.9 0.05824
92 0.05408
92.1 0.05824
92.2 0.05408
92.3 0.05408
92.4 0.05824
92.5 0.05408
92.6 0.05824
92.7 0.05824
92.8 0.05408
92.9 0.05824
93 0.05824
93.1 0.05408
93.2 0.05408
93.3 0.05824
93.4 0.05824
93.5 0.04992
93.6 0.0416
93.7 0.03328
93.8 0.03744
93.9 0.04576
94 0.04992
94.1 0.04992
94.2 0.05408
94.3 0.04992
94.4 0.05408
94.5 0.04576
94.6 0.04992
94.7 0.05408
94.8 0.04576
94.9 0.04992
95 0.04992
95.1 0.04992
95.2 0.05824
95.3 0.04576
95.4 0.05408
95.5 0.05408
95.6 0.04992
95.7 0.05824
95.8 0.04992
95.9 0.05824
96 0.05408
96.1 0.05408
96.2 0.05408
96.3 0.05824
96.4 0.05824
96.5 0.05824
96.6 0.05824
96.7 0.05408
96.8 0.05824
96.9 0.0624
97 0.05408
97.1 0.0624
97.2 0.05408
97.3 0.05824
97.4 0.05824
97.5 0.05824
97.6 0.0624
97.7 0.05408
97.8 0.0624
97.9 0.05824
98 0.0624
98.1 0.05824
98.2 0.0624
98.3 0.0624
98.4 0.05824
98.5 0.0624
98.6 0.05824
98.7 0.0624
98.8 0.0624
98.9 0.05824
99 0.05824
99.1 0.05824
99.2 0.0624
99.3 0.0624
99.4 0.05408
99.5 0.0624
99.6 0.05824
99.7 0.05824
99.8 0.05824
99.9 0.05824
100 0.0624
