0.200158 10
0.402811 11
0.407617 13
0.412424 15
0.41723 17
0.422037 19
0.604305 21
0.609111 23
0.611514 25
0.615119 27
0.617522 29
0.621127 31
0.62353 33
0.625934 35
0.628337 37
0.805799 39
0.808202 41
0.810605 43
0.813008 45
0.816613 47
0.819016 49
0.821419 51
0.823823 53
0.826226 55
0.828629 57
0.832234 59
0.834637 61
0.83704 63
0.839443 65
0.841847 67
0.84425 69
0.847855 71
0.850258 73
1.00729 75
1.0097 77
1.0121 79
1.0145 81
1.01811 83
1.02051 85
1.02291 87
1.02652 89
1.02892 91
1.03132 93
1.03493 95
1.03733 97
1.03974 99
1.04214 101
1.04454 103
1.04695 105
1.04935 107
1.05175 109
1.05415 111
1.05656 113
1.06016 115
1.06257 117
1.06497 119
1.06737 121
1.07098 123
1.07338 125
1.07578 127
1.07939 129
1.08179 131
1.08419 133
1.0878 135
1.0902 137
1.09261 139
1.09501 141
1.09741 143
1.09982 145
1.20879 147
1.21119 149
1.21479 151
1.2172 153
1.2208 155
1.22321 157
1.22681 159
1.22921 161
1.23282 163
1.23522 165
1.23883 167
1.24123 169
1.24483 171
1.24724 173
1.25084 175
1.25325 177
1.25685 179
1.25925 181
1.26166 183
1.26526 185
1.26887 187
1.27127 189
1.27487 191
1.27728 193
1.27968 195
1.28329 197
1.28569 199
1.28809 201
1.2917 203
1.2941 205
1.2977 207
1.30011 209
1.30371 211
1.30612 213
1.30972 215
1.31212 217
1.31573 219
1.31813 221
1.32053 223
1.32414 225
1.32774 227
1.33015 229
1.33375 231
1.33616 233
1.33976 235
1.34216 237
1.34577 239
1.34817 241
1.35178 243
1.35418 245
1.35658 247
1.35899 249
1.36139 251
1.36379 253
1.3674 255
1.3698 257
1.37341 259
1.37581 261
1.37941 263
1.38182 265
1.38542 267
1.38782 269
1.39023 271
1.39263 273
1.39503 275
1.39744 277
1.39984 279
1.40224 281
1.40465 283
1.40705 285
1.40945 287
1.41186 289
1.48275 291
1.48515 293
1.48876 295
1.49116 297
1.49597 299
1.49837 301
1.50318 303
1.50558 305
1.51039 307
1.51279 309
1.5164 311
1.5188 313
1.52361 315
1.52601 317
1.53081 319
1.53322 321
1.53802 323
1.54043 325
1.54403 327
1.54764 329
1.55244 331
1.55485 333
1.55845 335
1.56085 337
1.56566 339
1.56927 341
1.57287 343
1.57527 345
1.58008 347
1.58248 349
1.58729 351
1.58969 353
1.5945 355
1.5969 357
1.60171 359
1.60411 361
1.60772 363
1.61012 365
1.61613 367
1.61853 369
1.62334 371
1.62574 373
1.63055 375
1.63295 377
1.63776 379
1.64016 381
1.64377 383
1.64737 385
1.65097 387
1.65338 389
1.65818 391
1.66179 393
1.66539 395
1.6678 397
1.6726 399
1.67501 401
1.67861 403
1.68101 405
1.68342 407
1.68582 409
1.68943 411
1.69303 413
1.69664 415
1.69904 417
1.70264 419
1.70505 421
1.70745 423
1.70985 425
1.71346 427
1.71706 429
1.72067 431
1.72307 433
1.72668 435
1.72908 437
1.73148 439
1.73389 441
1.73629 443
1.73869 445
1.7423 447
1.7459 449
1.75071 451
1.75311 453
1.75551 455
1.75792 457
1.76152 459
1.76513 461
1.76873 463
1.77113 465
1.77474 467
1.77714 469
1.77955 471
1.78195 473
1.78555 475
1.78916 477
1.79276 479
1.79517 481
1.79877 483
1.80117 485
1.80358 487
1.80598 489
1.80838 491
1.81079 493
1.81319 495
1.81559 497
1.818 499
1.8204 501
1.8228 503
1.82521 505
1.82881 507
1.83242 509
1.83602 511
1.83842 513
1.84203 515
1.84443 517
1.84684 519
1.84924 521
1.85284 523
1.85645 525
1.86005 527
1.86246 529
1.86606 531
1.86846 533
1.87087 535
1.87327 537
1.87567 539
1.87808 541
1.88048 543
1.88288 545
1.88529 547
1.88769 549
1.89009 551
1.8925 553
1.8949 555
1.8973 557
1.89971 559
1.90211 561
1.90451 563
1.90692 565
1.90932 567
1.91172 569
1.91413 571
1.91653 573
1.91893 575
1.92133 577
1.98742 579
1.98983 581
1.99463 583
1.99704 585
2.00304 587
2.00545 589
2.01025 591
2.01266 593
2.01987 595
2.06312 596
2.10638 597
2.14964 598
2.1941 599
2.22414 600
2.25538 601
2.28422 602
2.31546 603
2.3443 604
2.37794 605
2.40197 606
2.43081 607
2.45725 608
2.48368 609
2.51012 610
2.53896 611
2.56539 612
2.59423 613
2.61826 614
2.64229 615
2.66873 616
2.69517 617
2.724 618
2.74804 619
2.77207 620
2.7961 621
2.82013 622
2.90905 623
2.93789 624
2.96794 623
2.97155 621.394
2.97275 621.09
2.97876 620.787
2.97996 619
2.98116 618
2.98236 617
2.98597 616.3
2.98717 615.997
2.98837 614
2.98957 613
2.99558 612
2.99678 611.51
2.99798 611.206
2.99919 610
3.00279 609
3.00399 608
3.00519 607
3.0064 606
3.0076 605
3.0136 604
3.01481 603
3.01602 602
3.01962 600
3.02082 599
3.02202 598
3.02323 597
3.02923 596.141
3.03043 595
3.03164 594
3.03284 593
3.03644 592
3.03764 591
3.03885 590
3.04005 589
3.04606 588
3.04726 587
3.04846 586
3.04966 585
3.05086 584
3.05447 583
3.05567 582.075
3.05927 581
3.06528 580
3.06648 579
3.06768 577
3.06889 576
3.07249 575
3.07369 574
3.07489 573
3.0761 572
3.0797 571
3.0809 570
3.08451 569
3.08571 568
3.08931 567.008
3.09051 566
3.09172 565
3.09292 564
3.09412 563
3.10013 562.219
3.10133 561
3.10253 560
3.10373 559
3.10734 558
3.10854 557
3.11214 556
3.11575 555
3.11695 554
3.11815 552
3.11935 551
3.12296 550
3.12416 549
3.12536 548
3.12656 547.153
3.13497 546
3.13618 545
3.13738 544
3.13858 543
3.14218 541
3.14339 540
3.14459 539
3.14579 538
3.14699 537
3.14819 536
3.14939 535
3.15059 534
3.1518 533
3.153 532.087
3.1542 531
3.1554 530
3.15901 529
3.16021 528
3.16141 527
3.16261 526
3.16381 525
3.16501 524
3.16622 523
3.16742 522
3.16862 521
3.17222 520
3.17343 519
3.17463 518.021
3.17583 517
3.17703 516
3.17823 515
3.17943 514
3.18063 513.231
3.18424 512
3.18544 511
3.18664 510
3.18784 509
3.18905 508
3.19025 507
3.19145 506
3.19265 505
3.19626 504
3.19746 503
3.19866 502
3.19986 501
3.20106 499
3.20226 498.165
3.20347 497
3.20467 496
3.20827 495
3.20947 494
3.21067 493
3.21188 492
3.21308 491
3.21428 490
3.21548 489
3.21668 488
3.22029 487
3.22149 486
3.22269 485
3.22389 484.099
3.22509 483
3.2263 482
3.2275 481
3.2287 480
3.2323 478
3.23351 477
3.23471 476
3.23591 475
3.23711 474
3.23831 473
3.23951 472
3.24071 471
3.24432 470
3.24552 469.033
3.24672 468
3.24792 467
3.24913 466
3.25033 465
3.25153 464.243
3.25273 463
3.25634 462
3.25754 461
3.25874 460
3.25994 459
3.26114 457
3.26234 456
3.26355 455
3.26475 454
3.26835 453
3.26955 452
3.27075 451
3.27196 450
3.27316 449.177
3.27436 448
3.27556 447
3.27676 446
3.28037 445
3.28157 444
3.28277 443
3.28397 442
3.28517 441
3.28638 440
3.28758 439
3.28878 438
3.29238 436
3.32363 435
3.35006 434
3.3765 433
3.40533 432
3.42937 431
3.4582 430
3.48464 429
3.51107 428
3.53991 427
3.56395 426
3.58798 425
3.61682 424
3.64085 423
3.66969 422
3.69372 421
3.71775 420
3.74178 419
3.76581 418
3.85473 417
3.88597 416
3.91001 436
4.61412 437
4.61652 438
4.61893 439
4.62133 440
4.62854 441
4.63094 442
4.63575 443
4.63815 444
4.64056 445
4.64296 446
4.70785 447
4.75471 448
4.79676 449
4.83521 450
4.86766 451
4.9013 452
4.93134 453
4.96138 454
4.98902 455
5.01666 456
5.04429 457
5.06953 458
5.09716 459
5.1212 460
5.14643 461
5.17046 462
5.19449 463
5.22573 464
5.25097 465
5.2726 466
5.29663 467
5.31585 468
5.34229 469
5.36392 470
5.38555 471
5.40838 472
5.43001 473
5.45284 474
5.47447 475
5.49609 476
5.51652 477
5.53815 478
5.55738 479
5.57901 480
5.60184 481
5.62346 482
5.64509 483
5.66792 484
5.68715 485
5.70637 486
5.728 487
5.74723 488
5.76886 489
5.78808 490
5.81091 491
5.83014 492
5.85177 493
5.8722 494
5.89382 495
5.91305 496
5.93588 497
5.95751 498
5.98034 499
6.00197 500
6.0236 501
6.04643 502
6.06806 503
6.08969 504
6.11131 505
6.13414 506
6.15577 507
6.1786 508
6.20023 509
6.22186 510
6.24709 511
6.26872 512
6.29035 513
6.31318 514
6.33721 515
6.36005 516
6.38408 517
6.40691 518
6.43094 519
6.45257 520
6.4778 521
6.49943 522
6.52466 523
6.54629 524
6.57153 525
6.59556 526
6.61839 527
6.64242 528
6.66765 529
6.69169 530
6.71692 531
6.74215 532
6.76619 533
6.79142 534
6.81906 535
6.84309 536
6.86832 537
6.89596 538
6.92119 539
6.94763 540
6.97286 541
7.0005 542
7.02813 543
7.05217 544
7.0798 545
7.10744 546
7.13508 547
7.16271 548
7.19035 549
7.22039 550
7.24803 551
7.27807 552
7.3057 553
7.33574 554
7.36338 555
7.39342 556
7.42346 557
7.4547 558
7.48474 559
7.51478 560
7.54843 561
7.57847 562
7.60851 563
7.64095 564
7.67219 565
7.70464 566
7.73828 567
7.77072 568
7.80437 569
7.83681 570
7.87286 571
7.9065 572
7.94135 573
7.9774 574
8.01585 575
8.0519 576
8.09035 577
8.1264 578
8.16485 579
8.2033 580
8.24536 581
8.28381 582
8.32466 583
8.36552 584
8.40757 585
8.44843 586
8.49289 587
8.53734 588
8.5806 589
8.62746 590
8.67553 591
8.72119 592
8.77166 593
8.82092 594
8.87019 595
8.92306 596
8.97593 597
9.0312 598
9.08407 599
9.14175 600
9.19943 601
9.26311 602
9.3268 603
9.38928 604
9.45897 605
9.52746 606
9.59716 607
9.67406 608
9.74856 609
9.83147 610
9.91798 611
10.0081 612
10.1018 613
10.2076 614
10.3133 615
10.4347 616
10.556 617
10.6954 618
10.8324 619
10.9934 620
11.1821 621
11.432 622
11.8081 623
12.5759 624
13.5468 625
14.0178 624
14.0191 623.394
14.0203 623.091
14.0215 622.788
14.0239 621
14.0251 620
14.0275 619
14.0299 618.309
14.0311 618.006
14.0335 616
14.0347 615
14.0359 614
14.0371 613
14.0395 612.224
14.0407 611
14.0431 610
14.0443 609
14.0467 608
14.0491 607
14.0503 606
14.0515 604
14.0527 603
14.0551 602
14.0563 601
14.0587 600
14.0599 599
14.0623 598
14.0647 597.18
14.0659 596
14.0683 594
14.0695 593
14.0707 592
14.0719 591
14.0743 590
14.0755 589
14.0779 588
14.0803 587
14.0815 586
14.084 584
14.0852 583
14.0864 582
14.0876 581.137
14.09 580
14.0912 579
14.0936 578
14.096 577
14.0972 576
14.0984 574
14.1008 573
14.102 572
14.1044 570
14.1056 569
14.1068 568
14.1092 566
14.1116 565
14.1128 564.093
14.114 562
14.1164 560
14.1176 559
14.1188 558
14.12 556
14.1212 555
14.1236 554
14.1248 553
14.126 552
14.1284 550
14.1308 549
14.132 548
14.1332 546
14.1356 544.05
14.1368 543
14.138 542
14.1404 540
14.1428 539
14.144 538.267
14.1452 536
14.1476 534
14.1488 533
14.1512 532
14.1524 530
14.1548 528
14.156 527
14.1573 526
14.1597 524.006
14.1621 523
14.1633 522
14.1645 520
14.1669 518
14.1681 517.224
14.1693 516
14.1705 514
14.1717 513
14.1741 512
14.1753 511
14.1765 510
14.1789 508
14.1813 507
14.1825 506
14.1837 504
14.1861 502
14.1873 501
14.1885 500
14.1909 498.18
14.1933 497
14.1945 496
14.1957 494
14.1981 492
14.1993 491
14.2017 490
14.2029 488
14.2053 486
14.2065 485
14.2077 484
14.2101 482
14.2125 481
14.2137 480
14.2149 478.137
14.2173 476
14.2185 475
14.2197 474
14.2209 472
14.2221 471
14.2245 470
14.2257 469
14.2269 468
14.2293 466
14.2317 465
14.233 464
14.2342 462
14.2366 460
14.2378 459.093
14.239 458
14.2414 456
14.2438 455
14.245 454
14.2462 452
14.2486 450
14.2498 449
14.2522 448
14.2534 446
14.2558 444
14.257 443
14.2582 442
14.2606 440
14.263 439.05
14.2642 438
14.2654 437
14.2678 436
14.2714 435
14.2798 434
14.2846 433
14.287 432
14.2918 431
14.2966 430
14.299 429
14.3038 428
14.3062 427
14.3111 426
14.3159 425
14.3183 424
14.3219 423
14.3303 422
14.3351 421
14.3375 420
14.3423 419
14.3471 418
14.3495 417
14.3543 416
14.3567 415
14.8602 437
15.0212 438
15.0248 439
15.0272 440
15.0308 441
15.0332 442
15.0368 443
15.0404 444
15.0428 445
15.0464 446
15.0488 447
15.0524 448
15.0548 449
15.0572 450
15.0789 451
15.151 452
15.2086 453
15.2603 454
15.3024 455
15.3432 456
15.3817 457
15.4177 458
15.4501 459
15.479 460
15.5102 461
15.5427 462
15.5703 463
15.5931 464
15.6328 465
15.6628 466
15.6857 467
15.7049 468
15.7241 469
15.7433 470
15.7626 471
15.7818 472
15.801 473
15.8202 474
15.8395 475
15.8587 476
15.8815 477
15.908 478
15.9332 479
15.9596 480
15.9861 481
16.0125 482
16.0353 483
16.0618 484
16.0846 485
16.1098 486
16.1339 487
16.1591 488
16.1819 489
16.2084 490
16.2312 491
16.2564 492
16.2756 493
16.3033 494
16.3237 495
16.3501 496
16.373 497
16.397 498
16.4186 499
16.4427 500
16.4631 501
16.4883 502
16.51 503
16.534 504
16.5556 505
16.5797 506
16.6001 507
16.6241 508
16.6481 509
16.6734 510
16.6962 511
16.7226 512
16.7455 513
16.7719 514
16.7947 515
16.82 516
16.8428 517
16.8692 518
16.8921 519
16.9185 520
16.9413 521
16.9666 522
16.9894 523
17.0158 524
17.0387 525
17.0651 526
17.0879 527
17.1144 528
17.1396 529
17.166 530
17.1913 531
17.2177 532
17.2429 533
17.2682 534
17.2934 535
17.3198 536
17.3451 537
17.3715 538
17.3991 539
17.4256 540
17.4544 541
17.4809 542
17.5097 543
17.5361 544
17.565 545
17.595 546
17.6238 547
17.6539 548
17.6827 549
17.7116 550
17.7416 551
17.7704 552
17.7993 553
17.8317 554
17.8618 555
17.8942 556
17.923 557
17.9567 558
17.9855 559
18.018 560
18.0504 561
18.0829 562
18.1153 563
18.1477 564
18.1802 565
18.2126 566
18.2451 567
18.2775 568
18.3136 569
18.346 570
18.3821 571
18.4181 572
18.4541 573
18.489 574
18.5262 575
18.5611 576
18.6007 577
18.6404 578
18.6825 579
18.7221 580
18.7606 581
18.8026 582
18.8459 583
18.8879 584
18.93 585
18.9732 586
19.0189 587
19.0622 588
19.1078 589
19.1571 590
19.2027 591
19.2508 592
19.3025 593
19.3578 594
19.401 593
19.4022 592.393
19.4046 592.089
19.4058 591.786
19.407 590
19.4082 589
19.4106 588
19.4118 587.134
19.4142 586.83
19.4154 585
19.4178 584
19.419 583
19.4214 582.178
19.4226 581.875
19.425 580
19.4275 579
19.4287 578
19.4311 576.223
19.4335 575.919
19.4347 574
19.4371 571
19.4383 570
19.4407 569.267
19.4419 568.964
19.4443 567
19.4467 566
19.4479 565
19.4503 563.312
19.4515 563.008
19.4539 562
19.4551 561
19.4575 560
19.4587 559
19.4599 558.053
19.4635 557
19.4647 556
19.4671 554
19.4683 553
19.4707 552.097
19.4719 551
19.4731 549
19.4743 548
19.4767 547
19.4779 546.142
19.4791 545
19.4803 544
19.4827 543
19.4851 542
19.4863 541.186
19.4875 540
19.49 539
19.4924 538
19.4936 537
19.496 535.231
19.4972 534
19.4996 533
19.502 532
19.5032 531
19.5056 529.276
19.5068 528
19.5092 526
19.5104 525
19.5128 524
19.514 523.32
19.5164 522
19.5188 521
19.52 520
19.5224 518
19.5236 517.365
19.526 516
19.5272 515
19.5284 514
19.5296 513
19.5308 512.41
19.5332 511
19.5356 510
19.5368 509
19.5392 508
19.5404 507
19.5416 506
19.5428 505
19.5452 504
19.5464 503
19.5488 501
19.5512 500
19.5524 499
19.5548 497
19.556 496
19.5584 495
19.5608 494
19.562 493
19.5645 491
19.5657 490
19.5681 489
19.5693 488
19.5717 487
19.5741 486
19.5753 485
19.5777 483
19.5789 482
19.5813 481
19.5825 480
19.5849 479
19.5873 478
19.5885 476
19.5909 474
19.5921 473
19.5945 472.025
19.5957 471
19.5981 470
19.5993 469
19.6005 468
19.6017 467.07
19.6029 466
19.6041 465
19.6077 464
19.6089 463
19.6101 462.115
19.6113 461
19.6137 460
19.6149 459
19.6173 458
19.6197 457.159
19.6209 456
19.6233 454
19.6245 453
19.6269 452
19.6293 451.204
19.6305 449
19.6329 447
19.6341 446
19.6365 445
19.6377 444.248
19.6402 443
19.6414 442
19.6438 441
19.6462 440
19.6474 439.293
19.6498 437
19.651 436
19.6534 435
19.6546 434
19.6558 433.337
19.6594 432
19.6606 431
19.663 429
19.6642 428
19.6666 427.382
19.6678 426
19.6702 424
19.6714 423
19.6726 422
19.6738 421.426
19.675 420
19.6762 419
19.6786 418
19.6798 417
19.6822 416
19.6834 415
19.6954 414
19.7086 412
19.7183 411
19.7351 410
19.7507 408
19.7675 407
19.7771 406
19.7904 405
19.794 404
19.8228 403
19.8324 402
19.836 401
19.8492 400
19.8624 399
19.8781 398
19.8949 397
19.9081 396
19.9177 395
19.9213 394
19.9309 393
19.9502 392
19.9634 391
19.967 390
19.9754 389
20.3263 415
20.6651 416
20.6687 417
20.6723 418
20.6759 419
20.6795 420
20.6855 421
20.7768 422
20.8501 423
20.9138 424
20.9751 425
21.0292 426
21.0712 427
21.1325 428
21.1818 429
21.2274 430
21.2731 431
21.3067 432
21.3356 433
21.3668 434
21.3957 435
21.4269 436
21.4594 437
21.5002 438
21.5411 439
21.5843 440
21.6264 441
21.6672 442
21.7081 443
21.7465 444
21.7934 445
21.833 446
21.8751 447
21.916 448
21.958 449
21.9953 450
22.0361 451
22.0734 452
22.1142 453
22.1515 454
22.1935 455
22.2332 456
22.2788 457
22.3197 458
22.3654 459
22.405 460
22.4543 461
22.4939 462
22.5432 463
22.5877 464
22.6369 465
22.6802 466
22.7294 467
22.7751 468
22.8256 469
22.8724 470
22.9217 471
22.9686 472
23.0238 473
23.0767 474
23.1308 475
23.1824 476
23.2401 477
23.2978 478
23.3579 479
23.4192 480
23.4768 481
23.5429 482
23.6042 483
23.6727 484
23.74 485
23.8121 486
23.8854 487
23.9599 488
24.0428 489
24.1245 490
24.2122 491
24.3047 492
24.3973 493
24.5018 494
24.6075 495
24.7373 496
24.8671 497
25.0185 498
25.1723 499
25.3573 500
25.5556 501
25.8308 502
26.2682 503
27.1645 504
28.0766 505
28.5356 506
28.8456 507
29.122 508
29.301 509
29.4848 510
29.6386 511
29.7961 512
29.9054 513
30.0232 514
30.1445 515
30.2599 516
30.2815 515
30.2827 514.394
30.2851 514.091
30.2887 513.788
30.2899 513.485
30.2923 511
30.2935 510
30.2959 509
30.2971 508
30.3007 507.015
30.3031 506.712
30.3044 505
30.308 503
30.3092 502
30.3116 501
30.3128 500.242
30.3152 499.939
30.3164 498
30.3188 497
30.3224 496
30.3236 495
30.326 493.469
30.3272 492
30.3296 491
30.3308 490
30.3344 489
30.3368 488
30.338 487.696
30.3404 485
30.3416 484
30.344 483
30.3476 482
30.3488 481.226
30.3512 479.923
30.3524 478
30.3548 477
30.356 476
30.3596 475
30.362 474.453
30.3632 473
30.3656 471
30.3668 470
30.3692 469
30.3728 468
30.374 467.68
30.3764 465
30.3776 464
30.3801 463
30.3813 462
30.3849 461.21
30.3873 460.907
30.3885 459
30.3921 457
30.3933 456
30.3957 455
30.3969 454.436
30.3993 453
30.4017 452
30.4029 451
30.4053 449
30.4077 448
30.4089 447.664
30.4113 445
30.4149 444
30.4161 443
30.4185 441
30.4197 440.194
30.4221 439.891
30.4233 438
30.4269 437
30.4293 436
30.4305 435
30.4341 432.421
30.4353 431
30.4377 430
30.4389 429
30.4413 428
30.4425 427
30.4449 426.648
30.4461 425
30.4485 424
30.4497 423
30.4521 422
30.4533 421.177
30.4558 420.874
30.457 419
30.4606 418
30.463 417
30.4642 416
30.4666 414.405
30.4678 413
30.4702 412
30.4714 411
30.4738 410
30.475 409
30.4774 408.632
30.4786 407
30.481 406
30.4822 405
30.4858 404
30.4882 403.162
30.4894 402.858
30.4918 400
30.493 399
30.4954 398
30.4966 397
30.499 396.389
30.5002 395
30.5026 394
30.5038 393
30.5062 392
30.5074 391
30.511 390.615
30.5134 389
30.5146 388
30.5182 386
30.5194 385
30.5218 384.146
30.523 383.843
30.5254 382
30.5266 381
30.5291 380
30.5303 379
30.5327 378.372
30.5339 377
30.5363 376
30.5375 375
30.5399 374
30.5411 373
30.5447 372.599
30.5471 371
30.5483 370
30.5507 368
30.5519 367
30.5543 366.13
30.5555 365.827
30.5579 364
30.5591 363
30.5615 362
30.5627 361
30.5759 360
30.5867 359
30.6011 358
30.6348 357
30.66 356
30.6853 355
30.7189 354
30.7333 353
30.7441 351
30.7574 350
31.1779 361
31.4555 362
31.4591 363
31.4627 364
31.4663 365
31.4699 366
31.4735 367
31.4771 368
31.4819 369
31.4855 370
31.5456 371
31.5985 372
31.6453 373
31.6886 374
31.727 375
31.7631 376
31.7979 377
31.8316 378
31.8652 379
31.8952 380
31.9577 381
31.989 382
32.019 383
32.0466 384
32.0755 385
32.0947 386
32.1139 387
32.1332 388
32.1524 389
32.1716 390
32.1908 391
32.2101 392
32.2293 393
32.2497 394
32.2786 395
32.3062 396
32.3266 397
32.3458 398
32.3651 399
32.3843 400
32.4035 401
32.4227 402
32.442 403
32.4636 404
32.4828 405
32.5021 406
32.5237 407
32.5429 408
32.5645 409
32.5838 410
32.6054 411
32.627 412
32.6462 413
32.6679 414
32.6895 415
32.7111 416
32.7328 417
32.7544 418
32.7796 419
32.8037 420
32.8277 421
32.8493 422
32.8733 423
32.8974 424
32.9214 425
32.9454 426
32.9695 427
32.9935 428
33.0187 429
33.0428 430
33.0668 431
33.0908 432
33.1173 433
33.1413 434
33.1653 435
33.1918 436
33.2158 437
33.2422 438
33.2663 439
33.2963 440
33.3312 441
33.3684 442
33.4045 443
33.4405 444
33.4766 445
33.5126 446
33.545 447
33.5811 448
33.6147 449
33.6508 450
33.6832 451
33.7193 452
33.7553 453
33.789 454
33.8238 455
33.8611 456
33.8959 457
33.9332 458
33.968 459
34.0053 460
34.0473 461
34.0882 462
34.1302 463
34.1711 464
34.2131 465
34.254 466
34.296 467
34.3369 468
34.379 469
34.4234 470
34.4655 471
34.5087 472
34.552 473
34.5952 474
34.6385 475
34.6854 476
34.7334 477
34.7827 478
34.8356 479
34.886 480
34.9389 481
34.9918 482
35.0482 483
35.1059 484
35.1612 485
35.2201 486
35.2753 487
35.3354 488
35.3943 489
35.4448 490
35.5 491
35.5541 492
35.6118 493
35.6743 494
35.7332 495
35.7992 496
35.8665 497
35.9446 498
36.0215 499
36.1045 500
36.191 501
36.2787 502
36.37 503
36.4613 504
36.5659 505
36.668 506
36.7834 507
36.9047 508
37.0429 509
37.1907 510
37.2712 509
37.2724 508.395
37.2748 508.092
37.276 507.789
37.2784 507.487
37.2808 506
37.282 505
37.2844 503
37.2856 502
37.2892 501
37.2904 500.669
37.2928 499
37.2941 498
37.2965 497
37.2977 496
37.3001 495.155
37.3013 494.852
37.3037 493
37.3049 492
37.3073 491
37.3085 490
37.3109 489.338
37.3121 488
37.3145 487
37.3157 486
37.3181 484
37.3193 483
37.3217 482.52
37.3229 481
37.3253 480
37.3265 479
37.3301 478
37.3313 477.006
37.3337 476.703
37.3349 475
37.3373 474
37.3385 473
37.3409 472
37.3421 471.189
37.3445 470.886
37.3457 469
37.3481 468
37.3493 467
37.3517 466
37.3529 465.372
37.3553 464
37.3565 463
37.3589 462
37.3601 461
37.3625 460
37.3638 459.554
37.3662 458
37.3674 457
37.3698 456
37.371 455
37.3734 454.039
37.3746 453.737
37.3782 452
37.3794 451
37.3818 450
37.383 449
37.3854 448.222
37.3878 447.919
37.389 446
37.3914 444
37.3926 443
37.3962 442
37.3974 441.405
37.3986 440
37.3998 439
37.4022 438
37.4058 437
37.407 436
37.4094 433.588
37.4106 432
37.413 431
37.4142 430
37.4166 429
37.4178 428.073
37.4202 427.771
37.4214 426
37.425 425
37.4262 424
37.4286 423
37.4298 422.256
37.4322 421.953
37.4334 420
37.4358 419
37.437 418
37.4395 417
37.4407 416.439
37.4431 415
37.4467 414
37.4479 413
37.4503 411
37.4515 410
37.4539 409.622
37.4551 408
37.4575 407
37.4587 406
37.4611 405
37.4623 404.107
37.4647 403.804
37.4659 402
37.4683 401
37.4719 400
37.4731 399
37.4755 397.289
37.4767 396.987
37.4791 395
37.4803 394
37.4827 393
37.4851 392
37.4875 391.472
37.4887 390
37.4911 389
37.4923 388
37.4947 387
37.4959 386
37.4983 385.655
37.4995 384
37.5019 383
37.5031 382
37.5067 381
37.5079 380.141
37.5091 379.838
37.5127 378
37.514 376
37.5164 374
37.5176 373
37.52 372.323
37.5212 371
37.5236 370
37.526 369
37.5284 368
37.5296 367
37.5308 366.506
37.532 365
37.5356 364
37.538 363
37.5392 362
37.5416 360
37.5428 359.689
37.5452 358
37.5464 357
37.6173 356
37.6233 355
37.675 354
37.7314 353
37.7459 352
37.7867 351
37.8528 350
37.991 348
38.1388 347
38.1676 346
38.2121 357
38.9402 358
38.945 359
38.9486 360
38.9522 361
38.9558 362
38.9607 363
39.0832 364
39.1685 365
39.225 366
39.2659 367
39.3043 368
39.3452 369
39.3836 370
39.4461 371
39.5062 372
39.5615 373
39.6119 374
39.6816 375
39.7333 376
39.7825 377
39.8354 378
39.8775 379
39.9195 380
39.9592 381
40.0024 382
40.0409 383
40.0842 384
40.1274 385
40.1719 386
40.2151 387
40.2584 388
40.3028 389
40.3437 390
40.393 391
40.4362 392
40.4807 393
40.5239 394
40.5696 395
40.6141 396
40.6621 397
40.7102 398
40.7595 399
40.8087 400
40.8628 401
40.9157 402
40.9709 403
41.0238 404
41.0767 405
41.1368 406
41.198 407
41.2569 408
41.317 409
41.3807 410
41.448 411
41.5141 412
41.5789 413
41.651 414
41.7255 415
41.7976 416
41.8793 417
41.9586 418
42.0428 419
42.1329 420
42.2218 421
42.3251 422
42.4297 423
42.533 424
42.652 425
42.7817 426
42.9127 427
43.0857 428
43.254 429
43.4703 430
43.7574 431
44.202 432
44.7656 433
45.8494 434
46.2003 435
46.6473 436
46.8323 437
47.1171 438
47.3358 439
47.5112 440
47.6819 441
47.8321 442
47.9751 443
48.094 444
48.1865 445
48.2743 446
48.3548 447
48.4353 448
48.511 449
48.5855 450
48.6624 451
48.7369 452
48.8102 453
48.8835 454
48.952 455
49.012 456
49.0709 457
49.131 458
49.1815 459
49.2379 460
49.2932 461
49.3437 462
49.3966 463
49.4446 464
49.4939 465
49.5407 466
49.5912 467
49.6381 468
49.6825 469
49.7294 470
49.7763 471
49.8183 472
49.8652 473
49.9024 474
49.9421 475
49.9829 476
50.0202 477
50.0622 478
50.0959 479
50.1379 480
50.1716 481
50.2064 482
50.2425 481
50.2437 480.393
50.2473 480.089
50.2497 479.785
50.2509 479.482
50.2545 478.178
50.2557 477
50.2581 476
50.2593 475
50.2617 474
50.2629 473
50.2665 472.124
50.2677 471
50.2701 470
50.2713 469
50.2749 468
50.2773 467
50.2785 466.069
50.281 464
50.2822 463
50.2858 462
50.2882 461
50.2894 460
50.293 457.015
50.2942 456
50.2966 455
50.2978 454
50.3014 453
50.3026 452
50.305 451
50.3062 450
50.3086 449
50.3098 448
50.3134 447
50.3146 446
50.317 445
50.3182 444
50.3218 443
50.3242 442
50.3254 441
50.329 439
50.3302 438
50.3326 437
50.3338 436
50.3374 435
50.3386 434
50.341 433
50.3422 432
50.3458 430
50.347 429
50.3494 428
50.3506 427
50.3542 426
50.3555 425
50.3579 424
50.3591 423
50.3615 422
50.3627 421
50.3651 420
50.3663 419
50.3687 418
50.3711 417
50.3735 416
50.3747 415
50.3771 414
50.3783 413
50.3819 412
50.3831 411
50.3855 410
50.3867 409
50.3903 408
50.3915 407
50.3939 405
50.3951 404
50.3987 403
50.4011 402
50.4023 401
50.4059 399
50.4071 398.219
50.4095 397
50.4107 396
50.4143 395
50.4155 394
50.4179 393
50.4191 392.164
50.4227 391
50.4239 390
50.4263 389
50.4275 388
50.4299 387
50.4312 386.11
50.4348 385
50.436 384
50.4384 383
50.4396 382
50.442 380
50.4456 379.055
50.4468 378
50.4492 376
50.4504 375
50.454 374
50.4564 373
50.4576 372
50.4612 370
50.4624 369
50.4648 368
50.466 367
50.4696 366
50.4708 365
50.4732 364
50.4744 363
50.478 362
50.4792 361
50.4816 360
50.4828 359
50.4852 358
50.4864 357
50.49 355
50.4912 354
50.4948 353
50.496 352
50.4984 351
50.4996 350
50.5032 349
50.5044 348
50.5069 347
50.5081 346
50.5117 345
50.5129 344
50.5153 343
50.5165 342
50.5201 341
50.5213 340
50.5237 339
50.5249 338
50.5285 337
50.5405 336
50.591 335
50.6318 334
50.7544 333
50.7676 332
50.8145 331
50.8517 330
50.8589 329
50.8902 328
50.9322 327
50.9358 326
50.9695 325
51.0103 324
51.0139 323
51.0368 322
51.0464 321
51.08 320
51.1197 319
51.1269 318
51.1557 317
51.1834 337
51.187 336
51.193 337
51.9992 338
52.004 339
52.0701 340
52.0737 341
52.0785 342
52.0833 343
52.0881 344
52.0929 345
52.0977 346
52.1026 347
52.1074 348
52.1638 349
52.2203 350
52.2756 351
52.3176 352
52.3657 353
52.4078 354
52.4498 355
52.4871 356
52.5255 357
52.5628 358
52.5952 359
52.6277 360
52.6541 361
52.6841 362
52.7022 363
52.7214 364
52.7382 365
52.7574 366
52.7742 367
52.7935 368
52.8127 369
52.8319 370
52.8656 371
52.8956 372
52.9329 373
52.9641 374
52.9953 375
53.0278 376
53.0614 377
53.0915 378
53.1239 379
53.1552 380
53.1888 381
53.2212 382
53.2525 383
53.2837 384
53.3114 385
53.3378 386
53.363 387
53.3883 388
53.4135 389
53.4375 390
53.4628 391
53.4868 392
53.512 393
53.5361 394
53.5613 395
53.5889 396
53.6178 397
53.649 398
53.6803 399
53.7079 400
53.7379 401
53.7704 402
53.804 403
53.8353 404
53.8665 405
53.9026 406
53.935 407
53.971 408
54.0035 409
54.0383 410
54.0708 411
54.1044 412
54.1357 413
54.1693 414
54.1969 415
54.2306 416
54.2618 417
54.2955 418
54.3267 419
54.3604 420
54.3916 421
54.4252 422
54.4565 423
54.4937 424
54.5274 425
54.5706 426
54.6043 427
54.6451 428
54.6824 429
54.722 430
54.7641 431
54.8001 432
54.841 433
54.8819 434
54.9227 435
54.9624 436
55.0056 437
55.0465 438
55.0897 439
55.1294 440
55.1714 441
55.2183 442
55.2628 443
55.3084 444
55.3565 445
55.4046 446
55.4538 447
55.5055 448
55.5235 447
55.5247 446.392
55.5283 446.087
55.5295 445.782
55.5331 445.478
55.5343 445.173
55.5379 444
55.5391 443
55.5415 442
55.5427 441
55.5463 440
55.55 439
55.5512 438.49
55.5548 435
55.556 434
55.5596 433
55.5608 432
55.5644 431
55.5656 430.112
55.5692 429
55.5704 428
55.574 427
55.5752 426
55.5788 425
55.58 424
55.5824 423.429
55.586 422
55.5872 421
55.5908 419
55.592 418
55.5956 416
55.5968 415.05
55.6004 414
55.6016 413
55.6052 412
55.6064 411
55.61 410
55.6112 409
55.6149 408.367
55.6161 407
55.6185 406
55.6197 405
55.6233 404
55.6245 403
55.6281 402
55.6293 401
55.6329 399
55.6341 398
55.6377 397
55.6389 396
55.6425 395
55.6437 394.305
55.6473 393
55.6485 392
55.6509 391
55.6545 390
55.6557 389
55.6593 387
55.6629 386
55.6641 385
55.6677 383
55.6689 382
55.6725 380
55.6737 379
55.6773 378.242
55.6785 377
55.6821 376
55.6833 375
55.6869 374
55.6882 373
55.6906 372
55.6918 371
55.6954 370
55.6966 369
55.7002 368
55.7014 367
55.705 366
55.7062 365.181
55.7098 364
55.711 363
55.7146 361
55.7158 360
55.7194 359
55.7206 358
55.723 357.497
55.7266 356
55.7278 355
55.7314 353
55.7326 352
55.7362 351
55.7374 350.119
55.741 349
55.7422 348
55.7458 347
55.747 346
55.7506 344
55.7518 343
55.7554 342.436
55.759 341
55.7602 340
55.7627 338
55.7639 337
55.7675 336
55.7687 335.057
55.7723 334
55.7735 333
55.7771 332
55.7783 331
55.7819 330
55.7831 329
55.7867 328.374
55.7879 327
55.7915 325
55.7927 324
55.7951 323
55.7987 322
55.7999 321
55.8035 319
55.8047 318
55.8083 317
55.8095 316
55.8131 315
55.8143 314
55.8179 313
55.8323 312
55.872 311
55.8756 310
55.9465 309
55.9561 308
55.9729 307
55.997 306
56.0138 305
56.0174 304
56.0402 303
56.0474 302
56.0751 301
56.0787 300
56.0859 299
56.1075 298
56.1219 297
56.1303 296
56.1604 295
56.1688 293
56.1856 292
56.212 291
56.2205 290
56.2325 289
56.2589 288
56.3046 286
56.3454 285
56.355 284
56.3803 283
56.4043 282
56.4079 281
56.4524 280
56.4584 313
56.7936 314
56.796 315
56.7984 316
56.8008 317
56.8224 318
56.8837 319
56.9462 320
56.9919 321
57.0399 322
57.088 323
57.1361 324
57.1865 325
57.243 326
57.3007 327
57.3547 328
57.4052 329
57.4581 330
57.5049 331
57.5542 332
57.6011 333
57.6515 334
57.6984 335
57.7477 336
57.7813 337
57.815 338
57.8486 339
57.8955 340
57.9531 341
58.0096 342
58.0685 343
58.125 344
58.1839 345
58.2415 346
58.2992 347
58.3569 348
58.4073 349
58.4602 350
58.5095 351
58.5696 352
58.632 353
58.6957 354
58.7594 355
58.8279 356
58.9 357
58.9685 358
59.0406 359
59.1079 360
59.1824 361
59.2473 362
59.3254 363
59.4071 364
59.496 365
59.5885 366
59.6786 367
59.782 368
59.8865 369
59.9995 370
60.1256 371
60.2614 372
60.3984 373
60.5294 374
60.6796 375
60.8346 376
61.0617 377
61.3573 378
61.7778 379
62.6718 380
63.5742 381
64.0645 382
64.4286 383
64.5956 384
64.8263 385
65.0318 386
65.176 387
65.319 388
65.4535 389
65.5821 390
65.6975 391
65.7972 392
65.8993 393
65.9858 394
66.0748 395
66.1493 396
66.2274 397
66.3007 398
66.374 399
66.4461 400
66.5109 401
66.5782 402
66.6407 403
66.7032 404
66.7621 405
66.8185 406
66.875 407
66.9255 408
66.9772 409
67.0288 410
67.0793 411
67.1262 412
67.1754 413
67.2187 414
67.2643 415
67.3148 416
67.3581 417
67.3989 418
67.4446 419
67.4878 420
67.5287 421
67.5671 422
67.6104 423
67.6537 422
67.6549 421.393
67.6561 421.09
67.6573 420.786
67.6609 420.483
67.6621 420.179
67.6657 419
67.6669 418
67.6705 417
67.6717 416
67.6753 415
67.6789 414
67.6801 413.235
67.6837 411
67.6849 410
67.6885 409
67.6897 408
67.6933 407
67.6945 406
67.6981 405.29
67.6993 404
67.7029 403
67.7041 402
67.7078 401
67.709 400
67.7126 398
67.7138 397.345
67.7174 396
67.7186 395
67.7198 394
67.721 393
67.7234 392
67.7246 391
67.7282 390.401
67.7294 389
67.7318 388
67.733 387
67.7354 386
67.7366 385
67.7402 384
67.7414 383.456
67.7438 382
67.745 381
67.7486 380
67.7498 379
67.7522 378
67.7534 377
67.7546 376.512
67.7582 375
67.7594 374
67.7618 373
67.763 372
67.7666 371
67.7678 370
67.7702 369.567
67.7714 368
67.775 367
67.7762 366
67.7787 365
67.7799 364
67.7835 363
67.7847 362.623
67.7871 361
67.7883 360
67.7919 359
67.7931 358
67.7955 357
67.7967 356
67.8003 355.678
67.8015 354
67.8039 353
67.8051 352
67.8063 351
67.8099 350
67.8111 349.037
67.8135 348.733
67.8147 347
67.8183 346
67.8195 345
67.8219 344
67.8231 343
67.8267 342.093
67.8279 341.789
67.8303 340
67.8315 339
67.8351 338
67.8363 337
67.8375 336
67.8387 335.148
67.8423 334
67.8435 333
67.8459 332
67.8471 331
67.8507 330
67.8519 329
67.8531 328.204
67.8556 327
67.8568 326
67.8604 325
67.8616 324
67.864 323
67.8652 322
67.8688 321.259
67.87 320
67.8724 319
67.8736 318
67.8772 317
67.8784 316
67.8808 315
67.882 314.314
67.8856 313
67.8868 312
67.8892 311
67.8904 310
67.894 309
67.8952 308
67.8976 307.369
67.8988 306
67.9 305
67.9036 304
67.9048 303
67.9072 302
67.9084 301
67.912 300.425
67.9132 299
67.9156 298
67.9168 297
67.9204 296
68.4299 297
68.4323 298
68.4347 299
68.4371 300
68.4395 301
68.4419 302
68.4443 303
68.4467 304
68.4491 305
68.4732 306
68.526 307
68.5717 308
68.6125 309
68.6522 310
68.6882 311
68.7219 312
68.7531 313
68.7844 314
68.8156 315
68.8456 316
68.8745 317
68.9033 318
68.9274 319
68.9538 320
68.9802 321
69.0139 322
69.0523 323
69.0884 324
69.1244 325
69.1557 326
69.1917 327
69.2242 328
69.2554 329
69.2878 330
69.3203 331
69.3515 332
69.384 333
69.4128 334
69.444 335
69.4729 336
69.5041 337
69.533 338
69.5654 339
69.5979 340
69.6315 341
69.6687 342
69.7012 343
69.7396 344
69.7709 345
69.7997 346
69.8334 347
69.8658 348
69.8983 349
69.9307 350
69.9643 351
69.9968 352
70.0292 353
70.0629 354
70.0941 355
70.1278 356
70.159 357
70.1962 358
70.2287 359
70.2719 360
70.3092 361
70.3537 362
70.3909 363
70.4366 364
70.4762 365
70.5171 366
70.5555 367
70.6 368
70.6372 369
70.6817 370
70.7189 371
70.7634 372
70.7946 373
70.8295 374
70.8631 375
70.8992 376
70.9328 377
70.9725 378
71.0061 379
71.047 380
71.0866 381
71.1287 382
71.1731 383
71.2176 384
71.2705 385
71.3161 386
71.369 387
71.4207 388
71.4711 389
71.5228 390
71.5733 391
71.6237 392
71.6742 393
71.7247 394
71.7812 395
71.8304 396
71.8857 397
71.9482 398
72.0047 399
72.0683 400
72.1332 401
72.2017 402
72.2726 403
72.3411 404
72.4192 405
72.4925 406
72.5718 407
72.6559 408
72.7352 409
72.8205 410
72.9107 411
73.008 412
73.1113 413
73.2255 414
73.342 415
73.4706 416
73.6256 417
73.7698 418
73.9561 419
74.1892 420
74.4836 421
74.9149 422
75.8354 423
76.757 424
77.2076 425
77.3734 426
77.6498 427
77.8396 428
78.0139 429
78.1629 430
78.2902 431
78.4236 432
78.5462 433
78.6675 434
78.7733 435
78.867 436
78.9559 437
79.0412 438
79.1205 439
79.195 440
79.2707 441
79.3368 442
79.4077 443
79.475 444
79.5411 445
79.6024 446
79.6649 447
79.7213 448
79.7766 449
79.8307 450
79.8859 451
79.9364 452
79.9857 453
80.0313 454
80.0806 455
80.1191 456
80.1479 457
80.1767 458
80.2056 459
80.2344 460
80.2633 461
80.2921 462
80.3209 463
80.3498 464
80.3786 465
80.4074 466
80.4363 467
80.4651 468
80.494 469
80.5228 470
80.5516 471
80.5805 472
80.6093 473
80.6394 474
80.6718 475
80.6982 476
80.7247 477
80.7535 478
80.7799 479
80.8088 480
80.8376 481
80.8665 482
80.8953 483
80.9241 484
80.9506 485
80.977 486
81.0058 487
81.0323 488
81.0611 489
81.0875 490
81.114 491
81.1404 492
81.1669 493
81.1933 494
81.2209 495
81.2582 496
81.2918 497
81.3267 498
81.3591 499
81.3928 500
81.424 501
81.4564 502
81.4865 503
81.5189 504
81.549 505
81.5766 506
81.609 507
81.6355 508
81.6643 509
81.692 510
81.7196 511
81.7472 512
81.7713 513
81.7989 514
81.8265 515
81.8518 516
81.8782 517
81.9034 518
81.9275 519
81.9527 520
81.9755 521
82.0008 522
82.0248 523
82.0488 524
82.0741 525
82.1005 526
82.1233 527
82.151 528
82.175 529
82.2026 530
82.2255 531
82.2507 532
82.2735 533
82.2964 534
82.3204 535
82.3444 536
82.3673 537
82.3913 538
82.4153 539
82.4381 540
82.4622 541
82.4814 542
82.5042 543
82.5247 544
82.5487 545
82.5679 546
82.5908 547
82.6124 545
82.6148 544.392
82.616 544.088
82.6196 542.784
82.622 542.479
82.6232 541
82.6256 539
82.6268 538
82.6292 537
82.6304 536.227
82.6328 535
82.634 534
82.6376 533
82.64 532
82.6412 530
82.6436 528.671
82.6448 527
82.6472 526
82.6485 525
82.6509 524
82.6521 523.419
82.6545 522
82.6569 521
82.6605 520
82.6617 518
82.6641 516.166
82.6665 515
82.6677 513
82.6713 511
82.6737 510
82.6749 509
82.6773 507.61
82.6785 506
82.6809 505
82.6821 504
82.6845 503
82.6857 502.358
82.6893 501
82.6917 500
82.6929 499
82.6953 496
82.6965 495.106
82.7001 494
82.7025 493
82.7037 492
82.7061 490
82.7085 489
82.7097 488.55
82.7121 486
82.7133 485
82.7157 484
82.7169 483
82.7205 481.298
82.7229 480
82.7242 479
82.7266 477
82.7278 476
82.7302 475.045
82.7314 474
82.7338 473
82.735 472
82.7374 471
82.7398 470
82.741 469.489
82.7434 467
82.7446 466
82.747 464
82.7482 463
82.7518 462.237
82.7542 461
82.7554 460
82.7578 458
82.759 457
82.7602 456
82.7614 455.68
82.765 454
82.7674 453
82.7686 452
82.771 450
82.7746 449.428
82.7758 447
82.7782 445
82.7794 444
82.783 443
82.7854 442.176
82.7866 441
82.789 439
82.7902 438
82.7926 437
82.7938 436
82.7962 435.619
82.7974 434
82.8011 432
82.8035 431
82.8047 430
82.8071 428.367
82.8095 427
82.8107 426
82.8143 424
82.8167 423
82.8179 422.115
82.8203 420
82.8227 419
82.8239 418
82.8263 415
82.8275 414
82.8299 413.559
82.8311 412
82.8347 411
82.8371 410
82.8383 409
82.8407 407.307
82.8419 406
82.8443 405
82.8455 404
82.8479 403
82.8491 402.055
82.8527 400
82.8551 399
82.8563 398
82.8587 396
82.8611 395
82.8623 394.499
82.8659 392
82.8683 391
82.8695 390
82.8719 388
82.8731 387.246
82.8756 385
82.8768 384
82.8792 383
82.8804 382
82.89 381
82.9032 379
82.9044 378
82.9068 377
82.9176 376
82.9248 374
82.9284 373
82.938 372
82.9392 371
82.9428 370
82.9501 368
82.9525 367
82.9633 366
82.9705 365
82.9741 363
82.9837 362
82.9861 361
82.9873 360
82.9897 359
83.0005 358
83.0017 357
83.0041 356
83.0161 355
83.0197 354
83.0258 353
83.0294 352
83.0306 351
83.0342 350
83.0426 349
83.051 347
83.0546 346
83.063 345
83.0726 344
83.0738 342
83.0774 341
83.0858 340
83.093 339
83.0966 338
83.1003 337
83.1171 336
83.1255 334
83.1339 333
83.1375 332
83.1447 331
83.1483 330
83.1543 329
83.1555 328
83.1591 327
83.1723 326
83.176 325
83.1808 324
83.1868 323
83.2 322
83.2072 321
83.2108 320
83.2228 319
83.23 318
83.2336 317
83.2456 316
83.2541 315
83.2625 314
83.2709 312
83.2745 311
83.2829 310
83.2865 309
83.2949 307
83.3009 306
83.3129 305
83.3177 303
83.3237 302
83.337 301
83.3442 300
83.3454 299
83.349 298
83.3574 297
83.3658 295
83.3682 294
83.3766 293
83.3862 292
83.3874 290
83.391 289
83.3995 288
83.4079 287
83.4151 286
83.4187 285
83.4199 284
83.4235 283
83.4319 281
83.4379 280
83.4547 278
83.4607 277
83.4739 276
83.4824 275
83.4908 274
83.5016 272
83.5028 271
83.5064 270
83.5136 269
83.5196 268
83.5232 267
83.5244 266
83.5268 265
83.5533 382
84.2093 383
84.2141 384
84.2177 385
84.2213 386
84.2622 387
84.2946 388
84.3283 389
84.3583 390
84.3883 391
84.4677 392
84.5085 393
84.5434 394
84.5794 395
84.6166 396
84.6479 397
84.6827 398
84.7128 399
84.7452 400
84.7789 401
84.8077 402
84.8365 403
84.8714 404
84.9014 405
84.9339 406
84.9579 407
84.9735 408
84.9903 409
85.0048 410
85.0192 411
85.036 412
85.0504 413
85.0672 414
85.0817 415
85.0985 416
85.1129 417
85.1297 418
85.1466 419
85.1634 420
85.1802 421
85.197 422
85.2199 423
85.2511 424
85.2835 425
85.3136 426
85.346 427
85.3761 428
85.4037 429
85.4361 430
85.4626 431
85.4962 432
85.5227 433
85.5563 434
85.5827 435
85.6164 436
85.6428 437
85.6729 438
85.6933 439
85.7185 440
85.7389 441
85.7642 442
85.7846 443
85.8098 444
85.8315 445
85.8555 446
85.8771 447
85.9012 448
85.9264 449
85.9504 450
85.9757 451
85.9997 452
86.0237 453
86.0478 454
86.079 455
86.1102 456
86.1427 457
86.1727 458
86.2052 459
86.234 460
86.2664 461
86.2977 462
86.3301 463
86.3614 464
86.3938 465
86.4251 466
86.4575 467
86.4887 468
86.52 469
86.5536 470
86.5825 471
86.6149 472
86.6437 473
86.675 474
86.7038 475
86.7351 476
86.7639 477
86.7964 478
86.8252 479
86.8564 480
86.8889 481
86.9057 480
86.9069 479.392
86.9093 479.087
86.9105 478.783
86.9129 478.479
86.9141 478.174
86.9165 477
86.9177 476
86.9201 475
86.9225 474
86.9237 472
86.9261 470.107
86.9273 469
86.9298 468
86.931 467
86.9334 466
86.9346 465
86.937 464.04
86.9382 463
86.9406 462
86.9418 461
86.9442 460
86.9454 459
86.9478 457
86.9514 456
86.9538 455
86.955 453
86.9586 451
86.961 450
86.9622 449
86.9658 447
86.9682 446
86.9694 445
86.973 442
86.9754 441
86.9766 440
86.979 438
86.9826 437
86.985 436
86.9862 434
86.9898 432
86.9934 431
86.9946 430
86.997 427
86.9982 426
87.0018 425
87.003 424
87.0067 423
87.0079 422
87.0115 421
87.0127 420
87.0163 419
87.0199 418
87.0211 417
87.0247 415
87.0259 414
87.0295 412
87.0307 411
87.0343 410
87.0355 409
87.0391 408
87.0403 407
87.0427 406
87.0463 405
87.0475 404
87.0499 402
87.0523 401.198
87.0547 400
87.0559 399
87.0595 397
87.0607 396
87.0643 395
87.0655 394.131
87.0691 393
87.0703 392
87.0739 391
87.0751 390
87.0787 389
87.08 388.064
87.0836 387
87.0848 386
87.0884 385
87.0896 384
87.0932 382
87.0944 381
87.0968 380
87.098 379
87.1016 378
87.1028 377
87.1064 376
87.1076 375
87.11 374
87.1136 373
87.1148 372
87.1184 370
87.1196 369
87.1232 367
87.1244 366
87.128 365
87.1292 364
87.1328 363
87.1364 362
87.1376 361
87.1412 359
87.1424 358
87.146 357
87.1472 356
87.1508 355
87.152 354
87.1557 352
87.1569 351
87.1605 350
87.1617 349
87.1641 348
87.1653 347
87.1689 346
87.1701 345
87.1737 344
87.1761 343
87.1797 342
87.1809 340
87.1845 337
87.1857 336
87.2169 335
87.247 333
87.3119 331
87.3251 330
87.3443 329
87.3743 327
87.408 326
87.4392 324
87.4705 322
87.5005 321
87.5029 319
87.5149 318
87.5318 316
87.563 315
87.5882 314
87.593 313
87.6051 312
87.6123 311
87.6243 309
87.6363 308
87.6483 307
87.6531 306
87.6651 305
87.6723 304
87.6844 302
87.6964 301
87.7132 300
87.724 299
87.7456 298
87.7577 297
87.7697 296
87.7733 295
87.7817 294
87.7889 293
87.8057 291
87.8177 290
87.8346 289
87.8382 288
87.8418 287
87.8478 336
88.7069 337
88.7105 338
88.7141 339
88.7165 340
88.7694 341
88.9016 342
88.9652 343
89.0277 344
89.0914 345
89.1551 346
89.2116 347
89.2704 348
89.3305 349
89.3798 350
89.4182 351
89.4423 352
89.4711 353
89.4975 354
89.5264 355
89.5528 356
89.5841 357
89.6309 358
89.6826 359
89.7379 360
89.8016 361
89.8532 362
89.9121 363
89.9698 364
90.0299 365
90.0827 366
90.1248 367
90.1644 368
90.2065 369
90.251 370
90.2954 371
90.3363 372
90.3807 373
90.4372 374
90.4985 375
90.5646 376
90.6307 377
90.6967 378
90.7616 379
90.8301 380
90.8938 381
90.9575 382
91.0128 383
91.0765 384
91.1377 385
91.2026 386
91.2627 387
91.3372 388
91.4189 389
91.5018 390
91.5871 391
91.6785 392
91.7734 393
91.8623 394
91.9608 393
91.9644 390.39
91.9681 390.084
91.9693 389.778
91.9729 388.472
91.9741 388.167
91.9777 387.861
91.9813 386
91.9825 385
91.9861 383
91.9909 382
91.9921 381
91.9957 379
91.9969 378.55
92.0005 377
92.0017 376
92.0041 375
92.0053 374
92.0089 373
92.0101 372
92.0137 371.238
92.0149 370.932
92.0173 369
92.0185 368
92.0221 367
92.0233 366
92.0269 364
92.0281 363
92.0317 362.621
92.0329 361
92.0366 360
92.0402 359
92.0414 358
92.045 356
92.0486 355
92.0498 354.309
92.0534 353.003
92.0582 352
92.0594 351
92.0618 349
92.0654 348
92.0666 347
92.0714 345
92.075 344
92.0762 343
92.0798 341
92.0834 340
92.0846 339
92.0882 336
92.0894 335
92.093 334
92.0942 333.075
92.0978 332
92.099 331
92.1026 330
92.1038 329
92.1074 328
92.1111 327
92.1123 326
92.1159 324
92.1171 323
92.1207 322
92.1255 321
92.1267 320
92.1303 318
92.1339 317
92.1351 316.146
92.1387 314
92.1399 313
92.1435 312
92.1447 311
92.1471 310
92.1483 309
92.1519 307
92.1555 306
92.1567 305
92.1603 303
92.1615 302
92.1651 301
92.1663 300
92.1687 299
92.1723 298
92.1735 297
92.1771 295
92.1783 294
92.1807 293
92.1819 292
92.1855 291
92.1868 290
92.1904 289
92.1916 288
92.1952 287
92.1964 286
92.2 285
92.2012 284
92.2048 283
92.2084 282
92.2096 281
92.2144 278
92.218 277
92.2192 276
92.2228 275
92.2312 274
92.2865 273
92.2961 272
92.5989 275
92.6397 276
92.6421 277
92.6445 278
92.6469 279
92.6578 280
92.7178 281
92.7851 282
92.8428 283
92.8957 284
92.9401 285
92.9882 286
93.0519 287
93.1204 288
93.1805 289
93.2393 290
93.2922 291
93.3499 292
93.4003 293
93.458 294
93.5073 295
93.5541 296
93.5878 297
93.6238 298
93.6623 299
93.7296 300
93.7957 301
93.8642 302
93.9206 303
93.9807 304
94.042 305
94.1021 306
94.1562 307
94.2138 308
94.2691 309
94.3376 310
94.4133 311
94.489 312
94.5659 313
94.6392 314
94.7173 315
94.799 316
94.8819 317
94.9576 318
95.0417 319
95.1306 320
95.2496 321
95.3638 322
95.4767 323
95.5957 324
95.6966 325
95.7927 326
95.9141 327
96.0535 328
96.2385 329
96.4164 330
96.6098 331
96.8814 332
97.32 333
98.1743 334
99.0839 335
99.6847 336
99.8806 337
