0.200111 10
0.401609 11
0.406416 13
0.411222 15
0.416029 17
0.420835 19
0.619926 21
0.631942 23
0.644626 25
0.658467 27
0.672307 29
0.686148 31
0.699989 33
0.71383 35
0.804597 37
0.831032 39
0.852661 41
0.855064 43
0.862942 45
0.876783 47
0.8896 49
0.900587 51
0.945602 53
0.954147 55
0.962692 57
0.971237 59
0.979782 61
1.00609 63
1.02532 65
1.05896 67
1.07819 69
1.10222 71
1.10462 73
1.10703 75
1.10943 77
1.11183 79
1.11423 81
1.11664 83
1.11904 85
1.12252 87
1.13106 89
1.13961 91
1.14802 93
1.15579 95
1.163 97
1.16997 99
1.1765 101
1.18281 103
1.18875 105
1.19469 107
1.20063 109
1.20657 111
1.2196 113
1.23162 115
1.24363 117
1.25565 119
1.26766 121
1.28208 123
1.2965 125
1.30852 127
1.32294 129
1.33255 131
1.34457 133
1.3662 135
1.37821 137
1.41426 139
1.41666 141
1.41907 143
1.42147 145
1.42387 147
1.42628 149
1.42868 151
1.43108 153
1.45992 155
1.46232 157
1.46473 159
1.46713 161
1.46953 163
1.47194 165
1.47434 167
1.47674 169
1.47915 171
1.48155 173
1.49236 175
1.49957 177
1.50798 179
1.51519 181
1.5224 183
1.52961 185
1.53682 187
1.54644 189
1.65698 191
3.93281 191.203
9.81465 124.158
10.2016 126.158
10.2016 4
10.2208 6
10.2208 4
10.2388 6
10.2388 4
10.2568 6
10.2568 4
10.2749 6
10.2749 4
10.2917 6
10.2917 4
10.3121 6
10.3121 4
10.3289 6
10.3289 4
10.3482 6
10.3482 4
10.3662 6
10.3662 4
10.3854 6
10.3854 4
10.4046 6
10.4046 4
10.4215 6
10.4215 4
10.4419 6
10.4419 4
10.4587 6
10.4587 4
10.4779 6
10.4779 4
10.4948 6
10.4948 4
10.514 6
10.514 4
10.532 6
10.532 4
10.5488 6
10.5488 4
10.568 6
10.568 4
10.5849 6
10.5849 4
10.6053 6
10.6053 4
10.6221 6
10.6221 4
10.6413 6
10.6413 4
10.6582 6
10.6582 4
10.6858 6
10.6858 4
10.7146 6
10.7146 4
10.7411 6
10.7411 4
10.7687 6
10.7687 4
10.7952 6
10.7952 4
10.8216 6
10.8216 4
10.8492 6
10.8492 4
10.8781 6
10.8781 4
10.9045 6
10.9045 4
10.9309 6
10.9309 4
10.9586 6
10.9586 4
10.985 6
10.985 4
11.0114 6
11.0114 4
11.2247 5
11.2247 4
11.7588 124.158
11.7588 126.158
11.9648 127.158
12.1739 128.158
12.5134 130.158
12.5231 132.158
12.5327 134.158
12.5423 136.158
12.5531 138.158
12.5639 140.158
12.5747 142.158
12.5843 144.158
12.5939 146.158
12.606 148.158
12.6156 150.158
12.6252 152.158
12.6348 154.158
12.6468 156.158
12.6564 158.158
12.666 160.158
12.6757 162.158
12.6865 164.158
12.6973 166.158
12.7069 168.158
12.7165 170.158
12.7261 172.158
12.7381 174.158
12.7478 176.158
12.7574 178.158
12.767 180.158
12.779 182.158
12.7886 184.158
12.797 186.158
12.8078 188.158
12.8174 190.158
12.8271 192.158
12.8367 194.158
12.8487 196.158
12.8583 198.158
12.8679 200.158
12.8775 202.158
12.8895 204.158
12.8992 206.158
12.9088 208.158
12.9184 210.158
12.9292 212.158
12.94 214.158
12.9496 216.158
12.9592 218.158
12.9688 220.158
12.9809 222.158
12.9905 224.158
13.0001 226.158
13.0097 228.158
13.0217 230.158
13.0313 232.158
13.0409 234.158
13.0506 236.158
13.0614 238.158
13.0722 240.158
13.0818 242.158
13.0914 244.158
13.101 246.158
13.113 248.158
13.1227 250.158
13.1323 252.158
13.1419 254.158
13.1539 256.158
13.4182 191.494
13.4255 193.494
13.4351 195.494
13.4423 197.494
13.4519 199.494
13.4591 201.494
13.4687 203.494
13.4759 205.494
13.4867 207.494
13.4939 209.494
13.5012 211.494
13.5108 213.494
13.518 215.494
13.5276 217.494
13.5348 219.494
13.5444 221.494
13.5516 223.494
13.5612 225.494
13.5684 227.494
13.5781 229.494
13.5853 231.494
13.5949 233.494
13.6021 235.494
13.6117 237.494
13.6189 239.494
13.6285 241.494
13.6357 243.328
13.7102 245.328
13.7198 247.328
13.7271 249.328
13.7343 251.328
13.7439 253.006
13.7607 255.006
13.7679 255.756
13.7943 257.756
13.8016 258.492
13.828 260.492
13.8352 260.559
13.8616 260.753
13.9938 262.753
14.0034 264.753
14.0106 266.753
14.0166 268.753
14.0263 270.753
14.0323 272.753
14.0419 274.753
14.0479 276.753
14.0575 277.947
14.0731 279.947
14.0791 281.276
14.1224 281.631
14.1272 282.631
14.1296 136
14.1296 135
14.1296 136
14.1801 135
14.2305 134
14.281 133
14.3315 132
14.4276 133
14.4336 134
14.442 135
14.4504 136
14.4601 137
14.4661 138
14.4745 139
14.4805 140
14.4889 141
14.4973 142
14.5057 143
14.5117 144
14.5201 145
14.5285 146
14.5346 147
14.543 148
14.549 149
14.5574 150
14.5658 151
14.5718 152
14.5802 153
14.5886 154
14.5946 155
14.6018 156
14.6091 157
14.6175 158
14.6235 159
14.6319 160
14.6379 161
14.6463 162
14.6523 163
14.6607 164
14.6667 165
14.6751 166
14.6811 167
14.6896 168
14.6956 169
14.704 170
14.71 171
14.7172 172
14.7244 173
14.7304 174
14.7388 175
14.7448 176
14.7532 177
14.7593 178
14.7665 179
14.7737 180
14.7797 181
14.7881 182
14.7941 183
14.8025 184
14.8085 185
14.8169 186
14.8229 187
14.8289 188
14.8374 189
14.8434 190
14.8518 191
14.8578 192
14.8626 193
14.8638 194
14.8662 195
14.8674 196
14.8686 197
14.8698 198
14.871 199
14.8722 200
14.8734 201
14.8746 202
14.8758 203
14.877 204
14.8782 205
14.8794 206
14.8806 207
14.8818 208
14.883 207
14.883 208
14.8842 209
14.8854 210
14.8866 211
14.8878 212
14.889 213
14.8902 214
14.8914 215
14.8926 216
14.8938 217
14.895 216
14.895 217
14.8962 218
14.8974 219
14.8986 220
14.8998 221
14.901 222
14.9022 223
14.9034 224
14.9046 225
14.9058 226
14.907 225
14.907 226
14.9082 227
14.9094 228
14.9106 229
14.9118 230
14.913 231
14.9143 232
14.9179 233
14.9239 234
14.9287 235
14.9323 234
14.9323 235
14.9371 236
14.9419 237
14.9467 238
14.9503 239
14.9551 240
14.9587 241
14.9635 242
14.9683 243
14.9731 244
14.9779 245
14.9815 282.631
14.9815 67.4296
14.9815 68.4296
14.9899 70.4296
14.9995 72.4296
15.0068 74.4296
15.0176 76.4296
15.0284 78.4296
15.0392 80.4296
15.0512 82.4296
15.0897 84.4296
15.0993 86.4296
15.1089 88.4296
15.1197 90.4296
15.1281 92.4296
15.1377 94.4296
15.1473 96.4296
15.157 98.4296
15.1666 100.43
15.1762 102.43
15.187 104.43
15.1966 106.43
15.205 108.43
15.2146 110.43
15.2242 112.43
15.2339 114.43
15.2435 116.43
15.2543 118.43
15.2639 120.43
15.2723 122.43
15.2819 124.43
15.2915 126.43
15.3012 128.43
15.3108 130.43
15.3204 132.43
15.33 134.43
15.3396 136.43
15.3492 138.43
15.3588 140.43
15.3684 142.43
15.3781 144.43
15.3877 146.43
15.3973 148.43
15.4069 150.43
15.4165 152.43
15.4249 154.43
15.4345 156.43
15.4453 158.43
15.455 160.43
15.4634 162.43
15.473 164.43
15.4826 166.43
15.4922 168.43
15.5018 170.43
15.5114 172.43
15.521 174.43
15.5307 176.43
15.5403 178.43
15.5487 180.43
15.5583 182.43
15.5799 184.43
15.5991 186.43
15.6016 188.43
15.604 190.43
15.6064 192.43
15.6088 194.43
15.6112 196.43
15.6196 198.43
15.628 200.43
15.6364 202.43
15.6448 204.43
15.6532 206.43
15.6616 208.43
15.6712 210.43
15.8671 212.43
15.8803 214.43
15.8875 216.43
15.8971 218.43
15.9056 220.43
15.914 222.43
15.9236 224.43
15.9344 226.43
15.9416 228.43
15.9512 230.43
15.9608 232.43
15.9692 234.43
15.9789 236.43
15.9885 238.43
15.9957 240.43
16.0053 242.43
16.0149 244.43
16.0233 246.43
16.0329 248.43
16.0425 250.43
16.0522 252.43
16.0594 254.43
16.0702 256.43
16.0774 258.43
16.087 260.43
16.0966 262.43
16.1074 264.43
16.1146 266.43
16.1242 268.43
16.1315 270.43
16.1423 272.43
16.1519 274.43
16.1615 276.43
16.1699 278.43
16.1795 280.43
16.1891 282.43
16.1963 284.43
16.2072 286.43
16.2156 288.43
16.224 290.43
16.2348 292.43
16.2444 294.43
16.2516 296.43
16.2612 298.43
16.2744 300.43
16.2841 302.43
16.2973 304.43
16.2997 306.43
16.3045 308.43
16.3117 310.43
16.3213 312.43
16.3309 314.43
16.3393 316.43
16.3489 318.43
16.3574 320.43
16.367 322.43
16.3766 322.858
18.3388 324.858
19.0297 322.858
19.3902 232
19.3902 231
19.3902 232
19.4166 231
19.4887 230
19.538 229
19.6125 228
19.6846 227
19.8084 226
19.8805 225
20.2109 226
20.2157 227
20.2217 228
20.2253 229
20.2313 230
20.2361 231
20.2422 232
20.2482 233
20.2542 234
20.2578 235
20.2638 236
20.2674 237
20.2734 238
20.277 239
20.283 240
20.2902 241
20.2962 242
20.2998 243
20.3058 244
20.3118 245
20.3155 244
20.3155 245
20.3191 246
20.3251 247
20.3287 248
20.3299 249
20.3311 248
20.3311 249
20.3323 250
20.3335 251
20.3347 252
20.3359 253
20.3371 254
20.3383 255
20.3407 256
20.3419 257
20.3431 258
20.3443 259
20.3455 260
20.3467 261
20.3479 260
20.3479 261
20.3491 262
20.3503 263
20.3515 264
20.3527 265
20.3539 266
20.3551 267
20.3563 268
20.3575 269
20.3587 268
20.3587 269
20.3599 270
20.3611 271
20.3623 272
20.3635 273
20.3647 274
20.3659 275
20.3671 276
20.3683 277
20.3695 278
20.3707 279
20.3719 280
20.3731 281
20.3743 280
20.3743 281
20.3755 282
20.3767 283
20.3779 284
20.3791 285
20.3803 286
20.3815 287
20.3827 288
20.3839 289
20.3851 290
20.3863 291
20.3875 292
20.3887 293
20.3935 292
20.3935 293
20.3972 294
20.4032 295
20.4068 296
20.4116 297
20.4164 298
20.42 299
20.4236 300
20.4284 301
20.432 302
20.4356 303
20.4404 304
20.444 305
20.4476 306
20.4512 307
20.456 308
20.4596 309
20.4632 310
20.4668 311
20.4704 312
20.4741 313
20.4789 314
20.4813 315
20.4861 316
20.4897 317
20.4945 318
20.4981 319
20.5029 320
20.5065 319
20.5065 320
20.5113 321
20.5137 322
20.5173 323
20.5221 324
20.5257 325
20.5293 326
20.5329 327
20.5365 328
20.5401 329
20.5449 330
20.5485 331
20.5509 332
20.5558 333
20.5594 334
20.5642 335
20.5678 336
20.5726 337
20.5762 67.4296
20.5762 68.4296
20.5834 70.4296
20.5906 72.4296
20.599 74.4296
20.605 76.4296
20.6134 78.4296
20.6206 80.4296
20.6278 82.4296
20.6363 84.4296
20.6435 86.4296
20.6507 88.4296
20.6579 90.4296
20.6663 92.4296
20.6747 94.4296
20.6831 96.4296
20.6915 98.4296
20.6999 100.43
20.7084 102.43
20.7168 104.43
20.7252 106.43
20.7336 108.43
20.742 110.43
20.7504 112.43
20.7588 114.43
20.7672 116.43
20.7756 118.43
20.7841 120.43
20.7925 122.43
20.8009 124.43
20.8093 126.43
20.8177 128.43
20.8261 130.43
20.8345 132.43
20.8429 134.43
20.8513 136.43
20.8598 138.43
20.8694 140.43
20.8766 142.43
20.8862 144.43
20.8934 146.43
20.9018 148.43
20.9114 150.43
20.9186 152.43
20.9282 154.43
20.9355 156.43
20.9451 158.43
20.9523 160.43
20.9607 162.43
20.9703 164.43
20.9775 166.43
20.9859 168.43
20.9943 170.43
21.0015 172.43
21.0112 174.43
21.0196 176.43
21.028 178.43
21.0364 180.43
21.0448 182.43
21.082 184.43
21.0845 186.43
21.0881 188.43
21.0905 190.43
21.0929 192.43
21.0953 194.43
21.0977 196.43
21.1001 198.43
21.1049 200.43
21.1133 202.43
21.1205 204.43
21.1289 206.43
21.1373 208.43
21.1445 210.43
21.1529 212.43
21.1602 214.43
21.1686 216.43
21.1758 218.43
21.183 220.43
21.1914 222.43
21.1986 224.43
21.207 226.43
21.2142 228.43
21.2214 230.43
21.2298 232.43
21.2371 234.43
21.2455 236.43
21.2527 238.43
21.2599 240.43
21.2683 242.43
21.2755 244.43
21.2839 246.43
21.4569 248.43
21.469 250.43
21.4762 252.43
21.4834 254.43
21.4906 256.43
21.4978 258.43
21.5086 260.43
21.5158 262.43
21.5242 264.43
21.5326 266.43
21.5399 268.43
21.5471 270.43
21.5567 272.43
21.5639 274.43
21.5711 276.43
21.5795 278.43
21.5891 280.43
21.5963 282.43
21.6059 284.43
21.6132 286.43
21.6204 288.43
21.6276 290.43
21.6348 292.43
21.6456 294.43
21.6528 296.43
21.66 298.43
21.6696 300.43
21.6768 302.43
21.6841 304.43
21.6913 306.43
21.7021 308.43
21.7093 310.43
21.7177 312.43
21.7285 314.43
21.7381 316.43
21.7489 318.43
21.7585 320.43
21.761 322.43
21.7634 324.43
21.7682 326.43
21.7778 328.43
21.785 330.43
21.7922 332.43
21.803 334.43
21.8102 336.43
21.8174 338.43
21.8246 340.43
21.8343 342.43
21.8415 344.43
21.8499 346.43
21.8571 348.43
21.8643 350.43
21.8739 351.186
23.7784 353.186
24.4477 351.186
24.8034 352.768
24.8383 354.768
24.8455 354.894
24.8599 355.061
24.8863 355.546
24.8935 357.546
24.8983 358.622
24.9212 359.243
24.9524 359.731
24.9596 361.731
24.9668 362.789
24.9885 363.87
25.0161 365.87
25.0221 365.922
25.0497 367.922
25.0545 367.963
25.069 369.005
25.111 371.005
25.1158 371.021
25.1374 373.021
25.1447 373.026
25.1711 375.026
25.1783 375.519
25.1987 377.505
25.2252 378.479
25.2588 380.479
25.266 381.443
25.2876 381.892
25.3153 383.331
25.3417 385.259
29.1388 387.259
29.8093 385.259
30.1301 385.918
30.1613 387.918
30.1661 388.761
30.1854 389.633
30.2214 391.633
30.2286 391.969
30.2539 393.804
30.2767 394.644
30.2995 395.63
30.3103 396.125
30.3175 398.125
30.3212 398.939
30.3392 400.939
30.3452 401.251
30.3608 401.753
30.368 403.753
30.3716 404.566
30.4005 406.566
30.4065 407.381
30.4125 408.151
30.4281 409.682
30.4329 410.709
30.4509 411.084
30.4545 246
30.4545 245
30.4545 246
30.4798 245
30.505 244
30.5387 243
30.5639 242
30.5891 241
30.6228 240
30.648 239
30.6732 238
30.6985 237
31.1311 238
31.1347 239
31.1383 240
31.1443 241
31.1479 242
31.1515 243
31.1551 244
31.1599 245
31.1635 246
31.1695 247
31.1731 248
31.1767 249
31.1803 250
31.1815 251
31.1839 252
31.1851 253
31.1863 254
31.1875 255
31.1887 256
31.1899 257
31.1911 258
31.1923 259
31.1935 260
31.1947 261
31.1959 262
31.1971 263
31.1983 264
31.1995 265
31.2007 266
31.2019 267
31.2031 268
31.2043 269
31.2056 270
31.2068 271
31.208 272
31.2092 273
31.2104 274
31.2116 275
31.2128 276
31.214 277
31.2152 278
31.2164 279
31.2176 280
31.2188 281
31.22 282
31.2212 283
31.2224 284
31.2236 285
31.2248 286
31.226 287
31.2272 286
31.2272 287
31.2284 288
31.2296 289
31.2308 290
31.232 291
31.2332 292
31.2344 291
31.2344 292
31.2356 293
31.2368 294
31.238 295
31.2392 296
31.2404 297
31.2416 298
31.2428 299
31.244 298
31.244 299
31.2452 300
31.2464 301
31.2476 302
31.2488 303
31.25 304
31.2512 305
31.2524 306
31.2536 307
31.2548 308
31.256 309
31.2572 308
31.2572 309
31.2584 310
31.2596 311
31.2608 312
31.262 313
31.2632 314
31.2644 315
31.2656 314
31.2656 315
31.2692 316
31.2716 317
31.2752 318
31.2788 319
31.2813 320
31.2849 321
31.2885 322
31.2909 321
31.2909 322
31.2945 323
31.2969 324
31.3005 325
31.3041 326
31.3065 327
31.3101 328
31.3125 329
31.3161 330
31.3197 331
31.3233 332
31.3269 331
31.3269 332
31.3293 333
31.3317 334
31.3353 335
31.3389 336
31.3413 337
31.3449 338
31.3485 337
31.3485 338
31.3521 339
31.3545 340
31.3569 341
31.3606 342
31.3642 343
31.3666 344
31.3702 345
31.3738 344
31.3738 345
31.3774 346
31.3798 347
31.3834 348
31.3858 349
31.3894 350
31.393 351
31.3954 352
31.399 411.084
31.399 67.4296
31.399 68.4296
31.405 70.4296
31.411 72.4296
31.417 74.4296
31.4242 76.4296
31.429 78.4296
31.435 80.4296
31.441 82.4296
31.4483 84.4296
31.4543 86.4296
31.4615 88.4296
31.4687 90.4296
31.4747 92.4296
31.4807 94.4296
31.4891 96.4296
31.4951 98.4296
31.5023 100.43
31.5095 102.43
31.5155 104.43
31.524 106.43
31.53 108.43
31.5384 110.43
31.5468 112.43
31.5564 114.43
31.5636 116.43
31.5732 118.43
31.5804 120.43
31.59 122.43
31.5997 124.43
31.6069 126.43
31.6165 128.43
31.6237 130.43
31.6333 132.43
31.6417 134.43
31.6501 136.43
31.6585 138.43
31.6681 140.43
31.6778 142.43
31.685 144.43
31.6946 146.43
31.6946 4
31.7018 6
31.7018 4
31.7114 6
31.7114 4
31.7186 6
31.7186 4
31.7258 6
31.7258 4
31.7354 6
31.7354 4
31.7426 6
31.7426 4
31.7523 6
31.7523 4
31.7595 6
31.7595 4
31.7679 6
31.7679 4
31.7775 6
31.7775 4
31.7847 6
31.7847 4
31.7931 6
31.7931 4
31.8015 6
31.8015 4
31.8087 6
31.8087 4
31.8183 6
31.8183 4
31.8256 6
31.8256 4
31.8328 6
31.8328 4
31.84 6
31.84 4
31.846 6
31.846 4
31.8544 6
31.8544 4
31.8604 6
31.8604 4
31.8676 6
31.8676 4
31.8736 6
31.8736 4
31.882 6
31.882 4
31.8904 6
31.8904 4
31.9061 6
31.9061 4
31.9085 6
31.9085 4
31.9109 6
31.9109 4
31.9133 6
31.9133 4
31.9157 6
31.9157 4
31.9181 6
31.9181 4
31.9205 6
31.9205 4
31.9229 6
31.9229 4
31.9253 6
31.9253 4
31.9277 6
31.9277 4
31.9301 6
31.9301 4
31.9325 6
31.9325 4
31.9349 6
31.9349 4
31.9373 6
31.9373 4
31.9433 6
31.9433 4
31.9505 6
31.9505 4
31.9565 6
31.9565 4
31.9625 6
31.9625 4
31.9685 6
31.9685 4
31.9758 6
31.9758 4
31.9818 6
31.9818 4
31.9878 6
31.9878 4
31.995 6
31.995 4
32.001 6
32.001 4
32.007 6
32.007 4
32.013 6
32.013 4
32.0202 6
32.0202 4
32.0262 6
32.0262 4
32.0322 6
32.0322 4
32.0382 6
32.0382 4
32.0454 6
32.0454 4
32.0515 6
32.0515 4
32.0575 6
32.0575 4
32.0647 6
32.0647 4
32.0707 6
32.0707 4
32.2509 6
32.2509 4
32.2617 6
32.2617 4
32.2665 6
32.2665 4
32.275 6
32.275 4
32.281 6
32.281 4
32.2882 6
32.2882 4
32.2954 6
32.2954 4
32.3038 6
32.3038 4
32.5074 5
32.5074 4
32.782 411.084
32.782 408.759
33.2915 405.99
33.2987 396.427
33.3083 388.379
33.3191 381.735
33.3264 375.921
33.336 371.072
33.3444 367.068
33.354 363.724
33.3636 361.115
33.3708 358.912
33.3804 357.303
33.3912 356.213
33.3984 355.339
33.4081 354.892
33.4153 354.501
33.9115 356.501
34.4643 354.501
37.3205 300
37.3205 299
37.3205 300
37.3613 299
37.5656 298
37.6257 299
37.6293 300
37.6317 301
37.6341 302
37.6377 303
37.6413 304
37.6449 305
37.6485 306
37.6521 307
37.6557 308
37.6569 309
37.6605 310
37.6642 311
37.6678 312
37.6702 313
37.6738 314
37.6774 315
37.681 316
37.6846 317
37.6882 316
37.6882 317
37.6918 318
37.6954 319
37.6966 320
37.7002 321
37.7038 322
37.7074 323
37.711 324
37.7134 325
37.7182 326
37.7194 327
37.723 328
37.7266 329
37.7302 330
37.7338 331
37.7374 332
37.7387 333
37.7411 334
37.7447 335
37.7483 336
37.7519 337
37.7555 338
37.7567 339
37.7603 340
37.7639 341
37.7675 342
37.7711 343
37.7723 344
37.7783 345
37.7795 346
37.7819 347
37.7855 348
37.7891 349
37.7927 350
37.7951 351
37.7975 352
37.8011 353
37.8047 354
37.8083 354.501
38.2349 353.501
38.2349 354.501
38.2493 353.501
38.2493 354.501
38.331 355.501
38.3346 356.501
38.3382 355.501
38.3382 356.501
38.4632 67.4296
38.4632 68.4296
38.4692 70.4296
38.4752 72.4296
38.4824 74.4296
38.4884 76.4296
38.4944 78.4296
38.5004 80.4296
38.5077 82.4296
38.5137 84.4296
38.5197 86.4296
38.5257 88.4296
38.5317 90.4296
38.5389 92.4296
38.5449 94.4296
38.5521 96.4296
38.5569 98.4296
38.5641 100.43
38.5701 102.43
38.5761 104.43
38.5822 106.43
38.5894 108.43
38.5954 110.43
38.6014 112.43
38.6074 114.43
38.6134 116.43
38.6206 118.43
38.6266 120.43
38.6326 122.43
38.6386 124.43
38.6458 126.43
38.6518 128.43
38.6579 130.43
38.6639 132.43
38.6711 134.43
38.6771 136.43
38.6831 138.43
38.6891 140.43
38.6951 142.43
38.7023 144.43
38.7083 146.43
38.7143 148.43
38.7203 150.43
38.7275 152.43
38.7336 154.43
38.7396 156.43
38.7456 158.43
38.7528 160.43
38.7588 162.43
38.7648 164.43
38.7708 166.43
38.7768 168.43
38.784 170.43
38.79 172.43
38.796 174.43
38.802 176.43
38.8093 178.43
38.8153 180.43
38.8213 182.43
38.8273 184.43
38.8345 186.43
38.8405 188.43
38.8465 190.43
38.8525 192.43
38.8597 194.43
38.8657 196.43
38.8717 198.43
38.8777 200.43
38.8838 202.43
38.891 204.43
38.897 206.43
38.903 208.43
38.909 210.43
38.9162 212.43
38.9222 214.43
38.9282 216.43
38.9342 218.43
38.9414 220.43
38.9474 222.43
38.9534 224.43
38.9595 226.43
38.9655 228.43
38.9727 230.43
38.9787 232.43
38.9847 234.43
39.0039 236.43
39.0063 238.43
39.0087 240.43
39.0111 242.43
39.0135 244.43
39.0159 246.43
39.0183 248.43
39.0207 250.43
39.0231 252.43
39.0255 254.43
39.0279 256.43
39.0303 258.43
39.0328 260.43
39.0352 262.43
39.0376 264.43
39.04 266.43
39.0424 268.43
39.0472 270.43
39.0544 272.43
39.0604 274.43
39.0664 276.43
39.0712 278.43
39.0772 280.43
39.082 282.43
39.088 284.43
39.094 286.43
39.0988 288.43
39.1048 290.43
39.1097 292.43
39.1157 294.43
39.1217 296.43
39.1265 298.43
39.1325 300.43
39.1373 302.43
39.1433 304.43
39.1493 306.43
39.1541 308.43
39.1601 310.43
39.1649 312.43
39.1709 314.43
39.1769 316.43
39.1817 318.43
39.1878 320.43
39.1938 322.43
39.1986 324.43
39.3908 326.43
39.3956 328.43
39.4004 330.43
39.4064 332.43
39.4113 334.43
39.4185 336.43
39.4233 338.43
39.4281 340.43
39.4341 342.43
39.4389 344.43
39.4449 346.43
39.4509 348.43
39.4557 350.43
39.4617 352.43
39.4665 354.43
39.4725 356.43
39.4785 358.43
39.4834 360.43
39.4894 362.43
39.4942 364.43
39.5002 366.43
39.505 368.43
39.511 369.833
40.1082 371.441
40.1154 373.441
40.1226 375.441
40.131 377.441
40.137 379.441
40.143 381.441
40.1502 383.357
43.2612 385.357
43.4162 297.843
43.4162 4
43.4234 6
43.4234 4
43.4282 6
43.4282 4
43.4354 6
43.4354 4
43.4402 6
43.4402 4
43.445 6
43.445 4
43.4522 6
43.4522 4
43.457 6
43.457 4
43.4643 6
43.4643 4
43.4715 6
43.4715 4
43.4763 6
43.4763 4
43.4811 6
43.4811 4
43.4883 6
43.4883 4
43.4931 6
43.4931 4
43.5003 6
43.5003 4
43.5063 6
43.5063 4
43.5135 6
43.5135 4
43.5183 6
43.5183 4
43.5255 6
43.5255 4
43.5303 6
43.5303 4
43.5375 6
43.5375 4
43.5424 6
43.5424 4
43.5484 6
43.5484 4
43.5544 6
43.5544 4
43.5592 6
43.5592 4
43.5664 6
43.5664 4
43.5712 6
43.5712 4
43.5784 6
43.5784 4
43.5832 6
43.5832 4
43.588 6
43.588 4
43.5952 6
43.5952 4
43.6 6
43.6 4
43.6072 6
43.6072 4
43.612 6
43.612 4
43.6181 6
43.6181 4
43.6241 6
43.6241 4
43.6289 6
43.6289 4
43.6373 6
43.6373 4
43.6445 6
43.6445 4
43.6493 6
43.6493 4
43.6553 6
43.6553 4
43.6613 6
43.6613 4
43.6661 6
43.6661 4
43.6733 6
43.6733 4
43.6781 6
43.6781 4
43.6853 6
43.6853 4
43.6902 6
43.6902 4
43.6974 6
43.6974 4
43.7022 6
43.7022 4
43.7094 6
43.7094 4
43.7142 6
43.7142 4
43.7214 6
43.7214 4
43.7262 6
43.7262 4
43.731 6
43.731 4
43.7382 6
43.7382 4
43.743 6
43.743 4
43.7502 6
43.7502 4
43.755 6
43.755 4
43.761 6
43.761 4
43.7671 6
43.7671 4
43.7731 6
43.7731 4
43.7803 6
43.7803 4
43.7851 6
43.7851 4
43.7923 6
43.7923 4
43.7971 6
43.7971 4
43.8043 6
43.8043 4
43.8091 6
43.8091 4
43.8163 6
43.8163 4
43.8211 6
43.8211 4
43.8283 6
43.8283 4
43.8331 6
43.8331 4
43.8379 6
43.8379 4
43.8452 6
43.8452 4
43.85 6
43.85 4
43.8572 6
43.8572 4
43.8644 6
43.8644 4
43.8692 6
43.8692 4
43.874 6
43.874 4
43.8812 6
43.8812 4
43.886 6
43.886 4
43.8932 6
43.8932 4
43.898 6
43.898 4
43.904 6
43.904 4
43.91 6
43.91 4
43.9149 6
43.9149 4
43.9221 6
43.9221 4
43.9269 6
43.9269 4
43.9341 6
43.9341 4
43.9389 6
43.9389 4
43.9437 6
43.9437 4
43.9521 6
43.9521 4
43.9569 6
43.9569 4
43.9641 6
43.9641 4
43.9689 6
43.9689 4
43.9761 6
43.9761 4
43.9809 6
43.9809 4
43.9881 6
43.9881 4
43.993 6
43.993 4
44.0002 6
44.0002 4
44.005 6
44.005 4
44.0098 6
44.0098 4
44.017 6
44.017 4
44.0218 6
44.0218 4
44.029 6
44.029 4
44.0362 6
44.0362 4
44.041 6
44.041 4
44.047 6
44.047 4
44.053 6
44.053 4
44.0578 6
44.0578 4
44.0651 6
44.0651 4
44.0699 6
44.0699 4
44.0771 6
44.0771 4
44.0819 6
44.0819 4
44.0867 6
44.0867 4
44.0939 6
44.0939 4
44.0987 6
44.0987 4
44.1059 6
44.1059 4
44.1107 6
44.1107 4
44.1167 6
44.1167 4
44.1239 6
44.1239 4
44.1287 6
44.1287 4
44.1347 6
44.1347 4
44.1383 6
44.1383 4
44.1456 6
44.1456 4
44.1504 6
44.1504 4
44.1552 6
44.1552 4
44.16 6
44.16 4
44.1648 6
44.1648 4
44.1696 6
44.1696 4
44.1744 6
44.1744 4
44.1816 6
44.1816 4
44.1864 6
44.1864 4
44.1912 6
44.1912 4
44.196 6
44.196 4
44.2008 6
44.2008 4
44.208 6
44.208 4
44.2116 6
44.2116 4
44.2177 6
44.2177 4
44.2225 6
44.2225 4
44.2273 6
44.2273 4
44.2321 6
44.2321 4
44.2393 6
44.2393 4
44.2441 6
44.2441 4
44.2489 6
44.2489 4
44.2537 6
44.2537 4
44.2585 6
44.2585 4
44.2657 6
44.2657 4
44.2705 6
44.2705 4
44.2753 6
44.2753 4
44.2801 6
44.2801 4
44.2849 6
44.2849 4
44.2898 6
44.2898 4
44.2946 6
44.2946 4
44.4982 5
44.4982 4
44.8161 385.357
44.8161 387.357
45.0197 388.357
45.2203 389.357
45.3436 391.357
45.3508 393.357
45.358 395.357
45.3652 397.357
45.3748 399.357
45.382 401.357
45.3916 403.357
45.3988 405.357
45.406 407.357
45.4157 409.357
45.4229 411.357
45.4325 413.357
45.4397 415.357
45.4481 412.273
45.4565 409.653
45.4637 407.532
45.4733 406.023
45.4805 404.789
45.4901 404.054
45.4974 403.497
45.5046 403.183
46.5884 405.183
47.1676 403.183
47.7996 404.381
47.8261 406.381
47.8309 406.392
47.8429 407.866
47.8669 409.331
47.8933 410.789
47.9102 412.239
47.9294 412.616
47.951 414.05
47.9654 414.583
47.9727 416.583
47.9775 417.08
47.9979 418.501
48.0135 418.842
48.0399 420.783
48.0676 422.181
48.082 422.501
50.3699 341
50.3699 340
50.3699 341
50.5489 342
50.5525 343
50.5561 344
50.5573 345
50.5609 346
50.5645 347
50.5681 348
50.5717 349
50.5729 348
50.5729 349
50.5765 350
50.5813 351
50.5825 352
50.5849 353
50.5886 354
50.5898 355
50.5934 356
50.597 357
50.6006 358
50.6018 359
50.6054 360
50.609 361
50.6102 362
50.6138 363
50.6174 364
50.6186 365
50.6222 366
50.6258 367
50.627 368
50.6306 369
50.6342 370
50.6378 371
50.6414 370
50.6414 371
50.6426 372
50.6462 373
50.6474 374
50.651 375
50.6546 376
50.6559 377
50.6595 378
50.6631 379
50.6643 380
50.6679 381
50.6727 382
50.6739 383
50.6775 384
50.6811 385
50.6847 386
50.6883 385
50.6883 386
50.6895 387
50.6931 388
50.6955 389
50.6979 390
50.7015 391
50.7027 392
50.7063 393
50.7099 394
50.7111 395
50.7147 396
50.7195 397
50.7207 398
50.7243 399
50.7255 400
50.7291 401
50.7328 402
50.734 403
50.7376 404
50.7388 405
50.7424 406
50.746 407
50.7484 408
50.7508 409
50.7532 410
50.7568 411
50.758 412
50.7616 413
50.7652 414
50.7664 415
50.77 416
50.7736 417
50.7748 418
50.7784 419
50.782 420
50.7832 421
50.7868 422
50.7904 422.501
50.8926 421.501
50.8926 422.501
51.0968 421.501
51.0968 422.501
51.211 423.501
51.2122 424.501
51.2434 423.501
51.2434 424.501
51.3564 423.501
51.3564 424.501
51.4273 423.501
51.4273 424.501
51.4753 423.501
51.4753 424.501
51.6808 423.501
51.6808 424.501
51.7889 422.501
51.8863 67.4296
51.8863 68.4296
51.8923 70.4296
51.8971 72.4296
51.9031 74.4296
51.9091 76.4296
51.9139 78.4296
51.9199 80.4296
51.9247 82.4296
51.9307 84.4296
51.9367 86.4296
51.9415 88.4296
51.9475 90.4296
51.9524 92.4296
51.9584 94.4296
51.9644 96.4296
51.9692 98.4296
51.998 100.43
52.0028 102.43
52.0076 104.43
52.01 106.43
52.0124 108.43
52.0148 110.43
52.0172 112.43
52.0196 114.43
52.022 116.43
52.0245 118.43
52.0269 120.43
52.0293 122.43
52.0317 124.43
52.0341 126.43
52.0365 128.43
52.0389 130.43
52.0413 132.43
52.0437 134.43
52.0461 136.43
52.0485 138.43
52.0509 140.43
52.0533 142.43
52.0557 144.43
52.0581 146.43
52.0605 148.43
52.0629 150.43
52.0653 152.43
52.0677 154.43
52.0713 156.43
52.0773 158.43
52.0821 160.43
52.0869 162.43
52.0917 164.43
52.0965 166.43
52.1014 168.43
52.1062 170.43
52.1122 172.43
52.1158 174.43
52.1218 176.43
52.1266 178.43
52.1314 180.43
52.1362 182.43
52.141 184.43
52.1458 186.43
52.1506 188.43
52.1554 190.43
52.1602 192.43
52.165 194.43
52.171 196.43
52.1747 198.43
52.1807 200.43
52.1855 202.43
52.1903 204.43
52.1951 206.43
52.1999 208.43
52.2047 210.43
52.2095 212.43
52.2155 214.43
52.2191 216.43
52.2251 218.43
52.2299 220.43
52.2347 222.43
52.2395 224.43
52.2455 226.43
52.2504 228.43
52.2552 230.43
52.26 232.43
52.2648 234.43
52.2696 236.43
52.2744 238.43
52.2792 240.43
52.284 242.43
52.2888 244.43
52.2936 246.43
52.2984 248.43
52.3032 250.43
52.3092 252.43
52.3128 254.43
52.3188 256.43
52.3236 258.43
52.3273 260.43
52.3333 262.43
52.3381 264.43
52.3429 266.43
52.3477 268.43
52.3525 270.43
52.3573 272.43
52.3621 274.43
52.3681 276.43
52.3717 278.43
52.3765 280.43
52.3825 282.43
52.3861 284.43
52.3921 286.43
52.3969 288.43
52.4018 290.43
52.4066 292.43
52.4114 294.43
52.4162 296.43
52.421 298.43
52.4258 300.43
52.4318 302.43
52.4354 304.43
52.4414 306.43
52.4462 308.43
52.451 310.43
52.4558 312.43
52.4606 314.43
52.4654 316.43
52.4702 318.43
52.4763 320.43
52.4799 322.43
52.4859 324.43
52.4907 326.43
52.4955 328.43
52.5003 330.43
52.5051 332.43
52.5099 334.43
52.5147 336.43
52.5195 338.43
52.5243 340.43
52.5291 342.43
52.5339 344.43
52.5387 346.43
52.5435 348.43
52.5495 350.43
52.5532 352.43
52.5592 354.43
52.564 356.43
52.5688 358.43
52.5736 360.43
52.5784 362.43
52.5832 364.43
52.588 366.43
52.5928 368.43
52.5976 370.43
52.6036 372.43
52.6096 374.43
52.6168 376.43
52.624 378.43
52.6301 380.43
52.6361 382.43
52.6433 384.43
52.6493 386.43
52.6565 388.43
52.6625 390.43
52.6697 392.43
52.6757 394.43
52.6829 396.43
52.8367 398.43
52.8415 400.43
52.8463 402.43
52.8512 404.43
52.8584 406.43
52.8632 408.43
52.868 410.43
52.8728 412.43
52.8788 414.43
52.8836 416.43
52.8884 418.43
52.8932 420.43
52.898 422.43
52.9052 424.43
52.9076 426.43
52.9148 428.43
52.9196 430.43
52.9244 432.43
52.9293 434.43
52.9353 436.43
52.9401 438.43
52.9449 440.43
52.9497 442.43
52.9545 444.43
52.9593 446.43
52.9665 448.43
52.9689 450.43
52.9773 452.43
52.9821 454.43
52.9845 456.43
52.9917 458.43
52.9965 460.43
53.0014 462.43
53.0062 464.43
53.011 466.43
53.0158 468.43
53.0206 470.43
53.0266 472.43
53.0314 474.43
53.0362 476.43
53.041 478.43
53.0458 480.43
53.0506 482.43
53.0554 483.102
55.5091 395.328
55.5091 4
55.5163 6
55.5163 4
55.5211 6
55.5211 4
55.5259 6
55.5259 4
55.5307 6
55.5307 4
55.5355 6
55.5355 4
55.5403 6
55.5403 4
55.5451 6
55.5451 4
55.5487 6
55.5487 4
55.5535 6
55.5535 4
55.5584 6
55.5584 4
55.5632 6
55.5632 4
55.568 6
55.568 4
55.5728 6
55.5728 4
55.5776 6
55.5776 4
55.5836 6
55.5836 4
55.5884 6
55.5884 4
55.5932 6
55.5932 4
55.598 6
55.598 4
55.6028 6
55.6028 4
55.6076 6
55.6076 4
55.6124 6
55.6124 4
55.6172 6
55.6172 4
55.622 6
55.622 4
55.6268 6
55.6268 4
55.6317 6
55.6317 4
55.6365 6
55.6365 4
55.6413 6
55.6413 4
55.6461 6
55.6461 4
55.6521 6
55.6521 4
55.6569 6
55.6569 4
55.6605 6
55.6605 4
55.6653 6
55.6653 4
55.6701 6
55.6701 4
55.6749 6
55.6749 4
55.6797 6
55.6797 4
55.6845 6
55.6845 4
55.6893 6
55.6893 4
55.6941 6
55.6941 4
55.6989 6
55.6989 4
55.7037 6
55.7037 4
55.7086 6
55.7086 4
55.7134 6
55.7134 4
55.7182 6
55.7182 4
55.7242 6
55.7242 4
55.729 6
55.729 4
55.7338 6
55.7338 4
55.7386 6
55.7386 4
55.7434 6
55.7434 4
55.7482 6
55.7482 4
55.753 6
55.753 4
55.7566 6
55.7566 4
55.7614 6
55.7614 4
55.7662 6
55.7662 4
55.771 6
55.771 4
55.7758 6
55.7758 4
55.7807 6
55.7807 4
55.7855 6
55.7855 4
55.7903 6
55.7903 4
55.7963 6
55.7963 4
55.8011 6
55.8011 4
55.8059 6
55.8059 4
55.8107 6
55.8107 4
55.8155 6
55.8155 4
55.8203 6
55.8203 4
55.8251 6
55.8251 4
55.8299 6
55.8299 4
55.8347 6
55.8347 4
55.8383 5
55.8383 4
55.8419 5
55.8419 4
55.8431 252
55.8431 251
55.8431 252
55.8431 4
55.8467 252
55.8467 4
55.8479 251
55.8479 4
55.8516 250
55.8516 4
55.8528 249
55.8528 4
55.8564 248
55.8564 4
55.8576 247
55.8576 4
55.8612 246
55.8612 4
55.8624 245
55.8624 4
55.866 244
55.866 4
55.8684 243
55.8684 4
55.8696 242
55.8696 4
55.8732 241
55.8732 4
55.8744 240
55.8744 4
55.878 239
55.878 4
55.8792 238
55.8792 4
55.8828 237
55.8828 4
55.884 236
55.884 4
55.8876 235
55.8876 4
55.8888 234
55.8888 4
55.8924 233
55.8924 4
55.896 232
55.896 4
55.8996 231
55.8996 4
55.9008 3
55.9008 229
55.9008 4
55.9056 228
55.9056 4
55.9092 227
55.9092 4
55.9104 3
55.9104 225
55.9104 4
55.9141 224
55.9141 4
55.9153 223
55.9153 4
55.9189 222
55.9189 4
55.9201 221
55.9201 4
55.9237 220
55.9237 4
55.9273 219
55.9273 4
55.9285 218
55.9285 4
55.9321 217
55.9321 4
55.9333 216
55.9333 4
55.9369 215
55.9369 4
55.9393 214
55.9393 4
55.9405 213
55.9405 4
55.9441 212
55.9441 4
55.9453 211
55.9453 4
55.9489 210
55.9489 4
55.9501 209
55.9501 4
55.9537 208
55.9537 4
55.9549 207
55.9549 4
55.9585 206
55.9585 4
55.9597 205
55.9597 4
55.9633 204
55.9633 4
55.9645 203
55.9645 4
55.9669 202
55.9669 4
55.9681 201
55.9681 4
55.9717 200
55.9717 4
55.9753 199
55.9753 4
55.9765 198
55.9765 4
55.9801 197
55.9801 4
55.9813 196
55.9813 4
55.9849 195
55.9849 4
55.9861 194
55.9861 4
55.9898 193
55.9898 4
55.991 192
55.991 4
55.9946 191
55.9946 4
55.9958 190
55.9958 4
55.9994 189
55.9994 4
56.0006 188
56.0006 4
56.0042 187
56.0042 4
56.0054 186
56.0054 4
56.0078 185
56.0078 4
56.0102 184
56.0102 4
56.0114 183
56.0114 4
56.015 182
56.015 4
56.0162 181
56.0162 4
56.0198 180
56.0198 4
56.021 179
56.021 4
56.0246 178
56.0246 4
56.0282 177
56.0282 4
56.0294 176
56.0294 4
56.033 175
56.033 4
56.0342 174
56.0342 4
56.0378 173
56.0378 4
56.039 172
56.039 4
56.0414 171
56.0414 4
56.0426 170
56.0426 4
56.0462 169
56.0462 4
56.0498 168
56.0498 4
56.051 167
56.051 4
56.0546 166
56.0546 4
56.0558 165
56.0558 4
56.0594 164
56.0594 4
56.0606 163
56.0606 4
56.0643 162
56.0643 4
56.0655 161
56.0655 4
56.0679 160
56.0679 4
56.0691 159
56.0691 4
56.0727 158
56.0727 4
56.0739 157
56.0739 4
56.0775 156
56.0775 4
56.0799 155
56.0799 4
56.0811 154
56.0811 4
56.0847 153
56.0847 4
56.0883 152
56.0883 4
56.0895 151
56.0895 4
56.0931 150
56.0931 4
56.0943 149
56.0943 4
56.0979 148
56.0979 4
56.0991 147
56.0991 4
56.1015 146
56.1015 4
56.1027 145
56.1027 4
56.1063 144
56.1063 4
56.1099 143
56.1099 4
56.1111 142
56.1111 4
56.1147 141
56.1147 4
56.1159 140
56.1159 4
56.1195 139
56.1195 4
56.1207 138
56.1207 4
56.1231 137
56.1231 4
56.1243 136
56.1243 4
56.1279 135
56.1279 4
56.1291 134
56.1291 4
56.1327 133
56.1327 4
56.1339 132
56.1339 4
56.1375 131
56.1375 4
56.1412 130
56.1412 4
56.1424 129
56.1424 4
56.146 128
56.146 4
56.1472 127
56.1472 4
56.1508 126
56.1508 4
56.1532 125
56.1532 4
56.1544 124
56.1544 4
56.158 123
56.158 4
56.1592 122
56.1592 4
56.1616 121
56.1616 4
56.1628 120
56.1628 4
56.1664 119
56.1664 4
56.1676 118
56.1676 4
56.1712 117
56.1712 4
56.1748 116
56.1748 4
56.176 115
56.176 4
56.1784 114
56.1784 4
56.1796 113
56.1796 4
56.1832 112
56.1832 4
56.1844 111
56.1844 4
56.188 110
56.188 4
56.1904 109
56.1904 4
56.1928 108
56.1928 4
56.1964 107
56.1964 4
56.1976 106
56.1976 4
56.2012 105
56.2012 4
56.2024 104
56.2024 4
56.206 103
56.206 4
56.2072 102
56.2072 4
56.2108 101
56.2108 4
56.2133 100
56.2133 4
56.2145 99
56.2145 4
56.2169 98
56.2169 4
56.2193 97
56.2193 4
56.2217 96
56.2217 4
56.2253 95
56.2253 4
56.2265 94
56.2265 4
56.2289 93
56.2289 4
56.2313 92
56.2313 4
56.2349 91
56.2349 4
56.2361 90
56.2361 4
56.2397 89
56.2397 4
56.2409 88
56.2409 4
56.2445 87
56.2445 4
56.2481 86
56.2481 4
56.2517 85
56.2517 4
56.2529 3
56.2529 83
56.2529 4
56.2565 82
56.2565 4
56.2577 81
56.2577 4
56.2613 80
56.2613 4
56.2625 79
56.2625 4
56.2661 78
56.2661 4
56.2697 77
56.2697 4
56.2733 76
56.2733 4
56.2745 3
56.2745 74
56.2745 4
56.2781 73
56.2781 4
56.2793 72
56.2793 4
56.2829 71
56.2829 4
56.2841 70
56.2841 4
56.2877 69
56.2877 4
56.289 68
56.289 4
56.2926 67
56.2926 4
56.2938 66
56.2938 4
56.2974 65
56.2974 4
56.2998 64
56.2998 4
56.3034 63
56.3034 4
56.307 62
56.307 4
56.3082 3
56.3082 60
56.3082 4
56.3118 59
56.3118 4
56.313 58
56.313 4
56.3166 57
56.3166 4
56.3178 56
56.3178 4
56.3214 55
56.3214 4
56.325 54
56.325 4
56.3262 53
56.3262 4
56.3298 52
56.3298 4
56.331 51
56.331 4
56.3346 50
56.3346 4
56.3358 49
56.3358 4
56.3382 48
56.3382 4
56.3394 5
56.3394 4
56.343 5
56.343 4
56.3442 5
56.3442 4
56.3478 5
56.3478 4
56.349 5
56.349 4
56.3526 5
56.3526 4
56.3538 5
56.3538 4
56.3574 5
56.3574 4
56.3586 5
56.3586 4
56.3622 5
56.3622 4
56.3635 5
56.3635 4
56.3671 5
56.3671 4
56.3683 5
56.3683 4
56.3719 5
56.3719 4
56.3743 5
56.3743 4
56.3755 5
56.3755 4
56.3791 5
56.3791 4
56.3827 5
56.3827 4
56.3839 5
56.3839 4
56.3875 5
56.3875 4
56.3887 5
56.3887 4
56.3923 5
56.3923 4
56.3935 5
56.3935 4
56.3971 5
56.3971 4
56.3983 5
56.3983 4
56.4007 5
56.4007 4
56.4019 5
56.4019 4
56.4055 5
56.4055 4
56.4067 5
56.4067 4
56.4103 5
56.4103 4
56.4115 5
56.4115 4
56.4151 5
56.4151 4
56.4163 5
56.4163 4
56.4199 5
56.4199 4
56.4211 5
56.4211 4
56.4247 5
56.4247 4
56.4259 5
56.4259 4
56.4295 5
56.4295 4
56.4307 5
56.4307 4
56.4343 5
56.4343 4
56.4355 5
56.4355 4
56.4392 5
56.4392 4
56.4404 5
56.4404 4
56.444 5
56.444 4
56.4452 5
56.4452 4
56.4488 5
56.4488 4
56.4764 3
56.4764 4
56.7852 483.102
56.7852 482.102
56.7852 483.102
56.7876 482.102
56.7876 483.102
56.79 482.102
56.79 483.102
56.8573 482.102
56.8573 483.102
57.1661 67.4296
57.1661 68.4296
57.1709 70.4296
57.1781 72.4296
57.1877 74.4296
57.1961 76.4296
57.2033 78.4296
57.2106 80.4296
57.2178 82.4296
57.2262 84.4296
57.2334 86.4296
57.2406 88.4296
57.2478 90.4296
57.255 92.4296
57.2622 94.4296
57.2694 96.4296
57.2766 98.4296
57.2839 100.43
57.2911 102.43
57.2983 104.43
57.3055 106.43
57.3127 108.43
57.3211 110.43
57.3283 112.43
57.3355 114.43
57.3427 116.43
57.3499 118.43
57.3572 120.43
57.3644 122.43
57.3716 124.43
57.3788 126.43
57.386 128.43
57.3932 130.43
57.4004 132.43
57.4076 134.43
57.416 136.43
57.4232 138.43
57.4304 140.43
57.4377 142.43
57.4449 144.43
57.4521 146.43
57.4593 148.43
57.4665 150.43
57.4737 152.43
57.4821 154.43
57.4893 156.43
57.4965 158.43
57.5037 160.43
57.511 162.43
57.5182 164.43
57.5254 166.43
57.5326 168.43
57.5398 170.43
57.547 172.43
57.5554 174.43
57.5626 176.43
57.5698 178.43
57.577 180.43
57.5843 182.43
57.5915 184.43
57.5987 186.43
57.6059 188.43
57.6131 190.43
57.6203 192.43
57.6287 194.43
57.6359 196.43
57.6431 198.43
57.6503 200.43
57.6576 202.43
57.6648 204.43
57.672 206.43
57.6792 208.43
57.6864 210.43
57.6936 212.43
57.702 214.43
57.7092 216.43
57.7164 218.43
57.7236 220.43
57.7308 222.43
57.7381 224.43
57.7453 226.43
57.8666 228.43
57.8738 230.43
57.8786 232.43
57.8847 234.43
57.8919 236.43
57.8967 238.43
57.9027 240.43
57.9087 242.43
57.9135 244.43
57.9207 246.43
57.9255 248.43
57.9303 250.43
57.9375 252.43
57.9423 254.43
57.9483 256.43
57.9555 258.43
57.9604 260.43
57.9676 262.43
57.9724 264.43
57.9772 266.43
57.9844 268.43
57.9892 270.43
57.994 272.43
58.0012 274.43
58.006 276.43
58.012 278.43
58.0192 280.43
58.024 282.43
58.0288 284.43
58.0361 286.43
58.0409 288.43
58.0457 290.43
58.0529 292.43
58.0577 294.43
58.0625 296.43
58.0709 298.43
58.0757 300.43
58.0805 302.43
58.0877 304.43
58.0925 306.43
58.0973 308.43
58.1045 310.43
58.1094 312.43
58.1142 314.43
58.1214 316.43
58.1274 318.43
58.1346 320.43
58.1394 322.43
58.1442 324.43
58.1514 326.43
58.1562 328.43
58.161 330.43
58.1682 332.43
58.173 334.43
58.1778 336.43
58.1863 338.43
58.1911 340.43
58.1959 342.43
58.2031 344.43
58.2079 346.43
58.2127 348.43
58.2199 350.43
58.2247 352.43
58.2295 354.43
58.2367 356.43
58.2427 358.43
58.2475 360.43
58.2547 362.43
58.2596 364.43
58.2644 366.43
58.2716 368.43
58.2764 370.43
58.2812 372.43
58.2884 374.43
58.2932 376.43
58.3016 377.963
59.0887 379.963
59.5417 377.963
60.1292 370.974
60.253 371.215
60.271 372.28
60.2927 373.34
60.3143 374.393
60.3311 375.441
60.3479 375.971
60.3575 375.988
60.3804 377.528
60.402 378.552
60.4188 380.081
62.7091 382.081
63.1633 380.081
66.3271 382.081
66.7789 380.081
67.3617 382.081
67.3617 4
67.3665 6
67.3665 4
67.3713 6
67.3713 4
67.3761 6
67.3761 4
67.3809 6
67.3809 4
67.3869 6
67.3869 4
67.3917 6
67.3917 4
67.3965 6
67.3965 4
67.4013 6
67.4013 4
67.4061 6
67.4061 4
67.4109 6
67.4109 4
67.4157 6
67.4157 4
67.4206 6
67.4206 4
67.4254 6
67.4254 4
67.4302 6
67.4302 4
67.4374 6
67.4374 4
67.4422 6
67.4422 4
67.447 6
67.447 4
67.453 6
67.453 4
67.4578 6
67.4578 4
67.4626 6
67.4626 4
67.4674 6
67.4674 4
67.4722 6
67.4722 4
67.477 6
67.477 4
67.4818 6
67.4818 4
67.4866 6
67.4866 4
67.4914 6
67.4914 4
67.4963 6
67.4963 4
67.5011 6
67.5011 4
67.5059 6
67.5059 4
67.5107 6
67.5107 4
67.5155 6
67.5155 4
67.5215 6
67.5215 4
67.5263 6
67.5263 4
67.5311 6
67.5311 4
67.5359 6
67.5359 4
67.5407 6
67.5407 4
67.5455 6
67.5455 4
67.5503 6
67.5503 4
67.5551 6
67.5551 4
67.5599 6
67.5599 4
67.5647 6
67.5647 4
67.5695 6
67.5695 4
67.5744 6
67.5744 4
67.5792 6
67.5792 4
67.5852 6
67.5852 4
67.59 6
67.59 4
67.5948 6
67.5948 4
67.5996 6
67.5996 4
67.6044 6
67.6044 4
67.6092 6
67.6092 4
67.614 6
67.614 4
67.6188 6
67.6188 4
67.6236 6
67.6236 4
67.6284 6
67.6284 4
67.6332 6
67.6332 4
67.638 6
67.638 4
67.6428 6
67.6428 4
67.6477 6
67.6477 4
67.6525 6
67.6525 4
67.6597 6
67.6597 4
67.6645 6
67.6645 4
67.6693 6
67.6693 4
67.6741 6
67.6741 4
67.6777 6
67.6777 4
67.6825 6
67.6825 4
67.6873 6
67.6873 4
67.6921 6
67.6921 4
67.6969 6
67.6969 4
67.7017 6
67.7017 4
67.7065 6
67.7065 4
67.7113 6
67.7113 4
67.7161 6
67.7161 4
67.7258 6
67.7258 4
67.7306 6
67.7306 4
67.7378 6
67.7378 4
67.7426 6
67.7426 4
67.7474 6
67.7474 4
67.7558 6
67.7558 4
67.7606 6
67.7606 4
67.7654 6
67.7654 4
67.7726 6
67.7726 4
67.7774 6
67.7774 4
67.7822 6
67.7822 4
67.7894 6
67.7894 4
67.7942 6
67.7942 4
67.7991 6
67.7991 4
67.8075 6
67.8075 4
67.8123 6
67.8123 4
67.8171 6
67.8171 4
67.8243 6
67.8243 4
67.8291 6
67.8291 4
67.8339 6
67.8339 4
67.8411 6
67.8411 4
67.8483 6
67.8483 4
67.8543 6
67.8543 4
67.8591 6
67.8591 4
67.8663 6
67.8663 4
67.8712 6
67.8712 4
67.876 6
67.876 4
67.8832 6
67.8832 4
67.888 6
67.888 4
67.8928 6
67.8928 4
67.9012 6
67.9012 4
67.906 6
67.906 4
67.9108 6
67.9108 4
67.918 6
67.918 4
67.9228 6
67.9228 4
67.9276 6
67.9276 4
67.9348 6
67.9348 4
67.9396 6
67.9396 4
67.9481 6
67.9481 4
67.9529 6
67.9529 4
67.9577 6
67.9577 4
67.9649 6
67.9649 4
67.9697 6
67.9697 4
67.9745 6
67.9745 4
67.9817 6
67.9817 4
67.9865 6
67.9865 4
67.9949 6
67.9949 4
67.9997 6
67.9997 4
68.0069 6
68.0069 4
68.0117 6
68.0117 4
68.0165 6
68.0165 4
68.0238 6
68.0238 4
68.0286 6
68.0286 4
68.0334 6
68.0334 4
68.0418 6
68.0418 4
68.0466 6
68.0466 4
68.0514 6
68.0514 4
68.0586 6
68.0586 4
68.0634 6
68.0634 4
68.0706 6
68.0706 4
68.0754 6
68.0754 4
68.0838 6
68.0838 4
68.0886 6
68.0886 4
68.0934 6
68.0934 4
68.1007 6
68.1007 4
68.1055 6
68.1055 4
68.1103 6
68.1103 4
68.1175 6
68.1175 4
68.1235 6
68.1235 4
68.1283 6
68.1283 4
68.1355 6
68.1355 4
68.1403 6
68.1403 4
68.1451 6
68.1451 4
68.1499 6
68.1499 4
68.1547 6
68.1547 4
68.1595 6
68.1595 4
68.1643 6
68.1643 4
68.1703 6
68.1703 4
68.1752 6
68.1752 4
68.18 6
68.18 4
68.1848 6
68.1848 4
68.1896 6
68.1896 4
68.1944 6
68.1944 4
68.1992 6
68.1992 4
68.204 6
68.204 4
68.2088 6
68.2088 4
68.2136 6
68.2136 4
68.2196 6
68.2196 4
68.2244 6
68.2244 4
68.2292 6
68.2292 4
68.234 6
68.234 4
68.2388 6
68.2388 4
68.2436 6
68.2436 4
68.2485 6
68.2485 4
68.2533 6
68.2533 4
68.2581 6
68.2581 4
68.2641 6
68.2641 4
68.4653 5
68.4653 4
68.6234 483.102
68.6234 485.102
68.8246 486.102
68.9971 488.102
69.0019 490.102
69.0091 492.102
69.0163 494.102
69.0235 496.102
69.0307 495.928
69.0379 474.978
69.0463 457.063
69.0535 441.595
69.0607 428.27
69.0679 416.923
69.0752 407.307
69.0824 399.101
69.0896 392.128
69.098 386.34
69.1052 381.693
69.1124 377.834
69.1196 374.666
69.1268 372.103
69.134 370.173
69.1412 368.796
69.1497 367.903
69.1569 367.331
69.1641 367.143
69.5342 369.143
69.9703 367.143
71.9013 346.033
73.0236 348.033
73.4586 346.033
76.5203 348.033
76.9564 346.033
79.1698 348.033
79.1698 4
79.1758 6
79.1758 4
79.1806 6
79.1806 4
79.1878 6
79.1878 4
79.1926 6
79.1926 4
79.2022 6
79.2022 4
79.207 6
79.207 4
79.2143 6
79.2143 4
79.2191 6
79.2191 4
79.2251 6
79.2251 4
79.2323 6
79.2323 4
79.2371 6
79.2371 4
79.2419 6
79.2419 4
79.2467 6
79.2467 4
79.2539 6
79.2539 4
79.2587 6
79.2587 4
79.2635 6
79.2635 4
79.2683 6
79.2683 4
79.2731 6
79.2731 4
79.2779 6
79.2779 4
79.2827 6
79.2827 4
79.2876 6
79.2876 4
79.2948 6
79.2948 4
79.2996 6
79.2996 4
79.3044 6
79.3044 4
79.3092 6
79.3092 4
79.314 6
79.314 4
79.3188 6
79.3188 4
79.3236 6
79.3236 4
79.3308 6
79.3308 4
79.3356 6
79.3356 4
79.3404 6
79.3404 4
79.3452 6
79.3452 4
79.3524 6
79.3524 4
79.3584 6
79.3584 4
79.3633 6
79.3633 4
79.3681 6
79.3681 4
79.3729 6
79.3729 4
79.3777 6
79.3777 4
79.3849 6
79.3849 4
79.3897 6
79.3897 4
79.3945 6
79.3945 4
79.3993 6
79.3993 4
79.4041 6
79.4041 4
79.4089 6
79.4089 4
79.4137 6
79.4137 4
79.4185 6
79.4185 4
79.4257 6
79.4257 4
79.4305 6
79.4305 4
79.4353 6
79.4353 4
79.4402 6
79.4402 4
79.445 6
79.445 4
79.4498 6
79.4498 4
79.4546 6
79.4546 4
79.4618 6
79.4618 4
79.4666 6
79.4666 4
79.4714 6
79.4714 4
79.4762 6
79.4762 4
79.4822 6
79.4822 4
79.487 6
79.487 4
79.4918 6
79.4918 4
79.4966 6
79.4966 4
79.5038 6
79.5038 4
79.5086 6
79.5086 4
79.5159 6
79.5159 4
79.5207 6
79.5207 4
79.5255 6
79.5255 4
79.5303 6
79.5303 4
79.5351 6
79.5351 4
79.5399 6
79.5399 4
79.5471 6
79.5471 4
79.5519 6
79.5519 4
79.5567 6
79.5567 4
79.5615 6
79.5615 4
79.5663 6
79.5663 4
79.5711 6
79.5711 4
79.5759 6
79.5759 4
79.5807 6
79.5807 4
79.5868 6
79.5868 4
79.5928 6
79.5928 4
79.5976 6
79.5976 4
79.6036 6
79.6036 4
79.6084 6
79.6084 4
79.6132 6
79.6132 4
79.618 6
79.618 4
79.6228 6
79.6228 4
79.6276 6
79.6276 4
79.6348 6
79.6348 4
79.6396 6
79.6396 4
79.6444 6
79.6444 4
79.6492 6
79.6492 4
79.6564 6
79.6564 4
79.6613 6
79.6613 4
79.6661 6
79.6661 4
79.6709 6
79.6709 4
79.6781 6
79.6781 4
79.6829 6
79.6829 4
79.6877 6
79.6877 4
79.6925 6
79.6925 4
79.6973 6
79.6973 4
79.7021 6
79.7021 4
79.7069 6
79.7069 4
79.7129 6
79.7129 4
79.7201 6
79.7201 4
79.7273 6
79.7273 4
79.7321 6
79.7321 4
79.737 6
79.737 4
79.7418 6
79.7418 4
79.749 6
79.749 4
79.7538 6
79.7538 4
79.7586 6
79.7586 4
79.7658 6
79.7658 4
79.7706 6
79.7706 4
79.7754 6
79.7754 4
79.7802 6
79.7802 4
79.7874 6
79.7874 4
79.7922 6
79.7922 4
79.797 6
79.797 4
79.8018 6
79.8018 4
79.8102 6
79.8102 4
79.8151 6
79.8151 4
79.8199 6
79.8199 4
79.8247 6
79.8247 4
79.8319 6
79.8319 4
79.8367 6
79.8367 4
79.8415 6
79.8415 4
79.8487 6
79.8487 4
79.8535 6
79.8535 4
79.8583 6
79.8583 4
79.8655 6
79.8655 4
79.8703 6
79.8703 4
79.8751 6
79.8751 4
79.8823 6
79.8823 4
79.8872 6
79.8872 4
79.8944 6
79.8944 4
79.9004 6
79.9004 4
79.9052 6
79.9052 4
79.91 6
79.91 4
79.9172 6
79.9172 4
79.922 6
79.922 4
79.9268 6
79.9268 4
79.934 6
79.934 4
79.9388 6
79.9388 4
79.9436 6
79.9436 4
79.9484 6
79.9484 4
79.9556 6
79.9556 4
79.9604 6
79.9604 4
79.9653 6
79.9653 4
79.9725 6
79.9725 4
79.9773 6
79.9773 4
79.9833 6
79.9833 4
79.9905 6
79.9905 4
79.9953 6
79.9953 4
80.0001 6
80.0001 4
80.0073 6
80.0073 4
80.0121 6
80.0121 4
80.0169 6
80.0169 4
80.0241 6
80.0241 4
80.0289 6
80.0289 4
80.0361 6
80.0361 4
80.041 6
80.041 4
80.0458 6
80.0458 4
80.053 6
80.053 4
80.0578 6
80.0578 4
80.0638 6
80.0638 4
80.071 6
80.071 4
80.0746 5
80.0746 4
80.0758 12
80.0758 11
80.0758 12
80.0758 4
80.0794 12
80.0794 4
80.083 11
80.083 4
80.0842 10
80.0842 4
80.0878 9
80.0878 4
80.0914 8
80.0914 4
80.095 7
80.095 4
80.0962 6
80.0962 4
80.0998 5
80.0998 4
80.6345 483.102
80.6345 67.4296
80.6345 68.4296
80.6345 4
80.655 483.102
80.655 485.102
80.8586 486.102
81.2269 488.102
81.2341 490.102
81.2414 492.102
81.2486 494.102
81.257 496.102
81.2642 498.102
81.2714 500.102
81.281 502.102
81.2882 504.102
81.2966 506.102
81.3038 508.102
81.311 505.861
81.3183 501.46
81.3279 497.994
81.3363 495.251
81.3435 493.044
81.3507 491.305
81.3579 489.977
81.3651 489.103
81.3735 488.628
81.3831 488.597
81.9515 490.597
82.5799 488.597
82.6352 419
82.6352 418
82.6352 419
82.6532 418
82.6869 417
82.7181 416
82.7362 415
82.7494 414
82.7662 413
82.7987 412
82.8323 411
82.8503 410
82.8816 409
82.9116 408
82.9164 407
82.9573 406
82.9621 405
82.9933 404
83.0077 403
83.033 404
83.0354 405
83.0366 406
83.0402 407
83.0414 408
83.0438 409
83.045 410
83.0474 411
83.0486 412
83.0522 413
83.0534 414
83.0558 415
83.057 416
83.0606 417
83.0618 418
83.0642 419
83.0666 420
83.0678 421
83.0702 422
83.0714 423
83.075 424
83.0762 425
83.0786 426
83.0798 427
83.0834 428
83.0846 429
83.087 430
83.0882 431
83.0906 432
83.0942 433
83.0954 434
83.0991 433
83.0991 434
83.1027 435
83.1063 436
83.1075 435
83.1075 436
83.1099 437
83.1111 438
83.1147 439
83.1159 440
83.1183 441
83.1195 442
83.1231 443
83.1243 444
83.1267 445
83.1279 446
83.1303 447
83.1315 448
83.1351 449
83.1363 450
83.1387 451
83.1411 452
83.1423 453
83.1459 454
83.1471 455
83.1495 456
83.1507 457
83.1531 458
83.1567 459
83.1579 460
83.1615 459
83.1615 460
83.1639 461
83.1651 462
83.1687 463
83.1699 464
83.1711 465
83.1735 466
83.1772 467
83.1784 468
83.1796 468.732
83.1904 467.732
83.1904 468.732
83.1988 467.732
83.1988 468.732
83.2024 468.872
83.2048 469.872
83.2084 470.193
83.2132 469.193
83.2132 470.193
83.2168 471.193
83.218 471.966
83.2216 470.966
83.2216 471.966
83.2276 472.106
83.236 471.106
83.236 472.106
83.2396 472.699
83.2444 471.699
83.2444 472.699
83.2468 473.699
83.248 474.023
83.2565 475.023
83.2601 476.023
83.2613 476.673
83.2673 477.524
83.2733 477.999
83.2757 478.999
83.2781 479.999
83.2793 480.648
83.2841 481.369
83.2925 482.369
83.2937 483.369
83.2961 484.369
83.2997 485.233
83.3057 484.233
83.3057 485.233
83.3141 485.948
83.3189 486.948
83.3225 487.273
83.3274 486.273
83.3274 487.273
83.3298 487.374
83.3346 488.374
83.3358 488.695
83.3382 489.308
83.3394 490.308
83.3418 491.308
83.343 491.954
83.3502 492.573
83.355 493.192
83.3562 494.192
83.3586 495.192
83.361 495.845
83.3694 496.845
83.3706 497.845
83.3718 498.499
83.3838 499.268
83.3886 499.894
83.3922 500.522
83.3934 501.522
83.397 502.522
83.3982 503.172
83.4067 504.172
83.4091 505.172
83.4103 505.822
83.4175 505.876
83.4211 506.876
83.4223 507.198
83.4247 507.834
83.4295 508.834
83.4307 509.834
83.4331 510.834
83.4367 511.765
83.4415 510.765
83.4415 511.765
83.4511 510.765
83.4511 511.765
83.4559 512.447
83.4643 511.447
83.4643 512.447
83.4715 513.447
83.4727 512.447
83.4727 513.447
83.4752 513.771
83.4812 514.771
83.4836 515.771
83.4848 516.421
83.4932 517.421
83.4956 518.421
83.498 519.071
83.504 519.724
83.5052 520.724
83.5076 521.724
83.5112 522.378
83.5208 523.056
83.5641 522.056
83.5641 523.056
83.5713 522.056
83.5713 523.056
83.5833 522.056
83.5833 523.056
83.5941 522.056
83.5941 523.056
83.6001 522.056
83.6001 523.056
83.6049 522.056
83.6049 523.056
83.6109 522.056
83.6109 523.056
83.6217 522.056
83.6217 523.056
83.6338 522.056
83.6338 523.056
83.6398 522.056
83.6398 523.056
83.6506 522.056
83.6506 523.056
83.6782 522.056
83.6782 523.056
83.6806 522.056
83.6806 523.056
83.7143 522.056
83.7143 523.056
83.7203 522.056
83.7203 523.056
83.7455 522.056
83.7455 523.056
83.7575 522.056
83.7575 523.056
83.826 522.056
83.826 523.056
83.8356 522.056
83.8356 523.056
83.8777 522.056
83.8777 523.056
83.9017 522.056
83.9017 523.056
83.9077 522.056
83.9077 523.056
83.9185 522.056
83.9185 523.056
83.927 522.056
83.927 523.056
83.9426 522.056
83.9426 523.056
83.951 522.056
83.951 523.056
84.0051 522.056
84.0051 523.056
84.0243 522.056
84.0243 523.056
84.1276 522.056
84.1276 523.056
84.1384 522.056
84.1384 523.056
84.1528 522.056
84.1528 523.056
84.1612 67.4296
84.1612 68.4296
84.166 70.4296
84.1697 72.4296
84.1745 74.4296
84.1781 76.4296
84.1829 78.4296
84.1877 80.4296
84.1913 82.4296
84.1961 84.4296
84.2009 86.4296
84.2045 88.4296
84.2105 90.4296
84.2165 92.4296
84.2225 94.4296
84.2273 96.4296
84.2321 98.4296
84.2381 100.43
84.2754 102.43
84.3271 104.43
84.3775 106.43
84.3919 108.43
84.3944 110.43
84.3968 112.43
84.3992 114.43
84.4016 116.43
84.404 118.43
84.4064 120.43
84.4088 122.43
84.4112 124.43
84.4136 126.43
84.416 128.43
84.4184 130.43
84.4208 132.43
84.4232 134.43
84.4256 136.43
84.428 138.43
84.4304 140.43
84.434 142.43
84.44 144.43
84.4448 146.43
84.4496 148.43
84.4556 150.43
84.4616 152.43
84.4664 154.43
84.4713 156.43
84.4761 158.43
84.4809 160.43
84.4869 162.43
84.4917 164.43
84.4977 166.43
84.5025 168.43
84.5073 170.43
84.5133 172.43
84.5181 174.43
84.5229 176.43
84.5289 178.43
84.5337 180.43
84.5397 182.43
84.5446 184.43
84.5494 186.43
84.5554 188.43
84.5602 190.43
84.565 192.43
84.5698 194.43
84.5746 196.43
84.5806 198.43
84.5854 200.43
84.5902 202.43
84.595 204.43
84.601 206.43
84.6058 208.43
84.6106 210.43
84.6154 212.43
84.6215 214.43
84.6275 216.43
84.6323 218.43
84.6371 220.43
84.6419 222.43
84.6467 224.43
84.6527 226.43
84.6575 228.43
84.6623 230.43
84.6683 232.43
84.6731 234.43
84.6791 236.43
84.6839 238.43
84.6887 240.43
84.6948 242.43
84.7008 244.43
84.7056 246.43
84.7104 248.43
84.7164 250.43
84.7212 252.43
84.726 254.43
84.7308 256.43
84.7356 258.43
84.7416 260.43
84.7464 262.43
84.7512 264.43
84.756 266.43
84.7608 268.43
84.7656 270.43
84.7705 272.43
84.7753 274.43
84.7801 276.43
84.7849 278.43
84.7885 280.43
84.7933 282.43
84.7993 284.43
84.8041 286.43
84.8089 288.43
84.8137 290.43
84.8173 292.43
84.8233 294.43
84.8281 296.43
84.8329 298.43
84.8377 300.43
84.8425 302.43
84.8462 304.43
84.8522 306.43
84.8558 308.43
84.8618 310.43
84.8654 312.43
84.8702 314.43
84.875 316.43
84.8798 318.43
84.8846 320.43
84.8894 322.43
84.8942 324.43
84.899 326.43
84.9026 328.43
84.9074 330.43
84.9122 332.43
84.917 334.43
84.9219 336.43
84.9267 338.43
84.9327 340.43
84.9375 342.43
84.9411 344.43
84.9471 346.43
84.9519 348.43
84.9567 350.43
85.1591 351.43
85.2102 353.43
85.215 355.43
85.2211 357.43
85.2259 359.43
85.2331 361.43
85.2379 363.43
85.2427 365.43
85.2475 367.43
85.2523 369.43
85.2571 371.43
85.2619 373.43
85.2679 375.43
85.2727 377.43
85.2775 379.43
85.2823 381.43
85.2871 383.43
85.2919 385.43
85.2968 387.43
85.3016 389.43
85.31 391.43
85.3148 393.43
85.3196 395.43
85.3244 397.43
85.3292 399.43
85.334 401.43
85.34 403.43
85.3448 405.43
85.3496 407.43
85.3544 409.43
85.3592 411.43
85.364 413.43
85.3713 415.43
85.3773 417.43
85.3821 419.43
85.3869 421.43
85.3917 423.43
85.3965 425.43
85.4013 427.43
85.4085 429.43
85.4145 431.43
85.4193 433.43
85.4241 435.43
85.4289 437.43
85.4337 439.43
85.4385 441.43
85.4446 443.43
85.4494 445.43
85.4542 447.43
85.459 449.43
85.4638 451.43
85.4686 453.43
85.4734 455.43
85.4794 457.43
85.4842 459.43
85.489 461.43
85.4938 463.43
85.4986 465.43
85.5034 467.43
85.5094 469.43
85.5142 471.43
85.5191 473.43
85.5239 475.43
85.5287 477.43
85.5335 479.43
85.5395 481.43
85.5443 483.43
85.5491 485.43
85.5539 487.43
85.5587 489.43
85.5635 491.43
85.5683 493.43
85.5743 495.43
85.5791 497.43
85.5839 499.43
85.5887 501.43
85.5935 503.43
85.5984 505.43
85.6044 507.43
85.6092 509.43
85.614 511.43
85.6188 513.43
85.6236 515.43
85.6284 517.43
85.6332 519.43
85.6392 521.43
85.644 523.056
86.9153 390
86.9153 389
86.9153 390
86.9213 389
86.9322 388
86.9394 387
86.9466 386
87.0487 387
87.0511 388
87.0535 389
87.0571 390
87.0583 391
87.0619 392
87.0631 393
87.0667 394
87.0679 395
87.0715 396
87.0727 397
87.0763 398
87.0775 399
87.0812 400
87.0824 401
87.086 402
87.0872 403
87.0908 404
87.092 405
87.0956 406
87.0992 407
87.1004 408
87.104 409
87.1052 410
87.1088 411
87.1112 412
87.1124 413
87.116 414
87.1172 415
87.1208 416
87.122 417
87.1256 418
87.1268 419
87.1304 420
87.1316 421
87.134 422
87.1352 423
87.1388 424
87.14 425
87.1436 426
87.1448 427
87.1484 428
87.1496 429
87.1532 430
87.1545 431
87.1581 432
87.1593 433
87.1629 434
87.1665 435
87.1677 436
87.1713 437
87.1725 438
87.1749 439
87.1773 440
87.1785 441
87.1821 442
87.1833 443
87.1869 444
87.1881 445
87.1917 446
87.1929 447
87.1965 448
87.1977 449
87.2013 450
87.2025 451
87.2061 452
87.2097 453
87.2109 454
87.2145 455
87.2157 456
87.2193 457
87.2205 458
87.2241 459
87.2253 460
87.2289 461
87.2302 462
87.2338 463
87.235 464
87.2386 465
87.241 466
87.2422 467
87.2458 468
87.2494 469
87.253 470
87.2542 469
87.2542 470
87.2578 471
87.259 472
87.2626 473
87.2638 474
87.2674 475
87.2686 476
87.2734 477
87.2746 478
87.2782 479
87.2794 480
87.283 481
87.2842 482
87.2878 483
87.289 484
87.2926 485
87.2938 486
87.2974 487
87.2986 488
87.3022 489
87.3047 490
87.3059 491
87.3095 492
87.3107 493
87.3143 494
87.3155 495
87.3179 496
87.3191 497
87.3227 498
87.3239 499
87.3275 500
87.3287 501
87.3323 502
87.3335 503
87.3371 504
87.3383 505
87.3419 506
87.3431 507
87.3467 508
87.3479 509
87.3515 510
87.3527 511
87.3563 512
87.3599 513
87.3611 514
87.3635 515
87.3671 516
87.3683 517
87.3719 518
87.3731 519
87.3755 520
87.3779 521
87.3816 522
87.3828 523
87.3864 524
87.3876 525
87.3912 525.056
87.5498 524.056
87.5498 525.056
87.5546 524.056
87.5546 525.056
87.5666 524.056
87.5666 525.056
87.6808 523.056
87.712 522.056
87.712 523.056
87.7312 522.056
87.7312 523.056
87.8574 522.056
87.8574 523.056
87.8598 522.056
87.8598 523.056
87.8634 522.056
87.8634 523.056
87.8658 522.056
87.8658 523.056
87.8682 522.056
87.8682 523.056
87.9787 523.396
87.9799 524.396
87.9812 524.729
87.9824 525.265
87.986 526.061
87.9884 526.598
87.9944 526.857
88.0004 527.857
88.0016 528.458
88.004 528.712
88.0088 529.25
88.01 529.789
88.0148 530.041
88.0196 530.581
88.0208 531.122
88.0256 531.663
88.028 532.663
88.0304 532.997
88.0352 533.785
88.0388 534.329
88.046 535.117
88.0496 535.663
88.0569 536.45
88.0605 536.997
88.0701 537.997
88.0713 538.055
88.0773 539.055
88.0797 540.055
88.0809 539.055
88.0809 540.055
88.0833 540.997
88.0905 541.777
88.0953 542.329
88.1013 543.109
88.1085 543.887
88.1121 544.441
88.1193 545.218
88.1229 545.773
88.1301 546.548
88.135 547.105
88.1434 548.105
88.1446 548.157
88.147 548.716
88.1578 549.716
88.159 550.049
88.1626 550.61
88.1686 551.382
88.1734 551.945
88.1794 552.714
88.1842 553.278
88.1902 554.047
88.195 554.613
88.2034 555.613
88.2059 555.663
88.2083 556.145
88.2203 556.712
88.2239 557.712
88.2251 558.045
88.2359 558.523
88.2419 559.378
88.2455 560.378
88.2467 560.71
88.2563 561.71
88.2575 562.043
88.2671 563.043
88.2683 563.376
88.2707 563.951
88.2779 564.708
88.2912 564.889
88.2924 565.464
88.2972 565.643
88.302 566.218
88.3104 567.218
88.3128 567.837
88.3164 568.416
88.3212 568.589
88.3224 569.287
88.3248 570.287
88.3272 570.621
88.332 571.372
88.3356 571.954
88.3476 572.12
88.35 573.12
88.3512 573.452
88.3597 573.744
88.3633 574.744
88.3645 575.076
88.3729 575.369
88.3765 576.369
88.3777 576.702
88.3861 576.996
88.3885 577.996
88.3909 578.329
88.3957 579.072
88.3993 579.663
88.4065 580.663
88.4101 581.663
88.4113 582.032
88.4173 581.032
88.4173 582.032
88.4197 583.032
88.4209 582.032
88.4209 583.032
88.4233 584.032
88.4257 584.996
88.4305 585.996
88.4342 586.996
88.4354 587.363
88.4378 586.363
88.4378 587.363
88.4462 587.796
88.4498 588.796
88.451 589.126
88.4534 589.727
88.4582 590.329
88.4702 590.758
88.4738 591.36
88.4774 592.36
88.4798 592.693
88.4882 593.693
88.4906 594.026
88.499 595.026
88.5014 595.359
88.5086 595.662
88.5123 596.662
88.5135 596.996
88.5207 597.996
88.5219 598.024
88.5255 598.635
88.5375 599.051
88.5423 599.161
88.5471 600.077
88.5519 600.184
88.5555 601.102
88.5591 601.715
88.5615 602.022
88.5928 601.022
88.5928 602.022
88.612 67.4296
88.612 68.4296
88.618 70.4296
88.6228 72.4296
88.6288 74.4296
88.6348 76.4296
88.6396 78.4296
88.6468 80.4296
88.6516 82.4296
88.6564 84.4296
88.6636 86.4296
88.6684 88.4296
88.6745 90.4296
88.6793 92.4296
88.6853 94.4296
88.6913 96.4296
88.6961 98.4296
88.7021 100.43
88.7081 102.43
88.7225 104.43
88.779 106.43
88.7814 108.43
88.7838 110.43
88.7862 112.43
88.7886 114.43
88.791 116.43
88.7934 118.43
88.7958 120.43
88.7982 122.43
88.8006 124.43
88.803 126.43
88.8054 128.43
88.8078 130.43
88.8102 132.43
88.8126 134.43
88.815 136.43
88.8174 138.43
88.8198 140.43
88.8222 142.43
88.8247 144.43
88.8271 146.43
88.8295 148.43
88.8319 150.43
88.8343 152.43
88.8391 154.43
88.8439 156.43
88.8499 158.43
88.8547 160.43
88.8607 162.43
88.8655 164.43
88.8703 166.43
88.8763 168.43
88.8811 170.43
88.8859 172.43
88.8919 174.43
88.8979 176.43
88.9028 178.43
88.9076 180.43
88.9136 182.43
88.9184 184.43
88.9232 186.43
88.9292 188.43
88.934 190.43
88.94 192.43
88.9448 194.43
88.9496 196.43
88.9544 198.43
88.9592 200.43
88.964 202.43
88.97 204.43
88.9761 206.43
88.9809 208.43
88.9857 210.43
88.9905 212.43
88.9953 214.43
89.0013 216.43
89.0061 218.43
89.0109 220.43
89.0157 222.43
89.0217 224.43
89.0265 226.43
89.0313 228.43
89.0373 230.43
89.0421 232.43
89.0469 234.43
89.0518 236.43
89.0566 238.43
89.0614 240.43
89.0674 242.43
89.0722 244.43
89.077 246.43
89.0818 248.43
89.0878 250.43
89.0926 252.43
89.0974 254.43
89.1022 256.43
89.1058 258.43
89.1106 260.43
89.1142 262.43
89.119 264.43
89.1239 266.43
89.1287 268.43
89.1323 270.43
89.1359 272.43
89.1407 274.43
89.1455 276.43
89.1491 278.43
89.1539 280.43
89.1587 282.43
89.1635 284.43
89.1671 286.43
89.1719 288.43
89.1767 290.43
89.1803 292.43
89.1851 294.43
89.1899 296.43
89.1947 298.43
89.1996 300.43
89.2032 302.43
89.208 304.43
89.2128 306.43
89.2176 308.43
89.2212 310.43
89.226 312.43
89.2296 314.43
89.2344 316.43
89.238 318.43
89.2428 320.43
89.2476 322.43
89.2524 324.43
89.256 326.43
89.2608 328.43
89.2644 330.43
89.2692 332.43
89.2741 334.43
89.2777 336.43
89.2825 338.43
89.2873 340.43
89.2909 342.43
89.2957 344.43
89.2993 346.43
89.3041 348.43
89.3077 350.43
89.3125 352.43
89.3161 354.43
89.3209 356.43
89.3245 358.43
89.3293 360.43
89.3329 362.43
89.3377 364.43
89.3425 366.43
89.3461 368.43
89.351 370.43
89.3558 372.43
89.3606 374.43
89.3654 376.43
89.3702 378.43
89.3762 380.43
89.381 382.43
89.3858 384.43
89.3894 386.43
89.3954 388.43
89.4002 390.43
89.5949 392.43
89.6021 394.43
89.6069 396.43
89.6093 398.43
89.6177 400.43
89.6201 402.43
89.6249 404.43
89.6297 406.43
89.6345 408.43
89.6393 410.43
89.6441 412.43
89.6489 414.43
89.6538 416.43
89.6586 418.43
89.6634 420.43
89.6682 422.43
89.673 424.43
89.6778 426.43
89.6838 428.43
89.6862 430.43
89.6934 432.43
89.6958 434.43
89.7006 436.43
89.7054 438.43
89.7102 440.43
89.715 442.43
89.7198 444.43
89.7247 446.43
89.7295 448.43
89.7343 450.43
89.7391 452.43
89.7415 454.43
89.7487 456.43
89.7511 458.43
89.7571 460.43
89.7619 462.43
89.7667 464.43
89.7715 466.43
89.7763 468.43
89.7787 470.43
89.7835 472.43
89.7883 474.43
89.7931 476.43
89.7955 478.43
89.8004 480.43
89.8052 482.43
89.81 484.43
89.8124 486.43
89.8172 488.43
89.8232 490.43
89.828 492.43
89.8328 494.43
89.8376 496.43
89.84 498.43
89.8448 500.43
89.8496 502.43
89.8544 504.43
89.8592 506.43
89.864 508.43
89.8664 510.43
89.8712 512.43
89.8761 514.43
89.8821 516.43
89.8869 518.43
89.8893 520.43
89.8941 522.43
89.8989 524.43
89.9037 526.43
89.9061 528.43
89.9109 530.43
89.9157 532.43
89.9205 534.43
89.9241 536.43
89.9277 538.43
89.9325 540.43
89.9373 542.43
89.9433 544.43
89.9457 546.43
89.9506 548.43
89.9554 550.43
89.9602 552.43
89.9626 554.43
89.9674 556.43
89.9722 558.43
89.977 560.43
89.9818 562.43
89.9854 564.43
89.989 566.43
89.9938 568.43
89.9986 570.43
90.0022 572.43
90.007 574.43
90.0118 576.43
90.0166 578.43
90.0202 580.43
90.0238 582.43
90.0287 584.43
90.0335 586.43
90.0383 588.43
90.0431 590.43
90.0479 592.43
90.0527 594.43
90.0587 596.43
90.0635 598.43
90.0659 600.43
90.0707 602.022
91.3853 437.265
91.3853 4
91.3901 6
91.3901 4
91.3949 6
91.3949 4
91.3997 6
91.3997 4
91.4045 6
91.4045 4
91.4105 6
91.4105 4
91.4129 6
91.4129 4
91.4177 6
91.4177 4
91.4225 6
91.4225 4
91.4273 6
91.4273 4
91.4321 6
91.4321 4
91.4345 6
91.4345 4
91.4393 6
91.4393 4
91.4441 6
91.4441 4
91.4489 6
91.4489 4
91.4538 6
91.4538 4
91.4562 6
91.4562 4
91.4634 6
91.4634 4
91.4658 6
91.4658 4
91.4706 6
91.4706 4
91.4754 6
91.4754 4
91.4814 6
91.4814 4
91.4862 6
91.4862 4
91.491 6
91.491 4
91.4934 6
91.4934 4
91.4982 6
91.4982 4
91.503 6
91.503 4
91.5078 6
91.5078 4
91.5102 6
91.5102 4
91.515 6
91.515 4
91.5198 6
91.5198 4
91.5246 6
91.5246 4
91.5271 6
91.5271 4
91.5319 6
91.5319 4
91.5367 6
91.5367 4
91.5415 6
91.5415 4
91.5439 6
91.5439 4
91.5499 6
91.5499 4
91.5547 6
91.5547 4
91.5595 6
91.5595 4
91.5643 6
91.5643 4
91.5691 6
91.5691 4
91.5715 6
91.5715 4
91.5763 6
91.5763 4
91.5811 6
91.5811 4
91.5859 6
91.5859 4
91.5907 6
91.5907 4
91.5955 6
91.5955 4
91.5979 6
91.5979 4
91.6028 6
91.6028 4
91.6076 6
91.6076 4
91.6124 6
91.6124 4
91.6148 6
91.6148 4
91.6208 6
91.6208 4
91.6256 6
91.6256 4
91.6304 6
91.6304 4
91.6352 6
91.6352 4
91.6376 6
91.6376 4
91.6424 6
91.6424 4
91.6472 6
91.6472 4
91.652 6
91.652 4
91.6544 6
91.6544 4
91.6592 6
91.6592 4
91.664 6
91.664 4
91.6688 6
91.6688 4
91.6712 6
91.6712 4
91.676 6
91.676 4
91.6809 6
91.6809 4
91.6869 6
91.6869 4
91.6917 6
91.6917 4
91.6941 6
91.6941 4
91.6989 6
91.6989 4
91.7037 6
91.7037 4
91.7085 6
91.7085 4
91.7109 6
91.7109 4
91.7181 6
91.7181 4
91.7229 6
91.7229 4
91.7253 6
91.7253 4
91.7301 6
91.7301 4
91.7349 6
91.7349 4
91.7397 6
91.7397 4
91.7421 6
91.7421 4
91.7469 6
91.7469 4
91.7517 6
91.7517 4
91.7578 6
91.7578 4
91.7602 6
91.7602 4
91.765 6
91.765 4
91.7698 6
91.7698 4
91.7746 6
91.7746 4
91.7794 6
91.7794 4
91.7818 6
91.7818 4
91.7866 6
91.7866 4
91.7914 6
91.7914 4
91.7962 6
91.7962 4
91.7986 6
91.7986 4
91.8034 6
91.8034 4
91.8082 6
91.8082 4
91.813 6
91.813 4
91.8178 6
91.8178 4
91.8226 6
91.8226 4
91.8262 6
91.8262 4
91.8311 6
91.8311 4
91.8359 6
91.8359 4
91.8407 6
91.8407 4
91.8455 6
91.8455 4
91.8503 6
91.8503 4
91.8551 6
91.8551 4
91.8599 6
91.8599 4
91.8647 6
91.8647 4
91.8695 6
91.8695 4
91.8743 6
91.8743 4
91.8791 6
91.8791 4
91.8839 6
91.8839 4
91.8887 6
91.8887 4
91.8911 6
91.8911 4
91.8971 6
91.8971 4
91.9019 6
91.9019 4
91.9068 6
91.9068 4
91.9116 6
91.9116 4
91.9164 6
91.9164 4
91.9212 6
91.9212 4
91.926 6
91.926 4
91.9308 6
91.9308 4
91.9356 6
91.9356 4
91.9404 6
91.9404 4
91.9452 6
91.9452 4
91.95 6
91.95 4
91.9536 6
91.9536 4
91.9572 6
91.9572 4
91.962 6
91.962 4
91.9656 6
91.9656 4
91.9704 6
91.9704 4
91.9752 6
91.9752 4
91.9789 6
91.9789 4
91.9837 6
91.9837 4
91.9873 6
91.9873 4
91.9897 6
91.9897 4
91.9945 6
91.9945 4
91.9993 6
91.9993 4
92.0029 5
92.0029 4
92.0065 5
92.0065 4
92.0077 152
92.0077 151
92.0077 152
92.0077 4
92.0113 152
92.0113 4
92.0125 151
92.0125 4
92.0161 3
92.0161 149
92.0161 4
92.0197 148
92.0197 4
92.0209 147
92.0209 4
92.0245 3
92.0245 145
92.0245 4
92.0257 144
92.0257 4
92.0293 143
92.0293 4
92.0305 142
92.0305 4
92.0341 141
92.0341 4
92.0353 140
92.0353 4
92.0378 139
92.0378 4
92.039 138
92.039 4
92.0426 137
92.0426 4
92.0438 136
92.0438 4
92.0462 135
92.0462 4
92.0474 134
92.0474 4
92.051 133
92.051 4
92.0522 132
92.0522 4
92.0546 131
92.0546 4
92.0558 130
92.0558 4
92.057 129
92.057 4
92.0606 128
92.0606 4
92.063 127
92.063 4
92.0642 126
92.0642 4
92.0678 125
92.0678 4
92.069 124
92.069 4
92.0702 123
92.0702 4
92.0726 122
92.0726 4
92.0738 121
92.0738 4
92.0774 120
92.0774 4
92.0786 119
92.0786 4
92.081 118
92.081 4
92.0822 117
92.0822 4
92.0858 116
92.0858 4
92.087 115
92.087 4
92.0906 114
92.0906 4
92.0918 113
92.0918 4
92.0954 112
92.0954 4
92.0966 111
92.0966 4
92.1002 3
92.1002 109
92.1002 4
92.1014 108
92.1014 4
92.105 107
92.105 4
92.1062 106
92.1062 4
92.1086 105
92.1086 4
92.1098 104
92.1098 4
92.1135 103
92.1135 4
92.1147 102
92.1147 4
92.1183 101
92.1183 4
92.1195 100
92.1195 4
92.1219 99
92.1219 4
92.1231 98
92.1231 4
92.1243 97
92.1243 4
92.1279 96
92.1279 4
92.1291 95
92.1291 4
92.1315 94
92.1315 4
92.1327 93
92.1327 4
92.1363 92
92.1363 4
92.1375 91
92.1375 4
92.1411 90
92.1411 4
92.1423 89
92.1423 4
92.1459 88
92.1459 4
92.1495 87
92.1495 4
92.1507 3
92.1507 85
92.1507 4
92.1531 84
92.1531 4
92.1543 83
92.1543 4
92.1579 82
92.1579 4
92.1591 81
92.1591 4
92.1627 80
92.1627 4
92.1639 79
92.1639 4
92.1675 3
92.1675 77
92.1675 4
92.1699 76
92.1699 4
92.1711 75
92.1711 4
92.1747 74
92.1747 4
92.1759 73
92.1759 4
92.1795 72
92.1795 4
92.1831 71
92.1831 4
92.1843 3
92.1843 69
92.1843 4
92.188 68
92.188 4
92.1892 67
92.1892 4
92.1928 3
92.1928 65
92.1928 4
92.194 64
92.194 4
92.1976 63
92.1976 4
92.1988 62
92.1988 4
92.2024 61
92.2024 4
92.2036 60
92.2036 4
92.206 59
92.206 4
92.2072 58
92.2072 4
92.2108 57
92.2108 4
92.212 56
92.212 4
92.2132 55
92.2132 4
92.2156 54
92.2156 4
92.2168 53
92.2168 4
92.2204 52
92.2204 4
92.2216 51
92.2216 4
92.224 50
92.224 4
92.2252 49
92.2252 4
92.2288 48
92.2288 4
92.23 47
92.23 4
92.2336 46
92.2336 4
92.2348 45
92.2348 4
92.2384 44
92.2384 4
92.2396 5
92.2396 4
92.2432 3
92.2432 4
92.2444 5
92.2444 4
92.2456 5
92.2456 4
92.2492 5
92.2492 4
92.2504 5
92.2504 4
92.254 5
92.254 4
92.2552 5
92.2552 4
92.2564 5
92.2564 4
92.26 5
92.26 4
92.2613 5
92.2613 4
92.2625 5
92.2625 4
92.2661 5
92.2661 4
92.2673 5
92.2673 4
92.2709 5
92.2709 4
92.2721 5
92.2721 4
92.2757 5
92.2757 4
92.2769 5
92.2769 4
92.2805 5
92.2805 4
92.2817 5
92.2817 4
92.2853 3
92.2853 4
92.2877 5
92.2877 4
92.2889 5
92.2889 4
92.2925 5
92.2925 4
92.2937 5
92.2937 4
92.2949 5
92.2949 4
92.2985 5
92.2985 4
92.2997 5
92.2997 4
92.3009 5
92.3009 4
92.3045 5
92.3045 4
92.3057 5
92.3057 4
92.3093 5
92.3093 4
92.3105 5
92.3105 4
92.3141 5
92.3141 4
92.3153 5
92.3153 4
92.3189 3
92.3189 4
92.3201 5
92.3201 4
92.3213 5
92.3213 4
92.3249 5
92.3249 4
92.6037 3
92.6037 4
92.6518 602.022
92.6518 601.022
92.6518 602.022
92.653 601.022
92.653 602.022
92.6566 601.022
92.6566 602.022
92.939 601.022
92.939 602.022
92.9906 601.022
92.9906 602.022
92.9918 601.022
92.9918 602.022
92.9954 601.022
92.9954 602.022
93.0002 601.022
93.0002 602.022
93.0026 601.022
93.0026 602.022
93.005 67.4296
93.005 68.4296
93.0122 70.4296
93.0194 72.4296
93.0266 74.4296
93.0315 76.4296
93.0387 78.4296
93.0459 80.4296
93.0531 82.4296
93.0579 84.4296
93.0651 86.4296
93.0723 88.4296
93.0795 90.4296
93.0843 92.4296
93.0915 94.4296
93.0999 96.4296
93.1072 98.4296
93.112 100.43
93.1192 102.43
93.1264 104.43
93.1336 106.43
93.1384 108.43
93.1456 110.43
93.1528 112.43
93.16 114.43
93.1648 116.43
93.172 118.43
93.1793 120.43
93.1865 122.43
93.1913 124.43
93.1985 126.43
93.2069 128.43
93.2141 130.43
93.2189 132.43
93.2261 134.43
93.2333 136.43
93.2405 138.43
93.2453 140.43
93.2525 142.43
93.2598 144.43
93.267 146.43
93.2718 148.43
93.279 150.43
93.2862 152.43
93.2934 154.43
93.2994 156.43
93.3066 158.43
93.3138 160.43
93.321 162.43
93.3258 164.43
93.3331 166.43
93.3403 168.43
93.3475 170.43
93.3523 172.43
93.3595 174.43
93.3667 176.43
93.3739 178.43
93.3799 180.43
93.3871 182.43
93.3943 184.43
93.4015 186.43
93.4064 188.43
93.4136 190.43
93.4208 192.43
93.428 194.43
93.4328 196.43
93.44 198.43
93.4448 200.43
93.4532 202.43
93.4604 204.43
93.4664 206.43
93.4724 208.43
93.4797 210.43
93.4869 212.43
93.4929 214.43
93.4989 216.43
93.5061 218.43
93.5133 220.43
93.5193 222.43
93.5265 224.43
93.5313 226.43
93.5361 228.43
93.5409 230.43
93.6491 232.43
93.6587 234.43
93.6635 236.43
93.6695 238.43
93.6743 240.43
93.6791 242.43
93.6839 244.43
93.6887 246.43
93.6959 248.43
93.7007 250.43
93.7056 252.43
93.7104 254.43
93.7152 256.43
93.72 258.43
93.7272 260.43
93.732 262.43
93.7368 264.43
93.7428 266.43
93.7476 268.43
93.7524 270.43
93.7572 272.43
93.762 274.43
93.7692 276.43
93.774 278.43
93.7788 280.43
93.7837 282.43
93.7885 284.43
93.7933 286.43
93.7981 288.43
93.8029 290.43
93.8089 292.43
93.8137 294.43
93.8209 296.43
93.8257 298.43
93.8305 300.43
93.8353 302.43
93.8401 304.43
93.8449 306.43
93.8497 308.43
93.8545 310.43
93.8618 312.43
93.8666 314.43
93.8714 316.43
93.8774 318.43
93.8822 320.43
93.887 322.43
93.8918 324.43
93.8966 326.43
93.9038 328.43
93.9062 330.43
93.9134 332.43
93.9182 334.43
93.923 336.43
93.9278 338.43
93.9351 340.43
93.9411 342.43
93.9459 344.43
93.9507 346.43
93.9555 348.43
93.9603 350.43
93.9651 352.43
93.9699 354.43
93.9747 356.43
93.9795 358.43
93.9855 360.43
93.9915 362.43
93.9951 364.43
94.0011 366.43
94.006 368.43
94.012 370.43
94.0168 372.43
94.0216 374.43
94.0264 376.43
94.0312 378.43
94.0372 380.43
94.0432 382.43
94.048 384.43
94.0528 386.43
94.0576 388.43
94.0624 390.43
94.0672 392.43
94.0732 394.43
94.0792 396.43
94.0853 396.651
94.3544 398.651
94.7702 396.651
95.6257 377.151
97.666 379.151
98.0782 377.151
