0 0
0.1 0
0.2 0
0.3 0
0.4 0
0.5 0
0.6 0
0.7 0
0.8 0
0.9 0
1 0
1.1 0
1.2 0
1.3 55
1.4 136
1.5 164
1.6 272
1.7 334
1.8 399
1.9 470
2 502
2.1 516
2.2 514
2.3 515
2.4 515
2.5 516
2.6 516
2.7 515
2.8 516
2.9 516
3 508
3.1 463
3.2 406
3.3 339
3.4 339
3.5 338
3.6 338
3.7 338
3.8 339
3.9 339
4 317
4.1 292
4.2 295
4.3 299
4.4 301
4.5 313
4.6 268
4.7 259
4.8 255
4.9 257
5 263
5.1 266
5.2 273
5.3 270
5.4 273
5.5 277
5.6 282
5.7 289
5.8 294
5.9 298
6 303
6.1 309
6.2 313
6.3 317
6.4 322
6.5 329
6.6 333
6.7 338
6.8 342
6.9 346
7 352
7.1 355
7.2 359
7.3 365
7.4 368
7.5 372
7.6 376
7.7 379
7.8 382
7.9 388
8 390
8.1 392
8.2 395
8.3 400
8.4 402
8.5 403
8.6 409
8.7 411
8.8 413
8.9 414
9 418
9.1 420
9.2 422
9.3 424
9.4 427
9.5 428
9.6 429
9.7 431
9.8 431
9.9 432
10 429
10.1 426
10.2 423
10.3 413
10.4 403
10.5 393
10.6 385
10.7 373
10.8 367
10.9 361
11 355
11.1 355
11.2 356
11.3 356
11.4 357
11.5 359
11.6 357
11.7 358
11.8 364
11.9 390
12 416
12.1 440
12.2 467
12.3 482
12.4 483
12.5 483
12.6 487
12.7 494
12.8 500
12.9 506
13 511
13.1 516
13.2 516
13.3 517
13.4 515
13.5 500
13.6 485
13.7 474
13.8 462
13.9 448
14 437
14.1 385
14.2 321
14.3 273
14.4 278
14.5 285
14.6 296
14.7 306
14.8 314
14.9 327
15 311
15.1 310
15.2 291
15.3 293
15.4 299
15.5 304
15.6 313
15.7 312
15.8 342
15.9 365
16 371
16.1 375
16.2 381
16.3 387
16.4 391
16.5 403
16.6 412
16.7 418
16.8 424
16.9 431
17 437
17.1 441
17.2 447
17.3 453
17.4 459
17.5 464
17.6 470
17.7 476
17.8 481
17.9 484
18 490
18.1 495
18.2 499
18.3 504
18.4 511
18.5 516
18.6 515
18.7 516
18.8 514
18.9 515
19 515
19.1 514
19.2 512
19.3 508
19.4 502
19.5 446
19.6 381
19.7 318
19.8 310
19.9 309
20 308
20.1 316
20.2 323
20.3 331
20.4 325
20.5 327
20.6 323
20.7 303
20.8 279
20.9 279
21 284
21.1 290
21.2 287
21.3 288
21.4 318
21.5 339
21.6 343
21.7 346
21.8 348
21.9 353
22 357
22.1 367
22.2 374
22.3 380
22.4 382
22.5 385
22.6 389
22.7 392
22.8 397
22.9 400
23 403
23.1 406
23.2 411
23.3 412
23.4 415
23.5 418
23.6 421
23.7 425
23.8 427
23.9 436
24 445
24.1 453
24.2 460
24.3 469
24.4 477
24.5 480
24.6 476
24.7 468
24.8 460
24.9 451
25 442
25.1 432
25.2 429
25.3 428
25.4 432
25.5 440
25.6 448
25.7 455
25.8 461
25.9 469
26 472
26.1 471
26.2 473
26.3 476
26.4 479
26.5 479
26.6 483
26.7 484
26.8 488
26.9 488
27 488
27.1 487
27.2 491
27.3 491
27.4 492
27.5 491
27.6 493
27.7 494
27.8 495
27.9 494
28 494
28.1 497
28.2 498
28.3 497
28.4 498
28.5 498
28.6 500
28.7 499
28.8 498
28.9 501
29 500
29.1 502
29.2 504
29.3 511
29.4 517
29.5 516
29.6 515
29.7 515
29.8 516
29.9 510
30 505
30.1 497
30.2 487
30.3 475
30.4 415
30.5 355
30.6 315
30.7 315
30.8 316
30.9 320
31 319
31.1 319
31.2 330
31.3 292
31.4 291
31.5 272
31.6 248
31.7 243
31.8 222
31.9 199
32 157
32.1 133
32.2 139
32.3 132
32.4 135
32.5 139
32.6 146
32.7 151
32.8 155
32.9 190
33 227
33.1 261
33.2 297
33.3 332
33.4 344
33.5 357
33.6 369
33.7 382
33.8 394
33.9 405
34 425
34.1 440
34.2 454
34.3 469
34.4 484
34.5 493
34.6 491
34.7 491
34.8 486
34.9 479
35 470
35.1 468
35.2 467
35.3 468
35.4 467
35.5 475
35.6 486
35.7 495
35.8 503
35.9 509
36 510
36.1 512
36.2 512
36.3 516
36.4 516
36.5 516
36.6 515
36.7 515
36.8 515
36.9 516
37 515
37.1 515
37.2 514
37.3 508
37.4 456
37.5 405
37.6 376
37.7 376
37.8 375
37.9 376
38 376
38.1 376
38.2 376
38.3 349
38.4 340
38.5 338
38.6 305
38.7 273
38.8 252
38.9 261
39 275
39.1 265
39.2 272
39.3 310
39.4 356
39.5 344
39.6 334
39.7 320
39.8 312
39.9 302
40 306
40.1 315
40.2 322
40.3 332
40.4 338
40.5 347
40.6 356
40.7 365
40.8 372
40.9 377
41 383
41.1 388
41.2 393
41.3 395
41.4 403
41.5 407
41.6 410
41.7 412
41.8 416
41.9 420
42 422
42.1 427
42.2 428
42.3 430
42.4 433
42.5 437
42.6 439
42.7 441
42.8 444
42.9 445
43 448
43.1 449
43.2 450
43.3 453
43.4 465
43.5 442
43.6 409
43.7 376
43.8 342
43.9 309
44 275
44.1 242
44.2 205
44.3 168
44.4 166
44.5 167
44.6 167
44.7 168
44.8 170
44.9 192
45 226
45.1 259
45.2 295
45.3 329
45.4 351
45.5 360
45.6 370
45.7 381
45.8 390
45.9 401
46 412
46.1 422
46.2 424
46.3 429
46.4 432
46.5 436
46.6 441
46.7 454
46.8 466
46.9 479
47 491
47.1 500
47.2 508
47.3 501
47.4 495
47.5 486
47.6 475
47.7 465
47.8 457
47.9 456
48 452
48.1 451
48.2 459
48.3 469
48.4 477
48.5 484
48.6 491
48.7 496
48.8 498
48.9 498
49 500
49.1 506
49.2 512
49.3 517
49.4 515
49.5 517
49.6 516
49.7 516
49.8 516
49.9 516
50 515
50.1 516
50.2 515
50.3 496
50.4 449
50.5 402
50.6 385
50.7 386
50.8 387
50.9 387
51 387
51.1 389
51.2 408
51.3 370
51.4 369
51.5 380
51.6 388
51.7 397
51.8 406
51.9 397
52 368
52.1 310
52.2 278
52.3 278
52.4 281
52.5 283
52.6 285
52.7 300
52.8 347
52.9 372
53 376
53.1 381
53.2 388
53.3 393
53.4 405
53.5 423
53.6 444
53.7 451
53.8 457
53.9 461
54 467
54.1 472
54.2 480
54.3 490
54.4 502
54.5 511
54.6 516
54.7 516
54.8 515
54.9 515
55 517
55.1 517
55.2 516
55.3 515
55.4 516
55.5 515
55.6 459
55.7 375
55.8 292
55.9 240
56 202
56.1 159
56.2 118
56.3 78
56.4 38
56.5 50
56.6 49
56.7 49
56.8 49
56.9 95
57 137
57.1 181
57.2 208
57.3 183
57.4 179
57.5 195
57.6 211
57.7 228
57.8 257
57.9 291
58 299
58.1 307
58.2 318
58.3 325
58.4 337
58.5 353
58.6 364
58.7 369
58.8 373
58.9 378
59 385
59.1 390
59.2 409
59.3 426
59.4 442
59.5 456
59.6 461
59.7 453
59.8 446
59.9 439
60 428
60.1 428
60.2 426
60.3 423
60.4 421
60.5 427
60.6 434
60.7 443
60.8 450
60.9 455
61 454
61.1 453
61.2 454
61.3 455
61.4 460
61.5 464
61.6 467
61.7 470
61.8 473
61.9 474
62 472
62.1 472
62.2 473
62.3 478
62.4 478
62.5 480
62.6 481
62.7 483
62.8 492
62.9 493
63 492
63.1 492
63.2 489
63.3 479
63.4 469
63.5 459
63.6 452
63.7 447
63.8 444
63.9 443
64 444
64.1 449
64.2 455
64.3 460
64.4 467
64.5 474
64.6 471
64.7 472
64.8 473
64.9 474
65 477
65.1 480
65.2 485
65.3 488
65.4 492
65.5 492
65.6 492
65.7 493
65.8 495
65.9 498
66 500
66.1 504
66.2 506
66.3 508
66.4 513
66.5 513
66.6 515
66.7 516
66.8 512
66.9 506
67 498
67.1 492
67.2 486
67.3 483
67.4 475
67.5 437
67.6 398
67.7 347
67.8 263
67.9 180
68 131
68.1 98
68.2 60
68.3 31
68.4 31
68.5 41
68.6 44
68.7 71
68.8 117
68.9 161
69 206
69.1 225
69.2 241
69.3 259
69.4 277
69.5 295
69.6 315
69.7 337
69.8 357
69.9 378
70 395
70.1 396
70.2 395
70.3 390
70.4 382
70.5 383
70.6 384
70.7 388
70.8 392
70.9 406
71 419
71.1 430
71.2 439
71.3 444
71.4 445
71.5 448
71.6 453
71.7 461
71.8 470
71.9 476
72 474
72.1 475
72.2 477
72.3 478
72.4 477
72.5 478
72.6 483
72.7 484
72.8 486
72.9 487
73 488
73.1 492
73.2 492
73.3 493
73.4 493
73.5 491
73.6 482
73.7 474
73.8 470
73.9 462
74 463
74.1 462
74.2 465
74.3 465
74.4 470
74.5 477
74.6 482
74.7 490
74.8 497
74.9 497
75 497
75.1 499
75.2 499
75.3 499
75.4 500
75.5 498
75.6 499
75.7 498
75.8 498
75.9 500
76 499
76.1 499
76.2 501
76.3 499
76.4 500
76.5 501
76.6 502
76.7 503
76.8 502
76.9 503
77 497
77.1 489
77.2 482
77.3 476
77.4 470
77.5 471
77.6 473
77.7 476
77.8 476
77.9 479
78 485
78.1 495
78.2 503
78.3 506
78.4 508
78.5 509
78.6 510
78.7 509
78.8 513
78.9 513
79 515
79.1 514
79.2 507
79.3 474
79.4 438
79.5 400
79.6 362
79.7 327
79.8 293
79.9 261
80 227
80.1 195
80.2 194
80.3 198
80.4 200
80.5 204
80.6 207
80.7 222
80.8 266
80.9 305
81 349
81.1 390
81.2 433
81.3 456
81.4 473
81.5 488
81.6 505
81.7 516
81.8 516
81.9 517
82 516
82.1 517
82.2 515
82.3 515
82.4 515
82.5 517
82.6 515
82.7 476
82.8 422
82.9 371
83 358
83.1 338
83.2 322
83.3 313
83.4 307
83.5 303
83.6 407
83.7 384
83.8 391
83.9 397
84 398
84.1 398
84.2 384
84.3 368
84.4 368
84.5 311
84.6 304
84.7 309
84.8 314
84.9 315
85 331
85.1 380
85.2 427
85.3 441
85.4 445
85.5 450
85.6 457
85.7 466
85.8 484
85.9 502
86 516
86.1 516
86.2 516
86.3 515
86.4 516
86.5 516
86.6 516
86.7 515
86.8 515
86.9 516
87 481
87.1 443
87.2 412
87.3 424
87.4 434
87.5 446
87.6 459
87.7 466
87.8 458
87.9 483
88 431
88.1 412
88.2 398
88.3 385
88.4 383
88.5 384
88.6 389
88.7 364
88.8 349
88.9 292
89 272
89.1 282
89.2 287
89.3 291
89.4 295
89.5 340
89.6 393
89.7 403
89.8 407
89.9 411
90 415
90.1 422
90.2 442
90.3 462
90.4 484
90.5 489
90.6 494
90.7 497
90.8 501
90.9 505
91 515
91.1 516
91.2 515
91.3 515
91.4 513
91.5 470
91.6 426
91.7 381
91.8 335
91.9 293
92 243
92.1 161
92.2 78
92.3 21
92.4 9
92.5 9
92.6 8
92.7 32
92.8 80
92.9 130
93 178
93.1 156
93.2 139
93.3 159
93.4 179
93.5 197
93.6 228
93.7 263
93.8 275
93.9 286
94 297
94.1 306
94.2 323
94.3 343
94.4 354
94.5 373
94.6 390
94.7 410
94.8 421
94.9 420
95 420
95.1 414
95.2 403
95.3 402
95.4 402
95.5 403
95.6 402
95.7 409
95.8 420
95.9 427
96 434
96.1 432
96.2 429
96.3 428
96.4 424
96.5 430
96.6 433
96.7 439
96.8 438
96.9 438
97 439
97.1 436
97.2 434
97.3 436
97.4 441
97.5 440
97.6 440
97.7 442
97.8 444
97.9 444
98 442
98.1 441
98.2 433
98.3 421
98.4 413
98.5 404
98.6 406
98.7 405
98.8 405
98.9 404
99 408
99.1 417
99.2 425
99.3 431
99.4 433
99.5 433
99.6 432
99.7 435
99.8 434
99.9 439
100 443
