0.200158 1
2.90905 1.02594
2.91145 1.00221
2.91386 1
4.61652 1.14231
4.61893 1.2428
4.62133 1.29181
4.62854 1.30292
4.63094 1.29681
4.63575 1.27243
4.63815 1.24129
4.64056 1.20488
4.64296 1.16439
4.64536 1.12169
4.64777 1.07983
4.65137 1.03814
4.65377 1
15.0248 1.20143
15.0272 1.348
15.0308 1.42247
15.0332 1.44642
15.0368 1.4365
15.0404 1.4047
15.0428 1.36042
15.0464 1.30848
15.0488 1.25404
15.0524 1.1979
15.0548 1.1451
15.0572 1.09435
15.0596 1.04831
15.062 1.00503
15.0644 1
20.6687 1.16372
20.6723 1.2907
20.6759 1.35446
20.6795 1.37562
20.6819 1.36906
20.6855 1.34271
20.6891 1.30425
20.6927 1.25994
20.6963 1.21229
20.6987 1.16661
20.7023 1.12009
20.7059 1.07714
20.7096 1.03524
20.7132 1
31.4591 1.16549
31.4627 1.28743
31.4663 1.34823
31.4699 1.36789
31.4735 1.35909
31.4771 1.33277
31.4819 1.29492
31.4855 1.25158
31.4879 1.20774
31.4927 1.16052
31.4963 1.11526
31.4999 1.0727
31.5035 1.03326
31.5071 1
38.945 1.08859
38.9486 1.17506
38.9522 1.21931
38.9558 1.23446
38.9607 1.22917
38.9643 1.21241
38.9679 1.18774
38.9715 1.15866
38.9763 1.12671
38.9799 1.09478
38.9835 1.06474
38.9871 1.03597
38.9895 1.00719
38.9919 1
52.004 1.05438
52.0701 1.06379
52.0737 1.16916
52.0785 1.22458
52.0833 1.24553
52.0881 1.24322
52.0929 1.22752
52.0977 1.20085
52.1026 1.16964
52.1074 1.13554
52.111 1.10327
52.117 1.06878
52.1206 1.03749
52.1254 1.0075
52.1302 1
56.796 1.47498
56.7984 1.78237
56.8008 1.93998
56.8032 1.99086
56.8056 1.97106
56.808 1.90469
56.8104 1.81081
56.8128 1.70185
56.8152 1.58561
56.8176 1.46918
56.82 1.35545
56.8224 1.24803
56.8248 1.14815
56.8272 1.05554
56.8296 1
68.4323 1.33179
68.4347 1.55936
68.4371 1.67573
68.4395 1.71723
68.4419 1.70911
68.4443 1.66596
68.4467 1.60381
68.4491 1.52928
68.4515 1.44979
68.4539 1.36948
68.4563 1.29107
68.4587 1.21543
68.4611 1.14481
68.4635 1.07962
68.4659 1.02086
68.4683 1
84.2141 1.17459
84.2177 1.30193
84.2213 1.36626
84.2261 1.38721
84.2309 1.37817
84.2357 1.35064
84.2393 1.31009
84.2417 1.26494
84.2442 1.21465
84.2466 1.16354
84.249 1.11355
84.2526 1.06416
84.255 1.01858
84.2574 1
88.7105 1.02113
88.7141 1.05323
88.7165 1.06673
88.7189 1.06766
88.7213 1.0595
88.7249 1.04572
88.7273 1.02878
88.7297 1.01126
88.7321 1
88.8355 1.03275
88.8403 1.08334
88.8451 1.1096
88.8487 1.1199
88.8535 1.11848
88.8583 1.1085
88.8619 1.09497
88.8667 1.07859
88.8715 1.05907
88.8751 1.04076
88.8799 1.02287
88.8847 1.0058
88.8883 1
92.6421 1.47129
92.6445 1.77907
92.6469 1.93874
92.6493 1.99437
92.6542 1.97909
92.6578 1.92037
92.6602 1.83313
92.6626 1.72901
92.665 1.61792
92.6674 1.50397
92.6698 1.39259
92.6722 1.28638
92.6746 1.18689
92.677 1.0958
92.6794 1.01127
92.6818 1
