0.200111 1
2.66152 1.06702
2.67354 1.07871
2.70478 1.10608
2.71679 1.111
2.84416 1.24264
2.84657 1.2501
2.84897 1.24362
2.85137 1.23041
2.85378 1.21098
2.85618 1.19029
2.85858 1.16833
2.86099 1.1451
2.86339 1.12397
2.86579 1.10267
2.8682 1.08414
2.8706 1.06691
2.873 1.05108
2.87541 1.03665
2.87781 1.02248
2.88021 1.01113
2.88261 1.0009
2.88502 1
3.44376 1.00573
3.45578 1
3.60237 1.04326
3.61439 1.03415
3.64563 1.02566
3.65765 1.02041
3.78502 1.12485
3.78742 1.11678
3.78982 1.10602
3.79223 1.09383
3.79463 1.08109
3.79703 1.06751
3.79944 1.05558
3.80184 1.0442
3.80424 1.03354
3.80665 1.02368
3.80905 1.01379
3.81145 1.00596
3.81385 1
4.00491 1.00689
4.00731 1.01434
4.00972 1.02093
4.01212 1.02558
4.01452 1.02939
4.01693 1.03222
4.01933 1.03401
4.02534 1.03124
4.03255 1.02014
4.04456 1
11.2247 1.0618
11.7588 1.09925
11.9648 1.13994
12.1739 1.16177
12.5134 1.20007
12.5231 1.20954
12.5327 1.20074
12.5423 1.17938
12.5531 1.14876
12.5639 1.11489
12.5747 1.07913
12.5843 1.04423
12.5939 1.01103
12.606 1
14.9899 1.20763
14.9995 1.35668
15.0068 1.43426
15.0176 1.45807
15.0284 1.44682
15.0392 1.41297
15.0512 1.36367
15.0897 1.30938
15.0993 1.25265
15.1089 1.19612
15.1197 1.14065
15.1281 1.08853
15.1377 1.04116
15.1473 1
20.5834 1.17359
20.5906 1.29479
20.599 1.35473
20.605 1.3744
20.6134 1.3661
20.6206 1.34059
20.6278 1.30455
20.6363 1.26094
20.6435 1.21464
20.6507 1.16889
20.6579 1.1249
20.6663 1.08166
20.6747 1.04029
20.6831 1.00148
20.6915 1
31.405 1.16021
31.411 1.28338
31.417 1.34607
31.4242 1.36712
31.429 1.36105
31.435 1.33647
31.441 1.30139
31.4483 1.25873
31.4543 1.21334
31.4615 1.16757
31.4687 1.12211
31.4747 1.07918
31.4807 1.04013
31.4891 1.00131
31.4951 1
32.782 1.00679
32.9868 1
33.2987 1.00405
33.3083 1
38.4692 1.09574
38.4752 1.18142
38.4824 1.22411
38.4884 1.23815
38.4944 1.23383
38.5004 1.21668
38.5077 1.19079
38.5137 1.16173
38.5197 1.13062
38.5257 1.09911
38.5317 1.06834
38.5389 1.03901
38.5449 1.01155
38.5521 1
44.4982 1.11897
44.8161 1.39671
45.0197 1.38117
45.2203 1.35038
45.3436 1.48115
45.3508 1.53541
45.358 1.53869
45.3652 1.50757
45.3748 1.45404
45.382 1.38756
45.3916 1.31476
45.3988 1.24193
45.406 1.17052
45.4157 1.10144
45.4229 1.03704
45.4325 1
51.8923 1.07888
51.8971 1.15688
51.9031 1.19666
51.9091 1.20925
51.9139 1.20625
51.9199 1.1913
51.9247 1.16899
51.9307 1.14253
51.9367 1.11331
51.9415 1.08496
51.9475 1.0563
51.9524 1.03011
51.9584 1.00457
51.9644 1
52.8415 1.08716
52.8463 1.14496
52.8512 1.16767
52.8584 1.1649
52.8632 1.1473
52.868 1.12228
52.8728 1.09134
52.8788 1.05663
52.8836 1.02142
52.8884 1
57.1709 1.43653
57.1781 1.72289
57.1877 1.86554
57.1961 1.90955
57.2033 1.88844
57.2106 1.82623
57.2178 1.73905
57.2262 1.63653
57.2334 1.52901
57.2406 1.42164
57.2478 1.31691
57.255 1.21728
57.2622 1.12507
57.2694 1.04068
57.2766 1
68.4653 1.13201
68.6234 1.57703
68.8246 1.66233
68.9971 1.70654
69.0019 1.83535
69.0091 1.87165
69.0163 1.84708
69.0235 1.78339
69.0307 1.69521
69.0379 1.59467
69.0463 1.48749
69.0535 1.38117
69.0607 1.27879
69.0679 1.1814
69.0752 1.09041
69.0824 1.00743
69.0896 1
80.655 1.29035
80.8586 1.31814
81.2269 1.45687
81.2341 1.53401
81.2414 1.55298
81.2486 1.53324
81.257 1.48878
81.2642 1.42867
81.2714 1.36114
81.281 1.28829
81.2882 1.217
81.2966 1.14903
81.3038 1.08542
81.311 1.02586
81.3183 1
84.166 1.17788
84.1697 1.30405
84.1745 1.3676
84.1781 1.38894
84.1829 1.38189
84.1877 1.35463
84.1913 1.31676
84.1961 1.2722
84.2009 1.22551
84.2045 1.17885
84.2105 1.13189
84.2165 1.08624
84.2225 1.04202
84.2273 1.00194
84.2321 1
84.3919 1.00001
84.3944 1.02083
84.3968 1.02488
84.3992 1.01882
84.4016 1.00514
84.404 1
85.1591 1.02649
85.2102 1.0977
85.215 1.13513
85.2211 1.14471
85.2259 1.13752
85.2331 1.11512
85.2379 1.08795
85.2427 1.05759
85.2475 1.02608
85.2523 1
88.618 1.01142
88.6228 1.03513
88.6288 1.04584
88.6348 1.04856
88.6396 1.04592
88.6468 1.03807
88.6516 1.0297
88.6564 1.0203
88.6636 1.00963
88.6684 1
89.5949 1.0194
89.6021 1.11376
89.6069 1.16113
89.6093 1.17705
89.6177 1.16831
89.6201 1.14725
89.6249 1.11786
89.6297 1.08305
89.6345 1.0458
89.6393 1.00901
89.6441 1
93.0122 1.46771
93.0194 1.77103
93.0266 1.92308
93.0315 1.97296
93.0387 1.95338
93.0459 1.88802
93.0531 1.79387
93.0579 1.68741
93.0651 1.57356
93.0723 1.45852
93.0795 1.34638
93.0843 1.24149
93.0915 1.14293
93.0999 1.05169
93.1072 1
