0.1 0.00448
0.2 0
0.3 1.20416
0.4 0
0.5 1.8
0.6 0.36
0.7 1.8
0.8 2.28
0.9 2.4
1 3.24
1.1 3.48
1.2 6.24
1.3 7.08
1.4 3
1.5 8.16
1.6 8.52
1.7 3.24
1.8 1.92
1.9 0.96
2 6.72
2.1 4.32
2.2 4.56
2.3 1.92
2.4 1.92
2.5 0.96
2.6 1.44
2.7 0.48
2.8 0.48
2.9 5.64
3 3.72
3.1 4.56
3.2 2.88
3.3 2.16
3.4 1.2
3.5 1.2
3.6 0.48
3.7 0.96
3.8 1.56
3.9 6.12
4 3.12
4.1 1.32
4.2 1.32
4.3 1.32
4.4 1.44
4.5 1.32
4.6 1.32
4.7 1.32
4.8 1.32
4.9 1.32
5 1.32
5.1 1.44
5.2 1.32
5.3 1.32
5.4 1.32
5.5 1.32
5.6 1.32
5.7 1.32
5.8 1.44
5.9 1.32
6 1.32
6.1 1.32
6.2 1.32
6.3 1.32
6.4 1.44
6.5 1.32
6.6 1.32
6.7 1.32
6.8 1.32
6.9 1.32
7 1.32
7.1 1.44
7.2 1.32
7.3 1.32
7.4 1.32
7.5 1.32
7.6 1.32
7.7 1.32
7.8 1.44
7.9 1.32
8 1.32
8.1 1.32
8.2 1.32
8.3 1.32
8.4 1.32
8.5 1.44
8.6 1.32
8.7 1.32
8.8 1.32
8.9 1.32
9 1.32
9.1 1.32
9.2 1.44
9.3 1.32
9.4 1.32
9.5 1.32
9.6 1.32
9.7 1.32
9.8 1.44
9.9 0.84
10 0.96
10.1 0.84
10.2 0.84
10.3 0
10.4 0
10.5 0
10.6 0
10.7 0
10.8 0
10.9 0
11 0.12
11.1 0.24
11.2 0
11.3 0.12
11.4 0
11.5 0
11.6 0
11.7 0
11.8 1.32
11.9 3.12
12 3.12
12.1 3
12.2 3.12
12.3 1.68
12.4 0
12.5 0
12.6 2.76
12.7 3.12
12.8 3
12.9 3.12
13 3.12
13.1 3.12
13.2 3
13.3 3.12
13.4 3.12
13.5 0.6
13.6 1.2
13.7 1.44
13.8 1.32
13.9 1.44
14 1.56
14.1 1.56
14.2 2.28
14.3 2.4
14.4 2.64
14.5 2.04
14.6 2.88
14.7 2.76
14.8 2.76
14.9 2.76
15 2.28
15.1 0
15.2 0.12
15.3 2.76
15.4 2.76
15.5 2.76
15.6 2.76
15.7 2.88
15.8 2.76
15.9 2.76
16 2.88
16.1 2.76
16.2 2.76
16.3 2.76
16.4 2.88
16.5 2.76
16.6 2.76
16.7 2.88
16.8 2.76
16.9 2.76
17 2.76
17.1 2.88
17.2 2.76
17.3 2.76
17.4 2.88
17.5 2.76
17.6 2.76
17.7 2.76
17.8 2.88
17.9 2.76
18 2.76
18.1 2.88
18.2 2.76
18.3 2.76
18.4 3.24
18.5 3.48
18.6 3.48
18.7 3.48
18.8 3.48
18.9 3.48
19 3.48
19.1 2.64
19.2 2.04
19.3 2.04
19.4 2.28
19.5 2.04
19.6 2.16
19.7 2.04
19.8 2.88
19.9 3
20 3.12
20.1 3.12
20.2 3.12
20.3 3.12
20.4 3.12
20.5 3.12
20.6 2.28
20.7 0
20.8 0
20.9 3
21 3.12
21.1 3.12
21.2 3.12
21.3 3.12
21.4 3.12
21.5 3.12
21.6 3.12
21.7 3.12
21.8 3.12
21.9 3.12
22 3.12
22.1 3
22.2 3.12
22.3 3.12
22.4 3.12
22.5 3.12
22.6 3.12
22.7 3.12
22.8 3.12
22.9 3.12
23 3.12
23.1 3.12
23.2 3.12
23.3 3.12
23.4 3.12
23.5 3.12
23.6 3.12
23.7 3.12
23.8 3.24
23.9 3.84
24 3.96
24.1 3.84
24.2 3.96
24.3 3.84
24.4 3.96
24.5 3
24.6 2.4
24.7 2.28
24.8 2.4
24.9 2.28
25 2.4
25.1 2.52
25.2 3.12
25.3 3.36
25.4 3.48
25.5 3.36
25.6 3.48
25.7 3.36
25.8 3.48
25.9 3.36
26 3.48
26.1 3.36
26.2 3.48
26.3 3.36
26.4 3.48
26.5 3.36
26.6 3.48
26.7 3.36
26.8 3.48
26.9 3.36
27 3.48
27.1 3.36
27.2 3.48
27.3 3.36
27.4 3.48
27.5 3.36
27.6 3.48
27.7 3.36
27.8 3.48
27.9 3.36
28 3.48
28.1 3.36
28.2 3.48
28.3 3.36
28.4 3.48
28.5 3.36
28.6 3.48
28.7 3.36
28.8 3.48
28.9 3.36
29 3.48
29.1 3.36
29.2 3.96
29.3 4.32
29.4 4.2
29.5 4.32
29.6 4.32
29.7 4.2
29.8 4.32
29.9 2.76
30 2.52
30.1 2.52
30.2 2.64
30.3 2.64
30.4 2.64
30.5 3
30.6 3.72
30.7 3.72
30.8 3.72
30.9 3.12
31 2.76
31.1 3
31.2 3.48
31.3 3.84
31.4 3.84
31.5 0
31.6 0
31.7 2.04
31.8 0
31.9 0
32 0
32.1 0
32.2 0
32.3 0.12
32.4 0.24
32.5 0
32.6 0.12
32.7 0
32.8 0.72
32.9 3.84
33 3.84
33.1 3.84
33.2 3.72
33.3 3.84
33.4 3.84
33.5 3.84
33.6 3.84
33.7 3.84
33.8 3.72
33.9 3.84
34 4.68
34.1 4.8
34.2 4.68
34.3 4.8
34.4 4.8
34.5 4.08
34.6 2.88
34.7 2.88
34.8 2.88
34.9 2.76
35 2.88
35.1 3.6
35.2 3.84
35.3 3.84
35.4 3.84
35.5 3.84
35.6 3.72
35.7 3.84
35.8 3.84
35.9 3.84
36 3.84
36.1 3.84
36.2 3.72
36.3 3.84
36.4 3.84
36.5 3.84
36.6 3.84
36.7 3.72
36.8 3.84
36.9 3.84
37 3.84
37.1 3.84
37.2 3.72
37.3 3.84
37.4 3.72
37.5 3.84
37.6 3.72
37.7 3.84
37.8 3.84
37.9 3.72
38 3.84
38.1 3.84
38.2 3.84
38.3 3.84
38.4 4.44
38.5 3
38.6 0
38.7 0
38.8 1.8
38.9 4.68
39 4.8
39.1 4.8
39.2 4.92
39.3 4.92
39.4 4.8
39.5 3
39.6 3
39.7 3
39.8 3
39.9 3
40 3.48
40.1 4.08
40.2 4.08
40.3 4.08
40.4 4.2
40.5 4.08
40.6 4.08
40.7 4.2
40.8 4.08
40.9 4.2
41 4.08
41.1 4.2
41.2 4.08
41.3 4.2
41.4 4.08
41.5 4.08
41.6 4.2
41.7 4.08
41.8 4.2
41.9 4.08
42 4.2
42.1 4.08
42.2 4.2
42.3 4.08
42.4 4.08
42.5 4.2
42.6 4.08
42.7 4.2
42.8 4.08
42.9 4.2
43 4.08
43.1 4.08
43.2 4.2
43.3 4.56
43.4 5.16
43.5 0.84
43.6 0
43.7 0
43.8 0
43.9 0
44 0
44.1 0
44.2 0
44.3 0.36
44.4 0
44.5 0.12
44.6 0
44.7 0
44.8 0
44.9 3.6
45 4.08
45.1 4.2
45.2 4.08
45.3 4.2
45.4 4.08
45.5 4.2
45.6 4.08
45.7 4.2
45.8 4.08
45.9 4.2
46 4.2
46.1 4.08
46.2 4.2
46.3 4.08
46.4 4.2
46.5 4.08
46.6 4.32
46.7 5.16
46.8 5.16
46.9 5.16
47 5.28
47.1 5.16
47.2 4.56
47.3 3
47.4 3.12
47.5 3.12
47.6 3.12
47.7 3.12
47.8 3.72
47.9 4.08
48 4.32
48.1 4.32
48.2 4.32
48.3 4.32
48.4 4.44
48.5 4.32
48.6 4.32
48.7 4.32
48.8 4.44
48.9 4.32
49 4.32
49.1 4.32
49.2 4.44
49.3 4.32
49.4 4.32
49.5 4.32
49.6 4.32
49.7 4.44
49.8 4.32
49.9 4.32
50 4.32
50.1 4.44
50.2 4.32
50.3 4.32
50.4 4.32
50.5 4.32
50.6 4.32
50.7 4.32
50.8 4.44
50.9 4.32
51 4.32
51.1 4.32
51.2 4.44
51.3 5.28
51.4 5.4
51.5 5.4
51.6 5.4
51.7 5.52
51.8 5.16
51.9 2.88
52 0
52.1 0
52.2 0.96
52.3 4.68
52.4 4.8
52.5 4.92
52.6 4.92
52.7 5.04
52.8 4.92
52.9 5.04
53 4.92
53.1 5.04
53.2 4.92
53.3 5.04
53.4 4.92
53.5 5.04
53.6 4.92
53.7 5.04
53.8 4.92
53.9 5.04
54 4.92
54.1 5.04
54.2 4.92
54.3 5.04
54.4 4.92
54.5 5.04
54.6 4.92
54.7 4.92
54.8 5.04
54.9 4.92
55 5.04
55.1 4.92
55.2 5.04
55.3 4.92
55.4 5.04
55.5 4.92
55.6 0.48
55.7 0
55.8 0
55.9 0.12
56 0
56.1 0
56.2 0
56.3 0
56.4 0
56.5 0.48
56.6 0
56.7 0
56.8 0.84
56.9 4.92
57 5.04
57.1 4.92
57.2 3.36
57.3 0
57.4 3.12
57.5 5.04
57.6 4.92
57.7 5.04
57.8 4.92
57.9 5.04
58 4.92
58.1 5.04
58.2 4.92
58.3 5.04
58.4 4.92
58.5 5.04
58.6 4.92
58.7 5.04
58.8 4.92
58.9 5.04
59 4.92
59.1 5.16
59.2 6.12
59.3 6.24
59.4 6.24
59.5 6.24
59.6 4.8
59.7 3.72
59.8 3.72
59.9 3.72
60 3.84
60.1 4.92
60.2 4.92
60.3 4.92
60.4 4.92
60.5 5.04
60.6 5.04
60.7 5.04
60.8 4.92
60.9 5.04
61 5.04
61.1 4.92
61.2 5.04
61.3 5.04
61.4 5.04
61.5 4.92
61.6 5.04
61.7 5.04
61.8 5.04
61.9 4.92
62 5.04
62.1 5.04
62.2 4.92
62.3 5.04
62.4 5.04
62.5 5.04
62.6 4.92
62.7 5.04
62.8 6.12
62.9 5.04
63 5.16
63.1 4.8
63.2 4.2
63.3 3.84
63.4 3.72
63.5 3.72
63.6 3.84
63.7 4.8
63.8 4.92
63.9 5.04
64 5.04
64.1 5.04
64.2 4.92
64.3 5.04
64.4 5.04
64.5 5.04
64.6 4.92
64.7 5.04
64.8 5.04
64.9 4.92
65 5.04
65.1 5.04
65.2 5.04
65.3 4.92
65.4 5.04
65.5 5.04
65.6 5.04
65.7 4.92
65.8 5.04
65.9 5.04
66 4.92
66.1 5.04
66.2 5.04
66.3 4.8
66.4 5.16
66.5 5.04
66.6 4.92
66.7 4.92
66.8 4.56
66.9 3.72
67 3.72
67.1 3.72
67.2 3.84
67.3 4.56
67.4 3.12
67.5 0
67.6 0
67.7 0
67.8 0
67.9 0
68 0
68.1 0
68.2 0
68.3 0.36
68.4 0
68.5 0.12
68.6 0
68.7 3.84
68.8 5.04
68.9 5.04
69 5.04
69.1 4.92
69.2 5.04
69.3 5.04
69.4 4.92
69.5 5.04
69.6 5.76
69.7 6.36
69.8 6.24
69.9 6.24
70 5.52
70.1 3.72
70.2 3.72
70.3 3.72
70.4 3.84
70.5 4.92
70.6 4.92
70.7 5.04
70.8 5.04
70.9 4.92
71 5.04
71.1 5.04
71.2 4.92
71.3 5.04
71.4 5.04
71.5 4.92
71.6 5.04
71.7 5.04
71.8 4.92
71.9 5.04
72 4.08
72.1 4.56
72.2 4.8
72.3 4.68
72.4 4.68
72.5 4.68
72.6 4.68
72.7 4.8
72.8 4.68
72.9 4.2
73 4.44
73.1 4.92
73.2 4.68
73.3 4.8
73.4 4.56
73.5 3.96
73.6 3.6
73.7 3.48
73.8 3.6
73.9 3.48
74 4.8
74.1 4.68
74.2 4.68
74.3 4.68
74.4 4.8
74.5 4.68
74.6 4.68
74.7 4.68
74.8 4.8
74.9 4.68
75 4.68
75.1 4.56
75.2 4.8
75.3 4.44
75.4 4.32
75.5 4.32
75.6 4.32
75.7 4.32
75.8 4.68
75.9 4.68
76 4.56
76.1 4.68
76.2 4.56
76.3 4.32
76.4 4.32
76.5 4.32
76.6 4.68
76.7 4.56
76.8 4.56
76.9 4.68
77 3.96
77.1 3.48
77.2 3.6
77.3 3.48
77.4 3.6
77.5 4.68
77.6 4.68
77.7 4.8
77.8 4.68
77.9 4.68
78 4.68
78.1 4.8
78.2 4.68
78.3 4.32
78.4 4.56
78.5 4.68
78.6 4.56
78.7 4.68
78.8 4.56
78.9 4.32
79 4.32
79.1 4.32
79.2 2.88
79.3 0
79.4 0
79.5 0
79.6 0
79.7 0
79.8 0
79.9 0
80 0
80.1 0.12
80.2 0.36
80.3 0
80.4 0
80.5 0
80.6 0
80.7 2.28
80.8 4.56
80.9 4.68
81 4.56
81.1 4.68
81.2 4.68
81.3 4.56
81.4 4.68
81.5 4.56
81.6 4.68
81.7 4.56
81.8 4.68
81.9 4.56
82 5.28
82.1 5.76
82.2 5.76
82.3 5.76
82.4 5.76
82.5 5.88
82.6 5.28
82.7 3.6
82.8 3.48
82.9 3.48
83 3.48
83.1 3.36
83.2 3.24
83.3 4.44
83.4 4.68
83.5 4.8
83.6 4.92
83.7 5.04
83.8 4.92
83.9 4.92
84 5.04
84.1 4.92
84.2 3
84.3 0
84.4 0
84.5 0
84.6 3.72
84.7 4.92
84.8 4.92
84.9 5.04
85 4.92
85.1 4.92
85.2 5.04
85.3 4.92
85.4 4.92
85.5 4.92
85.6 5.04
85.7 4.92
85.8 4.92
85.9 5.04
86 4.92
86.1 4.92
86.2 5.04
86.3 4.92
86.4 4.92
86.5 4.92
86.6 5.04
86.7 4.92
86.8 4.92
86.9 5.04
87 4.56
87.1 5.52
87.2 6.12
87.3 6.24
87.4 6.24
87.5 6.12
87.6 6.24
87.7 5.64
87.8 3.72
87.9 3.72
88 3.72
88.1 3.84
88.2 3.96
88.3 3.96
88.4 5.28
88.5 5.52
88.6 5.76
88.7 0.6
88.8 0
88.9 0
89 2.76
89.1 5.76
89.2 5.64
89.3 5.76
89.4 5.76
89.5 5.64
89.6 5.76
89.7 5.64
89.8 5.76
89.9 5.64
90 5.76
90.1 5.76
90.2 5.64
90.3 5.76
90.4 5.64
90.5 5.76
90.6 5.76
90.7 5.64
90.8 5.76
90.9 5.64
91 5.76
91.1 5.76
91.2 5.64
91.3 5.76
91.4 4.8
91.5 0
91.6 0
91.7 0
91.8 0
91.9 0
92 0
92.1 0.12
92.2 0
92.3 0
92.4 0.36
92.5 0
92.6 0
92.7 2.88
92.8 5.76
92.9 5.76
93 5.64
93.1 0.36
93.2 1.8
93.3 5.64
93.4 5.76
93.5 5.76
93.6 5.64
93.7 5.76
93.8 5.64
93.9 5.76
94 5.76
94.1 5.64
94.2 5.76
94.3 5.64
94.4 6.36
94.5 7.2
94.6 7.08
94.7 7.2
94.8 6.24
94.9 4.32
95 4.2
95.1 4.32
95.2 4.44
95.3 5.76
95.4 5.64
95.5 5.76
95.6 5.76
95.7 5.52
95.8 5.4
95.9 5.4
96 5.4
96.1 5.4
96.2 5.52
96.3 5.4
96.4 5.4
96.5 5.4
96.6 5.4
96.7 5.4
96.8 4.92
96.9 5.4
97 5.4
97.1 5.4
97.2 5.52
97.3 5.4
97.4 5.4
97.5 5.04
97.6 5.16
97.7 5.52
97.8 5.28
97.9 5.64
98 5.4
98.1 5.04
98.2 4.08
98.3 4.08
98.4 4.08
98.5 4.08
98.6 5.52
98.7 5.4
98.8 5.4
98.9 5.4
99 5.52
99.1 5.4
99.2 5.4
99.3 5.4
99.4 5.4
99.5 5.52
99.6 5.4
99.7 5.4
99.8 5.4
99.9 5.52
100 5.4
