0.1 0.00448
0.2 0
0.3 1.20416
0.4 0
0.5 2.16
0.6 0
0.7 4.32
0.8 0
0.9 8.64
1 0
1.1 17.28
1.2 0
1.3 14.88
1.4 17.28
1.5 5.28
1.6 13.44
1.7 14.4
1.8 15.84
1.9 18.24
2 6.24
2.1 7.08
2.2 5.64
2.3 8.52
2.4 8.52
2.5 9.36
2.6 9.12
2.7 10.08
2.8 9.84
2.9 4.44
3 5.16
3.1 0
3.2 0
3.3 0.48
3.4 8.76
3.5 8.76
3.6 9.6
3.7 9
3.8 8.4
3.9 3.84
4 3.48
4.1 6.72
4.2 9
4.3 9
4.4 9
4.5 10.08
4.6 3.12
4.7 6.84
4.8 9
4.9 8.88
5 9.36
5.1 9.12
5.2 9.12
5.3 8.64
5.4 8.88
5.5 9.24
5.6 9.12
5.7 9.24
5.8 9.24
5.9 9.48
6 9.12
6.1 9.24
6.2 9.12
6.3 9.48
6.4 9.12
6.5 9.48
6.6 9.12
6.7 9.12
6.8 9.36
6.9 9.12
7 9
7.1 9.36
7.2 9.12
7.3 9
7.4 9.36
7.5 9
7.6 9
7.7 9.24
7.8 9
7.9 9
8 9.24
8.1 9
8.2 8.88
8.3 9.24
8.4 8.88
8.5 9
8.6 8.88
8.7 9.12
8.8 8.88
8.9 8.88
9 8.88
9.1 9.12
9.2 8.88
9.3 8.76
9.4 8.88
9.5 9
9.6 8.88
9.7 8.76
9.8 8.76
9.9 8.76
10 8.76
10.1 9
10.2 8.76
10.3 8.76
10.4 8.76
10.5 8.76
10.6 8.76
10.7 9
10.8 9.12
10.9 9.24
11 9.24
11.1 9.6
11.2 10.2
11.3 10.08
11.4 9.84
11.5 10.2
11.6 9.84
11.7 10.08
11.8 9.6
11.9 10.2
12 9.84
12.1 9.84
12.2 10.08
12.3 10.08
12.4 9.84
12.5 10.08
12.6 7.8
12.7 7.68
12.8 7.68
12.9 7.44
13 7.68
13.1 7.68
13.2 8.64
13.3 10.08
13.4 9.84
13.5 7.68
13.6 7.08
13.7 7.2
13.8 6.96
13.9 7.2
14 7.2
14.1 1.44
14.2 0
14.3 2.52
14.4 8.28
14.5 8.76
14.6 8.4
14.7 8.28
14.8 8.28
14.9 7.92
15 6.24
15.1 9.84
15.2 7.8
15.3 7.68
15.4 7.8
15.5 7.8
15.6 8.4
15.7 7.32
15.8 10.68
15.9 9.72
16 7.92
16.1 7.68
16.2 7.92
16.3 7.92
16.4 7.8
16.5 8.4
16.6 8.4
16.7 8.28
16.8 7.68
16.9 7.92
17 7.92
17.1 7.68
17.2 7.92
17.3 7.92
17.4 8.16
17.5 7.8
17.6 7.68
17.7 7.8
17.8 7.92
17.9 7.56
18 7.8
18.1 7.8
18.2 7.8
18.3 7.56
18.4 7.8
18.5 7.8
18.6 7.44
18.7 7.8
18.8 7.44
18.9 7.8
19 7.68
19.1 7.44
19.2 7.68
19.3 7.44
19.4 7.2
19.5 0.36
19.6 0
19.7 0.96
19.8 6.72
19.9 6.6
20 6.72
20.1 7.8
20.2 7.92
20.3 7.68
20.4 6.24
20.5 6.96
20.6 6.84
20.7 7.68
20.8 7.32
20.9 7.08
21 7.44
21.1 6.96
21.2 7.2
21.3 7.44
21.4 10.32
21.5 8.88
21.6 7.56
21.7 7.2
21.8 7.32
21.9 7.2
22 7.56
22.1 7.92
22.2 8.04
22.3 6.96
22.4 7.2
22.5 7.8
22.6 6.96
22.7 7.2
22.8 7.44
22.9 7.44
23 7.2
23.1 7.44
23.2 7.2
23.3 7.2
23.4 7.08
23.5 7.2
23.6 7.08
23.7 7.44
23.8 7.08
23.9 7.2
24 7.08
24.1 7.08
24.2 7.08
24.3 7.08
24.4 7.2
24.5 6.96
24.6 7.08
24.7 6.84
24.8 6.36
24.9 6.6
25 6.72
25.1 6.36
25.2 6.6
25.3 6.48
25.4 7.08
25.5 7.44
25.6 7.56
25.7 7.44
25.8 7.2
25.9 7.56
26 6.72
26.1 6.72
26.2 6.72
26.3 6.84
26.4 6.96
26.5 6.72
26.6 6.96
26.7 6.72
26.8 6.96
26.9 6.48
27 6.72
27.1 6.72
27.2 6.6
27.3 6.72
27.4 6.72
27.5 6.72
27.6 6.48
27.7 6.72
27.8 6.48
27.9 6.72
28 6.48
28.1 6.84
28.2 6.48
28.3 6.72
28.4 6.48
28.5 6.72
28.6 6.6
28.7 6.72
28.8 6.48
28.9 6.84
29 6.48
29.1 6.48
29.2 6.84
29.3 6.48
29.4 6.84
29.5 6.6
29.6 6.72
29.7 6.6
29.8 6.84
29.9 6.48
30 6.6
30.1 6.6
30.2 6.36
30.3 5.28
30.4 0
30.5 0
30.6 2.16
30.7 6.12
30.8 6.48
30.9 7.2
31 7.2
31.1 7.08
31.2 7.08
31.3 2.16
31.4 6.12
31.5 7.44
31.6 7.2
31.7 7.44
31.8 7.32
31.9 7.32
32 4.8
32.1 7.68
32.2 10.44
32.3 8.64
32.4 10.44
32.5 10.68
32.6 10.44
32.7 10.68
32.8 10.08
32.9 10.68
33 10.32
33.1 10.32
33.2 10.56
33.3 10.08
33.4 7.44
33.5 7.8
33.6 7.56
33.7 7.56
33.8 7.8
33.9 7.8
34 7.44
34.1 7.08
34.2 6.96
34.3 7.08
34.4 6.72
34.5 6.96
34.6 7.08
34.7 6.96
34.8 6.48
34.9 6.24
35 6
35.1 6.12
35.2 6.24
35.3 6
35.4 6.48
35.5 7.08
35.6 7.44
35.7 7.2
35.8 7.2
35.9 6.84
36 6.36
36.1 6.12
36.2 6.48
36.3 6.36
36.4 6.6
36.5 6.84
36.6 6.6
36.7 6.6
36.8 6.6
36.9 6.48
37 6.12
37.1 6.36
37.2 6.36
37.3 4.8
37.4 0
37.5 0
37.6 3.36
37.7 6.24
37.8 6.24
37.9 6.12
38 6.12
38.1 6.12
38.2 6.24
38.3 2.4
38.4 5.04
38.5 6.24
38.6 6.12
38.7 6.24
38.8 6.12
38.9 6.24
39 7.32
39.1 3.48
39.2 5.88
39.3 10.32
39.4 9.72
39.5 5.64
39.6 6.24
39.7 5.04
39.8 5.76
39.9 6.24
40 6.96
40.1 7.08
40.2 6.72
40.3 6.96
40.4 6.6
40.5 6.96
40.6 6.96
40.7 6.96
40.8 6.48
40.9 6.48
41 6.72
41.1 6.48
41.2 6.24
41.3 6.36
41.4 6.72
41.5 6.12
41.6 6.48
41.7 6.12
41.8 6.24
41.9 6.36
42 6.12
42.1 6.12
42.2 6.36
42.3 6.12
42.4 6.12
42.5 6.12
42.6 6.12
42.7 6.12
42.8 6.12
42.9 6
43 6.12
43.1 6.12
43.2 6
43.3 6.12
43.4 6
43.5 6.12
43.6 5.76
43.7 6
43.8 6.12
43.9 6
44 6
44.1 5.76
44.2 5.52
44.3 5.64
44.4 9.84
44.5 10.08
44.6 10.08
44.7 9.84
44.8 10.2
44.9 9.6
45 10.08
45.1 9.84
45.2 9.84
45.3 10.08
45.4 7.92
45.5 7.2
45.6 6.96
45.7 7.2
45.8 6.96
45.9 7.32
46 6.96
46.1 6.72
46.2 6.24
46.3 6.6
46.4 6.24
46.5 6.24
46.6 6.24
46.7 6.6
46.8 6.24
46.9 6.36
47 6
47.1 6
47.2 6.12
47.3 6.24
47.4 6.12
47.5 5.52
47.6 5.88
47.7 5.64
47.8 5.28
47.9 5.64
48 5.4
48.1 5.64
48.2 6.6
48.3 6.84
48.4 6.6
48.5 6.6
48.6 6.48
48.7 5.88
48.8 5.88
48.9 5.76
49 5.88
49.1 6.48
49.2 6.24
49.3 6.24
49.4 6.24
49.5 6.48
49.6 6
49.7 6
49.8 5.76
49.9 6
50 6.36
50.1 6.12
50.2 6.24
50.3 3
50.4 0
50.5 0
50.6 4.2
50.7 5.76
50.8 5.64
50.9 5.88
51 5.64
51.1 5.64
51.2 7.68
51.3 0
51.4 5.04
51.5 5.76
51.6 5.52
51.7 5.76
51.8 5.64
51.9 5.64
52 6.84
52.1 2.88
52.2 5.4
52.3 5.52
52.4 5.28
52.5 5.4
52.6 5.4
52.7 7.32
52.8 10.56
52.9 7.44
53 5.64
53.1 5.64
53.2 5.64
53.3 5.88
53.4 6.48
53.5 7.2
53.6 7.44
53.7 5.64
53.8 5.64
53.9 5.64
54 5.64
54.1 5.88
54.2 6
54.3 6.12
54.4 6.36
54.5 6.12
54.6 5.52
54.7 5.64
54.8 5.52
54.9 5.88
55 5.52
55.1 5.88
55.2 5.76
55.3 5.76
55.4 6
55.5 5.28
55.6 1.92
55.7 0
55.8 0
55.9 4.32
56 5.16
56.1 4.92
56.2 5.04
56.3 5.28
56.4 5.16
56.5 11.28
56.6 9.96
56.7 10.08
56.8 9.84
56.9 10.2
57 10.32
57.1 10.08
57.2 9.12
57.3 6.84
57.4 6.96
57.5 6.96
57.6 6.96
57.7 7.08
57.8 8.64
57.9 9
58 5.88
58.1 6
58.2 6
58.3 6.24
58.4 6.12
58.5 7.2
58.6 6
58.7 5.76
58.8 5.4
58.9 5.64
59 6
59.1 5.64
59.2 6
59.3 5.88
59.4 5.4
59.5 5.52
59.6 5.4
59.7 5.4
59.8 5.4
59.9 5.4
60 5.16
60.1 4.8
60.2 4.92
60.3 4.68
60.4 4.92
60.5 5.52
60.6 6.12
60.7 5.88
60.8 6
60.9 5.4
61 4.8
61.1 5.16
61.2 4.8
61.3 5.28
61.4 5.64
61.5 5.28
61.6 5.28
61.7 5.52
61.8 5.16
61.9 5.04
62 4.8
62.1 5.04
62.2 5.28
62.3 5.28
62.4 5.04
62.5 5.28
62.6 5.28
62.7 4.92
62.8 5.04
62.9 5.04
63 4.8
63.1 5.28
63.2 5.04
63.3 5.04
63.4 5.04
63.5 5.28
63.6 5.16
63.7 4.56
63.8 4.8
63.9 4.8
64 5.04
64.1 5.64
64.2 5.76
64.3 5.76
64.4 5.76
64.5 5.64
64.6 4.68
64.7 5.04
64.8 5.04
64.9 5.16
65 5.52
65.1 5.4
65.2 5.4
65.3 5.28
65.4 5.4
65.5 4.92
65.6 5.16
65.7 5.16
65.8 5.16
65.9 5.4
66 5.16
66.1 5.4
66.2 5.4
66.3 5.16
66.4 5.28
66.5 5.16
66.6 5.28
66.7 5.16
66.8 5.52
66.9 5.28
67 5.28
67.1 5.52
67.2 5.52
67.3 5.04
67.4 5.64
67.5 5.28
67.6 5.28
67.7 3.36
67.8 0
67.9 0
68 4.68
68.1 6
68.2 5.28
68.3 6.72
68.4 10.08
68.5 11.16
68.6 10.08
68.7 9.96
68.8 10.44
68.9 10.2
69 10.32
69.1 7.08
69.2 7.08
69.3 7.08
69.4 7.08
69.5 7.08
69.6 6.96
69.7 6
69.8 6.48
69.9 6.12
70 6.36
70.1 6.12
70.2 6.12
70.3 5.52
70.4 5.4
70.5 5.28
70.6 5.4
70.7 5.04
70.8 5.88
70.9 6.6
71 6.48
71.1 6.36
71.2 5.76
71.3 5.52
71.4 5.28
71.5 5.52
71.6 5.52
71.7 5.76
71.8 6
71.9 5.76
72 5.88
72.1 5.52
72.2 5.16
72.3 5.52
72.4 5.16
72.5 5.76
72.6 5.4
72.7 5.4
72.8 5.64
72.9 5.88
73 5.64
73.1 5.4
73.2 5.4
73.3 5.4
73.4 5.64
73.5 5.4
73.6 5.52
73.7 5.4
73.8 6.12
73.9 5.28
74 5.4
74.1 5.28
74.2 5.64
74.3 5.28
74.4 5.76
74.5 6.36
74.6 6
74.7 6.24
74.8 6
74.9 5.04
75 5.4
75.1 5.52
75.2 5.28
75.3 5.52
75.4 5.76
75.5 5.52
75.6 5.76
75.7 5.52
75.8 5.28
75.9 5.64
76 5.28
76.1 5.52
76.2 5.28
76.3 5.76
76.4 5.52
76.5 5.76
76.6 5.76
76.7 5.28
76.8 5.4
76.9 5.52
77 5.28
77.1 5.28
77.2 5.76
77.3 5.64
77.4 5.88
77.5 5.52
77.6 5.52
77.7 5.4
77.8 5.52
77.9 5.64
78 6
78.1 6.12
78.2 6.36
78.3 6.36
78.4 5.28
78.5 5.4
78.6 5.64
78.7 5.4
78.8 5.64
78.9 5.64
79 5.88
79.1 5.88
79.2 6
79.3 5.64
79.4 5.64
79.5 5.52
79.6 5.64
79.7 5.76
79.8 5.76
79.9 6
80 6
80.1 6
80.2 9.96
80.3 10.56
80.4 10.2
80.5 10.56
80.6 10.44
80.7 9.84
80.8 10.44
80.9 10.32
81 10.44
81.1 10.56
81.2 10.32
81.3 8.04
81.4 7.32
81.5 7.08
81.6 7.32
81.7 7.44
81.8 7.44
81.9 7.32
82 7.2
82.1 7.2
82.2 6.72
82.3 6.6
82.4 6.72
82.5 6.48
82.6 6.84
82.7 0.96
82.8 0
82.9 0.84
83 4.8
83.1 4.44
83.2 4.8
83.3 4.68
83.4 4.44
83.5 4.56
83.6 17.28
83.7 2.88
83.8 5.76
83.9 5.76
84 5.28
84.1 4.8
84.2 4.92
84.3 8.64
84.4 8.76
84.5 3.96
84.6 5.64
84.7 5.88
84.8 5.4
84.9 5.16
85 7.8
85.1 10.68
85.2 10.8
85.3 5.88
85.4 5.88
85.5 5.52
85.6 5.64
85.7 6.24
85.8 7.44
85.9 7.2
86 7.56
86.1 6.36
86.2 5.64
86.3 6
86.4 5.64
86.5 5.64
86.6 6.12
86.7 6.36
86.8 6.48
86.9 6.12
87 0.84
87.1 0
87.2 0.6
87.3 5.28
87.4 5.04
87.5 4.92
87.6 5.4
87.7 5.04
87.8 5.28
87.9 8.76
88 0
88.1 4.32
88.2 4.56
88.3 4.44
88.4 4.44
88.5 4.68
88.6 5.04
88.7 5.76
88.8 7.56
88.9 3.6
89 5.52
89.1 5.52
89.2 4.68
89.3 4.8
89.4 5.04
89.5 10.32
89.6 9.96
89.7 5.28
89.8 4.68
89.9 4.8
90 4.8
90.1 5.28
90.2 6.72
90.3 6.84
90.4 6.48
90.5 5.04
90.6 4.68
90.7 4.8
90.8 4.68
90.9 4.8
91 5.4
91.1 5.76
91.2 5.4
91.3 5.76
91.4 4.68
91.5 4.68
91.6 4.8
91.7 4.44
91.8 4.68
91.9 5.16
92 3.24
92.1 0.12
92.2 0
92.3 3.6
92.4 8.64
92.5 9.96
92.6 10.32
92.7 10.08
92.8 10.32
92.9 10.08
93 9.84
93.1 6.36
93.2 6.72
93.3 6.48
93.4 6.6
93.5 6.48
93.6 8.76
93.7 7.92
93.8 5.52
93.9 5.64
94 5.52
94.1 5.4
94.2 6.48
94.3 6.48
94.4 5.16
94.5 5.04
94.6 5.16
94.7 4.92
94.8 5.28
94.9 5.4
95 5.4
95.1 4.92
95.2 4.2
95.3 4.2
95.4 4.44
95.5 4.2
95.6 4.2
95.7 5.64
95.8 5.88
95.9 5.28
96 5.16
96.1 4.44
96.2 4.32
96.3 4.44
96.4 4.08
96.5 5.16
96.6 5.04
96.7 5.4
96.8 4.8
96.9 4.68
97 4.56
97.1 4.32
97.2 4.32
97.3 4.8
97.4 4.92
97.5 5.04
97.6 4.8
97.7 4.8
97.8 4.8
97.9 4.32
98 4.56
98.1 4.56
98.2 4.92
98.3 4.56
98.4 5.04
98.5 5.04
98.6 4.56
98.7 4.32
98.8 4.56
98.9 4.56
99 5.04
99.1 5.64
99.2 5.52
99.3 5.28
99.4 4.8
99.5 4.56
99.6 4.56
99.7 4.44
99.8 4.8
99.9 5.4
100 4.8
