0.2 0.00448
0.3 0
0.4 0.0208
0.5 0
0.6 0.03744
0.7 0
0.8 0.07488
0.9 0
1 0.14976
1.1 0
1.2 0.12896
1.3 0.14976
1.4 0.04576
1.5 0.11648
1.6 0.1248
1.7 0.13728
1.8 0.15808
1.9 0.05408
2 0.09984
2.1 0.09152
2.2 0.14144
2.3 0.14144
2.4 0.15392
2.5 0.14976
2.6 0.1664
2.7 0.16224
2.8 0.07488
2.9 0.16672
3 0.26976
3.1 0.3648
3.2 0.3952
3.3 0.44384
3.4 0.44384
3.5 0.4864
3.6 0.456
3.7 0.4256
3.8 0.19456
3.9 0.05472
4 0.34048
4.1 0.456
4.2 0.456
4.3 0.456
4.4 0.50688
4.5 0.13376
4.6 0.1216
4.7 0.14976
4.8 0.14976
4.9 0.15392
5 0.14976
5.1 0.14976
5.2 0.14144
5.3 0.1456
5.4 0.14976
5.5 0.14976
5.6 0.14976
5.7 0.14976
5.8 0.15392
5.9 0.14976
6 0.14976
6.1 0.14976
6.2 0.15392
6.3 0.14976
6.4 0.15392
6.5 0.14976
6.6 0.14976
6.7 0.15392
6.8 0.14976
6.9 0.14976
7 0.15392
7.1 0.14976
7.2 0.14976
7.3 0.15392
7.4 0.14976
7.5 0.14976
7.6 0.15392
7.7 0.14976
7.8 0.14976
7.9 0.15392
8 0.14976
8.1 0.14976
8.2 0.15392
8.3 0.14976
8.4 0.14976
8.5 0.14976
8.6 0.15392
8.7 0.14976
8.8 0.14976
8.9 0.14976
9 0.15392
9.1 0.14976
9.2 0.14976
9.3 0.14976
9.4 0.15392
9.5 0.14976
9.6 0.14976
9.7 0.14976
9.8 0.14976
9.9 0.14976
10 0.15392
10.1 0.14976
10.2 0.14976
10.3 0.14976
10.4 0.14976
10.5 0.14976
10.6 0.15392
10.7 0.15808
10.8 0.15808
10.9 0.15808
11 0.1664
11.1 0.17472
11.2 0.17472
11.3 0.17056
11.4 0.17472
11.5 0.17056
11.6 0.17472
11.7 0.1664
11.8 0.17472
11.9 0.17056
12 0.17056
12.1 0.17472
12.2 0.17472
12.3 0.17056
12.4 0.17472
12.5 0.13312
12.6 0.13312
12.7 0.13312
12.8 0.12896
12.9 0.13312
13 0.13312
13.1 0.14976
13.2 0.17472
13.3 0.17056
13.4 0.13312
13.5 0.12064
13.6 0.1248
13.7 0.12064
13.8 0.1248
13.9 0.1248
14 0.29792
14.1 0.3648
14.2 0.35872
14.3 0.41952
14.4 0.44384
14.5 0.4256
14.6 0.41952
14.7 0.41952
14.8 0.26752
14.9 0.31616
15 0.1936
15.1 0.13312
15.2 0.12896
15.3 0.12896
15.4 0.12896
15.5 0.13728
15.6 0.12064
15.7 0.17472
15.8 0.15808
15.9 0.12896
16 0.1248
16.1 0.12896
16.2 0.12896
16.3 0.1248
16.4 0.13728
16.5 0.13728
16.6 0.13312
16.7 0.1248
16.8 0.12896
16.9 0.12896
17 0.1248
17.1 0.12896
17.2 0.12896
17.3 0.13312
17.4 0.12896
17.5 0.1248
17.6 0.12896
17.7 0.12896
17.8 0.1248
17.9 0.12896
18 0.12896
18.1 0.12896
18.2 0.1248
18.3 0.12896
18.4 0.12896
18.5 0.1248
18.6 0.12896
18.7 0.1248
18.8 0.12896
18.9 0.12896
19 0.1248
19.1 0.12896
19.2 0.1248
19.3 0.12608
19.4 0.31936
19.5 0.3344
19.6 0.34048
19.7 0.34048
19.8 0.3344
19.9 0.34048
20 0.3952
20.1 0.40128
20.2 0.38912
20.3 0.15808
20.4 0.35264
20.5 0.34656
20.6 0.26304
20.7 0.1248
20.8 0.12064
20.9 0.1248
21 0.11648
21.1 0.12064
21.2 0.1248
21.3 0.17056
21.4 0.14976
21.5 0.1248
21.6 0.12064
21.7 0.12064
21.8 0.12064
21.9 0.1248
22 0.13312
22.1 0.13312
22.2 0.11648
22.3 0.12064
22.4 0.12896
22.5 0.11648
22.6 0.12064
22.7 0.1248
22.8 0.1248
22.9 0.12064
23 0.1248
23.1 0.12064
23.2 0.12064
23.3 0.12064
23.4 0.12064
23.5 0.12064
23.6 0.1248
23.7 0.12064
23.8 0.12064
23.9 0.12064
24 0.12064
24.1 0.12064
24.2 0.12064
24.3 0.12064
24.4 0.12064
24.5 0.12064
24.6 0.11648
24.7 0.10816
24.8 0.11232
24.9 0.11648
25 0.10816
25.1 0.11232
25.2 0.11232
25.3 0.12064
25.4 0.12896
25.5 0.12896
25.6 0.12896
25.7 0.1248
25.8 0.12896
25.9 0.11648
26 0.11648
26.1 0.11648
26.2 0.11648
26.3 0.12064
26.4 0.11648
26.5 0.12064
26.6 0.11648
26.7 0.12064
26.8 0.11232
26.9 0.11648
27 0.11648
27.1 0.11232
27.2 0.11648
27.3 0.11648
27.4 0.11648
27.5 0.11232
27.6 0.11648
27.7 0.11232
27.8 0.11648
27.9 0.11232
28 0.11648
28.1 0.11232
28.2 0.11648
28.3 0.11232
28.4 0.11648
28.5 0.11232
28.6 0.11648
28.7 0.11232
28.8 0.11648
28.9 0.11232
29 0.11232
29.1 0.11648
29.2 0.11232
29.3 0.11648
29.4 0.11232
29.5 0.11648
29.6 0.11232
29.7 0.11648
29.8 0.11232
29.9 0.11232
30 0.11232
30.1 0.10816
30.2 0.13568
30.3 0.2912
30.4 0.304
30.5 0.31008
30.6 0.31008
30.7 0.32832
30.8 0.3648
30.9 0.3648
31 0.35872
31.1 0.29184
31.2 0.10944
31.3 0.31008
31.4 0.2128
31.5 0.12064
31.6 0.1248
31.7 0.12064
31.8 0.12064
31.9 0.07904
32 0.1248
32.1 0.17056
32.2 0.14144
32.3 0.17056
32.4 0.17472
32.5 0.17056
32.6 0.17472
32.7 0.1664
32.8 0.17472
32.9 0.17056
33 0.17056
33.1 0.17472
33.2 0.1664
33.3 0.1248
33.4 0.12896
33.5 0.1248
33.6 0.12896
33.7 0.1248
33.8 0.12896
33.9 0.1248
34 0.11648
34.1 0.11648
34.2 0.11648
34.3 0.11232
34.4 0.11648
34.5 0.11648
34.6 0.11648
34.7 0.10816
34.8 0.104
34.9 0.09984
35 0.104
35.1 0.104
35.2 0.09984
35.3 0.10816
35.4 0.1248
35.5 0.12064
35.6 0.12064
35.7 0.12064
35.8 0.11648
35.9 0.10816
36 0.104
36.1 0.10816
36.2 0.10816
36.3 0.11648
36.4 0.11232
36.5 0.11232
36.6 0.11232
36.7 0.11232
36.8 0.11232
36.9 0.104
37 0.10816
37.1 0.10816
37.2 0.16416
37.3 0.32384
37.4 0.31008
37.5 0.31616
37.6 0.31616
37.7 0.31616
37.8 0.31008
37.9 0.31008
38 0.31008
38.1 0.32224
38.2 0.04864
38.3 0.25536
38.4 0.31616
38.5 0.31008
38.6 0.31616
38.7 0.29856
38.8 0.28288
38.9 0.17408
39 0.0624
39.1 0.09568
39.2 0.17472
39.3 0.16224
39.4 0.09568
39.5 0.104
39.6 0.0832
39.7 0.09568
39.8 0.104
39.9 0.11648
40 0.11648
40.1 0.11232
40.2 0.11648
40.3 0.10816
40.4 0.11648
40.5 0.11648
40.6 0.11648
40.7 0.10816
40.8 0.11232
40.9 0.10816
41 0.10816
41.1 0.104
41.2 0.10816
41.3 0.11232
41.4 0.104
41.5 0.10816
41.6 0.104
41.7 0.104
41.8 0.10816
41.9 0.104
42 0.104
42.1 0.10816
42.2 0.104
42.3 0.104
42.4 0.104
42.5 0.104
42.6 0.104
42.7 0.104
42.8 0.104
42.9 0.104
43 0.104
43.1 0.104
43.2 0.104
43.3 0.104
43.4 0.104
43.5 0.09984
43.6 0.104
43.7 0.104
43.8 0.104
43.9 0.104
44 0.09984
44.1 0.09568
44.2 0.09568
44.3 0.17056
44.4 0.17472
44.5 0.17472
44.6 0.17056
44.7 0.17472
44.8 0.1664
44.9 0.17472
45 0.17056
45.1 0.17056
45.2 0.17472
45.3 0.14144
45.4 0.12064
45.5 0.12064
45.6 0.1248
45.7 0.12064
45.8 0.1248
45.9 0.12064
46 0.11648
46.1 0.10816
46.2 0.11232
46.3 0.10816
46.4 0.10816
46.5 0.10816
46.6 0.11232
46.7 0.10816
46.8 0.10816
46.9 0.104
47 0.104
47.1 0.10816
47.2 0.104
47.3 0.104
47.4 0.09568
47.5 0.09984
47.6 0.09568
47.7 0.09152
47.8 0.09568
47.9 0.09152
48 0.09568
48.1 0.11232
48.2 0.11648
48.3 0.11232
48.4 0.11232
48.5 0.10816
48.6 0.09984
48.7 0.09984
48.8 0.09568
48.9 0.104
49 0.104
49.1 0.104
49.2 0.104
49.3 0.104
49.4 0.10816
49.5 0.09984
49.6 0.09984
49.7 0.09568
49.8 0.09984
49.9 0.104
50 0.09984
50.1 0.104
50.2 0.19904
50.3 0.29184
50.4 0.29184
50.5 0.29184
50.6 0.29184
50.7 0.28576
50.8 0.29792
50.9 0.28576
51 0.28576
51.1 0.26144
51.2 0
51.3 0.25536
51.4 0.29184
51.5 0.27968
51.6 0.29184
51.7 0.28576
51.8 0.28576
51.9 0.28608
52 0.03328
52.1 0.08736
52.2 0.09152
52.3 0.08736
52.4 0.08736
52.5 0.08736
52.6 0.12064
52.7 0.17056
52.8 0.12064
52.9 0.09152
53 0.09152
53.1 0.09152
53.2 0.09568
53.3 0.104
53.4 0.11648
53.5 0.12064
53.6 0.09152
53.7 0.09152
53.8 0.09152
53.9 0.09152
54 0.09568
54.1 0.09568
54.2 0.09984
54.3 0.10816
54.4 0.09568
54.5 0.09152
54.6 0.09152
54.7 0.09152
54.8 0.09568
54.9 0.09152
55 0.09568
55.1 0.09568
55.2 0.09568
55.3 0.09984
55.4 0.08736
55.5 0.19712
55.6 0.25536
55.7 0.26144
55.8 0.26144
55.9 0.26144
56 0.24928
56.1 0.26144
56.2 0.26144
56.3 0.26144
56.4 0.37088
56.5 0.50464
56.6 0.51072
56.7 0.43616
56.8 0.17056
56.9 0.17472
57 0.17472
57.1 0.14976
57.2 0.11648
57.3 0.11648
57.4 0.11648
57.5 0.11648
57.6 0.11648
57.7 0.1456
57.8 0.14976
57.9 0.09984
58 0.09984
58.1 0.09984
58.2 0.104
58.3 0.104
58.4 0.12064
58.5 0.09984
58.6 0.09568
58.7 0.09152
58.8 0.09984
58.9 0.09568
59 0.09568
59.1 0.09984
59.2 0.09984
59.3 0.09152
59.4 0.09152
59.5 0.09152
59.6 0.09152
59.7 0.09568
59.8 0.08736
59.9 0.08736
60 0.0832
60.1 0.0832
60.2 0.07904
60.3 0.0832
60.4 0.09568
60.5 0.104
60.6 0.104
60.7 0.09984
60.8 0.09152
60.9 0.0832
61 0.08736
61.1 0.0832
61.2 0.09152
61.3 0.09568
61.4 0.09152
61.5 0.09568
61.6 0.09152
61.7 0.08736
61.8 0.08736
61.9 0.0832
62 0.08736
62.1 0.09152
62.2 0.09152
62.3 0.08736
62.4 0.09152
62.5 0.09152
62.6 0.0832
62.7 0.08736
62.8 0.08736
62.9 0.0832
63 0.09152
63.1 0.08736
63.2 0.08736
63.3 0.08736
63.4 0.09152
63.5 0.08736
63.6 0.07904
63.7 0.0832
63.8 0.0832
63.9 0.08736
64 0.09568
64.1 0.09984
64.2 0.09984
64.3 0.09984
64.4 0.09568
64.5 0.07904
64.6 0.08736
64.7 0.08736
64.8 0.08736
64.9 0.09568
65 0.09152
65.1 0.09152
65.2 0.09152
65.3 0.09152
65.4 0.0832
65.5 0.08736
65.6 0.08736
65.7 0.08736
65.8 0.09152
65.9 0.08736
66 0.09152
66.1 0.09152
66.2 0.08736
66.3 0.08736
66.4 0.08736
66.5 0.08736
66.6 0.08736
66.7 0.09152
66.8 0.08736
66.9 0.08736
67 0.09152
67.1 0.09152
67.2 0.0832
67.3 0.09152
67.4 0.08736
67.5 0.08736
67.6 0.1584
67.7 0.28448
67.8 0.31008
67.9 0.29184
68 0.304
68.1 0.26752
68.2 0.34048
68.3 0.51072
68.4 0.26688
68.5 0.17056
68.6 0.1664
68.7 0.17472
68.8 0.17056
68.9 0.17056
69 0.11648
69.1 0.11648
69.2 0.11648
69.3 0.11648
69.4 0.11648
69.5 0.11232
69.6 0.09984
69.7 0.104
69.8 0.09984
69.9 0.104
70 0.09984
70.1 0.09984
70.2 0.09152
70.3 0.08736
70.4 0.08736
70.5 0.08736
70.6 0.0832
70.7 0.09568
70.8 0.10816
70.9 0.10816
71 0.104
71.1 0.09568
71.2 0.09152
71.3 0.08736
71.4 0.09152
71.5 0.09152
71.6 0.09568
71.7 0.09984
71.8 0.09568
71.9 0.09984
72 0.09152
72.1 0.08736
72.2 0.09152
72.3 0.08736
72.4 0.09568
72.5 0.09152
72.6 0.09152
72.7 0.09568
72.8 0.09984
72.9 0.09568
73 0.09152
73.1 0.09152
73.2 0.09152
73.3 0.09568
73.4 0.09152
73.5 0.09568
73.6 0.09152
73.7 0.104
73.8 0.09152
73.9 0.09152
74 0.09152
74.1 0.09568
74.2 0.09152
74.3 0.09984
74.4 0.10816
74.5 0.104
74.6 0.10816
74.7 0.104
74.8 0.08736
74.9 0.09152
75 0.09568
75.1 0.09152
75.2 0.09568
75.3 0.09984
75.4 0.09568
75.5 0.09984
75.6 0.09568
75.7 0.09152
75.8 0.09568
75.9 0.09152
76 0.09568
76.1 0.09152
76.2 0.09984
76.3 0.09568
76.4 0.09984
76.5 0.09984
76.6 0.09152
76.7 0.09152
76.8 0.09568
76.9 0.09152
77 0.09152
77.1 0.09984
77.2 0.09568
77.3 0.09984
77.4 0.09568
77.5 0.09568
77.6 0.09152
77.7 0.09568
77.8 0.09568
77.9 0.104
78 0.104
78.1 0.10816
78.2 0.10816
78.3 0.09152
78.4 0.09152
78.5 0.09568
78.6 0.09152
78.7 0.09568
78.8 0.09568
78.9 0.09984
79 0.09984
79.1 0.09984
79.2 0.09568
79.3 0.09568
79.4 0.09152
79.5 0.09568
79.6 0.09568
79.7 0.09568
79.8 0.09984
79.9 0.09984
80 0.09984
80.1 0.1664
80.2 0.17472
80.3 0.17056
80.4 0.17472
80.5 0.17472
80.6 0.16224
80.7 0.17472
80.8 0.17056
80.9 0.17472
81 0.17472
81.1 0.17056
81.2 0.13312
81.3 0.12064
81.4 0.11648
81.5 0.12064
81.6 0.12064
81.7 0.12064
81.8 0.12064
81.9 0.11648
82 0.11648
82.1 0.10816
82.2 0.104
82.3 0.10816
82.4 0.104
82.5 0.10816
82.6 0.26592
82.7 0.304
82.8 0.28576
82.9 0.2432
83 0.22496
83.1 0.2432
83.2 0.23712
83.3 0.22496
83.4 0.23104
83.5 0.16416
83.6 0.14592
83.7 0.29184
83.8 0.29184
83.9 0.26752
84 0.2432
84.1 0.24928
84.2 0.14944
84.3 0.1456
84.4 0.06656
84.5 0.09152
84.6 0.09568
84.7 0.08736
84.8 0.0832
84.9 0.1248
85 0.17056
85.1 0.17472
85.2 0.09568
85.3 0.09568
85.4 0.08736
85.5 0.09152
85.6 0.09984
85.7 0.12064
85.8 0.11648
85.9 0.12064
86 0.104
86.1 0.09152
86.2 0.09568
86.3 0.09152
86.4 0.09152
86.5 0.09984
86.6 0.104
86.7 0.104
86.8 0.09984
86.9 0.27232
87 0.25536
87.1 0.24928
87.2 0.26752
87.3 0.25536
87.4 0.24928
87.5 0.2736
87.6 0.25536
87.7 0.26752
87.8 0.14592
87.9 0
88 0.21888
88.1 0.23104
88.2 0.22496
88.3 0.22496
88.4 0.23712
88.5 0.25536
88.6 0.29184
88.7 0.13216
88.8 0.0624
88.9 0.09152
89 0.09152
89.1 0.07904
89.2 0.07904
89.3 0.0832
89.4 0.17056
89.5 0.1664
89.6 0.08736
89.7 0.07904
89.8 0.07904
89.9 0.07904
90 0.08736
90.1 0.11232
90.2 0.11232
90.3 0.10816
90.4 0.0832
90.5 0.07904
90.6 0.07904
90.7 0.07904
90.8 0.07904
90.9 0.09152
91 0.09568
91.1 0.09152
91.2 0.09568
91.3 0.07904
91.4 0.07904
91.5 0.07904
91.6 0.07488
91.7 0.07904
91.8 0.08736
91.9 0.13568
92 0.2432
92.1 0.2432
92.2 0.22496
92.3 0.43776
92.4 0.50464
92.5 0.50464
92.6 0.28608
92.7 0.17472
92.8 0.17056
92.9 0.1664
93 0.10816
93.1 0.11232
93.2 0.10816
93.3 0.11232
93.4 0.10816
93.5 0.1456
93.6 0.13312
93.7 0.09152
93.8 0.09568
93.9 0.09152
94 0.09152
94.1 0.10816
94.2 0.10816
94.3 0.08736
94.4 0.0832
94.5 0.08736
94.6 0.0832
94.7 0.08736
94.8 0.09152
94.9 0.09152
95 0.0832
95.1 0.07072
95.2 0.07072
95.3 0.07488
95.4 0.07072
95.5 0.07072
95.6 0.09568
95.7 0.09984
95.8 0.09152
95.9 0.08736
96 0.07488
96.1 0.07488
96.2 0.07488
96.3 0.07072
96.4 0.08736
96.5 0.08736
96.6 0.09152
96.7 0.0832
96.8 0.07904
96.9 0.07904
97 0.07488
97.1 0.07488
97.2 0.0832
97.3 0.0832
97.4 0.08736
97.5 0.0832
97.6 0.0832
97.7 0.0832
97.8 0.07488
97.9 0.07904
98 0.07904
98.1 0.0832
98.2 0.07904
98.3 0.08736
98.4 0.08736
98.5 0.07904
98.6 0.07488
98.7 0.07904
98.8 0.07904
98.9 0.08736
99 0.09568
99.1 0.09568
99.2 0.09152
99.3 0.0832
99.4 0.07904
99.5 0.07904
99.6 0.07488
99.7 0.0832
99.8 0.09152
99.9 0.0832
100 0.09152
