0.2 0.00448
0.3 0
0.4 0.0208
0.5 0
0.6 0.03328
0.7 0.00416
0.8 0.02912
0.9 0.0416
1 0.01664
1.1 0.07904
1.2 0.03744
1.3 0.02496
1.4 0.12896
1.5 0.05408
1.6 0.04992
1.7 0.03328
1.8 0.01664
1.9 0.11648
2 0.07488
2.1 0.07904
2.2 0.03328
2.3 0.03328
2.4 0.01664
2.5 0.02496
2.6 0.00832
2.7 0.00832
2.8 0.09984
2.9 0.0624
3 0.07904
3.1 0.04992
3.2 0.03744
3.3 0.0208
3.4 0.0208
3.5 0.00832
3.6 0.01664
3.7 0.02912
3.8 0.104
3.9 0.15392
4 0.05824
4.1 0.01664
4.2 0.01664
4.3 0.01664
4.4 0
4.5 0.12064
4.6 0.07488
4.7 0.0208
4.8 0.02496
4.9 0.0208
5 0.0208
5.1 0.0208
5.2 0.03328
5.3 0.02912
5.4 0.02496
5.5 0.0208
5.6 0.0208
5.7 0.02496
5.8 0.0208
5.9 0.02496
6 0.0208
6.1 0.0208
6.2 0.0208
6.3 0.02496
6.4 0.0208
6.5 0.0208
6.6 0.0208
6.7 0.02496
6.8 0.0208
6.9 0.0208
7 0.0208
7.1 0.02496
7.2 0.0208
7.3 0.0208
7.4 0.0208
7.5 0.02496
7.6 0.0208
7.7 0.0208
7.8 0.02496
7.9 0.0208
8 0.0208
8.1 0.02496
8.2 0.0208
8.3 0.0208
8.4 0.02496
8.5 0.0208
8.6 0.0208
8.7 0.02496
8.8 0.0208
8.9 0.02496
9 0.0208
9.1 0.0208
9.2 0.02496
9.3 0.0208
9.4 0.0208
9.5 0.02496
9.6 0.0208
9.7 0.02496
9.8 0.0208
9.9 0.02496
10 0.0208
10.1 0.0208
10.2 0.02496
10.3 0.0208
10.4 0.02496
10.5 0.0208
10.6 0.0208
10.7 0.01664
10.8 0.01248
10.9 0.01664
11 0.00416
11.1 0
11.2 0.00416
11.3 0
11.4 0
11.5 0
11.6 0
11.7 0.00416
11.8 0
11.9 0.00416
12 0
12.1 0.00416
12.2 0
12.3 0
12.4 0
12.5 0.03744
12.6 0.0416
12.7 0.0416
12.8 0.0416
12.9 0.03744
13 0.0416
13.1 0.02496
13.2 0
13.3 0
13.4 0.0416
13.5 0.04992
13.6 0.04992
13.7 0.04992
13.8 0.04992
13.9 0.04992
14 0.05408
14.1 0.104
14.2 0.14272
14.3 0.0912
14.4 0.0608
14.5 0.07904
14.6 0.08512
14.7 0.08512
14.8 0.2432
14.9 0.15008
15 0.02912
15.1 0.0416
15.2 0.0416
15.3 0.04576
15.4 0.0416
15.5 0.03744
15.6 0.04992
15.7 0
15.8 0.01664
15.9 0.04576
16 0.04576
16.1 0.04576
16.2 0.04576
16.3 0.04576
16.4 0.03328
16.5 0.03744
16.6 0.0416
16.7 0.04576
16.8 0.04576
16.9 0.04576
17 0.04576
17.1 0.04576
17.2 0.0416
17.3 0.0416
17.4 0.04576
17.5 0.04576
17.6 0.04576
17.7 0.04576
17.8 0.04576
17.9 0.04576
18 0.04576
18.1 0.0416
18.2 0.04576
18.3 0.04576
18.4 0.04576
18.5 0.04576
18.6 0.04576
18.7 0.04576
18.8 0.04576
18.9 0.04576
19 0.04576
19.1 0.04576
19.2 0.04992
19.3 0.0656
19.4 0.15008
19.5 0.17024
19.6 0.16416
19.7 0.17024
19.8 0.17024
19.9 0.16416
20 0.10944
20.1 0.10336
20.2 0.1216
20.3 0.34528
20.4 0.136
20.5 0.10848
20.6 0.05408
20.7 0.04576
20.8 0.04992
20.9 0.04992
21 0.05408
21.1 0.05824
21.2 0.04576
21.3 0
21.4 0.02496
21.5 0.04992
21.6 0.04992
21.7 0.05408
21.8 0.05408
21.9 0.04576
22 0.0416
22.1 0.0416
22.2 0.05408
22.3 0.04992
22.4 0.04992
22.5 0.05408
22.6 0.05408
22.7 0.04576
22.8 0.04992
22.9 0.04992
23 0.04992
23.1 0.05408
23.2 0.04992
23.3 0.05408
23.4 0.05408
23.5 0.04992
23.6 0.04992
23.7 0.04992
23.8 0.05408
23.9 0.04992
24 0.05408
24.1 0.04992
24.2 0.05408
24.3 0.05408
24.4 0.04992
24.5 0.05408
24.6 0.05824
24.7 0.0624
24.8 0.0624
24.9 0.05824
25 0.0624
25.1 0.0624
25.2 0.05824
25.3 0.05408
25.4 0.0416
25.5 0.04576
25.6 0.04576
25.7 0.04576
25.8 0.04576
25.9 0.05408
26 0.05824
26.1 0.05824
26.2 0.05408
26.3 0.05408
26.4 0.05408
26.5 0.05408
26.6 0.05824
26.7 0.05408
26.8 0.05824
26.9 0.05824
27 0.05824
27.1 0.05824
27.2 0.05408
27.3 0.05824
27.4 0.05824
27.5 0.05824
27.6 0.05824
27.7 0.05824
27.8 0.05824
27.9 0.0624
28 0.05824
28.1 0.05824
28.2 0.05824
28.3 0.05824
28.4 0.05824
28.5 0.05824
28.6 0.05824
28.7 0.0624
28.8 0.05824
28.9 0.05824
29 0.05824
29.1 0.05824
29.2 0.0624
29.3 0.05824
29.4 0.05824
29.5 0.05824
29.6 0.05824
29.7 0.05824
29.8 0.05824
29.9 0.0624
30 0.05824
30.1 0.07072
30.2 0.07072
30.3 0.07072
30.4 0.12128
30.5 0.20064
30.6 0.19456
30.7 0.17632
30.8 0.13984
30.9 0.13984
31 0.152
31.1 0.2128
31.2 0.3952
31.3 0.17728
31.4 0.0624
31.5 0.05408
31.6 0.04576
31.7 0.04992
31.8 0.05408
31.9 0.09568
32 0.04992
32.1 0
32.2 0.02912
32.3 0.00416
32.4 0
32.5 0.00416
32.6 0
32.7 0.00416
32.8 0
32.9 0.00416
33 0
33.1 0.00416
33.2 0.00832
33.3 0.04576
33.4 0.04576
33.5 0.04576
33.6 0.04576
33.7 0.04576
33.8 0.04576
33.9 0.04576
34 0.05824
34.1 0.05824
34.2 0.05824
34.3 0.05824
34.4 0.05824
34.5 0.05824
34.6 0.05408
34.7 0.06656
34.8 0.06656
34.9 0.07072
35 0.07072
35.1 0.07072
35.2 0.07072
35.3 0.06656
35.4 0.04992
35.5 0.04992
35.6 0.05408
35.7 0.05408
35.8 0.05408
35.9 0.06656
36 0.06656
36.1 0.06656
36.2 0.0624
36.3 0.0624
36.4 0.05824
36.5 0.0624
36.6 0.05824
36.7 0.05824
36.8 0.06656
36.9 0.06656
37 0.06656
37.1 0.0624
37.2 0.06656
37.3 0.13792
37.4 0.17408
37.5 0.17696
37.6 0.18848
37.7 0.19456
37.8 0.19456
37.9 0.19456
38 0.19456
38.1 0.18848
38.2 0.42848
38.3 0.21024
38.4 0.11616
38.5 0.06656
38.6 0.06656
38.7 0.06656
38.8 0.06656
38.9 0.05824
39 0.11232
39.1 0.07488
39.2 0
39.3 0.00832
39.4 0.07488
39.5 0.07488
39.6 0.08736
39.7 0.07904
39.8 0.06656
39.9 0.05824
40 0.05408
40.1 0.0624
40.2 0.05824
40.3 0.0624
40.4 0.05824
40.5 0.05408
40.6 0.05824
40.7 0.0624
40.8 0.06656
40.9 0.0624
41 0.06656
41.1 0.06656
41.2 0.06656
41.3 0.0624
41.4 0.06656
41.5 0.06656
41.6 0.06656
41.7 0.07072
41.8 0.06656
41.9 0.06656
42 0.06656
42.1 0.06656
42.2 0.07072
42.3 0.06656
42.4 0.07072
42.5 0.06656
42.6 0.07072
42.7 0.07072
42.8 0.06656
42.9 0.07072
43 0.06656
43.1 0.07072
43.2 0.07072
43.3 0.07072
43.4 0.06656
43.5 0.07488
43.6 0.06656
43.7 0.07072
43.8 0.07072
43.9 0.06656
44 0.07488
44.1 0.07488
44.2 0.07904
44.3 0
44.4 0.00416
44.5 0
44.6 0
44.7 0
44.8 0.00416
44.9 0
45 0.00416
45.1 0
45.2 0.00416
45.3 0.03328
45.4 0.04992
45.5 0.04992
45.6 0.04992
45.7 0.04992
45.8 0.05408
45.9 0.04992
46 0.05408
46.1 0.06656
46.2 0.0624
46.3 0.0624
46.4 0.06656
46.5 0.0624
46.6 0.0624
46.7 0.06656
46.8 0.0624
46.9 0.07072
47 0.06656
47.1 0.07072
47.2 0.06656
47.3 0.07072
47.4 0.07488
47.5 0.07488
47.6 0.07904
47.7 0.07904
47.8 0.07904
47.9 0.07904
48 0.07904
48.1 0.05824
48.2 0.05824
48.3 0.0624
48.4 0.05824
48.5 0.06656
48.6 0.07072
48.7 0.07488
48.8 0.07488
48.9 0.07488
49 0.06656
49.1 0.06656
49.2 0.07072
49.3 0.06656
49.4 0.07072
49.5 0.07072
49.6 0.07488
49.7 0.07488
49.8 0.07488
49.9 0.07072
50 0.07072
50.1 0.07072
50.2 0.07488
50.3 0.11296
50.4 0.168
50.5 0.17504
50.6 0.20512
50.7 0.22496
50.8 0.20672
50.9 0.21888
51 0.21888
51.1 0.2432
51.2 0.51072
51.3 0.24928
51.4 0.20704
51.5 0.20128
51.6 0.19072
51.7 0.1728
51.8 0.15648
51.9 0.05824
52 0.13728
52.1 0.08736
52.2 0.0832
52.3 0.0832
52.4 0.0832
52.5 0.08736
52.6 0.05408
52.7 0
52.8 0.05408
52.9 0.07904
53 0.0832
53.1 0.0832
53.2 0.07904
53.3 0.06656
53.4 0.05824
53.5 0.05408
53.6 0.07904
53.7 0.0832
53.8 0.07904
53.9 0.0832
54 0.07904
54.1 0.07488
54.2 0.07072
54.3 0.07072
54.4 0.07488
54.5 0.07904
54.6 0.0832
54.7 0.07904
54.8 0.0832
54.9 0.07904
55 0.07488
55.1 0.07904
55.2 0.07904
55.3 0.07488
55.4 0.0832
55.5 0.0832
55.6 0.08736
55.7 0.0832
55.8 0.15456
55.9 0.24256
56 0.25536
56.1 0.24928
56.2 0.2432
56.3 0.2432
56.4 0.13376
56.5 0
56.6 0
56.7 0.0176
56.8 0.0048
56.9 0
57 0
57.1 0.0208
57.2 0.05824
57.3 0.05408
57.4 0.05824
57.5 0.05824
57.6 0.05408
57.7 0.02912
57.8 0.02496
57.9 0.07072
58 0.07488
58.1 0.07072
58.2 0.07072
58.3 0.06656
58.4 0.05824
58.5 0.07072
58.6 0.07488
58.7 0.0832
58.8 0.07488
58.9 0.07904
59 0.07488
59.1 0.07488
59.2 0.07072
59.3 0.0832
59.4 0.07904
59.5 0.0832
59.6 0.07904
59.7 0.0832
59.8 0.0832
59.9 0.08736
60 0.08736
60.1 0.08736
60.2 0.09568
60.3 0.09152
60.4 0.07488
60.5 0.07072
60.6 0.07072
60.7 0.07488
60.8 0.07904
60.9 0.08736
61 0.08736
61.1 0.09152
61.2 0.0832
61.3 0.07488
61.4 0.07904
61.5 0.0832
61.6 0.07904
61.7 0.08736
61.8 0.0832
61.9 0.08736
62 0.08736
62.1 0.0832
62.2 0.0832
62.3 0.0832
62.4 0.0832
62.5 0.0832
62.6 0.08736
62.7 0.0832
62.8 0.08736
62.9 0.09152
63 0.0832
63.1 0.0832
63.2 0.0832
63.3 0.08736
63.4 0.0832
63.5 0.08736
63.6 0.09152
63.7 0.09152
63.8 0.08736
63.9 0.08736
64 0.07904
64.1 0.07072
64.2 0.07488
64.3 0.07488
64.4 0.07488
64.5 0.09152
64.6 0.08736
64.7 0.08736
64.8 0.0832
64.9 0.07904
65 0.0832
65.1 0.0832
65.2 0.07904
65.3 0.07904
65.4 0.09152
65.5 0.08736
65.6 0.08736
65.7 0.0832
65.8 0.0832
65.9 0.0832
66 0.0832
66.1 0.0832
66.2 0.0832
66.3 0.0832
66.4 0.08736
66.5 0.08736
66.6 0.0832
66.7 0.0832
66.8 0.08736
66.9 0.0832
67 0.0832
67.1 0.0832
67.2 0.08736
67.3 0.0832
67.4 0.0832
67.5 0.08736
67.6 0.0832
67.7 0.07488
67.8 0.06656
67.9 0.07488
68 0.06656
68.1 0.0832
68.2 0.05408
68.3 0
68.4 0.00416
68.5 0
68.6 0.00416
68.7 0
68.8 0.00416
68.9 0.00416
69 0.05824
69.1 0.05408
69.2 0.05824
69.3 0.05408
69.4 0.05824
69.5 0.0624
69.6 0.07072
69.7 0.07072
69.8 0.07072
69.9 0.07072
70 0.07488
70.1 0.07072
70.2 0.0832
70.3 0.08736
70.4 0.0832
70.5 0.08736
70.6 0.08736
70.7 0.07904
70.8 0.06656
70.9 0.0624
71 0.07072
71.1 0.07488
71.2 0.0832
71.3 0.0832
71.4 0.08736
71.5 0.07904
71.6 0.07488
71.7 0.07488
71.8 0.07488
71.9 0.07904
72 0.07904
72.1 0.08736
72.2 0.07904
72.3 0.08736
72.4 0.07904
72.5 0.07904
72.6 0.07904
72.7 0.07904
72.8 0.07488
72.9 0.07904
73 0.07904
73.1 0.07904
73.2 0.0832
73.3 0.07904
73.4 0.07904
73.5 0.07904
73.6 0.07904
73.7 0.07488
73.8 0.07904
73.9 0.0832
74 0.07904
74.1 0.07904
74.2 0.07904
74.3 0.07488
74.4 0.06656
74.5 0.06656
74.6 0.06656
74.7 0.07072
74.8 0.0832
74.9 0.07904
75 0.07904
75.1 0.0832
75.2 0.07488
75.3 0.07488
75.4 0.07488
75.5 0.07488
75.6 0.07904
75.7 0.07904
75.8 0.07904
75.9 0.0832
76 0.07904
76.1 0.07904
76.2 0.07488
76.3 0.07488
76.4 0.07488
76.5 0.07488
76.6 0.07904
76.7 0.07904
76.8 0.0832
76.9 0.07904
77 0.07904
77.1 0.07488
77.2 0.07488
77.3 0.07488
77.4 0.07904
77.5 0.07904
77.6 0.07904
77.7 0.07904
77.8 0.07904
77.9 0.06656
78 0.06656
78.1 0.06656
78.2 0.06656
78.3 0.07904
78.4 0.0832
78.5 0.07904
78.6 0.07904
78.7 0.07904
78.8 0.07488
78.9 0.07488
79 0.07488
79.1 0.07072
79.2 0.07904
79.3 0.07904
79.4 0.07904
79.5 0.07904
79.6 0.07904
79.7 0.07488
79.8 0.07072
79.9 0.07488
80 0.10272
80.1 0.0144
80.2 0
80.3 0
80.4 0
80.5 0
80.6 0.00832
80.7 0
80.8 0.00416
80.9 0
81 0
81.1 0
81.2 0.0416
81.3 0.05408
81.4 0.05408
81.5 0.04992
81.6 0.05408
81.7 0.05408
81.8 0.05408
81.9 0.05408
82 0.05408
82.1 0.06656
82.2 0.07072
82.3 0.0624
82.4 0.07072
82.5 0.06656
82.6 0.16352
82.7 0.20672
82.8 0.21888
82.9 0.26144
83 0.27968
83.1 0.26752
83.2 0.26752
83.3 0.27968
83.4 0.2736
83.5 0.34048
83.6 0.3648
83.7 0.2128
83.8 0.2128
83.9 0.23712
84 0.26752
84.1 0.17568
84.2 0.03744
84.3 0.02496
84.4 0.10816
84.5 0.07904
84.6 0.07904
84.7 0.08736
84.8 0.08736
84.9 0.04992
85 0
85.1 0.00416
85.2 0.07488
85.3 0.07904
85.4 0.0832
85.5 0.0832
85.6 0.07072
85.7 0.05408
85.8 0.05824
85.9 0.05408
86 0.06656
86.1 0.07904
86.2 0.07904
86.3 0.0832
86.4 0.0832
86.5 0.07072
86.6 0.07072
86.7 0.07072
86.8 0.07072
86.9 0.2064
87 0.24928
87.1 0.25536
87.2 0.2432
87.3 0.24928
87.4 0.25536
87.5 0.23104
87.6 0.25536
87.7 0.23712
87.8 0.35872
87.9 0.50464
88 0.28576
88.1 0.27968
88.2 0.27968
88.3 0.27968
88.4 0.24896
88.5 0.22656
88.6 0.08096
88.7 0.04992
88.8 0.11232
88.9 0.07904
89 0.0832
89.1 0.09568
89.2 0.09568
89.3 0.08736
89.4 0.00416
89.5 0.00416
89.6 0.08736
89.7 0.09152
89.8 0.09568
89.9 0.09568
90 0.08736
90.1 0.05824
90.2 0.0624
90.3 0.0624
90.4 0.09152
90.5 0.09568
90.6 0.09152
90.7 0.09568
90.8 0.09152
90.9 0.0832
91 0.07904
91.1 0.07904
91.2 0.07904
91.3 0.09568
91.4 0.09152
91.5 0.09568
91.6 0.09568
91.7 0.09568
91.8 0.08736
91.9 0.09568
92 0.25568
92.1 0.26752
92.2 0.27968
92.3 0.06688
92.4 0
92.5 0
92.6 0.02432
92.7 0
92.8 0
92.9 0.02432
93 0.07264
93.1 0.0624
93.2 0.0624
93.3 0.05824
93.4 0.06656
93.5 0.02912
93.6 0.03744
93.7 0.0832
93.8 0.07904
93.9 0.07904
94 0.0832
94.1 0.0624
94.2 0.06656
94.3 0.08736
94.4 0.09152
94.5 0.0832
94.6 0.09152
94.7 0.0832
94.8 0.0832
94.9 0.07904
95 0.09152
95.1 0.09984
95.2 0.104
95.3 0.09984
95.4 0.104
95.5 0.09984
95.6 0.07488
95.7 0.07488
95.8 0.0832
95.9 0.0832
96 0.09984
96.1 0.09984
96.2 0.09984
96.3 0.09984
96.4 0.08736
96.5 0.0832
96.6 0.0832
96.7 0.08736
96.8 0.09568
96.9 0.09568
97 0.09568
97.1 0.09984
97.2 0.08736
97.3 0.09152
97.4 0.0832
97.5 0.09152
97.6 0.09152
97.7 0.09152
97.8 0.09568
97.9 0.09568
98 0.09568
98.1 0.08736
98.2 0.09152
98.3 0.08736
98.4 0.08736
98.5 0.09152
98.6 0.09984
98.7 0.09152
98.8 0.09568
98.9 0.08736
99 0.07904
99.1 0.07488
99.2 0.07904
99.3 0.09568
99.4 0.09152
99.5 0.09568
99.6 0.09568
99.7 0.08736
99.8 0.08736
99.9 0.08736
100 0.08736
