0.0201114 10
0.0416094 11
0.0464158 13
0.0512222 15
0.0560286 17
0.060835 19
0.0704478 21
0.0752542 23
0.0800606 25
0.084867 27
0.0896734 29
0.450153 29.0511
1.41505 24
1.41505 23
1.41505 24
1.42586 25
1.42706 26
1.42826 27
1.42947 28
1.43187 29
1.43427 29.0511
1.54842 11.3218
1.54842 12.3218
1.55803 14.3218
1.56884 16.3218
1.58206 17.7058
1.95576 13.3218
3.06844 13.2341
3.23186 8.56285
3.35562 9.46547
3.4878 7.46547
3.84708 8.66436
3.88072 6.66436
4.27244 8.66436
4.35295 6.66436
4.75789 8.66436
4.80595 6.66436
5.2169 8.66436
5.2926 6.66436
5.52211 6.43923
5.70595 8.43923
5.76123 6.43923
6.18659 8.43923
6.24908 6.43923
6.41009 6.0732
6.68646 8.0732
6.76096 6.0732
7.29206 8.0732
7.36656 6.0732
7.90007 8.0732
7.97577 6.0732
8.51049 8.0732
8.58619 6.0732
8.72918 5.99862
9.14253 7.99862
9.22664 5.99309
9.76135 7.99309
10.0606 9.49931
10.0606 4
10.1242 6
10.1242 4
10.1939 6
10.1939 4
10.2997 29.0511
10.2997 15.7776
10.3766 15.7396
10.4727 15.7141
10.54 15.6989
10.7431 17.6989
11.4724 19.6989
11.5253 20.2175
12.3232 20.2928
12.3977 20.9254
12.4049 22.9254
12.4469 24.4075
12.489 24.1685
12.5286 23.7562
12.5623 23.3584
12.5947 23.0097
12.6308 22.7548
12.662 22.5193
12.6945 22.3128
12.7269 22.1326
12.7593 21.9751
12.793 21.8494
12.8254 21.7514
12.8591 21.6782
12.8915 21.6146
12.9252 21.5836
12.9576 21.5559
12.9888 21.5076
13.0225 21.4896
13.0549 21.4744
13.0886 21.4731
13.2208 23.4731
13.252 24.8785
13.4887 26.8785
13.5152 27.1229
13.7411 27.404
13.7651 27.6934
13.7891 29.6934
13.8131 31.1423
14.0318 33.1423
14.0511 33.8301
14.2229 34.2058
14.2433 36.2058
14.2601 37.6064
14.4344 39.6064
14.4488 40.538
14.5425 42.538
14.5593 42.9012
14.6903 44.9012
14.7047 46.1651
14.8129 48.1651
14.8249 48.8667
14.9258 50.8667
14.9378 51.7907
14.9871 49.7907
15.022 51.7907
15.0316 52.3674
15.1085 52.9903
15.1205 54.9903
15.1301 56.1899
15.2755 55.6043
15.2887 54.9289
15.3007 54.3819
15.3115 53.9033
15.32 53.3094
15.3308 52.7894
15.344 52.3785
15.3548 52.0186
15.3668 51.7479
15.3776 51.4675
15.3908 51.3094
15.4005 51.0836
15.4137 50.9731
15.4257 50.8771
15.4377 50.8363
15.4473 50.7569
15.4605 50.7314
15.9532 52.7314
16.1443 53.7866
16.1935 55.7866
16.2007 56.3695
16.2416 58.3695
16.2488 58.875
16.2981 56.875
16.3269 58.875
16.3341 59.3066
16.3449 60.1167
16.3978 61.6678
16.4158 62.0808
16.4591 63.1305
17.2161 65.1305
17.3567 65.7493
17.3651 67.7493
17.3735 68.8412
17.3879 69.5062
17.3951 70.1858
17.4023 70.8798
17.4107 72.0145
17.4336 74.0145
17.4408 74.4151
17.472 76.4151
17.4804 76.9537
17.5237 78.9537
17.5309 80.0173
17.6042 82.0173
17.6114 82.4006
17.6378 83.4634
17.6571 81.4634
17.6763 83.4634
17.6811 83.6802
17.7244 85.6802
17.7292 85.828
17.7616 87.2825
17.7904 88.672
17.8025 90.672
17.8073 91.2272
18.5487 93.2272
18.6844 91.2272
18.7373 91.8902
18.7613 93.8902
18.7649 94.8867
18.7854 96.8867
18.789 97.8826
18.8046 98.9358
18.819 50
18.819 49
18.819 50
18.8659 51
18.8695 52
18.8731 53
18.8767 54
18.8803 55
18.8839 56
18.8875 57
18.8911 58
18.8947 59
18.8983 60
18.9019 61
18.9031 62
18.9079 63
18.9103 64
18.9127 65
18.9151 66
18.9176 67
18.92 68
18.9224 69
18.926 70
18.9272 71
18.9296 72
18.9332 73
18.9356 74
18.9368 75
18.9404 76
18.9416 77
18.9452 78
18.9464 79
18.95 80
18.9536 81
18.956 82
18.9572 98.9358
18.9572 11.3218
18.9572 12.3218
18.9608 14.3218
18.9632 16.3218
18.9656 18.3218
18.968 20.3218
18.9728 22.3218
18.9788 24.3218
18.9836 26.3218
18.9908 28.3218
18.9956 30.3218
19.0017 32.3218
19.0077 34.3218
19.0137 36.3218
19.0197 38.3218
19.0257 40.3218
19.0317 42.3218
19.0365 44.3218
19.0425 46.3218
19.0497 48.3218
19.0557 50.3218
19.0605 52.3218
19.0653 54.3218
19.0713 56.3218
19.0762 58.3218
19.081 60.3218
19.0858 62.3218
19.0918 64.3218
19.1206 66.3218
19.1254 68.3218
19.1302 70.3218
19.1374 72.3218
19.1422 74.3218
19.147 76.3218
19.1543 78.3218
19.1591 80.3218
19.1675 82.3218
19.1723 84.3218
19.1771 86.3218
19.1819 88.3218
19.1867 90.3218
19.1915 92.3218
19.1963 94.3218
19.2035 94.7231
19.2083 94.5076
19.5652 96.5076
19.689 94.5076
19.7491 94.6899
19.7731 96.6899
19.7767 97.058
19.7995 99.058
19.8043 99.3895
19.8187 100.947
19.838 101.013
20.5361 103.013
20.6575 101.013
20.7464 102.518
20.7656 104.518
20.7704 104.541
20.7824 106.535
20.7896 107.231
20.7944 109.231
20.798 109.921
20.8185 111.921
20.8209 112.611
21.0792 113.015
21.1934 113.923
21.501 115.923
21.6199 113.923
21.6956 114.613
21.7077 115.939
21.7317 117.223
21.7437 118.47
21.7677 119.681
21.7798 120.856
22.4623 122.856
22.5824 120.856
22.6533 122.289
22.6617 123.372
22.6761 125.239
22.6822 127.239
22.6846 127.744
22.6978 129.606
22.7074 130.472
22.7122 132.472
22.7146 133.2
22.729 134.134
22.7434 136.134
22.7482 136.824
22.7735 136.843
23.432 138.843
23.5509 136.843
23.6506 138.655
23.6591 139.515
23.6723 140.515
23.6735 86
23.6735 85
23.6735 86
23.6951 87
23.6963 88
23.6987 89
23.6999 90
23.7011 91
23.7023 92
23.7035 93
23.7059 94
23.7071 95
23.7083 96
23.7095 97
23.7107 98
23.7131 99
23.7143 100
23.7155 101
23.7167 102
23.7179 103
23.7203 104
23.7215 105
23.724 106
23.7252 107
23.7288 108
23.73 109
23.7324 110
23.7336 111
23.7348 112
23.7384 113
23.7396 114
23.7408 115
23.7444 116
23.7456 117
23.7492 118
23.7504 119
23.7516 120
23.7552 121
23.7564 122
23.7576 123
23.7612 124
23.7624 125
23.7636 126
23.7672 127
23.7684 128
23.7696 129
23.7732 130
23.7744 131
23.7756 132
23.7768 133
23.778 134
23.7792 135
23.7804 136
23.7852 137
23.7864 138
23.7876 139
23.79 140
23.7912 141
23.7924 142
23.7936 143
23.7948 144
23.796 145
23.7972 146
23.7985 147
23.7997 148
23.8009 149
23.8033 150
23.8045 151
23.8057 152
23.8081 153
23.8093 154
23.8105 154.028
23.8141 11.3218
23.8141 12.3218
23.8177 14.3218
23.8201 16.3218
23.8237 18.3218
23.8261 20.3218
23.8285 22.3218
23.8309 24.3218
23.8333 26.3218
23.8369 28.3218
23.8393 30.3218
23.8429 32.3218
23.8453 34.3218
23.8477 36.3218
23.8501 38.3218
23.8537 40.3218
23.8573 42.3218
23.8609 44.3218
23.8645 46.3218
23.8681 48.3218
23.8717 50.3218
23.8753 52.3218
23.879 54.3218
23.8826 56.3218
23.8874 58.3218
23.8898 60.3218
23.8946 62.3218
23.897 64.3218
23.9018 66.3218
23.9054 68.3218
23.909 70.3218
23.9126 72.3218
23.9162 74.3218
23.9186 76.3218
23.921 78.3218
23.9258 80.3218
23.9294 82.3218
23.9402 84.3218
23.9426 86.3218
23.945 88.3218
23.9474 90.3218
23.951 92.3218
23.9534 94.3218
23.9571 96.3218
23.9595 98.3218
23.9739 100.322
23.9775 102.322
23.9811 104.322
23.9847 106.322
23.9895 108.322
23.9919 110.322
23.9967 112.322
23.9991 114.322
24.0039 116.322
24.0063 118.322
24.0111 120.322
24.0135 122.322
24.0183 124.322
24.0207 126.322
24.0231 128.322
24.0255 130.322
24.0304 132.322
24.0352 134.322
24.0376 136.322
24.0424 138.322
24.0472 140.322
24.052 142.322
24.0544 144.322
24.0568 144.686
24.3644 146.686
24.4785 144.686
24.6071 98
24.6071 97
24.6071 98
24.7021 99
24.7033 100
24.7069 101
24.7081 102
24.7093 103
24.7105 104
24.7117 105
24.7153 106
24.7165 107
24.7177 108
24.7189 109
24.7201 110
24.7213 111
24.7249 112
24.7261 113
24.7297 114
24.7309 115
24.7321 116
24.7333 117
24.7345 118
24.7357 119
24.7393 120
24.7405 121
24.7417 122
24.7429 123
24.7441 124
24.7453 125
24.7465 126
24.7477 127
24.7489 128
24.7501 129
24.7549 130
24.7561 131
24.7573 132
24.7585 144.686
24.7585 11.3218
24.7585 12.3218
24.7609 14.3218
24.7633 16.3218
24.7657 18.3218
24.7681 20.3218
24.7705 22.3218
24.7729 24.3218
24.7753 26.3218
24.7789 28.3218
24.7814 30.3218
24.7838 32.3218
24.7862 34.3218
24.7886 36.3218
24.791 38.3218
24.7934 40.3218
24.7958 42.3218
24.7994 44.3218
24.8018 46.3218
24.8066 48.3218
24.809 50.3218
24.8126 52.3218
24.8162 54.3218
24.8186 56.3218
24.8234 58.3218
24.8258 60.3218
24.8306 62.3218
24.833 64.3218
24.8366 66.3218
24.8402 68.3218
24.8426 70.3218
24.8462 72.3218
24.8498 74.3218
24.8522 76.3218
24.8571 78.3218
24.8595 80.3218
24.8631 82.3218
24.8667 84.3218
24.8691 86.3218
24.8715 88.3218
24.8763 90.3218
24.8799 92.3218
24.8835 94.3218
24.8859 96.3218
24.8883 98.3218
24.8931 100.322
24.8955 102.322
24.8979 104.322
24.9003 106.322
24.9039 108.322
24.9087 110.322
24.9111 112.322
24.9243 114.322
24.9279 116.322
24.9316 118.322
24.934 120.322
24.9376 122.322
24.9424 124.322
24.9448 126.322
24.9472 128.322
24.952 130.322
24.9544 132.322
24.9568 134.322
24.9616 136.322
24.964 138.322
24.9664 140.322
24.9712 142.322
24.9736 144.322
24.976 146.322
24.9808 148.322
24.9832 150.322
24.988 151.485
24.9904 151.362
24.9928 151.065
24.9952 150.805
25.0048 150.609
25.0073 150.406
25.0109 150.229
25.0169 150.084
25.256 152.084
25.3653 150.084
25.7679 151.021
25.7775 152.448
25.87 152.616
26.1356 154.616
26.2449 152.616
26.3723 152.637
26.3819 153.081
26.3963 102
26.3963 101
26.3963 102
26.4492 103
26.4504 104
26.4516 105
26.4528 106
26.4552 107
26.4576 108
26.4588 109
26.46 110
26.4612 111
26.4624 112
26.4636 113
26.4648 114
26.466 115
26.4672 116
26.4708 117
26.472 118
26.4732 119
26.4744 120
26.4756 121
26.4768 122
26.478 123
26.4792 124
26.4804 125
26.4816 126
26.4864 127
26.4876 128
26.4888 129
26.4924 130
26.4936 131
26.4948 132
26.496 133
26.4972 134
26.4984 135
26.4996 136
26.5008 137
26.5045 138
26.5057 139
26.5069 140
26.5081 141
26.5093 142
26.5105 143
26.5117 144
26.5129 145
26.5141 146
26.5153 147
26.5165 148
26.5201 149
26.5213 150
26.5225 151
26.5237 152
26.5249 153
26.5261 154
26.5273 155
26.5285 156
26.5297 157
26.5333 158
26.5345 158.458
26.5441 11.3218
26.5441 12.3218
26.5465 14.3218
26.5489 16.3218
26.5513 18.3218
26.5537 20.3218
26.5561 22.3218
26.5585 24.3218
26.5609 26.3218
26.5633 28.3218
26.5681 30.3218
26.5717 32.3218
26.5741 34.3218
26.5777 36.3218
26.5801 38.3218
26.5826 40.3218
26.585 42.3218
26.5874 44.3218
26.591 46.3218
26.5934 48.3218
26.5958 50.3218
26.5982 52.3218
26.6018 54.3218
26.6042 56.3218
26.6066 58.3218
26.609 60.3218
26.6114 62.3218
26.615 64.3218
26.6174 66.3218
26.6198 68.3218
26.6222 70.3218
26.6246 72.3218
26.6282 74.3218
26.633 76.3218
26.6354 78.3218
26.6402 80.3218
26.6426 82.3218
26.645 84.3218
26.6474 86.3218
26.6522 88.3218
26.6546 90.3218
26.657 92.3218
26.6595 94.3218
26.6619 96.3218
26.6643 98.3218
26.6691 100.322
26.6715 102.322
26.6739 104.322
26.6763 106.322
26.6799 108.322
26.6835 110.322
26.6859 112.322
26.6883 114.322
26.6907 116.322
26.7003 118.322
26.7027 120.322
26.7075 122.322
26.7099 124.322
26.7123 126.322
26.7147 128.322
26.7171 130.322
26.7219 132.322
26.7243 134.322
26.7267 136.322
26.7315 138.322
26.734 140.322
26.7364 142.322
26.7388 144.322
26.7436 146.322
26.746 147.234
26.7484 146.357
26.7508 145.412
26.7532 144.584
26.7556 143.682
26.7604 143.249
26.7628 142.692
26.7652 142.382
26.7676 141.934
26.77 141.363
26.7748 141.22
26.7772 141.094
26.7796 140.984
26.782 140.888
26.7844 140.626
26.9731 142.626
27.0716 140.626
27.7109 138.992
27.7517 140.992
27.8478 138.992
28.0113 139.372
28.0137 141.372
28.0161 141.574
28.2516 143.054
28.2684 143.378
28.5291 145.378
28.6193 146.26
28.6265 144.26
28.7154 145.16
29.303 147.16
29.3991 145.16
29.4892 125
29.4892 124
29.4892 125
29.5013 124
29.5121 123
29.5241 122
29.5361 121
29.5469 120
29.5589 119
29.5698 118
29.6058 119
29.607 120
29.6082 121
29.6094 122
29.613 123
29.6142 124
29.6154 125
29.6166 126
29.6178 127
29.619 128
29.6202 129
29.6238 130
29.625 131
29.6262 132
29.6274 133
29.6286 134
29.6298 135
29.631 136
29.6322 137
29.6334 138
29.6346 139
29.6358 140
29.637 141
29.6382 142
29.6394 143
29.6406 144
29.6418 143
29.6418 144
29.643 145
29.6443 146
29.6455 147
29.6467 148
29.6479 149
29.6491 150
29.6503 151
29.6515 150
29.6515 151
29.6527 152
29.6539 153
29.6551 153.963
29.6611 152.963
29.6611 153.963
29.6719 152.963
29.6719 153.963
29.6827 152.963
29.6827 153.963
29.6935 152.963
29.6935 153.963
29.7043 152.963
29.7043 153.963
29.7139 11.3218
29.7139 12.3218
29.7163 14.3218
29.7187 16.3218
29.7211 18.3218
29.7235 20.3218
29.7271 22.3218
29.7319 24.3218
29.7343 26.3218
29.7368 28.3218
29.7392 30.3218
29.744 32.3218
29.7476 34.3218
29.75 36.3218
29.7524 38.3218
29.7548 40.3218
29.7572 42.3218
29.7608 44.3218
29.7644 46.3218
29.7668 48.3218
29.7692 50.3218
29.7728 52.3218
29.7764 54.3218
29.7788 56.3218
29.7812 58.3218
29.7836 60.3218
29.786 62.3218
29.7884 64.3218
29.7908 66.3218
29.7932 68.3218
29.7956 70.3218
29.798 72.3218
29.8004 74.3218
29.8028 76.3218
29.8052 78.3218
29.8076 80.3218
29.81 82.3218
29.8125 84.3218
29.8149 86.3218
29.8173 88.3218
29.8197 90.3218
29.8221 92.3218
29.8245 94.3218
29.8269 96.3218
29.8293 98.3218
29.8317 100.322
29.8341 102.322
29.8365 104.322
29.8389 106.322
29.8413 108.322
29.8437 110.322
29.8461 112.322
29.8485 114.322
29.8509 116.322
29.8533 118.322
29.8557 120.322
29.8581 122.322
29.8605 124.322
29.8761 126.322
29.8785 128.322
29.8809 130.322
29.8833 132.322
29.8857 134.322
29.8882 136.322
29.8906 138.322
29.893 140.322
29.8954 142.322
29.8978 144.322
29.9002 146.322
29.9026 148.322
29.905 150.322
29.9074 152.322
29.9098 152.929
29.9122 151.243
29.9146 149.573
29.917 148.11
29.9194 146.831
29.9218 145.517
29.9242 144.562
29.9266 143.532
29.929 142.825
29.9314 142.011
29.9338 141.299
29.9362 140.676
29.9386 140.131
29.941 139.654
29.9434 139.041
30.0588 141.041
30.1453 139.041
30.7581 141.041
30.8458 139.041
30.9372 120
30.9372 119
30.9372 120
30.9444 119
30.9504 118
30.9576 117
30.9648 116
31.0273 117
31.0285 118
31.0297 119
31.0309 120
31.0321 121
31.0333 122
31.0345 123
31.0357 124
31.0369 125
31.0381 126
31.0393 127
31.0405 128
31.0417 129
31.0429 130
31.0441 131
31.0453 132
31.0465 133
31.0477 134
31.0489 135
31.0501 136
31.0513 137
31.0525 138
31.0537 139
31.0549 139.769
31.0838 138.769
31.0838 139.769
31.091 138.769
31.091 139.769
31.097 138.769
31.097 139.769
31.1042 138.769
31.1042 139.769
31.1102 11.3218
31.1102 12.3218
31.1126 14.3218
31.115 16.3218
31.1174 18.3218
31.1198 20.3218
31.1222 22.3218
31.1258 24.3218
31.1282 26.3218
31.1306 28.3218
31.133 30.3218
31.1354 32.3218
31.139 34.3218
31.1414 36.3218
31.1438 38.3218
31.1462 40.3218
31.1486 42.3218
31.151 44.3218
31.1534 46.3218
31.1558 48.3218
31.1582 50.3218
31.1606 52.3218
31.1667 54.3218
31.1691 56.3218
31.1715 58.3218
31.1739 60.3218
31.1763 62.3218
31.1787 64.3218
31.1811 66.3218
31.1835 68.3218
31.1859 70.3218
31.1883 72.3218
31.1907 74.3218
31.1931 76.3218
31.1955 78.3218
31.1979 80.3218
31.2003 82.3218
31.2027 84.3218
31.2051 86.3218
31.2075 88.3218
31.2099 90.3218
31.2135 92.3218
31.2171 94.3218
31.2195 96.3218
31.2219 98.3218
31.2255 100.322
31.2279 102.322
31.2303 104.322
31.2327 106.322
31.2351 108.322
31.2375 110.322
31.24 112.322
31.2424 114.322
31.2448 116.322
31.2472 118.322
31.2496 120.322
31.252 122.322
31.2544 124.322
31.2628 126.322
31.2652 128.322
31.2676 130.322
31.27 132.322
31.2724 134.322
31.2748 136.322
31.2772 138.322
31.2796 139.769
31.4538 141.769
31.5452 139.769
32.1544 141.769
32.2409 139.769
32.3298 132.693
32.3406 126
32.3406 125
32.3406 126
32.3478 125
32.3551 124
32.3611 123
32.3683 122
32.3743 121
32.3815 120
32.3875 119
32.3947 118
32.4007 117
32.4836 118
32.4848 119
32.486 120
32.4872 121
32.4884 122
32.4896 123
32.4908 124
32.492 125
32.4932 124
32.4932 125
32.4944 126
32.4956 127
32.4968 128
32.4981 129
32.4993 130
32.5005 129
32.5005 130
32.5017 131
32.5029 132
32.5041 133
32.5053 134
32.5065 133
32.5065 134
32.5077 135
32.5089 136
32.5101 136.403
32.5125 135.403
32.5125 136.403
32.5185 135.403
32.5185 136.403
32.5245 135.403
32.5245 136.403
32.5305 135.403
32.5305 136.403
32.5365 135.403
32.5365 136.403
32.5425 135.403
32.5425 136.403
32.5485 11.3218
32.5485 12.3218
32.5509 14.3218
32.5533 16.3218
32.5557 18.3218
32.5581 20.3218
32.5605 22.3218
32.5629 24.3218
32.5689 26.3218
32.5713 28.3218
32.5737 30.3218
32.5761 32.3218
32.5785 34.3218
32.5833 36.3218
32.5857 38.3218
32.5881 40.3218
32.5906 42.3218
32.5954 44.3218
32.5978 46.3218
32.6002 48.3218
32.6026 50.3218
32.605 52.3218
32.6074 54.3218
32.6122 56.3218
32.6146 58.3218
32.617 60.3218
32.6194 62.3218
32.623 64.3218
32.6266 66.3218
32.629 68.3218
32.6314 70.3218
32.6338 72.3218
32.6362 74.3218
32.6386 76.3218
32.641 78.3218
32.6434 80.3218
32.6458 82.3218
32.6482 84.3218
32.6506 86.3218
32.653 88.3218
32.6554 90.3218
32.6578 92.3218
32.6602 94.3218
32.6626 96.3218
32.665 98.3218
32.6675 100.322
32.6699 102.322
32.6723 104.322
32.6747 106.322
32.6771 108.322
32.6795 110.322
32.6819 112.322
32.6843 114.322
32.6867 116.322
32.6891 118.322
32.6915 120.322
32.6939 122.322
32.7083 124.322
32.7119 126.322
32.7155 128.322
32.7179 130.322
32.7203 132.322
32.7227 134.322
32.7251 136.322
32.7275 136.403
32.8477 138.403
32.9354 136.403
33.5494 138.403
33.6383 136.403
33.7297 133.993
34.1298 135.095
34.2512 137.095
34.2812 137.354
34.3389 135.354
34.4422 136.087
34.4879 118
34.4879 117
34.4879 118
34.4975 117
34.5059 116
34.5203 117
34.5215 118
34.5227 119
34.5239 120
34.5251 121
34.5264 122
34.5276 123
34.5288 124
34.53 125
34.5312 126
34.5324 127
34.5336 128
34.5348 129
34.536 130
34.5372 131
34.5384 132
34.5396 133
34.5408 134
34.542 135
34.5432 136
34.5444 136.087
34.6417 135.087
34.6417 136.087
34.6513 135.087
34.6513 136.087
34.6585 11.3218
34.6585 12.3218
34.6609 14.3218
34.6633 16.3218
34.6657 18.3218
34.6681 20.3218
34.6705 22.3218
34.6729 24.3218
34.6753 26.3218
34.6777 28.3218
34.6801 30.3218
34.6825 32.3218
34.6849 34.3218
34.6873 36.3218
34.6897 38.3218
34.6921 40.3218
34.6946 42.3218
34.6994 44.3218
34.7018 46.3218
34.7042 48.3218
34.7066 50.3218
34.7102 52.3218
34.7126 54.3218
34.715 56.3218
34.7174 58.3218
34.7198 60.3218
34.7222 62.3218
34.7246 64.3218
34.727 66.3218
34.7294 68.3218
34.7318 70.3218
34.7342 72.3218
34.7366 74.3218
34.739 76.3218
34.7414 78.3218
34.7438 80.3218
34.7474 82.3218
34.751 84.3218
34.7546 86.3218
34.7582 88.3218
34.7606 90.3218
34.763 92.3218
34.7654 94.3218
34.7678 96.3218
34.7703 98.3218
34.7727 100.322
34.7775 102.322
34.7799 104.322
34.7823 106.322
34.7847 108.322
34.7871 110.322
34.7895 112.322
34.7919 114.322
34.7943 116.322
34.7967 118.322
34.7991 120.322
34.8015 122.322
34.8039 124.322
34.8063 126.322
34.8087 128.322
34.8147 130.322
34.8171 132.322
34.8195 134.322
34.8219 136.322
34.8243 136.586
34.9517 138.586
35.0382 136.586
35.645 138.586
35.7315 136.586
35.7988 136.945
35.8349 137.521
36.3395 139.521
36.4261 137.521
36.5438 138.508
36.5799 138.933
37.0317 140.933
37.1182 138.933
37.2383 139.195
37.7238 141.195
37.8103 139.195
37.9461 121
37.9461 120
37.9461 121
37.9533 120
37.9593 119
37.9677 118
37.9689 117
37.9737 116
38.0014 117
38.0026 118
38.0038 119
38.005 120
38.0062 121
38.0074 122
38.0086 123
38.0098 124
38.011 125
38.0122 126
38.0134 127
38.017 128
38.0182 129
38.0194 130
38.0206 131
38.0218 132
38.023 133
38.0242 134
38.0254 135
38.0266 136
38.0278 137
38.029 138
38.0302 139
38.0314 139.195
38.0963 138.195
38.0963 139.195
38.1035 138.195
38.1035 139.195
38.1095 138.195
38.1095 139.195
38.1179 138.195
38.1179 139.195
38.1191 138.195
38.1191 139.195
38.1239 11.3218
38.1239 12.3218
38.1263 14.3218
38.1287 16.3218
38.1311 18.3218
38.1335 20.3218
38.1371 22.3218
38.1407 24.3218
38.1431 26.3218
38.1455 28.3218
38.148 30.3218
38.1504 32.3218
38.1528 34.3218
38.1552 36.3218
38.1576 38.3218
38.16 40.3218
38.1624 42.3218
38.166 44.3218
38.1684 46.3218
38.1708 48.3218
38.1732 50.3218
38.1756 52.3218
38.178 54.3218
38.1804 56.3218
38.1828 58.3218
38.1852 60.3218
38.1876 62.3218
38.19 64.3218
38.1924 66.3218
38.1948 68.3218
38.1984 70.3218
38.202 72.3218
38.2044 74.3218
38.2068 76.3218
38.2092 78.3218
38.2116 80.3218
38.214 82.3218
38.2164 84.3218
38.2188 86.3218
38.2212 88.3218
38.2237 90.3218
38.2261 92.3218
38.2285 94.3218
38.2309 96.3218
38.2333 98.3218
38.2357 100.322
38.2381 102.322
38.2429 104.322
38.2453 106.322
38.2477 108.322
38.2501 110.322
38.2525 112.322
38.2549 114.322
38.2573 116.322
38.2597 118.322
38.2621 120.322
38.2657 122.322
38.2681 124.322
38.2705 126.322
38.2729 128.322
38.2789 130.322
38.2813 132.322
38.2861 134.322
38.2885 136.322
38.2909 138.322
38.2933 139.195
38.4183 141.195
38.5048 139.195
38.6911 139.176
39.1152 141.176
39.203 139.176
39.3303 136.144
39.8134 138.144
39.8999 136.144
39.9455 118.984
39.9455 4
39.9479 6
39.9479 4
39.9504 6
39.9504 4
39.9528 6
39.9528 4
39.9576 6
39.9576 4
39.96 6
39.96 4
39.9624 6
39.9624 4
39.9648 6
39.9648 4
39.9672 6
39.9672 4
39.9696 6
39.9696 4
39.972 6
39.972 4
39.9744 6
39.9744 4
39.9768 6
39.9768 4
39.9792 6
39.9792 4
39.9816 6
39.9816 4
39.984 6
39.984 4
39.9864 6
39.9864 4
39.99 6
39.99 4
39.9936 6
39.9936 4
39.996 6
39.996 4
39.9984 6
39.9984 4
40.0008 6
40.0008 4
40.0032 6
40.0032 4
40.008 6
40.008 4
40.0104 6
40.0104 4
40.0128 6
40.0128 4
40.0152 6
40.0152 4
40.0176 6
40.0176 4
40.02 6
40.02 4
40.0224 6
40.0224 4
40.0248 6
40.0248 4
40.0273 6
40.0273 4
40.0297 6
40.0297 4
40.0321 6
40.0321 4
40.0369 6
40.0369 4
40.0393 6
40.0393 4
40.0417 6
40.0417 4
40.0441 6
40.0441 4
40.0465 6
40.0465 4
40.0489 6
40.0489 4
40.0513 6
40.0513 4
40.0537 6
40.0537 4
40.0561 6
40.0561 4
40.0585 6
40.0585 4
40.0609 6
40.0609 4
40.0633 6
40.0633 4
40.0681 6
40.0681 4
40.0705 6
40.0705 4
40.0729 6
40.0729 4
40.0753 6
40.0753 4
40.0777 6
40.0777 4
40.0801 6
40.0801 4
40.0825 6
40.0825 4
40.0849 6
40.0849 4
40.0873 6
40.0873 4
40.0897 6
40.0897 4
40.0921 6
40.0921 4
40.0945 6
40.0945 4
40.0969 6
40.0969 4
40.0993 6
40.0993 4
40.1042 6
40.1042 4
40.1208 6
40.1208 4
40.1269 6
40.1269 4
40.1436 6
40.1436 4
40.1497 6
40.1497 4
40.1664 6
40.1664 4
40.1725 6
40.1725 4
40.1892 6
40.1892 4
40.1953 6
40.1953 4
40.212 6
40.212 4
40.2181 6
40.2181 4
40.2348 6
40.2348 4
40.2409 6
40.2409 4
40.2576 6
40.2576 4
40.2637 6
40.2637 4
40.2803 6
40.2803 4
40.2864 6
40.2864 4
40.3031 139.195
40.3031 66.654
40.3092 63.3957
40.3259 14.9075
40.3308 15.4655
40.3332 17.4655
40.338 19.4655
40.3428 21.4655
40.3476 23.4655
40.3524 25.4655
40.3573 27.4655
40.3597 29.4655
40.3669 31.4655
40.3717 33.4655
40.3789 35.4655
40.3837 37.4655
40.3861 39.4655
40.3909 41.4655
40.3957 42.0131
40.4029 44.0131
40.4438 42.0131
40.6673 44.0131
40.7009 42.0131
40.7273 42.4454
40.743 43.0559
40.7562 43.616
40.9244 45.616
40.9556 43.616
41.0145 43.8584
41.1587 44.1305
41.1803 46.1305
41.2128 44.1305
41.2573 44.6057
41.2885 45.0463
41.4375 47.0463
41.4687 45.0463
41.5288 45.4544
41.6922 47.4544
41.7259 45.4544
41.7836 45.8349
41.9446 47.8349
41.9758 45.8349
42.2005 47.8349
42.2317 45.8349
42.4564 47.8349
42.4877 45.8349
42.71 47.8349
42.7424 45.8349
42.7617 44.4738
42.9647 46.4738
42.996 44.4738
43.2243 46.4738
43.2591 44.4738
43.2856 42.5939
43.4874 44.5939
43.5187 42.5939
43.6052 40.3494
43.753 42.3494
43.7878 40.3494
44.0149 42.3494
44.0474 40.3494
44.1964 36.6844
44.2769 38.6844
44.3117 36.6844
44.54 38.6844
44.5725 36.6844
44.6542 31.7465
44.814 33.7465
44.856 31.7465
45.0928 33.7465
45.13 31.7465
45.2538 28.2921
45.3968 30.2921
45.4316 28.2921
45.6984 30.2921
45.7308 28.2921
45.8173 22.5525
46.0204 24.5525
46.0733 22.5525
46.3773 24.5525
46.4097 22.5525
46.6344 19.5718
46.811 21.5718
46.8459 19.5718
47.2076 21.5718
47.3049 19.5718
47.4407 13.7127
47.6377 15.7127
47.7231 13.7127
48.0415 15.7127
48.0859 13.7127
48.2806 11.6499
48.4452 13.6499
48.4813 11.6499
48.8165 13.6499
48.8862 11.6499
49.0616 9.78936
49.2899 11.7894
49.3957 9.78936
49.773 11.7894
49.8235 9.78936
50.0602 8.57528
50.2224 10.5753
50.2765 8.57528
50.4291 10.5753
50.4291 4
50.4915 6
50.4915 4
50.5276 6
50.5276 4
50.5817 6
50.5817 4
50.7066 139.195
50.7066 26.1485
50.7595 26.0767
50.8845 26.0138
50.9217 25.9876
51.0659 20.5988
51.102 21.1443
51.1356 21.9786
51.2389 22.5711
51.7448 24.5711
52.1149 26.5711
52.1462 27.6064
52.2951 29.1202
52.3204 29.049
52.3492 28.4876
52.3781 28.0117
52.4069 27.6512
52.4321 27.4883
52.4598 27.1526
52.4838 26.8432
52.5114 26.6209
52.5355 26.4102
52.5619 26.2258
52.5883 28.2258
52.6124 29.797
52.64 30.0925
52.664 30.0173
52.6917 29.9903
52.7157 29.9669
52.7385 29.9075
52.7602 29.875
52.783 29.866
52.8263 31.73
53.0113 33.73
53.0317 35.058
53.2204 37.058
53.2372 37.8936
53.3225 39.8936
53.3393 40.1506
53.3562 41.0843
53.498 42.9731
53.5977 44.9731
53.6121 46.2431
53.7082 48.1243
53.7887 46.1243
53.8236 48.1243
53.8356 49.2873
53.9053 51.2873
53.9173 52.143
54.0783 51.7597
54.0963 51.3052
54.1084 50.9075
54.118 50.4378
54.13 49.9869
54.142 49.6326
54.154 49.3218
54.1672 49.0511
54.1793 48.8135
54.1913 48.6057
54.2033 48.3833
54.2177 48.27
54.2297 48.1706
54.2417 48.0428
54.2538 47.9316
54.2658 47.8343
54.2778 47.7079
54.3162 47.6975
54.3535 47.6906
54.7188 49.6906
54.9291 51.6906
54.9411 52.5829
54.9723 54.5829
54.9819 54.9385
55.0841 56.9385
55.0937 57.5725
55.1489 59.5725
55.1586 60.5325
55.2222 62.5325
55.2319 63.0228
55.2679 61.0228
55.2919 63.0228
55.3016 63.8757
55.3532 65.7852
55.4013 67.1692
55.4169 67.6133
56.1907 69.6133
56.3265 67.6133
56.4046 69.6133
56.4118 69.7148
56.4383 70.7148
56.4419 70.7445
56.4455 38
56.4455 37
56.4455 38
56.508 39
56.5128 40
56.5176 41
56.5236 42
56.5284 43
56.5332 44
56.5392 45
56.5428 46
56.5488 47
56.5548 48
56.5584 49
56.5644 50
56.568 51
56.5741 52
56.5789 53
56.5813 54
56.5861 55
56.5885 56
56.5933 57
56.5969 58
56.5981 70.7445
56.5981 11.3218
56.5981 12.3218
56.6053 14.3218
56.6113 16.3218
56.6161 18.3218
56.6185 20.3218
56.6209 22.3218
56.6233 24.3218
56.6269 26.3218
56.6353 28.3218
56.6437 30.3218
56.6522 32.3218
56.6606 34.3218
56.6678 36.3218
56.6762 38.3218
56.6846 40.3218
56.693 42.3218
56.7002 44.3218
56.7086 46.3218
56.7182 48.3218
56.7254 50.3218
56.7423 52.3218
56.7531 54.3218
56.7627 56.3218
56.7699 58.3218
56.7783 60.3218
56.7855 62.3218
56.7927 64.3218
56.8024 66.3218
56.8096 68.3218
56.8168 70.3218
56.8252 71.9765
56.8324 71.7265
56.8396 71.5076
56.8492 71.4496
57.2481 73.4496
57.3731 71.4496
57.4212 71.9883
57.4416 73.1395
57.4813 75.1395
57.4873 75.2859
57.5077 76.2873
58.2443 78.2873
58.3728 76.2873
58.4582 49
58.4582 48
58.4582 49
58.6048 50
58.6096 51
58.6132 52
58.6168 53
58.6192 76.2873
58.6192 11.3218
58.6192 12.3218
58.624 14.3218
58.6312 16.3218
58.636 18.3218
58.642 20.3218
58.648 22.3218
58.654 24.3218
58.6564 26.3218
58.6588 28.3218
58.6612 30.3218
58.6636 32.3218
58.6696 34.3218
58.6756 36.3218
58.6817 38.3218
58.6889 40.3218
58.6961 42.3218
58.7033 44.3218
58.7105 46.3218
58.7165 48.3218
58.7237 50.3218
58.7309 52.3218
58.7369 54.3218
58.7441 56.3218
58.7525 58.3218
58.7766 60.3218
58.7814 62.3218
58.7874 64.3218
58.7946 66.3218
58.7994 68.3218
58.8066 70.3218
58.8138 72.3218
58.821 74.3218
58.8258 76.3218
58.8331 78.3218
58.8403 80.3218
58.8451 82.3218
58.8523 84.3218
58.8583 84.3301
58.8667 84.2562
58.8715 84.0297
58.8787 83.9116
59.256 85.9116
59.3822 83.9116
59.423 84.422
59.4507 85.761
59.4723 87.6796
59.4843 88.9917
59.506 89.5387
59.5324 91.5387
59.5396 92
60.2449 94
60.3699 92
60.4504 93.239
60.4708 94.8287
60.4949 95.7583
60.5105 96.3715
60.5117 53
60.5117 52
60.5117 53
60.5237 54
60.5249 55
60.5273 56
60.5285 57
60.5321 58
60.5357 59
60.5369 60
60.5393 61
60.5405 62
60.5441 63
60.5477 64
60.5513 65
60.555 66
60.5586 67
60.5622 68
60.5634 69
60.567 70
60.5706 71
60.5742 72
60.5778 73
60.5814 74
60.585 75
60.5862 76
60.5898 77
60.5934 78
60.597 79
60.6006 80
60.6018 81
60.6054 82
60.609 83
60.6126 84
60.6162 85
60.6174 86
60.621 87
60.6246 88
60.6283 89
60.6307 90
60.6343 91
60.6367 92
60.6403 93
60.6439 94
60.6475 95
60.6499 96
60.6511 97
60.6535 98
60.6547 99
60.6583 100
60.6595 101
60.6607 11.3218
60.6607 12.3218
60.6655 14.3218
60.6703 16.3218
60.6727 18.3218
60.6775 20.3218
60.6823 22.3218
60.6859 24.3218
60.6895 26.3218
60.6955 28.3218
60.7003 30.3218
60.7039 32.3218
60.7088 34.3218
60.7136 36.3218
60.7172 38.3218
60.7196 40.3218
60.722 42.3218
60.728 44.3218
60.734 46.3218
60.7388 48.3218
60.7436 50.3218
60.7496 52.3218
60.7556 54.3218
60.7604 56.3218
60.7664 58.3218
60.7712 60.3218
60.7772 62.3218
60.7833 64.3218
60.7881 66.3218
60.7917 68.3218
60.8217 70.3218
60.8241 72.3218
60.8289 74.3218
60.8337 76.3218
60.8385 78.3218
60.8433 80.3218
60.8481 82.3218
60.8553 84.3218
60.8602 86.3218
60.8662 88.3218
60.871 90.3218
60.8758 92.3218
60.8806 94.3218
60.8878 95.1588
60.8926 94.7044
60.8974 94.3066
60.9022 93.9593
60.9094 93.8515
61.211 95.8515
61.3252 93.8515
61.3973 95.1215
61.4237 96.7134
61.4429 98.2541
61.4586 98.2776
62.1351 100.278
62.2492 98.2776
62.3093 98.2997
62.3309 99.703
62.3525 101.065
62.3742 102.388
62.4078 104.229
63.0627 106.229
63.1804 104.229
63.2634 105.445
63.279 107.445
63.2826 108.021
63.2934 110.021
63.297 110.596
63.3174 67
63.3174 66
63.3174 67
63.4015 68
63.4027 69
63.4064 70
63.4076 71
63.4112 72
63.4124 73
63.416 74
63.4172 75
63.4208 76
63.4244 77
63.4256 78
63.428 79
63.4292 80
63.4316 81
63.4328 82
63.434 83
63.4364 84
63.4376 85
63.44 86
63.4412 87
63.4436 88
63.446 89
63.4472 90
63.4484 91
63.4508 92
63.452 93
63.4544 94
63.4556 95
63.458 96
63.4604 110.596
63.4604 11.3218
63.4604 12.3218
63.4628 14.3218
63.4652 16.3218
63.47 18.3218
63.4724 20.3218
63.4772 22.3218
63.4796 24.3218
63.482 26.3218
63.4869 28.3218
63.4893 30.3218
63.4941 32.3218
63.4965 34.3218
63.5013 36.3218
63.5061 38.3218
63.5109 40.3218
63.5157 42.3218
63.5205 44.3218
63.5253 46.3218
63.5325 48.3218
63.5373 50.3218
63.5421 52.3218
63.5457 54.3218
63.5505 56.3218
63.5541 58.3218
63.5589 60.3218
63.5638 62.3218
63.5674 64.3218
63.571 66.3218
63.5746 68.3218
63.5782 70.3218
63.583 72.3218
63.5866 74.3218
63.5902 76.3218
63.5938 78.3218
63.6142 80.3218
63.6214 82.3218
63.625 84.3218
63.6286 86.3218
63.6334 88.3218
63.6383 90.3218
63.6431 92.3218
63.6491 94.3218
63.6539 96.3218
63.6587 98.3218
63.6611 100.322
63.6659 102.322
63.6707 104.322
63.6755 106.322
63.6779 108.322
63.6827 110.322
63.6851 112.322
63.6899 114.322
63.6947 114.458
63.6971 114.161
63.7019 113.779
63.9807 115.779
64.0925 113.779
64.2198 115.026
64.2475 115.575
64.2655 116.614
64.805 87
64.805 86
64.805 87
64.8555 88
64.8567 89
64.8603 90
64.8615 91
64.8627 92
64.8663 93
64.8675 94
64.8687 95
64.8723 96
64.8735 97
64.8747 98
64.8783 99
64.8795 100
64.8807 101
64.8843 102
64.8855 103
64.8867 104
64.8903 105
64.8915 106
64.8927 107
64.8963 108
64.8975 109
64.8987 110
64.9023 111
64.9035 112
64.9047 113
64.9084 114
64.9096 115
64.9108 116
64.9144 117
64.9156 118
64.9168 118.614
64.9744 119.122
64.9756 11.3218
64.9756 12.3218
64.978 14.3218
64.9804 16.3218
64.9852 18.3218
64.9876 20.3218
64.9913 22.3218
64.9949 24.3218
64.9985 26.3218
65.0021 28.3218
65.0057 30.3218
65.0093 32.3218
65.0129 34.3218
65.0165 36.3218
65.0189 38.3218
65.0237 40.3218
65.0261 42.3218
65.0297 44.3218
65.0333 46.3218
65.0369 48.3218
65.0405 50.3218
65.0441 52.3218
65.0465 54.3218
65.0501 56.3218
65.0537 58.3218
65.0573 60.3218
65.0597 62.3218
65.0634 64.3218
65.067 66.3218
65.0694 68.3218
65.073 70.3218
65.0766 72.3218
65.0802 74.3218
65.0826 76.3218
65.0862 78.3218
65.0886 80.3218
65.0922 82.3218
65.0946 84.3218
65.0982 86.3218
65.1018 88.3218
65.1054 90.3218
65.1102 92.3218
65.1126 94.3218
65.1174 96.3218
65.1198 98.3218
65.1246 100.322
65.127 102.322
65.1318 104.322
65.1354 106.322
65.1391 108.322
65.1631 110.322
65.1667 112.322
65.1703 114.322
65.1739 116.322
65.1763 118.322
65.1799 120.322
65.1835 122.322
65.1871 124.322
65.1907 126.322
65.1943 128.322
65.1967 130.322
65.2003 132.322
65.2027 133.382
65.2448 133.33
65.2484 133.086
65.7266 135.086
65.8372 133.086
65.9297 133.28
65.9441 135.122
65.9513 135.936
65.9585 136.936
65.9609 138.936
65.9633 139.743
65.9682 140.78
65.9706 141.832
65.973 143.832
65.9754 144.683
65.9802 145.774
65.9826 147.774
65.985 148.647
65.9898 149.778
65.9922 150.927
65.9946 152.698
66.0511 151.541
66.0535 149.268
66.0559 146.944
66.0583 144.911
66.0607 142.965
66.0631 141.095
66.0655 139.291
66.0679 137.546
66.0703 136.019
66.0727 134.517
66.0751 133.201
66.0775 131.883
66.0799 130.563
66.0823 129.407
66.0847 128.229
66.0871 127.198
66.0895 126.129
66.0919 125.027
66.0943 124.062
66.0967 123.051
66.0991 122.166
66.1015 121.224
66.1039 120.233
66.1063 119.367
66.1087 118.441
66.1111 117.631
66.1135 116.755
66.116 115.822
66.1184 115.005
66.1208 114.123
66.1232 113.352
66.1256 112.509
66.128 111.605
66.1304 110.814
66.1328 110.049
66.1352 109.296
66.1376 108.47
66.14 107.581
66.1424 106.802
66.1448 105.954
66.1472 105.211
66.1496 104.394
66.152 105.15
66.1544 104.365
66.1568 103.508
66.1592 102.759
66.1616 101.994
66.164 101.271
66.1664 100.468
66.1688 99.5946
66.1712 98.8315
66.1736 97.9931
66.176 97.259
66.1784 96.4475
66.1808 95.5663
66.1832 94.922
66.1856 94.076
66.188 93.3363
66.1905 92.587
66.1929 91.7003
66.1953 90.9247
66.1977 90.0753
66.2001 89.3315
66.2025 88.5946
66.2049 87.7051
66.2073 86.9268
66.2097 86.1899
66.2121 85.5048
66.2145 84.6802
66.2169 83.7873
66.2193 83.0062
66.2217 82.4896
66.2241 81.7383
66.2265 80.9095
66.2289 80.0124
66.2313 79.3992
66.2337 78.6906
66.2361 78.0704
66.2385 77.3564
66.2409 76.5601
66.2433 76.6761
66.2457 75.9558
66.2481 75.2631
66.2505 74.4827
66.2529 73.9938
66.2553 73.2403
66.2577 72.4061
66.2601 71.6768
66.2625 70.8626
66.265 70.1512
66.2674 69.5283
66.2698 68.808
66.2722 68.1782
66.2746 67.4523
66.277 67.116
66.2794 66.433
66.2842 66.1602
66.2866 65.7452
66.289 65.2058
66.2914 65.2666
66.2938 64.8294
66.2962 64.4461
66.2986 63.9337
66.301 63.308
66.3034 62.7604
66.3058 62.1036
66.3082 61.7065
66.3106 61.1816
66.313 60.7224
66.3154 60.1436
66.3226 62.1436
66.325 63.0767
66.337 65.0359
66.3394 64.6941
66.3419 64.2086
66.3443 63.9696
66.3467 63.5746
66.3491 63.2286
66.3515 62.739
66.3779 60.739
66.6639 62.739
66.7023 60.739
66.9823 62.739
67.0244 60.739
67.3079 62.739
67.3464 60.739
67.4521 49.337
67.6372 51.337
67.6768 49.337
67.8727 37.4137
67.9808 39.4137
68.0337 37.4137
68.3461 39.4137
68.3882 37.4137
68.6994 39.4137
68.7463 37.0704
69.0479 39.0704
69.0731 32.4648
69.0983 30.4648
69.4588 32.4648
69.5045 30.4648
69.5453 22.3432
69.8265 24.3432
69.8661 22.3432
70.187 24.3432
70.229 22.3432
70.378 21.9765
70.5715 23.9765
70.6159 21.9765
70.9524 23.9765
70.9956 21.9765
71.099 16.2852
71.3393 18.2852
71.4066 16.2852
71.7707 18.2852
71.8115 16.2852
72.0338 15.3453
72.196 17.3453
72.2405 15.3453
72.6394 17.3453
72.6815 15.3453
72.7884 12.4392
73.1033 14.4392
73.1417 12.4392
73.4974 14.4392
73.5671 12.4392
73.7449 11.9938
73.9516 13.9938
73.9948 11.9938
74.3842 13.9938
74.4274 11.9938
74.4875 10.4765
74.848 12.4765
74.9033 10.4765
75.2577 12.4765
75.3178 10.4765
75.73 12.4765
75.7852 10.4765
76.1505 12.4765
76.2118 9.99862
76.3572 11.9986
76.3572 4
76.4149 6
76.4149 4
76.4617 6
76.4617 4
76.4906 6
76.4906 4
76.6071 6
76.6071 4
76.6504 6
76.6504 4
76.7705 116.614
76.7705 26.6319
77.1262 28.6319
77.3798 29.7901
77.5011 29.9289
77.5492 31.9289
77.5732 33.2044
77.6814 35.2044
77.685 35.6499
77.7438 35.2307
77.7655 37.2307
77.7847 37.4088
77.8063 37.0449
77.8207 36.578
77.84 36.1941
77.858 35.8577
77.8784 35.6381
77.8964 35.4461
77.9133 35.2776
77.9313 37.2776
77.9481 37.7507
77.9661 37.7224
77.983 37.6982
78.0671 39.6982
78.0839 40.4482
78.2077 42.4482
78.2221 43.0297
78.2942 44.8971
78.4287 46.8971
78.442 47.7472
78.5201 49.7472
78.5309 50.2099
78.6186 51.951
78.7087 49.951
78.7207 51.951
78.7303 52.837
78.7868 54.837
78.7964 55.0117
78.8733 55.3432
78.8794 26
78.8794 25
78.8794 26
78.913 27
78.919 28
78.9286 29
78.9346 30
78.943 31
78.9515 32
78.9575 33
78.9659 34
78.9719 35
78.9779 36
78.9803 37
78.9851 38
78.9899 39
78.9935 40
78.9971 41
79.0019 42
79.0055 43
79.0067 44
79.0079 45
79.0091 46
79.0103 47
79.0115 55.3432
79.0115 11.3218
79.0115 12.3218
79.0163 14.3218
79.0307 16.3218
79.0452 18.3218
79.056 20.3218
79.068 22.3218
79.08 24.3218
79.0908 26.3218
79.1016 28.3218
79.1137 30.3218
79.1233 32.3218
79.1329 34.3218
79.1641 36.3218
79.1785 38.3218
79.1906 40.3218
79.2002 42.3218
79.2134 44.3218
79.223 46.3218
79.235 48.3218
79.2458 50.3218
79.2566 52.3218
79.2687 52.6713
79.2831 52.6167
79.3059 52.607
79.3179 52.6064
79.3275 52.6057
79.6508 54.6057
79.8394 56.6057
79.849 57.076
79.8791 58.5235
79.9247 60.5235
79.9319 61.5256
80.0221 63.5256
80.0293 64.4807
80.0725 62.4807
80.0906 64.4807
80.0978 65.3902
80.1458 67.3902
80.153 67.7721
80.2011 69.1181
80.9593 71.1181
81.0987 69.1181
81.1708 71.1181
81.178 72.0532
81.1996 73.1802
81.2405 75.1802
81.2477 76.145
81.2681 77.1326
81.5625 78.8101
81.5902 78.8923
82.048 80.8923
82.1994 78.8923
82.2354 79.9731
82.2631 80.9876
82.2919 82.9876
82.2991 83.6906
82.3183 85.6906
82.3231 85.7459
82.3291 86.9689
82.3556 87.741
83.103 89.741
83.2339 87.741
83.2724 88.0021
83.2844 88.5746
83.3036 89.8052
83.3169 90.3819
83.3217 91.5594
83.3265 93.5594
83.3313 94.5442
83.3445 95.1664
83.3481 97.0849
83.3529 99.0849
83.3577 100.154
83.3697 102.154
83.3721 102.701
83.3793 104.701
83.3817 105.017
84.1424 107.017
84.2181 107.409
84.2757 105.409
84.3586 106.835
84.3779 108.835
84.3803 110.017
84.4187 112.017
84.4235 112.432
84.4331 112.453
85.1481 71
85.1481 70
85.1481 71
85.2274 72
85.2298 73
85.231 74
85.2334 75
85.2346 76
85.2382 77
85.2394 78
85.2418 79
85.243 80
85.2454 81
85.2466 82
85.2502 83
85.2514 84
85.2538 85
85.255 86
85.2574 87
85.2586 88
85.2623 89
85.2635 90
85.2659 91
85.2671 92
85.2695 93
85.2707 94
85.2743 95
85.2755 96
85.2779 97
85.2791 98
85.2815 99
85.2827 100
85.2863 101
85.2875 102
85.2899 103
85.2923 104
85.2935 105
85.2947 106
85.2959 107
85.2971 108
85.2983 112.453
85.2983 11.3218
85.2983 12.3218
85.3007 14.3218
85.3055 16.3218
85.3103 18.3218
85.3151 20.3218
85.3199 22.3218
85.3247 24.3218
85.3295 26.3218
85.3343 28.3218
85.3391 30.3218
85.344 32.3218
85.3476 34.3218
85.3524 36.3218
85.356 38.3218
85.362 40.3218
85.3668 42.3218
85.3704 44.3218
85.3752 46.3218
85.3788 48.3218
85.3836 50.3218
85.3872 52.3218
85.3908 54.3218
85.3944 56.3218
85.3992 58.3218
85.4028 60.3218
85.4064 62.3218
85.4112 64.3218
85.4148 66.3218
85.4185 68.3218
85.4233 70.3218
85.4269 72.3218
85.4305 74.3218
85.4353 76.3218
85.4389 78.3218
85.4425 80.3218
85.4449 82.3218
85.4809 84.3218
85.4857 86.3218
85.4881 88.3218
85.493 90.3218
85.4978 92.3218
85.5002 94.3218
85.5062 96.3218
85.5086 98.3218
85.5134 100.322
85.5182 102.322
85.5206 104.322
85.5254 106.322
85.5302 108.322
85.5326 110.322
85.5374 112.322
85.5398 114.322
85.5446 116.322
85.547 118.322
85.5518 120.322
85.5566 120.61
85.559 120.584
85.5614 120.325
85.5855 118.325
85.7381 119.055
86.4386 121.055
86.5588 119.055
86.6465 119.454
86.6573 119.836
86.6633 121.432
86.6741 122.571
86.6801 124.204
86.6897 125.305
86.6994 126.135
86.7066 128.039
86.7162 128.888
86.7234 130.773
87.0731 132.45
87.4179 134.45
87.5381 132.45
87.6162 134.063
87.6378 135.108
87.6691 137.108
87.6835 137.128
87.7003 137.147
87.7267 139.147
87.7315 139.939
87.9887 141.939
87.9911 142.494
87.9959 142.633
88.0067 144.497
88.1833 144.766
88.1905 144.889
88.3864 146.889
88.5078 144.889
88.5727 145.342
88.5871 146.253
88.6003 147.137
88.6339 147.778
88.6484 148.595
88.6676 149.39
89.3621 151.39
89.4823 149.39
89.5652 151.39
89.5676 151.925
89.5736 153.666
89.5856 154.698
89.5892 156.698
89.5916 157.47
89.6 159.172
89.612 160.242
89.6156 162.242
89.618 163.015
89.6265 163.584
89.6361 90
89.6361 89
89.6361 90
89.761 91
89.7622 92
89.7634 93
89.7646 94
89.7659 95
89.7671 96
89.7683 97
89.7695 98
89.7706 163.584
89.7706 11.3218
89.7706 12.3218
89.7731 14.3218
89.7767 16.3218
89.7791 18.3218
89.7815 20.3218
89.7851 22.3218
89.7875 24.3218
89.7911 26.3218
89.7935 28.3218
89.7983 30.3218
89.8007 32.3218
89.8055 34.3218
89.8079 36.3218
89.8127 38.3218
89.8151 40.3218
89.8199 42.3218
89.8223 44.3218
89.8271 46.3218
89.8295 48.3218
89.8343 50.3218
89.8367 52.3218
89.8415 54.3218
89.8439 56.3218
89.8464 58.3218
89.85 60.3218
89.8536 62.3218
89.856 64.3218
89.8596 66.3218
89.862 68.3218
89.8644 70.3218
89.8728 72.3218
89.8752 74.3218
89.8776 76.3218
89.88 78.3218
89.8824 80.3218
89.8848 82.3218
89.8872 84.3218
89.8896 86.3218
89.892 88.3218
89.8968 90.3218
89.8992 92.3218
89.9016 94.3218
89.904 96.3218
89.9257 98.3218
89.9281 100.322
89.9329 102.322
89.9353 104.322
89.9377 106.322
89.9413 108.322
89.9461 110.322
89.9485 112.322
89.9533 114.322
89.9557 116.322
89.9581 118.322
89.9605 120.322
89.9653 122.322
89.9701 124.322
89.9725 126.322
89.9749 128.322
89.9773 130.322
89.9797 132.322
89.9821 134.322
89.9845 136.322
89.9869 138.322
89.9917 140.322
89.9941 142.322
89.9966 142.257
89.999 141.696
90.0038 141.552
90.2585 143.552
90.3582 141.552
90.4868 108
90.4868 107
90.4868 108
90.5181 107
90.5397 106
90.5685 107
90.5697 108
90.5733 109
90.5745 110
90.5757 111
90.5769 112
90.5781 113
90.5818 114
90.583 115
90.5842 116
90.5854 117
90.5866 118
90.5902 119
90.5914 120
90.5926 121
90.5938 122
90.595 123
90.5986 124
90.5998 125
90.601 126
90.6022 127
90.6034 128
90.607 129
90.6082 130
90.6094 131
90.6106 132
90.6118 133
90.613 134
90.6166 135
90.6178 136
90.619 137
90.6202 138
90.6214 139
90.625 140
90.6262 141
90.6274 142
90.6286 142.12
90.6442 141.12
90.6442 142.12
90.6707 141.12
90.6707 142.12
90.6923 11.3218
90.6923 12.3218
90.6947 14.3218
90.6983 16.3218
90.7007 18.3218
90.7031 20.3218
90.7055 22.3218
90.7091 24.3218
90.7139 26.3218
90.7175 28.3218
90.7199 30.3218
90.7223 32.3218
90.7259 34.3218
90.7295 36.3218
90.7319 38.3218
90.7355 40.3218
90.7391 42.3218
90.7415 44.3218
90.7463 46.3218
90.7488 48.3218
90.7512 50.3218
90.756 52.3218
90.7584 54.3218
90.7608 56.3218
90.7656 58.3218
90.768 60.3218
90.7704 62.3218
90.774 64.3218
90.7776 66.3218
90.78 68.3218
90.7836 70.3218
90.7872 72.3218
90.7896 74.3218
90.792 76.3218
90.7956 78.3218
90.7992 80.3218
90.8016 82.3218
90.804 84.3218
90.8064 86.3218
90.8088 88.3218
90.8112 90.3218
90.8136 92.3218
90.816 94.3218
90.8184 96.3218
90.8208 98.3218
90.8233 100.322
90.8257 102.322
90.8281 104.322
90.8305 106.322
90.8329 108.322
90.8353 110.322
90.8389 112.322
90.8425 114.322
90.8461 116.322
90.8677 118.322
90.8701 120.322
90.8725 122.322
90.8773 124.322
90.8797 126.322
90.8821 128.322
90.8869 130.322
90.8893 132.322
90.8917 134.322
90.8941 136.322
90.8965 138.322
90.9014 140.322
90.9038 142.12
91.0684 144.12
91.1729 142.12
91.8819 144.12
91.9816 142.12
92.0621 141.943
92.0669 142.319
92.0789 144.319
92.0813 144.57
92.0873 113
92.0873 112
92.0873 113
92.115 112
92.1426 111
92.2123 112
92.2135 113
92.2147 114
92.2159 115
92.2171 116
92.2183 117
92.2195 118
92.2207 119
92.2219 120
92.2231 121
92.2243 122
92.2255 123
92.2267 124
92.2279 125
92.2291 124
92.2291 125
92.2303 126
92.2315 127
92.2327 128
92.2339 129
92.2351 130
92.2363 131
92.2375 132
92.2388 133
92.24 134
92.2412 135
92.2424 136
92.2436 137
92.2448 138
92.246 139
92.2472 140
92.2484 141
92.2496 142
92.2508 143
92.252 144
92.2532 145
92.2544 144
92.2544 145
92.2556 146
92.2568 147
92.258 148
92.2592 149
92.2604 150
92.2616 151
92.2628 152
92.264 153
92.2652 154
92.2664 155
92.2676 156
92.2688 157
92.27 157.739
92.2784 11.3218
92.2784 12.3218
92.2808 14.3218
92.2832 16.3218
92.2856 18.3218
92.288 20.3218
92.2916 22.3218
92.294 24.3218
92.2964 26.3218
92.2988 28.3218
92.3036 30.3218
92.306 32.3218
92.3084 34.3218
92.3108 36.3218
92.3132 38.3218
92.3156 40.3218
92.3192 42.3218
92.3228 44.3218
92.3253 46.3218
92.3277 48.3218
92.3301 50.3218
92.3325 52.3218
92.3373 54.3218
92.3397 56.3218
92.3421 58.3218
92.3445 60.3218
92.3469 62.3218
92.3493 64.3218
92.3517 66.3218
92.3541 68.3218
92.3565 70.3218
92.3589 72.3218
92.3613 74.3218
92.3637 76.3218
92.3661 78.3218
92.3685 80.3218
92.3709 82.3218
92.3733 84.3218
92.3757 86.3218
92.3781 88.3218
92.3805 90.3218
92.3829 92.3218
92.3853 94.3218
92.3877 96.3218
92.3901 98.3218
92.3925 100.322
92.3949 102.322
92.3973 104.322
92.3998 106.322
92.4022 108.322
92.4046 110.322
92.407 112.322
92.4094 114.322
92.4118 116.322
92.4226 118.322
92.425 120.322
92.4274 122.322
92.4298 124.322
92.4322 126.322
92.4346 128.322
92.437 130.322
92.4394 132.322
92.4418 134.322
92.4442 136.322
92.4466 138.322
92.449 140.322
92.4514 139.989
92.4538 137.619
92.4562 135.738
92.4586 133.899
92.461 132.483
92.4634 131.051
92.4658 129.605
92.4682 128.532
92.4706 127.401
92.473 126.604
92.4755 125.713
92.4779 124.934
92.4803 124.252
92.4827 123.462
92.4863 123.158
92.5439 123.034
92.5463 122.783
92.5487 122.564
92.5512 122.372
92.5536 122.203
92.556 121.863
92.5596 121.758
92.6172 123.758
92.7134 121.758
92.7278 121.774
92.7446 122.246
92.7614 122.463
92.7783 122.67
92.7951 122.866
92.8107 123.053
93.0666 123.442
93.0811 124.815
93.1231 124.869
93.1616 124.996
93.1856 125.593
93.188 125.65
93.1904 125.706
93.1928 125.764
93.1952 125.82
93.1976 125.877
93.2337 125.662
93.2361 125.594
93.2385 125.334
93.2409 125.107
93.2433 124.909
93.2457 125.545
93.2481 127.392
93.2505 127.258
93.2529 126.939
93.2553 126.861
93.2577 126.593
93.2601 126.558
93.2625 126.327
93.2649 126.124
93.2673 125.948
93.2697 125.792
93.2721 125.657
93.2745 125.538
93.2769 125.233
93.2793 125.167
93.2817 124.908
93.2841 124.883
93.2865 124.66
93.2889 124.464
93.2913 124.293
93.2937 124.143
93.2961 124.012
93.2985 123.897
93.301 123.595
93.3034 123.533
93.3058 123.276
93.3082 123.254
93.3106 123.032
93.313 122.838
93.3154 122.669
93.3178 122.521
93.3202 122.391
93.3226 122.278
93.325 122.178
93.3346 124.178
93.337 125.894
93.3586 123.894
93.8681 125.894
93.9426 123.894
93.9823 122
93.9823 121
93.9823 122
94.0159 123
94.0171 123.894
94.0472 122.894
94.0472 123.894
94.052 122.894
94.052 123.894
94.0568 122.894
94.0568 123.894
94.0616 122.894
94.0616 123.894
94.0664 122.894
94.0664 123.894
94.0712 122.894
94.0712 123.894
94.076 122.894
94.076 123.894
94.1517 122.894
94.1517 123.894
94.2094 122.894
94.2094 123.894
94.2142 122.894
94.2142 123.894
94.219 122.894
94.219 123.894
94.2238 122.894
94.2238 123.894
94.2286 122.894
94.2286 123.894
94.2334 122.894
94.2334 123.894
94.2382 11.3218
94.2382 12.3218
94.2418 14.3218
94.2442 16.3218
94.2478 18.3218
94.2514 20.3218
94.2538 22.3218
94.2562 24.3218
94.2586 26.3218
94.2622 28.3218
94.2658 30.3218
94.2682 32.3218
94.2706 34.3218
94.273 36.3218
94.2766 38.3218
94.2815 40.3218
94.2839 42.3218
94.2863 44.3218
94.2887 46.3218
94.2911 48.3218
94.2959 50.3218
94.3007 52.3218
94.3031 54.3218
94.3079 56.3218
94.3103 58.3218
94.3151 60.3218
94.3211 62.3218
94.3235 64.3218
94.3259 66.3218
94.3283 68.3218
94.3307 70.3218
94.3331 72.3218
94.3355 74.3218
94.3379 76.3218
94.3403 78.3218
94.3427 80.3218
94.3451 82.3218
94.3475 84.3218
94.3499 86.3218
94.3524 88.3218
94.3548 90.3218
94.3572 92.3218
94.3596 94.3218
94.362 96.3218
94.3644 98.3218
94.3668 100.322
94.3692 102.322
94.3716 104.322
94.374 106.322
94.3764 108.322
94.3788 110.322
94.3812 112.322
94.3836 114.322
94.386 116.322
94.3884 118.322
94.3908 120.322
94.3932 122.322
94.3956 123.894
94.4485 125.894
94.523 123.894
94.7441 114.977
95.0301 116.977
95.1021 114.977
95.2331 106.909
95.6104 108.909
95.6381 110.054
95.6453 112.054
95.6525 114.054
95.6573 114.634
95.6837 112.634
96.1908 114.634
96.2641 112.634
96.7748 114.634
96.8469 112.634
97.2326 108.385
97.3588 110.385
97.4321 108.385
97.7228 105.399
97.9487 107.399
98.022 105.399
98.5351 107.399
98.6084 105.399
98.719 102.198
99.0302 98.3536
99.1227 100.354
99.1948 98.3536
99.4916 98.2023
99.7139 100.202
99.7872 98.2023
