0.0201578 10
0.042811 11
0.0476174 13
0.0524238 15
0.0572302 17
0.0620366 19
0.0680446 21
0.072851 23
0.0764558 25
0.0824638 27
0.0860686 29
0.0920766 31
0.0956814 33
0.101689 35
0.105294 37
0.111302 39
0.113705 41
0.120915 43
0.123318 45
0.128125 47
0.131729 49
0.140141 51
0.142544 53
0.14735 55
0.150955 57
0.159366 59
0.161769 61
0.166576 63
0.168979 65
0.173785 67
0.176189 69
0.180995 71
0.183398 73
0.188205 75
0.190608 77
0.193011 79
0.195414 81
0.202624 83
0.205027 85
0.20743 87
0.209833 89
0.21464 91
0.250688 92
0.284333 93
0.313171 94
0.342009 95
0.375654 96
0.409299 97
0.440541 98
0.466976 99
0.495814 100
0.529459 101
0.565507 102
0.594345 103
0.620781 104
0.649619 105
0.679659 106
0.709699 107
0.738537 108
0.766174 109
0.795013 110
0.823851 111
0.852689 112
0.881528 113
0.910366 114
0.939205 115
0.968043 116
0.996881 117
1.02572 118
1.05456 119
1.0834 120
1.11224 121
1.14107 122
1.16991 123
1.19755 124
1.22759 125
1.2312 124
1.2324 123.37
1.23481 123.055
1.23601 122.74
1.23721 122.425
1.23841 122.11
1.24081 121.796
1.24202 121.481
1.24322 121.166
1.24442 120.851
1.24682 120.536
1.24802 120.221
1.24923 119.906
1.25043 119.591
1.25163 119.276
1.25283 118.961
1.25403 118.646
1.25643 118.331
1.25764 118.016
1.25885 117.701
1.26125 116.386
1.26245 116.071
1.26365 115.756
1.26485 114
1.26606 113
1.26726 112
1.26966 111
1.27086 110
1.27206 109
1.27326 108
1.27567 107
1.27687 106
1.27807 105
1.27927 104
1.28168 103
1.28288 102
1.28408 101
1.28528 100
1.28649 99
1.28769 98
1.29009 96
1.2913 95
1.2925 94
1.2937 93
1.2961 92
1.2973 91.3826
1.29851 91.0677
1.29971 90
1.30091 89
1.30211 88
1.30451 87
1.31893 86
1.34777 85
1.3718 84
1.37901 83
1.40184 87
1.51838 88
1.58326 89
1.64695 90
1.69621 91
1.74067 92
1.78633 93
1.82839 94
1.88126 95
1.92932 96
1.97378 97
2.02906 98
2.07952 99
2.136 100
2.18647 101
2.24775 102
2.29461 103
2.35829 104
2.42438 105
2.49047 106
2.56016 107
2.60342 108
2.67191 109
2.7404 110
2.8125 111
2.88099 112
2.95309 113
3.03239 114
3.12612 115
3.22825 116
3.31837 117
3.45415 118
3.53827 119
3.68967 120
3.84107 121
3.99247 122
4.14507 123
4.34093 124
4.693 125
7.40742 126
7.75949 127
8.00702 128
8.20408 129
8.3699 130
8.51649 131
8.64747 132
8.76523 133
8.87337 134
8.9743 135
9.06923 136
9.15815 137
9.24226 138
9.32157 139
9.39847 140
9.4189 139
9.42011 138.381
9.42131 138.07
9.42251 137.761
9.42371 137.451
9.42491 137.141
9.42611 136.831
9.42731 136.521
9.42852 136.211
9.42972 135.902
9.43092 135.592
9.43212 135.282
9.43332 134.972
9.43452 134.662
9.43573 134.352
9.43693 134.043
9.43813 133.733
9.43933 133.423
9.44053 133.113
9.44173 132.803
9.44294 131
9.44414 130
9.44534 129
9.44654 128
9.44774 127
9.44894 126
9.45015 125
9.45135 124
9.45255 123
9.45375 122
9.45495 121
9.45615 120
9.45735 119
9.45856 118
9.45976 117
9.46096 116
9.46216 115
9.46336 114
9.46456 113
9.46577 112.18
9.46697 111.87
9.46817 110
9.46937 109
9.47057 108
9.47177 107
9.47298 106
9.47418 105
9.47538 104
9.47658 103
9.47778 102
9.48019 101
9.48139 100
9.48259 99
9.48379 98
9.57512 97
9.58833 98
9.69647 99
9.71569 100
9.75294 101
9.79259 102
9.83225 103
9.8719 104
9.91396 105
9.95601 106
9.99927 107
10.0413 108
10.0858 109
10.1314 110
10.1783 111
10.2252 112
10.2744 113
10.3237 114
10.3754 115
10.427 116
10.4799 117
10.5364 118
10.5917 119
10.6517 120
10.7118 121
10.7731 122
10.838 123
10.9053 124
10.9762 125
11.0471 126
11.124 127
11.2862 128
11.3763 129
11.4712 130
11.5722 131
11.6815 132
11.7776 133
11.9278 134
12.0324 135
12.203 136
12.209 135
12.2102 134.377
12.2114 134.066
12.2126 133.754
12.2138 133.443
12.215 133.131
12.2162 132.819
12.2174 132.508
12.2198 132.196
12.221 131.885
12.2222 131.573
12.2234 131.261
12.2246 130.95
12.2258 130.638
12.227 130.327
12.2282 130.015
12.2294 129.703
12.2306 129.392
12.2318 129.08
12.2331 128.769
12.2343 128.457
12.2355 127
12.2367 126
12.2379 125
12.2403 124
12.2415 123
12.2427 122
12.2439 121
12.2451 120
12.2463 119
12.2475 118
12.2487 117
12.2499 116
12.2511 115
12.2523 114
12.2535 113
12.2547 112
12.2559 111
12.2571 110
12.2583 109
12.2607 108
12.2619 107.07
12.2631 106.758
12.2643 105
12.2655 104
12.2667 103
12.2679 102
12.2691 101
12.2703 100
12.2715 99
12.2727 98
12.2739 97
12.2751 96
12.2763 95
12.3808 94
12.5034 95
12.5034 96
12.6127 97
12.68 98
12.7473 99
12.8146 100
12.8975 101
12.978 102
13.0609 103
13.1439 104
13.2448 105
13.3457 106
13.4166 107
13.5596 108
13.7026 109
13.7747 110
13.9225 111
14.0751 112
14.2289 113
14.4584 114
14.8117 115
14.9931 114
14.9943 113.368
14.9955 113.052
14.9967 112.735
14.9991 112.419
15.0003 112.103
15.0015 111.787
15.0027 111.47
15.0051 111.154
15.0063 110.838
15.0075 110.521
15.0087 110.206
15.0111 109.89
15.0124 109.573
15.0136 109.257
15.0148 108.941
15.0172 108.624
15.0184 108.308
15.0196 107.992
15.0208 107.675
15.0232 107.359
15.0244 107.043
15.0256 106.727
15.0268 106.411
15.0292 106.095
15.0304 105
15.0328 104
15.034 103
15.0352 102
15.0376 100
15.0388 99
15.04 98
15.0412 97
15.0436 96
15.0448 95
15.046 94
15.0472 93
15.0496 92
15.0508 91
15.052 90
15.0532 89
15.0556 88
15.0568 87
15.058 86
15.0592 85
15.0616 84
15.0628 83
15.064 82
15.0652 81
15.0676 80
15.0881 79
15.1361 78
15.1638 80
15.2575 81
15.2827 82
15.3248 83
15.368 84
15.4161 85
15.4617 86
15.5555 87
15.6059 88
15.6576 89
15.7093 90
15.7633 91
15.833 92
15.9027 93
15.9724 94
16.0421 95
16.1154 96
16.1887 97
16.2428 98
16.3197 99
16.4014 100
16.4831 101
16.5576 102
16.6393 103
16.7222 104
16.8075 105
16.8904 106
16.9758 107
17.0659 106
17.0671 105.358
17.0695 104.037
17.0707 103.716
17.0731 103.395
17.0743 103.074
17.0767 102.753
17.0779 102.432
17.0791 102.11
17.0803 101.789
17.0827 101.468
17.0839 101.147
17.0863 100.826
17.0875 100.505
17.0899 100.184
17.0911 99.8626
17.0923 99.5414
17.0935 99.2203
17.0959 98.8992
17.0971 98.578
17.0995 98.2569
17.1007 97.9365
17.1019 97.6153
17.1043 97.2942
17.1055 96.9731
17.1067 96.6519
17.1092 96.3308
17.1104 95
17.1128 94
17.114 93
17.1152 92
17.1164 91
17.1188 90
17.12 89
17.1224 88
17.1236 87
17.126 86
17.1272 85
17.1284 84
17.1296 83
17.132 82
17.1332 81
17.1356 80
17.1368 79
17.1392 78
17.1404 77
17.1416 76
17.1428 75
17.1452 74
17.1548 73
17.2365 74
17.2882 75
17.341 76
17.4624 77
17.5826 78
17.6703 79
17.7568 80
17.8661 81
17.9779 82
18.0596 83
18.2194 84
18.3696 85
18.4705 86
18.64 87
18.7469 86
18.7481 85.3488
18.7517 85.0228
18.7553 84.6968
18.7565 84.3709
18.7589 83.0456
18.7601 82.7196
18.7638 82.3936
18.7674 82.0677
18.7686 81.7417
18.771 80.4157
18.7722 80.0905
18.7758 79.7645
18.7794 79.4385
18.7806 79.1126
18.783 77.7866
18.7842 77.4613
18.7878 77.1354
18.7914 76.8094
18.7926 76.4834
18.795 75.1575
18.7962 74.8315
18.7998 74.5062
18.8022 74.1802
18.8034 73.8543
18.807 72.5283
18.8082 72.2023
18.8106 71.8771
18.8118 71.5511
18.8142 71.2251
18.8166 69.8992
18.8178 69.5732
18.8214 68.2472
18.8226 67.922
18.8262 66
18.8286 65
18.8299 64
18.8335 62
18.8347 61
18.8383 60
18.8455 59
18.8563 58
18.9092 60
18.9848 61
19.0521 62
19.1434 63
19.2684 64
19.4018 65
19.5448 66
19.6866 67
19.8356 68
19.9137 69
20.0663 70
20.2225 71
20.4472 72
20.7632 71
20.7668 70.3515
20.768 70.0276
20.7728 68.703
20.7752 68.3785
20.78 68.0546
20.7812 66.73
20.7837 65.4061
20.7885 65.0815
20.7921 64.7569
20.7933 63.433
20.7969 62.1084
20.8017 61.7838
20.8029 61.4599
20.8065 60.1354
20.8077 59.8115
20.8125 59.4869
20.8161 59.1623
20.8173 58.8384
20.8221 57.5138
20.8257 57.1892
20.8269 56.8653
20.8305 55.5407
20.8329 55.2169
20.8341 54.8923
20.8377 53.5677
20.8389 53.2438
20.8413 52.9192
20.8425 52.5946
20.8461 52.2707
20.8473 51.9461
20.8497 50
20.9723 51
21.0468 52
21.1477 53
21.2595 54
21.3748 55
21.5046 56
21.6512 57
21.8218 58
22.0177 59
22.2628 60
22.6185 61
22.6461 60
22.6521 58.3336
22.6581 58
22.663 57.6671
22.6678 56.3336
22.669 55
22.675 53.6671
22.681 53.3336
22.6858 53
22.687 51.6671
22.693 50.3336
22.699 50
22.7038 49.6671
22.7086 48.3336
22.7098 47
22.7158 45.6671
22.7218 45.3336
22.7266 45
22.7278 43.6671
22.7338 42
22.7459 41
22.7507 40
22.7615 39
22.8095 42
22.896 43
22.9465 44
23.015 45
23.0799 46
23.1532 47
23.2301 48
23.3082 49
23.3923 50
23.4848 51
23.6326 50
23.641 49.3211
23.6483 48.9814
23.6555 47.6416
23.6627 46.3025
23.6699 44.9627
23.6759 42.6229
23.6831 41.2831
23.6915 39.9441
23.6975 38.6043
23.7047 37.2645
23.712 35
23.7192 34
23.7228 33
23.7264 32
23.7276 31
23.7312 30
23.742 29
23.7889 35
23.8838 36
23.9823 37
24.1169 38
24.2635 39
24.4317 40
24.63 38
24.654 36.3336
24.6552 32
24.6612 27
24.7766 28
24.8378 29
24.9676 30
25.131 31
25.3353 32
25.5516 28
25.5528 27.2942
25.5612 26.9413
25.5624 26.5884
25.572 26.2355
25.5732 25.8826
25.5816 25.5297
25.584 25.1768
25.5912 24.8239
25.5924 24.471
25.5996 24.1181
25.6009 23.7652
25.6069 22
25.7306 23
25.8772 24
26.0743 25
26.3314 26
26.4288 22
26.43 21.2859
26.4408 20.9289
26.442 20.5718
26.454 20.2148
26.4564 19.8577
26.4684 18
26.6138 19
26.794 20
27.0428 21
27.3948 22
28.0341 20
28.0449 18.25
28.0461 17.875
28.0569 17.5
28.0581 17.125
28.0725 16.75
28.0738 15
28.2047 16
28.3237 17
28.4691 18
28.6397 19
28.8331 20
29.0879 21
29.4291 22
29.5938 10
29.7404 11
29.7428 12
29.7452 11
29.7596 12
29.762 11
29.7716 12
29.774 11
29.8617 12
29.8629 11
29.8641 12
29.8653 11
29.8665 15
29.8665 16
30.0444 17
30.1561 18
30.2979 19
30.4902 20
30.7473 21
30.8483 20
30.9143 18.2175
30.9167 13
30.9179 12
31.0165 14
31.1643 9
31.2111 8
31.2616 9
31.294 8
31.2988 9
31.3073 8
31.3409 9
31.3433 14
31.3433 15
31.6124 16
31.9285 17
32.4307 11
32.611 12
32.7828 13
32.9114 14
33.1084 15
33.3488 16
33.7008 17
33.8342 16
33.8354 15.1581
33.8486 14.7369
33.8498 14.3163
33.8606 13.895
33.8619 13.4738
33.8631 13.0532
33.9147 12.6319
33.9159 11
33.9904 12
34.1262 13
34.2848 14
34.5564 12
34.5588 11.125
34.5852 10.6878
34.5864 9
34.7462 10
35.1007 11
37.7935 12
37.9893 9
38.0146 8
38.1972 9
38.4147 10
38.6286 11
39.0011 12
40.9328 13
42.0467 14
42.2906 15
42.4937 16
42.6535 17
42.8001 18
42.9299 19
43.0536 20
43.1594 21
43.2555 22
43.3504 23
43.4466 24
43.5247 25
43.6028 26
43.6809 27
43.7566 28
43.8215 29
43.8912 30
43.9548 31
44.0185 32
44.081 33
44.1351 34
44.1976 35
44.248 36
44.3045 37
44.355 38
44.4054 39
44.4535 40
44.5028 41
44.5496 42
44.5965 43
44.6422 44
44.6854 45
44.7335 46
44.7755 47
44.8164 48
44.8548 49
44.9341 50
44.975 51
45.0123 52
45.0495 53
45.0988 54
45.148 55
45.1985 56
45.2297 57
45.267 58
45.2994 59
45.3331 60
45.3667 61
45.3992 62
45.434 63
45.4616 64
45.4989 65
45.5434 66
45.5722 67
45.6118 68
45.6467 69
45.6755 70
45.702 71
45.7368 72
45.7741 73
45.7981 74
45.8245 75
45.8558 76
45.8906 77
45.9207 78
45.9423 79
45.9735 80
46.0072 81
46.0312 82
46.0552 83
46.0781 84
46.1057 85
46.1321 86
46.1634 87
46.1826 88
46.2042 89
46.2283 90
46.2595 91
46.292 92
46.3148 93
46.3364 94
46.3628 95
46.3941 96
46.4181 97
46.4422 98
46.4614 99
46.4806 100
46.5046 101
46.5335 102
46.5587 103
46.5863 104
46.6056 105
46.6272 106
46.6512 107
46.6777 108
46.7017 109
46.7257 110
46.745 111
46.7642 112
46.7834 113
46.8038 114
46.8279 115
46.8543 116
46.8747 117
46.8952 118
46.9144 119
46.9312 120
46.9528 121
46.9709 122
46.9961 123
47.0153 124
47.0406 125
47.061 126
47.0802 127
47.097 128
47.1163 129
47.1367 130
47.1559 131
47.1787 132
47.1956 131
47.1968 130.374
47.1992 130.06
47.2004 129.747
47.2028 129.433
47.204 129.119
47.2052 128.807
47.2064 128.493
47.2088 128.18
47.21 127.866
47.2112 127.552
47.2124 127.239
47.2136 126.925
47.216 126.613
47.2172 126.299
47.2184 125.985
47.2196 125.672
47.222 125.358
47.2232 125.045
47.2256 124.731
47.2268 124.419
47.228 124.105
47.2292 123
47.2304 122
47.2316 121
47.2328 120
47.234 119
47.2352 118
47.2364 117
47.2376 115
47.2388 114
47.24 113
47.2412 112
47.2424 111
47.2436 110
47.2448 109
47.246 108
47.2472 107
47.2484 106
47.2496 105
47.2508 104
47.252 103
47.2533 102
47.2545 101
47.2557 100
47.2569 98
47.2581 97
47.2593 96
47.2605 95
47.2617 94
47.2629 93
47.2641 92
47.2737 91
47.2929 90
47.3157 89
47.3362 88
47.3554 87
47.3662 92
47.4851 93
47.5512 94
47.6089 95
47.6642 96
47.7074 97
47.7507 98
47.7952 99
47.8396 100
47.8877 101
47.9333 102
47.9838 103
48.0319 104
48.0799 105
48.1352 106
48.1881 107
48.2434 108
48.2914 109
48.3587 110
48.4116 111
48.4825 112
48.5365 113
48.6074 114
48.6831 115
48.7288 116
48.8081 117
48.8802 118
48.9619 119
49.0364 120
49.1157 121
49.1926 122
49.2815 123
49.3897 124
49.5074 125
49.5879 126
49.749 127
49.91 128
50.0734 129
50.2392 130
50.405 131
50.7475 132
52.1029 131
52.1041 130.374
52.1053 130.06
52.1065 129.747
52.1077 129.433
52.1089 129.119
52.1101 128.807
52.1113 128.493
52.1125 128.18
52.1137 127.866
52.1161 127.552
52.1173 127.239
52.1185 126.925
52.1197 126.613
52.1209 126.299
52.1221 125.985
52.1233 125.672
52.1245 125.358
52.1257 125.045
52.1269 124.731
52.1281 124.419
52.1293 124.105
52.1317 123
52.1329 122
52.1341 121
52.1353 120
52.1365 119
52.1377 118
52.1389 117
52.1401 116
52.1414 115
52.1426 114
52.1438 113
52.145 112
52.1474 111
52.1486 110
52.1498 109
52.151 108
52.1522 107
52.1534 106
52.1546 105
52.1558 104
52.157 103
52.1582 102
52.1594 101
52.1606 100
52.1618 99
52.163 98
52.1654 97
52.1666 96
52.1678 95
52.169 94
52.1702 93
52.1714 92
52.2723 93
52.2915 94
52.3312 95
52.3733 96
52.4129 97
52.455 98
52.4982 99
52.5427 100
52.5871 101
52.6304 102
52.6773 103
52.7253 104
52.7746 105
52.8227 106
52.8743 107
52.926 108
52.9801 109
53.0353 110
53.093 111
53.2084 112
53.2865 113
53.3646 114
53.4475 115
53.5268 116
53.6109 117
53.695 118
53.7839 119
53.7984 118
53.7996 117.372
53.8008 117.058
53.802 116.744
53.8044 116.43
53.8056 116.116
53.8068 115.802
53.808 115.488
53.8104 115.174
53.8116 114.86
53.8128 114.546
53.814 114.232
53.8152 113.918
53.8164 113.604
53.8188 113.289
53.82 112.976
53.8212 112.662
53.8224 112.347
53.8248 112.033
53.826 111.72
53.8272 111.405
53.8284 111.091
53.8308 110.777
53.832 110.463
53.8332 109
53.8344 108
53.8368 107
53.838 106
53.8392 105
53.8416 103
53.8428 102
53.844 101
53.8452 100
53.8476 99
53.8488 98
53.85 97
53.8512 96
53.8536 95
53.8548 94
53.856 93
53.8572 92
53.8596 91
53.8608 90
53.8621 89
53.8633 88
53.8657 87
53.8669 86
53.8681 85
53.8693 83
53.8765 82
53.9233 81
53.9546 80
53.9618 79
53.9666 83
54.0831 84
54.2021 85
54.2742 86
54.3367 87
54.4316 88
54.5145 89
54.5974 90
54.6959 91
54.7969 92
54.869 93
55.0156 94
55.1562 95
55.2439 96
55.4049 97
55.5587 98
55.7209 99
55.9108 100
56.2628 101
56.419 100
56.4202 99.3598
56.4227 99.0394
56.4239 98.7189
56.4263 98.3985
56.4275 98.078
56.4299 97.7576
56.4323 97.4372
56.4335 97.1167
56.4347 95.7963
56.4359 95.4758
56.4371 95.1554
56.4395 94.8356
56.4407 94.5152
56.4431 94.1948
56.4443 93.8743
56.4467 93.5539
56.4491 93.2334
56.4503 92.913
56.4527 91.5925
56.4539 91.2721
56.4563 90.9517
56.4575 90.6312
56.4599 90.3108
56.4611 89.9903
56.4635 89.6706
56.4659 89.3501
56.4671 89.0297
56.4695 87.7093
56.4707 86
56.4731 85
56.4743 84
56.4767 83
56.4779 82
56.4803 81
56.4827 80
56.4839 79
56.4864 77
56.4876 76
56.49 75
56.4912 74
56.4936 73
56.4948 72
56.4972 71
56.4996 70
56.5032 69
56.5801 70
56.6293 71
56.657 72
56.7038 73
56.7543 74
56.8011 75
56.8901 76
56.9598 77
57.021 78
57.0919 79
57.1568 80
57.2277 81
57.2962 82
57.3707 83
57.444 84
57.5233 85
57.5918 86
57.6699 87
57.742 88
57.8225 89
57.8994 90
57.9835 91
58.0616 92
58.1602 93
58.2791 94
58.3993 95
58.4485 94
58.4498 93.3612
58.451 93.0414
58.4522 92.7217
58.4534 92.4026
58.457 92.0829
58.4594 91.7631
58.4606 91.4434
58.4642 90.1243
58.4654 89.8046
58.4678 89.4848
58.469 89.1651
58.4714 88.846
58.4726 88.5262
58.475 88.2065
58.4786 87.8867
58.4798 87.5677
58.4822 86.2479
58.4834 85.9282
58.4858 85.6084
58.487 85.2887
58.4906 84.9696
58.493 84.6499
58.4942 84.3301
58.4966 83.0104
58.4978 82.6913
58.5014 82.3715
58.5038 82.0518
58.505 81.732
58.5074 80.413
58.5086 80.0932
58.511 79
58.5122 78
58.5159 77
58.5183 76
58.5195 75
58.5219 73
58.5231 72
58.5267 71
58.5291 70
58.5303 69
58.5327 67
58.5339 66
58.5471 65
58.612 66
58.6744 67
58.7634 68
58.8859 69
59.0037 70
59.0842 71
59.2152 72
59.2921 73
59.4351 74
59.5829 75
59.7306 76
59.8845 77
60.0407 78
60.2185 79
60.4973 78
60.5009 77.3584
60.5021 77.0373
60.5045 75.7162
60.5057 75.3957
60.5081 75.0746
60.5093 74.7535
60.5129 74.4323
60.5141 74.1112
60.5177 73.7907
60.5213 73.4696
60.5225 73.1485
60.5261 71.8273
60.5297 71.5062
60.5309 71.1858
60.5333 69.8646
60.5345 69.5435
60.5381 69.2224
60.5418 68.9012
60.543 68.5808
60.5454 67.2597
60.5466 66.9385
60.549 66.6174
60.5502 66.297
60.5526 65.9758
60.5538 65.6547
60.5562 65.3336
60.5574 65.0124
60.5598 64.692
60.561 64.3709
60.5646 64.0497
60.5658 63.7286
60.5682 63.4075
60.5694 63.087
60.5718 62.7659
60.573 62.4448
60.5754 62.1236
60.5766 61
60.579 60
60.5802 59
60.5826 58
60.5838 57
60.5874 56
60.5886 55
60.6871 56
60.7568 57
60.8505 58
60.9539 59
61.0608 60
61.181 61
61.3084 62
61.4549 63
61.6244 64
61.8178 65
62.0654 66
62.4174 67
63.2706 66
63.2754 65.3336
63.2766 65
63.2814 63.6671
63.2862 63.3336
63.2898 63
63.291 61.6671
63.2958 60.3336
63.2994 60
63.3054 59.6671
63.3066 58.3336
63.3102 57
63.3114 56.6671
63.315 56.3336
63.3162 56
63.3211 55.6671
63.3259 55.3336
63.3271 55
63.3319 53.6671
63.3355 53.3336
63.3367 53
63.3415 51.6671
63.3463 51.3336
63.3475 51
63.3523 49.6671
63.3547 49.3336
63.3559 49
63.3595 47.6671
63.3607 46
63.4977 47
63.5397 48
63.601 49
63.6683 50
63.7368 51
63.8041 52
63.8786 53
63.9531 54
64.0348 55
64.1201 56
64.209 57
64.3003 58
64.4025 59
64.5082 60
64.6272 61
64.7593 62
64.799 61
64.8026 60.3439
64.8038 60.0159
64.8074 59.6878
64.8134 59.3598
64.8146 59.0318
64.8194 57.7037
64.8206 57.375
64.8254 57.047
64.8267 56.7189
64.8315 56.3909
64.8327 56.0628
64.8375 55.7348
64.8387 55.4068
64.8435 55.0787
64.8447 54.75
64.8471 54.422
64.8519 54.0939
64.8531 53.7659
64.8579 52.4378
64.8591 52.1098
64.8639 51.7818
64.8651 51.4537
64.8699 51.125
64.8711 50.797
64.8759 50.4689
64.8771 50.1409
64.8819 49.8128
64.8831 49.4848
64.8879 49.1568
64.8891 48.8287
64.8939 48.5
64.8951 48.172
64.9 47.8439
64.9012 47.5159
64.906 47.1878
64.9072 46.8598
64.912 46.5318
64.9132 46.2037
64.918 45.875
64.9192 45.547
64.924 45.2189
64.9252 44.8909
64.93 43
64.9408 42
64.9456 41
64.9889 42
65.0201 43
65.7882 1
66.2427 2
66.283 4
66.319 6
66.3214 8
66.3551 10
66.3575 12
66.3611 14
66.3635 16
66.4007 18
66.4031 20
66.4079 22
66.4103 24
66.4164 26
66.4188 28
66.4236 30
66.4272 31
66.4608 32
66.4632 33
66.4668 34
66.4692 35
66.4752 36
66.4776 37
66.4812 38
66.4836 39
66.4909 40
66.4933 41
66.4969 42
66.4993 43
66.5077 44
66.581 45
66.6278 46
66.6975 47
66.7408 48
66.8105 49
66.8549 50
66.8946 51
66.9643 52
67.0051 53
67.076 54
67.1181 55
67.1589 56
67.2274 57
67.2695 58
67.3151 59
67.3728 60
67.4137 61
67.4714 62
67.517 63
67.5579 64
67.6011 65
67.6468 66
67.6864 67
67.7225 68
67.7754 69
67.8138 70
67.8499 71
67.8955 72
67.934 73
67.9724 74
68.0109 75
68.0433 76
68.0818 77
68.1178 78
68.1551 79
68.1863 80
68.2224 81
68.2584 82
68.2945 83
68.3257 84
68.3617 85
68.3978 86
68.4338 87
68.4651 88
68.4999 89
68.5348 90
68.5684 91
68.6009 92
68.6309 93
68.6718 94
68.703 95
68.7366 96
68.7679 97
68.8027 98
68.8376 99
68.8712 100
68.9025 101
68.9313 102
68.9673 103
69.001 104
69.0346 105
69.0659 106
69.0947 107
69.1284 108
69.1644 109
69.1981 110
69.2281 109
69.2293 108.375
69.2305 108.063
69.2317 107.75
69.2329 107.438
69.2341 107.125
69.2353 106.813
69.2365 106.5
69.2377 106.188
69.2389 105.875
69.2401 105.563
69.2413 105.25
69.2425 103.938
69.2437 103.625
69.2449 103.313
69.2461 103
69.2473 102.688
69.2485 102.375
69.2497 102.063
69.2509 101.75
69.2521 101.438
69.2533 101.125
69.2545 100.813
69.2557 100.5
69.2569 100.188
69.2582 99.875
69.2594 98
69.2606 97
69.2618 96
69.263 95
69.2642 94
69.2654 93
69.2666 92
69.2678 91
69.269 90
69.2702 89
69.2714 88
69.2726 87
69.2738 86
69.275 85
69.2762 84
69.2774 83
69.2786 82
69.281 81
69.2822 80
69.2846 79
69.2858 78
69.2882 77
69.4023 78
69.4047 79
69.472 80
69.5297 81
69.597 82
69.6607 83
69.7196 84
69.7748 85
69.8241 86
69.8878 87
69.9334 88
69.9983 89
70.0656 90
70.1329 91
70.1786 92
70.2446 93
70.3143 94
70.3804 95
70.4525 96
70.521 97
70.5931 98
70.6712 99
70.7673 100
70.8671 101
70.9488 102
71.093 103
71.1759 104
71.3177 105
71.4643 106
71.6085 107
71.7539 108
71.9798 109
72.333 110
75.0462 111
75.4019 112
75.6482 113
75.8429 114
76.0099 115
76.1553 116
76.2851 117
76.4041 118
76.5122 119
76.6143 120
76.7081 121
76.797 122
76.8811 123
76.9616 124
77.0373 125
77.1106 126
77.1803 127
77.2464 128
77.3113 129
77.3725 130
77.4338 131
77.4891 130
77.4903 129.369
77.4915 129.053
77.4927 128.737
77.4939 128.421
77.4951 128.106
77.4963 127.79
77.4975 127.474
77.4987 127.158
77.4999 126.843
77.5023 126.527
77.5035 126.211
77.5047 125.895
77.5059 125.579
77.5071 125.264
77.5083 124.948
77.5095 124.632
77.5107 124.316
77.5131 124
77.5143 123.684
77.5155 123.369
77.5167 123.053
77.5179 122
77.5191 121
77.5203 120
77.5215 119
77.5227 118
77.5239 117
77.5264 116
77.5276 115
77.5288 114
77.53 113
77.5312 112
77.5324 111
77.5336 110
77.5348 109
77.5372 108
77.5384 107
77.5396 106
77.5408 105
77.542 104
77.5432 103
77.5444 102
77.5456 101
77.5468 100.388
77.548 99
77.5504 97
77.5516 96
77.5528 95
77.554 94
77.5552 93
77.5564 92
77.5576 91
77.5889 90
77.6129 89
77.6585 91
77.739 92
77.7414 93
77.7522 94
77.7931 95
77.8328 96
77.876 97
77.9181 98
77.9601 99
78.0046 100
78.0502 101
78.0971 102
78.1452 103
78.1944 104
78.2425 105
78.2954 106
78.347 107
78.3999 108
78.4552 109
78.5117 110
78.5717 111
78.6294 112
78.6919 113
78.7568 114
78.8133 113
78.8145 112.363
78.8157 112.044
78.8181 111.724
78.8193 111.405
78.8205 111.086
78.8229 110.767
78.8241 110.449
78.8253 110.13
78.8265 109.811
78.8289 109.492
78.8301 109.173
78.8325 108.854
78.8337 108.535
78.8349 108.216
78.8361 107.897
78.8385 107.578
78.8397 107.259
78.8409 106.94
78.8421 106.621
78.8445 106.302
78.8457 105.983
78.8469 105.664
78.8481 105.345
78.8505 105.026
78.8529 104
78.8541 103
78.8553 101
78.8565 100
78.8589 99
78.8601 98
78.8613 97
78.8625 96
78.8637 95
78.8649 94
78.8661 93
78.8685 92
78.8697 91
78.871 90
78.8722 89
78.8746 88
78.8758 87
78.877 86
78.8782 85
78.8806 84
78.8818 83
78.8842 82
78.8854 81
78.8866 80
78.8878 79
79.0151 80
79.0187 81
79.0932 82
79.1677 83
79.2651 84
79.3924 85
79.515 86
79.5883 87
79.7241 88
79.7914 89
79.9344 90
80.0834 91
80.2408 92
80.391 93
80.546 94
80.7286 95
81.0831 96
81.2633 95
81.2657 94.3674
81.2669 94.0511
81.2693 92.7348
81.2705 92.4185
81.2729 92.1022
81.2742 91.7859
81.2766 91.4696
81.2778 91.1533
81.279 90.837
81.2802 90.5207
81.2826 90.2044
81.2838 89.8881
81.285 89.5718
81.2862 89.2555
81.2886 88.9392
81.2898 88.6229
81.2922 88.3066
81.2934 87.9903
81.2946 87.674
81.2958 87.3577
81.2982 87.0414
81.2994 86.7251
81.3018 86.4088
81.303 86.0919
81.3042 85.7756
81.3054 85.4593
81.3078 85.143
81.309 84.8267
81.3114 84.5104
81.3126 83
81.3138 82
81.315 81
81.3174 80
81.3186 79
81.321 78
81.3222 77
81.3246 76
81.3258 75
81.327 74
81.3282 73
81.3306 72
81.3318 71
81.3342 70
81.3354 69
81.3366 68
81.3378 67
81.4231 68
81.4279 69
81.4556 70
81.5072 71
81.5601 72
81.613 73
81.6851 74
81.7824 75
81.8425 76
81.905 77
81.9699 78
82.0384 79
82.1068 80
82.1789 81
82.2546 82
82.3376 83
82.4205 84
82.5106 85
82.6019 86
82.7028 87
82.7966 88
82.9311 89
83.0537 90
83.1414 89
83.1426 88.3481
83.145 88.0221
83.1462 87.6961
83.1498 87.3702
83.151 87.0435
83.1534 86.7175
83.1546 86.3916
83.1571 86.0656
83.1583 85.7396
83.1607 85.4137
83.1619 85.087
83.1655 84.761
83.1667 84.4351
83.1691 84.1091
83.1703 83.7831
83.1727 83.4572
83.1739 83.1305
83.1763 82.8046
83.1775 82.4786
83.1799 82.1526
83.1823 81.8267
83.1847 81.5
83.1859 81.174
83.1883 80.8481
83.1895 80.5221
83.1919 80.1961
83.1931 79.8702
83.1955 79.5435
83.1967 79.2175
83.2003 78.8916
83.2015 78.5656
83.2039 78.2396
83.2051 77
83.2075 76
83.2087 75
83.2111 74
83.2123 73
83.2159 72
83.2171 71
83.2195 70
83.2207 69
83.2231 68
83.2243 67
83.2255 66
83.2279 65
83.2291 64
83.2328 63
83.2352 62
83.2388 61
83.294 60
83.3085 59
83.3121 62
83.3193 61
83.3854 62
83.4574 63
83.5091 64
83.6437 65
83.7122 66
83.8396 67
83.9297 68
84.0667 69
84.158 70
84.313 71
84.4776 72
84.6326 73
84.7996 74
84.9703 75
85.0472 74
85.0484 73.3508
85.052 73.0262
85.0532 72.7017
85.0568 72.3771
85.058 72.0525
85.0616 71.7279
85.0628 71.4026
85.0664 71.078
85.0676 70.7535
85.0712 70.4289
85.0724 70.1043
85.076 69.7797
85.0772 69.4551
85.0808 69.1305
85.082 68.8052
85.0856 68.4807
85.0868 68.1561
85.0904 67.8315
85.0916 67.5069
85.0952 67.1823
85.0964 66.8577
85.1 66.5331
85.1012 66.2079
85.1048 65.8833
85.106 65.5587
85.1097 65.2341
85.1109 64.9095
85.1145 64.5849
85.1157 64.2604
85.1193 63.9351
85.1205 63.6105
85.1241 63.2859
85.1253 62.9613
85.1289 62.6367
85.1301 62.3122
85.1325 61.9876
85.1337 61.663
85.1373 61.3377
85.1385 60
85.1409 59
85.1421 58
85.1445 57
85.1457 55
85.1493 54
85.1505 53
85.1541 52
85.1818 51
85.2166 52
85.3271 53
85.3884 54
85.5038 55
85.6564 56
85.8066 57
85.952 58
86.1046 59
86.268 60
86.4302 61
86.5948 62
86.6621 61
86.6669 60.3439
86.6717 60.0159
86.6729 58.6878
86.679 57.3598
86.6838 57.0318
86.6886 56.7037
86.6934 55.375
86.6946 54.047
86.7006 52.7189
86.7054 52.3909
86.7102 52.0628
86.7114 50.7348
86.7174 49.4068
86.7222 49.0787
86.727 48.75
86.7282 47.422
86.7318 46.0939
86.733 45.7659
86.7378 45.4378
86.739 45.1098
86.7426 44.7818
86.7438 43
86.87 44
86.9553 45
87.0995 46
87.2461 47
87.4011 48
87.5537 49
87.7195 48
87.7207 47.3336
87.7231 47
87.7243 46.6671
87.7255 46.3336
87.7291 46
87.7303 45.6671
87.7351 45.3336
87.7363 45
87.7412 44.6671
87.7424 44.3336
87.7472 44
87.7484 43.6671
87.7544 43.3336
87.7556 43
87.7592 42.6671
87.7604 42.3336
87.7652 42
87.7664 41.6671
87.7724 41.3336
87.7736 41
87.7772 40.6671
87.7796 40.3336
87.7832 40
87.7844 39.6671
87.7892 39.3336
87.7904 39
87.7964 38.6671
87.7976 38.3336
87.8024 38
87.8036 37.6671
87.8084 37.3336
87.8096 37
87.8157 36.6671
87.8169 36.3336
87.8229 36
87.8241 35.6671
87.8301 34
87.8685 35
87.9346 36
88.0848 37
88.2518 38
88.4405 39
88.6928 40
89.0413 41
89.588 39
89.5976 37.3025
89.6145 33.9537
89.6229 32.605
89.6325 28
89.6409 27
89.6481 26
89.6553 25
89.6613 24
89.6625 23
89.6685 22
89.7334 26
89.7587 27
89.7755 26
89.7827 27
89.7899 26
89.7959 27
89.7971 26
89.8031 27
89.8043 26
89.8103 27
89.8115 26
89.8163 27
89.8175 26
89.8235 27
89.8247 26
89.8307 28
89.8307 29
89.8488 30
89.9401 31
90.0338 32
90.1371 33
90.2417 34
90.3642 35
90.5361 25
90.5421 24
90.7367 25
90.8413 26
91.0467 27
91.2931 28
91.6331 29
91.9624 28
91.9648 27.2907
91.9744 26.9358
91.9756 26.5808
91.9852 26.2258
91.9864 25.8715
91.996 25.5166
91.9972 25.1616
92.008 24.8066
92.0177 24.4517
92.0189 24.0974
92.0297 22.7424
92.0381 22.3874
92.0393 22.0325
92.0501 20
92.1655 8
92.1955 9
92.2904 10
92.3024 11
92.3169 12
92.3205 13
92.3337 14
92.3361 15
92.413 16
92.4142 17
92.4154 18
92.4166 19
92.4178 20
92.9287 1
93.2931 2
93.3742 4
93.4692 6
93.4716 8
93.5545 10
93.5569 12
93.5617 14
93.5641 15
93.6494 16
93.6518 17
93.6566 18
93.659 19
93.6662 20
93.6686 21
93.6734 22
93.7612 23
93.7636 24
93.7684 25
93.7756 26
93.778 27
93.7828 28
93.7924 29
93.7948 30
93.7996 31
93.8068 32
93.9234 33
93.9787 34
94.0844 28
94.0928 26.2783
94.094 25.9171
94.0952 25.5559
94.0964 25.1948
94.1 24.8336
94.1012 23
94.1072 22
94.249 23
94.2971 22
94.4221 23
94.9688 22
95.1226 23
95.249 1
95.3977 8
95.5239 10
95.5263 12
95.5299 14
95.6369 16
95.7738 17
95.918 18
96.0718 19
96.2329 20
96.3927 21
96.5441 22
96.7027 23
96.8577 24
97.0079 25
97.1389 26
97.265 27
97.384 28
97.5029 29
97.6219 30
97.7325 31
97.8286 32
97.9463 33
98.0449 34
98.1506 35
98.2395 36
98.332 37
98.4306 38
98.5267 39
98.6072 40
98.6697 39
98.6709 38.3336
98.6853 38
98.6865 37.6671
98.6949 37.3336
98.6961 37
98.6973 36.6671
98.7082 36.3336
98.7094 36
98.7214 35.6671
98.7226 35.3336
98.731 33
98.7322 32.6671
98.743 32.3336
98.7442 32
98.7454 31.6671
98.7466 31.3336
98.7574 31
98.7586 30.6671
98.7694 30.3336
98.7707 30
98.7719 29.6671
98.7755 28
98.9304 29
98.9593 30
99.0843 31
99.2008 32
99.2789 33
99.4243 34
99.5793 35
99.7487 36
99.911 37
