0 0
0.1 0
0.2 0
0.3 4
0.4 6
0.5 8
0.6 5
0.7 9
0.8 13
0.9 18
1 21
1.1 24
1.2 25
1.3 0
1.4 0
1.5 0
1.6 0
1.7 0
1.8 0
1.9 0
2 0
2.1 0
2.2 0
2.3 0
2.4 0
2.5 0
2.6 0
2.7 0
2.8 0
2.9 0
3 3
3.1 3
3.2 4
3.3 4
3.4 2
3.5 7
3.6 7
3.7 8
3.8 8
3.9 9
4 8
4.1 8
4.2 10
4.3 11
4.4 11
4.5 11
4.6 10
4.7 12
4.8 12
4.9 12
5 12
5.1 12
5.2 12
5.3 13
5.4 11
5.5 11
5.6 11
5.7 12
5.8 11
5.9 11
6 11
6.1 12
6.2 11
6.3 11
6.4 12
6.5 12
6.6 10
6.7 10
6.8 10
6.9 11
7 11
7.1 11
7.2 11
7.3 11
7.4 11
7.5 12
7.6 12
7.7 11
7.8 12
7.9 14
8 13
8.1 13
8.2 12
8.3 15
8.4 15
8.5 17
8.6 18
8.7 18
8.8 19
8.9 20
9 20
9.1 22
9.2 23
9.3 23
9.4 25
9.5 0
9.6 0
9.7 0
9.8 0
9.9 0
10 0
10.1 0
10.2 0
10.3 0
10.4 1
10.5 3
10.6 6
10.7 7
10.8 9
10.9 11
11 12
11.1 12
11.2 14
11.3 16
11.4 16
11.5 18
11.6 19
11.7 22
11.8 23
11.9 22
12 24
12.1 24
12.2 24
12.3 0
12.4 0
12.5 0
12.6 0
12.7 0
12.8 0
12.9 0
13 0
13.1 0
13.2 0
13.3 0
13.4 0
13.5 0
13.6 1
13.7 2
13.8 5
13.9 6
14 9
14.1 10
14.2 11
14.3 13
14.4 15
14.5 17
14.6 19
14.7 21
14.8 22
14.9 24
15 21
15.1 0
15.2 0
15.3 0
15.4 0
15.5 0
15.6 0
15.7 0
15.8 0
15.9 0
16 2
16.1 6
16.2 12
16.3 16
16.4 10
16.5 14
16.6 18
16.7 20
16.8 22
16.9 24
17 24
17.1 16
17.2 0
17.3 0
17.4 0
17.5 1
17.6 8
17.7 8
17.8 3
17.9 9
18 12
18.1 15
18.2 17
18.3 19
18.4 20
18.5 23
18.6 24
18.7 22
18.8 0
18.9 0
19 0
19.1 0
19.2 0
19.3 0
19.4 0
19.5 0
19.6 4
19.7 13
19.8 0
19.9 4
20 9
20.1 12
20.2 14
20.3 17
20.4 18
20.5 20
20.6 24
20.7 20
20.8 1
20.9 0
21 0
21.1 0
21.2 0
21.3 0
21.4 2
21.5 1
21.6 14
21.7 8
21.8 3
21.9 10
22 14
22.1 17
22.2 19
22.3 22
22.4 21
22.5 25
22.6 23
22.7 1
22.8 0
22.9 0
23 6
23.1 11
23.2 12
23.3 15
23.4 20
23.5 24
23.6 19
23.7 0
23.8 5
23.9 0
24 0
24.1 0
24.2 0
24.3 8
24.4 20
24.5 21
24.6 5
24.7 6
24.8 0
24.9 0
25 0
25.1 0
25.2 0
25.3 13
25.4 20
25.5 7
25.6 5
25.7 5
25.8 5
25.9 5
26 6
26.1 8
26.2 21
26.3 16
26.4 4
26.5 4
26.6 0
26.7 0
26.8 0
26.9 0
27 0
27.1 0
27.2 0
27.3 0
27.4 0
27.5 0
27.6 3
27.7 7
27.8 16
27.9 16
28 7
28.1 3
28.2 1
28.3 3
28.4 4
28.5 7
28.6 19
28.7 13
28.8 9
28.9 12
29 17
29.1 19
29.2 22
29.3 24
29.4 25
29.5 8
29.6 6
29.7 5
29.8 0
29.9 0
30 0
30.1 0
30.2 0
30.3 0
30.4 8
30.5 17
30.6 20
30.7 24
30.8 25
30.9 9
31 3
31.1 5
31.2 0
31.3 0
31.4 0
31.5 0
31.6 0
31.7 0
31.8 0
31.9 6
32 15
32.1 18
32.2 25
32.3 12
32.4 4
32.5 8
32.6 0
32.7 0
32.8 0
32.9 0
33 0
33.1 0
33.2 0
33.3 0
33.4 0
33.5 2
33.6 12
33.7 15
33.8 11
33.9 10
34 12
34.1 9
34.2 10
34.3 21
34.4 11
34.5 9
34.6 7
34.7 0
34.8 0
34.9 0
35 0
35.1 0
35.2 0
35.3 0
35.4 0
35.5 0
35.6 0
35.7 0
35.8 0
35.9 0
36 0
36.1 0
36.2 0
36.3 0
36.4 7
36.5 0
36.6 0
36.7 0
36.8 2
36.9 3
37 6
37.1 20
37.2 10
37.3 8
37.4 11
37.5 13
37.6 14
37.7 16
37.8 25
37.9 5
38 7
38.1 6
38.2 0
38.3 0
38.4 0
38.5 0
38.6 0
38.7 0
38.8 0
38.9 0
39 0
39.1 0
39.2 10
39.3 0
39.4 0
39.5 0
39.6 3
39.7 4
39.8 6
39.9 24
40 0
40.1 0
40.2 0
40.3 0
40.4 0
40.5 0
40.6 0
40.7 0
40.8 0
40.9 0
41 0
41.1 0
41.2 0
41.3 0
41.4 0
41.5 0
41.6 0
41.7 0
41.8 0
41.9 0
42 0
42.1 0
42.2 0
42.3 0
42.4 0
42.5 0
42.6 0
42.7 0
42.8 0
42.9 0
43 0
43.1 0
43.2 0
43.3 0
43.4 0
43.5 0
43.6 0
43.7 0
43.8 0
43.9 0
44 0
44.1 0
44.2 0
44.3 0
44.4 0
44.5 0
44.6 0
44.7 0
44.8 0
44.9 0
45 0
45.1 0
45.2 0
45.3 0
45.4 0
45.5 0
45.6 0
45.7 0
45.8 0
45.9 0
46 0
46.1 0
46.2 0
46.3 0
46.4 1
46.5 2
46.6 8
46.7 7
46.8 12
46.9 18
47 23
47.1 24
47.2 23
47.3 0
47.4 0
47.5 0
47.6 0
47.7 0
47.8 0
47.9 0
48 0
48.1 0
48.2 0
48.3 1
48.4 1
48.5 3
48.6 4
48.7 7
48.8 7
48.9 9
49 11
49.1 9
49.2 11
49.3 12
49.4 15
49.5 12
49.6 17
49.7 15
49.8 16
49.9 17
50 17
50.1 17
50.2 17
50.3 19
50.4 18
50.5 18
50.6 15
50.7 15
50.8 19
50.9 24
51 23
51.1 24
51.2 21
51.3 21
51.4 23
51.5 22
51.6 22
51.7 21
51.8 22
51.9 24
52 22
52.1 23
52.2 0
52.3 0
52.4 0
52.5 0
52.6 0
52.7 0
52.8 0
52.9 4
53 5
53.1 10
53.2 11
53.3 14
53.4 16
53.5 19
53.6 22
53.7 24
53.8 22
53.9 0
54 0
54.1 0
54.2 0
54.3 0
54.4 0
54.5 0
54.6 0
54.7 0
54.8 0
54.9 2
55 5
55.1 9
55.2 13
55.3 15
55.4 9
55.5 13
55.6 15
55.7 18
55.8 20
55.9 21
56 21
56.1 22
56.2 21
56.3 24
56.4 17
56.5 0
56.6 0
56.7 0
56.8 0
56.9 0
57 0
57.1 0
57.2 0
57.3 3
57.4 7
57.5 1
57.6 6
57.7 10
57.8 13
57.9 15
58 19
58.1 20
58.2 21
58.3 24
58.4 21
58.5 5
58.6 0
58.7 0
58.8 0
58.9 0
59 0
59.1 0
59.2 0
59.3 2
59.4 8
59.5 0
59.6 4
59.7 6
59.8 10
59.9 13
60 13
60.1 14
60.2 15
60.3 23
60.4 21
60.5 8
60.6 0
60.7 0
60.8 0
60.9 0
61 0
61.1 0
61.2 0
61.3 2
61.4 0
61.5 0
61.6 0
61.7 3
61.8 4
61.9 8
62 8
62.1 9
62.2 17
62.3 17
62.4 7
62.5 13
62.6 16
62.7 18
62.8 19
62.9 20
63 21
63.1 23
63.2 21
63.3 3
63.4 0
63.5 0
63.6 0
63.7 0
63.8 0
63.9 0
64 5
64.1 21
64.2 8
64.3 11
64.4 15
64.5 20
64.6 23
64.7 23
64.8 25
64.9 15
65 5
65.1 0
65.2 0
65.3 0
65.4 0
65.5 0
65.6 0
65.7 2
65.8 10
65.9 0
66 0
66.1 0
66.2 0
66.3 0
66.4 0
66.5 0
66.6 0
66.7 0
66.8 0
66.9 0
67 0
67.1 0
67.2 0
67.3 0
67.4 1
67.5 0
67.6 0
67.7 0
67.8 0
67.9 0
68 0
68.1 0
68.2 0
68.3 0
68.4 4
68.5 4
68.6 8
68.7 12
68.8 14
68.9 18
69 21
69.1 20
69.2 18
69.3 0
69.4 0
69.5 0
69.6 0
69.7 0
69.8 0
69.9 0
70 0
70.1 0
70.2 0
70.3 0
70.4 0
70.5 0
70.6 1
70.7 1
70.8 1
70.9 3
71 5
71.1 5
71.2 0
71.3 0
71.4 4
71.5 1
71.6 3
71.7 4
71.8 6
71.9 4
72 7
72.1 3
72.2 4
72.3 3
72.4 6
72.5 6
72.6 5
72.7 6
72.8 3
72.9 2
73 3
73.1 2
73.2 3
73.3 3
73.4 4
73.5 2
73.6 1
73.7 2
73.8 1
73.9 1
74 2
74.1 2
74.2 2
74.3 2
74.4 1
74.5 1
74.6 0
74.7 0
74.8 0
74.9 1
75 1
75.1 1
75.2 2
75.3 2
75.4 3
75.5 3
75.6 3
75.7 3
75.8 4
75.9 3
76 4
76.1 6
76.2 7
76.3 7
76.4 4
76.5 2
76.6 4
76.7 6
76.8 7
76.9 14
77 16
77.1 17
77.2 21
77.3 24
77.4 23
77.5 21
77.6 0
77.7 0
77.8 0
77.9 0
78 0
78.1 3
78.2 6
78.3 11
78.4 13
78.5 17
78.6 23
78.7 23
78.8 19
78.9 0
79 0
79.1 0
79.2 0
79.3 0
79.4 0
79.5 0
79.6 0
79.7 0
79.8 1
79.9 4
80 8
80.1 10
80.2 4
80.3 9
80.4 12
80.5 13
80.6 14
80.7 15
80.8 15
80.9 17
81 19
81.1 23
81.2 15
81.3 6
81.4 0
81.5 0
81.6 0
81.7 0
81.8 0
81.9 0
82 0
82.1 2
82.2 13
82.3 5
82.4 7
82.5 11
82.6 17
82.7 17
82.8 22
82.9 22
83 22
83.1 23
83.2 18
83.3 0
83.4 0
83.5 0
83.6 0
83.7 0
83.8 0
83.9 4
84 5
84.1 7
84.2 15
84.3 19
84.4 8
84.5 12
84.6 15
84.7 19
84.8 21
84.9 24
85 23
85.1 15
85.2 3
85.3 4
85.4 0
85.5 0
85.6 12
85.7 0
85.8 2
85.9 6
86 10
86.1 11
86.2 15
86.3 16
86.4 17
86.5 23
86.6 20
86.7 2
86.8 2
86.9 0
87 0
87.1 1
87.2 2
87.3 5
87.4 7
87.5 18
87.6 18
87.7 7
87.8 4
87.9 0
88 0
88.1 0
88.2 0
88.3 2
88.4 5
88.5 22
88.6 9
88.7 4
88.8 8
88.9 12
89 15
89.1 17
89.2 19
89.3 20
89.4 24
89.5 22
89.6 0
89.7 0
89.8 0
89.9 0
90 0
90.1 0
90.2 7
90.3 23
90.4 20
90.5 12
90.6 13
90.7 7
90.8 0
90.9 0
91 0
91.1 0
91.2 12
91.3 4
91.4 10
91.5 12
91.6 18
91.7 21
91.8 23
91.9 24
92 22
92.1 0
92.2 0
92.3 0
92.4 0
92.5 0
92.6 0
92.7 0
92.8 0
92.9 0
93 0
93.1 0
93.2 0
93.3 0
93.4 0
93.5 0
93.6 0
93.7 0
93.8 19
93.9 25
94 20
94.1 22
94.2 24
94.3 0
94.4 0
94.5 0
94.6 9
94.7 21
94.8 11
94.9 14
95 14
95.1 16
95.2 9
95.3 0
95.4 0
95.5 0
95.6 0
95.7 0
95.8 0
95.9 0
96 0
96.1 9
96.2 13
96.3 4
96.4 9
96.5 11
96.6 12
96.7 16
96.8 19
96.9 8
97 10
97.1 18
97.2 18
97.3 13
97.4 19
97.5 9
97.6 14
97.7 16
97.8 16
97.9 17
98 21
98.1 11
98.2 20
98.3 21
98.4 22
98.5 23
98.6 25
98.7 13
98.8 11
98.9 9
99 12
99.1 9
99.2 9
99.3 5
99.4 7
99.5 11
99.6 13
99.7 14
99.8 13
99.9 7
100 13
