0.1 0.06688
0.2 0.06656
0.3 0.04992
0.4 0.0416
0.5 0.03328
0.6 0.0416
0.7 0.02912
0.8 0.02912
0.9 0.02912
1 0.02912
1.1 0.02912
1.2 0.02496
1.3 0.03328
1.4 0.02976
1.5 0.096
1.6 0.0448
1.7 0.02496
1.8 0.01664
1.9 0.01664
2 0.01664
2.1 0.01248
2.2 0.01248
2.3 0.00832
2.4 0.00832
2.5 0.01248
2.6 0.00832
2.7 0.01248
2.8 0.00832
2.9 0.01248
3 0.00832
3.1 0.00832
3.2 0.01248
3.3 0.00832
3.4 0.01248
3.5 0.00416
3.6 0.01248
3.7 0.00416
3.8 0.00832
3.9 0.00832
4 0.00832
4.1 0.00832
4.2 0.00416
4.3 0.00832
4.4 0.00832
4.5 0.00832
4.6 0.00416
4.7 0.00832
4.8 0.00832
4.9 0.00416
5 0.00832
5.1 0.00416
5.2 0.00832
5.3 0.00832
5.4 0.00832
5.5 0.00416
5.6 0.00832
5.7 0.00832
5.8 0.00416
5.9 0.00832
6 0.00832
6.1 0.00416
6.2 0.00832
6.3 0.00832
6.4 0.00416
6.5 0.00832
6.6 0.00416
6.7 0.00832
6.8 0.00416
6.9 0.00832
7 0.00416
7.1 0.00416
7.2 0.00416
7.3 0.00832
7.4 0.00416
7.5 0.00832
7.6 0.00416
7.7 0.00416
7.8 0.00416
7.9 0.00832
8 0.00416
8.1 0.00416
8.2 0.00832
8.3 0.00416
8.4 0.00416
8.5 0.00416
8.6 0.00832
8.7 0.00416
8.8 0.00832
8.9 0.00416
9 0.00416
9.1 0.00416
9.2 0.00416
9.3 0.00832
9.4 0.00416
9.5 0.00416
9.6 0.00832
9.7 0.00416
9.8 0.00416
9.9 0.00416
10 0.00832
10.1 0.00416
10.2 0.00832
10.3 0.00416
10.4 0.00416
10.5 0.00416
10.6 0.00832
10.7 0.00416
10.8 0.00832
10.9 0.00416
11 0.00832
11.1 0.00832
11.2 0.00832
11.3 0.00416
11.4 0.00832
11.5 0.00832
11.6 0.00832
11.7 0.00832
11.8 0.00832
11.9 0.01248
12 0.00832
12.1 0.00832
12.2 0.01248
12.3 0.00832
12.4 0.01664
12.5 0.00832
12.6 0.01248
12.7 0.01248
12.8 0.01248
12.9 0.01248
13 0.01248
13.1 0.01248
13.2 0.01248
13.3 0.01248
13.4 0.01664
13.5 0.01248
13.6 0.01664
13.7 0.01664
13.8 0.01664
13.9 0.0208
14 0.01664
14.1 0.0208
14.2 0.02496
14.3 0.0208
14.4 0.02496
14.5 0.02496
14.6 0.02912
14.7 0.02912
14.8 0.02912
14.9 0.03328
15 0.03744
15.1 0.03744
15.2 0.0416
15.3 0.03328
15.4 0.03744
15.5 0.03744
15.6 0.03328
15.7 0.03744
15.8 0.03328
15.9 0.03744
16 0.03744
16.1 0.03328
16.2 0.0416
16.3 0.04576
16.4 0.04576
16.5 0.0416
16.6 0.0416
16.7 0.0416
16.8 0.04576
16.9 0.04576
17 0.04576
17.1 0.04576
17.2 0.04576
17.3 0.0624
17.4 0.05408
17.5 0.05824
17.6 0.05824
17.7 0.07072
17.8 0.06656
17.9 0.05408
18 0.06656
18.1 0.0624
18.2 0.06656
18.3 0.06656
18.4 0.06656
18.5 0.06656
18.6 0.07072
18.7 0.06656
18.8 0.0832
18.9 0.1584
19 0.14112
19.1 0.0624
19.2 0.07072
19.3 0.06656
19.4 0.07488
19.5 0.07488
19.6 0.07904
19.7 0.07488
19.8 0.09152
19.9 0.07488
20 0.07488
20.1 0.07904
20.2 0.0832
20.3 0.07904
20.4 0.0832
20.5 0.0832
20.6 0.0832
20.7 0.0832
20.8 0.09984
20.9 0.08736
21 0.09984
21.1 0.09568
21.2 0.09152
21.3 0.09568
21.4 0.09568
21.5 0.09568
21.6 0.09152
21.7 0.09984
21.8 0.09984
21.9 0.09152
22 0.09152
22.1 0.09984
22.2 0.09568
22.3 0.09984
22.4 0.09984
22.5 0.09984
22.6 0.09984
22.7 0.12064
22.8 0.104
22.9 0.1248
23 0.11232
23.1 0.104
23.2 0.11648
23.3 0.10816
23.4 0.11232
23.5 0.11232
23.6 0.11232
23.7 0.2176
23.8 0.2736
23.9 0.1392
24 0.09984
24.1 0.10816
24.2 0.1248
24.3 0.11648
24.4 0.11648
24.5 0.1248
24.6 0.1488
24.7 0.3168
24.8 0.2224
24.9 0.1248
25 0.11648
25.1 0.12064
25.2 0.1248
25.3 0.1248
25.4 0.13728
25.5 0.13312
25.6 0.13728
25.7 0.14144
25.8 0.13728
25.9 0.1456
26 0.14144
26.1 0.13728
26.2 0.14144
26.3 0.1456
26.4 0.18368
26.5 0.3168
26.6 0.2192
26.7 0.13312
26.8 0.13312
26.9 0.13728
27 0.14144
27.1 0.13728
27.2 0.1456
27.3 0.13728
27.4 0.14144
27.5 0.14144
27.6 0.1456
27.7 0.13728
27.8 0.1456
27.9 0.14144
28 0.14976
28.1 0.1456
28.2 0.14976
28.3 0.15392
28.4 0.14976
28.5 0.14976
28.6 0.14976
28.7 0.14976
28.8 0.1456
28.9 0.14976
29 0.1456
29.1 0.15392
29.2 0.14144
29.3 0.14976
29.4 0.14976
29.5 0.21952
29.6 0.47424
29.7 0.46816
29.8 0.16416
29.9 0.14976
30 0.13728
30.1 0.14144
30.2 0.14144
30.3 0.15808
30.4 0.14976
30.5 0.13728
30.6 0.15392
30.7 0.14976
30.8 0.14976
30.9 0.17056
31 0.39328
31.1 0.47008
31.2 0.1664
31.3 0.14976
31.4 0.15392
31.5 0.14144
31.6 0.14976
31.7 0.1456
31.8 0.15808
31.9 0.1456
32 0.14976
32.1 0.14976
32.2 0.15392
32.3 0.14976
32.4 0.39904
32.5 0.44992
32.6 0.2704
32.7 0.1456
32.8 0.1456
32.9 0.14976
33 0.15392
33.1 0.15392
33.2 0.14976
33.3 0.14144
33.4 0.14976
33.5 0.14976
33.6 0.15808
33.7 0.14144
33.8 0.15808
33.9 0.15808
34 0.14976
34.1 0.15808
34.2 0.15808
34.3 0.15392
34.4 0.15808
34.5 0.22944
34.6 0.44384
34.7 0.30144
34.8 0.16224
34.9 0.1456
35 0.15392
35.1 0.15392
35.2 0.15392
35.3 0.15392
35.4 0.15392
35.5 0.14976
35.6 0.15808
35.7 0.15808
35.8 0.15392
35.9 0.15808
36 0.15392
36.1 0.15808
36.2 0.15808
36.3 0.15392
36.4 0.16224
36.5 0.15392
36.6 0.16224
36.7 0.16224
36.8 0.15392
36.9 0.15808
37 0.16224
37.1 0.15392
37.2 0.16224
37.3 0.15808
37.4 0.16224
37.5 0.15808
37.6 0.16224
37.7 0.15808
37.8 0.15808
37.9 0.16224
38 0.36544
38.1 0.46816
38.2 0.19648
38.3 0.15392
38.4 0.15808
38.5 0.15392
38.6 0.15808
38.7 0.14976
38.8 0.15392
38.9 0.15392
39 0.15808
39.1 0.15392
39.2 0.15808
39.3 0.15392
39.4 0.15392
39.5 0.15808
39.6 0.15392
39.7 0.15808
39.8 0.15392
39.9 0.15808
40 0.15392
40.1 0.15392
40.2 0.03328
40.3 0.0416
40.4 0.07904
40.5 0.11232
40.6 0.12064
40.7 0.12064
40.8 0.12896
40.9 0.1248
41 0.12896
41.1 0.12064
41.2 0.13312
41.3 0.12896
41.4 0.13312
41.5 0.13312
41.6 0.12896
41.7 0.13728
41.8 0.13312
41.9 0.13312
42 0.13312
42.1 0.13312
42.2 0.12896
42.3 0.13312
42.4 0.12896
42.5 0.13312
42.6 0.1248
42.7 0.12896
42.8 0.1248
42.9 0.1248
43 0.12064
43.1 0.11648
43.2 0.1248
43.3 0.11648
43.4 0.11232
43.5 0.10816
43.6 0.10816
43.7 0.10816
43.8 0.104
43.9 0.09984
44 0.09568
44.1 0.09984
44.2 0.09568
44.3 0.08736
44.4 0.0832
44.5 0.0832
44.6 0.0832
44.7 0.07904
44.8 0.07072
44.9 0.06656
45 0.06656
45.1 0.06656
45.2 0.06656
45.3 0.05408
45.4 0.05824
45.5 0.04992
45.6 0.04992
45.7 0.04576
45.8 0.04992
45.9 0.05824
46 0.03328
46.1 0.02912
46.2 0.03744
46.3 0.0416
46.4 0.03328
46.5 0.0208
46.6 0.03744
46.7 0.03328
46.8 0.01248
46.9 0.03744
47 0.0208
47.1 0.01664
47.2 0.03328
47.3 0.00832
47.4 0.03744
47.5 0.02912
47.6 0.01248
47.7 0.0208
47.8 0.02912
47.9 0.01248
48 0.01664
48.1 0.0208
48.2 0.0208
48.3 0.01248
48.4 0.01664
48.5 0.01664
48.6 0.01248
48.7 0.01248
48.8 0.01664
48.9 0.01248
49 0.01664
49.1 0.01248
49.2 0.00832
49.3 0.01248
49.4 0.00832
49.5 0.01664
49.6 0.00416
49.7 0.01248
49.8 0.01248
49.9 0.00832
50 0.01248
50.1 0.00832
50.2 0.00832
50.3 0.00832
50.4 0.01248
50.5 0.00832
50.6 0.00832
50.7 0.00416
50.8 0.00416
50.9 0.00416
51 0.01248
51.1 0.01248
51.2 0.01248
51.3 0.00832
51.4 0.00832
51.5 0.01248
51.6 0.00832
51.7 0.01248
51.8 0.00832
51.9 0.01248
52 0.00832
52.1 0.01248
52.2 0.01248
52.3 0.0208
52.4 0.01664
52.5 0.01248
52.6 0.01664
52.7 0.01664
52.8 0.0208
52.9 0.01664
53 0.0208
53.1 0.02496
53.2 0.0208
53.3 0.02496
53.4 0.02496
53.5 0.02496
53.6 0.02912
53.7 0.03328
53.8 0.03328
53.9 0.03328
54 0.0416
54.1 0.03328
54.2 0.03328
54.3 0.03328
54.4 0.03328
54.5 0.03328
54.6 0.03328
54.7 0.03328
54.8 0.03328
54.9 0.03744
55 0.03744
55.1 0.0416
55.2 0.04576
55.3 0.04992
55.4 0.04992
55.5 0.03744
55.6 0.04992
55.7 0.04576
55.8 0.04992
55.9 0.04576
56 0.04992
56.1 0.04992
56.2 0.04992
56.3 0.04992
56.4 0.04992
56.5 0.11744
56.6 0.09952
56.7 0.06656
56.8 0.04576
56.9 0.04992
57 0.04992
57.1 0.05824
57.2 0.04992
57.3 0.05408
57.4 0.05824
57.5 0.0624
57.6 0.04992
57.7 0.05408
57.8 0.05824
57.9 0.05408
58 0.05824
58.1 0.05824
58.2 0.05824
58.3 0.05824
58.4 0.05824
58.5 0.12576
58.6 0.1344
58.7 0.08032
58.8 0.05408
58.9 0.05824
59 0.06656
59.1 0.06656
59.2 0.0624
59.3 0.06656
59.4 0.06656
59.5 0.07488
59.6 0.0624
59.7 0.07072
59.8 0.06656
59.9 0.07072
60 0.07488
60.1 0.07072
60.2 0.07072
60.3 0.07488
60.4 0.07072
60.5 0.088
60.6 0.1728
60.7 0.13632
60.8 0.07072
60.9 0.07488
61 0.07072
61.1 0.07904
61.2 0.07488
61.3 0.0832
61.4 0.0832
61.5 0.0832
61.6 0.07904
61.7 0.07904
61.8 0.0832
61.9 0.0832
62 0.0832
62.1 0.0832
62.2 0.08736
62.3 0.08736
62.4 0.09152
62.5 0.07904
62.6 0.08736
62.7 0.08736
62.8 0.08736
62.9 0.09152
63 0.08736
63.1 0.09152
63.2 0.09152
63.3 0.104
63.4 0.2112
63.5 0.17824
63.6 0.0832
63.7 0.09152
63.8 0.08736
63.9 0.09568
64 0.09568
64.1 0.09152
64.2 0.10816
64.3 0.09568
64.4 0.09984
64.5 0.09568
64.6 0.09984
64.7 0.09984
64.8 0.11616
64.9 0.24
65 0.20416
65.1 0.12064
65.2 0.09984
65.3 0.09984
65.4 0.11232
65.5 0.11648
65.6 0.11648
65.7 0.11648
65.8 0.11648
65.9 0.12064
66 0.15808
66.1 0.17056
66.2 0.17472
66.3 0.1664
66.4 0.13312
66.5 0.09568
66.6 0.10816
66.7 0.104
66.8 0.104
66.9 0.08736
67 0.09152
67.1 0.09568
67.2 0.09568
67.3 0.07904
67.4 0.09152
67.5 0.09568
67.6 0.07488
67.7 0.07072
67.8 0.07488
67.9 0.07488
68 0.0624
68.1 0.05408
68.2 0.05408
68.3 0.05408
68.4 0.05824
68.5 0.04992
68.6 0.04992
68.7 0.04992
68.8 0.04992
68.9 0.04576
69 0.04576
69.1 0.03744
69.2 0.05408
69.3 0.03328
69.4 0.0416
69.5 0.04992
69.6 0.04992
69.7 0.03328
69.8 0.03744
69.9 0.03744
70 0.03328
70.1 0.03328
70.2 0.03328
70.3 0.03328
70.4 0.02912
70.5 0.03328
70.6 0.03328
70.7 0.02496
70.8 0.02912
70.9 0.03744
71 0.02496
71.1 0.02496
71.2 0.03328
71.3 0.01664
71.4 0.0208
71.5 0.02912
71.6 0.01664
71.7 0.0208
71.8 0.02496
71.9 0.01664
72 0.02496
72.1 0.02496
72.2 0.01248
72.3 0.02496
72.4 0.0208
72.5 0.01664
72.6 0.0208
72.7 0.0208
72.8 0.01664
72.9 0.0208
73 0.01664
73.1 0.01248
73.2 0.0208
73.3 0.01248
73.4 0.01248
73.5 0.0208
73.6 0.01664
73.7 0.01664
73.8 0.01664
73.9 0.00832
74 0.0208
74.1 0.01248
74.2 0.01248
74.3 0.01664
74.4 0.01664
74.5 0.01248
74.6 0.01248
74.7 0.01248
74.8 0.01248
74.9 0.01664
75 0.01248
75.1 0.01248
75.2 0.01248
75.3 0.01248
75.4 0.01248
75.5 0.01664
75.6 0.01248
75.7 0.01248
75.8 0.01248
75.9 0.01664
76 0.00832
76.1 0.01664
76.2 0.00832
76.3 0.01248
76.4 0.01248
76.5 0.01248
76.6 0.00416
76.7 0.00416
76.8 0.00416
76.9 0.00416
77 0.01248
77.1 0.01248
77.2 0.01248
77.3 0.01664
77.4 0.01664
77.5 0.01664
77.6 0.01664
77.7 0.02912
77.8 0.0208
77.9 0.0208
78 0.02496
78.1 0.02496
78.2 0.02912
78.3 0.02912
78.4 0.02912
78.5 0.03328
78.6 0.03328
78.7 0.03744
78.8 0.03744
78.9 0.0544
79 0.096
79.1 0.04224
79.2 0.02912
79.3 0.03744
79.4 0.03744
79.5 0.03744
79.6 0.03744
79.7 0.03744
79.8 0.03744
79.9 0.04576
80 0.04576
80.1 0.04992
80.2 0.05408
80.3 0.0416
80.4 0.04992
80.5 0.04992
80.6 0.04992
80.7 0.04992
80.8 0.04992
80.9 0.04992
81 0.05408
81.1 0.04992
81.2 0.05824
81.3 0.05408
81.4 0.04576
81.5 0.07072
81.6 0.0624
81.7 0.05408
81.8 0.0624
81.9 0.05824
82 0.05408
82.1 0.05824
82.2 0.05824
82.3 0.06656
82.4 0.05824
82.5 0.0624
82.6 0.05824
82.7 0.06656
82.8 0.0624
82.9 0.0624
83 0.06656
83.1 0.06656
83.2 0.06656
83.3 0.07072
83.4 0.09152
83.5 0.07072
83.6 0.07488
83.7 0.07904
83.8 0.07488
83.9 0.07904
84 0.07488
84.1 0.07904
84.2 0.0832
84.3 0.07904
84.4 0.08736
84.5 0.07488
84.6 0.07904
84.7 0.07904
84.8 0.07904
84.9 0.0832
85 0.08736
85.1 0.0832
85.2 0.16416
85.3 0.22368
85.4 0.09568
85.5 0.07488
85.6 0.09152
85.7 0.10816
85.8 0.08736
85.9 0.09152
86 0.09568
86.1 0.09152
86.2 0.09568
86.3 0.09984
86.4 0.09568
86.5 0.09568
86.6 0.09568
86.7 0.12064
86.8 0.09152
86.9 0.11648
87 0.10816
87.1 0.104
87.2 0.11232
87.3 0.10816
87.4 0.104
87.5 0.11232
87.6 0.11232
87.7 0.11648
87.8 0.09984
87.9 0.12064
88 0.1248
88.1 0.12064
88.2 0.12064
88.3 0.11648
88.4 0.11648
88.5 0.12064
88.6 0.1248
88.7 0.12064
88.8 0.12064
88.9 0.11648
89 0.12064
89.1 0.12064
89.2 0.12064
89.3 0.1248
89.4 0.12064
89.5 0.1248
89.6 0.1456
89.7 0.25888
89.8 0.27008
89.9 0.1248
90 0.11232
90.1 0.11648
90.2 0.12064
90.3 0.1248
90.4 0.13728
90.5 0.20128
90.6 0.3744
90.7 0.35456
90.8 0.13312
90.9 0.12064
91 0.1248
91.1 0.12896
91.2 0.13728
91.3 0.14144
91.4 0.1248
91.5 0.14144
91.6 0.13728
91.7 0.13312
91.8 0.14144
91.9 0.13312
92 0.1456
92.1 0.21728
92.2 0.45088
92.3 0.35136
92.4 0.1664
92.5 0.1456
92.6 0.1664
92.7 0.16224
92.8 0.15808
92.9 0.15808
93 0.15808
93.1 0.17056
93.2 0.17472
93.3 0.17056
93.4 0.17056
93.5 0.1664
93.6 0.15392
93.7 0.14144
93.8 0.12896
93.9 0.16224
94 0.19552
94.1 0.39328
94.2 0.41952
94.3 0.22784
94.4 0.16224
94.5 0.13312
94.6 0.13312
94.7 0.13728
94.8 0.1664
94.9 0.13312
95 0.15808
95.1 0.14976
95.2 0.13728
95.3 0.15392
95.4 0.1456
95.5 0.17472
95.6 0.15392
95.7 0.1456
95.8 0.14144
95.9 0.15392
96 0.15808
96.1 0.13728
96.2 0.1456
96.3 0.15392
96.4 0.14144
96.5 0.1456
96.6 0.1456
96.7 0.14144
96.8 0.14976
96.9 0.1456
97 0.14144
97.1 0.14144
97.2 0.13728
97.3 0.1456
97.4 0.13728
97.5 0.13728
97.6 0.14144
97.7 0.12896
97.8 0.13728
97.9 0.13312
98 0.13312
98.1 0.13312
98.2 0.12896
98.3 0.13312
98.4 0.1248
98.5 0.12896
98.6 0.1248
98.7 0.13312
98.8 0.1248
98.9 0.14144
99 0.12896
99.1 0.13728
99.2 0.13312
99.3 0.12896
99.4 0.12896
99.5 0.12896
99.6 0.1248
99.7 0.12896
99.8 0.12896
99.9 0.1248
100 0.12896
