0.1 0.06272
0.2 0.10816
0.3 0.12064
0.4 0.13312
0.5 0.13728
0.6 0.13312
0.7 0.1456
0.8 0.1456
0.9 0.14144
1 0.1456
1.1 0.1456
1.2 0.1456
1.3 0.32704
1.4 0.4256
1.5 0.35712
1.6 0.14144
1.7 0.14976
1.8 0.15392
1.9 0.15808
2 0.15808
2.1 0.15808
2.2 0.16224
2.3 0.1664
2.4 0.16224
2.5 0.16224
2.6 0.16224
2.7 0.16224
2.8 0.16224
2.9 0.1664
3 0.16224
3.1 0.16224
3.2 0.16224
3.3 0.1664
3.4 0.16224
3.5 0.1664
3.6 0.16224
3.7 0.1664
3.8 0.1664
3.9 0.16224
4 0.1664
4.1 0.1664
4.2 0.1664
4.3 0.1664
4.4 0.1664
4.5 0.16224
4.6 0.1664
4.7 0.17056
4.8 0.16224
4.9 0.17056
5 0.16224
5.1 0.17056
5.2 0.16224
5.3 0.1664
5.4 0.1664
5.5 0.1664
5.6 0.1664
5.7 0.1664
5.8 0.1664
5.9 0.16224
6 0.17056
6.1 0.1664
6.2 0.1664
6.3 0.16224
6.4 0.1664
6.5 0.17056
6.6 0.1664
6.7 0.1664
6.8 0.1664
6.9 0.1664
7 0.17056
7.1 0.1664
7.2 0.1664
7.3 0.1664
7.4 0.17056
7.5 0.1664
7.6 0.1664
7.7 0.17056
7.8 0.1664
7.9 0.1664
8 0.17056
8.1 0.1664
8.2 0.1664
8.3 0.17056
8.4 0.1664
8.5 0.1664
8.6 0.1664
8.7 0.17056
8.8 0.1664
8.9 0.1664
9 0.17056
9.1 0.1664
9.2 0.17056
9.3 0.1664
9.4 0.1664
9.5 0.37792
9.6 0.39232
9.7 0.35616
9.8 0.1664
9.9 0.17056
10 0.1664
10.1 0.1664
10.2 0.1664
10.3 0.17056
10.4 0.1664
10.5 0.17056
10.6 0.1664
10.7 0.1664
10.8 0.1664
10.9 0.1664
11 0.1664
11.1 0.1664
11.2 0.16224
11.3 0.1664
11.4 0.1664
11.5 0.1664
11.6 0.16224
11.7 0.1664
11.8 0.16224
11.9 0.1664
12 0.16224
12.1 0.16224
12.2 0.17248
12.3 0.3792
12.4 0.36608
12.5 0.36288
12.6 0.16224
12.7 0.15808
12.8 0.16224
12.9 0.15808
13 0.16224
13.1 0.15808
13.2 0.16224
13.3 0.16224
13.4 0.15808
13.5 0.15808
13.6 0.15392
13.7 0.15808
13.8 0.15808
13.9 0.15392
14 0.15392
14.1 0.15392
14.2 0.14976
14.3 0.14976
14.4 0.1456
14.5 0.14976
14.6 0.1456
14.7 0.1456
14.8 0.14144
14.9 0.13728
15 0.17952
15.1 0.35488
15.2 0.36992
15.3 0.22912
15.4 0.13312
15.5 0.14144
15.6 0.13728
15.7 0.13728
15.8 0.13728
15.9 0.13728
16 0.13728
16.1 0.13728
16.2 0.12896
16.3 0.12896
16.4 0.12896
16.5 0.13312
16.6 0.12896
16.7 0.12896
16.8 0.13312
16.9 0.1248
17 0.12896
17.1 0.22304
17.2 0.35488
17.3 0.23744
17.4 0.12064
17.5 0.11648
17.6 0.11232
17.7 0.104
17.8 0.10816
17.9 0.11648
18 0.10816
18.1 0.10816
18.2 0.10816
18.3 0.104
18.4 0.10816
18.5 0.104
18.6 0.10816
18.7 0.104
18.8 0.19584
18.9 0.304
19 0.19168
19.1 0.11232
19.2 0.09984
19.3 0.104
19.4 0.09984
19.5 0.09984
19.6 0.09152
19.7 0.09984
19.8 0.0832
19.9 0.09568
20 0.09984
20.1 0.09152
20.2 0.09152
20.3 0.09152
20.4 0.09152
20.5 0.09152
20.6 0.08736
20.7 0.09152
20.8 0.13696
20.9 0.26144
21 0.14496
21.1 0.07488
21.2 0.0832
21.3 0.07904
21.4 0.07904
21.5 0.07488
21.6 0.07904
21.7 0.07488
21.8 0.07488
21.9 0.0832
22 0.07904
22.1 0.07488
22.2 0.07488
22.3 0.07488
22.4 0.07072
22.5 0.07488
22.6 0.07488
22.7 0.1168
22.8 0.19456
22.9 0.11744
23 0.0624
23.1 0.06656
23.2 0.05824
23.3 0.0624
23.4 0.0624
23.5 0.05824
23.6 0.06656
23.7 0.07456
23.8 0.15808
23.9 0.09376
24 0.07488
24.1 0.0624
24.2 0.04992
24.3 0.05824
24.4 0.05408
24.5 0.04992
24.6 0.04352
24.7 0.10336
24.8 0.08992
24.9 0.06816
25 0.05824
25.1 0.05408
25.2 0.04576
25.3 0.04576
25.4 0.03744
25.5 0.0416
25.6 0.08096
25.7 0.072
25.8 0.04288
25.9 0.02496
26 0.03328
26.1 0.03744
26.2 0.02912
26.3 0.02912
26.4 0.02496
26.5 0.0816
26.6 0.048
26.7 0.0416
26.8 0.03744
26.9 0.03744
27 0.03328
27.1 0.03328
27.2 0.02912
27.3 0.03744
27.4 0.02912
27.5 0.02912
27.6 0.03328
27.7 0.03328
27.8 0.02912
27.9 0.02912
28 0.02496
28.1 0.07008
28.2 0.05792
28.3 0.0208
28.4 0.0208
28.5 0.02496
28.6 0.0208
28.7 0.02496
28.8 0.02496
28.9 0.02496
29 0.02912
29.1 0.0208
29.2 0.02912
29.3 0.0208
29.4 0.02496
29.5 0.01664
29.6 0.024
29.7 0.0192
29.8 0.048
29.9 0.03584
30 0.03328
30.1 0.03328
30.2 0.02912
30.3 0.01664
30.4 0.02496
30.5 0.03328
30.6 0.01664
30.7 0.02912
30.8 0.02144
30.9 0.01152
31 0.03648
31.1 0.02432
31.2 0.02912
31.3 0.05984
31.4 0.02144
31.5 0.02912
31.6 0.02496
31.7 0.02912
31.8 0.01664
31.9 0.02496
32 0.02496
32.1 0.0208
32.2 0.0208
32.3 0.0208
32.4 0.00416
32.5 0.048
32.6 0.0384
32.7 0.02912
32.8 0.02912
32.9 0.0208
33 0.0208
33.1 0.0208
33.2 0.0208
33.3 0.02912
33.4 0.02496
33.5 0.02496
33.6 0.01664
33.7 0.02912
33.8 0.01248
33.9 0.0432
34 0.04736
34.1 0.01248
34.2 0.01664
34.3 0.0208
34.4 0.01248
34.5 0.01664
34.6 0.048
34.7 0.024
34.8 0.01664
34.9 0.02496
35 0.0208
35.1 0.01664
35.2 0.0208
35.3 0.01664
35.4 0.0208
35.5 0.0208
35.6 0.01664
35.7 0.01664
35.8 0.01664
35.9 0.01664
36 0.01664
36.1 0.01664
36.2 0.01664
36.3 0.01664
36.4 0.01248
36.5 0.01664
36.6 0.01248
36.7 0.01248
36.8 0.01664
36.9 0.01664
37 0.01248
37.1 0.01664
37.2 0.01248
37.3 0.01248
37.4 0.01248
37.5 0.01664
37.6 0.00832
37.7 0.01664
37.8 0.01248
37.9 0.01248
38 0.01856
38.1 0.0288
38.2 0.02336
38.3 0.01664
38.4 0.01664
38.5 0.0208
38.6 0.01664
38.7 0.0208
38.8 0.0208
38.9 0.01664
39 0.01664
39.1 0.01664
39.2 0.01664
39.3 0.0208
39.4 0.0208
39.5 0.01248
39.6 0.0208
39.7 0.01664
39.8 0.01664
39.9 0.01664
40 0.01664
40.1 0.01664
40.2 0.11648
40.3 0.104
40.4 0.08736
40.5 0.0624
40.6 0.05408
40.7 0.04992
40.8 0.04576
40.9 0.04992
41 0.0416
41.1 0.04992
41.2 0.0416
41.3 0.0416
41.4 0.04576
41.5 0.03744
41.6 0.0416
41.7 0.03744
41.8 0.0416
41.9 0.03744
42 0.0416
42.1 0.03744
42.2 0.04576
42.3 0.0416
42.4 0.0416
42.5 0.0416
42.6 0.04576
42.7 0.04992
42.8 0.04576
42.9 0.04992
43 0.04992
43.1 0.05408
43.2 0.05408
43.3 0.05408
43.4 0.0624
43.5 0.0624
43.6 0.06656
43.7 0.06656
43.8 0.06656
43.9 0.07072
44 0.07904
44.1 0.07488
44.2 0.07488
44.3 0.08736
44.4 0.08736
44.5 0.09152
44.6 0.09152
44.7 0.09568
44.8 0.09984
44.9 0.104
45 0.10816
45.1 0.10816
45.2 0.10816
45.3 0.11648
45.4 0.11648
45.5 0.1248
45.6 0.12064
45.7 0.1248
45.8 0.1248
45.9 0.11648
46 0.13728
46.1 0.1456
46.2 0.13728
46.3 0.13312
46.4 0.13728
46.5 0.14976
46.6 0.13728
46.7 0.13728
46.8 0.16224
46.9 0.13728
47 0.14976
47.1 0.15808
47.2 0.17408
47.3 0.44832
47.4 0.38912
47.5 0.32608
47.6 0.15808
47.7 0.15392
47.8 0.1456
47.9 0.15808
48 0.15808
48.1 0.14976
48.2 0.15392
48.3 0.15808
48.4 0.15808
48.5 0.15808
48.6 0.16224
48.7 0.15808
48.8 0.15392
48.9 0.16224
49 0.15808
49.1 0.16224
49.2 0.16224
49.3 0.15808
49.4 0.1664
49.5 0.15808
49.6 0.1664
49.7 0.16224
49.8 0.16224
49.9 0.1664
50 0.15808
50.1 0.1664
50.2 0.16224
50.3 0.16224
50.4 0.1664
50.5 0.16224
50.6 0.1664
50.7 0.1664
50.8 0.17056
50.9 0.1664
51 0.16224
51.1 0.16224
51.2 0.15808
51.3 0.1664
51.4 0.16224
51.5 0.16224
51.6 0.16224
51.7 0.1664
51.8 0.16224
51.9 0.16224
52 0.16224
52.1 0.17984
52.2 0.3744
52.3 0.27968
52.4 0.15808
52.5 0.15808
52.6 0.15808
52.7 0.15808
52.8 0.15392
52.9 0.15392
53 0.14976
53.1 0.15392
53.2 0.14976
53.3 0.14976
53.4 0.1456
53.5 0.14976
53.6 0.14144
53.7 0.14144
53.8 0.16864
53.9 0.37088
54 0.38912
54.1 0.31488
54.2 0.13728
54.3 0.14144
54.4 0.14144
54.5 0.13728
54.6 0.14144
54.7 0.13728
54.8 0.14144
54.9 0.13728
55 0.13312
55.1 0.12896
55.2 0.12896
55.3 0.1248
55.4 0.1248
55.5 0.13312
55.6 0.1248
55.7 0.1248
55.8 0.1248
55.9 0.1248
56 0.1248
56.1 0.1248
56.2 0.1248
56.3 0.12064
56.4 0.12064
56.5 0.30848
56.6 0.3648
56.7 0.12832
56.8 0.12896
56.9 0.12064
57 0.12064
57.1 0.12064
57.2 0.12064
57.3 0.11648
57.4 0.11648
57.5 0.11232
57.6 0.1248
57.7 0.11648
57.8 0.11648
57.9 0.11648
58 0.11648
58.1 0.11648
58.2 0.11232
58.3 0.11648
58.4 0.11232
58.5 0.22208
58.6 0.3344
58.7 0.2
58.8 0.12064
58.9 0.11648
59 0.104
59.1 0.10816
59.2 0.10816
59.3 0.10816
59.4 0.10816
59.5 0.09568
59.6 0.11232
59.7 0.104
59.8 0.104
59.9 0.104
60 0.09984
60.1 0.09984
60.2 0.09984
60.3 0.104
60.4 0.09984
60.5 0.11776
60.6 0.28384
60.7 0.21632
60.8 0.09984
60.9 0.09984
61 0.09984
61.1 0.09568
61.2 0.09984
61.3 0.09152
61.4 0.08736
61.5 0.08736
61.6 0.09568
61.7 0.09568
61.8 0.09152
61.9 0.08736
62 0.09152
62.1 0.08736
62.2 0.08736
62.3 0.08736
62.4 0.07904
62.5 0.09568
62.6 0.08736
62.7 0.0832
62.8 0.0832
62.9 0.0832
63 0.08736
63.1 0.07904
63.2 0.0832
63.3 0.11488
63.4 0.2432
63.5 0.15456
63.6 0.09152
63.7 0.0832
63.8 0.0832
63.9 0.07904
64 0.07904
64.1 0.07904
64.2 0.06656
64.3 0.07488
64.4 0.07488
64.5 0.07904
64.6 0.07072
64.7 0.07488
64.8 0.08704
64.9 0.19232
65 0.17632
65.1 0.14208
65.2 0.1776
65.3 0.1632
65.4 0.144
65.5 0.1248
65.6 0.1344
65.7 0.1344
65.8 0.1296
65.9 0.1152
66 0.03776
66.1 0
66.2 0
66.3 0.00832
66.4 0.03744
66.5 0.07904
66.6 0.06656
66.7 0.07072
66.8 0.06656
66.9 0.08736
67 0.0832
67.1 0.07488
67.2 0.07904
67.3 0.09152
67.4 0.07904
67.5 0.07904
67.6 0.09984
67.7 0.104
67.8 0.09568
67.9 0.09984
68 0.10816
68.1 0.12064
68.2 0.11648
68.3 0.12064
68.4 0.11648
68.5 0.12064
68.6 0.1248
68.7 0.12064
68.8 0.1248
68.9 0.12896
69 0.1248
69.1 0.13728
69.2 0.11648
69.3 0.34624
69.4 0.31616
69.5 0.12064
69.6 0.1248
69.7 0.14144
69.8 0.13312
69.9 0.13312
70 0.14144
70.1 0.14144
70.2 0.14144
70.3 0.13728
70.4 0.14144
70.5 0.14144
70.6 0.14144
70.7 0.1456
70.8 0.1456
70.9 0.13728
71 0.1456
71.1 0.14976
71.2 0.13728
71.3 0.15808
71.4 0.15392
71.5 0.14144
71.6 0.15808
71.7 0.15392
71.8 0.1456
71.9 0.15392
72 0.15392
72.1 0.1456
72.2 0.15808
72.3 0.14976
72.4 0.15392
72.5 0.15808
72.6 0.14976
72.7 0.14976
72.8 0.15808
72.9 0.15392
73 0.15808
73.1 0.15808
73.2 0.15392
73.3 0.15808
73.4 0.16224
73.5 0.14976
73.6 0.15808
73.7 0.15808
73.8 0.15808
73.9 0.16224
74 0.14976
74.1 0.16224
74.2 0.16224
74.3 0.15392
74.4 0.15808
74.5 0.16224
74.6 0.15808
74.7 0.16224
74.8 0.15808
74.9 0.15808
75 0.16224
75.1 0.16224
75.2 0.15808
75.3 0.15808
75.4 0.16224
75.5 0.15808
75.6 0.16224
75.7 0.15808
75.8 0.16224
75.9 0.15392
76 0.1664
76.1 0.15808
76.2 0.16224
76.3 0.15808
76.4 0.16224
76.5 0.16224
76.6 0.17056
76.7 0.1664
76.8 0.1664
76.9 0.17472
77 0.15808
77.1 0.15808
77.2 0.16224
77.3 0.15808
77.4 0.15808
77.5 0.20768
77.6 0.3968
77.7 0.41344
77.8 0.21504
77.9 0.14976
78 0.1456
78.1 0.14976
78.2 0.1456
78.3 0.1456
78.4 0.14144
78.5 0.14144
78.6 0.13728
78.7 0.13728
78.8 0.13792
78.9 0.35392
79 0.37216
79.1 0.13792
79.2 0.1456
79.3 0.13728
79.4 0.13312
79.5 0.13728
79.6 0.13728
79.7 0.13312
79.8 0.13312
79.9 0.12896
80 0.1248
80.1 0.1248
80.2 0.12064
80.3 0.12896
80.4 0.1248
80.5 0.1248
80.6 0.1248
80.7 0.12064
80.8 0.12064
80.9 0.1248
81 0.12064
81.1 0.12064
81.2 0.11648
81.3 0.2208
81.4 0.33184
81.5 0.12288
81.6 0.11232
81.7 0.11648
81.8 0.11232
81.9 0.11648
82 0.11648
82.1 0.11648
82.2 0.11232
82.3 0.10816
82.4 0.11232
82.5 0.11232
82.6 0.11232
82.7 0.11232
82.8 0.10816
82.9 0.10816
83 0.10816
83.1 0.10816
83.2 0.21152
83.3 0.26528
83.4 0.23104
83.5 0.19456
83.6 0.09984
83.7 0.09568
83.8 0.09568
83.9 0.09568
84 0.09568
84.1 0.09568
84.2 0.09152
84.3 0.09152
84.4 0.08736
84.5 0.09984
84.6 0.09152
84.7 0.09568
84.8 0.09152
84.9 0.08736
85 0.09152
85.1 0.16416
85.2 0.22848
85.3 0.17888
85.4 0.09536
85.5 0.09984
85.6 0.0832
85.7 0.0624
85.8 0.08736
85.9 0.07904
86 0.07904
86.1 0.07904
86.2 0.07904
86.3 0.07488
86.4 0.07488
86.5 0.07904
86.6 0.07488
86.7 0.10368
86.8 0.23712
86.9 0.10624
87 0.06656
87.1 0.06656
87.2 0.0624
87.3 0.06656
87.4 0.06656
87.5 0.0624
87.6 0.0624
87.7 0.05408
87.8 0.168
87.9 0.09696
88 0.04576
88.1 0.05408
88.2 0.05408
88.3 0.05408
88.4 0.05408
88.5 0.05408
88.6 0.04992
88.7 0.04992
88.8 0.05408
88.9 0.05824
89 0.05408
89.1 0.04992
89.2 0.04992
89.3 0.04992
89.4 0.05408
89.5 0.04992
89.6 0.03904
89.7 0.1216
89.8 0.07296
89.9 0.072
90 0.0624
90.1 0.05408
90.2 0.05408
90.3 0.04576
90.4 0.0416
90.5 0.02912
90.6 0.0912
90.7 0.0528
90.8 0.05792
90.9 0.04992
91 0.04992
91.1 0.04576
91.2 0.03328
91.3 0.03328
91.4 0.04576
91.5 0.03328
91.6 0.03744
91.7 0.03744
91.8 0.03328
91.9 0.03744
92 0.06112
92.1 0.03456
92.2 0.04256
92.3 0.01632
92.4 0.02176
92.5 0.06144
92.6 0.024
92.7 0.024
92.8 0.0288
92.9 0.0384
93 0.0288
93.1 0.00416
93.2 0
93.3 0.00416
93.4 0.00416
93.5 0.00832
93.6 0.01664
93.7 0.02912
93.8 0.04576
93.9 0.01248
94 0.04992
94.1 0.06784
94.2 0.08512
94.3 0.08448
94.4 0.04256
94.5 0.10368
94.6 0.1088
94.7 0.08704
94.8 0.02176
94.9 0.10464
95 0.04864
95.1 0.06688
95.2 0.09248
95.3 0.04896
95.4 0.07008
95.5 0
95.6 0.01664
95.7 0.02912
95.8 0.03328
95.9 0.01664
96 0.01664
96.1 0.03744
96.2 0.02912
96.3 0.01664
96.4 0.03328
96.5 0.02496
96.6 0.02496
96.7 0.03744
96.8 0.0208
96.9 0.02496
97 0.03328
97.1 0.03328
97.2 0.03328
97.3 0.02912
97.4 0.03328
97.5 0.03744
97.6 0.03328
97.7 0.0416
97.8 0.03744
97.9 0.03744
98 0.04576
98.1 0.03744
98.2 0.04576
98.3 0.03744
98.4 0.04992
98.5 0.0416
98.6 0.04992
98.7 0.06944
98.8 0.12672
98.9 0.08832
99 0.05184
99.1 0.03744
99.2 0.03744
99.3 0.04576
99.4 0.04576
99.5 0.0416
99.6 0.04992
99.7 0.0416
99.8 0.04576
99.9 0.04992
100 0.05408
