0.1 6.72864
0.2 11.52
0.3 8.64
0.4 8.04
0.5 8.4
0.6 8.04
0.7 8.52
0.8 8.88
0.9 8.76
1 8.88
1.1 8.52
1.2 8.88
1.3 4.68
1.4 7.92
1.5 8.04
1.6 8.28
1.7 8.88
1.8 9.36
1.9 9.36
2 9.12
2.1 9.6
2.2 9.6
2.3 9.6
2.4 9.48
2.5 9.6
2.6 9.48
2.7 9.84
2.8 9.48
2.9 9.6
3 9.48
3.1 9.48
3.2 9.48
3.3 9.48
3.4 9.48
3.5 9.96
3.6 9.48
3.7 9.72
3.8 9.36
3.9 9.72
4 9.72
4.1 9.6
4.2 9.72
4.3 9.6
4.4 9.72
4.5 9.36
4.6 9.84
4.7 9.48
4.8 9.84
4.9 9.6
5 9.36
5.1 9.6
5.2 9.6
5.3 9.6
5.4 9.6
5.5 9.6
5.6 9.36
5.7 9.84
5.8 9.6
5.9 9.6
6 9.6
6.1 9.36
6.2 9.84
6.3 9.6
6.4 9.36
6.5 9.6
6.6 9.84
6.7 9.6
6.8 9.6
6.9 9.6
7 9.6
7.1 9.84
7.2 9.6
7.3 9.6
7.4 9.84
7.5 9.72
7.6 9.6
7.7 9.84
7.8 9.72
7.9 9.6
8 9.84
8.1 9.72
8.2 9.6
8.3 9.72
8.4 9.96
8.5 9.6
8.6 9.72
8.7 9.72
8.8 9.96
8.9 9.72
9 9.96
9.1 9.72
9.2 9.72
9.3 9.96
9.4 9.84
9.5 4.92
9.6 9.72
9.7 9.72
9.8 10.2
9.9 9.84
10 9.96
10.1 9.84
10.2 9.84
10.3 10.08
10.4 9.84
10.5 10.08
10.6 9.84
10.7 9.72
10.8 9.84
10.9 9.72
11 9.84
11.1 9.72
11.2 9.72
11.3 9.48
11.4 9.72
11.5 9.48
11.6 9.96
11.7 9.48
11.8 9.48
11.9 9.36
12 9.72
12.1 9.48
12.2 9.36
12.3 4.92
12.4 9.12
12.5 9.48
12.6 9.48
12.7 9.36
12.8 9.48
12.9 9.6
13 9.24
13.1 9.48
13.2 9.24
13.3 9.48
13.4 9.24
13.5 9.24
13.6 9.24
13.7 8.88
13.8 9.36
13.9 8.88
14 9
14.1 9
14.2 8.64
14.3 8.76
14.4 8.64
14.5 8.52
14.6 8.4
14.7 8.4
14.8 8.16
14.9 8.28
15 7.8
15.1 4.08
15.2 7.8
15.3 8.28
15.4 7.92
15.5 8.16
15.6 8.28
15.7 8.16
15.8 7.92
15.9 8.28
16 8.16
16.1 8.04
16.2 7.68
16.3 7.56
16.4 7.56
16.5 7.68
16.6 7.8
16.7 7.56
16.8 7.56
16.9 7.68
17 7.56
17.1 6.48
17.2 4.44
17.3 6.48
17.4 7.32
17.5 6.6
17.6 6.6
17.7 6.36
17.8 6.12
17.9 6.84
18 6.6
18.1 6.12
18.2 6.24
18.3 6.36
18.4 6.36
18.5 6.12
18.6 6
18.7 6.12
18.8 4.56
18.9 4.68
19 5.16
19.1 6.12
19.2 6.6
19.3 6.12
19.4 5.76
19.5 5.64
19.6 5.64
19.7 5.88
19.8 4.8
19.9 5.64
20 5.64
20.1 5.64
20.2 5.28
20.3 5.4
20.4 5.28
20.5 5.4
20.6 5.04
20.7 5.28
20.8 3.72
20.9 4.2
21 4.2
21.1 4.44
21.2 4.92
21.3 4.44
21.4 4.92
21.5 4.56
21.6 4.68
21.7 4.44
21.8 4.08
21.9 4.92
22 4.56
22.1 4.44
22.2 4.32
22.3 4.44
22.4 4.32
22.5 4.32
22.6 4.08
22.7 2.88
22.8 3.36
22.9 3.24
23 3.96
23.1 3.84
23.2 3.48
23.3 3.96
23.4 3.84
23.5 3.48
23.6 3.6
23.7 1.56
23.8 3.6
23.9 2.52
24 4.2
24.1 3.6
24.2 3.24
24.3 3.48
24.4 2.88
24.5 3
24.6 2.4
24.7 2.04
24.8 1.92
24.9 2.76
25 3.48
25.1 3.12
25.2 2.76
25.3 2.64
25.4 2.52
25.5 1.92
25.6 1.8
25.7 1.8
25.8 1.8
25.9 1.8
26 1.92
26.1 2.28
26.2 1.68
26.3 1.92
26.4 1.56
26.5 1.44
26.6 1.44
26.7 2.16
26.8 2.28
26.9 2.16
27 1.92
27.1 2.04
27.2 1.92
27.3 1.92
27.4 1.8
27.5 1.68
27.6 2.16
27.7 1.68
27.8 1.68
27.9 1.92
28 1.44
28.1 0.84
28.2 1.32
28.3 1.56
28.4 1.32
28.5 1.56
28.6 1.2
28.7 1.56
28.8 1.2
28.9 1.56
29 1.68
29.1 1.56
29.2 1.44
29.3 1.44
29.4 1.44
29.5 1.08
29.6 0.72
29.7 0.48
29.8 1.32
29.9 1.92
30 1.92
30.1 2.04
30.2 1.56
30.3 0.84
30.4 1.92
30.5 1.8
30.6 0.96
30.7 1.92
30.8 1.08
30.9 0.48
31 0.6
31.1 0.72
31.2 0.6
31.3 1.32
31.4 1.8
31.5 1.68
31.6 1.44
31.7 1.56
31.8 0.96
31.9 1.68
32 1.56
32.1 0.96
32.2 1.44
32.3 1.2
32.4 0.24
32.5 1.32
32.6 0.84
32.7 1.08
32.8 2.04
32.9 1.44
33 1.32
33.1 1.2
33.2 1.56
33.3 1.68
33.4 1.32
33.5 1.44
33.6 0.96
33.7 1.68
33.8 1.08
33.9 0.84
34 1.08
34.1 0.72
34.2 1.08
34.3 1.08
34.4 0.72
34.5 1.2
34.6 0.6
34.7 0.72
34.8 0.84
34.9 1.44
35 1.44
35.1 0.72
35.2 1.32
35.3 1.2
35.4 1.2
35.5 0.96
35.6 1.2
35.7 0.96
35.8 0.96
35.9 0.72
36 0.96
36.1 0.96
36.2 0.96
36.3 0.96
36.4 0.96
36.5 0.72
36.6 0.96
36.7 0.72
36.8 0.96
36.9 0.96
37 0.72
37.1 0.72
37.2 0.96
37.3 0.48
37.4 0.96
37.5 0.72
37.6 0.72
37.7 0.96
37.8 0.84
37.9 0.72
38 0.6
38.1 0.6
38.2 0.72
38.3 0.96
38.4 0.96
38.5 1.08
38.6 1.2
38.7 1.32
38.8 0.96
38.9 0.96
39 0.96
39.1 1.32
39.2 0.96
39.3 1.2
39.4 0.72
39.5 0.96
39.6 1.44
39.7 0.96
39.8 0.72
39.9 1.2
40 0.72
40.1 0.72
40.2 6.24
40.3 6.72
40.4 5.04
40.5 3.36
40.6 3.12
40.7 3.12
40.8 2.64
40.9 2.88
41 2.76
41.1 2.64
41.2 2.4
41.3 2.4
41.4 2.4
41.5 2.4
41.6 2.4
41.7 2.16
41.8 2.4
41.9 2.16
42 2.4
42.1 2.28
42.2 2.64
42.3 2.28
42.4 2.64
42.5 2.52
42.6 2.88
42.7 2.52
42.8 2.64
42.9 3.24
43 3
43.1 3.24
43.2 3.24
43.3 3.24
43.4 3.48
43.5 3.72
43.6 3.96
43.7 4.08
43.8 4.2
43.9 4.32
44 4.44
44.1 4.56
44.2 4.8
44.3 4.92
44.4 5.28
44.5 5.52
44.6 5.64
44.7 5.76
44.8 6
44.9 6.24
45 6.48
45.1 6.6
45.2 6.48
45.3 6.84
45.4 7.32
45.5 7.32
45.6 7.44
45.7 7.56
45.8 7.2
45.9 7.32
46 8.52
46.1 8.64
46.2 8.4
46.3 7.68
46.4 8.88
46.5 9.12
46.6 8.16
46.7 8.64
46.8 9.72
46.9 8.52
47 9.48
47.1 9.48
47.2 8.76
47.3 5.04
47.4 8.28
47.5 8.76
47.6 9
47.7 8.88
47.8 9
47.9 9.6
48 9.12
48.1 8.88
48.2 9.12
48.3 9.6
48.4 9
48.5 9.36
48.6 9.48
48.7 9.36
48.8 9.24
48.9 9.6
49 8.76
49.1 9.72
49.2 9.6
49.3 9.48
49.4 9.48
49.5 9.12
49.6 9.84
49.7 9.36
49.8 9.48
49.9 9.36
50 9.24
50.1 9.96
50.2 9.36
50.3 9.48
50.4 9.36
50.5 9.72
50.6 9.6
50.7 9.84
50.8 9.72
50.9 9.6
51 9.36
51.1 9.36
51.2 9.36
51.3 9.36
51.4 9.36
51.5 9.36
51.6 9.6
51.7 9.36
51.8 9.36
51.9 9.36
52 9.36
52.1 9.12
52.2 4.68
52.3 9.24
52.4 9.36
52.5 9.24
52.6 9.36
52.7 9.36
52.8 9.12
52.9 9.12
53 9.12
53.1 8.88
53.2 8.88
53.3 8.64
53.4 8.76
53.5 8.52
53.6 8.28
53.7 8.64
53.8 8.16
53.9 4.08
54 8.04
54.1 8.4
54.2 7.92
54.3 8.16
54.4 8.28
54.5 8.04
54.6 8.4
54.7 8.28
54.8 8.28
54.9 7.8
55 7.92
55.1 7.56
55.2 7.56
55.3 7.32
55.4 7.2
55.5 7.56
55.6 7.56
55.7 7.2
55.8 7.32
55.9 7.2
56 7.32
56.1 7.2
56.2 7.2
56.3 7.08
56.4 7.2
56.5 3.36
56.6 7.44
56.7 6.36
56.8 7.68
56.9 7.44
57 6.84
57.1 7.2
57.2 6.84
57.3 7.44
57.4 6.84
57.5 6.36
57.6 7.44
57.7 6.84
57.8 7.08
57.9 6.96
58 6.6
58.1 6.84
58.2 6.6
58.3 6.84
58.4 6.84
58.5 4.92
58.6 5.04
58.7 5.64
58.8 7.08
58.9 6.84
59 6
59.1 6.72
59.2 6.24
59.3 6.24
59.4 6.24
59.5 5.88
59.6 6.36
59.7 6.24
59.8 6.12
59.9 5.88
60 6
60.1 5.88
60.2 5.76
60.3 5.88
60.4 5.76
60.5 5.16
60.6 3.6
60.7 5.16
60.8 5.4
60.9 6.36
61 5.88
61.1 5.64
61.2 5.64
61.3 5.52
61.4 5.16
61.5 5.16
61.6 5.52
61.7 5.4
61.8 5.52
61.9 5.16
62 5.28
62.1 5.16
62.2 5.04
62.3 5.04
62.4 4.56
62.5 5.4
62.6 5.04
62.7 5.04
62.8 5.04
62.9 4.56
63 5.04
63.1 4.8
63.2 4.56
63.3 3.84
63.4 3.48
63.5 3.72
63.6 4.92
63.7 5.52
63.8 5.16
63.9 4.8
64 4.44
64.1 4.68
64.2 3.96
64.3 4.44
64.4 4.44
64.5 4.68
64.6 4.2
64.7 4.44
64.8 4.44
64.9 2.52
65 3.12
65.1 2.64
65.2 4.44
65.3 3.96
65.4 3.48
65.5 3.24
65.6 3.36
65.7 3.48
65.8 2.76
65.9 0
66 0.12
66.1 0
66.2 0
66.3 0.72
66.4 2.88
66.5 8.04
66.6 3.84
66.7 4.56
66.8 3.96
66.9 5.88
67 4.44
67.1 4.56
67.2 4.56
67.3 6
67.4 4.56
67.5 4.8
67.6 6
67.7 6.36
67.8 5.76
67.9 6.12
68 6.48
68.1 7.08
68.2 7.32
68.3 7.08
68.4 7.08
68.5 7.56
68.6 7.2
68.7 7.56
68.8 7.56
68.9 7.32
69 7.8
69.1 8.16
69.2 7.32
69.3 4.68
69.4 7.32
69.5 7.56
69.6 7.2
69.7 8.28
69.8 7.92
69.9 8.16
70 8.4
70.1 8.28
70.2 7.92
70.3 8.52
70.4 8.4
70.5 8.04
70.6 8.64
70.7 8.52
70.8 8.52
70.9 7.8
71 8.76
71.1 8.76
71.2 8.04
71.3 8.88
71.4 9
71.5 8.52
71.6 8.88
71.7 9
71.8 8.52
71.9 9.12
72 8.52
72.1 8.88
72.2 9.12
72.3 8.4
72.4 9
72.5 9.12
72.6 8.64
72.7 8.88
72.8 9.12
72.9 8.4
73 9.36
73.1 9.36
73.2 8.64
73.3 9.12
73.4 9.36
73.5 8.88
73.6 9.12
73.7 8.88
73.8 9.12
73.9 9.36
74 8.88
74.1 9.12
74.2 9.36
74.3 8.88
74.4 9.36
74.5 9.12
74.6 9.12
74.7 9.36
74.8 9.36
74.9 9.12
75 9.12
75.1 9.48
75.2 9.12
75.3 9.36
75.4 9.12
75.5 9.24
75.6 9.12
75.7 9.72
75.8 9.12
75.9 9.24
76 9.36
76.1 9.24
76.2 9.48
76.3 9.24
76.4 9.36
76.5 9.48
76.6 9.96
76.7 9.72
76.8 9.84
76.9 9.96
77 9.48
77.1 9.48
77.2 9.36
77.3 9.24
77.4 9.36
77.5 8.76
77.6 4.8
77.7 8.64
77.8 9.24
77.9 8.88
78 8.88
78.1 8.76
78.2 8.64
78.3 8.64
78.4 8.64
78.5 8.04
78.6 8.4
78.7 8.16
78.8 7.8
78.9 4.2
79 8.04
79.1 7.68
79.2 8.28
79.3 8.28
79.4 7.8
79.5 7.92
79.6 7.92
79.7 7.92
79.8 7.92
79.9 7.44
80 7.32
80.1 7.32
80.2 7.2
80.3 7.32
80.4 7.32
80.5 7.2
80.6 7.08
80.7 7.2
80.8 7.32
80.9 6.96
81 6.96
81.1 7.32
81.2 6.48
81.3 6
81.4 5.04
81.5 6
81.6 6.96
81.7 6.96
81.8 6.6
81.9 6.84
82 6.96
82.1 6.84
82.2 6.72
82.3 6.36
82.4 6.6
82.5 6.84
82.6 6.6
82.7 6.36
82.8 6.48
82.9 6.24
83 6.6
83.1 6.12
83.2 5.04
83.3 4.08
83.4 4.8
83.5 6.24
83.6 5.88
83.7 5.64
83.8 5.64
83.9 5.64
84 5.4
84.1 5.64
84.2 5.64
84.3 5.52
84.4 4.92
84.5 5.64
84.6 5.52
84.7 5.64
84.8 5.4
84.9 5.04
85 5.4
85.1 3.96
85.2 3.6
85.3 4.08
85.4 4.68
85.5 5.76
85.6 4.68
85.7 4.2
85.8 4.8
85.9 4.68
86 4.68
86.1 4.56
86.2 4.68
86.3 4.44
86.4 4.32
86.5 4.68
86.6 4.68
86.7 2.88
86.8 3.72
86.9 3.24
87 3.96
87.1 4.2
87.2 3.36
87.3 3.96
87.4 3.84
87.5 3.72
87.6 3.96
87.7 3.12
87.8 2.88
87.9 2.76
88 3
88.1 3.24
88.2 3.12
88.3 3.24
88.4 3.12
88.5 3.24
88.6 2.88
88.7 2.76
88.8 3.36
88.9 3.36
89 2.88
89.1 3.24
89.2 2.88
89.3 2.88
89.4 2.88
89.5 2.88
89.6 1.92
89.7 1.92
89.8 1.92
89.9 3
90 3.72
90.1 3.48
90.2 3.24
90.3 2.76
90.4 2.52
90.5 1.92
90.6 1.92
90.7 1.44
90.8 2.52
90.9 3
91 2.88
91.1 2.52
91.2 1.92
91.3 2.28
91.4 2.4
91.5 1.92
91.6 2.4
91.7 2.04
91.8 1.92
91.9 2.16
92 1.56
92.1 0.48
92.2 0.84
92.3 0.12
92.4 0.72
92.5 1.2
92.6 0.6
92.7 0.6
92.8 0.6
92.9 0.84
93 0.48
93.1 0.12
93.2 0
93.3 0.24
93.4 0.48
93.5 0.96
93.6 1.8
93.7 2.52
93.8 3.24
93.9 0.84
94 3.6
94.1 0.6
94.2 2.04
94.3 1.56
94.4 0.84
94.5 2.4
94.6 2.4
94.7 1.44
94.8 0.96
94.9 2.28
95 0.72
95.1 1.56
95.2 1.8
95.3 0.6
95.4 0.96
95.5 0
95.6 1.56
95.7 1.92
95.8 1.8
95.9 0.96
96 1.32
96.1 2.28
96.2 1.2
96.3 1.08
96.4 2.52
96.5 1.2
96.6 1.56
96.7 1.92
96.8 1.56
96.9 1.8
97 1.68
97.1 2.04
97.2 2.28
97.3 1.32
97.4 2.52
97.5 1.92
97.6 2.04
97.7 2.28
97.8 2.52
97.9 2.28
98 2.76
98.1 2.04
98.2 2.76
98.3 2.52
98.4 2.76
98.5 2.76
98.6 2.76
98.7 2.4
98.8 2.04
98.9 1.92
99 2.64
99.1 2.28
99.2 2.16
99.3 3.12
99.4 2.4
99.5 2.52
99.6 3
99.7 2.4
99.8 2.76
99.9 2.88
100 2.76
