0.1 6.48864
0.2 4.08
0.3 2.88
0.4 2.4
0.5 1.68
0.6 1.8
0.7 1.68
0.8 1.8
0.9 1.68
1 1.68
1.1 1.8
1.2 1.68
1.3 1.8
1.4 1.68
1.5 1.8
1.6 1.2
1.7 0.84
1.8 0.96
1.9 0.96
2 0.72
2.1 0.6
2.2 0.6
2.3 0.6
2.4 0.6
2.5 0.6
2.6 0.6
2.7 0.6
2.8 0.6
2.9 0.6
3 0.6
3.1 0.6
3.2 0.6
3.3 0.48
3.4 0.24
3.5 0.72
3.6 0.48
3.7 0.36
3.8 0.6
3.9 0.36
4 0.36
4.1 0.48
4.2 0.36
4.3 0.48
4.4 0.24
4.5 0.6
4.6 0.24
4.7 0.48
4.8 0.48
4.9 0.36
5 0.36
5.1 0.36
5.2 0.48
5.3 0.48
5.4 0.36
5.5 0.36
5.6 0.36
5.7 0.36
5.8 0.48
5.9 0.36
6 0.36
6.1 0.48
6.2 0.36
6.3 0.36
6.4 0.48
6.5 0.36
6.6 0.24
6.7 0.36
6.8 0.36
6.9 0.24
7 0.36
7.1 0.24
7.2 0.36
7.3 0.36
7.4 0.36
7.5 0.24
7.6 0.36
7.7 0.24
7.8 0.36
7.9 0.36
8 0.36
8.1 0.24
8.2 0.24
8.3 0.36
8.4 0.36
8.5 0.36
8.6 0.36
8.7 0.24
8.8 0.24
8.9 0.36
9 0.24
9.1 0.36
9.2 0.24
9.3 0.24
9.4 0.36
9.5 0.24
9.6 0.36
9.7 0.24
9.8 0.24
9.9 0.48
10 0.36
10.1 0.24
10.2 0.24
10.3 0.36
10.4 0.36
10.5 0.36
10.6 0.36
10.7 0.36
10.8 0.36
10.9 0.48
11 0.48
11.1 0.36
11.2 0.48
11.3 0.48
11.4 0.48
11.5 0.48
11.6 0.48
11.7 0.6
11.8 0.6
11.9 0.6
12 0.48
12.1 0.6
12.2 0.6
12.3 0.48
12.4 0.6
12.5 0.72
12.6 0.72
12.7 0.84
12.8 0.72
12.9 0.72
13 0.72
13.1 0.72
13.2 0.72
13.3 0.96
13.4 0.84
13.5 0.96
13.6 1.08
13.7 0.96
13.8 1.08
13.9 1.2
14 1.32
14.1 1.32
14.2 1.32
14.3 1.56
14.4 1.56
14.5 1.68
14.6 1.68
14.7 1.92
14.8 2.04
14.9 2.04
15 2.16
15.1 1.44
15.2 2.16
15.3 2.04
15.4 2.16
15.5 2.04
15.6 2.16
15.7 2.04
15.8 2.16
15.9 2.04
16 2.4
16.1 2.64
16.2 2.64
16.3 2.88
16.4 1.92
16.5 2.64
16.6 2.64
16.7 2.64
16.8 2.76
16.9 2.64
17 2.64
17.1 2.76
17.2 2.64
17.3 3.24
17.4 3.36
17.5 3.84
17.6 4.2
17.7 3.72
17.8 3.12
17.9 3.96
18 3.96
18.1 3.96
18.2 3.96
18.3 3.96
18.4 3.96
18.5 3.96
18.6 4.56
18.7 4.56
18.8 3.12
18.9 4.32
19 2.64
19.1 4.32
19.2 4.44
19.3 4.56
19.4 4.56
19.5 4.56
19.6 4.92
19.7 5.52
19.8 3.48
19.9 4.68
20 4.92
20.1 4.92
20.2 4.8
20.3 4.92
20.4 4.92
20.5 4.8
20.6 5.76
20.7 5.04
20.8 3.96
20.9 5.52
21 5.4
21.1 5.52
21.2 5.52
21.3 5.52
21.4 5.52
21.5 5.52
21.6 6.96
21.7 4.68
21.8 5.16
21.9 5.88
22 5.88
22.1 5.88
22.2 5.88
22.3 6
22.4 5.88
22.5 6.36
22.6 6.96
22.7 4.44
22.8 6.6
22.9 6.6
23 6.72
23.1 6.72
23.2 6.72
23.3 6.72
23.4 6.72
23.5 7.8
23.6 6.72
23.7 5.76
23.8 7.56
23.9 3.12
24 7.56
24.1 7.56
24.2 7.68
24.3 7.56
24.4 8.16
24.5 8.76
24.6 5.76
24.7 8.04
24.8 4.68
24.9 6.24
25 8.04
25.1 8.16
25.2 8.04
25.3 8.88
25.4 8.76
25.5 6.6
25.6 8.04
25.7 8.04
25.8 8.16
25.9 8.16
26 8.28
26.1 8.16
26.2 9.6
26.3 7.92
26.4 7.2
26.5 8.52
26.6 3.72
26.7 7.8
26.8 8.52
26.9 8.64
27 9
27.1 9.48
27.2 7.08
27.3 8.52
27.4 8.64
27.5 8.52
27.6 8.52
27.7 8.52
27.8 9.48
27.9 8.4
28 7.44
28.1 8.52
28.2 8.64
28.3 8.64
28.4 8.76
28.5 8.64
28.6 10.32
28.7 7.68
28.8 8.28
28.9 8.88
29 8.88
29.1 8.76
29.2 8.88
29.3 8.76
29.4 11.04
29.5 6.72
29.6 9.24
29.7 9.36
29.8 2.52
29.9 9.36
30 9.36
30.1 10.32
30.2 9.12
30.3 8.64
30.4 9.36
30.5 9.36
30.6 9.36
30.7 9.36
30.8 10.2
30.9 7.92
31 8.64
31.1 9.36
31.2 3
31.3 9.48
31.4 9.36
31.5 10.56
31.6 9.24
31.7 8.64
31.8 9.36
31.9 9.48
32 9.36
32.1 9.48
32.2 10.44
32.3 8.4
32.4 8.52
32.5 9.12
32.6 4.44
32.7 7.32
32.8 9.12
32.9 10.44
33 8.52
33.1 8.52
33.2 9.24
33.3 9.24
33.4 9.12
33.5 9.24
33.6 10.32
33.7 8.64
33.8 8.52
33.9 9
34 9
34.1 9.12
34.2 9
34.3 10.2
34.4 8.64
34.5 8.64
34.6 9.12
34.7 5.4
34.8 6.72
34.9 9.24
35 10.32
35.1 8.76
35.2 8.52
35.3 9.24
35.4 9.24
35.5 9.12
35.6 9.24
35.7 10.44
35.8 8.4
35.9 8.88
36 9.24
36.1 9.24
36.2 9.36
36.3 9.24
36.4 10.68
36.5 8.16
36.6 9
36.7 9.36
36.8 9.36
36.9 9.48
37 9.36
37.1 10.92
37.2 7.92
37.3 9.24
37.4 9.36
37.5 9.48
37.6 9.36
37.7 9.36
37.8 11.16
37.9 7.2
38 9.36
38.1 9.36
38.2 3
38.3 9.48
38.4 9.36
38.5 11.28
38.6 7.44
38.7 9.36
38.8 9.48
38.9 9.36
39 9.36
39.1 9.36
39.2 11.4
39.3 7.44
39.4 9.24
39.5 9.12
39.6 9.24
39.7 9.12
39.8 9.24
39.9 11.04
40 3.24
40.1 0.12
40.2 2.16
40.3 1.92
40.4 6.12
40.5 7.32
40.6 7.2
40.7 7.8
40.8 6.72
40.9 7.56
41 7.44
41.1 7.56
41.2 7.92
41.3 7.2
41.4 7.8
41.5 7.68
41.6 7.8
41.7 8.04
41.8 7.32
41.9 7.92
42 7.8
42.1 7.68
42.2 7.8
42.3 7.32
42.4 7.68
42.5 7.44
42.6 7.56
42.7 7.32
42.8 6.84
42.9 7.32
43 7.08
43.1 6.84
43.2 6.96
43.3 6.48
43.4 6.72
43.5 6.6
43.6 6.12
43.7 5.64
43.8 6
43.9 5.88
44 5.76
44.1 5.52
44.2 5.28
44.3 5.28
44.4 4.68
44.5 4.68
44.6 4.56
44.7 3.96
44.8 4.2
44.9 3.72
45 4.08
45.1 3.84
45.2 3.6
45.3 3.12
45.4 3.12
45.5 3
45.6 2.88
45.7 2.76
45.8 3.24
45.9 2.16
46 2.04
46.1 1.8
46.2 2.16
46.3 2.64
46.4 1.68
46.5 1.32
46.6 2.28
46.7 1.2
46.8 1.08
46.9 2.16
47 0.96
47.1 1.2
47.2 1.56
47.3 0.84
47.4 2.16
47.5 0.48
47.6 1.08
47.7 1.56
47.8 0.96
47.9 0.96
48 0.96
48.1 1.44
48.2 0.84
48.3 0.6
48.4 1.2
48.5 0.84
48.6 0.6
48.7 0.96
48.8 0.84
48.9 0.6
49 1.2
49.1 0.24
49.2 0.72
49.3 0.6
49.4 0.6
49.5 0.72
49.6 0.48
49.7 0.72
49.8 0.6
49.9 0.48
50 0.84
50.1 0.24
50.2 0.6
50.3 0.48
50.4 0.6
50.5 0.12
50.6 0.48
50.7 0
50.8 0.72
50.9 0.72
51 0.6
51.1 0.72
51.2 0.48
51.3 0.6
51.4 0.6
51.5 0.6
51.6 0.6
51.7 0.48
51.8 0.72
51.9 0.72
52 0.72
52.1 0.72
52.2 0.84
52.3 0.84
52.4 0.96
52.5 0.96
52.6 0.96
52.7 1.2
52.8 1.08
52.9 1.32
53 1.32
53.1 1.32
53.2 1.44
53.3 1.56
53.4 1.8
53.5 1.68
53.6 1.92
53.7 1.92
53.8 2.04
53.9 1.44
54 1.92
54.1 2.04
54.2 1.92
54.3 1.92
54.4 1.92
54.5 2.04
54.6 1.92
54.7 1.92
54.8 2.28
54.9 2.52
55 2.52
55.1 2.76
55.2 3
55.3 2.76
55.4 2.28
55.5 2.88
55.6 2.76
55.7 2.88
55.8 2.88
55.9 2.88
56 2.88
56.1 2.76
56.2 3
56.3 3.48
56.4 2.52
56.5 2.76
56.6 3.12
56.7 2.28
56.8 3.12
56.9 3.24
57 3.24
57.1 3.12
57.2 3.24
57.3 3.6
57.4 3.6
57.5 2.52
57.6 3.48
57.7 3.36
57.8 3.48
57.9 3.36
58 3.48
58.1 3.48
58.2 3.36
58.3 3.96
58.4 3.84
58.5 2.64
58.6 3.72
58.7 2.4
58.8 3.84
58.9 3.96
59 3.84
59.1 3.84
59.2 3.84
59.3 4.32
59.4 4.56
59.5 3
59.6 4.2
59.7 4.32
59.8 4.2
59.9 4.32
60 4.2
60.1 4.32
60.2 4.2
60.3 4.92
60.4 4.68
60.5 3.24
60.6 4.8
60.7 2.76
60.8 4.08
60.9 4.8
61 4.68
61.1 4.68
61.2 4.8
61.3 5.76
61.4 4.08
61.5 4.44
61.6 4.92
61.7 4.92
61.8 5.04
61.9 4.92
62 4.92
62.1 5.04
62.2 5.64
62.3 5.04
62.4 4.2
62.5 5.28
62.6 5.28
62.7 5.16
62.8 5.28
62.9 5.28
63 5.28
63.1 5.76
63.2 6.12
63.3 3.96
63.4 5.52
63.5 3.48
63.6 5.28
63.7 5.88
63.8 5.88
63.9 5.88
64 6.24
64.1 7.08
64.2 4.44
64.3 5.88
64.4 6
64.5 6.12
64.6 6
64.7 6.12
64.8 6
64.9 6.36
65 5.76
65.1 3.24
65.2 6.84
65.3 6.96
65.4 6.96
65.5 6.96
65.6 6.96
65.7 6.96
65.8 8.28
65.9 6.48
66 6.36
66.1 8.04
66.2 8.04
66.3 8.4
66.4 9.24
66.5 8.4
66.6 6.24
66.7 6.24
66.8 5.64
66.9 4.56
67 5.88
67.1 5.52
67.2 5.52
67.3 4.32
67.4 5.52
67.5 4.08
67.6 4.2
67.7 4.32
67.8 4.32
67.9 2.88
68 3.84
68.1 3.12
68.2 2.88
68.3 3.36
68.4 3.12
68.5 3
68.6 2.88
68.7 2.88
68.8 2.64
68.9 3
69 2.64
69.1 1.92
69.2 2.52
69.3 1.68
69.4 2.88
69.5 2.88
69.6 1.56
69.7 1.92
69.8 2.52
69.9 1.8
70 2.04
70.1 1.68
70.2 2.4
70.3 1.68
70.4 1.56
70.5 2.16
70.6 1.8
70.7 1.32
70.8 1.68
70.9 2.16
71 1.44
71.1 1.2
71.2 1.56
71.3 1.08
71.4 1.32
71.5 1.32
71.6 1.08
71.7 1.44
71.8 1.44
71.9 0.96
72 1.44
72.1 0.96
72.2 0.96
72.3 1.44
72.4 1.08
72.5 0.96
72.6 1.44
72.7 1.08
72.8 0.6
72.9 1.2
73 0.84
73.1 0.72
73.2 1.2
73.3 0.84
73.4 0.84
73.5 1.08
73.6 0.84
73.7 1.08
73.8 0.72
73.9 0.72
74 1.2
74.1 0.6
74.2 0.72
74.3 1.08
74.4 0.72
74.5 0.6
74.6 0.84
74.7 0.72
74.8 0.72
74.9 0.96
75 0.6
75.1 0.72
75.2 0.84
75.3 0.84
75.4 0.72
75.5 0.72
75.6 0.84
75.7 0.6
75.8 0.96
75.9 0.6
76 0.72
76.1 0.84
76.2 0.84
76.3 0.48
76.4 0.48
76.5 0.24
76.6 0.12
76.7 0.48
76.8 0.24
76.9 0.84
77 0.84
77.1 0.84
77.2 0.84
77.3 1.08
77.4 0.96
77.5 1.08
77.6 1.2
77.7 1.2
77.8 1.32
77.9 1.56
78 1.56
78.1 1.68
78.2 1.68
78.3 1.92
78.4 2.04
78.5 2.04
78.6 2.28
78.7 2.4
78.8 1.56
78.9 2.16
79 2.04
79.1 1.56
79.2 2.16
79.3 2.16
79.4 2.16
79.5 2.28
79.6 2.16
79.7 2.52
79.8 2.76
79.9 2.76
80 3.12
80.1 3
80.2 2.4
80.3 2.88
80.4 3
80.5 3
80.6 2.88
80.7 3
80.8 3
80.9 2.88
81 3.24
81.1 3.72
81.2 2.28
81.3 3
81.4 3.24
81.5 3.36
81.6 3.36
81.7 3.36
81.8 3.48
81.9 3.36
82 3.48
82.1 3.84
82.2 4.2
82.3 2.76
82.4 3.72
82.5 3.84
82.6 3.72
82.7 3.84
82.8 3.84
82.9 3.84
83 3.84
83.1 3.84
83.2 4.68
83.3 3.48
83.4 3.84
83.5 4.56
83.6 4.68
83.7 4.56
83.8 4.56
83.9 4.68
84 4.56
84.1 4.68
84.2 5.28
84.3 5.16
84.4 3.6
84.5 4.8
84.6 4.92
84.7 5.04
84.8 4.92
84.9 4.92
85 5.04
85.1 4.92
85.2 4.92
85.3 6
85.4 2.16
85.5 6.96
85.6 6.72
85.7 4.32
85.8 5.52
85.9 5.76
86 5.64
86.1 5.76
86.2 5.64
86.3 5.76
86.4 5.64
86.5 6.6
86.6 6
86.7 4.56
86.8 6.24
86.9 6.36
87 6.24
87.1 6.36
87.2 6.36
87.3 6.36
87.4 6.36
87.5 7.68
87.6 6
87.7 5.52
87.8 6.72
87.9 6.72
88 6.84
88.1 6.96
88.2 6.96
88.3 6.96
88.4 7.32
88.5 8.64
88.6 5.64
88.7 6.6
88.8 7.2
88.9 7.2
89 7.2
89.1 7.32
89.2 7.2
89.3 7.2
89.4 7.92
89.5 8.4
89.6 5.52
89.7 7.32
89.8 5.76
89.9 5.52
90 8.28
90.1 8.28
90.2 8.28
90.3 9.24
90.4 8.64
90.5 7.08
90.6 8.28
90.7 7.68
90.8 2.76
90.9 8.28
91 8.4
91.1 8.88
91.2 9.36
91.3 6.72
91.4 8.4
91.5 8.28
91.6 8.4
91.7 8.28
91.8 8.4
91.9 8.64
92 9.72
92.1 6.72
92.2 9
92.3 7.32
92.4 5.16
92.5 9.36
92.6 9.24
92.7 11.28
92.8 7.8
92.9 9.36
93 9.36
93.1 9.48
93.2 9.48
93.3 10.92
93.4 10.32
93.5 9.12
93.6 10.08
93.7 9.96
93.8 9.96
93.9 10.8
94 6.36
94.1 9.6
94.2 8.64
94.3 3.72
94.4 7.2
94.5 11.28
94.6 8.76
94.7 9.96
94.8 7.92
94.9 8.04
95 9.24
95.1 8.76
95.2 7.32
95.3 8.28
95.4 8.16
95.5 8.52
95.6 8.52
95.7 10.08
95.8 7.8
95.9 9
96 9.12
96.1 9
96.2 9.24
96.3 7.68
96.4 8.16
96.5 9.12
96.6 8.52
96.7 8.4
96.8 8.88
96.9 6.96
97 8.52
97.1 8.88
97.2 7.68
97.3 8.16
97.4 8.16
97.5 6.84
97.6 8.52
97.7 7.92
97.8 7.56
97.9 7.68
98 7.8
98.1 6.72
98.2 8.28
98.3 7.68
98.4 7.32
98.5 7.32
98.6 7.8
98.7 6.36
98.8 7.68
98.9 7.8
99 7.68
99.1 7.44
99.2 7.8
99.3 6.36
99.4 7.8
99.5 7.92
99.6 7.2
99.7 7.68
99.8 7.2
99.9 6.6
100 7.8
