0.20039 10
0.415059 11
0.434284 13
0.45351 15
0.472736 17
0.49076 19
0.641281 21
0.660507 23
0.679732 25
0.698958 27
0.718183 29
0.737409 31
0.756635 33
0.772255 35
0.818743 37
0.843976 39
0.864404 41
0.884831 43
0.904056 45
0.924484 47
0.944911 49
0.962935 51
0.983362 53
1.00259 55
1.02301 57
1.0867 59
1.10713 61
1.12635 63
1.94465 62
1.94465 61
1.94465 62
2.3616 63
2.57548 2.96614e+06
2.99484 1.99931
2.99484 4
3.00445 6
3.03449 8
3.06213 10
3.08136 12
3.1066 14
3.12342 15
3.12702 134
3.12702 133
3.12702 134
3.16789 133
3.20995 132
3.21476 131
3.2472 128
3.27123 124
3.28445 118
3.28805 117
3.29406 116
3.31088 115
3.31809 112
3.33371 110
3.36135 108
3.37457 105
3.37817 103
3.41422 101
3.41783 96
3.42143 95
3.44066 93
3.4743 90
3.47791 89
3.48151 88
3.52717 87
3.53078 84
3.54159 79
3.56442 77
3.56803 76
3.57163 72
3.58725 71
3.64613 70
3.64613 57.8301
3.65454 55.8301
3.65454 56.8301
3.66175 55.8301
3.66175 56.8301
3.67016 55.8301
3.67016 56.8301
3.67857 55.8301
3.67857 56.8301
3.68699 55.8301
3.68699 56.8301
3.6954 55.8301
3.6954 56.8301
3.70381 55.8301
3.70381 56.8301
3.71222 55.8301
3.71222 56.8301
3.72063 55.8301
3.72063 56.8301
3.72904 55.8301
3.72904 56.8301
3.73625 55.8301
3.73625 56.8301
3.74586 55.8301
3.74586 56.8301
3.75668 55.8301
3.75668 56.8301
3.76629 55.8301
3.76629 56.8301
3.77831 55.8301
3.77831 56.8301
3.79273 55.8301
3.79273 56.8301
3.81075 55.8301
3.83358 54.8301
3.83358 55.8301
3.83839 54.8301
3.83839 55.8301
3.8456 54.8301
3.8456 55.8301
3.85281 54.8301
3.85281 55.8301
3.86002 54.8301
3.86002 55.8301
3.86963 54.8301
3.86963 55.8301
3.87684 54.8301
3.87684 55.8301
3.88645 54.8301
3.88645 55.8301
3.89486 54.8301
3.89486 55.8301
3.90207 54.8301
3.90207 55.8301
3.91048 54.8301
3.91048 55.8301
3.91889 54.8301
3.91889 55.8301
3.92731 54.8301
3.92731 55.8301
3.93692 54.8301
3.93692 55.8301
3.94293 54.8301
3.94293 55.8301
3.95254 54.8301
3.95254 55.8301
3.96215 54.8301
3.96215 55.8301
3.96936 54.8301
3.96936 55.8301
3.97897 54.8301
3.97897 55.8301
3.98739 54.8301
3.98739 55.8301
3.99459 54.8301
3.99459 55.8301
4.00301 54.8301
4.00301 55.8301
4.01142 54.8301
4.01142 55.8301
4.01622 54.8301
4.01622 55.8301
4.02463 54.8301
4.02463 55.8301
4.03305 54.8301
4.03305 55.8301
4.03905 54.8301
4.03905 55.8301
4.04626 54.8301
4.04626 55.8301
4.05347 54.8301
4.05347 55.8301
4.05828 54.8301
4.05828 55.8301
4.06549 54.8301
4.06549 55.8301
4.0727 54.8301
4.0727 55.8301
4.08231 54.8301
4.08231 55.8301
4.09313 54.8301
4.09313 55.8301
4.10514 54.8301
4.10514 55.8301
4.11355 54.8301
4.11355 55.8301
4.12317 54.8301
4.12317 55.8301
4.13158 54.8301
4.13158 55.8301
4.13999 54.8301
4.13999 55.8301
4.1484 54.8301
4.1484 55.8301
4.15681 54.8301
4.15681 55.8301
4.16763 54.8301
4.16763 55.8301
4.17604 54.8301
4.17604 55.8301
4.18565 54.8301
4.18565 55.8301
4.19646 54.8301
4.19646 55.8301
4.20367 54.8301
4.20367 55.8301
4.21567 54.8301
4.21567 55.8301
4.22649 54.8301
4.22649 55.8301
4.23609 134
4.23609 23.7459
4.23609 24.7459
4.25652 26.7459
4.27214 28.7459
4.28536 30.7459
4.30098 32.7459
4.3142 34.7459
4.32862 36.7459
4.34424 38.7459
4.35625 40.7459
4.36947 42.7459
4.38029 44.7459
4.39711 46.7459
4.41273 48.7459
4.43075 50.7459
4.44637 52.7459
4.4632 54.7459
4.50525 55.8301
5.25865 57.8301
5.46773 55.8301
6.44463 54.3163
6.92047 56.3163
7.13075 54.3163
8.56666 56.3163
8.77454 54.3163
10.2177 56.3163
10.2177 4
10.2333 6
10.2333 4
10.2501 6
10.2501 4
10.2681 6
10.2681 4
10.2861 6
10.2861 4
10.303 6
10.303 4
10.3186 6
10.3186 4
10.3354 6
10.3354 4
10.3534 6
10.3534 4
10.3691 6
10.3691 4
10.3859 6
10.3859 4
10.4051 6
10.4051 4
10.4195 6
10.4195 4
10.4351 6
10.4351 4
10.4544 6
10.4544 4
10.4712 6
10.4712 4
10.4892 6
10.4892 4
10.5048 6
10.5048 4
10.5241 6
10.5241 4
10.5409 6
10.5409 4
10.5577 6
10.5577 4
10.5781 6
10.5781 4
10.5938 6
10.5938 4
10.6142 6
10.6142 4
10.631 6
10.631 4
10.6454 6
10.6454 4
10.6586 6
10.6586 4
10.8575 134
10.8575 107.458
10.8721 100.908
11.0693 95.2369
11.0851 90.2445
11.1021 85.8764
11.1184 82.0539
11.1345 78.6802
11.1513 75.7279
11.168 73.1443
11.1863 70.9434
11.2024 68.9876
11.2184 67.2472
11.238 65.8128
11.2531 64.4986
11.2692 63.3488
11.2872 62.3722
11.3052 61.5477
11.322 60.8267
11.3389 60.1948
11.3581 59.732
11.3737 59.2673
11.3871 58.7714
11.4035 60.3073
11.4219 59.9613
11.4367 59.5988
11.454 59.2818
11.4722 59.0635
11.489 58.8729
11.5058 56.5407
11.5238 56.4289
11.5407 56.3315
11.5587 56.2749
11.5755 56.2541
11.7798 57.317
11.8146 55.317
11.8507 55.5981
13.3827 57.5981
13.599 55.5981
15.1731 57.5981
15.3942 55.5981
15.7955 53.4268
16.9791 55.4268
17.2026 53.4268
17.2759 52.5925
18.8091 54.5925
19.0362 52.5925
20.2583 52.518
20.6127 54.518
20.8447 52.518
21.2472 51.0387
21.5932 53.0387
21.5932 4
21.6125 6
21.6125 4
21.6305 6
21.6305 4
21.6485 6
21.6485 4
21.669 6
21.669 4
21.6846 6
21.6846 4
21.7026 6
21.7026 4
21.7218 6
21.7218 4
21.741 6
21.741 4
21.7603 6
21.7603 4
21.7795 6
21.7795 4
21.7987 6
21.7987 4
21.8192 6
21.8192 4
21.8396 6
21.8396 4
21.8588 6
21.8588 4
21.8804 6
21.8804 4
21.8997 6
21.8997 4
21.9177 6
21.9177 4
21.9393 6
21.9393 4
21.9585 6
21.9585 4
21.9766 6
21.9766 4
21.9946 6
21.9946 4
22.0114 6
22.0114 4
22.0258 6
22.0258 4
22.0366 6
22.0366 4
22.2281 134
22.2281 107.568
22.2475 104.559
22.4389 97.7175
22.4585 91.7852
22.4769 86.5684
22.4973 82.0566
22.5165 78.1084
22.5326 74.6008
22.5526 71.558
22.5702 68.8695
22.589 66.5428
22.6091 64.5345
22.6267 62.7231
22.6455 61.1388
22.6655 59.8052
22.6844 58.6388
22.7036 57.6181
22.724 56.7783
22.7444 56.0974
22.7625 55.4744
22.7805 54.9026
22.7959 54.2956
22.8159 53.8177
22.8335 53.3729
22.8522 52.9841
22.8722 52.6699
22.8898 52.3688
22.9095 52.1319
22.93 51.951
22.9492 51.8467
22.9684 51.7548
22.9888 51.7017
23.0081 51.6816
23.0477 53.6816
23.097 53.5877
23.1138 53.395
23.1366 53.3329
23.1559 53.279
23.377 51.279
24.2217 51.0601
24.9511 53.0601
25.1746 51.0601
26.727 53.0601
26.9457 51.0601
27.1235 49.1409
27.2689 49.4593
28.5066 51.4593
28.7265 49.4593
30.2886 51.4593
30.5097 49.4593
32.0886 51.4593
32.3121 49.4593
33.1628 51.4593
33.1628 4
33.1796 6
33.1796 4
33.1976 6
33.1976 4
33.2169 6
33.2169 4
33.2349 6
33.2349 4
33.2529 6
33.2529 4
33.2733 6
33.2733 4
33.2926 6
33.2926 4
33.3106 6
33.3106 4
33.3298 6
33.3298 4
33.3502 6
33.3502 4
33.3683 6
33.3683 4
33.3851 6
33.3851 4
33.3983 6
33.3983 4
33.4127 6
33.4127 4
33.4259 6
33.4259 4
33.4392 6
33.4392 4
33.4536 6
33.4536 4
33.4668 6
33.4668 4
33.48 6
33.48 4
33.4944 6
33.4944 4
33.5076 6
33.5076 4
33.5209 6
33.5209 4
33.7091 134
33.7091 92.1202
33.7319 89.8722
33.9202 84.788
33.9401 80.3646
33.9607 76.5214
33.9799 73.1581
33.998 70.1885
34.0161 67.5912
34.0357 65.3177
34.0539 63.3025
34.0733 61.5656
34.0927 60.0193
34.1112 58.6664
34.1302 57.4827
34.1493 56.4468
34.1692 55.5663
34.1908 54.8488
34.21 54.2472
34.2305 53.7465
34.2497 53.3087
34.2639 52.7942
34.2842 52.3971
34.3021 51.9972
34.3216 51.6471
34.3421 51.393
34.3594 51.1181
34.3799 50.904
34.4003 50.7693
34.4195 50.6512
34.44 50.5739
34.4592 50.5325
34.4784 50.4965
34.5697 50.4109
34.5911 50.3377
34.6104 50.2735
34.6308 50.2438
34.9708 52.2438
35.2088 50.2438
35.4995 51.1271
36.7817 53.1271
37.0184 51.1271
38.6057 53.1271
38.8304 51.1271
39.8746 49.4952
40.3973 51.4952
40.6268 49.4952
42.1768 51.4952
42.3943 49.4952
42.8101 48.0048
43.9732 50.0048
44.2087 48.0048
44.4971 49.1354
44.6053 50.1657
44.6413 52.1657
44.6413 4
44.6629 6
44.6629 4
44.7074 6
44.7074 4
44.7314 6
44.7314 4
44.7579 6
44.7579 4
44.7771 6
44.7771 4
44.7987 6
44.7987 4
44.8192 6
44.8192 4
44.83 6
44.83 4
44.8444 6
44.8444 4
44.8576 6
44.8576 4
44.8672 6
44.8672 4
44.8804 6
44.8804 4
44.8913 6
44.8913 4
44.9033 6
44.9033 4
44.9153 6
44.9153 4
44.9285 6
44.9285 4
44.9405 6
44.9405 4
44.9549 6
44.9549 4
44.967 6
44.967 4
45.1564 134
45.1564 87.4565
45.1786 85.5186
45.3675 80.9689
45.3872 77.0138
45.4061 73.5532
45.4277 70.5773
45.4457 67.9475
45.4631 65.5939
45.4834 63.5608
45.5024 61.7818
45.5205 60.1996
45.5397 58.8142
45.5588 57.6029
45.5791 56.5946
45.5988 55.7127
45.6166 54.8881
45.6387 54.2459
45.6567 53.6575
45.6771 53.1948
45.6976 54.8163
45.712 54.3543
45.7321 54.0021
45.7514 53.6678
45.7713 53.4019
45.7883 53.1167
45.8075 52.8667
45.8289 52.701
45.8494 52.6077
46.1113 53.6285
46.1738 51.6285
46.193 51.9448
47.7395 53.9448
47.963 51.9448
49.5851 53.9448
49.8183 51.9448
50.5488 50.7231
51.4224 52.7231
51.6519 50.7231
53.262 52.7231
53.4819 49.4185
53.7799 50.3798
54.6944 50.6077
55.0741 52.6077
55.3036 50.6077
55.6184 51.1568
55.8623 53.1568
55.8623 4
55.8875 6
55.8875 4
55.9128 6
55.9128 4
55.9392 6
55.9392 4
55.9632 6
55.9632 4
55.9873 6
55.9873 4
56.0125 6
56.0125 4
56.0329 6
56.0329 4
56.051 6
56.051 4
56.0714 6
56.0714 4
56.0894 6
56.0894 4
56.1086 6
56.1086 4
56.1279 6
56.1279 4
56.1423 6
56.1423 4
56.1591 6
56.1591 4
56.1783 6
56.1783 4
56.1976 6
56.1976 4
56.212 6
56.212 4
56.2276 6
56.2276 4
56.2444 6
56.2444 4
56.2648 6
56.2648 4
56.2817 6
56.2817 4
56.2949 6
56.2949 4
56.3069 6
56.3069 4
56.5058 134
56.5058 97.8101
56.5247 91.7901
56.7168 86.5228
56.7365 81.9406
56.7565 77.9572
56.7757 74.4717
56.7961 71.4751
56.8113 68.7465
56.831 66.386
56.8507 64.3211
56.8686 62.4869
56.8869 60.8826
56.9068 59.5048
56.9247 58.2735
56.9454 57.2486
56.9634 56.3253
56.9851 55.5967
57.0043 54.9593
57.0247 54.4282
57.0439 53.9627
57.0583 53.4503
57.078 55.0283
57.0948 54.6064
57.1137 54.2369
57.1326 53.9137
57.1516 53.6305
57.1727 53.4358
57.1919 53.2659
57.2136 53.1961
57.234 53.1885
57.413 53.6319
57.4707 54.0925
57.5308 52.5925
59.0989 54.5925
59.32 52.5925
60.9073 54.5925
61.1368 52.5925
62.02 50.8522
62.7758 52.8522
63.0017 50.8522
64.5962 52.8522
64.8329 50.8522
64.9951 49.9786
66.4371 51.9786
66.6726 49.9786
67.2421 51.9786
67.2421 4
67.2686 6
67.2686 4
67.2962 6
67.2962 4
67.3226 6
67.3226 4
67.3479 6
67.3479 4
67.3743 6
67.3743 4
67.3947 6
67.3947 4
67.4152 6
67.4152 4
67.4356 6
67.4356 4
67.4572 6
67.4572 4
67.4776 6
67.4776 4
67.4969 6
67.4969 4
67.5173 6
67.5173 4
67.5365 6
67.5365 4
67.5557 6
67.5557 4
67.5738 6
67.5738 4
67.5882 6
67.5882 4
67.6074 6
67.6074 4
67.6254 6
67.6254 4
67.6423 6
67.6423 4
67.6567 6
67.6567 4
67.6687 6
67.6687 4
67.6807 6
67.6807 4
67.8799 134
67.8799 96.3536
67.8993 90.3674
68.0911 85.1554
68.1113 80.5946
68.1325 76.6554
68.1529 73.2093
68.1688 70.116
68.1882 67.4351
68.2076 65.0642
68.2282 63.0407
68.2473 61.2445
68.2664 59.6727
68.2854 58.2714
68.3065 57.0974
68.325 56.0698
68.346 55.1706
68.3664 54.4351
68.3868 53.7921
68.4061 53.2548
68.4212 52.6561
68.4406 52.1319
68.46 51.6996
68.4817 51.3467
68.4989 50.9862
68.5183 50.6713
68.5377 50.3957
68.5595 50.2314
68.5811 50.1395
68.5992 50.0331
68.6196 49.9399
68.7331 49.8253
68.755 49.732
68.7742 49.6768
68.7934 49.6285
68.8968 51.6285
69.1888 49.6285
70.1416 48.875
70.7977 50.875
71.032 48.875
72.6662 50.875
72.9017 48.875
73.6239 46.8633
74.495 48.8633
74.7341 46.8633
76.3443 48.8633
76.5353 48.607
76.5786 46.607
77.0316 46.9095
78.1948 48.9095
78.4219 46.9095
78.7607 47.8432
78.81 49.8432
78.81 4
78.8268 6
78.8268 4
78.8496 6
78.8496 4
78.8664 6
78.8664 4
78.9049 6
78.9049 4
78.9301 6
78.9301 4
78.9542 6
78.9542 4
78.9782 6
78.9782 4
79.0046 6
79.0046 4
79.0239 6
79.0239 4
79.0395 6
79.0395 4
79.0551 6
79.0551 4
79.0707 6
79.0707 4
79.0851 6
79.0851 4
79.0996 6
79.0996 4
79.114 6
79.114 4
79.1284 6
79.1284 4
79.1428 6
79.1428 4
79.156 6
79.156 4
79.3443 134
79.3443 86.453
79.3683 84.2396
79.5559 79.5504
79.5761 75.4724
79.5975 71.9282
79.619 68.8522
79.6382 66.136
79.6571 63.7341
79.6779 61.6333
79.6987 59.8191
79.72 58.232
79.739 56.8184
79.7608 55.6312
79.7792 54.5677
79.8016 53.6616
79.822 52.8936
79.8448 52.2707
79.8641 51.7258
79.8845 51.2493
79.9001 50.7086
79.9213 50.2604
79.9403 49.8432
79.9605 49.4786
79.9812 49.1588
80.0009 48.855
80.0244 48.6878
80.0436 48.5166
80.0652 48.4164
80.0857 48.3039
80.1085 48.2797
80.1289 48.259
80.2046 48.1471
80.2244 48.0193
80.2462 47.9316
80.2678 47.8798
80.2883 47.8591
80.352 49.8591
80.6391 47.8591
81.6076 47.7058
82.2349 49.7058
82.4716 47.7058
83.1577 46.0587
84.0841 48.0587
84.304 46.0587
85.8769 48.0587
86.1148 46.0587
86.4669 46.3253
86.5282 46.424
86.5678 46.8239
87.7166 48.8239
87.9497 46.8239
88.2248 47.232
88.3546 47.4392
88.3955 47.5435
89.5646 49.5435
89.7941 47.5435
90.1774 47.9102
90.2147 48.1153
90.2916 50.1153
90.2916 4
90.3156 6
90.3156 4
90.3409 6
90.3409 4
90.3637 6
90.3637 4
90.3877 6
90.3877 4
90.4142 6
90.4142 4
90.4394 6
90.4394 4
90.4562 6
90.4562 4
90.4694 6
90.4694 4
90.4826 6
90.4826 4
90.4971 6
90.4971 4
90.5091 6
90.5091 4
90.5223 6
90.5223 4
90.5367 6
90.5367 4
90.5511 6
90.5511 4
90.5644 6
90.5644 4
90.5776 6
90.5776 4
90.592 6
90.592 4
90.6064 6
90.6064 4
90.6184 6
90.6184 4
90.634 6
90.634 4
90.83 134
90.83 79.2258
90.8512 75.2445
91.0417 71.7355
91.0626 68.6651
91.0853 66.0539
91.1058 63.768
91.1231 61.7189
91.1427 59.9006
91.1622 58.3101
91.1835 56.9427
91.2024 55.7217
91.2227 54.6533
91.2426 53.6934
91.2627 52.8536
91.2828 52.1188
91.3061 51.5753
91.3253 51.0753
91.3469 50.6623
91.3673 50.3253
91.3845 49.9565
91.4035 49.6084
91.4244 49.3046
91.4437 49.0131
91.464 48.7583
91.485 48.5601
91.5051 48.4123
91.5268 48.3066
91.5472 48.2396
91.7059 48.2044
91.7264 48.1008
91.7492 48.0843
91.7684 48.0449
91.8321 50.0449
92.1205 48.0449
93.1767 47.5269
93.7198 49.5269
93.9385 47.5269
95.5102 49.5269
95.7433 47.5269
96.6938 45.7714
96.886 46.1084
97.3414 48.1084
97.5746 46.1084
97.8617 46.3564
97.9495 46.4558
97.9699 46.5552
97.9867 46.857
98.0252 47.3702
99.1895 49.3702
99.4238 47.3702
99.6942 47.5787
99.7422 47.6844
99.7603 47.7901
99.7795 48.2175
99.7963 48.654
99.8336 48.9876
