0.200436 10
0.418664 11
0.437889 13
0.457115 15
0.47634 17
0.493163 19
0.647289 21
0.666515 23
0.68574 25
0.704966 27
0.724191 29
0.743417 31
0.762643 33
0.774659 35
0.824751 37
0.852388 39
0.872815 41
0.893242 43
0.912468 45
0.932895 47
0.953322 49
0.974951 51
0.994176 53
1.0146 55
1.09872 57
1.11794 59
1.13597 61
1.1588 63
1.94345 62
1.94345 61
1.94345 62
2.57428 63
2.57428 2.96614e+06
2.99124 144
2.99124 143
2.99124 144
3.01167 63.3059
3.16309 62.3059
3.16309 63.3059
3.21596 60.3059
3.21596 61.3059
3.21836 59.3059
3.21836 60.3059
3.22197 57.3059
3.22197 58.3059
3.23639 59.3059
3.23999 60.3059
3.24359 57.3059
3.24359 58.3059
3.25561 59.3059
3.26042 60.3059
3.26402 57.3059
3.26402 58.3059
3.26763 59.3059
3.27003 60.3059
3.27363 61.3059
3.27604 62.3059
3.29166 63.3059
3.31209 60.3059
3.31209 61.3059
3.31569 57.3059
3.31569 58.3059
3.32891 59.3059
3.33612 60.3059
3.33972 57.3059
3.33972 58.3059
3.34934 57.3059
3.34934 58.3059
3.35655 59.3059
3.35895 57.3059
3.35895 58.3059
3.36255 57.3059
3.36255 58.3059
3.36616 59.3059
3.37697 60.3059
3.38058 61.3059
3.38298 59.3059
3.38298 60.3059
3.39379 61.3059
3.401 62.3059
3.40461 60.3059
3.40461 61.3059
3.42864 60.3059
3.42864 61.3059
3.43225 62.3059
3.44546 56.3059
3.44546 57.3059
3.44907 58.3059
3.45267 55.3059
3.45267 56.3059
3.45628 57.3059
3.46589 58.3059
3.4695 59.3059
3.47671 57.3059
3.47671 58.3059
3.48031 59.3059
3.48992 58.3059
3.48992 59.3059
3.49353 60.3059
3.49713 58.3059
3.49713 59.3059
3.50074 60.3059
3.50314 61.3059
3.51756 62.3059
3.52116 63.3059
3.52477 60.3059
3.52477 61.3059
3.52837 62.3059
3.5488 63.3059
3.55241 64.3059
3.55841 59.3059
3.55841 51.8681
3.58245 50.8681
3.58245 51.8681
3.58966 48.8681
3.58966 49.8681
3.59326 47.8681
3.59326 48.8681
3.59566 47.8681
3.59566 48.8681
3.59927 49.8681
3.60287 50.8681
3.60528 51.8681
3.61008 52.8681
3.61369 53.8681
3.61609 54.8681
3.61849 55.8681
3.6209 54.8681
3.6209 55.8681
3.74226 54.8681
3.74226 55.8681
3.75067 54.8681
3.75067 55.8681
3.76028 54.8681
3.76028 55.8681
3.7711 54.8681
3.7711 55.8681
3.78431 54.8681
3.78431 55.8681
3.79994 54.8681
3.79994 55.8681
3.80594 54.8681
3.80594 55.8681
3.81195 54.8681
3.81195 55.8681
3.81796 54.8681
3.81796 55.8681
3.82397 54.8681
3.82397 55.8681
3.83118 54.8681
3.83118 55.8681
3.83719 54.8681
3.83719 55.8681
3.84199 54.8681
3.84199 55.8681
3.8468 54.8681
3.8468 55.8681
3.85521 54.8681
3.85521 55.8681
3.86362 54.8681
3.86362 55.8681
3.87083 54.8681
3.87083 55.8681
3.88044 54.8681
3.88044 55.8681
3.88885 54.8681
3.88885 55.8681
3.89847 54.8681
3.89847 55.8681
3.90688 54.8681
3.90688 55.8681
3.91529 54.8681
3.91529 55.8681
3.9237 54.8681
3.9237 55.8681
3.93211 54.8681
3.93211 55.8681
3.94052 54.8681
3.94052 55.8681
3.95014 54.8681
3.95014 55.8681
3.95735 54.8681
3.95735 55.8681
3.96335 54.8681
3.96335 55.8681
3.97297 54.8681
3.97297 55.8681
3.98018 54.8681
3.98018 55.8681
3.98859 54.8681
3.98859 55.8681
3.9982 54.8681
3.9982 55.8681
4.00541 54.8681
4.00541 55.8681
4.01502 54.8681
4.01502 55.8681
4.02223 54.8681
4.02223 55.8681
4.03184 54.8681
4.03184 55.8681
4.04266 54.8681
4.04266 55.8681
4.05467 54.8681
4.05467 55.8681
4.06429 54.8681
4.06429 55.8681
4.0763 54.8681
4.0763 55.8681
4.08712 54.8681
4.08712 55.8681
4.09793 54.8681
4.09793 55.8681
4.10755 54.8681
4.10755 55.8681
4.11596 54.8681
4.11596 55.8681
4.12437 54.8681
4.12437 55.8681
4.13398 54.8681
4.13398 55.8681
4.14359 54.8681
4.14359 55.8681
4.1496 54.8681
4.1496 55.8681
4.15561 54.8681
4.15561 55.8681
4.16402 54.8681
4.16402 55.8681
4.17003 54.8681
4.17003 55.8681
4.17724 54.8681
4.17724 55.8681
4.18445 54.8681
4.18445 55.8681
4.19046 54.8681
4.19046 55.8681
4.19887 54.8681
4.19887 55.8681
4.20728 54.8681
4.20728 55.8681
4.21208 54.8681
4.21208 55.8681
4.2229 54.8681
4.2229 55.8681
4.23011 54.8681
4.23011 55.8681
4.23731 54.8681
4.23731 55.8681
4.24572 54.8681
4.24572 55.8681
4.25172 54.8681
4.25172 55.8681
4.26013 2.96614e+06
4.26013 23.1747
4.26013 24.1747
4.27334 26.1747
4.28776 28.1747
4.30218 30.1747
4.3178 32.1747
4.33342 34.1747
4.34544 36.1747
4.35745 38.1747
4.37067 40.1747
4.38389 42.1747
4.39831 44.1747
4.41633 46.1747
4.43195 48.1747
4.44757 50.1747
4.4644 52.1747
4.48002 54.1747
4.51366 56.1637
5.13489 58.1637
5.33676 56.1637
6.78469 58.1637
6.98535 56.1637
8.42006 54.8902
8.45131 56.8902
8.65438 54.8902
10.1239 56.8902
10.2117 58.8902
10.2117 4
10.2309 6
10.2309 4
10.2489 6
10.2489 4
10.2645 6
10.2645 4
10.2789 6
10.2789 4
10.2982 6
10.2982 4
10.3126 6
10.3126 4
10.3306 6
10.3306 4
10.3474 6
10.3474 4
10.3655 6
10.3655 4
10.3823 6
10.3823 4
10.3991 6
10.3991 4
10.4159 6
10.4159 4
10.4303 6
10.4303 4
10.4472 6
10.4472 4
10.4652 6
10.4652 4
10.482 6
10.482 4
10.4988 6
10.4988 4
10.5145 6
10.5145 4
10.5313 6
10.5313 4
10.5505 6
10.5505 4
10.5673 6
10.5673 4
10.5817 6
10.5817 4
10.5974 6
10.5974 4
10.6094 6
10.6094 4
10.6238 6
10.6238 4
10.6406 6
10.6406 4
10.6574 6
10.6574 4
10.8527 2.96614e+06
10.8527 1.99931
10.8527 4
10.867 6
11.0633 8
11.0803 10
11.0972 12
11.274 14
11.2908 16
11.3088 18
11.3256 20
11.3401 22
11.3593 24
11.4866 26
11.5034 28
11.519 30
11.5359 32
11.5527 34
11.5695 36
11.5863 38
11.6043 40
11.6236 42
11.644 44
11.6644 46
11.6849 48
11.7245 50
11.7437 52
11.7654 54
11.7834 56
11.8014 58
11.817 60
11.8363 61.9779
11.8699 59.9779
12.1535 60.3943
12.1655 62.3943
12.1811 63.3101
13.5257 65.3101
13.7576 63.3101
14.1061 63.8584
14.1433 65.4116
15.4531 67.4116
15.6862 65.4116
16.013 66.5007
16.0635 66.951
17.3949 68.951
17.64 66.951
19.3415 68.951
19.5806 66.951
19.8762 67.6609
19.9002 68.0587
19.9483 68.2113
19.9783 68.4296
20.9961 68.828
21.2628 70.828
21.4683 71.2983
21.4959 69.2983
21.5644 70.2604
21.6665 72.2604
21.6665 4
21.6798 6
21.6798 4
21.6966 6
21.6966 4
21.711 6
21.711 4
21.7254 6
21.7254 4
21.7386 6
21.7386 4
21.7519 6
21.7519 4
21.7651 6
21.7651 4
21.7759 6
21.7759 4
21.7891 6
21.7891 4
21.8011 6
21.8011 4
21.8143 6
21.8143 4
21.8252 6
21.8252 4
21.8432 6
21.8432 4
21.8564 6
21.8564 4
21.8696 6
21.8696 4
21.884 6
21.884 4
21.8973 6
21.8973 4
21.9153 6
21.9153 4
21.9273 6
21.9273 4
21.9429 6
21.9429 4
21.9561 6
21.9561 4
21.9681 6
21.9681 4
21.9874 6
21.9874 4
22.0018 6
22.0018 4
22.0174 6
22.0174 4
22.0294 6
22.0294 4
22.0402 6
22.0402 4
22.0487 6
22.0487 4
22.0559 6
22.0559 4
22.0607 6
22.0607 4
22.0667 6
22.0667 4
22.2692 2.96614e+06
22.2692 1.99931
22.2692 4
22.2833 6
22.4793 8
22.4925 10
22.5105 12
22.6904 14
22.706 16
22.7192 18
22.7348 20
22.7492 22
22.7649 24
22.9008 26
22.9155 28
22.9324 30
22.9456 32
22.96 34
22.9744 36
22.9912 38
23.0045 40
23.0201 42
23.0345 44
23.0501 46
23.0633 48
23.1114 50
23.127 52
23.1426 54
23.1595 56
23.1739 58
23.1895 60
23.2051 62
23.222 64
23.2376 66
23.2544 68
23.27 69.6326
23.4094 67.6326
24.9835 63.4834
25.0147 65.4834
25.2406 63.4834
26.8075 65.4834
27.0322 63.4834
28.6352 65.4834
28.8671 63.4834
29.0569 62.7714
29.2468 62.8287
29.2912 63.1146
29.3032 63.404
30.4892 65.404
30.7235 63.404
31.1129 63.6961
31.1261 63.991
31.1393 64.2887
32.3481 66.2887
32.5788 64.2887
32.8768 64.9309
33.003 65.5304
33.2241 67.5304
33.2241 4
33.2421 6
33.2421 4
33.2553 6
33.2553 4
33.2709 6
33.2709 4
33.2842 6
33.2842 4
33.2998 6
33.2998 4
33.3118 6
33.3118 4
33.3286 6
33.3286 4
33.343 6
33.343 4
33.3586 6
33.3586 4
33.3707 6
33.3707 4
33.3827 6
33.3827 4
33.3935 6
33.3935 4
33.4043 6
33.4043 4
33.4139 6
33.4139 4
33.4247 6
33.4247 4
33.4344 6
33.4344 4
33.4452 6
33.4452 4
33.4548 6
33.4548 4
33.4656 6
33.4656 4
33.4752 6
33.4752 4
33.486 6
33.486 4
33.4956 6
33.4956 4
33.5064 6
33.5064 4
33.5161 6
33.5161 4
33.5245 6
33.5245 4
33.5305 6
33.5305 4
33.5353 6
33.5353 4
33.5401 6
33.5401 4
33.5449 6
33.5449 4
33.7416 2.96614e+06
33.7416 1.99931
33.7416 4
33.7562 6
33.9504 8
33.9667 10
33.9811 12
34.1601 14
34.1752 16
34.192 18
34.2052 20
34.2208 22
34.2365 24
34.3703 26
34.3859 28
34.4015 30
34.4171 32
34.4328 34
34.446 36
34.4628 38
34.4772 40
34.4916 42
34.5085 44
34.5229 46
34.5373 48
34.5808 50
34.5959 52
34.6116 54
34.6248 56
34.6428 58
34.656 60
34.6728 62
34.6861 64
34.7029 64.5276
34.7161 64.4675
35.0922 66.4675
35.3133 64.4675
35.5716 65.2963
35.6101 65.9924
36.885 67.9924
37.1133 65.9924
38.7006 67.9924
38.9241 65.9924
40.4261 63.0173
40.5102 65.0173
40.7313 63.0173
42.2826 65.0173
42.5121 63.0173
42.8666 61.3964
42.9687 61.8135
44.0802 63.8135
44.3085 61.8135
44.5969 61.8584
44.7278 63.8584
44.7278 4
44.7411 6
44.7411 4
44.7543 6
44.7543 4
44.7795 6
44.7795 4
44.7951 6
44.7951 4
44.8119 6
44.8119 4
44.8228 6
44.8228 4
44.8348 6
44.8348 4
44.8432 6
44.8432 4
44.854 6
44.854 4
44.8648 6
44.8648 4
44.8756 6
44.8756 4
44.8888 6
44.8888 4
44.9009 6
44.9009 4
44.9129 6
44.9129 4
44.9237 6
44.9237 4
44.9321 6
44.9321 4
44.9441 6
44.9441 4
44.9525 6
44.9525 4
44.9633 6
44.9633 4
44.9742 6
44.9742 4
44.9814 6
44.9814 4
44.9874 6
44.9874 4
44.9934 6
44.9934 4
44.9982 6
44.9982 4
45.003 6
45.003 4
45.1998 2.96614e+06
45.1998 1.99931
45.1998 4
45.2149 6
45.4097 8
45.4253 10
45.4409 12
45.6214 14
45.6363 16
45.6531 18
45.6675 20
45.6843 22
45.6988 24
45.8338 26
45.8506 28
45.8674 30
45.8842 32
45.8998 34
45.9191 36
45.9371 38
45.9563 40
45.9731 42
45.9912 44
46.0104 46
46.026 48
46.0741 50
46.0957 52
46.1137 54
46.1293 56
46.1462 58
46.163 60
46.1798 62
46.1954 64
46.2111 65.7182
47.3646 62.7314
47.8164 64.7314
48.0663 62.7314
49.7365 64.7314
49.9829 62.7314
50.4623 63.0946
51.6627 65.0946
51.9054 63.0946
52.165 63.232
52.2275 63.6478
52.2383 64.3543
52.3116 64.6416
52.3248 64.7866
52.3512 65.2251
53.5937 67.2251
53.8364 65.2251
54.1272 66.5055
54.1608 66.6547
54.1717 67.107
54.1837 67.5663
54.2113 67.8757
54.2413 68.0318
54.2546 68.5518
55.5066 70.5518
55.7385 68.5518
55.9813 70.5518
55.9813 4
55.9933 6
55.9933 4
56.0065 6
56.0065 4
56.0185 6
56.0185 4
56.0305 6
56.0305 4
56.0413 6
56.0413 4
56.0522 6
56.0522 4
56.0654 6
56.0654 4
56.0762 6
56.0762 4
56.087 6
56.087 4
56.099 6
56.099 4
56.1122 6
56.1122 4
56.1291 6
56.1291 4
56.1399 6
56.1399 4
56.1531 6
56.1531 4
56.1663 6
56.1663 4
56.1819 6
56.1819 4
56.1951 6
56.1951 4
56.2252 6
56.2252 4
56.2432 6
56.2432 4
56.2612 6
56.2612 4
56.2793 6
56.2793 4
56.2937 6
56.2937 4
56.3045 6
56.3045 4
56.3153 6
56.3153 4
56.3249 6
56.3249 4
56.3309 6
56.3309 4
56.3369 6
56.3369 4
56.3417 6
56.3417 4
56.3478 6
56.3478 4
56.5502 2.96614e+06
56.5502 1.99931
56.5502 4
56.5641 6
56.7589 8
56.7745 10
56.7889 12
56.9694 14
56.9826 16
56.9983 18
57.0127 20
57.0283 22
57.0427 24
57.1787 26
57.1956 28
57.21 30
57.2256 32
57.2424 34
57.258 36
57.2725 38
57.2893 40
57.3049 42
57.3229 44
57.3397 46
57.3554 48
57.4106 50
57.4275 52
57.4443 54
57.4635 56
57.4755 58
57.4923 60
57.5068 62
57.5212 64
57.5368 66
57.55 68
57.5656 70
57.5801 71.5649
59.1169 67.6001
59.2082 69.6001
59.4425 67.6001
61.1116 69.6001
61.3471 67.6001
62.5259 67.0587
63.0269 69.0587
63.2612 67.0587
63.6686 67.2058
63.6938 67.5028
63.7202 67.8025
64.9495 69.8025
65.1886 67.8025
65.4469 68.0145
65.5046 68.2576
65.5323 68.4109
65.5455 68.5649
65.6188 69.0311
66.86 71.0311
67.0955 69.0311
67.3443 71.0311
67.3443 4
67.3539 6
67.3539 4
67.3659 6
67.3659 4
67.3779 6
67.3779 4
67.3887 6
67.3887 4
67.3995 6
67.3995 4
67.4128 6
67.4128 4
67.4236 6
67.4236 4
67.438 6
67.438 4
67.45 6
67.45 4
67.4608 6
67.4608 4
67.474 6
67.474 4
67.4837 6
67.4837 4
67.4981 6
67.4981 4
67.5125 6
67.5125 4
67.5269 6
67.5269 4
67.5425 6
67.5425 4
67.5582 6
67.5582 4
67.5834 6
67.5834 4
67.6014 6
67.6014 4
67.6194 6
67.6194 4
67.6363 6
67.6363 4
67.6507 6
67.6507 4
67.6639 6
67.6639 4
67.6759 6
67.6759 4
67.6867 6
67.6867 4
67.6939 6
67.6939 4
67.6999 6
67.6999 4
67.7047 6
67.7047 4
67.7096 6
67.7096 4
67.7132 6
67.7132 4
67.9181 2.96614e+06
67.9181 1.99931
67.9181 4
67.9321 6
68.1289 8
68.1433 10
68.1565 12
68.34 14
68.3532 16
68.3688 18
68.3832 20
68.3989 22
68.4121 24
68.5487 26
68.5655 28
68.5799 30
68.5931 32
68.61 34
68.6244 36
68.64 38
68.6544 40
68.6676 42
68.6845 44
68.6965 46
68.7085 48
68.7598 50
68.7754 52
68.7898 54
68.803 56
68.8199 58
68.8331 60
68.8499 62
68.8631 64
68.8787 66
68.8932 67.3149
69.0446 69.3149
69.2765 67.3149
69.5985 67.3412
69.6478 67.5746
69.6634 67.6706
70.8566 69.6706
71.0849 67.6706
72.653 69.6706
72.8825 67.6706
74.1478 65.3771
74.459 67.3771
74.6873 65.3771
76.2794 67.3771
76.5029 65.3771
76.5185 63.7956
76.7636 64.0435
76.8285 64.1892
78.083 66.1892
78.3029 64.1892
78.6177 65.8412
78.8821 67.8412
78.8821 4
78.8989 6
78.8989 4
78.9121 6
78.9121 4
78.9313 6
78.9313 4
78.9482 6
78.9482 4
78.9662 6
78.9662 4
78.983 6
78.983 4
78.9962 6
78.9962 4
79.007 6
79.007 4
79.0178 6
79.0178 4
79.0263 6
79.0263 4
79.0347 6
79.0347 4
79.0443 6
79.0443 4
79.0527 6
79.0527 4
79.0611 6
79.0611 4
79.0719 6
79.0719 4
79.0803 6
79.0803 4
79.0911 6
79.0911 4
79.1008 6
79.1008 4
79.1104 6
79.1104 4
79.12 6
79.12 4
79.1296 6
79.1296 4
79.1404 6
79.1404 4
79.15 6
79.15 4
79.1584 6
79.1584 4
79.1668 6
79.1668 4
79.1729 6
79.1729 4
79.1777 6
79.1777 4
79.1825 6
79.1825 4
79.1873 6
79.1873 4
79.384 2.96614e+06
79.384 1.99931
79.384 4
79.4004 6
79.5927 8
79.6118 10
79.6262 12
79.8028 14
79.8184 16
79.8328 18
79.8472 20
79.8629 22
79.8785 24
80.0131 26
80.028 28
80.0424 30
80.0592 32
80.0724 34
80.0881 36
80.1025 38
80.1169 40
80.1337 42
80.1469 44
80.1638 46
80.177 48
80.222 50
80.2378 52
80.2522 54
80.269 56
80.2823 58
80.2967 60
80.3123 62
80.3279 64
80.3423 65.1588
80.3568 65.0967
80.501 67.0967
80.7208 65.0967
81.3264 64.5677
82.2829 66.5677
82.4992 64.5677
84.0997 66.5677
84.3304 64.5677
85.4876 62.8978
85.9082 64.8978
86.128 62.8978
87.6685 64.8978
87.8535 64.8356
87.886 62.8356
89.4505 64.8356
89.6716 62.8356
90.3685 64.8356
90.3685 4
90.3829 6
90.3829 4
90.3961 6
90.3961 4
90.4117 6
90.4117 4
90.425 6
90.425 4
90.4382 6
90.4382 4
90.4502 6
90.4502 4
90.4598 6
90.4598 4
90.4682 6
90.4682 4
90.4778 6
90.4778 4
90.4886 6
90.4886 4
90.4983 6
90.4983 4
90.5079 6
90.5079 4
90.5175 6
90.5175 4
90.5271 6
90.5271 4
90.5379 6
90.5379 4
90.5475 6
90.5475 4
90.5583 6
90.5583 4
90.568 6
90.568 4
90.5788 6
90.5788 4
90.5884 6
90.5884 4
90.5992 6
90.5992 4
90.6088 6
90.6088 4
90.6196 6
90.6196 4
90.6292 6
90.6292 4
90.6413 6
90.6413 4
90.6485 6
90.6485 4
90.6557 6
90.6557 4
90.6605 6
90.6605 4
90.6653 6
90.6653 4
90.862 2.96614e+06
90.862 1.99931
90.862 4
90.8769 6
91.0709 8
91.0889 10
91.1034 12
91.2804 14
91.2964 16
91.3133 18
91.3277 20
91.3433 22
91.3601 24
91.4895 26
91.5063 28
91.5208 30
91.5364 32
91.552 34
91.5688 36
91.5832 38
91.5989 40
91.6145 42
91.6301 44
91.6469 46
91.6613 48
91.6988 50
91.7144 52
91.7324 54
91.7456 56
91.7636 58
91.7768 60
91.7937 62
91.8081 63.0297
91.9919 65.0297
92.2238 63.0297
92.5699 63.4448
92.5867 63.6609
93.7883 65.6609
94.0106 63.6609
95.5691 65.6609
95.7902 63.6609
97.0867 61.8881
97.3775 63.8881
97.6082 61.8881
99.1691 63.8881
99.3914 61.8881
99.407 61.2162
99.7711 61.5007
99.7999 61.6202
99.8264 61.6651
