0.200343 1
0.200343 2
0.200343 3
0.200343 4
0.200343 5
0.200343 6
0.200343 7
0.200343 8
0.200343 9
0.207264 10
0.411454 9
0.411454 10
0.418374 11
0.43068 9
0.43068 10
0.4376 11
0.444521 12
0.449905 10
0.451441 11
0.458361 12
0.465282 13
0.469131 11
0.472202 12
0.479123 13
0.486043 14
0.488356 12
0.492963 13
0.499884 14
0.506804 15
0.513725 16
0.520645 17
0.527565 18
0.534486 19
0.614846 17
0.614846 18
0.621766 19
0.637676 17
0.637676 18
0.644597 19
0.651517 20
0.6557 18
0.658438 19
0.665079 20
0.671721 21
0.674926 19
0.678363 20
0.685005 21
0.691646 22
0.694151 20
0.698288 21
0.70493 22
0.711572 23
0.713377 21
0.718213 22
0.724855 23
0.731497 24
0.732603 22
0.738139 23
0.74478 24
0.751422 25
0.751828 23
0.758064 24
0.764392 25
0.768651 23
0.770721 24
0.776346 25
0.781971 26
0.787596 27
0.793221 28
0.798846 29
0.804471 30
0.810097 31
0.815722 32
0.81634 30
0.821347 31
0.826972 32
0.832597 33
0.838222 34
0.83917 32
0.843847 33
0.84816 34
0.852472 35
0.856784 36
0.857194 34
0.861097 35
0.864978 36
0.868859 37
0.87274 38
0.876621 39
0.878823 37
0.880502 38
0.884383 39
0.888264 40
0.892145 41
0.896026 42
0.898048 40
0.899907 41
0.903788 42
0.907669 43
0.91155 44
0.915431 45
0.917274 43
0.919312 44
0.923124 45
0.926936 46
0.930747 47
0.937701 45
0.937701 46
0.941513 47
0.945325 48
0.949136 49
0.956927 47
0.956927 48
0.960739 49
0.96455 50
0.968362 51
0.976152 49
0.976152 50
0.979941 51
0.98373 52
0.987518 53
0.99658 51
0.99658 52
1.00037 53
1.00416 54
1.00795 55
1.01821 53
1.01821 54
1.022 55
1.02579 56
1.02957 57
1.03984 55
1.03984 56
1.04363 57
1.05906 55
1.05906 56
1.06285 57
1.07829 55
1.07829 56
1.08185 57
1.08541 58
1.08897 59
1.09631 57
1.09631 58
1.09963 59
1.10296 60
1.10628 61
1.11554 59
1.11554 60
1.11865 61
1.12177 62
1.12488 63
1.13476 61
1.13476 62
1.13788 63
1.14099 64
1.14411 65
1.15759 63
1.15759 64
1.16071 65
1.16382 66
1.16694 67
1.18042 65
1.18042 66
1.18354 67
1.18665 68
1.18977 69
1.19965 67
1.19965 68
1.20276 69
1.21888 67
1.21888 68
1.22199 69
1.2381 67
1.2381 68
1.24122 69
1.25733 67
1.25733 68
1.26044 69
1.27655 67
1.27655 68
1.27967 69
1.29578 67
1.29578 68
1.29889 69
1.315 67
1.315 68
1.31812 69
1.33423 67
1.33423 68
1.33734 69
1.35225 67
1.35225 68
1.35537 69
1.37028 67
1.37028 68
1.37339 69
1.39431 67
1.39431 68
1.39742 69
1.40993 67
1.40993 68
1.41304 69
1.43276 67
1.43276 68
1.43587 69
1.44838 67
1.44838 68
1.4515 69
1.47121 67
1.47121 68
1.47433 69
1.48803 67
1.48803 68
1.49115 69
1.51207 67
1.51207 68
1.51518 69
1.52769 67
1.52769 68
1.5308 69
1.55412 67
1.55412 68
1.55724 69
1.56614 67
1.56614 68
1.56925 69
1.58777 67
1.58777 68
1.59088 69
1.60819 67
1.60819 68
1.61131 69
1.63823 67
1.63823 68
1.64135 69
1.65145 67
1.65145 68
1.65457 69
1.67308 67
1.67308 68
1.67619 69
1.6851 67
1.6851 68
1.68821 69
1.71153 67
1.71153 68
1.71465 69
1.72355 67
1.72355 68
1.72666 69
1.74878 67
1.74878 68
1.7519 69
1.762 67
1.762 68
1.76511 69
1.78843 67
1.78843 68
1.79155 69
1.81007 67
1.81007 68
1.81247 67
1.81318 68
1.8163 69
1.81728 66
1.81728 67
1.8281 66
1.8281 67
1.83051 66
1.83122 67
1.84853 65
1.84853 66
1.85093 65
1.85164 66
1.86775 65
1.86775 66
1.87016 65
1.87087 66
1.89059 65
1.89059 66
1.90742 65
1.90742 66
1.90982 64
1.91053 65
1.92664 64
1.92664 65
1.92904 64
1.92976 65
1.94587 64
1.94587 65
1.94707 64
1.94898 65
1.96509 64
1.96509 65
1.9675 64
1.96821 65
1.98312 64
1.98312 65
1.98552 64
1.98623 65
2.00114 64
2.00114 65
2.00475 64
2.00475 65
2.02277 64
2.02277 65
2.02517 64
2.02588 65
2.03719 64
2.03719 65
2.04079 64
2.04079 65
2.06122 64
2.06122 65
2.06362 64
2.06433 65
2.07684 64
2.07684 65
2.07924 64
2.07996 65
2.09967 64
2.09967 65
2.10328 64
2.10328 65
2.11649 64
2.11649 65
2.1201 64
2.1201 65
2.14053 64
2.14053 65
2.14413 64
2.14413 65
2.15735 64
2.15735 65
2.15975 64
2.16046 65
2.18258 64
2.18258 65
2.18619 64
2.18619 65
2.1934 64
2.1934 65
2.197 64
2.197 65
2.21503 64
2.21503 65
2.21743 64
2.21814 65
2.23425 64
2.23425 65
2.23906 64
2.23906 65
2.26429 64
2.26429 65
2.2679 64
2.2679 65
2.27751 64
2.27751 65
2.28231 64
2.28231 65
2.30034 64
2.30034 65
2.30274 64
2.30345 65
2.31235 64
2.31235 65
2.31476 64
2.31547 65
2.33999 64
2.33999 65
2.34239 64
2.34311 65
2.35201 64
2.35201 65
2.35441 64
2.35512 65
2.37604 64
2.37604 65
2.37915 66
2.37964 65
2.38227 66
2.38538 67
2.39046 66
2.39046 67
2.39286 66
2.39357 67
2.39669 68
2.41569 67
2.41569 68
2.4193 67
2.4193 68
2.44093 67
2.44093 68
2.44333 67
2.44404 68
2.46015 67
2.46015 68
2.48058 67
2.48058 68
2.4974 66
2.4974 67
2.4998 66
2.50052 67
2.50363 68
2.52023 67
2.52023 68
2.53705 67
2.53705 68
2.55747 67
2.55747 68
2.56108 67
2.56108 68
2.5767 67
2.5767 68
2.5791 67
2.57981 68
2.59592 67
2.59592 68
2.59833 67
2.59904 68
2.61395 67
2.61395 68
2.61635 67
2.61706 68
2.63197 67
2.63197 68
2.63558 67
2.63558 68
2.6536 67
2.6536 68
2.656 67
2.65672 68
2.66802 67
2.66802 68
2.67163 67
2.67163 68
2.69085 67
2.69085 68
2.69325 67
2.69397 68
2.70647 67
2.70647 68
2.70887 67
2.70959 68
2.7293 67
2.7293 68
2.73291 67
2.73291 68
2.74612 67
2.74612 68
2.74973 67
2.74973 68
2.77016 67
2.77016 68
2.77376 67
2.77376 68
2.78698 67
2.78698 68
2.78843 0
2.78843 1
2.79155 2
2.79466 3
2.79778 4
2.81221 5
2.81941 6
2.82661 7
2.83381 8
2.84466 9
2.85186 10
2.86388 11
2.87108 12
2.89392 13
2.90112 14
2.90832 15
2.91552 16
2.92997 17
2.93717 18
2.94437 19
2.95227 20
2.97082 21
2.97872 22
2.98662 23
2.99452 24
4.78843 0
4.78843 1
5.04359 0
6.04359 1
6.39299 0
7.39299 1
7.82409 0
8.82409 1
9.26842 0
10.2684 1
10.6599 0
11.6599 1
11.9312 0
12.9312 1
13.2506 0
14.2506 1
14.6516 0
15.6516 1
16.1308 0
17.1308 1
17.634 0
18.6236 1
18.634 0
18.634 1
19.124 0
20.124 1
20.6043 0
21.6043 1
22.0499 0
23.0499 1
23.2736 0
24.2736 1
24.805 0
25.805 1
26.4332 0
27.3958 1
27.4332 0
27.4332 1
27.8794 0
28.8794 1
29.5417 0
30.4701 1
30.5417 0
30.5417 1
31.0119 0
32.0119 1
32.6839 0
33.6813 1
33.6839 0
33.6839 1
33.8865 0
34.8865 1
35.3258 0
36.3258 1
36.8891 0
37.8891 1
38.5894 0
39.5313 1
39.5894 0
39.5894 1
40.0885 0
41.0885 1
41.7472 0
42.7306 1
42.7472 0
42.7472 1
43.1886 0
44.1886 1
44.8545 0
45.8308 1
45.8545 0
45.8545 1
46.0897 0
47.0897 1
47.6415 0
48.6415 1
49.3069 0
50.2837 1
50.3069 0
50.3069 1
50.7711 0
51.7711 1
52.4575 0
53.4133 1
53.4575 0
53.4575 1
53.947 0
54.947 1
55.6105 0
56.6105 1
57.0125 0
58.0287 1
58.5515 0
59.5515 1
60.2289 0
61.2289 1
61.9328 0
62.9375 1
63.6271 0
64.6271 1
65.3165 0
66.3165 1
66.9831 0
67.9831 1
68.3847 0
69.4479 1
69.9295 0
70.9848 1
71.6177 0
72.6177 1
73.312 0
74.3139 1
74.9942 0
75.9942 1
76.6705 0
77.6705 1
78.3251 0
79.3251 1
79.7269 0
80.7661 1
81.2669 0
82.283 1
82.8686 0
83.8686 1
84.5377 0
85.5377 1
86.2115 0
87.2115 1
87.8805 0
88.8805 1
89.5327 0
90.5327 1
90.9342 0
91.9417 1
92.4034 0
93.4207 1
93.9859 0
94.9859 1
95.6597 0
96.6597 1
97.3336 0
98.3336 1
98.9786 0
99.9786 1
