0.200343 1
0.200343 1449
0.200343 2897
0.200343 4345
0.200343 5793
0.200343 7241
0.200343 8689
0.200343 10137
0.200343 11585
0.200343 13033
0.200343 14481
0.411454 15929
0.418374 17377
0.43068 18825
0.4376 20273
0.444521 21721
0.451441 23169
0.458361 24617
0.465282 26065
0.472202 27513
0.479123 28961
0.486043 30409
0.492963 31857
0.499884 33305
0.506804 34753
0.513725 36201
0.520645 37649
0.527565 39097
0.534486 40545
0.614846 41993
0.621766 43441
0.637676 44889
0.644597 46337
0.651517 47785
0.658438 49233
0.665079 50681
0.671721 52129
0.678363 53577
0.685005 55025
0.691646 56473
0.698288 57921
0.70493 59369
0.711572 60817
0.718213 62265
0.724855 63713
0.731497 65161
0.738139 66609
0.74478 68057
0.751422 69505
0.758064 70953
0.764392 72401
0.770721 73849
0.776346 75297
0.781971 76745
0.787596 78193
0.793221 79641
0.798846 81089
0.804471 82537
0.810097 83985
0.815722 85433
0.821347 86881
0.826972 88329
0.832597 89777
0.838222 91225
0.843847 92673
0.84816 94121
0.852472 95569
0.856784 97017
0.861097 98465
0.864978 99913
0.868859 101361
0.87274 102809
0.876621 104257
0.880502 105705
0.884383 107153
0.888264 108601
0.892145 110049
0.896026 111497
0.899907 112945
0.903788 114393
0.907669 115841
0.91155 117289
0.915431 118737
0.919312 120185
0.923124 121633
0.926936 123081
0.930747 124529
0.937701 125977
0.941513 127425
0.945325 128873
0.949136 130321
0.956927 131769
0.960739 133217
0.96455 134665
0.968362 136113
0.976152 137561
0.979941 139009
0.98373 140457
0.987518 141905
0.99658 143353
1.00037 144801
1.00416 146249
1.00795 147697
1.01821 149145
1.022 150593
1.02579 152041
1.02957 153489
1.03984 154937
1.04363 156385
1.05906 157833
1.06285 159281
1.07829 160729
1.08185 162177
1.08541 163625
1.08897 165073
1.09631 166521
1.09963 167969
1.10296 169417
1.10628 170865
1.11554 172313
1.11865 173761
1.12177 175209
1.12488 176657
1.13476 178105
1.13788 179553
1.14099 181001
1.14411 182449
1.15759 183897
1.16071 185345
1.16382 186793
1.16694 188241
1.18042 189689
1.18354 191137
1.18665 192585
1.18977 194033
1.19965 195481
1.20276 196929
1.21888 198377
1.22199 199825
1.2381 201273
1.24122 202721
1.25733 204169
1.26044 205617
1.27655 207065
1.27967 208513
1.29578 209961
1.29889 211409
1.315 212857
1.31812 214305
1.33423 215753
1.33734 217201
1.35225 218649
1.35537 220097
1.37028 221545
1.37339 222993
1.39431 224441
1.39742 225889
1.40993 227337
1.41304 228785
1.43276 230233
1.43587 231681
1.44838 233129
1.4515 234577
1.47121 236025
1.47433 237473
1.48803 238921
1.49115 240369
1.51207 241817
1.51518 243265
1.52769 244713
1.5308 246161
1.55412 247609
1.55724 249057
1.56614 250505
1.56925 251953
1.58777 253401
1.59088 254849
1.60819 256297
1.61131 257745
1.63823 259193
1.64135 260641
1.65145 262089
1.65457 263537
1.67308 264985
1.67619 266433
1.6851 267881
1.68821 269329
1.71153 270777
1.71465 272225
1.72355 273673
1.72666 275121
1.74878 276569
1.7519 278017
1.762 279465
1.76511 280913
1.78843 282361
1.79155 283809
1.81007 285257
1.81318 286705
1.8163 288153
1.81728 185345
1.8281 186793
1.8281 188241
1.83122 288153
1.83122 289601
1.84853 192585
1.84853 194033
1.85164 289601
1.85164 291049
1.86775 292497
1.87087 293945
1.89059 295393
1.90742 296841
1.91053 202721
1.91053 204169
1.92664 296841
1.92664 298289
1.92976 299737
1.94587 301185
1.94898 302633
1.96509 304081
1.96821 305529
1.98312 306977
1.98623 308425
2.00114 309873
2.00475 311321
2.02277 312769
2.02588 314217
2.03719 315665
2.04079 317113
2.06122 318561
2.06433 320009
2.07684 321457
2.07996 322905
2.09967 324353
2.10328 325801
2.11649 327249
2.1201 328697
2.14053 330145
2.14413 331593
2.15735 333041
2.16046 334489
2.18258 335937
2.18619 337385
2.1934 338833
2.197 340281
2.21503 341729
2.21814 343177
2.23425 344625
2.23906 346073
2.26429 347521
2.2679 348969
2.27751 350417
2.28231 351865
2.30034 353313
2.30345 354761
2.31235 356209
2.31547 357657
2.33999 359105
2.34311 360553
2.35201 362001
2.35512 363449
2.37604 364897
2.37915 366345
2.38227 367793
2.38538 369241
2.39046 370689
2.39357 372137
2.39669 373585
2.41569 375033
2.4193 376481
2.44093 377929
2.44404 379377
2.46015 380825
2.48058 382273
2.4974 286705
2.4974 288153
2.50052 382273
2.50052 383721
2.50363 385169
2.52023 386617
2.53705 388065
2.55747 389513
2.56108 390961
2.5767 392409
2.57981 393857
2.59592 395305
2.59904 396753
2.61395 398201
2.61706 399649
2.63197 401097
2.63558 402545
2.6536 403993
2.65672 405441
2.66802 406889
2.67163 408337
2.69085 409785
2.69397 411233
2.70647 412681
2.70959 414129
2.7293 415577
2.73291 417025
2.74612 418473
2.74973 419921
2.77016 421369
2.77376 422817
2.78698 424265
2.78843 185345
2.78843 186793
2.79155 286705
2.79155 288153
2.79466 334489
2.79466 335937
2.79778 337385
2.81221 338833
2.81941 340281
2.82661 341729
2.83381 343177
2.84466 344625
2.85186 346073
2.86388 347521
2.87108 348969
2.89392 350417
2.90112 351865
2.90832 353313
2.91552 354761
2.92997 356209
2.93717 357657
2.94437 359105
2.95227 360553
2.97082 362001
2.97872 363449
2.98662 364897
2.99452 366345
4.78843 185345
4.78843 186793
5.04359 366345
6.04359 367793
6.39299 379377
7.39299 380825
7.82409 383721
8.82409 385169
10.2684 386617
11.6599 388065
12.9312 389513
13.2506 393857
14.2506 395305
14.6516 396753
15.6516 398201
16.1308 399649
17.1308 401097
18.6236 402545
18.634 401097
18.634 402545
20.124 403993
21.6043 405441
22.0499 406889
23.0499 408337
23.2736 414129
24.2736 415577
25.805 417025
27.3958 418473
27.4332 417025
27.4332 418473
28.8794 419921
30.4701 421369
30.5417 419921
30.5417 421369
32.0119 422817
33.6813 424265
33.6839 422817
33.6839 424265
34.8865 425713
36.3258 427161
37.8891 428609
39.5313 430057
39.5894 428609
39.5894 430057
41.0885 431505
42.7306 432953
42.7472 431505
42.7472 432953
44.1886 434401
45.8308 435849
45.8545 434401
45.8545 435849
47.0897 437297
48.6415 438745
50.2837 440193
50.3069 438745
50.3069 440193
51.7711 441641
53.4133 443089
53.4575 441641
53.4575 443089
54.947 444537
56.6105 445985
58.0287 447433
59.5515 448881
61.2289 450329
62.9375 451777
64.6271 453225
66.3165 454673
67.9831 456121
69.4479 457569
70.9848 459017
72.6177 460465
74.3139 461913
75.9942 463361
77.6705 464809
79.3251 466257
80.7661 467705
82.283 469153
83.8686 470601
85.5377 472049
87.2115 473497
88.8805 474945
90.5327 476393
91.9417 477841
93.4207 479289
94.9859 480737
96.6597 482185
98.3336 483633
99.9786 485081
