0.200204 0.2
0.404115 0.2005
0.419865 0.202813
0.439091 0.207336
0.458316 0.213669
0.477542 0.221585
0.605609 0.244512
0.624459 0.240573
0.638878 0.237001
0.658103 0.234626
0.677329 0.233173
0.696555 0.232526
0.71578 0.232586
0.735006 0.233512
0.754231 0.234948
0.807102 0.24108
0.827154 0.23782
0.840372 0.234217
0.858396 0.231565
0.877621 0.23012
0.896847 0.229605
0.916072 0.230029
0.934096 0.231025
0.95212 0.232647
0.971346 0.234816
0.990572 0.237464
1.0098 0.240656
1.02782 0.244199
1.04344 0.247924
1.06267 0.252184
1.08069 0.256786
1.10112 0.262063
1.12155 0.267805
1.14077 0.273954
1.15639 0.280085
1.17562 0.286699
1.19244 0.293737
1.21046 0.301145
1.22969 0.309002
1.24651 0.317126
1.26574 0.325611
1.28496 0.334409
1.30419 0.343733
1.32341 0.353267
1.34384 0.363233
1.36307 0.373329
1.3871 0.384163
1.40392 0.394393
1.42195 0.404593
1.43757 0.414269
1.4616 0.424736
1.47482 0.434019
1.50005 0.444516
1.51327 0.453827
1.5385 0.464223
1.55292 0.473571
1.57094 0.483124
1.59137 0.492734
1.6142 0.502017
1.62622 0.509265
1.64304 0.516982
1.65506 0.523859
1.68149 0.532252
1.69471 0.53947
1.72235 0.548536
1.73677 0.556469
1.7608 0.565536
1.79084 0.575719
2.49137 0.582754
2.50939 0.589035
2.5166 0.59453
2.52982 0.599339
2.54905 0.603672
2.56827 0.607338
2.5887 0.61067
2.60793 0.613587
2.62715 0.616263
2.64998 0.61848
2.6656 0.620295
2.68242 0.621758
2.69925 0.623164
2.72208 0.624268
2.7365 0.625235
2.76053 0.62608
2.77495 0.626945
2.80018 0.627952
2.8146 0.628708
2.83022 0.62912
2.85065 0.62948
2.87588 0.629795
2.8867 0.630195
2.90472 0.630546
2.91674 0.630853
2.94197 0.630996
2.95038 0.631372
2.95759 0.6317
2.98403 0.632113
2.99845 0.632224
3.02248 0.632321
3.05132 0.632406
3.06934 0.63273
4.51607 0.583139
4.52928 0.539496
4.5437 0.501309
4.55692 0.467646
4.57374 0.438565
4.59057 0.413369
4.60498 0.391323
4.6194 0.372033
4.63623 0.355529
4.65065 0.340963
4.66627 0.328467
4.68069 0.317534
4.69631 0.308217
4.71193 0.30019
4.72635 0.293166
4.7648 0.29002
4.77922 0.284143
4.79484 0.279125
4.81166 0.275109
4.82488 0.271471
4.8405 0.268537
4.85612 0.26622
4.86934 0.264067
4.88616 0.262559
4.90058 0.261239
4.915 0.260084
4.92942 0.259199
4.94624 0.258799
4.95946 0.258324
4.97628 0.258283
4.9919 0.258373
5.00512 0.258451
5.02074 0.258645
5.03516 0.258939
5.05318 0.259697
5.0664 0.260235
5.08322 0.26108
5.09524 0.26157
5.11206 0.262374
5.12648 0.263077
5.1421 0.263943
5.15772 0.264825
5.17094 0.265472
5.18776 0.266413
5.20218 0.267361
5.2178 0.268316
5.23102 0.269152
5.24784 0.270133
5.26106 0.270991
5.27668 0.271867
5.2923 0.272884
5.30672 0.273773
5.32354 0.274927
5.33916 0.276186
5.35478 0.277413
5.368 0.278486
5.38602 0.279925
5.39924 0.28106
5.41727 0.282552
5.42928 0.283608
5.4461 0.284907
5.46413 0.286544
5.47855 0.287976
5.49417 0.289479
5.50979 0.291294
5.52301 0.293257
5.53743 0.295225
5.54824 0.296947
5.56266 0.298829
5.57708 0.300975
5.58909 0.302978
5.60351 0.304981
5.61673 0.306983
5.63115 0.309235
5.64317 0.311331
5.65999 0.31379
5.67321 0.316191
5.68522 0.318417
5.69724 0.32049
5.71166 0.322679
5.72247 0.324594
5.73569 0.326395
5.75251 0.32822
5.77294 0.330068
5.79457 0.332059
5.81259 0.333677
5.83182 0.335217
5.84744 0.33619
5.86666 0.337041
5.88229 0.337536
5.89911 0.337719
5.91713 0.337754
5.93395 0.337535
5.94837 0.337093
5.96039 0.336456
5.97481 0.335899
5.98923 0.335537
6.00245 0.335095
6.01566 0.334583
6.03128 0.334385
6.0421 0.333837
6.05772 0.333482
6.07214 0.333297
6.08776 0.33326
6.10218 0.333352
6.1166 0.333433
6.13342 0.333879
6.14664 0.334144
6.16346 0.334751
6.17788 0.335282
6.1923 0.335872
6.20792 0.336513
6.22354 0.337324
6.23676 0.337908
6.25358 0.338795
6.268 0.339571
6.28242 0.340374
6.29924 0.341452
6.31366 0.342396
6.32928 0.343471
6.3437 0.344412
6.35932 0.345486
6.37374 0.346425
6.38936 0.347497
6.40498 0.34856
6.4194 0.349615
6.43502 0.350788
6.45184 0.352065
6.46626 0.353306
6.48068 0.354393
6.4951 0.355469
6.51072 0.356535
6.52634 0.357718
6.54076 0.358754
6.55518 0.359784
6.572 0.361061
6.58642 0.362179
6.60084 0.363156
6.61766 0.364387
6.62968 0.365213
6.6465 0.366312
6.66212 0.367523
6.67654 0.368582
6.69096 0.36951
6.70778 0.370696
6.7222 0.371859
6.73662 0.372877
6.75345 0.374142
6.76666 0.375124
6.78349 0.376359
6.7967 0.377314
6.81232 0.3784
6.82794 0.379475
6.84357 0.380665
6.85798 0.381707
6.8724 0.382744
6.88802 0.383901
6.90244 0.384913
6.91806 0.386049
6.93128 0.386918
6.9481 0.388053
6.96373 0.389172
6.97814 0.390275
6.99256 0.391241
7.00818 0.392336
7.0226 0.393294
7.03822 0.394382
7.05385 0.395459
7.06586 0.396152
7.08268 0.397133
7.09951 0.398366
7.11393 0.399445
7.12714 0.40039
7.14397 0.401466
7.15838 0.402533
7.17521 0.403841
7.19083 0.405111
7.20525 0.406347
7.22207 0.407804
7.23889 0.409328
7.25451 0.410912
7.27374 0.412923
7.28696 0.414558
7.30017 0.416363
7.31579 0.418443
7.32901 0.420512
7.34343 0.422698
7.35545 0.424736
7.37107 0.427144
7.38549 0.429626
7.39991 0.432048
7.41192 0.434292
7.42634 0.436755
7.43836 0.439036
7.44797 0.440781
7.45878 0.442184
7.4708 0.443536
7.48402 0.445094
7.49483 0.446332
7.51045 0.447666
7.5429 0.449207
7.56092 0.450431
7.57894 0.451378
7.59457 0.451955
7.61139 0.452211
7.62821 0.452185
7.64503 0.452036
7.66065 0.451407
7.67868 0.450731
7.6943 0.44989
7.71112 0.448903
7.72554 0.447791
7.73756 0.446567
7.75318 0.445746
7.76519 0.444778
7.77961 0.44393
7.79163 0.442939
7.80725 0.442322
7.82047 0.441657
7.83609 0.441324
7.85171 0.441159
7.86493 0.440889
7.87814 0.440653
7.89376 0.440571
7.90938 0.44075
7.92621 0.441281
7.93822 0.441496
7.95384 0.441809
7.96946 0.442333
7.98388 0.442791
7.9971 0.443192
8.01152 0.443543
8.02474 0.443725
8.03916 0.44401
8.05478 0.444384
8.06679 0.444461
8.08362 0.444903
8.09683 0.445165
8.11125 0.445519
8.12687 0.44583
8.1449 0.446351
8.16172 0.446807
8.17734 0.447456
8.19176 0.448024
8.20858 0.448896
8.223 0.449784
8.23622 0.450436
8.25064 0.451007
8.26866 0.452006
8.28188 0.452755
8.2963 0.453536
8.31072 0.454219
8.32754 0.455191
8.34196 0.456042
8.35638 0.456912
8.3732 0.457798
8.38882 0.458323
8.40324 0.458908
8.41766 0.459419
8.43448 0.460117
8.4477 0.460602
8.46212 0.461152
8.47774 0.461758
8.48976 0.462038
8.50658 0.462659
8.5198 0.462951
8.53301 0.463207
8.54984 0.463556
8.56305 0.463862
8.57868 0.464254
8.59309 0.464597
8.61953 0.465898
8.63635 0.46616
8.64957 0.466015
8.66639 0.466263
8.68081 0.466106
8.69283 0.465592
8.70845 0.465393
8.72647 0.465719
8.74089 0.465629
8.75531 0.465551
8.76853 0.465357
8.78535 0.465562
8.79977 0.465492
8.81419 0.46543
8.83101 0.465752
8.84783 0.465908
8.86225 0.466044
8.87547 0.465914
8.88989 0.465799
8.90431 0.46545
8.91993 0.465268
8.93795 0.465485
8.95237 0.465799
8.96799 0.466074
8.98361 0.466565
8.99683 0.466869
9.01125 0.467386
9.02207 0.467712
9.03408 0.468123
9.0497 0.468858
9.06172 0.469626
9.08695 0.471923
9.10377 0.472682
9.11819 0.473097
9.12901 0.47321
9.14102 0.472684
9.15665 0.472348
9.16866 0.472055
9.18548 0.471923
9.20952 0.472557
9.22634 0.471238
9.24196 0.469583
9.25758 0.46776
9.2732 0.46579
9.28882 0.463566
9.30444 0.461246
9.32006 0.45884
9.34049 0.456735
9.35491 0.454268
9.37173 0.45186
9.38735 0.449377
9.40177 0.447205
9.41499 0.445179
9.42821 0.443407
9.44383 0.441856
9.45705 0.440499
9.47146 0.439312
9.48709 0.438523
9.5003 0.437582
9.51472 0.43676
9.53034 0.43629
9.54476 0.435753
9.55918 0.435409
9.5748 0.435233
9.59042 0.435329
9.60484 0.435288
9.61926 0.435377
9.63488 0.43558
9.6469 0.435507
9.66372 0.435694
9.67934 0.436107
9.69136 0.436219
9.70698 0.436441
9.7214 0.436636
9.73582 0.436807
9.75264 0.437331
9.76586 0.437539
9.78148 0.437972
9.7959 0.438351
9.81272 0.439057
9.82714 0.439675
9.84156 0.440215
9.85958 0.441188
9.8728 0.441915
9.88842 0.442675
9.90284 0.443341
9.91966 0.444298
9.93288 0.444886
9.9485 0.44565
9.96532 0.446694
9.97854 0.447482
9.99416 0.448297
10.0098 0.449135
10.0242 0.449993
10.041 0.451119
10.0542 0.451854
10.0711 0.452872
10.0867 0.453763
10.1023 0.454543
10.1179 0.45535
10.1347 0.456431
10.1468 0.456877
10.1612 0.457393
10.1756 0.457719
10.19 0.458129
10.2068 0.458738
10.2201 0.45902
10.2369 0.459393
10.2513 0.459844
10.2669 0.460238
10.2825 0.460584
10.297 0.460761
10.3114 0.461041
10.3258 0.460785
10.3414 0.460812
10.3558 0.460711
10.3727 0.460997
10.3871 0.460997
10.4015 0.460873
10.4291 0.462514
10.4436 0.461949
10.4604 0.461581
10.4748 0.461008
10.4916 0.460882
10.506 0.460522
10.5217 0.460207
10.5373 0.460056
10.5529 0.459799
10.5697 0.459824
10.589 0.460221
10.6022 0.460193
10.6178 0.460294
10.6334 0.460507
10.6502 0.460944
10.8349 0.482576
10.8611 0.448629
11.0437 0.418675
11.0584 0.392466
11.0731 0.369533
11.0911 0.349966
11.1057 0.33272
11.1172 0.317255
11.1322 0.303723
11.1476 0.292008
11.162 0.281757
11.176 0.272537
11.1906 0.264595
11.2062 0.257771
11.2208 0.251674
11.2356 0.246465
11.2507 0.241907
11.2644 0.237794
11.28 0.234319
11.2968 0.231529
11.31 0.228963
11.3268 0.226843
11.3413 0.225113
11.3569 0.223598
11.3713 0.222274
11.3821 0.220739
11.3981 0.219522
11.4117 0.218207
11.4257 0.217056
11.4404 0.216049
11.4564 0.215293
11.4698 0.214506
11.4878 0.214193
11.5022 0.213919
11.5166 0.213554
11.5323 0.213485
11.5479 0.213424
11.5635 0.213496
11.5791 0.213809
11.5935 0.213958
11.608 0.214338
11.6224 0.215171
11.6356 0.216025
11.6512 0.217271
11.6656 0.218613
11.68 0.220286
11.6933 0.221875
11.7065 0.223391
11.7185 0.224717
11.7341 0.226502
11.7485 0.228315
11.7618 0.230025
11.7774 0.232022
11.7894 0.233894
11.805 0.236033
11.8194 0.238153
11.8351 0.240509
11.8495 0.242946
11.8651 0.245577
11.8807 0.248255
11.8939 0.250723
11.9096 0.253383
11.9252 0.256335
11.942 0.259418
11.954 0.262241
11.9708 0.265211
11.9877 0.268559
12.0009 0.271615
12.0153 0.274663
12.0309 0.277705
12.0465 0.280992
12.0598 0.283993
12.0766 0.287244
12.0994 0.290588
12.1186 0.29339
12.1379 0.295841
12.1523 0.297486
12.1703 0.2988
12.1883 0.299825
12.2015 0.299972
12.2172 0.299725
12.2328 0.29901
12.2484 0.298009
12.2664 0.297007
12.2808 0.295507
12.2917 0.293818
12.3061 0.292466
12.3181 0.291033
12.3325 0.289654
12.3457 0.288322
12.3602 0.287282
12.3734 0.286246
12.3866 0.285091
12.401 0.284204
12.4178 0.283679
12.4298 0.282969
12.4455 0.282473
12.4611 0.282289
12.4743 0.282003
12.4899 0.281877
12.5043 0.281893
12.52 0.281906
12.5356 0.282168
12.55 0.282522
12.5656 0.282957
12.58 0.283337
12.5945 0.28367
12.6113 0.284336
12.6257 0.284919
12.6401 0.285429
12.6545 0.285876
12.6702 0.286516
12.687 0.287327
12.7014 0.288161
12.7146 0.288641
12.7314 0.289436
12.7459 0.290131
12.7615 0.29099
12.7783 0.291991
12.7903 0.292617
12.8072 0.29354
12.8228 0.294473
12.836 0.295038
12.8528 0.295909
12.8684 0.29692
12.8804 0.297555
12.8985 0.298611
12.9117 0.299284
12.9273 0.300124
12.9429 0.300983
12.9574 0.30186
12.973 0.302628
12.9886 0.303549
13.003 0.304481
13.0186 0.305421
13.0331 0.306243
13.0487 0.307088
13.0643 0.308077
13.0787 0.308942
13.0943 0.309949
13.1088 0.310706
13.1244 0.311617
13.14 0.31254
13.1544 0.313473
13.1688 0.314164
13.1857 0.315143
13.1989 0.315875
13.2145 0.316766
13.2301 0.317795
13.2433 0.318446
13.2602 0.31939
13.277 0.320466
13.2914 0.321533
13.307 0.322591
13.3214 0.323517
13.3359 0.324328
13.3539 0.325537
13.3671 0.32647
13.3815 0.327286
13.3959 0.328
13.4128 0.329
13.4284 0.330125
13.4428 0.330985
13.4572 0.331861
13.474 0.333004
13.4873 0.333878
13.5041 0.334894
13.5185 0.335782
13.5329 0.336559
13.5485 0.337489
13.5642 0.338428
13.5798 0.339375
13.5954 0.340453
13.6098 0.341396
13.6254 0.342472
13.6423 0.343663
13.6579 0.34483
13.6735 0.346101
13.6867 0.347213
13.6999 0.348437
13.7144 0.349882
13.7264 0.351272
13.7408 0.352863
13.754 0.354505
13.7684 0.356317
13.7828 0.358152
13.7961 0.360133
13.8105 0.362242
13.8261 0.364586
13.8393 0.366888
13.8537 0.369152
13.8682 0.371633
13.879 0.373679
13.8934 0.375844
13.9054 0.377864
13.9186 0.379881
13.9318 0.381771
13.9463 0.383924
13.9691 0.386809
13.9871 0.389208
14.0063 0.391307
14.0244 0.393018
14.0424 0.394391
14.0568 0.394967
14.076 0.395596
14.0953 0.396147
14.1133 0.396503
14.1325 0.396815
14.1505 0.396964
14.1662 0.396718
14.1806 0.396503
14.195 0.39619
14.2058 0.395542
14.2238 0.395474
14.2371 0.395415
14.2503 0.395238
14.2671 0.395333
14.2803 0.395291
14.2959 0.39538
14.3116 0.395708
14.326 0.395869
14.3404 0.396135
14.356 0.396619
14.368 0.396791
14.3824 0.396817
14.3969 0.39684
14.4125 0.39711
14.4269 0.397346
14.4413 0.397678
14.4557 0.397843
14.4714 0.398238
14.487 0.398708
14.499 0.398995
14.5146 0.399245
14.529 0.39959
14.5447 0.400016
14.5591 0.400514
14.5747 0.40095
14.5903 0.401581
14.6035 0.402008
14.6204 0.402757
14.6336 0.403288
14.6504 0.404002
14.6672 0.405001
14.6816 0.405876
14.6973 0.406892
14.7129 0.40778
14.7273 0.408683
14.7441 0.409847
14.7585 0.410866
14.7742 0.411883
14.7898 0.412898
14.8042 0.413911
14.8198 0.414922
14.8367 0.416182
14.8511 0.417284
14.8667 0.418373
14.8811 0.419452
14.8979 0.420645
14.9112 0.421565
14.928 0.422619
14.9424 0.423667
14.9592 0.424958
14.9736 0.425964
14.9905 0.427218
15.0049 0.428316
15.0193 0.429401
15.0361 0.430726
15.0493 0.431635
15.0662 0.432806
15.0842 0.43433
15.0962 0.435414
15.1142 0.436737
15.1274 0.43777
15.1431 0.438924
15.1587 0.440058
15.1743 0.441301
15.1887 0.442263
15.2055 0.44348
15.2212 0.444795
15.2368 0.446071
15.25 0.447062
15.2668 0.448179
15.2812 0.449282
15.2969 0.450372
15.3125 0.45145
15.3281 0.452644
15.3437 0.453813
15.3593 0.455087
15.3726 0.456076
15.3894 0.457191
15.405 0.458418
15.4206 0.459615
15.4363 0.460913
15.4543 0.462424
15.4663 0.463496
15.4843 0.464934
15.4999 0.466317
15.5168 0.467778
15.5324 0.469306
15.5468 0.470642
15.5624 0.472062
15.5744 0.473179
15.5889 0.474532
15.5997 0.47559
15.6129 0.476767
15.6249 0.477796
15.6381 0.479071
15.6525 0.480562
15.6646 0.481742
15.679 0.482774
15.6982 0.484053
15.715 0.485296
15.733 0.486759
15.7475 0.488039
15.7667 0.489534
15.7823 0.490967
15.7991 0.492472
15.8292 0.493538
15.8484 0.49447
15.8664 0.495162
15.882 0.495391
15.8977 0.495217
15.9169 0.495065
15.9325 0.494557
15.9517 0.494112
15.9686 0.493473
15.9866 0.492789
16.0058 0.492191
16.0226 0.491417
16.0358 0.49049
16.0527 0.490053
16.0647 0.489422
16.0779 0.488744
16.0935 0.488401
16.1079 0.487976
16.1212 0.487604
16.1368 0.487403
16.1524 0.487478
16.1668 0.487418
16.1788 0.487116
16.1957 0.487226
16.2113 0.487448
16.2233 0.487392
16.2389 0.487468
16.2521 0.48741
16.2666 0.487358
16.281 0.487314
16.2966 0.487399
16.311 0.487599
16.3242 0.48765
16.3387 0.487568
16.3543 0.487622
16.3711 0.487795
16.3855 0.48782
16.4047 0.487843
16.4204 0.487862
16.4384 0.487755
16.4564 0.487785
16.4744 0.487812
16.4937 0.487836
16.5105 0.487856
16.5225 0.487624
16.5393 0.487546
16.5537 0.487353
16.5658 0.486934
16.5814 0.486817
16.5958 0.48659
16.609 0.486391
16.6234 0.486217
16.6379 0.48594
16.6535 0.485948
16.6679 0.485954
16.6835 0.486085
16.6979 0.486074
16.7148 0.48644
16.728 0.486635
16.7424 0.486806
16.758 0.487205
16.7712 0.487429
16.7856 0.487501
16.8001 0.487688
16.8157 0.487977
16.8301 0.48823
16.8445 0.488451
16.8626 0.48877
16.877 0.489049
16.8998 0.489792
16.9154 0.490443
16.9334 0.491013
16.9527 0.491636
16.9707 0.492182
16.9923 0.493034
17.0091 0.49378
17.0236 0.494432
17.038 0.494878
17.0548 0.495644
17.0692 0.496313
17.0848 0.497024
17.0993 0.497771
17.1149 0.498425
17.1281 0.498997
17.1425 0.499497
17.1593 0.500185
17.1726 0.500662
17.1894 0.501329
17.205 0.502163
17.2242 0.503143
17.2374 0.50375
17.2531 0.504531
17.2675 0.50509
17.2807 0.505453
17.2987 0.506272
17.3107 0.506613
17.3264 0.507161
17.3408 0.507516
17.3564 0.508077
17.372 0.508317
17.384 0.508527
17.3973 0.508961
17.4117 0.509341
17.4261 0.509549
17.4429 0.50948
17.4597 0.50917
17.479 0.509024
17.5018 0.509021
17.521 0.509393
17.5354 0.509719
17.5499 0.510004
17.5643 0.510004
17.5799 0.510003
17.6111 0.510253
17.628 0.510096
17.6472 0.510084
17.6652 0.509949
17.6856 0.509955
17.7013 0.509586
17.7181 0.509012
17.7361 0.508261
17.7553 0.507603
17.7722 0.506778
17.7866 0.505431
17.8034 0.504252
17.8178 0.50322
17.831 0.502318
17.8443 0.501278
17.8575 0.500243
17.8743 0.499713
17.8851 0.498749
17.9019 0.498155
17.914 0.497386
17.9284 0.496713
17.9428 0.496123
17.9572 0.495733
17.9728 0.495391
17.9872 0.495217
17.9993 0.494815
18.0137 0.494338
18.0281 0.494046
18.0437 0.493915
18.0581 0.493801
18.0726 0.493701
18.0882 0.493863
18.105 0.49388
18.1218 0.493895
18.1386 0.493533
18.1567 0.493217
18.1783 0.49319
18.1951 0.493291
18.2131 0.493505
18.2324 0.493816
18.2504 0.493964
18.2696 0.494344
18.2852 0.494926
18.3021 0.495435
18.3177 0.496006
18.3321 0.496505
18.3477 0.497067
18.3585 0.497184
18.3754 0.497536
18.3874 0.497594
18.4006 0.497519
18.4138 0.497205
18.4294 0.497179
18.4427 0.497032
18.4583 0.497028
18.4715 0.496899
18.4847 0.496662
18.4991 0.496454
18.5111 0.496022
18.5256 0.495645
18.54 0.495189
18.5544 0.494915
18.5688 0.494676
18.5832 0.494466
18.5965 0.494033
18.6145 0.493904
18.6301 0.493666
18.6493 0.493583
18.6722 0.493635
18.6878 0.493431
18.7058 0.493252
18.7262 0.493345
18.7455 0.493552
18.7647 0.493733
18.7815 0.494016
18.7983 0.494264
18.8139 0.494481
18.8284 0.494671
18.8452 0.495087
18.8596 0.495326
18.874 0.495661
18.8896 0.496078
18.9041 0.496443
18.9185 0.496763
18.9353 0.497417
18.9497 0.497865
18.9654 0.498507
18.981 0.499194
18.9966 0.49992
19.0098 0.50043
19.0254 0.501126
19.0398 0.50161
19.0543 0.502159
19.0699 0.502764
19.0855 0.503419
19.0987 0.503866
19.1131 0.504383
19.1276 0.50471
19.1408 0.505246
19.1516 0.505716
19.1925 0.505626
19.2105 0.505548
19.2285 0.505104
19.2477 0.504716
19.267 0.504377
19.2826 0.503955
19.2994 0.503585
19.3162 0.503512
19.3487 0.503448
19.3667 0.503142
19.3883 0.502999
19.4087 0.502874
19.4316 0.503015
19.4484 0.502638
19.4676 0.502183
19.488 0.501786
19.5073 0.501312
19.5265 0.500648
19.5445 0.499692
19.5601 0.498606
19.5758 0.497655
19.5878 0.496448
19.6034 0.495392
19.6166 0.494218
19.6322 0.493191
19.6443 0.491917
19.6599 0.490677
19.6755 0.489718
19.6887 0.488503
19.7031 0.48744
19.7164 0.48626
19.732 0.485103
19.7464 0.48409
19.7608 0.482954
19.7764 0.482084
19.7908 0.481074
19.8077 0.48044
19.8245 0.480135
19.8413 0.479993
19.8581 0.480119
19.8738 0.480104
19.8906 0.480341
19.9146 0.480673
19.9314 0.480964
19.9507 0.481219
19.9723 0.481566
19.9927 0.481995
20.0131 0.482621
20.0312 0.483168
20.048 0.483647
20.0624 0.484066
20.0792 0.484558
20.0949 0.484988
20.1093 0.48524
20.1249 0.48546
20.1429 0.486027
20.1561 0.486274
20.1742 0.486865
20.191 0.487382
20.2054 0.487834
20.2198 0.48798
20.2366 0.488357
20.2523 0.488688
20.2667 0.488852
20.2823 0.48912
20.2979 0.48923
20.3135 0.489451
20.3316 0.489895
20.346 0.490158
20.3616 0.490388
20.3772 0.490715
20.3904 0.49075
20.4085 0.491032
20.4229 0.491028
20.4421 0.491149
20.4625 0.491006
20.4842 0.49113
20.5046 0.491114
20.5214 0.490974
20.5382 0.490978
20.5527 0.49073
20.5707 0.490764
20.5839 0.490544
20.5971 0.490101
20.6139 0.489838
20.6296 0.489483
20.644 0.488923
20.662 0.488808
20.6776 0.488582
20.6945 0.488509
20.7125 0.48882
20.7269 0.488843
20.7425 0.488987
20.7569 0.488864
20.7726 0.488881
20.7894 0.489021
20.8038 0.489018
20.8218 0.489141
20.8374 0.489248
20.8531 0.489467
20.8663 0.489409
20.8819 0.489233
20.8939 0.489079
20.9059 0.488819
20.9204 0.488966
20.9336 0.489221
20.9516 0.489193
20.972 0.489044
20.9924 0.488913
21.0069 0.488424
21.0249 0.488121
21.0405 0.488106
21.0573 0.487968
21.0718 0.487972
21.0838 0.487725
21.121 0.48826
21.1439 0.488852
21.1667 0.489746
21.1883 0.490652
21.2099 0.491571
21.2304 0.492375
21.2508 0.492953
21.2724 0.493709
21.2904 0.493995
21.3121 0.494496
21.3301 0.494559
21.3433 0.493989
21.3589 0.49349
21.3746 0.493054
21.389 0.492547
21.401 0.491604
21.4166 0.490903
21.431 0.490165
21.4455 0.489395
21.4587 0.48847
21.4731 0.487537
21.4863 0.48647
21.5019 0.485411
21.5163 0.484484
21.5296 0.483299
21.544 0.482137
21.5596 0.481119
21.5764 0.48048
21.5908 0.479795
21.6065 0.479195
21.6245 0.479046
21.6437 0.47879
21.6641 0.478441
21.687 0.478261
21.7074 0.478104
21.7278 0.477966
21.7495 0.477845
21.7687 0.477864
21.7927 0.478131
21.8119 0.47849
21.8288 0.478929
21.8444 0.479438
21.8624 0.480133
21.878 0.480741
21.8961 0.481524
21.9129 0.482208
21.9309 0.483057
21.9465 0.4838
21.9645 0.4847
21.9802 0.485487
21.9898 0.485302
22.0042 0.485014
22.0162 0.484262
22.2057 0.505354
22.2257 0.46831
22.4151 0.436021
22.4332 0.408019
22.447 0.383141
22.4631 0.361499
22.4805 0.342686
22.4961 0.326226
22.5117 0.311697
22.5268 0.29886
22.5432 0.287753
22.5596 0.278159
22.5744 0.269639
22.5914 0.262309
22.6079 0.255895
22.6221 0.250158
22.6393 0.245264
22.654 0.240731
22.6699 0.236764
22.688 0.233544
22.7048 0.230851
22.7204 0.228494
22.7384 0.226683
22.7552 0.225222
22.7697 0.22382
22.7841 0.222467
22.7983 0.221034
22.8147 0.219779
22.8291 0.218557
22.8456 0.217487
22.862 0.216551
22.8769 0.215608
22.8934 0.214907
22.9119 0.214543
22.9252 0.213975
22.9432 0.213728
22.9636 0.214012
22.9768 0.214011
22.9948 0.214259
23.0117 0.214602
23.0297 0.215152
23.0441 0.215508
23.0621 0.216069
23.0778 0.216436
23.0886 0.216131
23.1006 0.215365
23.1198 0.215069
23.1354 0.214811
23.1535 0.214834
23.1715 0.21523
23.1871 0.215576
23.2039 0.216004
23.2171 0.216629
23.234 0.21755
23.2472 0.218481
23.2616 0.219421
23.2772 0.220744
23.2928 0.222151
23.3097 0.223882
23.3241 0.225647
23.3409 0.227691
23.3565 0.229854
23.3722 0.232123
23.3878 0.234482
23.4034 0.236922
23.4202 0.239557
23.4346 0.241987
23.4515 0.244739
23.4695 0.247771
23.4839 0.25055
23.5031 0.253856
23.5199 0.257249
23.5368 0.260718
23.5536 0.264253
23.5716 0.267972
23.5884 0.27185
23.6053 0.275744
23.6209 0.279401
23.6401 0.283601
23.6557 0.287526
23.6834 0.292335
23.7062 0.296793
23.7278 0.300694
23.7458 0.303732
23.7639 0.306016
23.7819 0.307639
23.7975 0.308434
23.8155 0.308755
23.8324 0.308535
23.848 0.307593
23.866 0.306519
23.8792 0.304954
23.8924 0.303335
23.9069 0.301668
23.9237 0.30046
23.9381 0.299277
23.9549 0.298368
23.973 0.297822
23.9874 0.297219
24.0066 0.297192
24.0234 0.297293
24.0378 0.297256
24.0559 0.297474
24.0739 0.29804
24.0883 0.29841
24.1063 0.299109
24.1232 0.299845
24.1388 0.300364
24.1556 0.301069
24.1736 0.301935
24.1892 0.302818
24.2061 0.303716
24.2229 0.304627
24.2397 0.305548
24.2565 0.306605
24.2746 0.307779
24.2878 0.308432
24.307 0.309503
24.325 0.310815
24.3394 0.311838
24.3575 0.312983
24.3743 0.314235
24.3899 0.315206
24.4079 0.31643
24.4224 0.317376
24.4404 0.318454
24.4584 0.319773
24.4716 0.320551
24.4908 0.321732
24.5077 0.322891
24.5233 0.324029
24.5401 0.325151
24.5581 0.326507
24.5738 0.327568
24.5906 0.328747
24.6086 0.330029
24.6242 0.33115
24.6422 0.332507
24.6615 0.334068
24.6759 0.33531
24.6927 0.336521
24.7107 0.337956
24.7264 0.339211
24.7432 0.34056
24.7612 0.34199
24.7756 0.342991
24.7936 0.344242
24.8105 0.345462
24.8261 0.346654
24.8441 0.347947
24.8597 0.349079
24.8766 0.350194
24.8934 0.35142
24.9102 0.352617
24.927 0.35379
24.9426 0.354816
24.9607 0.355964
24.9763 0.357094
24.9955 0.358457
25.0111 0.359775
25.0268 0.360803
25.046 0.362203
25.0628 0.363552
25.0772 0.364608
25.0952 0.365907
25.1109 0.366919
25.1289 0.368179
25.1457 0.369407
25.1601 0.370481
25.1782 0.371671
25.195 0.372837
25.2106 0.373857
25.2286 0.375
25.2442 0.376125
25.2611 0.377234
25.2791 0.37858
25.2935 0.379758
25.3091 0.381163
25.3223 0.382518
25.338 0.383953
25.3536 0.385709
25.3668 0.38737
25.3812 0.389074
25.398 0.39119
25.4137 0.393291
25.4281 0.395505
25.4449 0.397817
25.4617 0.400464
25.4774 0.403156
25.4942 0.406137
25.5098 0.40912
25.5266 0.41223
25.541 0.415326
25.5663 0.419035
25.5879 0.422281
25.6131 0.425871
25.6348 0.429012
25.6576 0.43201
25.6756 0.434259
25.696 0.436352
25.7117 0.437433
25.7285 0.437879
25.7453 0.437769
25.7609 0.437048
25.7754 0.436042
25.7898 0.434912
25.8042 0.433798
25.8162 0.432448
25.8306 0.431017
25.845 0.429765
25.8595 0.428419
25.8763 0.427492
25.8907 0.42643
25.9063 0.425627
25.9219 0.424798
25.9388 0.424198
25.9556 0.423924
25.9712 0.423683
25.988 0.423723
26.0049 0.423757
26.0217 0.424038
26.0385 0.424408
26.0541 0.424857
26.0721 0.4255
26.089 0.426187
26.1034 0.426664
26.1214 0.427331
26.1358 0.42779
26.1527 0.428316
26.1683 0.428901
26.1851 0.429539
26.2019 0.430221
26.2175 0.430819
26.2344 0.431591
26.2524 0.432517
26.268 0.433328
26.286 0.434412
26.3017 0.435235
26.3185 0.436206
26.3353 0.43718
26.3521 0.438283
26.3665 0.438997
26.3834 0.439873
26.4002 0.440764
26.417 0.441668
26.4314 0.442335
26.4494 0.443168
26.4663 0.444147
26.4819 0.444878
26.4987 0.445769
26.5143 0.446548
26.5312 0.447479
26.5492 0.448544
26.5648 0.449351
26.5816 0.450307
26.596 0.451019
26.6141 0.452017
26.6297 0.452764
26.6453 0.453544
26.6633 0.454476
26.6802 0.455541
26.6946 0.456224
26.7126 0.457071
26.7282 0.457937
26.7438 0.45857
26.7619 0.459499
26.7775 0.460311
26.7943 0.461272
26.8111 0.462238
26.8268 0.463084
26.8436 0.463948
26.8592 0.464705
26.876 0.465616
26.8916 0.466289
26.9085 0.467128
26.9253 0.467987
26.9409 0.468739
26.9577 0.469521
26.9733 0.470331
26.9902 0.471165
27.007 0.471894
27.0214 0.472532
27.0382 0.473216
27.0539 0.473814
27.0707 0.474462
27.0887 0.475404
27.1043 0.476229
27.1211 0.4772
27.1404 0.478425
27.1548 0.479247
27.1656 0.479841
27.18 0.480611
27.1932 0.48141
27.2101 0.482608
27.2269 0.483782
27.2437 0.484935
27.2617 0.485943
27.281 0.487325
27.299 0.488659
27.3158 0.489827
27.3338 0.491224
27.3519 0.492571
27.3699 0.493999
27.3999 0.496874
27.4203 0.497515
27.4384 0.497701
27.4576 0.497613
27.478 0.497536
27.4924 0.496719
27.5081 0.495379
27.5237 0.493457
27.5405 0.491275
27.5585 0.489116
27.5766 0.486851
27.591 0.483995
27.6042 0.48137
27.6162 0.478574
27.6318 0.476127
27.645 0.473736
27.6607 0.471644
27.6727 0.469314
27.6895 0.4674
27.7027 0.465475
27.7195 0.463915
27.734 0.462426
27.7496 0.461123
27.7652 0.460107
27.7796 0.458969
27.7964 0.458223
27.8121 0.45757
27.8277 0.456874
27.8445 0.456514
27.8601 0.4562
27.8757 0.455925
27.8914 0.455685
27.907 0.455474
27.9262 0.45579
27.9394 0.455566
27.9539 0.45512
27.9707 0.45498
27.9875 0.454983
28.0127 0.45486
28.032 0.454877
28.0476 0.454893
28.0644 0.455031
28.0812 0.455277
28.0968 0.455368
28.1137 0.455572
28.1305 0.455875
28.1473 0.456266
28.1629 0.456608
28.1798 0.457032
28.1966 0.457528
28.2134 0.458087
28.229 0.458576
28.2446 0.458879
28.2627 0.459394
28.2783 0.459845
28.2963 0.460489
28.3119 0.460928
28.3288 0.461437
28.3456 0.462007
28.3612 0.462506
28.3768 0.462943
28.3924 0.463325
28.4081 0.46366
28.4249 0.463952
28.4405 0.464208
28.4585 0.464682
28.4729 0.464847
28.4898 0.465116
28.5078 0.465601
28.5222 0.465901
28.539 0.466289
28.5547 0.466503
28.5703 0.46669
28.5883 0.467229
28.6051 0.467825
28.6207 0.468222
28.6376 0.468694
28.6544 0.469232
28.67 0.469703
28.6868 0.470115
28.7024 0.470476
28.7193 0.470916
28.7373 0.471427
28.7517 0.471624
28.7709 0.471921
28.789 0.472431
28.8046 0.472877
28.8214 0.473267
28.8394 0.473859
28.8563 0.474501
28.8719 0.474939
28.8887 0.475446
28.9031 0.475766
28.9211 0.476295
28.938 0.476633
28.95 0.476804
28.9644 0.477203
28.9776 0.477678
28.9908 0.478093
29.0053 0.478707
29.0233 0.479368
29.0401 0.480197
29.0557 0.480798
29.0725 0.481198
29.0894 0.481548
29.105 0.481855
29.1206 0.481998
29.1386 0.482248
29.1579 0.482842
29.1939 0.483862
29.2131 0.484629
29.2312 0.484925
29.2516 0.484935
29.2708 0.484693
29.29 0.484356
29.3093 0.483812
29.3249 0.48246
29.3453 0.481278
29.3645 0.479993
29.3777 0.478119
29.3922 0.476354
29.4054 0.47456
29.421 0.47299
29.433 0.471116
29.4474 0.469227
29.4619 0.467323
29.4751 0.465408
29.4883 0.463357
29.5039 0.461437
29.5183 0.459633
29.5364 0.458304
29.5484 0.456641
29.5652 0.455311
29.582 0.454272
29.5952 0.453113
29.6109 0.451974
29.6253 0.450852
29.6397 0.44962
29.6565 0.448668
29.6709 0.447584
29.6878 0.446761
29.7034 0.446041
29.719 0.445411
29.7358 0.44486
29.7526 0.444502
29.7695 0.444314
29.7887 0.44415
29.8079 0.444006
29.8247 0.444006
29.8404 0.444005
29.8572 0.444129
29.874 0.444363
29.8896 0.444443
29.9065 0.444637
29.9257 0.445183
29.9413 0.445785
29.9593 0.446562
29.9737 0.446992
29.9906 0.447493
30.0074 0.448056
30.023 0.448549
30.041 0.44923
30.0555 0.449577
30.0735 0.45013
30.0915 0.450863
30.1071 0.451505
30.1239 0.452067
30.1396 0.452559
30.1564 0.453239
30.1744 0.454084
30.1888 0.454574
30.2057 0.455127
30.2237 0.455861
30.2405 0.456628
30.2561 0.4573
30.2717 0.457762
30.2898 0.458417
30.3054 0.45899
30.321 0.459491
30.3378 0.45993
30.3559 0.460564
30.3715 0.461243
30.3883 0.461963
30.4051 0.462717
30.4207 0.463253
30.4376 0.463846
30.4544 0.46449
30.47 0.465054
30.4868 0.465547
30.5024 0.465979
30.5181 0.466357
30.5373 0.467062
30.5541 0.467804
30.5697 0.468329
30.5866 0.469038
30.6046 0.469908
30.6214 0.470794
30.637 0.47157
30.6538 0.472249
30.6683 0.472718
30.6875 0.473503
30.6995 0.47369
30.7139 0.473979
30.7259 0.474232
30.7392 0.474578
30.7524 0.47488
30.768 0.475395
30.7848 0.475846
30.7992 0.476115
30.8173 0.476601
30.8329 0.476651
30.8497 0.476819
30.8677 0.477092
30.8834 0.477205
30.899 0.477305
30.9374 0.478017
30.9554 0.478265
30.9795 0.478857
30.9987 0.478999
31.0215 0.479375
31.042 0.479578
31.0624 0.479755
31.0816 0.479536
31.1032 0.479469
31.1189 0.47866
31.1321 0.477328
31.1501 0.476537
31.1633 0.47547
31.1789 0.474411
31.191 0.472985
31.2066 0.471737
31.221 0.47052
31.2354 0.469205
31.2498 0.467804
31.2619 0.466078
31.2763 0.464444
31.2919 0.462888
31.3051 0.461277
31.3207 0.459743
31.334 0.45815
31.3496 0.456756
31.3652 0.455537
31.3772 0.453969
31.3928 0.452473
31.4073 0.451039
31.4229 0.449659
31.4409 0.448702
31.4529 0.447364
31.4697 0.446319
31.4854 0.445404
31.501 0.444478
31.5214 0.443918
31.5442 0.443554
31.5611 0.443359
31.5755 0.44294
31.5935 0.442822
31.6079 0.442594
31.6247 0.44252
31.6416 0.44258
31.6584 0.442758
31.6764 0.443163
31.692 0.443517
31.7089 0.443828
31.7257 0.444224
31.7401 0.444446
31.7569 0.44464
31.7749 0.44506
31.7918 0.445553
31.8086 0.446109
31.8242 0.446595
31.841 0.447146
31.8566 0.447503
31.8735 0.44794
31.8915 0.448697
31.9083 0.449485
31.9239 0.450049
31.9408 0.450668
31.9576 0.451335
31.9732 0.451918
31.99 0.452553
32.0081 0.453359
32.0249 0.454064
32.0405 0.454681
32.0573 0.455346
32.0717 0.455678
32.0898 0.456218
32.1066 0.456816
32.1234 0.457464
32.1414 0.458281
32.1558 0.458746
32.1727 0.459278
32.1895 0.459868
32.2051 0.460384
32.2243 0.461211
32.24 0.461935
32.2556 0.462568
32.2736 0.463372
32.288 0.463951
32.3048 0.464457
32.3229 0.46515
32.3421 0.466256
32.3589 0.467224
32.3733 0.467946
32.389 0.468453
32.4058 0.469021
32.4238 0.469768
32.4382 0.470297
32.4514 0.47076
32.4659 0.471415
32.4791 0.472113
32.4935 0.472849
32.5079 0.473618
32.5211 0.474541
32.5368 0.475098
32.55 0.475461
32.568 0.475778
32.586 0.476306
32.6016 0.476518
32.6185 0.476578
32.6353 0.477006
32.6725 0.477755
32.6918 0.478161
32.7134 0.478516
32.7326 0.478576
32.7554 0.478879
32.7783 0.479394
32.7975 0.47947
32.8191 0.479661
32.8408 0.479829
32.8612 0.479975
32.8792 0.479978
32.8948 0.479856
32.908 0.479499
32.9249 0.479187
32.9405 0.478913
32.9537 0.478299
32.9669 0.477387
32.9838 0.476713
32.9994 0.476124
33.0138 0.475359
33.0282 0.474564
33.0426 0.473618
33.0582 0.472916
33.0739 0.472177
33.0883 0.471404
33.1015 0.470354
33.1147 0.46906
33.1279 0.467552
33.1436 0.466233
33.1568 0.464704
33.17 0.462991
33.1844 0.461367
33.1988 0.459696
33.2157 0.458359
33.2301 0.457064
33.2457 0.455806
33.2649 0.454455
33.2878 0.453524
33.3058 0.452333
33.3238 0.451291
33.3406 0.450505
33.3574 0.449942
33.3695 0.448949
33.3839 0.447831
33.5789 0.417977
33.5949 0.391855
33.7887 0.369123
33.8044 0.349232
33.8203 0.331828
33.8372 0.316725
33.8522 0.303384
33.8682 0.291711
33.8841 0.281497
33.9001 0.27256
33.916 0.26474
33.9328 0.257898
33.9479 0.251785
33.9655 0.246687
33.9823 0.242351
33.9968 0.238307
34.0128 0.234769
34.0277 0.231548
34.0436 0.228729
34.0599 0.226263
34.0757 0.224105
34.0915 0.222217
34.1074 0.22069
34.1242 0.219479
34.1399 0.218294
34.1553 0.217257
34.1728 0.216475
34.1896 0.215916
34.2064 0.215551
34.2232 0.215357
34.2389 0.215063
34.2533 0.21468
34.2675 0.214095
34.283 0.213583
34.299 0.21301
34.3156 0.212634
34.332 0.212305
34.3469 0.211892
34.3652 0.211905
34.3811 0.211917
34.3979 0.211927
34.4135 0.211936
34.4316 0.212194
34.4472 0.21242
34.464 0.212618
34.4808 0.212915
34.4976 0.213301
34.5145 0.213763
34.5313 0.214293
34.5469 0.214631
34.5589 0.214552
34.5709 0.213983
34.5875 0.21361
34.6044 0.213409
34.6212 0.213358
34.6368 0.213188
34.6548 0.21329
34.6716 0.213503
34.6885 0.213816
34.7041 0.214089
34.7233 0.214703
34.7365 0.214865
34.7546 0.215257
34.7714 0.215725
34.787 0.216009
34.8062 0.216758
34.8218 0.217288
34.8375 0.217752
34.8555 0.218408
34.8711 0.218982
34.8879 0.219484
34.9048 0.220049
34.9216 0.220668
34.9384 0.221334
34.9564 0.222167
34.9744 0.223147
34.9913 0.224128
35.0069 0.224862
35.0213 0.225879
35.0369 0.227019
35.0501 0.228142
35.0646 0.229249
35.0814 0.230718
35.0934 0.232003
35.1066 0.233128
35.1234 0.234612
35.1391 0.236285
35.1535 0.237875
35.1679 0.239515
35.1823 0.241201
35.1967 0.242801
35.2136 0.244701
35.2268 0.246363
35.2424 0.248193
35.2592 0.250419
35.2748 0.252616
35.2893 0.254789
35.3025 0.256691
35.3169 0.258479
35.3325 0.260419
35.3481 0.262617
35.3602 0.264415
35.3758 0.266238
35.3914 0.268208
35.407 0.270307
35.4311 0.273019
35.4575 0.276141
35.4803 0.279124
35.5032 0.281983
35.526 0.28461
35.5452 0.286909
35.5668 0.28892
35.5873 0.290805
35.6065 0.29233
35.6245 0.293414
35.6389 0.293987
35.6509 0.294113
35.6666 0.294474
35.6798 0.29454
35.6918 0.294222
35.7074 0.29407
35.7206 0.293811
35.7351 0.293585
35.7507 0.293387
35.7651 0.293213
35.7795 0.293062
35.7963 0.293179
35.8084 0.292907
35.8252 0.292918
35.8384 0.292803
35.8552 0.292953
35.8732 0.293459
35.8877 0.293902
35.9045 0.294539
35.9201 0.295221
35.9357 0.295819
35.9525 0.296716
35.967 0.297377
35.9862 0.29858
36.0006 0.299507
36.0174 0.300694
36.0319 0.301607
36.0487 0.302656
36.0631 0.303574
36.0823 0.305002
36.0991 0.306502
36.1148 0.307814
36.1316 0.309213
36.146 0.310561
36.1628 0.311866
36.1797 0.313258
36.1953 0.314725
36.2121 0.31626
36.2289 0.317727
36.2433 0.319011
36.2602 0.32051
36.277 0.321946
36.2926 0.323328
36.3094 0.324787
36.3274 0.326564
36.3407 0.327868
36.3587 0.329385
36.3731 0.330712
36.3911 0.332373
36.4068 0.333826
36.4236 0.335348
36.4392 0.336929
36.4548 0.338313
36.4728 0.339899
36.4873 0.341287
36.5053 0.343001
36.5197 0.344376
36.5377 0.345954
36.5533 0.34746
36.569 0.348902
36.5858 0.350414
36.6026 0.351988
36.617 0.353364
36.6339 0.354819
36.6495 0.356216
36.6663 0.357689
36.6819 0.358978
36.7011 0.360856
36.7168 0.362499
36.7324 0.364061
36.7504 0.365929
36.7648 0.367438
36.7841 0.369383
36.7985 0.37096
36.8153 0.372715
36.8309 0.374251
36.8489 0.375969
36.8634 0.377473
36.8826 0.379414
36.8994 0.381362
36.9162 0.383317
36.9331 0.385277
36.9499 0.387243
36.9679 0.389337
36.9847 0.39142
37.0039 0.393868
37.0196 0.396134
37.0376 0.398492
37.0532 0.400681
37.07 0.402971
37.0845 0.404849
37.0965 0.406493
37.1097 0.408057
37.1241 0.4098
37.1349 0.4112
37.1481 0.412675
37.1602 0.413965
37.1746 0.415345
37.1866 0.416677
37.1998 0.417967
37.2118 0.419096
37.225 0.420334
37.2407 0.421792
37.2527 0.423193
37.2671 0.424794
37.2827 0.42657
37.2947 0.428124
37.3116 0.430108
37.3236 0.43197
37.3488 0.434723
37.3704 0.437383
37.3969 0.440585
37.4209 0.443887
37.4461 0.447526
37.469 0.451085
37.4954 0.455075
37.5146 0.45844
37.5363 0.46176
37.5579 0.46479
37.5771 0.467441
37.5927 0.469511
37.6047 0.471072
37.6168 0.472063
37.6324 0.473055
37.6456 0.473673
37.6576 0.473964
37.6732 0.474344
37.6841 0.474176
37.6997 0.474029
37.7141 0.474025
37.7261 0.473647
37.7417 0.473316
37.7574 0.473152
37.773 0.473133
37.7874 0.473116
37.8018 0.472977
37.8174 0.47298
37.8319 0.472982
37.8499 0.473359
37.8643 0.473689
37.8799 0.474103
37.8955 0.47459
37.91 0.474892
37.9256 0.47528
37.9412 0.47587
37.958 0.476636
37.976 0.477182
37.9977 0.477909
38.0205 0.47867
38.0421 0.479462
38.0614 0.480029
38.0794 0.4809
38.0962 0.481913
38.1106 0.482674
38.1274 0.483714
38.1455 0.485
38.1611 0.48625
38.1779 0.487469
38.1935 0.488785
38.2092 0.490062
38.2236 0.491054
38.2404 0.492173
38.256 0.493401
38.2728 0.494601
38.2885 0.495776
38.3017 0.496554
38.3185 0.49761
38.3341 0.498658
38.3497 0.499576
38.3642 0.500504
38.3798 0.501316
38.3966 0.502277
38.411 0.503117
38.4254 0.503852
38.4423 0.504746
38.4567 0.505403
38.4711 0.505977
38.4843 0.50623
38.5084 0.506826
38.53 0.507098
38.5528 0.507461
38.5708 0.507653
38.5901 0.508072
38.6069 0.508313
38.6213 0.508649
38.6381 0.508942
38.6549 0.50895
38.673 0.509206
38.6898 0.509555
38.7066 0.509986
38.7222 0.510363
38.7367 0.510692
38.7535 0.510981
38.7679 0.510983
38.7859 0.511235
38.8003 0.511331
38.816 0.511414
38.8316 0.511613
38.8472 0.511786
38.8616 0.511813
38.876 0.511836
38.8893 0.511607
38.9049 0.511156
38.9193 0.510761
38.9313 0.510416
38.9421 0.510114
38.9553 0.509975
38.9662 0.509728
38.9818 0.509762
38.9938 0.509667
39.0166 0.509458
39.0371 0.509276
39.0587 0.508867
39.0779 0.508633
39.0971 0.508429
39.1152 0.5085
39.1308 0.508563
39.1704 0.509493
39.1909 0.510306
39.2125 0.511268
39.2341 0.512484
39.2533 0.513424
39.2714 0.513996
39.2918 0.514621
39.311 0.515169
39.329 0.515398
39.3459 0.515223
39.3591 0.51432
39.3759 0.51303
39.3879 0.511651
39.4011 0.51032
39.4132 0.50878
39.424 0.506807
39.4384 0.505206
39.4492 0.503306
39.4624 0.501392
39.4744 0.499468
39.4877 0.497535
39.5009 0.495593
39.5129 0.493519
39.5285 0.491954
39.5393 0.490085
39.5549 0.488449
39.5694 0.487018
39.5838 0.485766
39.5982 0.48467
39.6126 0.483586
39.6294 0.482888
39.6499 0.482402
39.6703 0.482102
39.6919 0.481714
39.7172 0.481875
39.7376 0.48214
39.7568 0.482498
39.7784 0.483061
39.7989 0.483553
39.8181 0.484234
39.8349 0.48483
39.8517 0.485601
39.8686 0.486526
39.8854 0.487585
39.9022 0.488762
39.9178 0.489792
39.9335 0.490943
39.9491 0.492075
39.9635 0.492941
39.9803 0.493948
39.9959 0.494954
40.0116 0.49596
40.0272 0.496965
40.0428 0.49797
40.0572 0.498848
40.0716 0.499492
40.0897 0.500431
40.1029 0.501002
40.1185 0.501627
40.1341 0.502298
40.1509 0.503011
40.1678 0.503885
40.181 0.504274
40.1978 0.504865
40.2194 0.506257
40.2399 0.50735
40.2591 0.508181
40.2807 0.509158
40.3011 0.510014
40.3204 0.510512
40.3372 0.510698
40.354 0.510861
40.3708 0.510878
40.3877 0.510893
40.4045 0.511032
40.4213 0.511153
40.4369 0.511134
40.4513 0.511117
40.4634 0.510602
40.4802 0.510402
40.4934 0.509852
40.509 0.50937
40.5222 0.508574
40.5367 0.507752
40.5511 0.506908
40.5667 0.50617
40.5823 0.505648
40.5931 0.504442
40.6087 0.503387
40.6232 0.502464
40.64 0.501781
40.658 0.501558
40.6712 0.500863
40.6832 0.50013
40.6965 0.499614
40.7085 0.499162
40.7265 0.499392
40.7469 0.499593
40.7674 0.499894
40.7866 0.499907
40.807 0.499919
40.8238 0.499554
40.8407 0.499235
40.8587 0.49908
40.8743 0.498945
40.9055 0.500577
40.9236 0.499505
40.9488 0.499192
40.9704 0.499168
40.9921 0.499397
41.0113 0.499472
41.0305 0.499413
41.0521 0.499612
41.0726 0.499785
41.0942 0.500187
41.1134 0.500289
41.1278 0.499628
41.1399 0.498674
41.1519 0.497465
41.1639 0.496032
41.1771 0.494653
41.1903 0.493196
41.2023 0.491547
41.2132 0.489603
41.2252 0.487528
41.2396 0.485587
41.2528 0.483639
41.2648 0.481559
41.2792 0.479739
41.2925 0.477897
41.3057 0.476034
41.3201 0.47428
41.3321 0.47237
41.3489 0.470824
41.3646 0.469596
41.379 0.468396
41.3946 0.467472
41.4114 0.466913
41.4258 0.466299
41.4475 0.466636
41.4679 0.466807
41.4859 0.466831
41.5087 0.467227
41.5292 0.467574
41.552 0.468127
41.57 0.468236
41.5857 0.467832
41.6025 0.467603
41.6193 0.467652
41.6337 0.467571
41.6517 0.467874
41.6662 0.46814
41.683 0.468498
41.6974 0.46881
41.7142 0.469334
41.7298 0.469792
41.7467 0.470443
41.7623 0.471138
41.7791 0.471996
41.7935 0.472621
41.8116 0.473544
41.826 0.474226
41.844 0.475197
41.8584 0.476048
41.8764 0.477042
41.8897 0.477662
41.9077 0.478579
41.9233 0.479506
41.9389 0.480318
41.9545 0.481153
41.9714 0.482134
41.9882 0.483242
42.0038 0.484212
42.0194 0.485186
42.0375 0.486412
42.0543 0.487486
42.0699 0.48805
42.0891 0.489044
42.1071 0.490038
42.1228 0.490784
42.1432 0.492186
42.1564 0.492787
42.1732 0.493564
42.1877 0.493994
42.2045 0.494619
42.2213 0.495292
42.2369 0.495755
42.2525 0.496036
42.2706 0.496656
42.2838 0.496699
42.3018 0.497112
42.3126 0.496598
42.3306 0.496523
42.3451 0.496208
42.3619 0.496057
42.3763 0.495675
42.3919 0.495215
42.4063 0.494688
42.422 0.494227
42.4364 0.493699
42.4484 0.492987
42.4604 0.492363
42.4724 0.491818
42.4869 0.491591
42.5013 0.491642
42.5193 0.491937
42.5349 0.49182
42.5529 0.491842
42.5722 0.492487
42.5902 0.492801
42.6058 0.492701
42.6274 0.493488
42.6407 0.493177
42.6707 0.49503
42.6911 0.494901
42.7128 0.494914
42.7344 0.495174
42.7572 0.495778
42.7776 0.49618
42.8029 0.497158
42.8221 0.498013
42.8425 0.498761
42.863 0.499416
42.8834 0.500114
42.8978 0.499975
42.9122 0.499853
42.9254 0.499496
42.9362 0.498684
42.9447 0.497099
42.9579 0.495462
42.9675 0.493404
42.9795 0.491103
42.9939 0.48884
43.0059 0.48636
43.0216 0.484065
43.0348 0.481682
43.048 0.479222
43.06 0.476694
43.0756 0.474357
43.0925 0.472438
43.1045 0.470258
43.1201 0.468351
43.1369 0.466682
43.1573 0.465597
43.1766 0.464397
43.1994 0.463472
43.2186 0.462163
43.2463 0.462018
43.2631 0.460891
43.2835 0.459904
43.3051 0.459291
43.3244 0.45863
43.3424 0.457676
43.358 0.456842
43.3748 0.456111
43.3868 0.454973
43.4013 0.453851
43.4181 0.452995
43.4349 0.452245
43.4505 0.45159
43.4662 0.451016
43.483 0.450514
43.501 0.45045
43.5166 0.450268
43.5334 0.450235
43.5491 0.450081
43.5647 0.44982
43.5815 0.449718
43.5971 0.449628
43.614 0.44955
43.6296 0.449481
43.6476 0.449671
43.6644 0.449962
43.68 0.450217
43.6969 0.45044
43.7125 0.450635
43.7293 0.45093
43.7461 0.451314
43.7617 0.451525
43.7798 0.451959
43.7954 0.452339
43.8134 0.452922
43.8326 0.453807
43.8471 0.454456
43.8627 0.454899
43.8783 0.455286
43.8951 0.455626
43.9131 0.456172
43.9276 0.456401
43.9456 0.456851
43.96 0.457119
43.9768 0.457355
43.9913 0.457435
44.0069 0.457381
44.0225 0.457333
44.0369 0.457042
44.0525 0.456786
44.0682 0.456563
44.0826 0.456118
44.1006 0.455978
44.1174 0.455981
44.1318 0.455733
44.1487 0.455641
44.1595 0.455061
44.1727 0.454554
44.1835 0.453984
44.1991 0.453861
44.2123 0.453754
44.2268 0.453784
44.2436 0.454186
44.2592 0.454663
44.2808 0.455455
44.2965 0.455648
44.3121 0.456067
44.3277 0.456309
44.3445 0.45677
44.3746 0.458799
44.395 0.458449
44.4166 0.458268
44.4382 0.458109
44.4599 0.457971
44.4815 0.457974
44.5067 0.458353
44.5284 0.458809
44.5524 0.459457
44.5776 0.460525
44.6017 0.461835
44.6209 0.46298
44.6401 0.464483
44.6569 0.465797
44.6714 0.466823
44.6882 0.467845
44.7026 0.468489
44.7182 0.469053
44.7338 0.469421
44.7495 0.469744
44.7615 0.469526
44.7747 0.46896
44.7855 0.46784
44.7999 0.46661
44.8131 0.465284
45.009 0.486623
45.0226 0.45192
45.2185 0.421555
45.2348 0.395111
45.2504 0.371972
45.2663 0.351726
45.2824 0.33401
45.2982 0.318509
45.3142 0.304945
45.3301 0.293077
45.3461 0.282692
45.362 0.273606
45.3787 0.265655
45.395 0.258698
45.4121 0.252861
45.4289 0.247753
45.4445 0.243284
45.4578 0.238999
45.4743 0.235374
45.4905 0.232202
45.5068 0.229427
45.5217 0.226873
45.5385 0.224764
45.554 0.222919
45.5702 0.221429
45.586 0.220125
45.6013 0.21886
45.619 0.218002
45.6351 0.217252
45.6519 0.216595
45.6687 0.216146
45.6855 0.215878
45.7012 0.215643
45.7132 0.214938
45.7296 0.21432
45.7451 0.21378
45.7629 0.213433
45.7768 0.212879
45.7907 0.212394
45.8032 0.21197
45.8151 0.211473
45.8301 0.211414
45.8446 0.211487
45.8578 0.211552
45.8734 0.211983
45.8878 0.212485
45.9022 0.213299
45.9167 0.214137
45.9311 0.21512
45.9467 0.21623
45.9623 0.217701
45.9767 0.219113
45.9924 0.220724
46.008 0.222384
46.0236 0.224336
46.0356 0.225919
46.0476 0.227179
46.0597 0.228282
46.0777 0.229871
46.0933 0.231637
46.1077 0.233433
46.1245 0.235629
46.1402 0.23805
46.1582 0.240919
46.175 0.244054
46.1882 0.246922
46.2062 0.250182
46.2207 0.253284
46.2387 0.256749
46.2507 0.25978
46.2675 0.263183
46.2832 0.26666
46.2976 0.270077
46.3144 0.273693
46.33 0.277481
46.3432 0.280921
46.3589 0.284431
46.3721 0.287752
46.3865 0.291033
46.3997 0.294029
46.4189 0.29765
46.4406 0.301194
46.4634 0.304795
46.4838 0.307945
46.5006 0.310452
46.5163 0.312271
46.5319 0.313362
46.5475 0.313942
46.5619 0.313824
46.5811 0.313721
46.5956 0.313006
46.6148 0.31238
46.628 0.311458
46.64 0.3104
46.6532 0.30935
46.6665 0.308182
46.6809 0.307159
46.6917 0.305764
46.7085 0.304918
46.7241 0.304429
46.7398 0.304
46.7554 0.303875
46.771 0.303891
46.7866 0.304029
46.8022 0.304401
46.8167 0.304726
46.8335 0.30526
46.8491 0.305977
46.8635 0.30648
46.8803 0.307295
46.896 0.308133
46.9116 0.308992
46.9272 0.309993
46.9428 0.310994
46.9584 0.311994
46.9741 0.31312
46.9897 0.314105
47.0065 0.315342
47.0197 0.316299
47.0378 0.317512
47.0534 0.318823
47.0702 0.320345
47.0846 0.321552
47.099 0.322733
47.1159 0.323891
47.1303 0.32503
47.1471 0.326401
47.1615 0.327476
47.1783 0.328791
47.1928 0.329943
47.2096 0.3312
47.2252 0.33255
47.2396 0.333731
47.2552 0.33489
47.2709 0.336028
47.2877 0.337275
47.3021 0.338491
47.3189 0.339804
47.3333 0.340954
47.3514 0.342459
47.3634 0.343527
47.3802 0.344711
47.397 0.346122
47.4103 0.347107
47.4283 0.348469
47.4439 0.349785
47.4619 0.351312
47.4751 0.352648
47.4908 0.353942
47.5064 0.355199
47.5208 0.356299
47.5376 0.357512
47.5532 0.358823
47.5701 0.360345
47.5845 0.361552
47.6013 0.362983
47.6169 0.36436
47.6325 0.36569
47.6458 0.366729
47.6626 0.368013
47.6782 0.369261
47.6938 0.370478
47.7094 0.371669
47.7251 0.37296
47.7419 0.37434
47.7563 0.375548
47.7719 0.376729
47.7876 0.378013
47.802 0.379011
47.8188 0.38026
47.8344 0.381477
47.85 0.382793
47.8645 0.383944
47.8789 0.384826
47.8969 0.386097
47.9113 0.387335
47.9269 0.388418
47.9426 0.389616
47.9594 0.390914
47.9762 0.392425
47.9894 0.393622
48.0086 0.395169
48.0231 0.396648
48.0411 0.398442
48.0543 0.400012
48.0687 0.401635
48.0819 0.403306
48.0952 0.405018
48.1072 0.40664
48.1216 0.40831
48.1372 0.410397
48.148 0.412097
48.1637 0.414085
48.1781 0.416199
48.1901 0.418174
48.2045 0.420153
48.2165 0.422008
48.2297 0.423757
48.2406 0.425288
48.255 0.426877
48.2682 0.428642
48.2826 0.430437
48.3018 0.433007
48.3235 0.435631
48.3451 0.438177
48.3679 0.44078
48.3896 0.443433
48.4112 0.446129
48.434 0.448988
48.4556 0.451739
48.4737 0.454022
48.4965 0.456394
48.5145 0.458345
48.5337 0.460052
48.5482 0.461295
48.5602 0.462133
48.5722 0.462617
48.5854 0.46279
48.5986 0.462816
48.6119 0.462589
48.6239 0.46214
48.6371 0.461748
48.6503 0.461154
48.6635 0.46051
48.6767 0.459821
48.6924 0.459344
48.7032 0.458551
48.72 0.457982
48.7332 0.457484
48.75 0.457424
48.7645 0.457246
48.7801 0.45734
48.7957 0.457547
48.8101 0.457729
48.8257 0.458013
48.839 0.458011
48.8546 0.45826
48.8678 0.458352
48.8834 0.458558
48.8978 0.458739
48.9135 0.459146
48.9291 0.459628
48.9507 0.460924
48.9687 0.461434
48.9892 0.462255
49.0072 0.462848
49.0204 0.463117
49.036 0.463602
49.0516 0.464027
49.0673 0.464649
49.0829 0.465318
49.0985 0.466028
49.1153 0.467024
49.1297 0.467896
49.1442 0.468659
49.1622 0.469827
49.1778 0.470848
49.191 0.471742
49.2078 0.472775
49.2235 0.473803
49.2403 0.475077
49.2535 0.476068
49.2691 0.477059
49.2847 0.478052
49.2992 0.47892
49.3148 0.479805
49.3316 0.480955
49.3448 0.48171
49.3592 0.482497
49.3737 0.483184
49.3893 0.483911
49.4049 0.484672
49.4169 0.485088
49.4349 0.485827
49.453 0.486974
49.4746 0.488477
49.4914 0.489293
49.5094 0.490006
49.5227 0.490505
49.5407 0.491317
49.5551 0.492027
49.5731 0.492899
49.59 0.493662
49.6056 0.494454
49.6212 0.495022
49.6344 0.495394
49.6536 0.49622
49.6717 0.496943
49.6849 0.497325
49.7017 0.497909
49.7173 0.498421
49.7353 0.499243
49.7498 0.499588
49.7666 0.500264
49.7834 0.501106
49.799 0.501968
49.8147 0.502722
49.8327 0.503757
49.8483 0.504537
49.8615 0.50497
49.8747 0.505224
49.8867 0.505321
49.8988 0.505531
49.9096 0.505589
49.924 0.506016
49.9396 0.506889
49.9564 0.508028
49.9757 0.509149
49.9925 0.509506
50.0093 0.509817
50.0225 0.509465
50.0406 0.509782
50.0538 0.509434
50.0718 0.50963
50.1018 0.511301
50.1211 0.510639
50.1415 0.510184
50.1595 0.509661
50.1811 0.509578
50.2004 0.509506
50.2208 0.509568
50.24 0.509622
50.2604 0.509794
50.2809 0.51007
50.3001 0.510436
50.3169 0.510382
50.3301 0.509959
50.3434 0.509464
50.359 0.509031
50.3722 0.508652
50.3854 0.508196
50.3962 0.507296
50.4106 0.506509
50.4251 0.50582
50.4407 0.505343
50.4515 0.50455
50.4647 0.503606
50.4743 0.502281
50.4863 0.50087
50.4972 0.499137
50.5104 0.497495
50.5224 0.495683
50.5344 0.493847
50.5464 0.491991
50.5596 0.490118
50.5729 0.488353
50.5897 0.487184
50.6089 0.486286
50.6245 0.485
50.6438 0.484
50.669 0.482
50.6882 0.48025
50.7086 0.478719
50.7291 0.477504
50.7507 0.476566
50.7723 0.475995
50.7892 0.475621
50.806 0.475418
50.8192 0.475116
50.8372 0.475351
50.8528 0.475558
50.8697 0.476113
50.8841 0.476599
50.8997 0.477024
50.9153 0.477646
50.9297 0.478065
50.9466 0.478682
50.9622 0.479472
50.9778 0.480163
50.991 0.480767
51.0054 0.481172
51.0223 0.481775
51.0355 0.482178
51.0487 0.482281
51.0643 0.482621
51.0775 0.482668
51.092 0.482585
51.1076 0.482762
51.1232 0.483041
51.1412 0.483661
51.1556 0.484204
51.1701 0.484678
51.1857 0.485218
51.2013 0.485816
51.2193 0.486339
51.2398 0.486672
51.2614 0.486963
51.2794 0.487342
51.2974 0.487925
51.3118 0.488309
51.3299 0.48877
51.3431 0.489049
51.3623 0.489543
51.3779 0.489975
51.3936 0.490478
51.4092 0.490918
51.426 0.491554
51.4404 0.491859
51.4584 0.492377
51.4741 0.492955
51.4909 0.493586
51.5053 0.494137
51.5197 0.494495
51.5365 0.495183
51.5498 0.495535
51.5654 0.495968
51.5798 0.496347
51.593 0.496554
51.6098 0.496985
51.6243 0.497362
51.6363 0.497691
51.6495 0.49823
51.6603 0.498576
51.6711 0.498754
51.6867 0.499035
51.6988 0.498781
51.718 0.498683
51.7372 0.498598
51.7588 0.498398
51.7733 0.497848
51.7925 0.497492
51.8081 0.497431
51.8237 0.497002
51.8574 0.496752
51.8754 0.496408
51.8934 0.495857
51.915 0.49575
51.9343 0.495531
51.9571 0.49584
51.9763 0.495985
51.9944 0.495987
52.0172 0.496363
52.0352 0.496568
52.0568 0.496872
52.0725 0.497013
52.0869 0.497136
52.1025 0.497369
52.1169 0.497448
52.1325 0.497767
52.1458 0.497796
52.159 0.497697
52.1734 0.49761
52.189 0.497658
52.201 0.497451
52.2179 0.497395
52.2299 0.497095
52.2431 0.496708
52.2587 0.49637
52.2719 0.495949
52.2863 0.49558
52.2996 0.495008
52.3128 0.494382
52.3272 0.493834
52.3404 0.49323
52.3524 0.492326
52.3644 0.49116
52.3789 0.49014
52.3969 0.488998
52.4125 0.487623
52.4329 0.486045
52.4498 0.484414
52.4678 0.482988
52.4882 0.481489
52.5062 0.480178
52.5255 0.478781
52.5423 0.477683
52.5543 0.476348
52.5711 0.475429
52.5855 0.474501
52.6012 0.473813
52.6156 0.473086
52.6312 0.472701
52.6444 0.472113
52.6588 0.471599
52.6745 0.471274
52.6901 0.471115
52.7045 0.470975
52.7201 0.470979
52.7345 0.470856
52.749 0.470749
52.7646 0.470781
52.779 0.470808
52.7946 0.470957
52.809 0.471087
52.8235 0.471201
52.8391 0.471426
52.8559 0.471873
52.8691 0.472139
52.8847 0.472371
52.9004 0.472825
52.916 0.473222
52.934 0.474069
52.9472 0.474686
52.9689 0.47535
52.9869 0.475931
53.0061 0.476565
53.0241 0.477244
53.0385 0.477839
53.0554 0.478609
53.0698 0.479158
53.0866 0.479888
53.101 0.480652
53.1179 0.48132
53.1335 0.482155
53.1479 0.482761
53.1635 0.483416
53.1791 0.484114
53.196 0.484975
53.2128 0.485853
53.2284 0.486871
53.2416 0.487512
53.2596 0.488448
53.2729 0.489017
53.2885 0.48964
53.3041 0.49031
53.3185 0.490896
53.3365 0.491659
53.3522 0.492327
53.3678 0.492911
53.3834 0.493547
53.3978 0.493979
53.4086 0.494231
53.4195 0.494452
53.4315 0.494646
53.4459 0.495065
53.4663 0.495432
53.4831 0.495628
53.5024 0.495675
53.5156 0.49509
53.53 0.494579
53.5444 0.493882
53.56 0.493521
53.5757 0.492956
53.5901 0.492462
53.6249 0.492279
53.6417 0.491869
53.6622 0.491635
53.679 0.491056
53.6982 0.490549
53.7187 0.49023
53.7379 0.489827
53.7595 0.489848
53.7787 0.489742
53.7992 0.489899
53.8184 0.489912
53.8352 0.489923
53.8496 0.489933
53.8652 0.490066
53.8797 0.490058
53.8977 0.490551
53.9133 0.491107
53.9265 0.491343
53.9434 0.491925
53.9602 0.492685
53.9722 0.493099
53.9866 0.493337
53.9974 0.493045
54.0118 0.492789
54.0251 0.49244
54.0395 0.492135
54.0551 0.491993
54.0695 0.491619
54.0839 0.491042
54.1116 0.490537
54.126 0.48972
54.1452 0.48888
54.1632 0.488395
54.1813 0.48772
54.2005 0.487005
54.2185 0.486255
54.2353 0.484973
54.2534 0.483726
54.2714 0.48226
54.2906 0.480978
54.3026 0.479231
54.317 0.477702
54.3327 0.476239
54.3483 0.474959
54.3615 0.473464
54.3783 0.472406
54.3915 0.471105
54.406 0.469717
54.4192 0.468253
54.4336 0.466846
54.4492 0.465615
54.4636 0.464288
54.4769 0.462752
54.4925 0.461533
54.5093 0.460592
54.5237 0.459518
54.5393 0.458703
54.5562 0.458115
54.5718 0.457476
54.5898 0.457166
54.603 0.45677
54.6211 0.456674
54.6367 0.456465
54.6571 0.456532
54.6751 0.45659
54.6931 0.456767
54.71 0.456671
54.7304 0.456962
54.7472 0.456967
54.7664 0.457346
54.7821 0.457678
54.7989 0.458093
54.8145 0.458456
54.8313 0.458899
54.8482 0.459412
54.865 0.459985
54.8806 0.460487
54.8998 0.461301
54.9142 0.462014
54.9335 0.463012
54.9491 0.463885
54.9635 0.4644
54.9791 0.464975
54.9972 0.465728
55.0128 0.466262
55.0296 0.466854
55.0464 0.467622
55.0608 0.468045
55.0777 0.468539
55.0921 0.468847
55.1077 0.469116
55.1233 0.469351
55.1365 0.469432
55.1486 0.469378
55.1618 0.469456
55.1762 0.469774
55.1882 0.470052
55.2014 0.470171
55.2182 0.470274
55.2363 0.47024
55.2531 0.470335
55.2687 0.470293
55.2843 0.470257
55.3 0.469974
55.3192 0.470103
55.3348 0.47009
55.3721 0.470454
55.3937 0.470772
55.4165 0.4713
55.4369 0.471638
55.4598 0.472183
55.4802 0.47266
55.5018 0.473078
55.5211 0.473318
55.5415 0.473403
55.5643 0.473728
55.5811 0.473887
55.6004 0.474401
55.6172 0.474976
55.6352 0.475729
55.6496 0.476263
55.6676 0.47698
55.6845 0.477732
55.7013 0.478516
55.7169 0.479201
55.7325 0.479801
55.7482 0.480326
55.765 0.480785
55.7806 0.481312
55.795 0.481648
55.813 0.482192
55.8275 0.482543
55.8431 0.48285
55.8587 0.482994
55.8731 0.482995
55.8887 0.482995
55.9068 0.483246
55.92 0.48309
55.9356 0.482954
55.9512 0.48296
55.9656 0.482715
55.9825 0.4825
56.0041 0.482563
56.0233 0.482492
56.0462 0.482431
56.0642 0.482502
56.0834 0.482564
56.0978 0.482244
56.1158 0.481963
56.1315 0.481843
56.1459 0.481363
56.1603 0.480692
56.1771 0.480106
56.1915 0.479342
56.206 0.47855
56.218 0.477356
56.2324 0.476186
56.2468 0.474913
56.2624 0.473799
56.2781 0.472699
56.2901 0.471362
56.4874 0.438567
56.5032 0.409996
56.697 0.384871
56.7125 0.362887
56.7297 0.343901
56.744 0.327039
56.7601 0.312409
56.7781 0.299858
56.7937 0.288876
56.8077 0.279016
56.8226 0.270264
56.8384 0.262606
56.8544 0.25603
56.871 0.250402
56.8856 0.245226
56.9032 0.241073
56.917 0.237189
56.9337 0.23379
56.9485 0.230692
56.9682 0.228605
56.9814 0.226404
56.9995 0.224729
57.0175 0.223513
57.0319 0.222324
57.0487 0.221408
57.0608 0.220107
57.0744 0.218719
57.0901 0.217629
57.1072 0.2168
57.1225 0.21595
57.1373 0.215206
57.1531 0.214556
57.1715 0.214236
57.1859 0.213707
57.2076 0.214118
57.222 0.214229
57.2388 0.21445
57.2544 0.214644
57.2701 0.215313
57.2845 0.216024
57.3001 0.217146
57.3133 0.218128
57.3301 0.219487
57.3433 0.220801
57.3614 0.222576
57.3722 0.224004
57.383 0.225003
57.3938 0.225628
57.407 0.226299
57.4215 0.227012
57.4383 0.228261
57.4527 0.229478
57.4683 0.231043
57.4863 0.233163
57.502 0.235267
57.5188 0.237734
57.5356 0.240392
57.5524 0.243343
57.568 0.2463
57.5849 0.249388
57.6029 0.252714
57.6185 0.256125
57.6365 0.259859
57.651 0.263252
57.669 0.26697
57.6858 0.270724
57.7026 0.274634
57.7182 0.278554
57.7363 0.28261
57.7507 0.286409
57.7687 0.290483
57.7843 0.294547
57.7976 0.298229
57.812 0.3017
57.836 0.305863
57.8588 0.309755
57.8781 0.313161
57.8973 0.316141
57.9129 0.318123
57.9285 0.319483
57.9441 0.320172
57.961 0.320401
57.9766 0.320101
57.9946 0.319588
58.0114 0.31889
58.0247 0.317778
58.0379 0.316556
58.0499 0.315112
58.0667 0.314223
58.0811 0.313445
58.0956 0.312639
58.1124 0.312309
58.128 0.312021
58.1448 0.312018
58.1592 0.312141
58.1749 0.312248
58.1917 0.312592
58.2073 0.313018
58.2241 0.313766
58.2409 0.314545
58.2566 0.315352
58.2734 0.316433
58.2878 0.317254
58.3058 0.318347
58.3203 0.319429
58.3359 0.320375
58.3551 0.321828
58.3695 0.3231
58.3887 0.324712
58.402 0.325873
58.4188 0.327264
58.4356 0.328731
58.45 0.330015
58.4668 0.331263
58.4825 0.332605
58.4993 0.334029
58.5173 0.335651
58.5317 0.337069
58.5498 0.338686
58.5642 0.3401
58.5786 0.341337
58.5966 0.342795
58.611 0.344071
58.6291 0.345687
58.6435 0.346976
58.6615 0.348479
58.6783 0.350169
58.6927 0.351523
58.7096 0.352958
58.7252 0.354463
58.7408 0.35578
58.7564 0.357058
58.7721 0.3583
58.7913 0.360013
58.8069 0.361511
58.8213 0.362822
58.8393 0.36447
58.8538 0.365786
58.8718 0.367313
58.885 0.368649
58.9018 0.369942
58.9186 0.371325
58.9355 0.372909
58.9523 0.374545
58.9667 0.375852
58.9847 0.377496
58.9992 0.378934
59.0148 0.380192
59.0316 0.381543
59.0472 0.382975
59.0652 0.384603
59.0821 0.386278
59.0965 0.387743
59.1145 0.3894
59.1277 0.3906
59.1445 0.392025
59.1614 0.393522
59.1758 0.394707
59.1926 0.396118
59.2094 0.397604
59.2275 0.399278
59.2419 0.400743
59.2575 0.40215
59.2743 0.403632
59.2899 0.404928
59.3056 0.406312
59.3212 0.407648
59.338 0.409067
59.356 0.410808
59.3717 0.412332
59.3885 0.413916
59.4065 0.415801
59.4209 0.417326
59.4401 0.419285
59.4546 0.421
59.4738 0.423
59.4894 0.424875
59.5026 0.426765
59.517 0.428795
59.5291 0.43057
59.5459 0.432624
59.5591 0.434796
59.5735 0.436947
59.5879 0.439078
59.6012 0.441193
59.612 0.442919
59.6264 0.444804
59.6372 0.446329
59.6516 0.447913
59.666 0.449799
59.6781 0.451449
59.6925 0.453143
59.7081 0.455125
59.7225 0.457234
59.7369 0.45933
59.7622 0.462914
59.785 0.4658
59.8066 0.46845
59.8283 0.471143
59.8487 0.4735
59.8715 0.475938
59.8931 0.478446
59.916 0.48089
59.934 0.482904
59.952 0.484541
59.97 0.485848
59.9845 0.486242
59.9953 0.486087
60.0109 0.486076
60.0241 0.485942
60.0397 0.485824
60.0518 0.485471
60.0662 0.485162
60.0794 0.484642
60.095 0.484312
60.1058 0.483523
60.1227 0.483082
60.1359 0.482447
60.1515 0.482141
60.1659 0.481748
60.1815 0.48153
60.1971 0.481589
60.2116 0.481515
60.2272 0.481576
60.2416 0.481629
60.256 0.481675
60.2716 0.481716
60.2849 0.481626
60.3005 0.481673
60.3149 0.481589
60.3305 0.48164
60.3461 0.481935
60.3678 0.482818
60.3918 0.483841
60.4098 0.484111
60.4279 0.484347
60.4483 0.484929
60.4627 0.484938
60.4795 0.485195
60.4951 0.485671
60.5084 0.485837
60.5252 0.486232
60.5408 0.486703
60.5576 0.487365
60.572 0.487945
60.5877 0.488577
60.6057 0.489505
60.6201 0.490317
60.6369 0.491277
60.6526 0.492242
60.6682 0.493212
60.685 0.494311
60.6982 0.495147
60.7162 0.496253
60.7319 0.497222
60.7463 0.498194
60.7619 0.499045
60.7763 0.499789
60.7907 0.500441
60.8064 0.501135
60.8196 0.501494
60.8352 0.502057
60.8508 0.50255
60.8664 0.503106
60.8905 0.504593
60.9109 0.505394
60.9265 0.505844
60.9481 0.506739
60.9638 0.506897
60.9794 0.507159
60.9962 0.507515
61.0118 0.5077
61.0275 0.507988
61.0419 0.508114
61.0611 0.508725
61.0755 0.509009
61.0911 0.509383
61.1092 0.50996
61.1224 0.50984
61.1404 0.510235
61.156 0.510456
61.1741 0.511024
61.1921 0.511771
61.2065 0.512049
61.2233 0.512543
61.2389 0.51285
61.2546 0.513119
61.269 0.513354
61.2834 0.513435
61.2978 0.513506
61.3134 0.513692
61.3255 0.513606
61.3375 0.513655
61.3495 0.513698
61.3627 0.513861
61.3747 0.514003
61.3975 0.515378
61.4168 0.515956
61.4324 0.515961
61.454 0.516716
61.4708 0.516627
61.4853 0.516548
61.5021 0.516605
61.5153 0.516154
61.5429 0.51726
61.5634 0.516602
61.5814 0.515777
61.603 0.51543
61.6222 0.515001
61.6439 0.514876
61.6619 0.514517
61.6823 0.514327
61.7016 0.514161
61.722 0.514016
61.7412 0.514014
61.758 0.513637
61.7736 0.513058
61.7857 0.512175
61.8025 0.511778
61.8169 0.511306
61.8289 0.510518
61.8433 0.509828
61.8542 0.50885
61.8638 0.507243
61.877 0.505588
61.889 0.504014
61.9034 0.502513
61.9154 0.500824
61.9275 0.499096
61.9407 0.497334
61.9539 0.495542
61.9659 0.493724
61.9803 0.492134
61.9923 0.490367
62.008 0.488946
62.0212 0.487578
62.0344 0.486131
62.0488 0.484739
62.0692 0.484272
62.0897 0.483613
62.1125 0.483536
62.1305 0.482969
62.1522 0.482973
62.1714 0.482851
62.1918 0.48287
62.2134 0.483011
62.2303 0.482885
62.2459 0.482524
62.2615 0.482334
62.2759 0.482042
62.2927 0.482037
62.3072 0.482032
62.324 0.482278
62.3384 0.482493
62.354 0.482807
62.3696 0.483206
62.3841 0.483555
62.4009 0.483986
62.4141 0.484238
62.4321 0.484833
62.4465 0.485229
62.4622 0.4857
62.479 0.486238
62.4934 0.486708
62.5102 0.487369
62.5246 0.487823
62.5403 0.488345
62.5559 0.488802
62.5703 0.489202
62.5871 0.489802
62.6016 0.490201
62.6196 0.490926
62.64 0.49231
62.6568 0.492897
62.6785 0.493785
62.7013 0.494812
62.7181 0.49521
62.7361 0.495684
62.7518 0.495973
62.7662 0.496102
62.783 0.496339
62.7986 0.496547
62.8166 0.497103
62.8299 0.497215
62.8467 0.497563
62.8611 0.497868
62.8767 0.49801
62.8959 0.498633
62.9104 0.499054
62.926 0.499422
62.9416 0.499745
62.956 0.500027
62.9752 0.500773
62.9885 0.500927
63.0077 0.501561
63.0221 0.501991
63.0365 0.502242
63.0534 0.502712
63.0666 0.502748
63.0798 0.502779
63.0942 0.503182
63.1062 0.503534
63.1158 0.503467
63.1363 0.504409
63.1519 0.504483
63.1711 0.505047
63.1951 0.505791
63.212 0.505568
63.2276 0.505247
63.2432 0.504716
63.2564 0.504001
63.2744 0.503751
63.3057 0.505282
63.3249 0.504372
63.3453 0.5037
63.3658 0.503113
63.385 0.502474
63.4066 0.502165
63.4258 0.501769
63.4499 0.501923
63.4691 0.502058
63.4895 0.502175
63.51 0.502278
63.5292 0.502369
63.5436 0.502323
63.5592 0.502407
63.576 0.502731
63.5917 0.503015
63.6049 0.502888
63.6229 0.503152
63.6349 0.503008
63.6481 0.502757
63.6638 0.502537
63.6758 0.50197
63.6914 0.501599
63.7046 0.501024
63.7178 0.500271
63.7311 0.499487
63.7467 0.498801
63.7575 0.497701
63.7719 0.496613
63.7839 0.495287
63.7971 0.494001
63.8104 0.492626
63.8236 0.491173
63.8392 0.490026
63.8548 0.488898
63.8764 0.488286
63.8921 0.487
63.9161 0.4865
63.9329 0.485062
63.9509 0.48368
63.969 0.482095
63.9894 0.480833
64.0062 0.479479
64.0206 0.478169
64.0375 0.477273
64.0543 0.476489
64.0675 0.475428
64.0843 0.474749
64.0999 0.47403
64.1156 0.473527
64.1312 0.473211
64.1444 0.472684
64.1588 0.472099
64.1756 0.471837
64.1901 0.471607
64.2069 0.471531
64.2201 0.47134
64.2369 0.471297
64.2525 0.471385
64.2706 0.471837
64.285 0.472107
64.3006 0.472469
64.3186 0.47316
64.3331 0.473765
64.3499 0.47442
64.3643 0.474992
64.3811 0.475743
64.3979 0.476525
64.4112 0.477085
64.4292 0.477949
64.4436 0.47858
64.4652 0.479883
64.4845 0.480897
64.4989 0.48141
64.5169 0.482234
64.5349 0.483205
64.5493 0.483804
64.565 0.484329
64.5818 0.485038
64.5986 0.485783
64.6142 0.486435
64.6311 0.487256
64.6479 0.488099
64.6611 0.488711
64.6791 0.489622
64.6935 0.490295
64.7104 0.491008
64.7236 0.491382
64.7428 0.492209
64.7596 0.493058
64.7764 0.493676
64.7909 0.494091
64.8101 0.49508
64.8221 0.495195
64.8401 0.495671
64.8509 0.495587
64.863 0.495513
64.8774 0.495824
64.8894 0.496096
64.9014 0.496334
64.9218 0.497292
64.9339 0.497381
64.9543 0.498333
64.9723 0.498667
64.9879 0.498458
65.006 0.498776
65.0228 0.498929
65.0384 0.498813
65.0696 0.500711
65.0913 0.500622
65.1117 0.500545
65.1321 0.500601
65.1537 0.500776
65.1742 0.501054
65.1946 0.501297
65.2162 0.50176
65.2355 0.50204
65.2547 0.502035
65.2751 0.502156
65.2931 0.502011
65.3112 0.50226
65.3244 0.502227
65.3376 0.501824
65.352 0.501346
65.3652 0.500428
65.3809 0.499499
65.3965 0.498687
65.4109 0.497726
65.4289 0.497135
65.4457 0.496743
65.4602 0.496275
65.477 0.495866
65.4938 0.495508
65.507 0.494944
65.5202 0.494076
65.5383 0.493567
65.5539 0.492996
65.5707 0.492621
65.5863 0.492294
65.6019 0.491882
65.6176 0.491022
65.638 0.490144
65.6572 0.489251
65.674 0.488095
65.6945 0.486833
65.7125 0.485604
65.7257 0.483778
65.7461 0.482181
65.7618 0.480408
65.7786 0.478732
65.793 0.477141
65.805 0.475248
65.8194 0.473342
65.8351 0.471674
65.8483 0.46984
65.8651 0.46836
65.8783 0.466565
65.8951 0.465119
65.9096 0.463604
65.9252 0.462279
65.9408 0.460994
65.9576 0.459995
65.9732 0.45912
65.9889 0.45823
66.0057 0.457452
66.0225 0.456895
66.0393 0.456533
66.0562 0.456342
66.0718 0.456049
66.0886 0.455918
66.1066 0.456053
66.1222 0.456171
66.1391 0.456275
66.1571 0.456616
66.1715 0.456664
66.1907 0.457081
66.2064 0.457446
66.2232 0.45789
66.2388 0.458154
66.258 0.458884
66.2724 0.459149
66.2905 0.45963
66.3085 0.460302
66.3253 0.461014
66.3433 0.461887
66.3602 0.462776
66.3758 0.463429
66.3926 0.464126
66.4082 0.46461
66.425 0.465159
66.4419 0.465639
66.4587 0.466184
66.4755 0.466786
66.4911 0.467313
66.508 0.467774
66.5236 0.468177
66.5392 0.468405
66.556 0.468729
66.5692 0.468638
66.5873 0.468808
66.5993 0.468707
66.6125 0.468619
66.6257 0.468541
66.6401 0.468724
66.6533 0.468883
66.6654 0.468898
66.6786 0.468911
66.6954 0.469297
66.7086 0.469385
66.7278 0.469337
66.7447 0.46967
66.7615 0.469836
66.7807 0.470106
66.7975 0.470343
66.836 0.470925
66.8576 0.47156
66.8792 0.472115
66.9009 0.4726
66.9213 0.4729
66.9441 0.473413
66.967 0.473861
66.9886 0.474378
67.0114 0.474956
67.0319 0.475337
67.0535 0.47567
67.0691 0.475961
67.0859 0.476216
67.1003 0.476314
67.1172 0.476525
67.134 0.476709
67.1496 0.47687
67.1628 0.476637
67.1796 0.476432
67.1965 0.476378
67.2133 0.476456
67.2313 0.476774
67.2469 0.476927
67.2662 0.477561
67.2806 0.477866
67.2986 0.478383
67.3166 0.479085
67.3323 0.479699
67.3467 0.479862
67.3635 0.480129
67.3791 0.480363
67.3935 0.480318
67.4104 0.480403
67.4272 0.480603
67.4452 0.481027
67.4632 0.481649
67.4788 0.482068
67.4957 0.482309
67.5185 0.482896
67.5389 0.483159
67.5545 0.483389
67.5702 0.48359
67.5858 0.483516
67.5978 0.482952
67.6122 0.482333
67.6302 0.482041
67.6411 0.481161
67.6543 0.480016
67.8506 0.446139
67.8667 0.416497
68.0607 0.390685
68.0763 0.368099
68.0924 0.348337
68.1089 0.331045
68.1265 0.316039
68.1445 0.303159
68.159 0.291639
68.1729 0.281309
68.1894 0.272396
68.2054 0.264596
68.2222 0.257897
68.2379 0.25191
68.2551 0.246921
68.27 0.242431
68.2866 0.238377
68.3017 0.234705
68.3191 0.231742
68.3352 0.229149
68.352 0.22688
68.3712 0.225395
68.3856 0.223846
68.4025 0.222615
68.4169 0.221288
68.4315 0.220002
68.4466 0.218627
68.4636 0.217549
68.4805 0.21673
68.4949 0.215764
68.5116 0.215043
68.5271 0.214413
68.5451 0.214111
68.5607 0.213722
68.5775 0.213507
68.5967 0.213694
68.6124 0.213732
68.6304 0.214015
68.6472 0.214389
68.664 0.21484
68.6809 0.215235
68.6953 0.215456
68.7109 0.215524
68.7217 0.214958
68.7367 0.214338
68.7562 0.214296
68.7706 0.213884
68.7886 0.213774
68.8079 0.214052
68.8211 0.214045
68.8403 0.214415
68.8583 0.214988
68.8739 0.215364
68.892 0.215944
68.9088 0.216576
68.9256 0.217254
68.9412 0.217722
68.9605 0.218507
68.9785 0.219444
68.9929 0.220013
69.0109 0.220761
69.0289 0.221666
69.047 0.222708
69.0638 0.223744
69.0794 0.224776
69.0938 0.225804
69.1095 0.227079
69.1239 0.228444
69.1383 0.229888
69.1551 0.231652
69.1695 0.233321
69.184 0.234906
69.202 0.236918
69.2188 0.239178
69.232 0.241281
69.25 0.243871
69.2657 0.246387
69.2813 0.248963
69.2969 0.251468
69.3149 0.254284
69.3305 0.257124
69.3474 0.260108
69.3654 0.263345
69.3822 0.266677
69.3966 0.269842
69.4111 0.272862
69.4279 0.275879
69.4447 0.279019
69.4603 0.282142
69.4759 0.285124
69.5012 0.288859
69.524 0.292376
69.5468 0.295454
69.5673 0.298147
69.5865 0.300129
69.6033 0.301363
69.6213 0.302068
69.6418 0.302434
69.6574 0.30213
69.6766 0.301614
69.6922 0.300537
69.7067 0.299345
69.7223 0.298302
69.7379 0.297264
69.7535 0.296356
69.7691 0.295561
69.7848 0.294866
69.8016 0.294383
69.8184 0.294085
69.8364 0.294074
69.852 0.294065
69.8701 0.294307
69.8869 0.294519
69.9037 0.294829
69.9217 0.295475
69.9374 0.296041
69.9566 0.296911
69.971 0.297547
69.989 0.298354
70.0083 0.299434
70.0239 0.300255
70.0419 0.301223
70.0575 0.302195
70.0743 0.303171
70.0936 0.304399
70.1092 0.305475
70.1272 0.306665
70.1452 0.307957
70.1609 0.308962
70.1777 0.309967
70.1957 0.311221
70.2113 0.312319
70.2293 0.313529
70.2462 0.314713
70.2642 0.315999
70.2834 0.317499
70.2966 0.318436
70.3147 0.319507
70.3327 0.320819
70.3495 0.322091
70.3663 0.32333
70.3819 0.324289
70.4012 0.325627
70.418 0.326799
70.4348 0.327949
70.4528 0.329206
70.4697 0.330555
70.4853 0.331735
70.5021 0.332894
70.5225 0.334407
70.5382 0.335731
70.555 0.33689
70.5718 0.338028
70.5898 0.339275
70.6066 0.340616
70.6235 0.341914
70.6403 0.343174
70.6571 0.344403
70.6751 0.345727
70.6932 0.347136
70.71 0.348369
70.7244 0.349323
70.7424 0.350533
70.7605 0.351841
70.7773 0.353111
70.7953 0.354472
70.8109 0.355538
70.8277 0.356596
70.8458 0.357771
70.8626 0.358925
70.8806 0.360309
70.8974 0.361646
70.9131 0.362815
70.9311 0.364088
70.9491 0.365452
70.9647 0.366521
70.9827 0.367705
71.0008 0.368992
71.0176 0.370368
71.038 0.372197
71.0524 0.373548
71.0729 0.375229
71.0897 0.376825
71.1077 0.378472
71.1209 0.379788
71.1378 0.38144
71.1534 0.383385
71.1666 0.385087
71.181 0.386826
71.1954 0.388473
71.2123 0.390539
71.2267 0.392471
71.2435 0.394662
71.2555 0.39658
71.2723 0.398757
71.288 0.400912
71.3036 0.403298
71.318 0.405511
71.3348 0.407947
71.3504 0.410454
71.3661 0.413147
71.3817 0.415754
71.4069 0.419034
71.4321 0.42253
71.4562 0.425964
71.4826 0.429593
71.5018 0.432394
71.5271 0.43547
71.5451 0.437786
71.5619 0.439188
71.5835 0.440539
71.5992 0.441097
71.6172 0.441085
71.6316 0.440949
71.6436 0.440331
71.658 0.439664
71.6737 0.438956
71.6869 0.437962
71.7025 0.437092
71.7193 0.436455
71.7325 0.435648
71.7506 0.435192
71.7674 0.434918
71.7842 0.434803
71.8022 0.434953
71.8191 0.435209
71.8359 0.435433
71.8527 0.435754
71.8707 0.436409
71.8864 0.436983
71.9056 0.43786
71.9224 0.438753
71.9392 0.439659
71.9548 0.440326
71.9717 0.441036
71.9909 0.442031
72.0065 0.443027
72.0233 0.444024
72.0402 0.445021
72.0582 0.446143
72.075 0.44725
72.0918 0.448219
72.1099 0.449317
72.1255 0.450277
72.1435 0.451492
72.1615 0.452806
72.1783 0.45408
72.194 0.45507
72.212 0.456186
72.23 0.457538
72.2456 0.458596
72.2637 0.459771
72.2793 0.460925
72.2985 0.462309
72.3153 0.463646
72.3321 0.46494
72.3478 0.465947
72.367 0.467204
72.3838 0.468429
72.3994 0.4695
72.4187 0.470937
72.4343 0.472195
72.4511 0.473421
72.4691 0.474743
72.486 0.4759
72.5028 0.477038
72.5184 0.478033
72.5376 0.479279
72.552 0.480369
72.5701 0.481573
72.5869 0.482626
72.6025 0.483548
72.6217 0.48473
72.6374 0.485763
72.6554 0.486793
72.6722 0.487694
72.6902 0.488732
72.7094 0.489891
72.7287 0.490904
72.7455 0.492041
72.7635 0.493036
72.7791 0.493907
72.7972 0.494543
72.8164 0.49535
72.8332 0.496057
72.8488 0.496549
72.8705 0.497481
72.8873 0.498296
72.9041 0.499134
72.9233 0.499867
72.939 0.500384
72.9558 0.500836
72.9738 0.501231
72.9894 0.501577
73.0038 0.502005
73.0159 0.502255
73.0279 0.502348
73.0423 0.502679
73.0567 0.502844
73.0735 0.502864
73.0892 0.502881
73.1048 0.502771
73.1252 0.502924
73.1396 0.502809
73.1588 0.502833
73.1769 0.502979
73.1973 0.503481
73.243 0.504796
73.261 0.505572
73.2838 0.506375
73.303 0.506953
73.3271 0.507834
73.3451 0.50823
73.3643 0.508326
73.3823 0.508035
73.398 0.507031
73.4124 0.505277
73.4256 0.503117
73.4412 0.501228
73.4556 0.499324
73.4701 0.497534
73.4833 0.495592
73.4977 0.493643
73.5121 0.491938
73.5265 0.490195
73.5398 0.488296
73.553 0.486259
73.5686 0.484477
73.5818 0.482542
73.5986 0.480974
73.6131 0.479478
73.6275 0.478043
73.6455 0.477037
73.6599 0.475908
73.6755 0.474919
73.6924 0.474179
73.7116 0.473532
73.7296 0.472965
73.7548 0.47272
73.7729 0.472255
73.7993 0.472223
73.8173 0.472195
73.8378 0.472296
73.857 0.472509
73.875 0.47307
73.8906 0.473436
73.9086 0.474132
73.9267 0.47499
73.9423 0.475742
73.9603 0.476649
73.9759 0.477318
73.994 0.478153
74.0108 0.479009
74.0288 0.480008
74.0468 0.481132
74.0625 0.482115
74.0805 0.483101
74.0961 0.483963
74.1141 0.484968
74.1309 0.485847
74.1466 0.486616
74.1646 0.487414
74.1778 0.487737
74.1946 0.488145
74.2127 0.488752
74.2283 0.489283
74.2463 0.489873
74.2607 0.490139
74.2859 0.491496
74.3028 0.491934
74.3244 0.492817
74.3436 0.493465
74.3629 0.493907
74.3785 0.494044
74.3965 0.494413
74.4145 0.494862
74.4301 0.495004
74.4482 0.495378
74.465 0.495456
74.4818 0.495649
74.4986 0.495693
74.5167 0.495981
74.5347 0.496234
74.5515 0.496329
74.5707 0.496663
74.5863 0.49683
74.602 0.496852
74.6176 0.49662
74.632 0.496168
74.6464 0.495522
74.6608 0.494581
74.6765 0.493759
74.6933 0.493039
74.7101 0.492534
74.7257 0.491967
74.7414 0.491596
74.7546 0.491272
74.7654 0.490738
74.7822 0.490646
74.8026 0.49094
74.8219 0.490947
74.8411 0.490954
74.8555 0.490335
74.8735 0.490168
74.8916 0.490022
74.9048 0.489269
74.924 0.488986
74.9552 0.490487
74.9793 0.490051
75.0009 0.489545
75.0249 0.489477
75.0478 0.489542
75.0706 0.489724
75.0922 0.490009
75.1102 0.489758
75.1331 0.489788
75.1523 0.48944
75.1691 0.48851
75.1859 0.487446
75.2016 0.48639
75.2124 0.484841
75.2244 0.482986
75.2388 0.481113
75.252 0.479224
75.2677 0.477321
75.2821 0.475531
75.2953 0.473589
75.3073 0.471391
75.3205 0.469092
75.3337 0.46658
75.3494 0.464383
75.3626 0.462085
75.377 0.459949
75.3914 0.457831
75.4094 0.456102
75.4239 0.454339
75.4407 0.452922
75.4563 0.451682
75.4743 0.450846
75.49 0.449866
75.5068 0.449132
75.5284 0.449241
75.5488 0.449086
75.5705 0.44945
75.5909 0.449394
75.6077 0.449095
75.6245 0.448833
75.6426 0.448729
75.6582 0.448638
75.675 0.448558
75.693 0.448863
75.7098 0.44913
75.7255 0.449239
75.7447 0.449709
75.7615 0.450245
75.7783 0.45084
75.794 0.451235
75.8132 0.451955
75.8288 0.452461
75.8444 0.452903
75.8624 0.45354
75.8805 0.454348
75.8961 0.454929
75.9129 0.455438
75.9297 0.456008
75.949 0.456882
75.9634 0.457522
75.9826 0.458332
75.997 0.458915
76.0163 0.459801
76.0331 0.460701
76.0487 0.461363
76.0655 0.461943
76.0823 0.462575
76.1004 0.463378
76.1172 0.464206
76.1328 0.464805
76.1508 0.465454
76.1665 0.466023
76.1845 0.46677
76.2001 0.467424
76.2181 0.468246
76.2349 0.46884
76.2506 0.46936
76.271 0.470315
76.2866 0.471151
76.3058 0.472257
76.3203 0.472975
76.3383 0.473853
76.3539 0.474496
76.3719 0.475309
76.3887 0.476146
76.4056 0.476877
76.4224 0.477643
76.4404 0.478312
76.4572 0.479023
76.4741 0.479645
76.4909 0.48019
76.5065 0.480416
76.5197 0.480364
76.5341 0.480569
76.5498 0.480997
76.5606 0.481123
76.575 0.481357
76.593 0.482063
76.6098 0.482555
76.6243 0.482861
76.6411 0.483003
76.6591 0.483503
76.6735 0.48344
76.6928 0.48376
76.7108 0.48404
76.7444 0.48641
76.7685 0.486484
76.7889 0.486298
76.8105 0.486261
76.8333 0.486228
76.8574 0.48645
76.8814 0.486894
76.903 0.487282
76.9247 0.487497
76.9451 0.48756
76.9631 0.487115
76.9787 0.486475
76.9944 0.485916
77.0076 0.484926
77.022 0.483811
77.0364 0.482584
77.0472 0.480761
77.058 0.478541
77.0701 0.475973
77.0857 0.473602
77.1013 0.471402
77.1133 0.468976
77.1277 0.466479
77.1409 0.463919
77.1554 0.461429
77.1722 0.459251
77.189 0.457469
77.2034 0.455536
77.2179 0.453594
77.2323 0.451645
77.2503 0.450189
77.2659 0.448665
77.2839 0.447457
77.3008 0.446525
77.3212 0.445709
77.3416 0.444746
77.3632 0.444028
77.3849 0.443399
77.4017 0.442724
77.4185 0.442259
77.4353 0.441851
77.4522 0.44162
77.4702 0.441542
77.487 0.4416
77.505 0.441775
77.5207 0.441678
77.5399 0.441968
77.5543 0.441972
77.5723 0.442226
77.5879 0.442197
77.606 0.442423
77.624 0.442745
77.6408 0.443027
77.6588 0.443523
77.6745 0.443833
77.6901 0.444104
77.7093 0.444591
77.7273 0.445267
77.743 0.445609
77.761 0.446158
77.7778 0.446638
77.7934 0.446933
77.8114 0.447441
77.8271 0.447761
77.8463 0.448416
77.8619 0.448739
77.8799 0.449272
77.898 0.449863
77.9124 0.45013
77.9316 0.450739
77.9472 0.451146
77.9652 0.451753
77.9833 0.452409
78.0025 0.453358
78.0193 0.454188
78.0349 0.454665
78.0542 0.455581
78.071 0.456259
78.0866 0.456851
78.1046 0.457495
78.1215 0.458183
78.1395 0.45891
78.1563 0.459546
78.1731 0.460228
78.1875 0.46045
78.2032 0.460643
78.22 0.460688
78.2368 0.460852
78.2524 0.460871
78.2705 0.461137
78.2825 0.460995
78.2933 0.460495
78.3089 0.460308
78.3233 0.460395
78.3353 0.460345
78.3498 0.460302
78.3642 0.460514
78.3762 0.460575
78.393 0.460753
78.4074 0.460659
78.4267 0.460702
78.4459 0.460864
78.4639 0.460881
78.4831 0.461271
78.5216 0.461987
78.5444 0.462739
78.5672 0.463521
78.5889 0.464081
78.6129 0.464821
78.6369 0.465718
78.6598 0.466629
78.6802 0.4673
78.703 0.468013
78.7223 0.468261
78.7403 0.468603
78.7595 0.469153
78.7751 0.469634
78.7907 0.469805
78.8088 0.470204
78.8244 0.470428
78.8364 0.470125
78.852 0.469734
78.8652 0.469018
78.8797 0.46814
78.8929 0.466998
78.9085 0.465873
78.9205 0.464389
78.9349 0.46284
78.9506 0.46136
78.965 0.459815
78.9818 0.458588
78.995 0.45714
79.0082 0.455497
79.1965 0.47556
79.2179 0.44224
79.4062 0.41321
79.4226 0.387809
79.44 0.365583
79.4551 0.346135
79.4715 0.329118
79.4878 0.314103
79.5041 0.30109
79.5211 0.289829
79.5368 0.279725
79.5531 0.27101
79.5696 0.263384
79.5867 0.256711
79.6058 0.251247
79.6214 0.246466
79.6358 0.241908
79.651 0.237919
79.6696 0.234679
79.6839 0.231469
79.7011 0.228911
79.7163 0.226547
79.7329 0.224354
79.7502 0.222684
79.7653 0.221099
79.782 0.219836
79.798 0.218482
79.816 0.217547
79.834 0.217103
79.8508 0.21659
79.8689 0.216392
79.8857 0.216343
79.8965 0.21555
79.9122 0.214856
79.9286 0.214249
79.9449 0.213593
79.9629 0.213269
79.9776 0.21286
79.9941 0.212503
80.0107 0.21219
80.0292 0.212291
80.0472 0.212505
80.0616 0.212442
80.0796 0.212636
80.0965 0.212807
80.1145 0.213206
80.1313 0.21368
80.1481 0.214095
80.1662 0.214708
80.1842 0.215495
80.1938 0.215183
80.207 0.21466
80.2232 0.214203
80.2402 0.213802
80.2594 0.213827
80.2738 0.213599
80.2919 0.213524
80.3099 0.213708
80.3255 0.21387
80.3435 0.214136
80.3592 0.214369
80.3772 0.214823
80.3964 0.21547
80.4132 0.216161
80.4277 0.216641
80.4433 0.217436
80.4577 0.218256
80.4721 0.219224
80.4877 0.220321
80.5022 0.221531
80.5166 0.222715
80.531 0.223875
80.5466 0.225266
80.561 0.226733
80.5767 0.228266
80.5899 0.229608
80.6067 0.231282
80.6223 0.233122
80.6403 0.235356
80.6548 0.237437
80.6704 0.239507
80.686 0.241569
80.7016 0.243748
80.7196 0.246279
80.7365 0.248994
80.7509 0.251495
80.7665 0.254058
80.7833 0.256801
80.8014 0.259826
80.8182 0.262973
80.835 0.266101
80.853 0.269588
80.871 0.273265
80.8867 0.276732
80.9035 0.280265
80.9191 0.283857
80.9359 0.287375
80.9503 0.290828
80.972 0.29435
80.9912 0.297306
81.0128 0.300018
81.0309 0.302015
81.0501 0.303639
81.0681 0.304809
81.0849 0.305208
81.1005 0.304932
81.1162 0.30419
81.133 0.302916
81.1498 0.301302
81.1642 0.299889
81.1787 0.298528
81.1943 0.297337
81.2111 0.296545
81.2243 0.295477
81.2411 0.294792
81.2568 0.294068
81.276 0.293935
81.2904 0.293693
81.3084 0.293856
81.324 0.293999
81.3409 0.294249
81.3577 0.294593
81.3757 0.295269
81.3913 0.29586
81.407 0.296378
81.4238 0.296956
81.4394 0.297586
81.4574 0.298388
81.4742 0.299339
81.4923 0.300422
81.5079 0.301369
81.5235 0.302198
81.5391 0.303048
81.5572 0.304042
81.574 0.305037
81.5908 0.306157
81.6064 0.307138
81.6232 0.308245
81.6389 0.30909
81.6557 0.310079
81.6725 0.311069
81.6893 0.312185
81.7074 0.313412
81.723 0.314486
81.7398 0.31555
81.7554 0.316606
81.7722 0.317655
81.7879 0.318573
81.8059 0.319627
81.8215 0.320673
81.8383 0.321714
81.854 0.322625
81.8708 0.323547
81.8864 0.324478
81.9044 0.325544
81.9212 0.326726
81.9381 0.327885
81.9549 0.329024
81.9705 0.330146
81.9873 0.331253
82.003 0.332221
82.0198 0.333194
82.0366 0.334295
82.0522 0.335258
82.069 0.33635
82.0859 0.337307
82.1015 0.338268
82.1195 0.33936
82.1351 0.34044
82.1519 0.341385
82.1688 0.342462
82.1856 0.343529
82.2012 0.344588
82.218 0.345639
82.2337 0.346559
82.2505 0.34749
82.2673 0.348553
82.2841 0.349609
82.3021 0.350908
82.3166 0.351795
82.3346 0.352945
82.3502 0.353952
82.367 0.355083
82.3827 0.356073
82.4007 0.357189
82.4163 0.35829
82.4331 0.359379
82.4487 0.360331
82.4656 0.36129
82.4812 0.362254
82.498 0.363222
82.516 0.364444
82.5317 0.365389
82.5461 0.36659
82.5605 0.367766
82.5749 0.369046
82.5893 0.37054
82.6025 0.371847
82.617 0.373241
82.6326 0.374961
82.647 0.376716
82.6626 0.378627
82.6782 0.380673
82.6963 0.383214
82.7095 0.385562
82.7287 0.388367
82.7431 0.391196
82.7612 0.394297
82.7744 0.397135
82.7936 0.400493
82.8188 0.403931
82.8417 0.40719
82.8657 0.410541
82.8897 0.413848
82.9126 0.416992
82.9342 0.419993
82.9522 0.422244
82.9666 0.423464
82.9847 0.424156
83.0003 0.424136
83.0183 0.423869
83.0327 0.423386
83.0447 0.422587
83.0592 0.421764
83.07 0.420418
83.0844 0.419116
83.1012 0.418227
83.1144 0.417073
83.1301 0.416189
83.1445 0.415165
83.1625 0.414645
83.1781 0.414189
83.1949 0.413916
83.2106 0.413676
83.2274 0.413717
83.243 0.413752
83.2598 0.413908
83.2754 0.414045
83.2935 0.414539
83.3103 0.415222
83.3259 0.415694
83.3427 0.416357
83.3596 0.417063
83.3752 0.417805
83.392 0.418579
83.4076 0.419257
83.4256 0.4201
83.4437 0.421212
83.4581 0.422061
83.4749 0.422928
83.4905 0.423687
83.5074 0.424601
83.523 0.425276
83.5398 0.426117
83.5566 0.426977
83.5746 0.428105
83.5891 0.428967
83.6059 0.429846
83.6215 0.430615
83.6383 0.431538
83.6539 0.432221
83.672 0.433193
83.6876 0.434169
83.7056 0.435273
83.72 0.436239
83.7381 0.437334
83.7525 0.438167
83.7705 0.439146
83.7861 0.440128
83.8029 0.440987
83.8186 0.441864
83.8366 0.442881
83.851 0.443771
83.8678 0.444549
83.8835 0.445356
83.9015 0.446311
83.9171 0.447272
83.9339 0.448113
83.9507 0.449099
83.9676 0.450087
83.9844 0.451201
83.9988 0.451926
84.0156 0.45281
84.0325 0.453709
84.0481 0.45462
84.0649 0.455418
84.0805 0.45624
84.0985 0.457335
84.1142 0.458293
84.1298 0.459132
84.1478 0.460115
84.1634 0.461101
84.1802 0.462088
84.1959 0.462952
84.2115 0.463708
84.2283 0.46462
84.2451 0.465542
84.262 0.466474
84.2788 0.467415
84.292 0.467988
84.31 0.468865
84.3244 0.469507
84.3437 0.470443
84.3605 0.471513
84.3797 0.472824
84.3905 0.473596
84.4037 0.474396
84.4182 0.475472
84.4302 0.476288
84.4458 0.477377
84.465 0.479205
84.4794 0.480429
84.4975 0.481875
84.5119 0.482891
84.5299 0.483905
84.5503 0.485417
84.566 0.48649
84.584 0.487803
84.6164 0.490828
84.6357 0.491349
84.6585 0.492181
84.6777 0.492658
84.6981 0.493076
84.721 0.493691
84.7378 0.49373
84.7582 0.493889
84.7738 0.493278
84.7907 0.492243
84.8075 0.490963
84.8219 0.488967
84.8363 0.487221
84.8531 0.485819
84.864 0.483966
84.8772 0.482096
84.888 0.479834
84.9036 0.477854
84.918 0.476123
84.93 0.474107
84.9469 0.472469
84.9613 0.47091
84.9757 0.469421
84.9901 0.467994
85.0045 0.46662
85.0214 0.465542
85.037 0.464599
85.0514 0.463649
85.067 0.462943
85.0839 0.462325
85.0983 0.46166
85.1151 0.461077
85.1331 0.460443
85.1547 0.459887
85.1764 0.459401
85.1932 0.458976
85.2124 0.458354
85.2292 0.457935
85.2449 0.457443
85.2641 0.457388
85.2809 0.457339
85.2965 0.457297
85.3134 0.45751
85.3302 0.457821
85.347 0.458218
85.3638 0.458566
85.3806 0.458995
85.3987 0.459746
85.4131 0.460278
85.4311 0.460993
85.4467 0.461494
85.466 0.462307
85.4804 0.463019
85.4984 0.463891
85.5128 0.464405
85.5296 0.464979
85.5477 0.465732
85.5645 0.46664
85.5813 0.46756
85.5969 0.46824
85.6138 0.46896
85.6294 0.46959
85.6474 0.470516
85.663 0.471327
85.6786 0.471911
85.6943 0.472422
85.7111 0.472994
85.7279 0.47362
85.7447 0.474293
85.7616 0.475006
85.7772 0.47563
85.794 0.476176
85.812 0.476904
85.8288 0.477416
85.8457 0.477989
85.8625 0.478491
85.8817 0.479054
85.8973 0.479548
85.9142 0.479979
85.9298 0.480357
85.9514 0.481062
85.9646 0.481304
85.979 0.481266
85.9959 0.481233
86.0127 0.481329
86.0319 0.481663
86.0499 0.48208
86.0656 0.48232
86.0836 0.48278
86.0992 0.483182
86.116 0.48366
86.1341 0.484077
86.1497 0.484318
86.1617 0.484528
86.1749 0.484712
86.1869 0.484748
86.2013 0.485154
86.217 0.485635
86.2338 0.486056
86.2518 0.486549
86.2674 0.48698
86.283 0.487358
86.2987 0.487188
86.3155 0.487164
86.3323 0.487144
86.3515 0.487376
86.3864 0.487579
86.4104 0.488132
86.4308 0.48849
86.4513 0.488804
86.4705 0.488828
86.4885 0.488475
86.5065 0.48779
86.5294 0.487442
86.5474 0.486761
86.5666 0.485916
86.5822 0.484552
86.5931 0.482733
86.6075 0.480891
86.6243 0.479405
86.6363 0.477604
86.6519 0.476029
86.6664 0.474525
86.6796 0.472834
86.6952 0.471355
86.7084 0.469686
86.7216 0.467975
86.7361 0.466353
86.7493 0.464559
86.7649 0.462864
86.7793 0.461256
86.7949 0.459849
86.8081 0.458368
86.825 0.457072
86.8382 0.455688
86.8538 0.454352
86.8682 0.453183
86.8851 0.452285
86.8995 0.451249
86.9163 0.450468
86.9319 0.449535
86.9499 0.448718
86.974 0.448128
86.992 0.447612
87.0124 0.447411
87.0268 0.446984
87.0449 0.446861
87.0605 0.446754
87.0785 0.447034
87.0941 0.44728
87.1122 0.447745
87.1266 0.447902
87.1446 0.448289
87.159 0.448628
87.1782 0.4493
87.1939 0.449762
87.2119 0.450417
87.2275 0.45099
87.2443 0.451741
87.26 0.452273
87.2756 0.452739
87.2924 0.453272
87.3116 0.454113
87.3272 0.454974
87.3441 0.455852
87.3609 0.456621
87.3765 0.457293
87.3945 0.458131
87.4089 0.45874
87.4282 0.459772
87.4438 0.460551
87.4618 0.461482
87.4762 0.462297
87.4931 0.463135
87.5087 0.463743
87.5255 0.4644
87.5411 0.464975
87.5579 0.465603
87.5748 0.466278
87.5916 0.466993
87.6084 0.467744
87.6252 0.468526
87.6409 0.46921
87.6577 0.469934
87.6733 0.470567
87.6913 0.471371
87.7081 0.4722
87.7238 0.472925
87.7406 0.473684
87.7574 0.474474
87.773 0.475165
87.7911 0.475769
87.8067 0.476173
87.8235 0.476526
87.8415 0.477085
87.8559 0.477325
87.8812 0.478534
87.8944 0.478592
87.9076 0.478643
87.9208 0.478688
87.9365 0.479102
87.9521 0.479714
87.9689 0.4805
87.9845 0.481062
88.0001 0.481555
88.0146 0.48161
88.0314 0.481909
88.047 0.48192
88.0638 0.48193
88.0806 0.481939
88.1119 0.483822
88.1335 0.483594
88.1527 0.48302
88.1744 0.482517
88.196 0.482078
88.2164 0.481568
88.2393 0.481247
88.2621 0.481091
88.2837 0.480955
88.3029 0.48046
88.321 0.479528
88.3366 0.478712
88.351 0.477873
88.3654 0.476764
88.381 0.475793
88.3967 0.474819
88.4087 0.473467
88.4207 0.471658
88.4375 0.470201
88.4531 0.468926
88.4664 0.46731
88.482 0.465771
88.4976 0.464425
88.5096 0.462747
88.5264 0.461279
88.5409 0.459744
88.5541 0.458151
88.5673 0.456257
88.5841 0.454725
88.5997 0.453259
88.6142 0.451852
88.6298 0.45037
88.6454 0.449074
88.661 0.44794
88.6778 0.446822
88.6935 0.445845
88.7151 0.445739
88.7331 0.445272
88.7523 0.444738
88.7668 0.44377
88.7836 0.443049
88.8016 0.442668
88.8184 0.442459
88.8352 0.442277
88.8521 0.442242
88.8689 0.442212
88.8845 0.442061
88.9025 0.442178
88.9194 0.442406
88.9386 0.44298
88.9542 0.443358
88.971 0.443813
88.9879 0.444211
89.0035 0.444435
89.0227 0.445005
89.0395 0.44563
89.0551 0.446176
89.0732 0.446779
89.0912 0.447557
89.1056 0.447987
89.1236 0.448489
89.1405 0.449053
89.1585 0.449796
89.1753 0.450572
89.1921 0.45125
89.2089 0.451844
89.2246 0.452363
89.2426 0.452943
89.2594 0.453575
89.2762 0.454253
89.2943 0.455097
89.3111 0.455834
89.3279 0.45648
89.3447 0.45717
89.3628 0.457899
89.3796 0.458662
89.3964 0.459454
89.4156 0.460522
89.4312 0.461332
89.4469 0.461915
89.4637 0.462551
89.4829 0.463357
89.4997 0.464187
89.5154 0.464914
89.5334 0.4658
89.5514 0.4667
89.5682 0.467612
89.5874 0.468786
89.6019 0.469438
89.6187 0.470133
89.6331 0.470616
89.6487 0.471289
89.6632 0.472128
89.6764 0.472862
89.6884 0.473379
89.7064 0.474457
89.7184 0.475275
89.7328 0.476115
89.7485 0.476976
89.7665 0.477854
89.7809 0.478122
89.7989 0.478482
89.817 0.478922
89.8326 0.479182
89.8638 0.481034
89.8842 0.48053
89.9059 0.480088
89.9275 0.479702
89.9491 0.479365
89.9732 0.479319
89.996 0.479404
90.0164 0.479354
90.0393 0.479434
90.0609 0.479505
90.0801 0.479317
90.0981 0.479402
90.1113 0.478977
90.1294 0.478855
90.1438 0.478498
90.1558 0.477561
90.1714 0.476741
90.187 0.476023
90.2027 0.47527
90.2195 0.474611
90.2339 0.473785
90.2495 0.473062
90.2603 0.471679
90.2772 0.470594
90.2928 0.46952
90.306 0.46833
90.3204 0.466914
90.336 0.465675
90.3505 0.46434
90.3649 0.462798
90.3781 0.461198
90.3925 0.459548
90.4093 0.45823
90.4262 0.457076
90.4406 0.455816
90.6466 0.478464
90.6761 0.449906
90.8488 0.443668
90.8857 0.414335
90.9026 0.388793
90.9183 0.366444
90.9346 0.346888
90.9509 0.329652
90.9672 0.314696
90.9835 0.301609
90.9998 0.290033
91.0169 0.280029
91.0327 0.271275
91.0486 0.263616
91.0674 0.257164
91.0817 0.251268
91.101 0.246485
91.1178 0.242299
91.13 0.238262
91.1463 0.234729
91.1634 0.231763
91.1789 0.228917
91.1959 0.226553
91.2115 0.224484
91.2289 0.222673
91.244 0.221089
91.2603 0.219703
91.278 0.218615
91.2952 0.217788
91.3121 0.21719
91.3289 0.216666
91.3457 0.216208
91.3637 0.216057
91.377 0.21555
91.3912 0.214981
91.4069 0.214233
91.4232 0.213704
91.4399 0.213241
91.456 0.212711
91.4729 0.212372
91.4883 0.212076
91.5075 0.212191
91.5232 0.212167
91.54 0.212146
91.558 0.212503
91.5736 0.212565
91.5928 0.212995
91.6085 0.21337
91.6265 0.213824
91.6445 0.214471
91.6589 0.214787
91.6758 0.215064
91.6854 0.214556
91.7012 0.214111
91.7204 0.213972
91.736 0.213726
91.7528 0.213635
91.7708 0.213681
91.7877 0.213846
91.8069 0.21424
91.8201 0.214335
91.8393 0.214793
91.8573 0.215319
91.8766 0.216154
91.8934 0.21701
91.909 0.217884
91.9234 0.218773
91.9379 0.219676
91.9523 0.220717
91.9679 0.221877
91.9823 0.223143
91.9979 0.2245
92.0111 0.225812
92.0268 0.227211
92.0424 0.228684
92.0556 0.229974
92.0724 0.231602
92.0881 0.233402
92.1037 0.235227
92.1181 0.237073
92.1349 0.239064
92.1529 0.241431
92.1674 0.243752
92.183 0.246033
92.1998 0.248529
92.2166 0.251213
92.2334 0.254061
92.2491 0.256804
92.2671 0.259828
92.2839 0.26285
92.2995 0.265868
92.3188 0.26926
92.3368 0.272852
92.3524 0.276371
92.3692 0.27995
92.386 0.283581
92.4029 0.287133
92.4173 0.290617
92.4329 0.294039
92.4461 0.29716
92.463 0.30039
92.4858 0.303466
92.5026 0.305658
92.5242 0.307825
92.5411 0.309222
92.5591 0.310069
92.5759 0.310186
92.5915 0.309788
92.6095 0.309064
92.6264 0.307931
92.6444 0.30669
92.66 0.305354
92.678 0.304434
92.6913 0.30338
92.7081 0.302583
92.7249 0.30201
92.7381 0.301258
92.7561 0.300976
92.7718 0.300604
92.7898 0.300654
92.8042 0.300572
92.8234 0.301
92.8391 0.301375
92.8559 0.301828
92.8703 0.3021
92.8895 0.302837
92.9051 0.303483
92.922 0.304172
92.94 0.305026
92.9568 0.306023
92.9724 0.30702
92.9893 0.308017
93.0061 0.30914
93.0205 0.309873
93.0385 0.310889
93.0565 0.312027
93.0746 0.313399
93.0902 0.314599
93.107 0.315899
93.1238 0.317037
93.1395 0.318157
93.1563 0.319263
93.1731 0.32048
93.1887 0.32142
93.2055 0.322492
93.2236 0.323681
93.2404 0.324971
93.256 0.326099
93.274 0.327462
93.2897 0.328529
93.3065 0.329713
93.3221 0.330749
93.3401 0.33203
93.3545 0.332902
93.3726 0.334039
93.3906 0.335284
93.4086 0.336748
93.423 0.337905
93.4399 0.339042
93.4567 0.340162
93.4723 0.341266
93.4903 0.342483
93.5071 0.343798
93.5252 0.345198
93.5396 0.346298
93.5588 0.347636
93.5732 0.348806
93.5901 0.349956
93.6069 0.351086
93.6249 0.35245
93.6393 0.353519
93.6573 0.354829
93.673 0.355851
93.6898 0.356994
93.7042 0.35787
93.7246 0.359261
93.7391 0.360354
93.7571 0.361684
93.7727 0.362724
93.7907 0.364008
93.8075 0.365257
93.8256 0.366725
93.84 0.367759
93.8568 0.368915
93.8748 0.370175
93.8905 0.371403
93.9085 0.372728
93.9241 0.374012
93.9421 0.375385
93.9577 0.376587
93.9746 0.377764
93.9914 0.379043
94.0094 0.380413
94.025 0.381736
94.0443 0.383269
94.0587 0.384611
94.0719 0.385909
94.0863 0.387421
94.1031 0.389243
94.1176 0.391088
94.1332 0.393077
94.1488 0.395192
94.1656 0.397668
94.1812 0.40021
94.1969 0.402808
94.2125 0.405457
94.2281 0.408275
94.2449 0.411241
94.2605 0.414211
94.2738 0.416934
94.2918 0.420068
94.3074 0.423184
94.3218 0.426161
94.3435 0.429391
94.3687 0.432842
94.3879 0.435612
94.4095 0.43816
94.4276 0.44014
94.4456 0.441498
94.4636 0.442311
94.4804 0.442647
94.4985 0.442566
94.5165 0.44212
94.5345 0.44148
94.5489 0.44042
94.5633 0.439368
94.5754 0.438072
94.591 0.436813
94.6066 0.435836
94.621 0.434857
94.6378 0.434125
94.6559 0.433734
94.6703 0.433392
94.6871 0.433218
94.7027 0.433066
94.7208 0.433183
94.7364 0.43341
94.7532 0.433734
94.7712 0.434392
94.7856 0.434718
94.8049 0.435503
94.8205 0.43619
94.8373 0.437041
94.8517 0.437536
94.871 0.438469
94.8854 0.439161
94.9034 0.440141
94.919 0.440998
94.9358 0.441873
94.9503 0.442514
94.9695 0.443575
94.9839 0.444378
95.0019 0.445331
95.0176 0.446289
95.0356 0.447378
95.0512 0.448456
95.0692 0.449649
95.0824 0.450443
95.1005 0.451387
95.1185 0.452589
95.1353 0.453765
95.1521 0.455045
95.1678 0.456039
95.1858 0.457284
95.2014 0.458374
95.2194 0.459702
95.2338 0.460614
95.2507 0.461662
95.2663 0.46258
95.2843 0.463757
95.2999 0.464663
95.318 0.46583
95.3336 0.466851
95.3492 0.46787
95.366 0.468886
95.384 0.47015
95.3973 0.470881
95.4153 0.471896
95.4309 0.472659
95.4477 0.473577
95.4657 0.47463
95.4826 0.475801
95.4982 0.476826
95.5138 0.477723
95.533 0.479007
95.5487 0.480131
95.5643 0.481115
95.5799 0.481851
95.5991 0.482994
95.6184 0.48412
95.634 0.484855
95.652 0.485748
95.6712 0.48703
95.6856 0.487651
95.7049 0.48857
95.7205 0.489123
95.7361 0.489733
95.7541 0.490516
95.7698 0.491077
95.7878 0.491567
95.8058 0.492371
95.8226 0.49295
95.8394 0.493581
95.8563 0.494383
95.8743 0.495211
95.8899 0.495559
95.9055 0.495864
95.9176 0.495881
95.9308 0.496021
95.944 0.496143
95.9584 0.496626
95.9764 0.497672
95.9945 0.498713
96.0077 0.499249
96.0293 0.500468
96.0449 0.501035
96.0605 0.501655
96.0774 0.502323
96.099 0.503533
96.1182 0.504716
96.1471 0.507002
96.1651 0.506502
96.1831 0.505814
96.2023 0.504962
96.2192 0.503717
96.2312 0.501627
96.248 0.499174
96.2648 0.496527
96.2816 0.493836
96.3009 0.491232
96.3165 0.488328
96.3297 0.485162
96.3441 0.482392
96.3585 0.479718
96.373 0.477253
96.3874 0.474971
96.4006 0.472725
96.4174 0.470884
96.4318 0.469149
96.4475 0.46763
96.4631 0.466426
96.4787 0.465248
96.4955 0.464467
96.5111 0.463784
96.5256 0.463061
96.5424 0.462553
96.5568 0.461984
96.5724 0.461486
96.588 0.461175
96.6037 0.460778
96.6193 0.460556
96.6349 0.460362
96.6553 0.460816
96.671 0.460714
96.6878 0.46075
96.7022 0.460656
96.7202 0.460949
96.7539 0.463331
96.7719 0.463289
96.7875 0.463253
96.8067 0.463596
96.8236 0.464022
96.8392 0.464394
96.8548 0.464595
96.8716 0.464896
96.8908 0.465534
96.9065 0.466092
96.9233 0.466705
96.9413 0.467492
96.9569 0.468056
96.975 0.468799
96.9918 0.469574
97.0098 0.470502
97.0254 0.471314
97.0422 0.47215
97.0591 0.473006
97.0771 0.474006
97.0939 0.47488
97.1083 0.475395
97.1252 0.475971
97.1408 0.476349
97.1576 0.476806
97.1756 0.477455
97.19 0.477898
97.2069 0.478286
97.2285 0.479375
97.2453 0.479953
97.2609 0.480084
97.2826 0.480949
97.2982 0.48133
97.3138 0.481414
97.3294 0.481487
97.3475 0.481801
97.3679 0.482576
97.3823 0.482754
97.4003 0.48316
97.4183 0.48364
97.434 0.483685
97.452 0.483974
97.4676 0.484102
97.4868 0.484465
97.5037 0.484657
97.5193 0.484824
97.5361 0.484971
97.5553 0.48535
97.571 0.485306
97.5866 0.485268
97.6022 0.485234
97.6178 0.48508
97.6322 0.48482
97.6515 0.484968
97.6659 0.484597
97.6803 0.484272
97.6923 0.483988
97.7067 0.483865
97.7236 0.484256
97.7392 0.484724
97.7572 0.485384
97.7716 0.485086
97.7896 0.485075
97.8053 0.485066
97.8233 0.485433
97.8461 0.486378
97.8593 0.486206
97.8774 0.486555
97.9086 0.488486
97.9278 0.4878
97.9483 0.4872
97.9687 0.486425
97.9879 0.485497
98.0071 0.484435
98.024 0.482881
98.0396 0.480895
98.0576 0.478659
98.0732 0.476076
98.09 0.473317
98.1033 0.470527
98.1177 0.467836
98.1321 0.465357
98.1477 0.463062
98.1609 0.460679
98.1754 0.458469
98.191 0.456411
98.2042 0.454359
98.2198 0.452439
98.2354 0.45076
98.2499 0.44904
98.2643 0.44741
98.2811 0.446108
98.2955 0.44472
98.3135 0.443755
98.328 0.442661
98.3436 0.441703
98.3604 0.44099
98.376 0.440366
98.3916 0.439696
98.4085 0.439234
98.4265 0.439079
98.4421 0.438944
98.4589 0.438826
98.4758 0.438848
98.4926 0.438992
98.5094 0.439243
98.5262 0.439588
98.5418 0.439764
98.5575 0.439919
98.5755 0.440304
98.5911 0.440641
98.6091 0.441186
98.6236 0.441413
98.6416 0.441861
98.6584 0.442378
98.674 0.442831
98.692 0.443477
98.7089 0.443918
98.7245 0.444303
98.7425 0.44489
98.7593 0.445529
98.7762 0.446213
98.793 0.446811
98.811 0.44771
98.8254 0.448246
98.8422 0.44884
98.8579 0.449235
98.8747 0.449706
98.8915 0.450243
98.9107 0.451087
98.9264 0.451826
98.9432 0.452598
98.96 0.453398
98.9756 0.453974
98.9924 0.454602
99.0093 0.455277
99.0249 0.455742
99.0429 0.456399
99.0597 0.457099
99.0754 0.457712
99.091 0.458123
99.1102 0.458983
99.1246 0.459485
99.1426 0.460174
99.1583 0.460777
99.1739 0.46118
99.1919 0.461783
99.2075 0.46231
99.2256 0.463021
99.2424 0.463768
99.2616 0.464797
99.276 0.465573
99.294 0.466501
99.3109 0.467314
99.3265 0.468024
99.3433 0.468771
99.3589 0.4693
99.3782 0.470262
99.3938 0.470855
99.4094 0.471373
99.4262 0.472076
99.437 0.472442
99.4467 0.472261
99.4587 0.472104
99.4755 0.472466
99.4899 0.472658
99.5079 0.473075
99.5236 0.473191
99.5392 0.473167
99.5548 0.473146
99.5752 0.473753
99.5896 0.473659
99.6077 0.473951
99.6365 0.475583
99.6581 0.475385
99.6798 0.475087
99.7002 0.474826
99.7218 0.474473
99.7446 0.474413
99.7639 0.473987
99.7819 0.473238
99.8023 0.472459
99.8215 0.471526
99.836 0.469711
99.848 0.467622
99.8648 0.465919
99.8756 0.463804
99.8912 0.461954
99.9033 0.459834
99.9201 0.45798
99.9333 0.455983
99.9477 0.453985
99.9621 0.452112
99.9766 0.450223
99.9898 0.448195
