0.200436 0.2
0.418664 0.20225
0.437889 0.206594
0.457115 0.212895
0.47634 0.220783
0.493163 0.22981
0.623257 0.253959
0.647289 0.249964
0.666515 0.246468
0.68574 0.244035
0.704966 0.24253
0.724191 0.241964
0.743417 0.242094
0.762643 0.242832
0.774659 0.243353
0.824751 0.248309
0.852388 0.24502
0.872815 0.241643
0.893242 0.239562
0.912468 0.238492
0.932895 0.238306
0.953322 0.239017
0.974951 0.24064
0.994176 0.24281
1.0146 0.245459
1.03743 0.249027
1.06026 0.253398
1.07949 0.258223
1.09872 0.263321
1.11794 0.26878
1.13597 0.274433
1.1588 0.280879
1.18403 0.288269
1.20806 0.29636
1.22729 0.30469
1.24892 0.313604
1.26814 0.322903
1.28857 0.332541
1.309 0.342473
1.32582 0.352289
1.34865 0.362753
1.36547 0.373034
1.3847 0.383404
1.39912 0.393354
1.42675 0.404435
1.44237 0.414505
1.46761 0.425567
1.48443 0.435621
1.50606 0.446169
1.52288 0.455898
1.54811 0.466785
1.56253 0.476437
1.58416 0.486633
1.6106 0.496928
1.64064 0.506812
1.67669 0.517586
1.6899 0.526263
1.71514 0.53623
1.72956 0.545201
1.75239 0.555051
1.7656 0.56392
1.78964 0.573805
1.79685 0.581329
1.81367 0.589163
1.8377 0.596768
1.85693 0.602797
1.87855 0.608447
1.89898 0.613141
1.92302 0.617999
2.5911 0.620124
2.61273 0.621733
2.62955 0.623267
2.64758 0.624608
2.662 0.625782
2.68723 0.626809
2.70405 0.627708
2.72809 0.628495
2.74491 0.628933
2.76654 0.629441
2.78456 0.630011
2.80739 0.63026
2.82181 0.630477
2.84344 0.630793
2.87228 0.631319
2.90352 0.632029
2.93716 0.632275
2.95158 0.632366
4.27334 0.584695
4.28776 0.542733
4.30218 0.505891
4.3178 0.473655
4.33342 0.445448
4.34544 0.420267
4.35745 0.397859
4.37067 0.377876
4.38389 0.360017
4.39831 0.34439
4.41633 0.330966
4.43195 0.31922
4.44757 0.308943
4.4644 0.300075
4.48002 0.292441
4.51366 0.287885
4.5389 0.2814
4.55211 0.2756
4.56894 0.270525
4.58576 0.266209
4.60138 0.262558
4.6182 0.259488
4.63502 0.257052
4.65185 0.254921
4.66867 0.253181
4.68669 0.252033
4.70111 0.250904
4.71793 0.249916
4.73596 0.249426
4.75038 0.248873
4.7636 0.248014
4.78162 0.247637
4.79844 0.247433
4.81406 0.247379
4.83089 0.247331
4.85011 0.24779
4.86573 0.248191
4.88135 0.248542
4.89938 0.249099
4.9162 0.249837
4.93302 0.250607
4.94984 0.251281
4.96546 0.251996
4.98229 0.252747
5.00031 0.253778
5.01593 0.254556
5.03275 0.255362
5.05198 0.256566
5.0676 0.257621
5.08442 0.258668
5.10245 0.25996
5.11807 0.26109
5.13489 0.262078
5.15291 0.263319
5.16853 0.264404
5.18416 0.265478
5.20338 0.266793
5.2202 0.268069
5.23582 0.269186
5.25145 0.270162
5.26827 0.271142
5.28629 0.272374
5.30432 0.273703
5.31994 0.27474
5.33676 0.275897
5.35598 0.277285
5.37281 0.278749
5.38843 0.280031
5.40645 0.281402
5.42448 0.282977
5.43649 0.284105
5.45211 0.285467
5.46653 0.286908
5.48335 0.28867
5.49897 0.290586
5.51219 0.292388
5.52661 0.294089
5.54103 0.295953
5.55785 0.297959
5.57227 0.300089
5.58789 0.302203
5.60111 0.304303
5.61793 0.306515
5.63235 0.308825
5.64677 0.310972
5.66359 0.313476
5.69003 0.316916
5.71286 0.320052
5.73449 0.323045
5.75852 0.32604
5.77895 0.328535
5.79817 0.330593
5.8198 0.332394
5.84143 0.334094
5.86066 0.335333
5.87988 0.336291
5.8931 0.336505
5.90752 0.336567
5.92194 0.336371
5.93636 0.336074
5.95078 0.33569
5.9676 0.335479
5.98202 0.335294
5.99764 0.335007
6.01326 0.334756
6.02768 0.334412
6.0433 0.33411
6.06012 0.333972
6.07574 0.33385
6.09257 0.333869
6.10819 0.333885
6.12621 0.334275
6.14303 0.33474
6.15985 0.335273
6.17548 0.335739
6.1947 0.336521
6.21032 0.337331
6.22835 0.33829
6.24277 0.338879
6.26079 0.339769
6.27881 0.340798
6.29564 0.341823
6.31005 0.34272
6.32808 0.343755
6.3449 0.344786
6.36293 0.345937
6.37855 0.346945
6.39657 0.348202
6.4158 0.349677
6.43021 0.350842
6.44584 0.351862
6.46386 0.353004
6.48188 0.354254
6.49871 0.355597
6.51553 0.356897
6.53115 0.35816
6.55037 0.35964
6.56479 0.360685
6.58162 0.361849
6.59964 0.363118
6.61646 0.364354
6.63449 0.365809
6.65011 0.367083
6.66573 0.368073
6.68375 0.369314
6.70057 0.370524
6.7174 0.371834
6.73542 0.37323
6.75104 0.374451
6.76786 0.375645
6.78469 0.376814
6.80151 0.377962
6.81953 0.379342
6.83515 0.380549
6.85318 0.381856
6.8688 0.382999
6.88442 0.383999
6.90124 0.385124
6.91927 0.386358
6.93609 0.387564
6.95291 0.388743
6.96733 0.38965
6.98535 0.390694
7.00338 0.391982
7.019 0.392984
7.03702 0.394236
7.05505 0.395707
7.07187 0.396994
7.08629 0.398119
7.10311 0.399229
7.11873 0.400076
7.13796 0.401316
7.15478 0.402527
7.1716 0.403711
7.18722 0.404872
7.20405 0.406013
7.21967 0.407386
7.23288 0.408588
7.25091 0.41039
7.26413 0.412091
7.27854 0.41383
7.29537 0.415851
7.30979 0.417869
7.32661 0.420136
7.33983 0.422244
7.35425 0.424338
7.37227 0.426921
7.38789 0.429431
7.40231 0.431877
7.41793 0.434392
7.43235 0.436843
7.46359 0.439738
7.48522 0.442396
7.50685 0.444721
7.52728 0.446881
7.5465 0.448521
7.56933 0.450206
7.58615 0.45118
7.60538 0.451783
7.62581 0.452185
7.64023 0.451787
7.65585 0.451438
7.66786 0.450634
7.68228 0.449929
7.6955 0.448938
7.70872 0.447696
7.72434 0.446734
7.73996 0.445767
7.75438 0.444796
7.7688 0.443822
7.78562 0.443094
7.80124 0.442457
7.81686 0.4419
7.83368 0.441538
7.85051 0.44147
7.86613 0.441412
7.88175 0.441235
7.89977 0.441456
7.91539 0.441649
7.93101 0.441818
7.94904 0.44234
7.96466 0.442673
7.98148 0.443089
7.9959 0.443328
8.01513 0.443662
8.03315 0.444079
8.05237 0.444444
8.0728 0.444764
8.08842 0.445043
8.10525 0.445413
8.12327 0.446111
8.13889 0.446597
8.15451 0.447148
8.17253 0.447879
8.18816 0.448519
8.20618 0.449454
8.2218 0.450148
8.23862 0.450879
8.25545 0.451769
8.27107 0.452548
8.28669 0.453105
8.30591 0.454091
8.32153 0.454955
8.33836 0.455961
8.35398 0.456716
8.3708 0.457501
8.38642 0.458313
8.40204 0.459024
8.42006 0.459896
8.43569 0.460659
8.45131 0.461327
8.46573 0.461661
8.48135 0.462078
8.49937 0.462569
8.51739 0.462872
8.53782 0.463138
8.55464 0.463496
8.57387 0.464059
8.59069 0.464427
8.60631 0.464873
8.62073 0.465014
8.63876 0.465137
8.65438 0.465245
8.6712 0.465215
8.68682 0.465188
8.70484 0.465289
8.72046 0.465253
8.73849 0.465471
8.75291 0.465538
8.77213 0.46572
8.78775 0.465755
8.80337 0.465661
8.8202 0.465828
8.83702 0.465975
8.85144 0.465853
8.86826 0.465871
8.9007 0.465762
8.91512 0.465542
8.92954 0.465474
8.94156 0.46529
8.95718 0.465504
8.9716 0.465816
8.98602 0.466214
9.00765 0.466687
9.02567 0.467226
9.0473 0.468073
9.06412 0.468814
9.07974 0.469337
9.09657 0.47017
9.11339 0.470774
9.14343 0.470927
9.16385 0.470936
9.18428 0.470944
9.20231 0.470451
9.22273 0.469895
9.23715 0.468533
9.25518 0.466966
9.2744 0.465345
9.29122 0.463302
9.30925 0.46114
9.32367 0.458622
9.33929 0.456419
9.35371 0.454242
9.36452 0.451712
9.38014 0.449498
9.39456 0.44731
9.41259 0.445647
9.4258 0.443816
9.44142 0.442214
9.45945 0.441062
9.47387 0.439804
9.48949 0.438704
9.50631 0.437866
9.52313 0.437258
9.53996 0.436725
9.55678 0.436385
9.5736 0.436212
9.59162 0.43631
9.60845 0.436521
9.62287 0.436456
9.63969 0.436399
9.66012 0.436599
9.67694 0.436774
9.69376 0.436928
9.71419 0.437312
9.73221 0.437773
9.74903 0.438051
9.76706 0.438545
9.78508 0.439227
9.8019 0.439823
9.81632 0.44022
9.83555 0.440943
9.85237 0.4417
9.8704 0.442612
9.88602 0.443411
9.90164 0.443985
9.92086 0.444861
9.93769 0.445754
9.95571 0.446785
9.97133 0.447687
9.98815 0.448601
10.0062 0.449651
10.023 0.450569
10.0398 0.451498
10.0566 0.452436
10.0735 0.453381
10.0915 0.454459
10.1059 0.455151
10.1239 0.455882
10.1372 0.456272
10.1564 0.456988
10.1768 0.457615
10.1948 0.458163
10.2117 0.458642
10.2309 0.459187
10.2489 0.459664
10.2645 0.460081
10.2789 0.460196
10.2982 0.460546
10.3126 0.460478
10.3306 0.460418
10.3474 0.460491
10.3655 0.460805
10.3823 0.460954
10.3991 0.461085
10.4159 0.460949
10.4303 0.460705
10.4472 0.460492
10.4652 0.460306
10.482 0.460268
10.4988 0.460109
10.5145 0.459845
10.5313 0.459615
10.5505 0.459538
10.5673 0.459596
10.5817 0.459396
10.5974 0.459597
10.6094 0.459647
10.6238 0.459816
10.6406 0.460339
10.6574 0.460672
10.8527 0.429588
10.867 0.402014
11.0633 0.378138
11.0803 0.35737
11.0972 0.339324
11.274 0.323159
11.2908 0.309139
11.3088 0.297121
11.3256 0.286731
11.3401 0.277515
11.3593 0.269825
11.4866 0.262722
11.5034 0.256507
11.519 0.251069
11.5359 0.24631
11.5527 0.242271
11.5695 0.238862
11.5863 0.236005
11.6043 0.233754
11.6236 0.23216
11.644 0.23139
11.6644 0.231216
11.6849 0.231564
11.7245 0.232369
11.7437 0.233322
11.7654 0.234782
11.7834 0.236184
11.8014 0.238036
11.817 0.240032
11.8363 0.242403
11.8531 0.244977
11.8699 0.24748
11.8879 0.250295
11.9047 0.253133
11.9216 0.256117
11.9372 0.258977
11.9552 0.262105
11.9732 0.265342
11.9901 0.268674
12.0069 0.27184
12.0249 0.275235
12.0417 0.278706
12.0586 0.282117
12.0742 0.285478
12.091 0.288668
12.103 0.291459
12.1162 0.293777
12.1294 0.295805
12.1403 0.297204
12.1535 0.298429
12.1655 0.29925
12.1811 0.300344
12.1991 0.300801
12.2196 0.300826
12.2376 0.300348
12.2568 0.299429
12.276 0.298375
12.2953 0.296954
12.3145 0.295334
12.3361 0.293918
12.3566 0.292303
12.3794 0.291015
12.3974 0.289638
12.4142 0.288433
12.431 0.287379
12.4467 0.286332
12.4635 0.28554
12.4803 0.284973
12.4995 0.284851
12.5152 0.284745
12.5308 0.284527
12.5464 0.284336
12.5644 0.284544
12.5825 0.284976
12.5993 0.285479
12.6149 0.285794
12.6317 0.286195
12.6497 0.286795
12.6654 0.287321
12.6822 0.288031
12.699 0.288777
12.7158 0.28943
12.7339 0.290251
12.7495 0.29097
12.7675 0.291849
12.7843 0.292742
12.8011 0.293775
12.8156 0.294428
12.8336 0.295249
12.8516 0.296218
12.8696 0.297316
12.8865 0.298401
12.9009 0.299101
12.9177 0.299964
12.9357 0.300968
12.9537 0.302097
12.9682 0.30296
12.9862 0.303965
13.0018 0.304719
13.021 0.305879
13.0367 0.306895
13.0535 0.307908
13.0691 0.308794
13.0871 0.30982
13.1039 0.310717
13.1208 0.311628
13.1376 0.312549
13.1532 0.313356
13.1712 0.314436
13.1869 0.315257
13.2037 0.3161
13.2217 0.317087
13.2397 0.318201
13.2578 0.319426
13.2722 0.320373
13.289 0.321326
13.3082 0.32266
13.325 0.323953
13.3407 0.324959
13.3575 0.325964
13.3743 0.326968
13.3911 0.327972
13.4092 0.329226
13.4236 0.330073
13.4416 0.331064
13.4584 0.332056
13.4764 0.333174
13.4921 0.334152
13.5101 0.335258
13.5257 0.336226
13.5437 0.337322
13.5594 0.338282
13.5762 0.339247
13.5942 0.340341
13.6122 0.341548
13.6302 0.342855
13.6459 0.343998
13.6639 0.345248
13.6831 0.346842
13.7011 0.348487
13.718 0.349926
13.7384 0.35181
13.7576 0.353834
13.7768 0.35598
13.7985 0.358732
13.8177 0.361516
13.8369 0.364326
13.8561 0.367286
13.8754 0.37025
13.8946 0.373219
13.9102 0.375816
13.9294 0.378589
13.9439 0.381141
13.9571 0.383498
13.9715 0.385811
13.9859 0.387959
13.9991 0.389964
14.0112 0.391594
14.022 0.39277
14.034 0.393673
14.0448 0.394214
14.0556 0.394562
14.0676 0.394742
14.0808 0.394899
14.0917 0.394912
14.1061 0.395173
14.1193 0.395401
14.1313 0.395601
14.1433 0.395651
14.1577 0.39582
14.1782 0.395967
14.1986 0.395971
14.219 0.395975
14.2407 0.395978
14.2635 0.396106
14.2875 0.396593
14.3079 0.396893
14.3308 0.397407
14.3512 0.397856
14.3728 0.398249
14.3945 0.398718
14.4101 0.398753
14.4281 0.399034
14.4437 0.399155
14.4594 0.39926
14.4762 0.399603
14.4918 0.399777
14.5098 0.40018
14.5266 0.400658
14.5411 0.400951
14.5567 0.401207
14.5735 0.401681
14.5915 0.402346
14.6047 0.402678
14.6216 0.403218
14.6396 0.403941
14.6576 0.404948
14.6708 0.40558
14.6889 0.406382
14.7069 0.407459
14.7237 0.408652
14.7381 0.409695
14.7549 0.410608
14.773 0.411782
14.7886 0.412935
14.8066 0.414193
14.821 0.415294
14.8379 0.416382
14.8559 0.417584
14.8715 0.418761
14.8883 0.420041
14.9039 0.421036
14.922 0.422281
14.9388 0.423621
14.9532 0.424794
14.9712 0.426069
14.9881 0.427436
15.0037 0.428631
15.0205 0.429802
15.0373 0.431077
15.0553 0.432567
15.0698 0.433621
15.0854 0.434669
15.1034 0.43596
15.1214 0.43734
15.1371 0.438673
15.1527 0.439839
15.1695 0.441109
15.1863 0.442345
15.2031 0.443677
15.2188 0.444842
15.2356 0.445987
15.2524 0.447239
15.2692 0.448584
15.2861 0.449886
15.3017 0.451025
15.3185 0.452272
15.3353 0.453488
15.3521 0.454802
15.369 0.456077
15.3858 0.457442
15.4014 0.458637
15.417 0.459807
15.4338 0.460956
15.4531 0.462462
15.4687 0.463779
15.4867 0.465307
15.5047 0.466893
15.5216 0.468532
15.536 0.46984
15.554 0.47136
15.5708 0.472815
15.5865 0.474213
15.6033 0.475562
15.6225 0.477241
15.6393 0.478961
15.6537 0.480341
15.6706 0.481673
15.6862 0.482964
15.7042 0.484469
15.721 0.48591
15.7379 0.487296
15.7559 0.488884
15.7727 0.490399
15.7883 0.491849
15.8063 0.493493
15.8184 0.494431
15.8328 0.495127
15.846 0.495486
15.8616 0.495926
15.8748 0.495935
15.8856 0.495443
15.9013 0.495138
15.9157 0.49462
15.9277 0.493793
15.9421 0.493069
15.9529 0.49206
15.9638 0.491053
15.9758 0.490171
15.9902 0.489775
16.001 0.489178
16.013 0.488656
16.025 0.488199
16.0383 0.487924
16.0503 0.487558
16.0635 0.487364
16.0815 0.487568
16.0995 0.487872
16.1176 0.488013
16.1332 0.488011
16.1512 0.48851
16.1848 0.490946
16.2053 0.490953
16.2245 0.490834
16.2473 0.49098
16.2654 0.490857
16.2846 0.4905
16.3062 0.490438
16.329 0.490758
16.3483 0.490788
16.3687 0.490815
16.3903 0.490963
16.4095 0.490967
16.424 0.490471
16.4396 0.490163
16.454 0.489767
16.4708 0.489546
16.484 0.489228
16.4997 0.48895
16.5153 0.488706
16.5297 0.488368
16.5441 0.488072
16.5585 0.487688
16.5742 0.487477
16.5886 0.487167
16.603 0.487021
16.6186 0.486894
16.633 0.486782
16.6487 0.486684
16.6655 0.486849
16.6787 0.486743
16.6967 0.487025
16.7111 0.487272
16.7244 0.487238
16.7412 0.487458
16.7544 0.487401
16.77 0.487476
16.7868 0.487666
16.8025 0.487958
16.8169 0.488213
16.8325 0.488562
16.8493 0.489116
16.8638 0.489477
16.8818 0.490167
16.895 0.490521
16.9106 0.490956
16.9286 0.491712
16.9419 0.492123
16.9575 0.492607
16.9743 0.493281
16.9887 0.493746
17.0043 0.494278
17.0212 0.494993
17.0356 0.495619
17.0512 0.496292
17.0668 0.49688
17.0824 0.49752
17.0981 0.498205
17.1137 0.498805
17.1305 0.499579
17.1449 0.500132
17.1617 0.500865
17.1774 0.501632
17.1918 0.502178
17.2074 0.502781
17.2254 0.503683
17.2399 0.504348
17.2543 0.505054
17.2711 0.505923
17.2843 0.506432
17.2999 0.506878
17.3168 0.507518
17.33 0.507829
17.3456 0.508225
17.36 0.508572
17.3756 0.508875
17.3949 0.509391
17.4093 0.509842
17.4249 0.510237
17.4393 0.510332
17.4537 0.510291
17.4682 0.510254
17.485 0.510223
17.5006 0.51032
17.515 0.510405
17.533 0.510604
17.5487 0.510779
17.5631 0.510931
17.5787 0.511065
17.5931 0.511057
17.6075 0.5108
17.622 0.51045
17.64 0.510269
17.6532 0.509985
17.67 0.509862
17.6844 0.509504
17.6989 0.509066
17.7097 0.508183
17.7265 0.507285
17.7409 0.506374
17.7565 0.505703
17.7686 0.504615
17.783 0.503538
17.7974 0.502721
17.8118 0.501756
17.8262 0.500911
17.8419 0.500172
17.8563 0.499526
17.8683 0.498585
17.8887 0.498012
17.8995 0.497385
17.9103 0.496712
17.9212 0.495998
17.9344 0.495498
17.9464 0.495061
17.9608 0.494678
17.9752 0.494219
17.9921 0.493941
18.0065 0.493574
18.0245 0.493252
18.0401 0.493095
18.0545 0.492834
18.0714 0.492854
18.0858 0.492748
18.1002 0.492779
18.1146 0.492807
18.1471 0.492956
18.1687 0.493211
18.1903 0.493685
18.2095 0.494099
18.2312 0.494712
18.2516 0.495248
18.2732 0.495967
18.2937 0.496596
18.3141 0.497272
18.3345 0.497863
18.3549 0.49838
18.3742 0.498832
18.3898 0.498603
18.403 0.498403
18.4186 0.498228
18.433 0.498074
18.4475 0.497815
18.4631 0.497713
18.4751 0.497249
18.4895 0.496718
18.5051 0.496378
18.5208 0.496081
18.5352 0.495821
18.5496 0.495468
18.564 0.49516
18.5796 0.49489
18.5941 0.494653
18.6085 0.494322
18.6217 0.493907
18.6397 0.493918
18.6541 0.493928
18.6686 0.493812
18.6854 0.493961
18.6998 0.493966
18.7142 0.49397
18.731 0.494224
18.7479 0.494571
18.7623 0.494874
18.7767 0.495015
18.7923 0.495263
18.8067 0.495355
18.8236 0.495686
18.838 0.495975
18.8512 0.496103
18.8728 0.49634
18.8872 0.496548
18.9029 0.496729
18.9209 0.497263
18.9365 0.497855
18.9521 0.498498
18.969 0.499186
18.9858 0.500038
18.999 0.500533
19.0158 0.501216
19.029 0.501689
19.0447 0.502103
19.0615 0.502715
19.0759 0.503251
19.0915 0.503845
19.1083 0.504614
19.1216 0.505037
19.1396 0.505783
19.1552 0.50656
19.166 0.50674
19.1792 0.506647
19.1949 0.506566
19.2081 0.506371
19.2213 0.505949
19.2369 0.505581
19.2513 0.505258
19.2645 0.504726
19.279 0.50426
19.2946 0.503978
19.309 0.50373
19.3258 0.503514
19.3415 0.50345
19.3535 0.503019
19.3727 0.502641
19.3859 0.502061
19.4027 0.501803
19.4196 0.501453
19.4352 0.501146
19.4508 0.500753
19.4652 0.500284
19.4832 0.499998
19.4965 0.499499
19.5109 0.498936
19.5229 0.498069
19.5373 0.497311
19.5541 0.496772
19.5662 0.495925
19.5806 0.49506
19.5974 0.494302
19.6094 0.493264
19.6262 0.492481
19.6394 0.491421
19.6551 0.490619
19.6671 0.489541
19.6815 0.488599
19.6935 0.487399
19.7091 0.486474
19.7212 0.48529
19.7356 0.484128
19.7512 0.483237
19.7656 0.482333
19.78 0.481541
19.7957 0.480848
19.8089 0.479992
19.8233 0.479493
19.8353 0.479057
19.8485 0.4788
19.8629 0.478825
19.8762 0.479097
19.8882 0.479335
19.9002 0.479543
19.917 0.47985
19.9326 0.480119
19.9483 0.480479
19.9663 0.480794
19.9783 0.480945
19.9951 0.481452
20.0071 0.481895
20.0216 0.482158
20.0396 0.482513
20.0528 0.482949
20.0876 0.483831
20.1069 0.484477
20.1273 0.485167
20.1465 0.485646
20.1706 0.486566
20.1898 0.48737
20.2102 0.488199
20.2306 0.488924
20.2499 0.489433
20.2703 0.490004
20.2895 0.490379
20.3087 0.490581
20.3256 0.490759
20.3412 0.491039
20.3556 0.491159
20.3724 0.491514
20.3856 0.491575
20.3989 0.491378
20.4133 0.491331
20.4289 0.491289
20.4445 0.491378
20.4565 0.491206
20.4722 0.49118
20.4866 0.491158
20.4986 0.490763
20.5154 0.490668
20.5286 0.490459
20.5431 0.490277
20.5587 0.490242
20.5731 0.490212
20.5887 0.49031
20.5983 0.489772
20.6151 0.48955
20.626 0.488856
20.6428 0.488499
20.6584 0.488437
20.6728 0.488257
20.6872 0.4881
20.7041 0.488338
20.7185 0.48842
20.7329 0.488493
20.7473 0.488556
20.7629 0.488737
20.7774 0.488895
20.7906 0.488783
20.8062 0.488935
20.8206 0.488943
20.835 0.489075
20.8507 0.489191
20.8639 0.489167
20.8771 0.489021
20.8927 0.488893
20.9083 0.489032
20.924 0.489153
20.9396 0.489509
20.9528 0.48957
20.9672 0.489624
20.9792 0.489421
20.9961 0.489493
21.0093 0.489432
21.0237 0.489253
21.0393 0.489346
21.0537 0.489303
21.0682 0.489265
21.0814 0.489107
21.097 0.488968
21.1114 0.488972
21.1282 0.489226
21.1426 0.489323
21.1595 0.489782
21.1751 0.49031
21.1895 0.490771
21.2039 0.491049
21.2196 0.491543
21.2352 0.4921
21.2484 0.492338
21.2628 0.492546
21.2784 0.492852
21.2928 0.493121
21.3073 0.493356
21.3205 0.493436
21.3325 0.493132
21.3445 0.49249
21.3613 0.492304
21.3758 0.492016
21.3854 0.491264
21.3998 0.490481
21.413 0.489671
21.4286 0.489087
21.4418 0.488326
21.4563 0.487785
21.4683 0.486937
21.4803 0.485945
21.4959 0.485077
21.5079 0.484067
21.5212 0.483059
21.5344 0.482052
21.55 0.48117
21.5644 0.480524
21.5776 0.479708
21.592 0.47912
21.6077 0.478605
21.6233 0.478404
21.6377 0.478104
21.6521 0.477966
21.6665 0.47772
21.6798 0.47738
21.6966 0.477333
21.711 0.477166
21.7254 0.47702
21.7386 0.476643
21.7519 0.476562
21.7651 0.476742
21.7759 0.476774
21.7891 0.477053
21.8011 0.477296
21.8143 0.477759
21.8252 0.478039
21.8432 0.478534
21.8564 0.478842
21.8696 0.479237
21.884 0.479957
21.8973 0.480463
21.9153 0.48128
21.9273 0.48187
21.9429 0.482386
21.9561 0.483088
21.9681 0.483827
21.9874 0.485349
22.0018 0.48518
22.0174 0.484657
22.0294 0.483325
22.0402 0.48116
22.0487 0.47789
22.0559 0.473528
22.0607 0.467962
22.0667 0.461467
22.2692 0.429909
22.2833 0.402295
22.4793 0.378258
22.4925 0.357101
22.5105 0.339088
22.6904 0.323077
22.706 0.309193
22.7192 0.297044
22.7348 0.286538
22.7492 0.277471
22.7649 0.269662
22.9008 0.262204
22.9155 0.255804
22.9324 0.250578
22.9456 0.245881
22.96 0.241896
22.9744 0.238409
22.9912 0.235733
23.0045 0.233266
23.0201 0.231358
23.0345 0.229563
23.0501 0.228243
23.0633 0.226962
23.1114 0.224967
23.127 0.223471
23.1426 0.222287
23.1595 0.221501
23.1739 0.220814
23.1895 0.220462
23.2051 0.220404
23.222 0.220604
23.2376 0.221028
23.2544 0.221775
23.27 0.222678
23.2868 0.223718
23.3049 0.225128
23.3217 0.226737
23.3397 0.228645
23.3577 0.230815
23.3758 0.233088
23.3914 0.235327
23.4094 0.237786
23.4274 0.240438
23.4406 0.242883
23.4575 0.245648
23.4707 0.248317
23.4863 0.251277
23.5007 0.254242
23.5163 0.257337
23.532 0.260545
23.5476 0.263977
23.562 0.267355
23.5764 0.270685
23.5908 0.273975
23.6077 0.277603
23.6221 0.281153
23.6377 0.284758
23.6521 0.288414
23.6665 0.291987
23.6798 0.295239
23.693 0.298334
23.7074 0.301542
23.7194 0.304474
23.7314 0.30704
23.7446 0.309035
23.7627 0.310781
23.7759 0.311558
23.7939 0.312113
23.8071 0.311974
23.8228 0.311352
23.836 0.310183
23.8516 0.308785
23.8672 0.307187
23.8852 0.305664
23.9021 0.304206
23.9201 0.302805
23.9345 0.300954
23.9525 0.299835
23.9657 0.298731
23.9838 0.298264
23.997 0.297731
24.0138 0.29764
24.0258 0.29731
24.0438 0.297521
24.0571 0.297581
24.0751 0.298133
24.0871 0.298367
24.1051 0.299071
24.1171 0.299437
24.134 0.300007
24.1484 0.300631
24.164 0.301428
24.1784 0.302124
24.1952 0.303109
24.2097 0.30397
24.2241 0.304849
24.2385 0.305618
24.2541 0.30654
24.2697 0.307348
24.2854 0.308304
24.2998 0.309141
24.3166 0.310249
24.3286 0.310968
24.3454 0.311972
24.3599 0.31285
24.3767 0.313994
24.3911 0.31512
24.4067 0.31623
24.4211 0.317326
24.4368 0.31841
24.4512 0.319484
24.4668 0.320423
24.4812 0.321371
24.4968 0.322324
24.5125 0.323409
24.5281 0.324608
24.5425 0.325657
24.5569 0.326575
24.5726 0.327628
24.5882 0.328799
24.6038 0.329949
24.6206 0.331331
24.6362 0.332789
24.6495 0.333941
24.6639 0.334823
24.6807 0.33597
24.6951 0.337099
24.7119 0.338337
24.724 0.339169
24.7408 0.340273
24.754 0.341114
24.772 0.342475
24.7852 0.343541
24.8021 0.344848
24.8153 0.345867
24.8321 0.347134
24.8453 0.348117
24.8621 0.349227
24.8754 0.350074
24.8922 0.35119
24.9066 0.352166
24.9234 0.353395
24.9378 0.354471
24.9535 0.355662
24.9667 0.356579
24.9835 0.357757
24.9967 0.358662
25.0147 0.359954
25.028 0.36096
25.0448 0.362215
25.0568 0.362938
25.0748 0.364071
25.088 0.365062
25.1061 0.366429
25.1181 0.367376
25.1361 0.368704
25.1493 0.369741
25.1661 0.371023
25.1794 0.37202
25.1962 0.373268
25.2094 0.374234
25.225 0.37533
25.2406 0.376414
25.2551 0.377487
25.2719 0.378551
25.2887 0.379857
25.3043 0.38125
25.3199 0.382594
25.3368 0.384145
25.3548 0.386002
25.3692 0.387751
25.3872 0.389782
25.4077 0.392185
25.4257 0.394662
25.4425 0.397204
25.4557 0.399553
25.4725 0.402234
25.4882 0.40508
25.505 0.40807
25.5206 0.411186
25.5362 0.414413
25.5482 0.417236
25.5615 0.419832
25.5771 0.422603
25.5915 0.425277
25.6047 0.427743
25.6179 0.4299
25.63 0.431787
25.6432 0.433689
25.6552 0.435353
25.6672 0.436809
25.6792 0.438083
25.6936 0.439447
25.7093 0.440141
25.7261 0.440374
25.7417 0.439952
25.7585 0.439208
25.7778 0.438432
25.7934 0.437253
25.8126 0.435971
25.8282 0.43435
25.8486 0.432931
25.8679 0.431565
25.8871 0.430369
25.9027 0.428948
25.9183 0.42783
25.9352 0.427101
25.9508 0.426463
25.9652 0.425905
25.982 0.425667
25.9988 0.425584
26.0133 0.425511
26.0289 0.425447
26.0445 0.425516
26.0613 0.425827
26.0782 0.426348
26.0926 0.42668
26.1082 0.42697
26.1238 0.427224
26.1418 0.427821
26.1563 0.428343
26.1731 0.42905
26.1899 0.429794
26.2031 0.43032
26.2211 0.431155
26.238 0.43201
26.2536 0.432884
26.2692 0.433774
26.2848 0.434552
26.3005 0.435358
26.3173 0.436188
26.3329 0.436915
26.3473 0.43755
26.3641 0.438357
26.381 0.439187
26.3966 0.440039
26.4122 0.440909
26.429 0.44192
26.4434 0.44268
26.4603 0.443595
26.4771 0.444646
26.4915 0.44544
26.5083 0.446385
26.5252 0.447462
26.5408 0.448279
26.5552 0.448994
26.5708 0.44962
26.5864 0.450292
26.6033 0.451131
26.6189 0.451865
26.6345 0.452631
26.6513 0.453553
26.6657 0.454233
26.6838 0.455204
26.6982 0.456054
26.7138 0.456797
26.7306 0.457697
26.7462 0.458485
26.7631 0.459425
26.7787 0.460247
26.7955 0.461216
26.8075 0.461689
26.8243 0.462353
26.8412 0.463184
26.8568 0.463911
26.8736 0.464797
26.8904 0.465822
26.9049 0.466594
26.9217 0.46752
26.9373 0.468455
26.9517 0.469023
26.9697 0.469895
26.9842 0.470658
27.001 0.471451
27.0166 0.47227
27.0322 0.473111
27.0478 0.473847
27.0623 0.474491
27.0779 0.475055
27.0935 0.475673
27.1103 0.476464
27.1272 0.477406
27.144 0.478355
27.1596 0.479311
27.1764 0.480272
27.1908 0.480988
27.2077 0.481864
27.2233 0.482756
27.2401 0.483787
27.2569 0.484813
27.2725 0.485837
27.2906 0.487107
27.3026 0.487844
27.3194 0.489113
27.329 0.489974
27.3434 0.490977
27.3555 0.491855
27.3687 0.492748
27.3831 0.49378
27.3951 0.494432
27.4119 0.495253
27.4276 0.495847
27.4408 0.495991
27.4564 0.496367
27.4696 0.496071
27.4828 0.495562
27.4972 0.494867
27.5177 0.494884
27.5357 0.492773
27.5537 0.490676
27.5705 0.488342
27.5862 0.485799
27.6018 0.482949
27.6222 0.480581
27.639 0.478133
27.6583 0.475866
27.6763 0.473633
27.6931 0.471304
27.7111 0.469016
27.7243 0.466764
27.74 0.464668
27.7556 0.46296
27.7712 0.46159
27.7856 0.460266
27.8025 0.459358
27.8157 0.458313
27.8313 0.457524
27.8469 0.456834
27.8625 0.456354
27.8782 0.45606
27.8938 0.455803
27.9106 0.455827
27.925 0.455849
27.9358 0.455118
27.9527 0.454728
27.9683 0.454512
27.9839 0.454323
27.9995 0.454283
28.0139 0.454122
28.0296 0.454107
28.0452 0.454219
28.0596 0.454191
28.0764 0.454417
28.092 0.45474
28.1077 0.455023
28.1245 0.45552
28.1389 0.45583
28.1545 0.456101
28.1713 0.456588
28.1846 0.456765
28.2014 0.457169
28.2158 0.457398
28.2326 0.457848
28.2482 0.458367
28.2639 0.458821
28.2795 0.459344
28.2951 0.459926
28.3083 0.460185
28.3251 0.460662
28.3396 0.460954
28.3576 0.46146
28.372 0.461902
28.3888 0.462415
28.402 0.462738
28.4189 0.463146
28.4333 0.463502
28.4477 0.46369
28.4633 0.463978
28.479 0.464231
28.4946 0.464577
28.5102 0.465005
28.527 0.465629
28.5426 0.466176
28.5583 0.466779
28.5727 0.467056
28.5871 0.467299
28.6027 0.467512
28.6183 0.467823
28.6352 0.468345
28.6496 0.468677
28.6664 0.469217
28.6808 0.469565
28.6988 0.470245
28.7109 0.470464
28.7277 0.470906
28.7409 0.471043
28.7589 0.471537
28.7733 0.471845
28.7902 0.472365
28.8058 0.472819
28.8202 0.473217
28.8346 0.47344
28.8514 0.473885
28.8671 0.474399
28.8827 0.474849
28.8995 0.475493
28.9139 0.475931
28.9284 0.476315
28.9452 0.476901
28.962 0.477538
28.9752 0.477846
28.992 0.478365
29.0101 0.479194
29.0257 0.47992
29.0425 0.480805
29.0569 0.481454
29.0713 0.482023
29.087 0.48252
29.1014 0.482955
29.1158 0.48321
29.129 0.483434
29.1422 0.483755
29.1543 0.484036
29.1675 0.484406
29.1783 0.484605
29.1903 0.48478
29.2071 0.485557
29.2179 0.485363
29.2336 0.485567
29.2468 0.485121
29.2636 0.484981
29.278 0.484609
29.2912 0.484032
29.3032 0.483153
29.3189 0.482509
29.3441 0.483071
29.3597 0.481062
29.3802 0.479429
29.3946 0.47725
29.4162 0.475469
29.4318 0.473285
29.4498 0.471125
29.4667 0.468859
29.4859 0.466752
29.5063 0.465033
29.5255 0.463404
29.5448 0.461728
29.558 0.459762
29.5736 0.458042
29.5856 0.456162
29.6012 0.454641
29.6157 0.453186
29.6301 0.451788
29.6457 0.450565
29.6601 0.449494
29.6769 0.448682
29.6902 0.447722
29.7058 0.446882
29.7202 0.446146
29.737 0.445753
29.7514 0.445159
29.7671 0.444764
29.7827 0.444419
29.7983 0.444241
29.8151 0.444336
29.8296 0.444294
29.8464 0.444507
29.862 0.444694
29.8776 0.444982
29.8944 0.445359
29.9089 0.445564
29.9245 0.445869
29.9401 0.44626
29.9545 0.446478
29.9701 0.446793
29.987 0.447194
30.0014 0.447545
30.0194 0.448227
30.0326 0.448573
30.0506 0.449252
30.0663 0.449845
30.0807 0.45024
30.0963 0.45071
30.1131 0.451371
30.1275 0.451825
30.1444 0.452471
30.1588 0.452913
30.1756 0.453548
30.1912 0.45423
30.2069 0.454826
30.2225 0.455348
30.2393 0.456054
30.2537 0.456548
30.2705 0.457229
30.285 0.457701
30.3018 0.458363
30.3162 0.458943
30.333 0.4597
30.3486 0.460362
30.3643 0.461067
30.3787 0.461559
30.3955 0.462114
30.4111 0.462725
30.4267 0.463259
30.4424 0.463852
30.458 0.46437
30.4736 0.464949
30.4892 0.46558
30.5048 0.466133
30.5193 0.466616
30.5337 0.466914
30.5505 0.4673
30.5649 0.467512
30.583 0.468073
30.5998 0.468814
30.6166 0.469712
30.6322 0.470623
30.6478 0.47142
30.6635 0.472243
30.6779 0.472838
30.6935 0.473483
30.7079 0.473922
30.7235 0.474307
30.738 0.474519
30.756 0.475079
30.7704 0.475569
30.7872 0.476248
30.8016 0.476717
30.8161 0.477127
30.8305 0.477361
30.8461 0.477691
30.8617 0.47798
30.8761 0.478107
30.8918 0.478219
30.9074 0.478442
30.9206 0.478386
30.9362 0.478463
30.9518 0.47853
30.9651 0.478464
30.9783 0.478281
30.9903 0.478121
31.0023 0.477981
31.0131 0.477733
31.0263 0.477641
31.0384 0.477561
31.0516 0.477616
31.0696 0.478039
31.0852 0.478284
31.1008 0.478249
31.1129 0.477718
31.1261 0.477128
31.1393 0.476237
31.1537 0.475457
31.1669 0.4744
31.1922 0.474975
31.2114 0.473478
31.2306 0.472043
31.2486 0.470538
31.2655 0.468846
31.2835 0.467115
31.3015 0.465351
31.3195 0.463557
31.34 0.461987
31.3592 0.460489
31.376 0.458803
31.394 0.457077
31.406 0.454943
31.4217 0.453075
31.4349 0.451066
31.4505 0.449432
31.4649 0.447878
31.4818 0.446768
31.4962 0.445797
31.5106 0.444823
31.5262 0.444095
31.5418 0.443458
31.5562 0.442901
31.5731 0.442663
31.5875 0.44233
31.6043 0.442289
31.6187 0.442128
31.6356 0.442237
31.6488 0.442082
31.6644 0.442072
31.68 0.442188
31.6956 0.442414
31.7113 0.442738
31.7269 0.44302
31.7425 0.443393
31.7581 0.443844
31.7725 0.444113
31.7894 0.444599
31.8038 0.445024
31.8206 0.445646
31.835 0.44619
31.8518 0.446792
31.8663 0.447318
31.8819 0.447778
31.8963 0.448181
31.9131 0.448783
31.9275 0.44931
31.9456 0.450146
31.96 0.450753
31.9768 0.451534
31.9912 0.452217
32.0056 0.45269
32.0213 0.453229
32.0369 0.4537
32.0525 0.454363
32.0681 0.455067
32.0838 0.455684
32.0994 0.456348
32.1138 0.456805
32.1306 0.457454
32.145 0.458022
32.1619 0.45877
32.1775 0.459548
32.1931 0.460355
32.2075 0.460936
32.2231 0.461569
32.2376 0.461998
32.2544 0.462623
32.2688 0.463045
32.2856 0.463789
32.3 0.464441
32.3169 0.465136
32.3325 0.465869
32.3481 0.466635
32.3637 0.467306
32.3793 0.468017
32.3938 0.468515
32.4106 0.469326
32.425 0.470035
32.4406 0.470656
32.4574 0.471449
32.4731 0.472268
32.4911 0.473359
32.5055 0.474189
32.5223 0.475291
32.5344 0.475879
32.5488 0.476269
32.5644 0.476736
32.5788 0.477019
32.5944 0.477391
32.6089 0.477592
32.6257 0.478018
32.6389 0.478266
32.6533 0.478483
32.6653 0.478297
32.6821 0.478385
32.6966 0.478337
32.7122 0.47842
32.7242 0.478118
32.7386 0.477728
32.7566 0.477887
32.7723 0.478151
32.7867 0.478257
32.8011 0.47835
32.8143 0.478181
32.8275 0.477784
32.8396 0.477436
32.8528 0.477256
32.8648 0.477224
32.8768 0.477196
32.8888 0.477172
32.902 0.47715
32.9141 0.476756
32.9321 0.476537
32.9489 0.476345
32.9633 0.475802
32.9765 0.475201
32.991 0.474301
33.003 0.473514
33.0174 0.472949
33.033 0.472456
33.0631 0.472024
33.0823 0.471521
33.0991 0.470706
33.1171 0.469867
33.1315 0.468384
33.1508 0.466961
33.1688 0.465466
33.1868 0.463908
33.2048 0.462294
33.2241 0.461007
33.2421 0.459632
33.2553 0.457803
33.2709 0.456327
33.2842 0.454911
33.2998 0.453672
33.3118 0.452213
33.3286 0.451187
33.343 0.450288
33.3586 0.449627
33.3707 0.448674
33.3827 0.447465
33.3935 0.446032
33.4043 0.444278
33.4139 0.441993
33.4247 0.439619
33.4344 0.436916
33.4452 0.434052
33.4548 0.43092
33.4656 0.42768
33.4752 0.424345
33.486 0.420927
33.4956 0.417186
33.5064 0.413538
33.5161 0.409721
33.5245 0.405631
33.5305 0.400927
33.5353 0.395686
33.5401 0.38985
33.5449 0.383494
33.7416 0.400682
33.7562 0.376722
33.9504 0.355757
33.9667 0.337537
33.9811 0.32172
34.1601 0.307755
34.1752 0.295661
34.192 0.285328
34.2052 0.276037
34.2208 0.268032
34.2365 0.261153
34.3703 0.254759
34.3859 0.249289
34.4015 0.244628
34.4171 0.2408
34.4328 0.23745
34.446 0.234393
34.4628 0.231969
34.4772 0.229848
34.4916 0.227992
34.5085 0.226618
34.5229 0.225416
34.5373 0.224364
34.5808 0.222568
34.5959 0.221122
34.6116 0.219982
34.6248 0.218859
34.6428 0.218252
34.656 0.217595
34.6728 0.217271
34.6861 0.216862
34.7029 0.216754
34.7161 0.216535
34.7341 0.216843
34.7473 0.216863
34.763 0.21688
34.7774 0.21702
34.7942 0.217392
34.8074 0.217593
34.8254 0.218144
34.8387 0.218501
34.8543 0.218939
34.8675 0.219071
34.8843 0.219562
34.8999 0.219992
34.9144 0.220493
34.9312 0.221181
34.9456 0.221784
34.9624 0.222561
34.9781 0.223491
34.9949 0.224429
35.0093 0.225251
35.0261 0.226344
35.0429 0.227426
35.0598 0.228748
35.0754 0.230029
35.0922 0.231526
35.109 0.233085
35.1271 0.234824
35.1427 0.236471
35.1595 0.238162
35.1751 0.239892
35.1931 0.241781
35.21 0.243683
35.228 0.245723
35.2448 0.247882
35.2628 0.250147
35.2797 0.252379
35.2977 0.254831
35.3133 0.257102
35.3301 0.259465
35.3469 0.261657
35.3626 0.263824
35.377 0.265596
35.3926 0.267647
35.4046 0.269566
35.419 0.27162
35.4323 0.273543
35.4479 0.275725
35.4599 0.277634
35.4743 0.27968
35.4875 0.28172
35.5019 0.283755
35.514 0.285536
35.5248 0.287094
35.538 0.288582
35.5488 0.289884
35.5608 0.291024
35.5716 0.291896
35.5837 0.292784
35.5969 0.293686
35.6101 0.294725
35.6257 0.295634
35.6437 0.29618
35.6606 0.296408
35.6774 0.296232
35.6954 0.295953
35.7134 0.295584
35.7327 0.295136
35.7531 0.294994
35.7735 0.294869
35.7915 0.294636
35.8132 0.294806
35.8324 0.294831
35.8492 0.294852
35.8624 0.294745
35.8793 0.294902
35.8937 0.295039
35.9105 0.295409
35.9261 0.295983
35.9405 0.296485
35.9574 0.2973
35.9718 0.298012
35.9886 0.298886
36.003 0.299775
36.0198 0.300803
36.0343 0.301828
36.0511 0.303099
36.0667 0.304212
36.0835 0.30556
36.0967 0.306615
36.1136 0.307913
36.128 0.309049
36.1448 0.310293
36.1604 0.311631
36.176 0.313053
36.1917 0.314421
36.2073 0.315868
36.2229 0.317135
36.2385 0.318493
36.2554 0.320056
36.2722 0.321799
36.2866 0.323324
36.3022 0.324784
36.3166 0.326061
36.3323 0.327428
36.3479 0.32875
36.3635 0.330156
36.3791 0.331511
36.3935 0.332698
36.4116 0.334235
36.4248 0.335456
36.444 0.337274
36.4572 0.338615
36.4752 0.340288
36.4885 0.341627
36.5065 0.343299
36.5209 0.344761
36.5365 0.346166
36.5509 0.347395
36.5678 0.348846
36.5834 0.350365
36.599 0.351945
36.6146 0.353326
36.6303 0.354786
36.6471 0.356437
36.6615 0.357883
36.6783 0.359522
36.6939 0.360957
36.7108 0.362587
36.7252 0.364139
36.7408 0.365622
36.7552 0.367044
36.7732 0.368663
36.7865 0.369956
36.8045 0.371586
36.8189 0.373013
36.8381 0.375011
36.8525 0.376635
36.8706 0.378555
36.885 0.380236
36.903 0.382332
36.9186 0.384165
36.9355 0.386144
36.9511 0.388126
36.9667 0.389986
36.9823 0.391862
36.9991 0.393755
37.0172 0.39591
37.0328 0.397921
37.0496 0.400056
37.0652 0.402174
37.0821 0.404277
37.0953 0.405993
37.1133 0.407994
37.1265 0.409619
37.1445 0.411542
37.1578 0.412974
37.1758 0.414728
37.189 0.416137
37.207 0.417994
37.2226 0.419745
37.2383 0.421402
37.2563 0.423352
37.2707 0.425058
37.2863 0.426801
37.3043 0.428826
37.3224 0.430972
37.3392 0.433226
37.3512 0.435323
37.3656 0.437532
37.3788 0.439591
37.3933 0.441892
37.4065 0.44403
37.4221 0.446527
37.4353 0.448961
37.4509 0.451466
37.4642 0.454032
37.4786 0.456653
37.4918 0.459072
37.5062 0.461688
37.5182 0.464102
37.5303 0.466214
37.5423 0.468187
37.5531 0.469914
37.5651 0.471425
37.5759 0.472622
37.6011 0.475419
37.618 0.476242
37.6348 0.476711
37.654 0.477247
37.6696 0.477216
37.6889 0.477189
37.7045 0.476791
37.7249 0.476567
37.7441 0.476496
37.761 0.476059
37.7814 0.475927
37.7994 0.475686
37.8162 0.475225
37.8307 0.474822
37.8451 0.474594
37.8607 0.47452
37.8763 0.47458
37.8919 0.474757
37.9076 0.475163
37.922 0.475517
37.9376 0.476078
37.952 0.476568
37.9664 0.476997
37.9809 0.477372
37.9965 0.477951
38.0097 0.478332
38.0265 0.478915
38.0397 0.479301
38.0566 0.480013
38.0722 0.480887
38.0866 0.481651
38.1022 0.482445
38.1178 0.483264
38.1335 0.484231
38.1479 0.485077
38.1659 0.486317
38.1803 0.487403
38.1959 0.488477
38.2116 0.489668
38.2272 0.490959
38.244 0.492464
38.2584 0.493656
38.2776 0.495324
38.2957 0.496784
38.3125 0.497936
38.3293 0.498944
38.3437 0.499826
38.3594 0.500723
38.3762 0.501757
38.3942 0.502913
38.4086 0.503674
38.423 0.504339
38.4387 0.504922
38.4531 0.505432
38.4687 0.505878
38.4831 0.506393
38.4987 0.506969
38.5132 0.507348
38.5288 0.507804
38.542 0.507829
38.5588 0.508225
38.5756 0.508697
38.5889 0.508735
38.6045 0.509018
38.6201 0.509266
38.6369 0.509608
38.6501 0.509657
38.6694 0.510325
38.6838 0.510409
38.7006 0.510733
38.7162 0.511016
38.7331 0.511514
38.7487 0.511825
38.7631 0.511847
38.7823 0.512491
38.7991 0.512805
38.8172 0.513079
38.834 0.513194
38.8484 0.513045
38.8652 0.513289
38.8796 0.513253
38.8953 0.513096
38.9097 0.512459
38.9241 0.512027
38.9409 0.511774
38.9565 0.511677
38.9722 0.511717
38.9866 0.511628
39.0022 0.511674
39.0154 0.511465
39.0298 0.511157
39.0443 0.510887
39.0599 0.510651
39.0767 0.510695
39.0887 0.510108
39.1043 0.509845
39.1224 0.509989
39.1416 0.51049
39.156 0.510679
39.1752 0.511469
39.1897 0.511661
39.2077 0.512328
39.2185 0.512287
39.2317 0.512501
39.2437 0.512688
39.2569 0.513102
39.2726 0.513715
39.2906 0.51475
39.3086 0.515531
39.3242 0.51609
39.3411 0.516454
39.3495 0.515647
39.3651 0.515066
39.3783 0.514183
39.3915 0.51316
39.4023 0.511765
39.4276 0.511794
39.4444 0.50957
39.46 0.507249
39.4768 0.504843
39.4937 0.502487
39.5105 0.500176
39.5249 0.497529
39.5429 0.495088
39.5622 0.493202
39.5802 0.491427
39.5994 0.489874
39.6186 0.488514
39.6343 0.4872
39.6487 0.48605
39.6631 0.485169
39.6787 0.484523
39.6931 0.483957
39.71 0.483713
39.7256 0.483749
39.74 0.48378
39.7544 0.483933
39.7688 0.483941
39.7845 0.484198
39.8001 0.484674
39.8145 0.485089
39.8301 0.485703
39.8457 0.48624
39.8614 0.48696
39.8758 0.48759
39.8926 0.488516
39.9082 0.489577
39.9238 0.490505
39.9395 0.491567
39.9539 0.492496
39.9683 0.493434
39.9839 0.49438
39.9995 0.495332
40.0128 0.496041
40.0308 0.497161
40.0452 0.498265
40.0596 0.499232
40.0776 0.500328
40.0993 0.501787
40.1173 0.502939
40.1329 0.503446
40.1485 0.503891
40.163 0.504279
40.1798 0.504869
40.1942 0.505386
40.2122 0.506213
40.229 0.506936
40.2423 0.507319
40.2567 0.507529
40.2723 0.507963
40.2867 0.508343
40.3023 0.508675
40.3168 0.508715
40.3324 0.509001
40.348 0.509251
40.3636 0.50947
40.3768 0.509286
40.3949 0.509625
40.4105 0.509797
40.4261 0.509947
40.4417 0.510079
40.4549 0.509819
40.4682 0.509592
40.4838 0.509393
40.4982 0.509094
40.5102 0.508457
40.5246 0.5079
40.5391 0.507162
40.5535 0.506392
40.5703 0.506093
40.5895 0.505956
40.6075 0.505337
40.6208 0.50417
40.6376 0.503274
40.6508 0.502239
40.6676 0.501584
40.6808 0.500636
40.7001 0.500432
40.7181 0.500253
40.7313 0.499596
40.7457 0.499022
40.7602 0.498644
40.7734 0.498063
40.789 0.497681
40.8034 0.49722
40.8178 0.496818
40.8347 0.496591
40.8515 0.496517
40.8659 0.496327
40.8827 0.496536
40.8959 0.496219
40.926 0.497692
40.9416 0.49698
40.9608 0.496858
40.9764 0.496876
40.9909 0.496891
41.0053 0.496905
41.0173 0.496667
41.0293 0.496458
41.0413 0.496276
41.0545 0.496242
41.0666 0.496211
41.0822 0.496685
41.099 0.497599
41.1122 0.497774
41.1254 0.497928
41.1375 0.497437
41.1495 0.496882
41.1603 0.495647
41.1783 0.495191
41.1915 0.493917
41.2144 0.493427
41.2312 0.491249
41.248 0.488968
41.266 0.486722
41.2828 0.484257
41.3009 0.48185
41.3189 0.479493
41.3381 0.477432
41.3585 0.475628
41.3778 0.474049
41.3994 0.472918
41.4198 0.471928
41.4355 0.470812
41.4511 0.469961
41.4643 0.468966
41.4811 0.46847
41.4967 0.468036
41.5124 0.467782
41.5268 0.467434
41.5412 0.46713
41.558 0.467114
41.5712 0.466849
41.5869 0.466618
41.6037 0.466666
41.6205 0.466958
41.6349 0.467088
41.6505 0.467327
41.665 0.467411
41.6818 0.467735
41.6962 0.468143
41.713 0.46875
41.7274 0.469156
41.7455 0.469887
41.7611 0.470651
41.7767 0.47132
41.7923 0.47203
41.8103 0.473026
41.8236 0.473648
41.8416 0.474567
41.8572 0.475496
41.8728 0.476309
41.8885 0.477145
41.9041 0.478002
41.9197 0.478877
41.9353 0.479767
41.9521 0.480796
41.9666 0.481572
41.9834 0.4825
41.999 0.483438
42.0158 0.484383
42.0302 0.48521
42.0471 0.486184
42.0603 0.486786
42.0771 0.487563
42.0927 0.488242
42.1107 0.489212
42.124 0.489811
42.1408 0.490709
42.1552 0.491496
42.1708 0.492184
42.1865 0.492786
42.2033 0.493562
42.2177 0.493992
42.2357 0.494743
42.2513 0.495275
42.2682 0.495866
42.2826 0.496133
42.2994 0.496616
42.3114 0.496289
42.3282 0.496253
42.3427 0.495846
42.3583 0.495615
42.3727 0.495164
42.3883 0.494893
42.4039 0.494531
42.4184 0.49409
42.434 0.493704
42.4496 0.493241
42.4652 0.492961
42.4808 0.492591
42.4989 0.492517
42.5121 0.492077
42.5301 0.492068
42.5445 0.491809
42.5613 0.491833
42.5758 0.491729
42.5938 0.491888
42.6082 0.491652
42.625 0.491695
42.6383 0.491483
42.6551 0.491548
42.6695 0.491479
42.6875 0.491795
42.7031 0.491945
42.7212 0.492452
42.7392 0.492896
42.7584 0.493784
42.7716 0.494061
42.7848 0.494178
42.7993 0.494656
42.8137 0.495449
42.8245 0.496018
42.8389 0.496766
42.8533 0.497795
42.8666 0.49832
42.8822 0.49903
42.8954 0.499277
42.9074 0.499117
42.923 0.499102
42.935 0.498715
42.9435 0.497375
42.9567 0.495828
42.9687 0.4941
42.9951 0.493712
43.0107 0.490748
43.0288 0.48803
43.0456 0.485276
43.0612 0.482367
43.0804 0.479696
43.0985 0.477109
43.1165 0.474595
43.1333 0.472021
43.1501 0.469393
43.1694 0.466969
43.191 0.464973
43.2066 0.463101
43.2222 0.461589
43.2354 0.460015
43.2511 0.458763
43.2667 0.457668
43.2823 0.456834
43.2955 0.455855
43.3123 0.455248
43.3256 0.454467
43.3412 0.453909
43.3568 0.45342
43.3724 0.452993
43.3856 0.452369
43.3989 0.451572
43.4145 0.450876
43.4301 0.450391
43.4457 0.449967
43.4601 0.449472
43.477 0.449163
43.4914 0.448892
43.507 0.448781
43.5226 0.448558
43.5383 0.448488
43.5551 0.448677
43.5683 0.448593
43.5863 0.448769
43.6019 0.448923
43.6176 0.449182
43.6332 0.449534
43.6488 0.449718
43.6632 0.449878
43.6776 0.449893
43.6945 0.450157
43.7089 0.450137
43.7257 0.45037
43.7401 0.450574
43.7569 0.450877
43.7726 0.451142
43.7894 0.451625
43.8062 0.452296
43.8218 0.452884
43.8387 0.453524
43.8531 0.454083
43.8687 0.454573
43.8843 0.455126
43.8987 0.455486
43.9156 0.455925
43.9312 0.456434
43.9468 0.45688
43.9612 0.45727
43.9756 0.457361
43.9876 0.457066
44.0045 0.457058
44.0177 0.456801
44.0333 0.456576
44.0489 0.456379
44.0646 0.456331
44.0802 0.456415
44.0946 0.456238
44.1102 0.456208
44.1222 0.455807
44.1378 0.455456
44.1511 0.454899
44.1691 0.454787
44.1823 0.454438
44.2003 0.454509
44.2148 0.45432
44.2304 0.45428
44.2472 0.454495
44.264 0.454933
44.2772 0.454942
44.2929 0.454949
44.3085 0.45508
44.3241 0.45532
44.3397 0.455405
44.3553 0.455605
44.3686 0.455529
44.383 0.455338
44.3998 0.455296
44.413 0.455134
44.4298 0.455117
44.4443 0.455102
44.4587 0.45484
44.4755 0.45486
44.4911 0.455002
44.5091 0.455502
44.5248 0.455814
44.5392 0.456087
44.5536 0.456576
44.568 0.457379
44.5824 0.458332
44.5969 0.45929
44.6113 0.460504
44.6245 0.461691
44.6377 0.462855
44.6497 0.463873
44.6678 0.465389
44.6822 0.466715
44.6966 0.467876
44.7122 0.468891
44.7278 0.46953
44.7411 0.469714
44.7543 0.469874
44.7795 0.471265
44.7951 0.469982
44.8119 0.468359
44.8228 0.465814
44.8348 0.462463
44.8432 0.458155
44.854 0.45326
44.8648 0.447603
44.8756 0.441527
44.8888 0.435337
44.9009 0.428794
44.9129 0.42207
44.9237 0.415311
44.9321 0.408647
44.9441 0.402442
44.9525 0.396011
44.9633 0.389885
44.9742 0.384024
44.9814 0.377896
44.9874 0.371409
44.9934 0.364483
44.9982 0.357173
45.003 0.349526
45.1998 0.36546
45.2149 0.345903
45.4097 0.328915
45.4253 0.314051
45.4409 0.301044
45.6214 0.289914
45.6363 0.280175
45.6531 0.271778
45.6675 0.264305
45.6843 0.258017
45.6988 0.25239
45.8338 0.247341
45.8506 0.243174
45.8674 0.239777
45.8842 0.23693
45.8998 0.234439
45.9191 0.232884
45.9371 0.231898
45.9563 0.231411
45.9731 0.231235
45.9912 0.231455
46.0104 0.232148
46.026 0.232755
46.0741 0.233785
46.0957 0.235437
46.1137 0.237133
46.1293 0.238991
46.1462 0.241117
46.163 0.243478
46.1798 0.246168
46.1954 0.249022
46.2111 0.252019
46.2279 0.255017
46.2447 0.258265
46.2615 0.261732
46.2771 0.265265
46.294 0.268857
46.3096 0.2725
46.3264 0.276187
46.3408 0.279664
46.3576 0.283331
46.3709 0.286665
46.3877 0.290207
46.4009 0.293306
46.4177 0.296642
46.4321 0.299937
46.4454 0.302945
46.4586 0.305702
46.473 0.308364
46.4934 0.311194
46.5103 0.313294
46.5259 0.314508
46.5439 0.315194
46.5595 0.315295
46.5787 0.315258
46.5944 0.314601
46.6136 0.313901
46.6304 0.312913
46.6508 0.311924
46.6689 0.310808
46.6869 0.309582
46.7037 0.308385
46.7205 0.307587
46.7362 0.307013
46.753 0.306512
46.7686 0.306198
46.7842 0.306048
46.801 0.306167
46.8179 0.306271
46.8359 0.306737
46.8527 0.307395
46.8683 0.308096
46.8852 0.308834
46.902 0.309604
46.9176 0.310404
46.9332 0.311228
46.9524 0.31245
46.9681 0.313519
46.9849 0.314579
47.0005 0.315631
47.0173 0.316803
47.0354 0.318077
47.0498 0.319068
47.0666 0.320184
47.0834 0.321411
47.1014 0.322735
47.1171 0.324018
47.1351 0.325516
47.1495 0.326701
47.1675 0.327989
47.1819 0.32899
47.2 0.330241
47.2156 0.331461
47.2324 0.332778
47.2492 0.334056
47.2661 0.335424
47.2817 0.336621
47.2985 0.337918
47.3153 0.339179
47.3321 0.340531
47.3478 0.341715
47.3646 0.343001
47.3826 0.344375
47.3982 0.345704
47.4151 0.347116
47.4307 0.348351
47.4511 0.350182
47.4655 0.351534
47.4835 0.353093
47.4992 0.354581
47.516 0.356008
47.5316 0.357257
47.5496 0.358725
47.5641 0.36001
47.5833 0.361633
47.5977 0.362804
47.6157 0.364204
47.6301 0.365428
47.6482 0.366875
47.6638 0.36814
47.6818 0.369498
47.6974 0.370811
47.7143 0.372209
47.7311 0.373683
47.7467 0.374848
47.7659 0.376367
47.7827 0.377821
47.7996 0.379218
47.8164 0.380566
47.8332 0.38187
47.8524 0.383386
47.8681 0.384713
47.8861 0.386124
47.9029 0.387359
47.9197 0.388564
47.939 0.389868
47.9558 0.391135
47.975 0.392743
47.9906 0.394025
48.0111 0.395772
48.0291 0.39755
48.0471 0.399357
48.0663 0.401312
48.0843 0.403273
48.1048 0.405489
48.1228 0.407678
48.1408 0.409843
48.1613 0.412363
48.1793 0.414817
48.1985 0.41734
48.2153 0.419673
48.2321 0.421839
48.2514 0.424109
48.267 0.42622
48.2838 0.428568
48.2982 0.430872
48.3139 0.433138
48.3295 0.435496
48.3427 0.437684
48.3583 0.439973
48.3715 0.441976
48.3872 0.444104
48.4028 0.446216
48.416 0.448189
48.4304 0.450166
48.4448 0.45202
48.458 0.453767
48.4725 0.455422
48.4869 0.456994
48.5001 0.45862
48.5121 0.459917
48.5265 0.461178
48.5422 0.462655
48.5614 0.463698
48.5794 0.464111
48.601 0.464597
48.6191 0.464648
48.6383 0.464317
48.6587 0.463902
48.6779 0.463289
48.7008 0.462878
48.7212 0.462518
48.7404 0.461954
48.7608 0.461209
48.7789 0.460808
48.7969 0.460707
48.8113 0.460494
48.8281 0.460432
48.8438 0.460253
48.8618 0.460346
48.8774 0.460428
48.893 0.4605
48.9098 0.460562
48.9255 0.460617
48.9447 0.46104
48.9591 0.461285
48.9759 0.461499
48.9904 0.461562
49.0096 0.461992
49.0288 0.462743
49.0444 0.4634
49.0625 0.464225
49.0781 0.464947
49.0973 0.465953
49.1141 0.466959
49.1321 0.468089
49.149 0.469078
49.1658 0.470068
49.1838 0.471185
49.2018 0.472412
49.2187 0.47361
49.2343 0.474659
49.2511 0.475702
49.2703 0.476989
49.2884 0.478365
49.3028 0.47932
49.3208 0.480405
49.3364 0.481229
49.3544 0.4822
49.3701 0.48305
49.3857 0.483669
49.4037 0.48446
49.4181 0.485028
49.4374 0.485899
49.4542 0.486787
49.4698 0.487439
49.4866 0.488134
49.5022 0.488742
49.5215 0.489649
49.5359 0.490193
49.5527 0.490794
49.5695 0.491445
49.5876 0.492264
49.602 0.492731
49.62 0.49339
49.638 0.494341
49.6524 0.494923
49.6705 0.495683
49.6873 0.496473
49.7041 0.497289
49.7185 0.497752
49.7365 0.498408
49.7546 0.499232
49.7726 0.500203
49.7894 0.501178
49.8038 0.501781
49.8207 0.502433
49.8375 0.503129
49.8543 0.503863
49.8699 0.50438
49.8855 0.504832
49.9036 0.505478
49.9204 0.506169
49.9372 0.506898
49.9528 0.50741
49.9673 0.507734
49.9829 0.507892
49.9997 0.508156
50.0129 0.508011
50.0309 0.508135
50.0454 0.508118
50.0622 0.508228
50.0766 0.508075
50.0934 0.507815
50.109 0.507588
50.1247 0.507265
50.1427 0.506857
50.1583 0.5065
50.1751 0.506312
50.1932 0.506273
50.2112 0.506364
50.2268 0.506319
50.2448 0.506529
50.258 0.506838
50.2701 0.506983
50.2845 0.50736
50.2989 0.507565
50.3133 0.507869
50.3253 0.507511
50.3422 0.507197
50.3602 0.507047
50.3746 0.506791
50.389 0.506442
50.407 0.506137
50.4215 0.505495
50.4359 0.504558
50.4503 0.503738
50.4623 0.502646
50.49 0.501065
50.5092 0.499432
50.5272 0.497628
50.5452 0.495675
50.5657 0.493715
50.5861 0.492001
50.6065 0.490376
50.6257 0.488579
50.645 0.486756
50.6642 0.485037
50.6846 0.483282
50.7026 0.481372
50.7183 0.4797
50.7363 0.478488
50.7531 0.477552
50.7687 0.476608
50.7879 0.476157
50.8048 0.475887
50.824 0.476026
50.8396 0.476148
50.8576 0.476505
50.8733 0.476817
50.8913 0.477339
50.9093 0.478047
50.9261 0.478791
50.9418 0.479317
50.9574 0.479778
50.9766 0.480555
50.9922 0.481236
51.009 0.481956
51.0235 0.482337
51.0403 0.482795
51.0535 0.48282
51.0703 0.482968
51.0871 0.483222
51.1016 0.483194
51.1196 0.48342
51.1352 0.483617
51.1532 0.48404
51.1713 0.484785
51.1869 0.485312
51.2037 0.485898
51.2205 0.486536
51.2349 0.486844
51.2506 0.487113
51.2674 0.487474
51.283 0.48779
51.2998 0.488066
51.3179 0.488558
51.3323 0.488863
51.3503 0.48938
51.3659 0.489833
51.3815 0.490229
51.3996 0.490825
51.4152 0.491347
51.4308 0.491679
51.4476 0.492094
51.4644 0.492582
51.4813 0.493134
51.4993 0.493867
51.5149 0.494384
51.5317 0.494961
51.5474 0.495466
51.563 0.495783
51.5786 0.496185
51.5954 0.496662
51.6134 0.497329
51.6267 0.497538
51.6459 0.498096
51.6627 0.498709
51.6771 0.49912
51.6928 0.499355
51.7072 0.499436
51.7228 0.499381
51.7396 0.499459
51.7528 0.499151
51.7673 0.498757
51.7829 0.498413
51.7997 0.498236
51.8153 0.498082
51.8297 0.497696
51.843 0.496984
51.8598 0.496486
51.8718 0.495551
51.891 0.495232
51.9054 0.494703
51.9223 0.494365
51.9403 0.494319
51.9583 0.494529
51.9727 0.494588
51.9895 0.494765
52.0052 0.494919
52.022 0.495054
52.0376 0.495172
52.0544 0.495401
52.0713 0.495726
52.0881 0.496135
52.1049 0.496493
52.1217 0.496932
52.1373 0.497315
52.1542 0.497776
52.165 0.497429
52.1782 0.497375
52.1902 0.497203
52.2034 0.497053
52.2167 0.496921
52.2275 0.496681
52.2383 0.496221
52.2515 0.495693
52.2695 0.495732
52.2851 0.495765
52.2984 0.495295
52.3116 0.494633
52.3248 0.493804
52.3416 0.493578
52.3512 0.492506
52.3669 0.491943
52.3957 0.4927
52.4149 0.491362
52.4341 0.489942
52.4546 0.488574
52.4726 0.487003
52.4918 0.485377
52.5122 0.48383
52.5327 0.482351
52.5531 0.481057
52.5735 0.4798
52.5952 0.478825
52.6144 0.477597
52.6288 0.476272
52.648 0.475738
52.6612 0.474896
52.6781 0.474284
52.6949 0.473749
52.7093 0.473155
52.7261 0.472761
52.7418 0.472416
52.7598 0.472364
52.7742 0.472318
52.7898 0.472153
52.8054 0.472134
52.8223 0.472242
52.8379 0.472337
52.8535 0.47242
52.8703 0.472742
52.8859 0.473025
52.9028 0.473397
52.9184 0.473847
52.9352 0.474491
52.952 0.47518
52.9677 0.475782
52.9833 0.476434
53.0001 0.47713
53.0145 0.477614
53.0325 0.478287
53.0482 0.479001
53.065 0.479751
53.0794 0.480282
53.0974 0.481122
53.1142 0.482107
53.1299 0.482843
53.1455 0.483613
53.1599 0.484161
53.1767 0.484766
53.1948 0.48567
53.2092 0.486462
53.226 0.487154
53.2404 0.48776
53.2584 0.48854
53.2741 0.489347
53.2909 0.490179
53.3053 0.490781
53.3221 0.491559
53.3377 0.492239
53.3534 0.492834
53.369 0.493355
53.387 0.49431
53.4014 0.494897
53.417 0.495535
53.4303 0.495843
53.4483 0.496362
53.4627 0.496692
53.4759 0.496606
53.4915 0.496655
53.5036 0.496323
53.5204 0.496158
53.5336 0.495763
53.5492 0.495543
53.5636 0.4951
53.5793 0.494837
53.5937 0.494483
53.6057 0.493672
53.6189 0.492713
53.6357 0.491999
53.6502 0.491374
53.6658 0.490827
53.6802 0.490224
53.6958 0.489696
53.709 0.489109
53.7259 0.488595
53.7403 0.488146
53.7571 0.488003
53.7751 0.488127
53.7895 0.488111
53.8052 0.488223
53.8208 0.488195
53.8364 0.488295
53.8544 0.488633
53.8701 0.489054
53.8857 0.489297
53.9037 0.48976
53.9229 0.490665
53.9373 0.491457
53.953 0.492025
53.9686 0.492647
53.983 0.493191
53.9962 0.493292
54.0082 0.493006
54.0215 0.492505
54.0359 0.491817
54.0539 0.49159
54.0683 0.491391
54.0815 0.490842
54.0911 0.490112
54.1032 0.489473
54.1152 0.488789
54.1272 0.48819
54.1368 0.487291
54.15 0.48663
54.1608 0.485801
54.1717 0.484951
54.1837 0.484207
54.1981 0.483806
54.2113 0.483205
54.2257 0.48268
54.2413 0.482095
54.2546 0.480958
54.2702 0.480213
54.2834 0.479187
54.3134 0.480163
54.3339 0.478768
54.3519 0.477172
54.3711 0.475775
54.3891 0.474178
54.4096 0.472781
54.4288 0.471309
54.448 0.47002
54.4672 0.468642
54.4829 0.466812
54.5033 0.465336
54.5213 0.463669
54.5369 0.46221
54.5538 0.461059
54.5682 0.460051
54.585 0.45942
54.5994 0.458743
54.615 0.458275
54.6319 0.45799
54.6451 0.457617
54.6619 0.457415
54.6775 0.457363
54.6919 0.457192
54.7076 0.457293
54.722 0.457257
54.7364 0.45735
54.752 0.457556
54.7676 0.457736
54.7809 0.457769
54.7965 0.457923
54.8121 0.458308
54.8265 0.458519
54.8433 0.459079
54.8578 0.459444
54.8734 0.460014
54.889 0.460637
54.9034 0.461058
54.9203 0.4618
54.9359 0.46245
54.9515 0.463269
54.9671 0.46411
54.9803 0.464722
54.996 0.465256
55.0104 0.465849
55.026 0.466368
55.0404 0.466822
55.056 0.467469
55.0705 0.467911
55.0837 0.468172
55.0993 0.468525
55.1137 0.468835
55.1269 0.468855
55.1437 0.469248
55.1582 0.469592
55.1726 0.469768
55.187 0.470047
55.2038 0.470416
55.2158 0.470489
55.2315 0.470678
55.2447 0.470718
55.2591 0.470754
55.2747 0.470909
55.2879 0.470796
55.3012 0.470571
55.318 0.470625
55.3312 0.470547
55.3468 0.470603
55.3588 0.470278
55.3745 0.470243
55.3901 0.470338
55.4033 0.470296
55.4201 0.470509
55.4345 0.470695
55.449 0.470733
55.4634 0.470767
55.4778 0.470796
55.4934 0.470946
55.5066 0.470953
55.5235 0.471209
55.5379 0.471433
55.5511 0.471504
55.5679 0.471816
55.5835 0.472214
55.5992 0.472687
55.616 0.473351
55.6304 0.473932
55.6484 0.474941
55.6628 0.475698
55.6785 0.476611
55.6941 0.477534
55.7085 0.478343
55.7217 0.4788
55.7385 0.47945
55.7542 0.480269
55.7674 0.480735
55.783 0.481268
55.7962 0.48161
55.8094 0.481783
55.8251 0.482061
55.8383 0.482178
55.8539 0.482281
55.8671 0.482246
55.8827 0.48234
55.8947 0.482047
55.9104 0.482041
55.926 0.482036
55.9404 0.482157
55.9524 0.481887
55.968 0.481901
55.9813 0.481664
55.9933 0.481331
56.0065 0.481164
56.0185 0.481144
56.0305 0.481126
56.0413 0.480985
56.0522 0.480862
56.0654 0.480879
56.0762 0.480769
56.087 0.480673
56.099 0.480589
56.1122 0.48064
56.1291 0.480685
56.1399 0.480225
56.1531 0.479572
56.1663 0.478625
56.1819 0.477922
56.1951 0.477432
56.2252 0.476628
56.2432 0.475799
56.2612 0.474949
56.2793 0.473956
56.2937 0.472461
56.3045 0.470029
56.3153 0.4669
56.3249 0.462913
56.3309 0.457673
56.3369 0.451464
56.3417 0.444156
56.3478 0.436137
56.5502 0.407745
56.5641 0.382902
56.7589 0.361039
56.7745 0.342159
56.7889 0.325764
56.9694 0.311419
56.9826 0.298741
56.9983 0.287899
57.0127 0.278411
57.0283 0.27036
57.0427 0.263315
57.1787 0.256526
57.1956 0.25096
57.21 0.24609
57.2256 0.242079
57.2424 0.238944
57.258 0.236576
57.2725 0.234504
57.2893 0.233066
57.3049 0.231933
57.3229 0.231441
57.3397 0.231386
57.3554 0.231588
57.4106 0.231639
57.4275 0.232059
57.4443 0.232802
57.4635 0.234077
57.4755 0.235192
57.4923 0.236793
57.5068 0.238569
57.5212 0.240623
57.5368 0.24292
57.55 0.245305
57.5656 0.247892
57.5801 0.250655
57.5957 0.253573
57.6113 0.256627
57.6257 0.259673
57.6389 0.262589
57.6558 0.265891
57.6702 0.269279
57.6846 0.272619
57.699 0.276042
57.7158 0.279662
57.7303 0.283204
57.7459 0.286803
57.7615 0.290578
57.7747 0.294131
57.7879 0.297489
57.8024 0.300928
57.8156 0.304187
57.83 0.307414
57.8408 0.310112
57.8564 0.313098
57.8684 0.315836
57.8841 0.318356
57.9009 0.320312
57.9153 0.321523
57.9321 0.322457
57.9454 0.322525
57.9622 0.32246
57.9778 0.321902
57.9934 0.321164
58.0102 0.320269
58.0271 0.31936
58.0451 0.31844
58.0607 0.317135
58.0775 0.315868
58.0943 0.314885
58.1088 0.314024
58.1232 0.313396
58.1388 0.312972
58.1544 0.31285
58.1688 0.312744
58.1857 0.313026
58.1989 0.313148
58.2157 0.313629
58.2289 0.314051
58.2445 0.314669
58.2602 0.315461
58.2758 0.316278
58.2902 0.317118
58.307 0.318228
58.3227 0.319325
58.3371 0.320409
58.3539 0.321608
58.3683 0.322782
58.3839 0.324059
58.3996 0.325427
58.4152 0.326874
58.4296 0.328139
58.4464 0.329622
58.4608 0.330919
58.4765 0.332304
58.4897 0.333391
58.5065 0.334717
58.5197 0.335753
58.5377 0.337159
58.5522 0.338639
58.5666 0.339934
58.5834 0.341442
58.5978 0.342762
58.6122 0.344042
58.6303 0.345661
58.6423 0.346829
58.6591 0.348225
58.6735 0.349447
58.6891 0.350766
58.7048 0.35217
58.7204 0.353649
58.7348 0.354943
58.7504 0.356325
58.766 0.357784
58.7805 0.359061
58.7961 0.360429
58.8117 0.36175
58.8273 0.363156
58.8417 0.364387
58.8586 0.365838
58.873 0.367234
58.8886 0.368704
58.9042 0.370241
58.9198 0.371711
58.9319 0.372747
58.9499 0.374154
58.9643 0.37551
58.9799 0.376821
58.9955 0.378218
59.01 0.379441
59.0268 0.381011
59.0424 0.382635
59.0568 0.384055
59.0725 0.385548
59.0869 0.386855
59.1037 0.388373
59.1169 0.389576
59.1325 0.390879
59.1494 0.392394
59.1638 0.39372
59.1794 0.39513
59.195 0.396739
59.2082 0.398021
59.2251 0.399519
59.2395 0.400829
59.2551 0.402225
59.2707 0.403572
59.2863 0.405001
59.302 0.406376
59.3164 0.407704
59.3332 0.409241
59.3476 0.410711
59.362 0.412122
59.3777 0.413482
59.3957 0.415171
59.4101 0.416775
59.4281 0.418678
59.4425 0.420343
59.4594 0.422175
59.4762 0.424153
59.4918 0.426009
59.5062 0.427883
59.5267 0.430273
59.5411 0.432489
59.5579 0.434678
59.5759 0.437093
59.5939 0.439581
59.6096 0.441884
59.624 0.443898
59.6408 0.445911
59.6576 0.447922
59.6745 0.449932
59.6877 0.451815
59.7009 0.453713
59.7177 0.455999
59.7297 0.457999
59.7453 0.460249
59.7586 0.462343
59.7706 0.464175
59.7862 0.466403
59.7994 0.468478
59.8114 0.470293
59.8247 0.472007
59.8355 0.473381
59.8511 0.475083
59.8631 0.476698
59.8775 0.478361
59.8907 0.47994
59.904 0.481448
59.9172 0.483017
59.9292 0.48439
59.9484 0.486591
59.9628 0.487392
59.9821 0.488218
59.9989 0.488441
60.0169 0.488386
60.0361 0.488338
60.0554 0.488295
60.0722 0.487883
60.0914 0.487398
60.1106 0.486973
60.1287 0.486352
60.1491 0.485933
60.1623 0.485066
60.1803 0.484683
60.1947 0.484222
60.2092 0.483945
60.2248 0.483702
60.2392 0.483489
60.2536 0.483178
60.2692 0.483031
60.2825 0.482777
60.2993 0.482805
60.3125 0.482579
60.3281 0.482507
60.3437 0.482443
60.3582 0.482513
60.3738 0.482574
60.387 0.482502
60.4038 0.482564
60.4182 0.482744
60.4339 0.482901
60.4495 0.483163
60.4663 0.483643
60.4807 0.483937
60.4963 0.484445
60.512 0.48489
60.5288 0.485528
60.5432 0.486087
60.56 0.486826
60.5757 0.487598
60.5925 0.488523
60.6069 0.489208
60.6237 0.490057
60.6393 0.49105
60.655 0.491919
60.6706 0.492804
60.6862 0.493703
60.7042 0.494865
60.7186 0.495882
60.7343 0.496897
60.7499 0.497785
60.7643 0.498562
60.7799 0.499242
60.7931 0.499836
60.8088 0.500357
60.8244 0.500937
60.8388 0.50132
60.8544 0.501905
60.8688 0.502292
60.8833 0.50263
60.9013 0.503302
60.9133 0.503514
60.9289 0.503825
60.9433 0.504097
60.9602 0.504585
60.9746 0.504886
60.9902 0.505401
61.007 0.506101
61.0202 0.506463
61.0359 0.50678
61.0515 0.507183
61.0647 0.50741
61.0803 0.507734
61.0971 0.508267
61.1116 0.508609
61.1284 0.509157
61.144 0.509638
61.1596 0.510058
61.1777 0.510676
61.1933 0.511341
61.2113 0.512174
61.2257 0.512402
61.2425 0.512852
61.2582 0.51337
61.2714 0.513449
61.2882 0.513768
61.3002 0.513672
61.3158 0.513588
61.3327 0.513889
61.3471 0.514153
61.3651 0.514759
61.3771 0.514914
61.3903 0.5148
61.4072 0.51495
61.4204 0.514581
61.4372 0.514509
61.4504 0.514195
61.466 0.514046
61.4817 0.51404
61.4949 0.513785
61.5117 0.513812
61.5261 0.513585
61.5381 0.513012
61.5526 0.512511
61.567 0.511947
61.5826 0.511578
61.5994 0.511506
61.6138 0.511193
61.6283 0.511169
61.6379 0.510773
61.6499 0.510426
61.6655 0.510623
61.6811 0.511295
61.6979 0.511633
61.7136 0.511929
61.7268 0.511563
61.7448 0.511742
61.7592 0.51165
61.7712 0.511068
61.7893 0.511185
61.8013 0.510662
61.8157 0.510454
61.8313 0.510397
61.859 0.511598
61.8722 0.509898
61.8914 0.508286
61.907 0.506375
61.9238 0.504203
61.9419 0.502178
61.9587 0.500031
61.9755 0.497777
61.9959 0.49593
62.014 0.494063
62.0308 0.492055
62.05 0.490299
62.0668 0.488386
62.0825 0.486838
62.0969 0.485358
62.1113 0.484063
62.1281 0.483305
62.1425 0.482517
62.1582 0.481953
62.1738 0.481459
62.1882 0.481026
62.2038 0.480773
62.2182 0.480551
62.2339 0.480357
62.2495 0.480313
62.2651 0.480399
62.2807 0.480599
62.2963 0.480899
62.3108 0.481037
62.3276 0.481407
62.342 0.481856
62.3588 0.482374
62.3744 0.482952
62.3889 0.483333
62.4045 0.483792
62.4201 0.484443
62.4345 0.484887
62.4489 0.485151
62.4658 0.485633
62.4802 0.486178
62.4982 0.487031
62.5114 0.487527
62.5259 0.487836
62.5415 0.488232
62.5571 0.488828
62.5727 0.489349
62.5883 0.489931
62.6028 0.490314
62.6184 0.490775
62.634 0.491303
62.6472 0.49164
62.664 0.492185
62.6773 0.492412
62.6941 0.492986
62.7073 0.493237
62.7241 0.493708
62.7385 0.493994
62.7542 0.49437
62.7698 0.494824
62.7842 0.495221
62.801 0.495818
62.8142 0.496091
62.8287 0.496205
62.8455 0.496679
62.8599 0.496969
62.8743 0.497223
62.8899 0.497445
62.9068 0.498014
62.9212 0.498513
62.9368 0.498949
62.9524 0.499455
62.9668 0.499773
62.9813 0.500176
62.9969 0.500529
63.0113 0.500838
63.0269 0.501108
63.0413 0.501345
63.0558 0.501427
63.0726 0.501873
63.0882 0.502389
63.1026 0.502716
63.1182 0.503126
63.1315 0.503235
63.1471 0.503456
63.1627 0.503649
63.1747 0.503443
63.1903 0.503387
63.2036 0.503089
63.2192 0.502953
63.2324 0.502709
63.2468 0.50237
63.2612 0.502074
63.2769 0.50169
63.2913 0.501353
63.3045 0.500684
63.3201 0.500224
63.3333 0.499571
63.3489 0.498999
63.3646 0.498625
63.3802 0.498421
63.3946 0.498244
63.409 0.497838
63.4246 0.497484
63.4439 0.497673
63.4607 0.498089
63.4751 0.498453
63.4907 0.498771
63.5052 0.49905
63.5196 0.499169
63.5328 0.499273
63.5448 0.499363
63.5568 0.499443
63.57 0.499763
63.5857 0.500417
63.6001 0.501115
63.6157 0.501851
63.6265 0.501869
63.6409 0.502011
63.6566 0.502134
63.6686 0.501868
63.6806 0.501634
63.6938 0.501055
63.707 0.500673
63.7202 0.499964
63.7347 0.499468
63.7599 0.50041
63.7779 0.499234
63.7947 0.497829
63.814 0.496476
63.8296 0.494791
63.85 0.493442
63.8668 0.491762
63.8849 0.490042
63.9017 0.488287
63.9209 0.486626
63.9389 0.484923
63.9582 0.483432
63.9762 0.481878
63.9882 0.480143
64.0038 0.478625
64.0194 0.477422
64.0351 0.476495
64.0507 0.475683
64.0651 0.474972
64.0795 0.474351
64.0951 0.473932
64.1108 0.473565
64.124 0.472995
64.1396 0.47262
64.1552 0.472418
64.1696 0.472116
64.1853 0.471976
64.1985 0.471729
64.2153 0.471763
64.2297 0.471668
64.2453 0.471709
64.2598 0.471746
64.2754 0.471902
64.2922 0.47229
64.3066 0.472503
64.321 0.472815
64.3403 0.473589
64.3535 0.474015
64.3715 0.474763
64.3859 0.475418
64.4003 0.47599
64.4184 0.476867
64.4328 0.477633
64.4484 0.478429
64.4628 0.479001
64.4797 0.47975
64.4953 0.480657
64.5097 0.481325
64.5253 0.482034
64.5409 0.482655
64.5566 0.483448
64.5698 0.483892
64.5866 0.48453
64.6022 0.485214
64.6202 0.486312
64.6359 0.487273
64.6503 0.488114
64.6647 0.488725
64.6815 0.489634
64.6947 0.49018
64.7116 0.490907
64.726 0.491544
64.7416 0.492226
64.756 0.492823
64.7704 0.49322
64.7873 0.493942
64.8017 0.49445
64.8149 0.494643
64.8293 0.494813
64.8437 0.494961
64.8606 0.495341
64.875 0.495549
64.8906 0.495855
64.9062 0.496373
64.9194 0.496576
64.9351 0.496879
64.9495 0.497019
64.9639 0.497142
64.9783 0.497249
64.9927 0.497218
65.0072 0.497316
65.0204 0.497151
65.036 0.497007
65.0504 0.496882
65.0648 0.496771
65.0793 0.496675
65.0937 0.496466
65.1105 0.496532
65.1273 0.496966
65.1405 0.49697
65.1598 0.497599
65.173 0.497899
65.1886 0.498162
65.2042 0.498516
65.2186 0.498702
65.2343 0.498989
65.2499 0.49924
65.2631 0.499335
65.2811 0.499793
65.2955 0.499944
65.3124 0.500326
65.3256 0.50041
65.3364 0.500109
65.3484 0.499471
65.3628 0.498787
65.376 0.498063
65.3929 0.49768
65.4073 0.49722
65.4205 0.496568
65.4337 0.495747
65.4469 0.495029
65.459 0.4944
65.4722 0.494225
65.4818 0.493697
65.495 0.493485
65.5046 0.492924
65.5178 0.492559
65.5323 0.492364
65.5455 0.491943
65.5611 0.491825
65.5743 0.491472
65.5899 0.491288
65.6068 0.491127
65.6188 0.490361
65.6368 0.490316
65.6488 0.489402
65.6752 0.490351
65.6933 0.488932
65.7113 0.487566
65.7269 0.485745
65.7449 0.484027
65.7642 0.482524
65.7822 0.480958
65.799 0.479338
65.8158 0.477421
65.8315 0.475243
65.8495 0.473213
65.8675 0.471186
65.8855 0.469163
65.8987 0.467268
65.9132 0.465609
65.9276 0.464033
65.9384 0.462154
65.9528 0.46051
65.9684 0.459196
65.9841 0.458296
66.0009 0.457634
66.0153 0.457055
66.0285 0.456423
66.0453 0.45612
66.0598 0.455855
66.0754 0.455748
66.0898 0.455655
66.1042 0.455573
66.1186 0.455501
66.1355 0.455689
66.1499 0.455853
66.1643 0.455996
66.1799 0.456247
66.1943 0.456466
66.2088 0.456657
66.2244 0.457075
66.2376 0.457191
66.2556 0.457792
66.27 0.458318
66.2833 0.458653
66.3013 0.459322
66.3145 0.459781
66.3325 0.460559
66.3481 0.461489
66.3626 0.462178
66.377 0.462781
66.3914 0.463433
66.4058 0.463879
66.4202 0.464394
66.4359 0.464845
66.4515 0.465489
66.4647 0.465803
66.4803 0.466328
66.4947 0.466662
66.5116 0.467329
66.5248 0.467663
66.5368 0.467705
66.5512 0.467867
66.5668 0.468009
66.58 0.468132
66.5969 0.468366
66.6089 0.46832
66.6233 0.46828
66.6389 0.46837
66.6545 0.468574
66.669 0.468752
66.6834 0.468908
66.6966 0.46892
66.7122 0.46918
66.7254 0.469157
66.7411 0.469388
66.7579 0.469714
66.7711 0.47
66.7879 0.470375
66.8035 0.470953
66.8168 0.471209
66.83 0.471308
66.8432 0.471269
66.86 0.471611
66.872 0.471659
66.8889 0.471827
66.9021 0.471974
66.9153 0.471852
66.9321 0.47212
66.9453 0.472105
66.961 0.472217
66.9754 0.472315
66.991 0.472526
67.0066 0.472835
67.0198 0.472981
67.0367 0.473483
67.0499 0.473673
67.0655 0.474089
67.0799 0.474327
67.0955 0.474787
67.1088 0.474938
67.1244 0.475321
67.1376 0.475406
67.152 0.475605
67.1652 0.475529
67.1784 0.475338
67.1941 0.475421
67.2097 0.475493
67.2241 0.475682
67.2397 0.475846
67.2565 0.476366
67.271 0.476695
67.2878 0.477358
67.301 0.477813
67.3178 0.478462
67.331 0.478904
67.3443 0.479166
67.3539 0.47902
67.3659 0.479018
67.3779 0.479015
67.3887 0.479014
67.3995 0.478887
67.4128 0.479026
67.4236 0.479023
67.438 0.479395
67.45 0.479846
67.4608 0.47999
67.474 0.480491
67.4837 0.480555
67.4981 0.48111
67.5125 0.481847
67.5269 0.482116
67.5425 0.482726
67.5582 0.483261
67.5834 0.485103
67.6014 0.48484
67.6194 0.484485
67.6363 0.483924
67.6507 0.482684
67.6639 0.480848
67.6759 0.478367
67.6867 0.475071
67.6939 0.470687
67.6999 0.465227
67.7047 0.458698
67.7096 0.451111
67.7132 0.442597
67.9181 0.413397
67.9321 0.387848
68.1289 0.365617
68.1433 0.34629
68.1565 0.329253
68.34 0.314472
68.3532 0.301538
68.3688 0.290346
68.3832 0.280677
68.3989 0.272343
68.4121 0.26505
68.5487 0.258044
68.5655 0.252288
68.5799 0.247252
68.5931 0.242721
68.61 0.239006
68.6244 0.23588
68.64 0.233395
68.6544 0.231221
68.6676 0.229193
68.6845 0.227794
68.6965 0.22632
68.7085 0.22478
68.7598 0.223057
68.7754 0.2218
68.7898 0.2207
68.803 0.219738
68.8199 0.219145
68.8331 0.218627
68.8499 0.218424
68.8631 0.218246
68.8787 0.218215
68.8932 0.218313
68.9076 0.218399
68.9232 0.218724
68.9376 0.219009
68.9532 0.219508
68.9677 0.219944
68.9821 0.220451
68.9977 0.22102
69.0133 0.221767
69.0265 0.222296
69.0446 0.223259
69.059 0.224102
69.0746 0.225089
69.0914 0.226328
69.1071 0.227662
69.1227 0.228954
69.1395 0.23046
69.1563 0.232152
69.1731 0.234008
69.1912 0.236132
69.208 0.238241
69.2236 0.240336
69.2428 0.242794
69.2609 0.245445
69.2765 0.248014
69.2945 0.250762
69.3113 0.253542
69.3269 0.256224
69.3426 0.259196
69.357 0.262172
69.3714 0.26515
69.3858 0.268131
69.3978 0.270865
69.4123 0.273757
69.4255 0.276537
69.4411 0.27947
69.4555 0.282411
69.4663 0.284985
69.482 0.287737
69.494 0.290145
69.5072 0.292627
69.518 0.294673
69.5312 0.296839
69.542 0.298734
69.554 0.300392
69.5625 0.301468
69.5733 0.30241
69.5841 0.303234
69.5985 0.303829
69.6177 0.304351
69.6334 0.304557
69.6478 0.304112
69.6634 0.303348
69.6802 0.302555
69.697 0.30161
69.7127 0.300284
69.7319 0.299124
69.7499 0.298108
69.7679 0.297095
69.7884 0.296458
69.8052 0.295776
69.8208 0.295304
69.834 0.294891
69.8508 0.294779
69.8653 0.294807
69.8797 0.294831
69.8941 0.294977
69.9097 0.29523
69.9253 0.295701
69.9398 0.296114
69.9578 0.296974
69.9698 0.297478
69.9866 0.298293
70.001 0.299131
70.0155 0.299865
70.0311 0.300757
70.0443 0.301412
70.0623 0.302486
70.0755 0.3033
70.0912 0.304262
70.1056 0.305105
70.12 0.306092
70.1368 0.307205
70.15 0.308179
70.1669 0.309282
70.1813 0.310372
70.1981 0.3117
70.2101 0.312613
70.2257 0.313536
70.2414 0.314594
70.2558 0.31552
70.2714 0.31658
70.2858 0.317507
70.3002 0.318444
70.3159 0.319388
70.3303 0.320465
70.3471 0.321782
70.3615 0.322934
70.3771 0.324192
70.3916 0.325293
70.406 0.326257
70.4216 0.32735
70.4372 0.328556
70.4516 0.329611
70.4661 0.33066
70.4805 0.331577
70.4961 0.33263
70.5117 0.333676
70.5273 0.334842
70.5406 0.335862
70.5574 0.337129
70.5706 0.338113
70.5874 0.339349
70.6018 0.34043
70.6175 0.341626
70.6319 0.342673
70.6451 0.343589
70.6607 0.344515
70.6763 0.345576
70.692 0.346629
70.7076 0.3478
70.722 0.34895
70.7364 0.349956
70.7532 0.351337
70.7665 0.35242
70.7821 0.353617
70.7965 0.354665
70.8121 0.355832
70.8265 0.356853
70.841 0.357746
70.8566 0.358778
70.871 0.359806
70.8878 0.360955
70.901 0.361961
70.9179 0.363091
70.9323 0.364204
70.9479 0.365304
70.9623 0.366516
70.9755 0.367451
70.9936 0.36877
71.0068 0.369799
71.0224 0.370949
71.0392 0.37233
71.0536 0.373539
71.0705 0.374972
71.0849 0.376225
71.1005 0.377572
71.1185 0.37925
71.1329 0.380719
71.1498 0.382379
71.1654 0.384207
71.1834 0.386306
71.2002 0.388518
71.2159 0.390578
71.2327 0.392756
71.2483 0.394911
71.2651 0.397172
71.2783 0.399151
71.2928 0.401257
71.3072 0.4036
71.3204 0.4059
71.3336 0.408162
71.3468 0.410392
71.3625 0.412968
71.3757 0.415347
71.3901 0.417929
71.4021 0.420313
71.4141 0.422524
71.4285 0.424833
71.4418 0.427104
71.455 0.429341
71.467 0.431298
71.4814 0.433511
71.4922 0.435447
71.503 0.437141
71.5163 0.438874
71.5283 0.440514
71.5391 0.44195
71.5595 0.443331
71.5739 0.443915
71.5884 0.444051
71.6064 0.444044
71.622 0.443789
71.6388 0.44319
71.6544 0.442416
71.6725 0.441614
71.6893 0.440663
71.7061 0.439705
71.7241 0.438742
71.741 0.437649
71.7554 0.436818
71.771 0.436216
71.7854 0.435814
71.7998 0.435462
71.8167 0.435529
71.8323 0.435838
71.8455 0.435983
71.8611 0.43636
71.8755 0.43669
71.8924 0.437354
71.9068 0.43806
71.9212 0.438802
71.9356 0.439452
71.95 0.440146
71.9657 0.440877
71.9801 0.441643
71.9945 0.442312
72.0101 0.443148
72.0245 0.44388
72.039 0.44452
72.0546 0.44533
72.0702 0.446289
72.0846 0.447128
72.1002 0.448112
72.1147 0.449098
72.1303 0.45021
72.1459 0.451309
72.1603 0.452395
72.1759 0.453471
72.1904 0.454537
72.2048 0.45547
72.2216 0.456661
72.2348 0.457579
72.2504 0.458631
72.2661 0.459802
72.2805 0.460827
72.2949 0.461724
72.3105 0.462758
72.3249 0.463788
72.3418 0.465065
72.3562 0.466307
72.3694 0.467268
72.3862 0.468485
72.4018 0.469674
72.4175 0.470965
72.4319 0.472094
72.4463 0.473208
72.4619 0.474307
72.4751 0.475268
72.4908 0.476235
72.5064 0.47733
72.5196 0.478164
72.5352 0.479269
72.5496 0.480235
72.5641 0.481206
72.5797 0.48218
72.5941 0.483157
72.6085 0.484013
72.6229 0.484761
72.6386 0.485666
72.653 0.486458
72.6674 0.487276
72.683 0.488241
72.6974 0.489086
72.7131 0.490075
72.7263 0.490816
72.7419 0.491714
72.7575 0.49275
72.7731 0.493656
72.7864 0.494324
72.8032 0.495283
72.8176 0.495873
72.8356 0.496889
72.85 0.497528
72.8633 0.497837
72.8825 0.498732
72.8981 0.499516
72.9137 0.500201
72.9281 0.500676
72.9438 0.501217
72.9594 0.501814
72.9714 0.501963
72.9882 0.502467
73.005 0.503159
73.0171 0.503264
73.0351 0.503856
73.0483 0.504124
73.0603 0.504109
73.0759 0.504095
73.0904 0.504083
73.1036 0.503823
73.1192 0.503845
73.1336 0.503864
73.1492 0.503881
73.1613 0.503771
73.1745 0.503925
73.1853 0.504059
73.1997 0.504552
73.2141 0.505358
73.2273 0.505813
73.2442 0.506711
73.2574 0.507122
73.2742 0.507607
73.2874 0.507781
73.3042 0.508434
73.3175 0.508504
73.3367 0.509066
73.3487 0.508808
73.3595 0.508207
73.392 0.510056
73.4016 0.508049
73.4172 0.506043
73.4352 0.504163
73.4496 0.501892
73.4677 0.499906
73.4845 0.497918
73.5013 0.496053
73.5181 0.494171
73.5337 0.49215
73.5506 0.490131
73.565 0.48774
73.5806 0.485397
73.5938 0.483223
73.607 0.48132
73.6215 0.479655
73.6347 0.478073
73.6491 0.476814
73.6635 0.475712
73.6779 0.474748
73.69 0.473655
73.7056 0.472948
73.7188 0.472329
73.7332 0.471913
73.7464 0.471424
73.7608 0.470996
73.7765 0.470871
73.7909 0.470763
73.8053 0.470792
73.8221 0.471193
73.8341 0.471294
73.851 0.471632
73.8642 0.471928
73.8798 0.472312
73.8954 0.472898
73.9098 0.473536
73.9231 0.474094
73.9399 0.474832
73.9543 0.475603
73.9711 0.476653
73.9831 0.477321
73.9988 0.478031
74.0144 0.478902
74.03 0.479914
74.0444 0.4808
74.06 0.481825
74.0757 0.482597
74.0913 0.483522
74.1057 0.484332
74.1189 0.484916
74.1333 0.485551
74.1478 0.486107
74.1622 0.486719
74.1754 0.487129
74.1886 0.487488
74.2054 0.488177
74.2175 0.48853
74.2331 0.489089
74.2487 0.489702
74.2619 0.490115
74.2775 0.4906
74.2908 0.4909
74.31 0.491663
74.322 0.491705
74.3376 0.491992
74.352 0.492368
74.3665 0.492697
74.3845 0.49336
74.3977 0.493565
74.4109 0.493619
74.4277 0.494042
74.441 0.494037
74.459 0.494407
74.4722 0.494356
74.4866 0.494312
74.5022 0.494648
74.5179 0.494817
74.5323 0.494965
74.5479 0.495094
74.5647 0.495332
74.5815 0.495791
74.596 0.495942
74.608 0.495824
74.62 0.495471
74.6428 0.496287
74.6572 0.495251
74.6717 0.494345
74.6873 0.493677
74.7005 0.492967
74.7149 0.492221
74.7305 0.491819
74.745 0.491341
74.7582 0.490924
74.7726 0.490433
74.7894 0.490379
74.8038 0.489832
74.8171 0.489353
74.8315 0.488809
74.8447 0.488208
74.8615 0.487932
74.8747 0.487315
74.8892 0.486776
74.9036 0.486304
74.918 0.485766
74.9348 0.48567
74.9456 0.485086
74.9564 0.484451
74.9685 0.484019
74.9805 0.483642
74.9925 0.483312
75.0093 0.483648
75.0273 0.484317
75.0454 0.485277
75.0634 0.486242
75.0766 0.486587
75.0886 0.486639
75.0982 0.486434
75.1187 0.487255
75.1343 0.487098
75.1475 0.486711
75.1727 0.487747
75.1908 0.486778
75.21 0.485931
75.222 0.484315
75.2376 0.482525
75.2544 0.480585
75.2725 0.478762
75.2869 0.476541
75.3037 0.474224
75.3193 0.471821
75.3361 0.469468
75.353 0.467035
75.3662 0.464155
75.3794 0.461511
75.3938 0.459072
75.4058 0.456688
75.4215 0.454852
75.4347 0.452996
75.4515 0.451746
75.4659 0.450528
75.4803 0.449587
75.496 0.448763
75.5116 0.448293
75.526 0.447756
75.5404 0.447412
75.5548 0.446985
75.5693 0.446737
75.5837 0.446395
75.6005 0.446471
75.6137 0.446412
75.6281 0.44636
75.645 0.446565
75.6606 0.44687
75.6738 0.447011
75.6894 0.44726
75.7038 0.447477
75.7195 0.447792
75.7351 0.448318
75.7495 0.448654
75.7639 0.448947
75.7795 0.449454
75.7952 0.450022
75.8108 0.450644
75.8264 0.451314
75.842 0.452149
75.8564 0.452756
75.8721 0.453536
75.8853 0.453969
75.9021 0.454723
75.9177 0.455383
75.9309 0.455835
75.9478 0.456605
75.961 0.45703
75.9766 0.457651
75.9934 0.458445
76.0066 0.459014
76.0223 0.459637
76.0367 0.460183
76.0535 0.46091
76.0691 0.461796
76.0811 0.462197
76.098 0.462797
76.1124 0.463322
76.1304 0.464282
76.1436 0.464997
76.158 0.465622
76.1737 0.466294
76.1881 0.466883
76.2037 0.467522
76.2193 0.468207
76.2325 0.468681
76.2494 0.469346
76.2638 0.469928
76.2794 0.470562
76.295 0.471367
76.3106 0.472196
76.3263 0.473046
76.3419 0.473915
76.3551 0.474551
76.3707 0.475232
76.3851 0.475828
76.4008 0.476475
76.4164 0.477165
76.4284 0.47752
76.4464 0.478205
76.462 0.479054
76.4753 0.479672
76.4885 0.479963
76.5029 0.480218
76.5185 0.480566
76.5317 0.480745
76.5474 0.481027
76.563 0.481398
76.5762 0.481599
76.5906 0.481774
76.6038 0.481677
76.6207 0.481842
76.6339 0.481737
76.6495 0.481895
76.6627 0.481783
76.6759 0.48156
76.694 0.48174
76.7072 0.481648
76.724 0.481692
76.7384 0.48173
76.7516 0.481514
76.7636 0.481075
76.7757 0.480815
76.7877 0.480588
76.8009 0.48064
76.8165 0.48106
76.8285 0.481052
76.8466 0.481671
76.8634 0.482337
76.8778 0.48292
76.8958 0.48368
76.9078 0.483845
76.9235 0.484489
76.9391 0.484803
76.9499 0.484453
76.9643 0.484271
77.0028 0.487237
77.0196 0.486083
77.0376 0.484822
77.0484 0.482594
77.0652 0.48027
77.0809 0.477736
77.0953 0.474894
77.1145 0.472283
77.1289 0.469247
77.1482 0.466716
77.1662 0.464252
77.1782 0.461345
77.1926 0.458802
77.2058 0.456327
77.2203 0.454161
77.2359 0.452266
77.2479 0.450233
77.2635 0.448704
77.2791 0.447491
77.2948 0.446429
77.308 0.445251
77.3248 0.444594
77.3368 0.443645
77.3512 0.442814
77.3669 0.442088
77.3801 0.441452
77.3969 0.44102
77.4113 0.440643
77.4257 0.440187
77.4413 0.440039
77.457 0.439909
77.4726 0.43992
77.4882 0.440055
77.5038 0.440298
77.5183 0.440511
77.5327 0.440572
77.5495 0.440876
77.5627 0.441016
77.5771 0.441139
77.594 0.441372
77.6084 0.441575
77.6252 0.442128
77.6372 0.442237
77.654 0.442583
77.6697 0.442885
77.6853 0.443399
77.6997 0.443724
77.7141 0.444009
77.7297 0.444258
77.7454 0.444725
77.7622 0.445385
77.7754 0.445712
77.7922 0.446248
77.8054 0.446592
77.8235 0.447268
77.8367 0.447609
77.8523 0.448033
77.8679 0.448529
77.8811 0.448838
77.8992 0.449483
77.9112 0.449673
77.928 0.450089
77.9424 0.450453
77.958 0.450896
77.9749 0.451409
77.9905 0.452108
78.0061 0.452844
78.0217 0.453489
78.0385 0.454303
78.053 0.455015
78.0686 0.455763
78.083 0.456418
78.0986 0.45699
78.1142 0.457742
78.1311 0.458649
78.1443 0.459193
78.1587 0.459544
78.1743 0.460101
78.1863 0.460213
78.2008 0.460187
78.2164 0.460288
78.2308 0.460377
78.2452 0.460455
78.2596 0.460398
78.2729 0.460223
78.2873 0.46007
78.3029 0.459937
78.3185 0.459945
78.3341 0.460201
78.3474 0.460176
78.3654 0.460529
78.3786 0.460588
78.3954 0.461015
78.4086 0.461138
78.4243 0.461371
78.4387 0.461449
78.4519 0.461393
78.4699 0.461719
78.4843 0.462004
78.4988 0.462129
78.5132 0.462362
78.53 0.462692
78.542 0.462731
78.5564 0.462889
78.5685 0.463028
78.5805 0.46315
78.5925 0.463256
78.6045 0.463474
78.6177 0.46379
78.6297 0.464066
78.6417 0.464308
78.6538 0.464519
78.6694 0.465079
78.685 0.465569
78.697 0.465748
78.7126 0.465905
78.7283 0.466292
78.7439 0.46688
78.7583 0.467395
78.7931 0.468346
78.8112 0.468928
78.8304 0.469437
78.8484 0.469632
78.864 0.469303
78.8821 0.46889
78.8989 0.468029
78.9121 0.466525
78.9313 0.46521
78.9482 0.463683
78.9662 0.462098
78.983 0.460461
78.9962 0.458778
79.007 0.456806
79.0178 0.454455
79.0263 0.451773
79.0347 0.448552
79.0443 0.445108
79.0527 0.441344
79.0611 0.437426
79.0719 0.433373
79.0803 0.429201
79.0911 0.425051
79.1008 0.420795
79.1104 0.41657
79.12 0.412124
79.1296 0.407734
79.1404 0.403517
79.15 0.399202
79.1584 0.394677
79.1668 0.389967
79.1729 0.384721
79.1777 0.379006
79.1825 0.37288
79.1873 0.36627
79.384 0.383237
79.4004 0.361707
79.5927 0.342619
79.6118 0.326166
79.6262 0.311896
79.8028 0.299159
79.8184 0.288139
79.8328 0.278496
79.8472 0.270184
79.8629 0.262911
79.8785 0.256797
80.0131 0.251073
80.028 0.245939
80.0424 0.241571
80.0592 0.238125
80.0724 0.234859
80.0881 0.232252
80.1025 0.22997
80.1169 0.227849
80.1337 0.226368
80.1469 0.224947
80.1638 0.223954
80.177 0.222959
80.222 0.221214
80.2378 0.219813
80.2522 0.218711
80.269 0.217997
80.2823 0.217248
80.2967 0.216592
80.3123 0.216143
80.3279 0.215875
80.3423 0.215765
80.3568 0.215545
80.3748 0.215852
80.3892 0.216245
80.4048 0.21659
80.4204 0.217141
80.4373 0.217998
80.4541 0.218998
80.4685 0.219874
80.4853 0.221014
80.501 0.222013
80.5178 0.223261
80.5346 0.224603
80.5502 0.226028
80.567 0.22765
80.5815 0.228943
80.6007 0.2307
80.6175 0.232613
80.6331 0.234411
80.6512 0.236485
80.6692 0.238799
80.6872 0.241199
80.7052 0.243799
80.7208 0.246199
80.7401 0.248925
80.7581 0.251809
80.7773 0.254958
80.7905 0.257713
80.8074 0.260749
80.8218 0.26378
80.8362 0.266808
80.8518 0.269957
80.8662 0.273087
80.8831 0.276576
80.8975 0.279879
80.9143 0.283519
80.9275 0.286829
80.9395 0.289851
80.9552 0.292994
80.9672 0.29587
80.978 0.298261
80.99 0.300479
81.0008 0.302294
81.0116 0.303757
81.0248 0.305287
81.0333 0.306252
81.0489 0.307095
81.0633 0.307333
81.0801 0.307292
81.0957 0.30663
81.1114 0.305676
81.127 0.304342
81.1438 0.302924
81.1606 0.301434
81.1799 0.300129
81.1991 0.299113
81.2171 0.298099
81.2339 0.296712
81.2507 0.295873
81.2652 0.295264
81.2784 0.294481
81.2964 0.294296
81.3108 0.294134
81.3264 0.294117
81.3421 0.294352
81.3589 0.294808
81.3733 0.295207
81.3877 0.295556
81.4058 0.296362
81.419 0.296817
81.4358 0.297589
81.4514 0.298516
81.4646 0.299076
81.4815 0.299942
81.4959 0.300699
81.5115 0.301487
81.5271 0.302426
81.5427 0.303373
81.5584 0.304326
81.5728 0.30516
81.5896 0.30614
81.6028 0.306873
81.6196 0.307889
81.6353 0.308903
81.6497 0.30979
81.6665 0.310941
81.6809 0.311823
81.6965 0.312845
81.7122 0.313865
81.729 0.315007
81.7422 0.315881
81.7578 0.316771
81.7746 0.317799
81.7903 0.318949
81.8047 0.319831
81.8203 0.320852
81.8371 0.321995
81.8515 0.322996
81.8648 0.323622
81.8816 0.324544
81.896 0.325351
81.9128 0.326307
81.9272 0.327269
81.9429 0.32811
81.9585 0.329096
81.9741 0.330084
81.9909 0.331199
82.0042 0.332049
82.021 0.333043
82.0354 0.333912
82.051 0.334923
82.0666 0.335808
82.0823 0.336832
82.0979 0.337728
82.1123 0.338637
82.1291 0.339682
82.1435 0.340597
82.1592 0.341522
82.1748 0.342457
82.1892 0.343275
82.206 0.344366
82.2216 0.345445
82.2385 0.346639
82.2517 0.347559
82.2685 0.348614
82.2829 0.349538
82.2973 0.350345
82.3142 0.351427
82.3298 0.352374
82.3454 0.353452
82.3598 0.354271
82.3778 0.355487
82.3899 0.356176
82.4055 0.357029
82.4223 0.358025
82.4379 0.359022
82.4536 0.360019
82.468 0.360892
82.486 0.36203
82.4992 0.363027
82.5148 0.364023
82.5329 0.36527
82.5485 0.366612
82.5665 0.36816
82.5821 0.369765
82.5989 0.371294
82.6158 0.373008
82.6338 0.374882
82.6494 0.376772
82.6662 0.378675
82.6855 0.380966
82.6999 0.38322
82.7167 0.385942
82.7311 0.3887
82.7467 0.391487
82.7624 0.394551
82.7768 0.397482
82.7912 0.400547
82.802 0.403104
82.8164 0.405716
82.8284 0.408001
82.8429 0.410251
82.8573 0.41272
82.8681 0.414755
82.8837 0.417035
82.8957 0.419031
82.909 0.421027
82.921 0.422774
82.9318 0.424177
82.951 0.42603
82.9654 0.427026
82.9799 0.427148
82.9967 0.427004
83.0123 0.426504
83.0315 0.425941
83.0471 0.425073
83.0652 0.424189
83.082 0.42304
83.0976 0.421535
83.1156 0.420093
83.1337 0.418707
83.1493 0.417618
83.1637 0.416666
83.1793 0.415958
83.1937 0.415338
83.2094 0.414921
83.2262 0.414931
83.2406 0.414814
83.255 0.414838
83.2718 0.414983
83.2863 0.415235
83.3031 0.415706
83.3175 0.416117
83.3343 0.416853
83.3475 0.417246
83.3632 0.41784
83.38 0.418485
83.3944 0.419175
83.4112 0.420028
83.4268 0.420899
83.4389 0.421287
83.4545 0.421876
83.4701 0.422517
83.4857 0.423202
83.5013 0.423927
83.5182 0.424936
83.5338 0.425819
83.547 0.426592
83.5626 0.427268
83.5782 0.428109
83.5939 0.428846
83.6095 0.42974
83.6251 0.430772
83.6407 0.431676
83.6552 0.432591
83.6708 0.433392
83.6852 0.434218
83.7008 0.434941
83.7176 0.435948
83.7309 0.43658
83.7477 0.437507
83.7633 0.438444
83.7789 0.439388
83.7933 0.440215
83.8078 0.440938
83.8246 0.441821
83.839 0.442593
83.8546 0.443394
83.8714 0.44447
83.8859 0.445286
83.9003 0.446125
83.9159 0.44686
83.9315 0.447752
83.9459 0.448533
83.9628 0.449467
83.9784 0.450533
83.9916 0.451217
84.0096 0.452314
84.0228 0.453025
84.0385 0.453897
84.0541 0.454785
84.0697 0.455687
84.0853 0.456601
84.0997 0.457401
84.1166 0.458351
84.131 0.459182
84.1454 0.459909
84.1622 0.46092
84.1754 0.461555
84.1923 0.462486
84.2079 0.4633
84.2235 0.464263
84.2379 0.465105
84.2523 0.465842
84.268 0.466612
84.2836 0.46741
84.2992 0.468359
84.3136 0.469064
84.3304 0.470056
84.3461 0.471049
84.3617 0.472043
84.3785 0.473163
84.3929 0.474142
84.411 0.475374
84.4242 0.476453
84.441 0.477521
84.4566 0.478706
84.4698 0.479493
84.4867 0.480556
84.4999 0.481237
84.5179 0.482332
84.5323 0.483415
84.5467 0.484239
84.5624 0.485209
84.578 0.486058
84.5912 0.4868
84.6032 0.48745
84.614 0.487894
84.626 0.488407
84.6393 0.488981
84.6549 0.489359
84.6669 0.489564
84.6849 0.489868
84.7005 0.49026
84.7162 0.490602
84.7306 0.490902
84.7426 0.490789
84.757 0.490691
84.7702 0.490229
84.781 0.489201
84.7955 0.488301
84.8243 0.487013
84.8423 0.485761
84.858 0.484166
84.8748 0.48252
84.8916 0.480705
84.9072 0.478742
84.9264 0.477024
84.9421 0.475021
84.9625 0.473394
84.9805 0.471844
84.9985 0.470239
85.013 0.468584
85.0274 0.467136
85.043 0.465994
85.0562 0.46487
85.0694 0.463761
85.0851 0.462916
85.0995 0.462176
85.1139 0.461404
85.1283 0.460854
85.1403 0.459997
85.1572 0.459622
85.1692 0.45892
85.1824 0.45818
85.198 0.457657
85.2112 0.457075
85.228 0.456816
85.2425 0.456589
85.2569 0.45639
85.2737 0.456466
85.2881 0.456658
85.3025 0.456701
85.3182 0.456988
85.335 0.457365
85.3506 0.457944
85.365 0.458451
85.3794 0.458895
85.3963 0.459533
85.4107 0.460091
85.4251 0.46058
85.4431 0.461507
85.4563 0.462069
85.472 0.462685
85.4876 0.46335
85.5008 0.463806
85.5188 0.46458
85.5333 0.465383
85.5489 0.46621
85.5633 0.466934
85.5777 0.467567
85.5933 0.468246
85.609 0.468965
85.6258 0.469845
85.6402 0.470739
85.6534 0.471272
85.6678 0.471738
85.6822 0.472145
85.6979 0.472627
85.7123 0.473049
85.7291 0.473793
85.7423 0.474194
85.758 0.474669
85.7724 0.475086
85.788 0.475575
85.8036 0.476128
85.818 0.476737
85.8324 0.477145
85.8481 0.477752
85.8613 0.478158
85.8781 0.478638
85.8937 0.479183
85.9082 0.47966
85.9274 0.480203
85.9406 0.480553
85.9562 0.480983
85.9814 0.480986
86.0007 0.481112
86.0163 0.481348
86.0331 0.481805
86.0451 0.481829
86.0632 0.482226
86.0788 0.482572
86.0956 0.483126
86.1136 0.483735
86.128 0.484268
86.1413 0.484485
86.1581 0.484924
86.1725 0.485184
86.1893 0.485661
86.2061 0.486328
86.2182 0.486537
86.2362 0.48722
86.2506 0.487692
86.265 0.488106
86.2794 0.488343
86.2915 0.488175
86.3071 0.488153
86.3215 0.488009
86.3371 0.488008
86.3527 0.488007
86.3672 0.488131
86.3804 0.48799
86.3936 0.487616
86.408 0.487664
86.42 0.487706
86.432 0.487743
86.4441 0.487775
86.4645 0.487178
86.4837 0.486656
86.4969 0.485824
86.5114 0.484846
86.5234 0.48399
86.5402 0.483116
86.5558 0.482352
86.5702 0.481433
86.5847 0.480129
86.6111 0.478863
86.6291 0.477505
86.6483 0.476317
86.6676 0.475152
86.6844 0.473758
86.7036 0.472413
86.718 0.470612
86.7373 0.46891
86.7553 0.467171
86.7721 0.4654
86.7913 0.463725
86.8069 0.461634
86.8202 0.45968
86.837 0.458095
86.8502 0.456583
86.8646 0.455135
86.8778 0.453618
86.8935 0.452416
86.9067 0.451239
86.9223 0.450334
86.9379 0.449542
86.9535 0.448975
86.9668 0.448228
86.9812 0.447574
86.9968 0.447003
87.0136 0.446752
87.0292 0.446658
87.0437 0.446576
87.0593 0.446629
87.0749 0.446675
87.0917 0.446966
87.1049 0.44697
87.123 0.447349
87.1374 0.44768
87.1554 0.448345
87.1674 0.448552
87.1855 0.449233
87.1999 0.449704
87.2155 0.450241
87.2311 0.450836
87.2467 0.451356
87.2636 0.452062
87.2792 0.452804
87.2948 0.453454
87.3092 0.454022
87.3236 0.454519
87.3429 0.455454
87.3573 0.456272
87.3741 0.457238
87.3885 0.457959
87.4053 0.458839
87.421 0.459609
87.4366 0.460408
87.451 0.461107
87.4654 0.461718
87.4822 0.462504
87.4967 0.463066
87.5135 0.463807
87.5279 0.464332
87.5447 0.46504
87.5591 0.46566
87.5736 0.466078
87.5904 0.466693
87.606 0.467356
87.6204 0.467937
87.6373 0.468695
87.6529 0.469358
87.6685 0.470063
87.6853 0.47093
87.7009 0.471689
87.7142 0.472228
87.731 0.472824
87.7454 0.473346
87.7622 0.474178
87.7766 0.474781
87.7923 0.475433
87.8043 0.475629
87.8199 0.4758
87.8355 0.476075
87.8535 0.476441
87.868 0.476761
87.886 0.477166
87.9004 0.47752
87.9184 0.47808
87.934 0.478695
87.9485 0.479108
87.9653 0.479595
87.9809 0.48002
87.9965 0.480393
88.011 0.480594
88.0254 0.480644
88.0398 0.480564
88.0554 0.480618
88.0686 0.480291
88.0842 0.480005
88.0987 0.479754
88.1143 0.47941
88.1287 0.478984
88.1443 0.478611
88.1563 0.478284
88.166 0.477624
88.1792 0.477296
88.19 0.476759
88.2044 0.476414
88.22 0.476237
88.2356 0.475833
88.2513 0.475729
88.2657 0.475387
88.2801 0.475464
88.2945 0.475406
88.3077 0.47498
88.3246 0.474483
88.3414 0.474422
88.369 0.473745
88.3895 0.473152
88.4063 0.472258
88.4219 0.47085
88.4411 0.469744
88.4567 0.468151
88.4772 0.466882
88.4928 0.465147
88.5132 0.463754
88.5312 0.462284
88.5481 0.460624
88.5649 0.458671
88.5781 0.456962
88.5913 0.455217
88.6045 0.45344
88.619 0.45176
88.6346 0.450415
88.6478 0.448988
88.6634 0.447864
88.6766 0.446631
88.6911 0.445552
88.7067 0.444608
88.7199 0.443532
88.7355 0.442841
88.7487 0.441986
88.7656 0.441487
88.7812 0.441177
88.7968 0.440904
88.8124 0.440791
88.828 0.440817
88.8413 0.44059
88.8581 0.440642
88.8725 0.440561
88.8893 0.440741
88.9049 0.441024
88.9206 0.441396
88.935 0.441596
88.9506 0.441897
88.9674 0.44241
88.9842 0.443108
88.9999 0.44372
89.0143 0.444255
89.0299 0.444723
89.0443 0.445133
89.0611 0.445866
89.0756 0.446383
89.0924 0.447085
89.1068 0.447574
89.1224 0.448128
89.1393 0.448862
89.1537 0.449379
89.1705 0.450082
89.1837 0.450446
89.2017 0.451141
89.215 0.451498
89.2318 0.452186
89.2462 0.452788
89.263 0.453564
89.2786 0.454244
89.2931 0.454838
89.3087 0.455358
89.3243 0.455939
89.3423 0.456821
89.3555 0.457344
89.3736 0.458176
89.3856 0.458529
89.4036 0.459338
89.4192 0.46017
89.4348 0.460899
89.4505 0.461662
89.4661 0.462454
89.4817 0.463147
89.4973 0.463879
89.513 0.464519
89.5274 0.465079
89.5454 0.465944
89.561 0.466826
89.5766 0.467723
89.5923 0.468633
89.6079 0.469428
89.6235 0.47025
89.6391 0.471094
89.6547 0.471832
89.6716 0.472728
89.6872 0.473637
89.7004 0.474182
89.7196 0.47516
89.734 0.476015
89.7461 0.476513
89.7605 0.476824
89.7761 0.477221
89.7905 0.477443
89.8049 0.477513
89.8194 0.477449
89.835 0.477393
89.8482 0.477093
89.8626 0.476707
89.877 0.476368
89.8927 0.475947
89.9083 0.475704
89.9227 0.475241
89.9347 0.474836
89.9455 0.474356
89.9575 0.473937
89.972 0.47382
89.9876 0.473967
90.0008 0.473846
90.02 0.473991
90.0356 0.473992
90.0525 0.474243
90.0681 0.474462
90.0849 0.47478
90.1005 0.475057
90.115 0.47505
90.1306 0.475169
90.1618 0.475023
90.181 0.474895
90.1991 0.474658
90.2183 0.474326
90.2375 0.47391
90.2555 0.473296
90.2712 0.472259
90.2904 0.471227
90.3072 0.469948
90.324 0.468455
90.3445 0.467273
90.3553 0.465364
90.3685 0.463443
90.3829 0.461638
90.3961 0.459933
90.4117 0.458567
90.425 0.457121
90.4382 0.455731
90.4502 0.454139
90.4598 0.451997
90.4682 0.449372
90.4778 0.446326
90.4886 0.44316
90.4983 0.439765
90.5079 0.436044
90.5175 0.432164
90.5271 0.428268
90.5379 0.424235
90.5475 0.42008
90.5583 0.415945
90.568 0.411577
90.5788 0.407255
90.5884 0.402848
90.5992 0.398492
90.6088 0.393931
90.6196 0.389439
90.6292 0.384884
90.6413 0.380649
90.6485 0.375943
90.6557 0.370825
90.6605 0.365097
90.6653 0.358835
90.862 0.37598
90.8769 0.355108
91.0709 0.336844
91.0889 0.321239
91.1034 0.307584
91.2804 0.295386
91.2964 0.284838
91.3133 0.275858
91.3277 0.267876
91.3433 0.261016
91.3601 0.255264
91.4895 0.249481
91.5063 0.244671
91.5208 0.240337
91.5364 0.23667
91.552 0.233586
91.5688 0.231138
91.5832 0.228996
91.5989 0.227121
91.6145 0.225606
91.6301 0.224405
91.6469 0.22348
91.6613 0.22267
91.6988 0.220961
91.7144 0.219591
91.7324 0.218767
91.7456 0.217796
91.7636 0.217322
91.7768 0.216656
91.7937 0.216449
91.8081 0.216268
91.8261 0.216485
91.8405 0.216549
91.8561 0.21673
91.873 0.217014
91.8898 0.217512
91.9078 0.218323
91.9246 0.219283
91.9415 0.220373
91.9583 0.221576
91.9739 0.222754
91.9919 0.22416
92.0087 0.22564
92.0244 0.22706
92.0436 0.228802
92.0592 0.230452
92.076 0.232146
92.0941 0.234002
92.1133 0.236127
92.1313 0.238361
92.1505 0.240816
92.1686 0.243464
92.1866 0.246156
92.2058 0.249012
92.2238 0.251885
92.2443 0.255149
92.2623 0.258381
92.2779 0.261208
92.2959 0.264432
92.3103 0.267628
92.3272 0.27105
92.3428 0.274418
92.3584 0.277991
92.374 0.281617
92.3909 0.28529
92.4041 0.288754
92.4197 0.29216
92.4341 0.295515
92.4449 0.2982
92.4593 0.300925
92.4714 0.30331
92.481 0.305021
92.493 0.306518
92.5062 0.308079
92.517 0.309319
92.5278 0.310154
92.5387 0.310885
92.5543 0.311524
92.5699 0.311459
92.5867 0.311026
92.6023 0.310148
92.6204 0.309129
92.6384 0.307988
92.6552 0.306615
92.6768 0.305663
92.6973 0.304955
92.7165 0.304211
92.7369 0.303559
92.7525 0.302739
92.7694 0.302397
92.7838 0.301972
92.8018 0.301976
92.8162 0.301979
92.8342 0.302356
92.8487 0.302562
92.8655 0.302992
92.8811 0.303493
92.8967 0.303931
92.9111 0.30444
92.928 0.30501
92.9436 0.305634
92.9604 0.306429
92.976 0.307376
92.9917 0.308204
93.0085 0.309178
93.0253 0.310281
93.0409 0.311371
93.0553 0.312324
93.071 0.313159
93.0878 0.314139
93.1034 0.315247
93.119 0.316341
93.1358 0.317423
93.1527 0.31862
93.1671 0.319793
93.1839 0.320944
93.1995 0.322076
93.2152 0.323191
93.2308 0.324292
93.2452 0.325256
93.262 0.326349
93.2776 0.32743
93.2933 0.328501
93.3101 0.329689
93.3257 0.330728
93.3413 0.331887
93.3593 0.333276
93.375 0.334491
93.3894 0.335555
93.4062 0.336861
93.4206 0.337878
93.4387 0.339143
93.4531 0.34025
93.4699 0.341469
93.4855 0.34266
93.5011 0.343828
93.518 0.344974
93.5312 0.345978
93.5492 0.34723
93.5636 0.348202
93.5804 0.349301
93.5949 0.350264
93.6117 0.351356
93.6273 0.352436
93.6453 0.353757
93.6585 0.354787
93.6754 0.355939
93.691 0.356946
93.7066 0.357953
93.7234 0.359209
93.7378 0.360183
93.7559 0.36141
93.7691 0.362359
93.7883 0.363814
93.8039 0.365087
93.8196 0.366326
93.8352 0.367535
93.8496 0.368594
93.8676 0.369894
93.882 0.371033
93.8977 0.372028
93.9133 0.37315
93.9301 0.374381
93.9457 0.375459
93.9625 0.376651
93.977 0.377695
93.995 0.378983
94.0106 0.380235
94.0262 0.381456
94.0455 0.383149
94.0599 0.384505
94.0791 0.386317
94.0959 0.388027
94.1152 0.390274
94.132 0.392365
94.15 0.394569
94.1704 0.397248
94.1897 0.400217
94.2089 0.403315
94.2245 0.406401
94.2401 0.4096
94.2557 0.412775
94.2714 0.416053
94.2834 0.418922
94.299 0.421932
94.3134 0.42494
94.3266 0.427698
94.3411 0.430485
94.3519 0.432675
94.3651 0.434965
94.3783 0.437095
94.3903 0.438958
94.4023 0.440588
94.4143 0.442015
94.4228 0.442888
94.4336 0.443527
94.4444 0.443961
94.454 0.444091
94.4696 0.444204
94.4864 0.443929
94.5045 0.443438
94.5213 0.442758
94.5381 0.441788
94.5561 0.44069
94.5742 0.439604
94.5934 0.438528
94.6114 0.437337
94.6342 0.436795
94.6547 0.436321
94.6739 0.435781
94.6883 0.435433
94.7015 0.434879
94.7184 0.434644
94.734 0.434438
94.752 0.434759
94.7652 0.434914
94.7832 0.435425
94.7977 0.435747
94.8157 0.436528
94.8301 0.437212
94.8445 0.437686
94.8613 0.43835
94.8758 0.438931
94.8926 0.43969
94.9082 0.440479
94.925 0.441419
94.9394 0.442241
94.9563 0.443211
94.9719 0.44406
94.9899 0.445177
95.0031 0.446155
95.0188 0.447011
95.0344 0.447884
95.05 0.448649
95.0668 0.449693
95.0812 0.450606
95.0993 0.45178
95.1125 0.452558
95.1305 0.453738
95.1461 0.454896
95.1605 0.455784
95.1774 0.456811
95.1906 0.457585
95.2086 0.458636
95.2242 0.459682
95.2398 0.460597
95.2555 0.461647
95.2723 0.462816
95.2879 0.463839
95.3035 0.464859
95.3192 0.466002
95.3348 0.467002
95.3504 0.468001
95.3648 0.468751
95.3828 0.469907
95.3961 0.470794
95.4141 0.471945
95.4273 0.472702
95.4453 0.473864
95.4609 0.474881
95.4754 0.475771
95.4922 0.476799
95.5066 0.4777
95.5222 0.478612
95.5378 0.479411
95.5547 0.480359
95.5691 0.481314
95.5859 0.482275
95.6003 0.483116
95.6159 0.483851
95.6316 0.484745
95.646 0.485402
95.6628 0.486226
95.676 0.486823
95.6941 0.487845
95.7085 0.48849
95.7253 0.489178
95.7421 0.489906
95.7577 0.490543
95.7758 0.491225
95.7902 0.491697
95.807 0.49236
95.8238 0.49294
95.8406 0.493572
95.8551 0.494126
95.8731 0.494985
95.8863 0.495112
95.9043 0.495723
95.92 0.496008
95.938 0.496632
95.9548 0.497303
95.9692 0.497765
95.986 0.498419
96.0005 0.498742
96.0185 0.499399
96.0353 0.500224
96.0509 0.500821
96.0678 0.501344
96.0798 0.501676
96.0918 0.501966
96.105 0.502595
96.1146 0.502771
96.129 0.5033
96.1398 0.503137
96.1555 0.503245
96.1687 0.502839
96.1843 0.502859
96.1975 0.502252
96.2119 0.501596
96.2228 0.500271
96.2336 0.498362
96.2468 0.496442
96.2732 0.495887
96.29 0.493151
96.3057 0.490132
96.3237 0.48724
96.3417 0.484585
96.3597 0.482012
96.3778 0.479511
96.397 0.477322
96.4126 0.474907
96.4342 0.473043
96.4535 0.471413
96.4739 0.469986
96.4895 0.468613
96.5039 0.467286
96.5184 0.466126
96.5328 0.46511
96.5472 0.464221
96.5628 0.463444
96.5772 0.462763
96.5929 0.462293
96.6085 0.462006
96.6229 0.46163
96.6373 0.461302
96.6517 0.461014
96.6673 0.460887
96.683 0.460776
96.6986 0.460804
96.713 0.460954
96.731 0.461459
96.7443 0.461652
96.7587 0.461696
96.7743 0.461984
96.7887 0.462111
96.8043 0.462347
96.82 0.462553
96.8356 0.462984
96.8512 0.463486
96.8668 0.463925
96.8836 0.46456
96.8993 0.465365
96.9125 0.465819
96.9293 0.466467
96.9449 0.467033
96.9605 0.467779
96.9774 0.468682
96.9906 0.469222
97.0086 0.470069
97.0218 0.470685
97.0398 0.4716
97.0555 0.472525
97.0699 0.473209
97.0867 0.474183
97.0987 0.47466
97.1143 0.475203
97.13 0.475677
97.1456 0.476343
97.1612 0.47705
97.1768 0.477669
97.1876 0.47771
97.2045 0.478121
97.2201 0.478606
97.2345 0.478905
97.2501 0.479292
97.2645 0.479631
97.2802 0.480052
97.2946 0.480295
97.3126 0.480883
97.327 0.481398
97.3439 0.481848
97.3595 0.482242
97.3775 0.482712
97.3895 0.482748
97.4051 0.482904
97.422 0.483166
97.4376 0.483396
97.4544 0.483846
97.4688 0.483865
97.4856 0.484132
97.5001 0.484241
97.5169 0.484461
97.5325 0.484528
97.5493 0.484837
97.5758 0.486482
97.5914 0.486297
97.6082 0.486385
97.6214 0.486087
97.6382 0.485951
97.6527 0.485707
97.6671 0.485369
97.6827 0.485073
97.6971 0.484814
97.7163 0.484962
97.732 0.485092
97.7452 0.48508
97.7596 0.484945
97.774 0.484827
97.7884 0.484474
97.8041 0.484289
97.8197 0.484128
97.8377 0.484362
97.8557 0.484817
97.8677 0.484715
97.8822 0.485
97.8918 0.484875
97.9002 0.484266
97.9134 0.483858
97.9266 0.483626
97.9398 0.483047
97.9567 0.482916
97.9711 0.482552
97.9843 0.481983
97.9975 0.48111
98.0119 0.480096
98.0336 0.479834
98.0444 0.47773
98.0684 0.476889
98.0852 0.474028
98.1045 0.471399
98.1225 0.468724
98.1405 0.466134
98.1585 0.463617
98.1778 0.46129
98.1958 0.458879
98.2138 0.456519
98.233 0.454454
98.2547 0.452647
98.2715 0.450691
98.2859 0.44848
98.3015 0.44667
98.3147 0.444836
98.3316 0.443482
98.3472 0.442421
98.3616 0.441244
98.3772 0.440338
98.3928 0.439546
98.4097 0.439103
98.4241 0.438715
98.4397 0.438251
98.4565 0.438094
98.471 0.437832
98.489 0.437978
98.5034 0.438106
98.5214 0.438468
98.5358 0.438659
98.5515 0.438952
98.5683 0.439458
98.5815 0.439651
98.5995 0.440069
98.6127 0.440186
98.6308 0.440662
98.6464 0.441205
98.6632 0.441804
98.6788 0.442329
98.6932 0.442788
98.7101 0.443439
98.7269 0.444134
98.7413 0.444617
98.7581 0.44529
98.7726 0.445754
98.7906 0.446535
98.805 0.447093
98.823 0.447956
98.8386 0.448712
98.8543 0.449498
98.8699 0.450186
98.8855 0.450912
98.8999 0.451298
98.9179 0.452011
98.9312 0.45251
98.948 0.453071
98.9636 0.453687
98.9804 0.454351
98.9948 0.454807
99.0117 0.455456
99.0285 0.456274
99.0441 0.457115
99.0573 0.457476
99.0742 0.458041
99.0898 0.458536
99.1066 0.459219
99.121 0.459817
99.139 0.46059
99.1535 0.461141
99.1691 0.461748
99.1847 0.46228
99.2015 0.46287
99.2159 0.463261
99.2328 0.463853
99.2496 0.464622
99.264 0.465294
99.2808 0.465882
99.2965 0.466522
99.3121 0.467207
99.3289 0.467931
99.3445 0.46869
99.3601 0.469353
99.3746 0.469809
99.3914 0.470458
99.407 0.471026
99.4214 0.471523
99.4382 0.472082
99.4503 0.472197
99.4647 0.472172
99.4791 0.472151
99.4959 0.472257
99.5103 0.472225
99.526 0.472197
99.5416 0.472297
99.5572 0.47251
99.5716 0.472571
99.586 0.4725
99.6029 0.472562
99.6185 0.472492
99.6317 0.472181
99.6449 0.471783
99.6557 0.47131
99.6677 0.470896
99.6822 0.470784
99.6954 0.470811
99.7122 0.47121
99.7266 0.471184
99.7434 0.471411
99.7579 0.471359
99.7711 0.471064
99.7867 0.470681
99.7999 0.469971
99.8143 0.469225
99.8264 0.468072
99.8528 0.468563
99.8696 0.466492
99.8876 0.464431
99.9057 0.462252
99.9237 0.460095
99.9429 0.457959
99.9597 0.455714
99.979 0.4535
99.9958 0.451187
