0.200158 0.2
0.40287 0.20025
0.41626 0.202219
0.435486 0.206316
0.454712 0.212277
0.473937 0.219867
0.604364 0.242884
0.620854 0.238898
0.636475 0.235661
0.654499 0.233328
0.673724 0.231912
0.69295 0.231298
0.712175 0.231636
0.731401 0.232557
0.750627 0.233987
0.805858 0.240364
0.822348 0.236693
0.836767 0.233232
0.853589 0.230578
0.871613 0.22888
0.889637 0.228145
0.908863 0.228252
0.926887 0.229096
0.946112 0.230709
0.965338 0.23287
0.98216 0.235386
1.00139 0.238463
1.02061 0.24203
1.03623 0.245776
1.05426 0.249929
1.07348 0.254563
1.09151 0.259618
1.10953 0.264916
1.12996 0.270676
1.14558 0.276592
1.1636 0.282893
1.17802 0.289281
1.19725 0.296371
1.21527 0.303825
1.2345 0.311846
1.25372 0.320241
1.27175 0.328961
1.29097 0.337966
1.30779 0.347095
1.32822 0.356708
1.34504 0.366244
1.36908 0.376714
1.3883 0.386875
1.41233 0.39789
1.42795 0.407904
1.45078 0.418541
1.4652 0.428348
1.48082 0.437805
1.49765 0.447079
1.52048 0.457069
1.5361 0.466436
1.55893 0.476381
1.58176 0.486459
1.60339 0.496151
1.613 0.503632
1.63343 0.511803
1.64184 0.518453
1.66347 0.526271
1.67428 0.532987
1.69831 0.541114
1.71033 0.548225
1.74037 0.557447
1.75118 0.565141
1.77161 0.573623
1.78002 0.58092
1.79444 0.588305
1.80766 0.594892
1.82689 0.601281
1.84611 0.606871
1.86413 0.611762
1.88456 0.616166
1.90259 0.619896
1.92181 0.623284
1.93863 0.625998
1.95906 0.628873
1.97588 0.630764
1.99992 0.633419
2.01794 0.634866
2.03957 0.636508
2.05519 0.636945
2.07802 0.638327
2.09364 0.638536
2.10926 0.638844
2.12729 0.639488
2.14771 0.640427
2.16213 0.640249
2.18737 0.641218
2.20899 0.641941
2.22942 0.642323
2.24144 0.641408
2.26066 0.641857
2.26907 0.64075
2.2907 0.641406
2.30152 0.640605
2.32795 0.641779
2.33757 0.641057
2.36761 0.642675
2.37842 0.641716
2.40005 0.642251
2.40606 0.64097
2.42288 0.640849
2.4385 0.640867
2.45652 0.641509
2.47575 0.64207
2.49377 0.642312
2.5142 0.642898
2.53222 0.64316
2.55145 0.643515
2.56947 0.643701
2.5899 0.644238
2.60672 0.644209
2.63076 0.645182
2.64878 0.645285
2.67041 0.645874
2.68483 0.64539
2.70766 0.645841
2.72328 0.645486
2.7389 0.64505
2.75692 0.644919
2.77735 0.645179
2.79177 0.644657
2.817 0.645575
2.83863 0.645878
2.85906 0.646143
2.87108 0.64525
2.8903 0.645344
2.89871 0.644051
2.91914 0.64442
2.93116 0.643617
2.95879 0.644915
2.96841 0.644051
2.99724 0.645669
3.00926 0.644836
3.03089 0.645356
3.0369 0.643937
3.05252 0.643945
3.06814 0.643826
3.09098 0.644473
3.93089 0.594164
3.94891 0.550769
3.96693 0.513297
3.98376 0.480885
4.00058 0.453025
4.0186 0.429147
4.03422 0.408628
4.04864 0.390675
4.06306 0.37509
4.07868 0.361704
4.0895 0.349616
4.10392 0.339164
4.11954 0.330269
4.13756 0.32186
4.15919 0.314502
4.19524 0.308315
4.21807 0.302025
4.2397 0.296397
4.26133 0.291348
4.28175 0.286554
4.29858 0.281735
4.3166 0.277643
4.33462 0.274063
4.34664 0.270305
4.35866 0.266392
4.37308 0.262718
4.3887 0.259378
4.40672 0.256581
4.42595 0.254383
4.44277 0.25246
4.45959 0.250778
4.47521 0.249181
4.49203 0.247783
4.50645 0.246185
4.52448 0.244912
4.5413 0.243798
4.55572 0.242448
4.57615 0.241767
4.59417 0.241296
4.61219 0.241009
4.63142 0.241008
4.64944 0.241132
4.66747 0.241366
4.68429 0.24157
4.70231 0.241874
4.72034 0.242264
4.73956 0.242856
4.75398 0.242999
4.77081 0.243124
4.78883 0.243359
4.80926 0.244064
4.82728 0.244806
4.8441 0.245455
4.86213 0.246148
4.88015 0.24688
4.89817 0.247645
4.9174 0.248564
4.93542 0.249494
4.95345 0.250432
4.97147 0.251378
4.98829 0.252206
5.00632 0.25318
5.02675 0.254408
5.04597 0.255732
5.064 0.257015
5.08202 0.258388
5.10004 0.259715
5.11927 0.261125
5.13609 0.26236
5.15412 0.263565
5.17214 0.264744
5.19016 0.265901
5.20819 0.267038
5.22861 0.268409
5.24664 0.269733
5.26466 0.271016
5.28149 0.272139
5.29951 0.273247
5.31873 0.274466
5.33796 0.275783
5.35719 0.27731
5.37521 0.278771
5.39323 0.280175
5.41126 0.281528
5.43169 0.283087
5.45091 0.284701
5.47134 0.286613
5.49177 0.288662
5.51099 0.290704
5.53142 0.292991
5.55185 0.295367
5.57468 0.298196
5.5939 0.300922
5.61433 0.303806
5.63596 0.306831
5.65398 0.309602
5.6708 0.312527
5.68642 0.315336
5.70325 0.318294
5.71887 0.321007
5.73088 0.323256
5.7465 0.325474
5.75972 0.32729
5.77414 0.329129
5.78856 0.330738
5.80298 0.33227
5.8162 0.333612
5.82941 0.334785
5.84263 0.335687
5.85465 0.336226
5.86907 0.336948
5.88829 0.337704
5.90992 0.338116
5.93035 0.338227
5.94957 0.337948
5.9712 0.33758
5.99403 0.337382
6.01807 0.337335
6.0409 0.337168
6.06373 0.337147
6.08295 0.336628
6.10098 0.3363
6.12261 0.336637
6.13823 0.336808
6.15745 0.337207
6.17427 0.337556
6.1935 0.338111
6.21152 0.338722
6.22955 0.339382
6.24877 0.340209
6.2668 0.341058
6.28482 0.341926
6.30164 0.342685
6.32087 0.343725
6.33889 0.344759
6.35812 0.346039
6.37734 0.347409
6.39537 0.348733
6.41459 0.350141
6.43262 0.351499
6.44944 0.352686
6.46746 0.353851
6.48669 0.355119
6.50471 0.356354
6.52274 0.35756
6.54196 0.358865
6.55999 0.360132
6.57681 0.36124
6.59844 0.362835
6.61406 0.364231
6.63329 0.365702
6.65131 0.367114
6.66933 0.368475
6.68736 0.369791
6.70538 0.371067
6.72461 0.372433
6.74143 0.373629
6.76186 0.375051
6.77748 0.376169
6.7955 0.377273
6.81353 0.378364
6.83275 0.379568
6.85198 0.380872
6.8712 0.382388
6.88923 0.38384
6.90725 0.38536
6.92407 0.38669
6.9421 0.387979
6.95892 0.388981
6.97935 0.390359
6.99617 0.391564
7.01419 0.392743
7.03222 0.3939
7.05144 0.395163
7.06947 0.396393
7.08869 0.397718
7.10672 0.399004
7.12474 0.400253
7.14156 0.401347
7.16079 0.402553
7.17881 0.403734
7.19924 0.405392
7.21726 0.406968
7.23769 0.408722
7.25932 0.410882
7.27734 0.412897
7.29897 0.41516
7.3206 0.417765
7.34223 0.420669
7.36145 0.42346
7.38429 0.426653
7.40471 0.429821
7.42394 0.432844
7.44076 0.435488
7.45398 0.437802
7.4672 0.439827
7.48282 0.441849
7.49964 0.443992
7.51286 0.445868
7.52367 0.447135
7.53809 0.448368
7.55131 0.449447
7.56453 0.450266
7.57654 0.450858
7.58976 0.451251
7.60057 0.451344
7.61379 0.451301
7.62941 0.451264
7.66666 0.450981
7.68709 0.450608
7.70631 0.449782
7.72794 0.448809
7.74957 0.447958
7.77 0.446838
7.79403 0.446234
7.81806 0.445829
7.84089 0.445476
7.86012 0.445166
7.87694 0.44477
7.89256 0.444299
7.91179 0.444137
7.92861 0.443995
7.94784 0.44412
7.96586 0.444355
7.98268 0.444561
8.00071 0.444866
8.01873 0.445258
8.03555 0.4456
8.05117 0.4459
8.068 0.446038
8.08602 0.446408
8.10284 0.446607
8.12207 0.447156
8.14009 0.447762
8.15812 0.448416
8.17374 0.448739
8.19416 0.449522
8.21099 0.450082
8.23021 0.450946
8.24824 0.451828
8.26626 0.452725
8.28428 0.453634
8.30351 0.45468
8.32273 0.455595
8.34076 0.45652
8.35758 0.457455
8.37561 0.458273
8.39243 0.458989
8.41406 0.459991
8.43208 0.460867
8.4489 0.461508
8.46813 0.46232
8.48615 0.46303
8.50297 0.463526
8.5186 0.463835
8.53662 0.464231
8.55344 0.464577
8.57147 0.465005
8.58949 0.465254
8.60872 0.465598
8.62434 0.465648
8.64116 0.465692
8.66038 0.46573
8.67841 0.465889
8.69763 0.466028
8.71566 0.466149
8.73248 0.466131
8.75171 0.466239
8.77093 0.466334
8.78896 0.466293
8.80818 0.466506
8.825 0.466693
8.84183 0.466606
8.85985 0.466655
8.87908 0.466449
8.8947 0.465892
8.91392 0.465656
8.93435 0.465699
8.95478 0.465987
8.974 0.466613
8.99203 0.467287
9.01005 0.468126
9.02687 0.468735
9.0461 0.469518
9.06532 0.470328
9.08455 0.471037
9.10137 0.471658
9.11699 0.47195
9.12781 0.471832
9.13862 0.471478
9.15064 0.470918
9.16626 0.470678
9.18188 0.470093
9.1975 0.469457
9.21192 0.468275
9.22994 0.467115
9.24436 0.465726
9.25998 0.463885
9.2756 0.46215
9.30685 0.460256
9.32607 0.458224
9.3465 0.456071
9.36572 0.453812
9.38615 0.451586
9.40898 0.449637
9.43061 0.447808
9.45224 0.446207
9.47507 0.444806
9.49309 0.44333
9.50992 0.441914
9.52794 0.4408
9.54596 0.43995
9.56279 0.439206
9.57961 0.43868
9.59883 0.43847
9.61686 0.438411
9.63368 0.43836
9.6505 0.438315
9.66853 0.438401
9.68415 0.438351
9.70217 0.438432
9.7202 0.438628
9.73942 0.439049
9.75504 0.439293
9.77307 0.439631
9.79229 0.440178
9.81152 0.440905
9.82834 0.441542
9.84636 0.442224
9.86319 0.442946
9.88241 0.443828
9.89923 0.4446
9.91726 0.4454
9.93648 0.44635
9.95451 0.447306
9.97373 0.448393
9.99056 0.449344
10.0074 0.450176
10.0266 0.451154
10.0434 0.452009
10.0615 0.452883
10.0795 0.453773
10.0963 0.454551
10.1143 0.455357
10.1311 0.456188
10.1492 0.457039
10.1648 0.457534
10.1828 0.458093
10.202 0.458706
10.2189 0.459118
10.2381 0.459853
10.2549 0.460121
10.2753 0.460606
10.291 0.46078
10.3078 0.460808
10.3234 0.460707
10.3426 0.460619
10.3606 0.460666
10.3787 0.460708
10.3979 0.460744
10.4147 0.460651
10.4327 0.460445
10.4484 0.460139
10.4664 0.459997
10.4856 0.459872
10.5024 0.459763
10.5193 0.459543
10.5385 0.459475
10.5553 0.459416
10.5745 0.459489
10.5914 0.459553
10.613 0.459984
10.6298 0.460361
10.6478 0.460816
10.8399 0.429464
10.8587 0.402156
11.05 0.378261
11.0681 0.357354
11.0863 0.339184
11.1033 0.323286
11.1196 0.309251
11.1361 0.296844
11.1534 0.285989
11.1706 0.27649
11.1878 0.268179
11.205 0.261031
11.2222 0.254653
11.2404 0.249196
11.2569 0.244296
11.2764 0.240384
11.292 0.236711
11.3112 0.233747
11.328 0.231154
11.3461 0.22901
11.3641 0.227259
11.3785 0.225226
11.3945 0.223323
11.4141 0.222033
11.4305 0.220779
11.4461 0.219431
11.4641 0.218377
11.4818 0.217455
11.4998 0.216773
11.5178 0.216302
11.5371 0.216139
11.5539 0.215872
11.5731 0.216013
11.5911 0.216261
11.6116 0.216728
11.6284 0.217387
11.6452 0.218339
11.6608 0.219297
11.6788 0.220759
11.6957 0.222415
11.7101 0.223988
11.7281 0.225739
11.7473 0.227772
11.7642 0.229925
11.781 0.231935
11.8002 0.234443
11.8182 0.237013
11.8375 0.239761
11.8543 0.242541
11.8735 0.245473
11.8915 0.248539
11.9108 0.251722
11.9276 0.254881
11.948 0.258396
11.966 0.261972
11.9841 0.2656
12.0045 0.2694
12.0225 0.273225
12.0405 0.277072
12.0574 0.280813
12.073 0.284211
12.0898 0.28756
12.1054 0.29074
12.121 0.293772
12.1415 0.295926
12.1643 0.29781
12.1835 0.298834
12.2039 0.299355
12.2232 0.299435
12.2436 0.299006
12.2628 0.29813
12.2821 0.296989
12.3025 0.29549
12.3193 0.293804
12.3349 0.291954
12.3541 0.290709
12.371 0.289371
12.3878 0.288199
12.4046 0.287049
12.4226 0.286168
12.4419 0.285522
12.4599 0.285082
12.4779 0.284697
12.4935 0.284235
12.514 0.28408
12.5332 0.28432
12.5512 0.28453
12.5692 0.284839
12.5885 0.285234
12.6053 0.28558
12.6245 0.286007
12.6437 0.286631
12.6606 0.287052
12.681 0.287796
12.7002 0.288696
12.7182 0.289609
12.7363 0.290408
12.7555 0.291357
12.7735 0.292188
12.7927 0.293164
12.812 0.294144
12.8312 0.295376
12.8492 0.296454
12.8672 0.297522
12.8877 0.298707
12.9045 0.299743
12.9237 0.300775
12.9405 0.301679
12.9586 0.302469
12.9778 0.30341
12.997 0.304484
13.015 0.305548
13.0343 0.306605
13.0523 0.307654
13.0715 0.308697
13.0895 0.309735
13.1076 0.310643
13.1256 0.311563
13.1436 0.312368
13.1652 0.313697
13.1845 0.314985
13.2025 0.316236
13.2205 0.317332
13.2409 0.318665
13.259 0.319957
13.2782 0.321338
13.2962 0.32267
13.313 0.323712
13.3335 0.324998
13.3515 0.326123
13.3707 0.327358
13.3875 0.328313
13.4067 0.329399
13.4248 0.330349
13.444 0.33143
13.462 0.332502
13.48 0.333564
13.4981 0.334493
13.5197 0.335807
13.5377 0.336956
13.5557 0.338086
13.575 0.339201
13.5918 0.340175
13.6134 0.341529
13.6326 0.342962
13.6531 0.344592
13.6711 0.346143
13.6903 0.347625
13.712 0.349422
13.7276 0.350994
13.7444 0.352745
13.7636 0.354902
13.7804 0.357164
13.7973 0.359519
13.8165 0.362204
13.8345 0.365053
13.8501 0.367797
13.867 0.370447
13.8826 0.373016
13.8982 0.375514
13.915 0.378075
13.9306 0.380441
13.9475 0.382885
13.9631 0.385275
13.9847 0.38824
14.0075 0.39071
14.0304 0.392872
14.0496 0.394263
14.0712 0.39523
14.0929 0.395826
14.1157 0.396348
14.1397 0.396804
14.1626 0.397204
14.183 0.397178
14.2022 0.397031
14.2178 0.396652
14.2359 0.396321
14.2539 0.396156
14.2719 0.396011
14.2911 0.39626
14.3092 0.396477
14.3272 0.396793
14.3452 0.397069
14.3632 0.397435
14.38 0.397631
14.3993 0.398052
14.4161 0.398295
14.4353 0.398758
14.4533 0.399164
14.4702 0.399518
14.4882 0.399828
14.5062 0.400225
14.5254 0.400697
14.5435 0.401235
14.5615 0.401705
14.5795 0.402242
14.5987 0.402837
14.6168 0.403482
14.636 0.404172
14.654 0.405025
14.6744 0.406022
14.6937 0.407145
14.7117 0.408126
14.7321 0.409486
14.7489 0.410425
14.7682 0.411622
14.7874 0.412794
14.8078 0.414195
14.8258 0.41542
14.8451 0.416868
14.8643 0.418259
14.8823 0.419602
14.9015 0.420902
14.9196 0.422164
14.94 0.423519
14.958 0.424954
14.9772 0.426334
14.9953 0.427668
15.0145 0.428959
15.0337 0.430339
15.0541 0.431922
15.0734 0.433557
15.0926 0.435237
15.1094 0.436582
15.1286 0.43801
15.1467 0.439258
15.1659 0.440601
15.1851 0.442026
15.2043 0.443523
15.2236 0.444957
15.2404 0.446213
15.2608 0.447561
15.2788 0.448866
15.2993 0.450383
15.3173 0.451835
15.3377 0.453356
15.3557 0.454811
15.3738 0.456085
15.393 0.457449
15.4122 0.458893
15.4326 0.460531
15.4519 0.46209
15.4723 0.463954
15.4903 0.465584
15.5108 0.467386
15.5312 0.469338
15.548 0.471046
15.5672 0.472665
15.5852 0.474207
15.6057 0.475806
15.6237 0.47733
15.6429 0.478789
15.661 0.480565
15.673 0.48187
15.6874 0.483136
15.703 0.484494
15.7186 0.485807
15.7342 0.487206
15.7499 0.488556
15.7655 0.489986
15.7811 0.491488
15.8003 0.492677
15.8172 0.493592
15.8376 0.494393
15.8532 0.494844
15.8905 0.495239
15.9121 0.495334
15.9313 0.494917
15.9541 0.494552
15.977 0.493983
15.9998 0.493485
16.0238 0.493175
16.0467 0.492778
16.0695 0.492431
16.0911 0.492002
16.1103 0.491377
16.1284 0.490955
16.1476 0.49071
16.1644 0.490496
16.1812 0.490184
16.1981 0.489911
16.2173 0.489797
16.2365 0.489823
16.2533 0.48972
16.2702 0.489505
16.2906 0.489567
16.3074 0.489496
16.3254 0.489559
16.3423 0.489489
16.3615 0.489553
16.3807 0.489734
16.3963 0.489642
16.4144 0.489562
16.4336 0.489617
16.4504 0.48954
16.4672 0.489472
16.4864 0.489538
16.5033 0.489471
16.5249 0.489787
16.5477 0.490064
16.5694 0.490181
16.5874 0.489783
16.6078 0.48956
16.6246 0.48924
16.6427 0.488835
16.6619 0.488606
16.6823 0.48878
16.6991 0.488808
16.716 0.488582
16.7352 0.488759
16.752 0.488789
16.7724 0.489065
16.7905 0.489307
16.8085 0.489519
16.8265 0.489704
16.8457 0.489991
16.865 0.490492
16.883 0.490806
16.9022 0.49133
16.9214 0.491914
16.9395 0.492424
16.9587 0.492996
16.9779 0.493747
16.9959 0.494403
17.0164 0.495353
17.0392 0.496684
17.062 0.497848
17.08 0.498367
17.1029 0.499321
17.1233 0.500281
17.1413 0.501121
17.1605 0.501981
17.181 0.502983
17.199 0.503485
17.2182 0.504175
17.2362 0.504903
17.2555 0.505665
17.2735 0.506332
17.2927 0.506915
17.3119 0.507551
17.3288 0.507982
17.3492 0.508734
17.3696 0.509518
17.3876 0.510078
17.4081 0.510943
17.4273 0.511575
17.4441 0.511878
17.4621 0.512144
17.4802 0.512251
17.4934 0.511719
17.5102 0.511629
17.5234 0.511426
17.5427 0.511872
17.5655 0.512763
17.5847 0.513043
17.6051 0.513663
17.6244 0.513705
17.6412 0.513367
17.6592 0.513071
17.6796 0.512937
17.7145 0.51457
17.7349 0.513249
17.7577 0.512093
17.7794 0.510831
17.801 0.509477
17.825 0.508292
17.8479 0.507006
17.8719 0.50588
17.8947 0.504895
17.9176 0.503908
17.9368 0.502795
17.9536 0.501695
17.9716 0.500733
17.9884 0.499767
18.0077 0.499046
18.0257 0.49854
18.0425 0.497973
18.0605 0.497476
18.0798 0.497167
18.099 0.497021
18.117 0.497018
18.1314 0.496516
18.1507 0.496326
18.1675 0.496036
18.1867 0.495906
18.2071 0.496168
18.2264 0.496522
18.242 0.496457
18.26 0.496525
18.2792 0.496709
18.2997 0.497245
18.3189 0.49784
18.3405 0.49886
18.3633 0.499877
18.385 0.500393
18.4066 0.500719
18.4246 0.500379
18.4439 0.500081
18.4595 0.499571
18.4799 0.499375
18.4943 0.498828
18.5123 0.498349
18.5304 0.497931
18.5484 0.497689
18.5664 0.497478
18.5844 0.497293
18.6037 0.497132
18.6205 0.496865
18.6385 0.496632
18.6565 0.496428
18.6758 0.496375
18.695 0.496453
18.713 0.496521
18.7322 0.496581
18.7491 0.496508
18.7683 0.49657
18.7887 0.496999
18.8103 0.497624
18.8332 0.498671
18.856 0.499712
18.8752 0.500123
18.8981 0.500733
18.9173 0.500891
18.9377 0.50128
18.9557 0.501495
18.9774 0.502183
18.9942 0.50266
19.0122 0.503077
19.0314 0.503568
19.0507 0.504122
19.0687 0.504607
19.0879 0.505156
19.1047 0.505511
19.1228 0.505947
19.1432 0.506704
19.16 0.507241
19.1756 0.507336
19.1937 0.507419
19.2117 0.507492
19.2273 0.507305
19.2453 0.506892
19.2621 0.506405
19.2838 0.506355
19.2982 0.505935
19.3126 0.505443
19.327 0.505138
19.3499 0.505621
19.3655 0.505168
19.3895 0.505397
19.4099 0.505223
19.4292 0.505195
19.446 0.50467
19.4664 0.504587
19.4844 0.504013
19.5193 0.505762
19.5385 0.504416
19.5613 0.503114
19.583 0.501725
19.607 0.500634
19.6298 0.49943
19.6503 0.498001
19.6719 0.496376
19.6947 0.494704
19.7176 0.493116
19.7332 0.491102
19.7536 0.489589
19.7716 0.48814
19.7896 0.486873
19.8065 0.485639
19.8257 0.484684
19.8449 0.483848
19.8666 0.483617
19.887 0.483665
19.905 0.483832
19.923 0.483853
19.9423 0.483996
19.9603 0.484122
19.9807 0.484482
19.9987 0.484671
20.018 0.484962
20.0372 0.485467
20.0576 0.486159
20.072 0.486389
20.0912 0.48659
20.1105 0.486892
20.1285 0.487155
20.1477 0.487511
20.167 0.487822
20.1862 0.488344
20.209 0.488801
20.227 0.489201
20.2463 0.489551
20.2643 0.489857
20.2835 0.49025
20.3003 0.490469
20.3196 0.490785
20.34 0.491187
20.3604 0.491539
20.3808 0.491846
20.3977 0.491865
20.4181 0.492257
20.4349 0.492225
20.4529 0.492197
20.4734 0.492297
20.489 0.49201
20.5094 0.492009
20.5274 0.491758
20.5479 0.491538
20.5671 0.491596
20.5851 0.491521
20.6007 0.491081
20.6163 0.490446
20.6356 0.490015
20.6548 0.489638
20.6764 0.489684
20.6981 0.489598
20.7173 0.489648
20.7377 0.489817
20.7557 0.489965
20.7738 0.48997
20.7942 0.490348
20.811 0.490555
20.8314 0.490735
20.8519 0.490768
20.8723 0.490922
20.8903 0.490932
20.9095 0.490941
20.9288 0.491073
20.948 0.491314
20.9636 0.49115
20.9828 0.491131
20.9997 0.49099
21.0177 0.490741
21.0381 0.490773
21.0561 0.490552
21.0754 0.490483
21.0922 0.490297
21.1066 0.49001
21.1222 0.490009
21.1378 0.490008
21.1535 0.490257
21.1715 0.49085
21.1919 0.491118
21.2111 0.491479
21.2328 0.491919
21.2496 0.492179
21.2676 0.492407
21.2892 0.492731
21.3061 0.493014
21.3469 0.493263
21.3698 0.49323
21.3902 0.492826
21.4142 0.492473
21.437 0.491914
21.4599 0.491175
21.4827 0.490403
21.5055 0.489477
21.526 0.488168
21.5428 0.486522
21.562 0.485332
21.58 0.484165
21.5993 0.483269
21.6185 0.482486
21.6389 0.48205
21.6557 0.481419
21.6762 0.481116
21.6942 0.480727
21.7134 0.480511
21.7326 0.480322
21.7531 0.480407
21.7735 0.480606
21.7915 0.48078
21.8107 0.480933
21.8324 0.481441
21.8504 0.481761
21.8732 0.482666
21.8912 0.483333
21.9105 0.483916
21.9321 0.484927
21.9513 0.485811
21.9706 0.486584
21.9862 0.486886
21.9994 0.486526
22.015 0.48571
22.2009 0.505746
22.2269 0.468903
22.4117 0.436665
22.4308 0.408457
22.4495 0.383775
22.4682 0.362178
22.4877 0.343406
22.5081 0.32723
22.5244 0.312701
22.5444 0.300114
22.562 0.288974
22.5807 0.279228
22.6006 0.270824
22.6181 0.263471
22.6369 0.256912
22.6564 0.251298
22.6743 0.246261
22.6952 0.242228
22.7156 0.238825
22.736 0.236097
22.754 0.233585
22.7733 0.231512
22.7877 0.229073
22.8055 0.226814
22.8247 0.224837
22.8432 0.223232
22.8632 0.221953
22.8808 0.220584
22.8996 0.219386
22.9204 0.218713
22.9408 0.218249
22.9588 0.217718
22.9804 0.217753
22.9997 0.217784
23.0189 0.217811
23.0393 0.218084
23.0597 0.218574
23.0766 0.218752
23.0922 0.218533
23.1066 0.217716
23.1294 0.217627
23.1487 0.217549
23.1703 0.217855
23.1907 0.218248
23.2123 0.219092
23.2328 0.219956
23.2496 0.220461
23.2676 0.221278
23.288 0.222744
23.3061 0.224401
23.3253 0.226351
23.3433 0.228432
23.3613 0.230628
23.3794 0.232924
23.3974 0.235309
23.4154 0.23777
23.437 0.240799
23.4563 0.243949
23.4755 0.247205
23.4959 0.25068
23.5151 0.254345
23.5344 0.258052
23.5572 0.262295
23.5752 0.266383
23.5969 0.27071
23.6173 0.275247
23.6365 0.279716
23.6569 0.284251
23.6762 0.288845
23.6918 0.292864
23.7098 0.296756
23.7254 0.300412
23.7422 0.30386
23.7591 0.306503
23.7795 0.30819
23.8011 0.309291
23.8191 0.30938
23.842 0.309082
23.8612 0.308197
23.8828 0.306922
23.9057 0.305557
23.9297 0.304237
23.9501 0.302958
23.9693 0.301838
23.991 0.301108
24.009 0.300595
24.0318 0.30052
24.0499 0.30033
24.0691 0.300289
24.0907 0.300628
24.1111 0.301174
24.1304 0.301653
24.152 0.302321
24.1712 0.303156
24.1916 0.304011
24.2121 0.30501
24.2325 0.306134
24.2517 0.307117
24.2709 0.307977
24.2938 0.30923
24.3118 0.310326
24.3334 0.311661
24.3539 0.312953
24.3731 0.314209
24.3923 0.315433
24.4139 0.316754
24.4332 0.318034
24.4536 0.31928
24.4752 0.32087
24.4944 0.322261
24.5137 0.323479
24.5329 0.324544
24.5545 0.325976
24.575 0.327354
24.5942 0.328685
24.6158 0.330224
24.6374 0.331946
24.6555 0.333328
24.6783 0.335037
24.6975 0.336657
24.7155 0.33795
24.7372 0.339456
24.7576 0.340899
24.7768 0.342287
24.7972 0.343751
24.8177 0.345157
24.8369 0.346387
24.8573 0.347839
24.879 0.349359
24.8982 0.350814
24.9186 0.352212
24.9402 0.353936
24.9583 0.355319
24.9799 0.356779
25.0003 0.358307
25.0207 0.359893
25.04 0.361282
25.0592 0.362621
25.0796 0.363919
25.1001 0.365429
25.1205 0.366875
25.1409 0.368266
25.1613 0.369733
25.1806 0.371016
25.201 0.372389
25.2214 0.37384
25.2418 0.375235
25.2623 0.376706
25.2839 0.378368
25.3055 0.380197
25.3272 0.382172
25.3488 0.384151
25.374 0.386882
25.3932 0.389272
25.4125 0.391863
25.4305 0.394505
25.4485 0.397192
25.4701 0.400418
25.4894 0.403741
25.5074 0.407023
25.5302 0.410895
25.5458 0.414283
25.5627 0.417498
25.5807 0.420686
25.5975 0.423725
25.6143 0.426634
25.6312 0.42943
25.648 0.432001
25.672 0.434876
25.6948 0.437017
25.7153 0.438389
25.7357 0.438966
25.7549 0.43872
25.779 0.43838
25.7994 0.437458
25.8222 0.4364
25.8438 0.434975
25.8619 0.433353
25.8799 0.431809
25.8979 0.430333
25.9171 0.429166
25.9376 0.428396
25.9568 0.427721
25.9772 0.427381
25.9976 0.427208
26.0169 0.427057
26.0361 0.427175
26.0577 0.427528
26.0758 0.427712
26.0962 0.428123
26.1154 0.428608
26.1346 0.429032
26.1551 0.429653
26.1743 0.430196
26.1947 0.430922
26.2151 0.431807
26.2356 0.432706
26.256 0.433617
26.2752 0.43454
26.2956 0.435598
26.3149 0.436523
26.3365 0.437708
26.3545 0.438619
26.375 0.439667
26.3954 0.440833
26.4146 0.441854
26.4338 0.442747
26.4543 0.443904
26.4723 0.444791
26.4927 0.445692
26.5131 0.446731
26.5336 0.447889
26.5516 0.448778
26.5744 0.450056
26.5924 0.451049
26.6117 0.451918
26.6333 0.453178
26.6525 0.454281
26.6717 0.455246
26.6934 0.456465
26.7114 0.457532
26.7318 0.45859
26.7523 0.459767
26.7715 0.460796
26.7895 0.461696
26.8087 0.462484
26.8304 0.463549
26.8496 0.46448
26.8688 0.46542
26.8892 0.466493
26.9097 0.467556
26.9277 0.468362
26.9481 0.469316
26.9685 0.470402
26.9878 0.471352
27.0082 0.472433
27.0274 0.473379
27.0454 0.474206
27.0671 0.475305
27.0863 0.476267
27.1079 0.477234
27.1296 0.47833
27.15 0.479413
27.1716 0.480612
27.192 0.48166
27.2149 0.482953
27.2353 0.484209
27.2557 0.485308
27.2749 0.486269
27.2978 0.487485
27.317 0.488925
27.3326 0.490059
27.3494 0.491177
27.3651 0.49228
27.3819 0.493245
27.4011 0.494589
27.4167 0.49514
27.4372 0.495998
27.454 0.496248
27.472 0.496217
27.49 0.496065
27.5165 0.496557
27.5393 0.494612
27.5597 0.492161
27.5814 0.489516
27.6054 0.486951
27.6258 0.483832
27.651 0.481103
27.6739 0.478215
27.6991 0.475688
27.7219 0.472977
27.7424 0.47073
27.7616 0.468764
27.782 0.467168
27.8 0.465522
27.8205 0.464207
27.8397 0.462931
27.8613 0.46219
27.8806 0.461416
27.9022 0.460989
27.9202 0.46049
27.937 0.459679
27.9587 0.459219
27.9779 0.458692
27.9983 0.458355
28.0175 0.458061
28.038 0.457803
28.0584 0.457703
28.0788 0.45774
28.0992 0.457898
28.1185 0.458035
28.1401 0.458406
28.1593 0.458605
28.181 0.45903
28.2002 0.459401
28.2218 0.459976
28.241 0.460479
28.2615 0.460919
28.2819 0.461429
28.3011 0.461875
28.3227 0.462516
28.3432 0.463201
28.3636 0.463801
28.3816 0.464201
28.4008 0.464426
28.4213 0.464873
28.4429 0.465389
28.4609 0.46559
28.4826 0.466141
28.5018 0.466499
28.521 0.466936
28.5438 0.467569
28.5619 0.467873
28.5835 0.468514
28.6015 0.468825
28.6243 0.469472
28.6436 0.470038
28.664 0.470533
28.6844 0.471216
28.7037 0.471689
28.7241 0.472228
28.7445 0.472825
28.7649 0.473347
28.783 0.473678
28.8034 0.474093
28.8238 0.474457
28.8442 0.475025
28.8647 0.475522
28.8851 0.476206
28.9043 0.476681
28.9247 0.477096
28.9464 0.477834
28.9656 0.478354
28.9884 0.47931
29.0089 0.480146
29.0293 0.481003
29.0509 0.482003
29.0665 0.482377
29.0882 0.482955
29.1074 0.483461
29.1242 0.483778
29.141 0.484306
29.1591 0.485018
29.1735 0.48539
29.1891 0.485717
29.2047 0.486002
29.2203 0.486252
29.2396 0.486345
29.2552 0.485927
29.2768 0.485936
29.2948 0.485569
29.3297 0.487123
29.3501 0.485358
29.3741 0.483563
29.3958 0.481243
29.4222 0.479337
29.4426 0.47692
29.4655 0.47443
29.4895 0.472001
29.5159 0.469876
29.5328 0.467267
29.5532 0.465108
29.5712 0.463095
29.5904 0.461208
29.6073 0.459182
29.6265 0.457409
29.6445 0.455608
29.6649 0.454157
29.6842 0.452887
29.7022 0.451526
29.7238 0.450586
29.743 0.449762
29.7635 0.449167
29.7851 0.448896
29.8031 0.448409
29.8235 0.448108
29.8452 0.448095
29.8644 0.448083
29.8872 0.448447
29.9053 0.448516
29.9269 0.448827
29.9461 0.449099
29.9677 0.449586
29.9882 0.450138
30.0086 0.450621
30.029 0.451293
30.0482 0.451756
30.0699 0.452287
30.0891 0.452876
30.1095 0.453392
30.13 0.453968
30.1504 0.454597
30.1708 0.455147
30.1924 0.456004
30.2117 0.456628
30.2333 0.45755
30.2525 0.458231
30.2729 0.458827
30.2946 0.459724
30.3126 0.460258
30.3342 0.461101
30.3546 0.461838
30.3751 0.462609
30.3943 0.463282
30.4147 0.463872
30.4364 0.464763
30.4556 0.465418
30.476 0.466116
30.4964 0.466851
30.5169 0.467495
30.5385 0.468308
30.5565 0.468894
30.5793 0.469783
30.5974 0.470435
30.619 0.471255
30.6406 0.472098
30.6599 0.472836
30.6815 0.473732
30.6983 0.474265
30.7199 0.474857
30.7404 0.4755
30.7596 0.476062
30.7812 0.476805
30.8004 0.477454
30.8197 0.477897
30.8401 0.47841
30.8593 0.478859
30.8785 0.479127
30.8966 0.479236
30.9122 0.479331
30.9254 0.47904
30.9422 0.47891
30.9579 0.478796
30.9747 0.478822
30.9891 0.478719
31.0083 0.479129
31.0275 0.479363
31.0492 0.480068
31.0684 0.480184
31.0876 0.480411
31.1225 0.48236
31.1453 0.48119
31.1717 0.480041
31.1934 0.478536
31.2162 0.476844
31.2426 0.475363
31.2631 0.473443
31.2859 0.471263
31.3111 0.469355
31.3291 0.46706
31.3472 0.464803
31.3664 0.462703
31.3832 0.460615
31.4024 0.458663
31.4205 0.45683
31.4373 0.454851
31.4553 0.452995
31.4757 0.45137
31.495 0.449824
31.5154 0.448721
31.537 0.448006
31.555 0.447255
31.5767 0.446723
31.5947 0.446133
31.6163 0.445866
31.638 0.445883
31.656 0.445648
31.6776 0.445692
31.6992 0.446105
31.7185 0.446342
31.7389 0.446674
31.7593 0.44709
31.7785 0.447454
31.8014 0.448147
31.8194 0.448504
31.8398 0.448941
31.8615 0.449573
31.8807 0.450126
31.9023 0.450861
31.9227 0.451628
31.942 0.452175
31.9636 0.453028
31.984 0.453899
32.0032 0.454537
32.0237 0.45522
32.0417 0.455567
32.0633 0.456246
32.085 0.456966
32.103 0.45747
32.1246 0.458161
32.1462 0.459016
32.1655 0.459764
32.1859 0.460419
32.2063 0.461241
32.2267 0.461961
32.2472 0.462841
32.2676 0.463611
32.2868 0.464284
32.3097 0.465249
32.3289 0.465968
32.3505 0.466972
32.3709 0.46785
32.3914 0.468869
32.4118 0.46976
32.4322 0.47079
32.4526 0.471692
32.4743 0.47273
32.4959 0.473889
32.5163 0.475028
32.5356 0.476024
32.5548 0.476771
32.5728 0.4773
32.5932 0.477887
32.6125 0.478401
32.6341 0.479101
32.6497 0.479089
32.6689 0.479078
32.687 0.478818
32.7038 0.478841
32.7182 0.478736
32.735 0.478769
32.7506 0.478798
32.7651 0.478698
32.7831 0.478861
32.7987 0.479003
32.8203 0.479628
32.842 0.480049
32.86 0.480168
32.8828 0.480522
32.9213 0.483207
32.9477 0.483056
32.9705 0.482549
32.9958 0.48198
33.0198 0.481233
33.0438 0.480204
33.0667 0.478928
33.0919 0.477687
33.1135 0.476101
33.1327 0.473839
33.152 0.471859
33.1676 0.469626
33.1856 0.467423
33.2036 0.46537
33.2217 0.463324
33.2409 0.461533
33.2601 0.459967
33.2781 0.458471
33.2974 0.457037
33.3178 0.455907
33.337 0.454919
33.3562 0.453929
33.3731 0.452813
33.3899 0.451336
33.4031 0.449419
33.4163 0.446867
33.4307 0.444009
33.444 0.440632
33.4572 0.436928
33.4716 0.433062
33.4848 0.428805
33.4992 0.424579
33.5125 0.420007
33.7007 0.437131
33.7237 0.408864
33.912 0.384256
33.9316 0.362599
33.9528 0.343899
33.9727 0.327537
33.9932 0.31347
34.0098 0.300661
34.0294 0.289453
34.0491 0.279772
34.0688 0.271175
34.0881 0.263778
34.1087 0.257306
34.1278 0.251643
34.1468 0.246562
34.1668 0.242117
34.1872 0.238478
34.2088 0.235418
34.2293 0.232991
34.2485 0.230742
34.2651 0.228524
34.2854 0.226584
34.3045 0.224886
34.3228 0.22315
34.3433 0.221756
34.3628 0.220537
34.3847 0.21972
34.4039 0.219005
34.4255 0.218629
34.4448 0.2183
34.4652 0.218138
34.4856 0.217996
34.5061 0.218121
34.5265 0.218231
34.5457 0.218327
34.5613 0.217911
34.5771 0.217172
34.5983 0.216651
34.6188 0.216319
34.6392 0.216155
34.6584 0.215885
34.6825 0.216275
34.7017 0.21649
34.7221 0.216929
34.7425 0.217313
34.7618 0.217649
34.7834 0.218193
34.8026 0.218544
34.823 0.219101
34.8447 0.219713
34.8651 0.220499
34.8855 0.221187
34.906 0.221913
34.9264 0.222674
34.9468 0.223465
34.9684 0.224407
34.9901 0.225481
35.0117 0.226671
35.0333 0.227962
35.0562 0.229592
35.0778 0.231143
35.0994 0.232875
35.1222 0.234766
35.1463 0.23692
35.1667 0.23893
35.1883 0.240939
35.2064 0.243071
35.2244 0.245187
35.2436 0.247414
35.2616 0.249737
35.2821 0.252395
35.2989 0.254721
35.3157 0.257006
35.3337 0.259255
35.3505 0.261473
35.3686 0.263664
35.3878 0.265956
35.4082 0.268711
35.4238 0.270997
35.4431 0.273498
35.4623 0.276186
35.4791 0.278662
35.5092 0.281955
35.5356 0.284835
35.5632 0.287606
35.5885 0.289905
35.6149 0.291917
35.6401 0.293677
35.663 0.294718
35.6858 0.295253
35.7086 0.295221
35.7266 0.295069
35.7471 0.295185
35.7663 0.295162
35.7855 0.295142
35.8048 0.295124
35.824 0.294984
35.8432 0.294986
35.866 0.295487
35.8853 0.295801
35.9057 0.296201
35.9285 0.297051
35.9477 0.297795
35.9706 0.29882
35.991 0.299968
36.0126 0.301222
36.0331 0.302444
36.0535 0.303639
36.0763 0.305184
36.0979 0.306661
36.1196 0.308328
36.14 0.309912
36.1616 0.311673
36.1821 0.313339
36.2049 0.315172
36.2253 0.317025
36.2481 0.319022
36.2662 0.320644
36.289 0.322439
36.3106 0.324259
36.3311 0.326102
36.3527 0.327964
36.3755 0.330093
36.3947 0.331832
36.4164 0.333728
36.4368 0.335512
36.4608 0.337573
36.4813 0.339626
36.5017 0.341548
36.5233 0.343479
36.5437 0.345294
36.5654 0.347258
36.587 0.349225
36.6086 0.351197
36.6278 0.352923
36.6507 0.354932
36.6711 0.356816
36.6951 0.359089
36.7156 0.361203
36.7384 0.363427
36.7588 0.365499
36.7793 0.367562
36.8021 0.369866
36.8249 0.372133
36.8465 0.374491
36.8694 0.377055
36.8898 0.379298
36.9126 0.381761
36.9367 0.384541
36.9571 0.387098
36.9811 0.389961
37.0027 0.392716
37.0232 0.395376
37.0472 0.398204
37.0688 0.400929
37.0893 0.403563
37.1109 0.405992
37.1325 0.408493
37.1517 0.410682
37.1734 0.412846
37.195 0.415116
37.2166 0.417351
37.2347 0.419182
37.2551 0.421409
37.2731 0.423733
37.2911 0.426017
37.3104 0.428515
37.3296 0.431075
37.3464 0.433566
37.3668 0.436245
37.3861 0.439214
37.4041 0.442188
37.4245 0.445289
37.4413 0.448253
37.4618 0.451346
37.481 0.454553
37.5014 0.457984
37.5266 0.461611
37.5543 0.465035
37.5819 0.468155
37.6035 0.470511
37.6288 0.472447
37.6504 0.473641
37.6744 0.474436
37.6985 0.475006
37.7237 0.475381
37.7429 0.475208
37.7634 0.475307
37.7826 0.475394
37.8006 0.475219
37.821 0.475317
37.8415 0.475527
37.8595 0.475586
37.8811 0.475888
37.9015 0.476277
37.9232 0.476993
37.9436 0.477618
37.964 0.478416
37.9845 0.479239
38.0037 0.479834
38.0241 0.480605
38.0445 0.481404
38.0662 0.482479
38.0854 0.483294
38.1058 0.484132
38.1286 0.485366
38.1491 0.48657
38.1707 0.487874
38.1911 0.489265
38.214 0.490731
38.2368 0.492265
38.2596 0.494107
38.2788 0.495469
38.2993 0.49691
38.3197 0.498296
38.3413 0.499884
38.3618 0.501149
38.381 0.502255
38.4026 0.503473
38.4242 0.504664
38.4447 0.505581
38.4663 0.506508
38.4879 0.507445
38.5072 0.508139
38.5264 0.508747
38.548 0.509528
38.5684 0.510087
38.5877 0.510326
38.6105 0.510911
38.6309 0.511422
38.6513 0.511619
38.6742 0.512167
38.6958 0.512521
38.7186 0.513206
38.7427 0.51393
38.7643 0.514439
38.7835 0.514384
38.8051 0.514711
38.8256 0.514997
38.846 0.515247
38.8676 0.515467
38.8833 0.515033
38.9037 0.514779
38.9265 0.514682
38.9469 0.514471
38.9698 0.514538
38.9926 0.514845
39.0094 0.51449
39.0286 0.514178
39.0491 0.514031
39.0695 0.513777
39.0875 0.51318
39.1104 0.513158
39.1284 0.512763
39.1452 0.512668
39.1608 0.512459
39.18 0.512902
39.2029 0.513914
39.2269 0.51505
39.2509 0.516169
39.2738 0.517022
39.293 0.517395
39.3134 0.51797
39.3327 0.518224
39.3675 0.520196
39.3891 0.518797
39.4108 0.516947
39.4324 0.514954
39.454 0.512709
39.4732 0.509871
39.4973 0.507137
39.5201 0.504495
39.5441 0.501933
39.5634 0.499191
39.5814 0.496667
39.6006 0.494459
39.6198 0.492402
39.6403 0.490851
39.6607 0.48962
39.6811 0.488792
39.7027 0.488193
39.7208 0.487544
39.7424 0.487351
39.7628 0.487182
39.7833 0.487285
39.8049 0.487624
39.8253 0.488046
39.8469 0.488665
39.8662 0.489332
39.889 0.490291
39.9106 0.491379
39.9298 0.492332
39.9515 0.49354
39.9707 0.494473
39.9923 0.495664
40.0152 0.497206
40.0404 0.49893
40.0608 0.499939
40.0824 0.501071
40.1017 0.502062
40.1209 0.50293
40.1401 0.503813
40.1618 0.504712
40.1822 0.505623
40.205 0.506795
40.223 0.507321
40.2447 0.508031
40.2663 0.508777
40.2855 0.509305
40.3071 0.510017
40.3276 0.510389
40.3492 0.510966
40.3684 0.511095
40.3901 0.511583
40.4129 0.511885
40.4333 0.512025
40.4706 0.514397
40.491 0.513847
40.5114 0.513241
40.5355 0.512836
40.5547 0.511731
40.5763 0.511015
40.5919 0.509513
40.6124 0.508324
40.6316 0.507034
40.652 0.506029
40.6724 0.505151
40.6929 0.504257
40.7121 0.50335
40.7325 0.502556
40.7553 0.502237
40.7722 0.501457
40.7938 0.5009
40.8166 0.500662
40.8359 0.50033
40.8563 0.499913
40.8767 0.499549
40.8983 0.499356
40.9176 0.498686
40.9344 0.497975
40.9572 0.498228
40.98 0.4987
40.9993 0.498862
41.0245 0.49963
41.0461 0.500051
41.0678 0.50067
41.0846 0.500586
41.1038 0.500888
41.1206 0.500777
41.1543 0.502555
41.1759 0.500985
41.1999 0.499112
41.2216 0.496848
41.2444 0.494367
41.2672 0.491696
41.2901 0.488859
41.3165 0.486252
41.3417 0.48372
41.361 0.48088
41.3838 0.47877
41.4054 0.477049
41.4246 0.475418
41.4463 0.474241
41.4667 0.473086
41.4871 0.4722
41.5075 0.471425
41.528 0.470622
41.5496 0.470169
41.5688 0.469648
41.5905 0.469317
41.6145 0.469527
41.6361 0.469961
41.6565 0.470341
41.6782 0.470799
41.6986 0.471199
41.719 0.471674
41.7407 0.47209
41.7635 0.472828
41.7851 0.473725
41.8055 0.474384
41.8284 0.475336
41.8524 0.476669
41.8716 0.477586
41.8945 0.478762
41.9161 0.480042
41.9365 0.481037
41.9581 0.482157
41.981 0.483388
42.0026 0.484589
42.0242 0.48589
42.0447 0.487029
42.0651 0.488026
42.0867 0.489022
42.1095 0.49027
42.13 0.491236
42.1516 0.492331
42.172 0.493415
42.1925 0.494238
42.2141 0.495208
42.2321 0.495807
42.2537 0.496331
42.2754 0.49704
42.2958 0.49741
42.315 0.497734
42.3403 0.498267
42.3571 0.497859
42.3787 0.497626
42.4003 0.497423
42.4196 0.49687
42.44 0.496386
42.464 0.496338
42.4856 0.496046
42.5061 0.49579
42.5265 0.495316
42.5481 0.495152
42.571 0.495133
42.5926 0.495241
42.6154 0.495336
42.6358 0.495294
42.6563 0.495257
42.6755 0.494975
42.6983 0.495103
42.72 0.49509
42.7368 0.494954
42.7548 0.495085
42.7728 0.495324
42.7909 0.495784
42.8089 0.496436
42.8353 0.498381
42.8521 0.499084
42.875 0.500323
42.893 0.501033
42.9158 0.500404
42.9338 0.499603
42.9711 0.497903
42.9915 0.495415
43.0156 0.492738
43.0396 0.489896
43.066 0.487284
43.0889 0.484248
43.1141 0.481342
43.1393 0.478425
43.1634 0.475371
43.1838 0.472575
43.2054 0.470128
43.2258 0.467862
43.2475 0.466004
43.2691 0.464504
43.2895 0.463066
43.3099 0.461683
43.3316 0.460597
43.3532 0.459773
43.3736 0.458926
43.3917 0.45781
43.4121 0.456834
43.4325 0.455855
43.4541 0.455123
43.4758 0.454483
43.4962 0.453922
43.519 0.453682
43.5407 0.453472
43.5611 0.453288
43.5827 0.453127
43.6043 0.453111
43.626 0.453097
43.6464 0.453085
43.668 0.453199
43.6897 0.453299
43.7101 0.453387
43.7317 0.453464
43.7545 0.453781
43.7774 0.454308
43.8002 0.45502
43.8206 0.455517
43.8435 0.456202
43.8651 0.456927
43.8855 0.457436
43.9083 0.458132
43.9288 0.458615
43.9492 0.459038
43.9708 0.459284
43.9901 0.459373
44.0105 0.459326
44.0321 0.459411
44.0513 0.459234
44.073 0.45908
44.0934 0.458945
44.1114 0.458452
44.133 0.458145
44.1535 0.457752
44.1739 0.457283
44.1955 0.456998
44.2184 0.456998
44.2412 0.457248
44.2616 0.457342
44.282 0.457424
44.3049 0.457621
44.3253 0.457794
44.3469 0.457945
44.3662 0.457951
44.3878 0.457958
44.4082 0.457963
44.4274 0.457717
44.4491 0.457628
44.4719 0.457674
44.4923 0.457715
44.5139 0.457751
44.532 0.457907
44.5512 0.458418
44.5716 0.459241
44.5921 0.460461
44.6101 0.461778
44.6281 0.463056
44.6485 0.464549
44.6666 0.46598
44.6834 0.467233
44.7002 0.468454
44.7146 0.469022
44.735 0.469644
44.7759 0.469814
44.7975 0.469212
44.818 0.467686
44.8324 0.464725
44.8456 0.460134
44.86 0.454492
44.8768 0.448056
44.8925 0.440924
44.9057 0.433308
44.9189 0.425645
44.9333 0.418189
44.9465 0.410666
44.9609 0.403207
44.9754 0.395931
44.9838 0.38794
45.1871 0.365948
45.2085 0.346829
45.3989 0.32985
45.4217 0.315369
45.4421 0.302698
45.4608 0.291361
45.481 0.281316
45.5036 0.272901
45.5229 0.265289
45.5426 0.258627
45.5631 0.252799
45.5836 0.247699
45.6042 0.243237
45.6255 0.239457
45.6483 0.2364
45.6699 0.23385
45.6903 0.231619
45.7084 0.229291
45.7284 0.227255
45.7478 0.225223
45.7689 0.22357
45.7895 0.222124
45.8099 0.220858
45.8326 0.220001
45.8554 0.219626
45.8782 0.219548
45.901 0.219854
45.9251 0.220497
45.9491 0.22156
45.9683 0.22249
45.99 0.223929
46.0092 0.225563
46.0272 0.227243
46.0428 0.228587
46.0585 0.229639
46.0789 0.231059
46.1017 0.233052
46.1233 0.235545
46.145 0.238227
46.1678 0.241449
46.1894 0.245018
46.2099 0.248515
46.2327 0.252451
46.2555 0.256645
46.2783 0.261189
46.3 0.265665
46.3228 0.270457
46.342 0.27515
46.3625 0.279631
46.3829 0.284052
46.4045 0.288546
46.4225 0.292728
46.443 0.296762
46.461 0.300541
46.485 0.304974
46.5066 0.307977
46.5295 0.310105
46.5523 0.311467
46.5763 0.312158
46.6016 0.312514
46.6244 0.312199
46.6496 0.311675
46.6749 0.310965
46.6977 0.30972
46.7217 0.30913
46.7434 0.308738
46.765 0.308521
46.7878 0.308581
46.8082 0.308758
46.8323 0.309289
46.8539 0.309877
46.8755 0.310518
46.8984 0.311453
46.9224 0.312646
46.944 0.313941
46.9645 0.314948
46.9873 0.31608
47.0101 0.317445
47.0317 0.318639
47.0546 0.320059
47.0774 0.321552
47.1002 0.323233
47.1219 0.324704
47.1447 0.326366
47.1663 0.327945
47.1892 0.329702
47.212 0.331364
47.2336 0.333069
47.2564 0.33481
47.2781 0.336584
47.3009 0.338261
47.3213 0.339853
47.3442 0.341497
47.3682 0.343309
47.3898 0.345021
47.4115 0.346643
47.4331 0.348313
47.4583 0.350274
47.4799 0.352114
47.5016 0.35385
47.5256 0.355869
47.5472 0.35776
47.5713 0.359915
47.5929 0.361801
47.6133 0.363576
47.6362 0.365379
47.659 0.367206
47.6806 0.368931
47.7034 0.370814
47.7263 0.372713
47.7479 0.374498
47.7695 0.376186
47.7924 0.377913
47.814 0.379549
47.8368 0.38123
47.8572 0.382826
47.8813 0.384598
47.9017 0.386148
47.9245 0.387755
47.9486 0.38966
47.9714 0.391578
47.9966 0.393881
48.0195 0.396146
48.0423 0.398502
48.0639 0.400565
48.0892 0.403119
48.1144 0.405854
48.1384 0.408747
48.1625 0.411654
48.1841 0.414322
48.2033 0.417032
48.2213 0.419528
48.2394 0.421962
48.2586 0.424342
48.2802 0.427174
48.2994 0.429902
48.3175 0.432539
48.3379 0.435347
48.3547 0.437804
48.3751 0.440578
48.3944 0.443256
48.4124 0.445849
48.4316 0.448368
48.4617 0.451572
48.4905 0.454625
48.5181 0.457297
48.5434 0.459385
48.5686 0.460837
48.595 0.462107
48.6203 0.462844
48.6455 0.463238
48.6659 0.462584
48.6864 0.462136
48.7068 0.461619
48.7284 0.461416
48.7476 0.460989
48.7705 0.460866
48.7909 0.460757
48.8137 0.460913
48.8353 0.461299
48.8558 0.461511
48.875 0.461572
48.8966 0.461751
48.9195 0.462157
48.9399 0.462512
48.9615 0.462948
48.9819 0.463205
49.0024 0.463554
49.0252 0.46411
49.0468 0.464721
49.0709 0.465631
49.0925 0.466552
49.1177 0.467983
49.1394 0.46936
49.161 0.47069
49.1814 0.471854
49.2042 0.473122
49.2271 0.474607
49.2487 0.475906
49.2715 0.477418
49.2932 0.478866
49.3136 0.480007
49.3352 0.481256
49.3568 0.482349
49.3785 0.483556
49.3989 0.484486
49.4241 0.485925
49.4434 0.48706
49.465 0.488052
49.4854 0.489046
49.5058 0.48979
49.5299 0.490816
49.5515 0.491964
49.5707 0.492719
49.5924 0.493629
49.614 0.494425
49.6356 0.495247
49.6584 0.496341
49.6801 0.497424
49.6993 0.498246
49.7221 0.499215
49.745 0.500188
49.7702 0.501665
49.7918 0.502706
49.8135 0.503618
49.8351 0.504541
49.8567 0.505348
49.8783 0.506055
49.9 0.506673
49.9276 0.508089
49.948 0.508828
49.9661 0.509099
49.9865 0.509337
50.0069 0.50942
50.0297 0.509867
50.0502 0.509884
50.0694 0.509648
50.0898 0.509317
50.1066 0.508903
50.1235 0.50854
50.1391 0.508222
50.1571 0.50807
50.1775 0.508436
50.198 0.508506
50.222 0.509193
50.246 0.510044
50.2725 0.511163
50.2941 0.511768
50.3337 0.514422
50.3626 0.514369
50.3866 0.513823
50.4118 0.513095
50.4383 0.512333
50.4599 0.510917
50.4827 0.509052
50.5056 0.506921
50.5296 0.504555
50.5476 0.501736
50.5669 0.499144
50.5849 0.496501
50.6029 0.493938
50.6221 0.491571
50.6414 0.48925
50.6594 0.486969
50.6798 0.484847
50.7002 0.483117
50.7219 0.481602
50.7435 0.480402
50.7651 0.479601
50.7855 0.478776
50.8084 0.478429
50.8324 0.478501
50.854 0.478688
50.8781 0.479352
50.8973 0.479683
50.9201 0.480348
50.9406 0.480804
50.9634 0.481454
50.9862 0.482397
51.0066 0.483097
51.0271 0.48371
51.0595 0.485621
51.0835 0.485919
51.1052 0.486179
51.1268 0.486407
51.1508 0.486856
51.1737 0.487499
51.1965 0.488186
51.2169 0.488663
51.2385 0.48908
51.2602 0.48957
51.2806 0.489749
51.3034 0.490155
51.3263 0.490636
51.3491 0.491306
51.3719 0.491893
51.3948 0.492656
51.4164 0.493324
51.438 0.494034
51.4608 0.494655
51.4849 0.495573
51.5065 0.496376
51.5269 0.496829
51.5522 0.497851
51.575 0.498619
51.5978 0.499167
51.6195 0.499771
51.6447 0.500675
51.6675 0.50134
51.6891 0.501798
51.7096 0.501823
51.7312 0.50197
51.7504 0.501724
51.7721 0.501633
51.7937 0.501429
51.8141 0.501251
51.8345 0.500719
51.855 0.500004
51.879 0.499629
51.9006 0.49905
51.9175 0.498294
51.9367 0.497757
51.9547 0.497413
51.9715 0.497111
51.9932 0.497472
52.016 0.497788
52.0424 0.49894
52.0665 0.499822
52.0893 0.500594
52.1121 0.50127
52.1566 0.504611
52.1854 0.504535
52.2142 0.504468
52.2395 0.50391
52.2683 0.503546
52.2948 0.502853
52.3224 0.502121
52.35 0.501356
52.3717 0.499811
52.3885 0.497835
52.4101 0.496231
52.4269 0.494077
52.4462 0.492067
52.4666 0.490059
52.487 0.488301
52.5074 0.486514
52.5267 0.4847
52.5471 0.482987
52.5687 0.481489
52.5916 0.480303
52.6132 0.47939
52.6348 0.478466
52.6564 0.477783
52.6769 0.476935
52.6997 0.476318
52.7213 0.475903
52.7442 0.475665
52.7658 0.475457
52.7874 0.475275
52.815 0.475991
52.8367 0.475992
52.8595 0.476118
52.8835 0.476603
52.9064 0.477153
52.9292 0.477884
52.9496 0.478273
52.9725 0.478739
52.9953 0.479397
53.0181 0.480097
53.0409 0.480835
53.0638 0.481606
53.0854 0.482405
53.1094 0.483354
53.1311 0.48431
53.1539 0.485146
53.1755 0.486003
53.1996 0.487003
53.2224 0.488127
53.2452 0.489236
53.2681 0.490457
53.2897 0.4914
53.3113 0.49235
53.3341 0.493306
53.357 0.494268
53.3798 0.495234
53.4002 0.49608
53.4219 0.496695
53.4435 0.497358
53.4639 0.497688
53.4855 0.498102
53.5048 0.49809
53.5276 0.498203
53.5504 0.498303
53.5697 0.49789
53.5925 0.497654
53.6105 0.496697
53.6345 0.496235
53.655 0.495456
53.6778 0.494899
53.6994 0.494161
53.7223 0.493516
53.7451 0.493077
53.7631 0.492317
53.7823 0.491902
53.8016 0.491665
53.8172 0.491332
53.84 0.49179
53.8616 0.492316
53.8833 0.492652
53.9073 0.493445
53.9313 0.49439
53.9542 0.495341
53.9734 0.496048
54.0106 0.498542
54.0383 0.498224
54.0659 0.497821
54.0923 0.497219
54.1188 0.496316
54.1464 0.495402
54.1753 0.494602
54.2029 0.493651
54.2269 0.49232
54.2462 0.490405
54.2654 0.488479
54.2858 0.486544
54.3062 0.484726
54.3243 0.482761
54.3447 0.480791
54.3651 0.479067
54.3867 0.477433
54.4048 0.475504
54.424 0.473566
54.4468 0.471995
54.4648 0.470121
54.4841 0.468356
54.5045 0.466561
54.5261 0.465116
54.549 0.463852
54.5706 0.462745
54.5922 0.461902
54.6174 0.461539
54.6403 0.461347
54.6607 0.461054
54.6811 0.460672
54.7052 0.460713
54.7268 0.460624
54.7496 0.460671
54.7713 0.460837
54.7953 0.461232
54.8181 0.461703
54.8397 0.462115
54.8626 0.462601
54.8878 0.463526
54.9106 0.46446
54.9347 0.465528
54.9551 0.466462
54.9779 0.467279
54.9996 0.467994
55.0224 0.46887
55.0428 0.469386
55.0668 0.470088
55.0873 0.470702
55.1089 0.471114
55.1305 0.4716
55.1534 0.47215
55.175 0.472506
55.1966 0.472943
55.217 0.4732
55.2399 0.473425
55.2603 0.473622
55.2819 0.473669
55.3024 0.473711
55.3264 0.473997
55.348 0.474247
55.3672 0.474216
55.3877 0.473939
55.4117 0.473947
55.4333 0.474078
55.4538 0.473944
55.4766 0.474076
55.4982 0.474191
55.5186 0.474042
55.5403 0.474037
55.5655 0.474407
55.5859 0.474481
55.604 0.474671
55.6244 0.475337
55.6424 0.47592
55.6616 0.47668
55.6809 0.477595
55.6977 0.478396
55.7157 0.479096
55.7373 0.480334
55.759 0.481542
55.7794 0.482475
55.8022 0.48354
55.8443 0.486723
55.8719 0.487132
55.9008 0.487491
55.9308 0.48793
55.9572 0.488063
55.9861 0.48818
56.0149 0.488283
56.0449 0.488498
56.0726 0.48856
56.0954 0.488365
56.1146 0.48782
56.1327 0.486842
56.1519 0.485737
56.1735 0.484895
56.1939 0.483908
56.2132 0.482919
56.23 0.481305
56.2504 0.479891
56.2721 0.478655
56.2889 0.476948
56.3021 0.474455
56.3141 0.471148
56.3237 0.466629
56.5263 0.434801
56.5478 0.406951
56.7401 0.382832
56.7637 0.361978
56.7841 0.343606
56.8034 0.32728
56.8252 0.312995
56.8459 0.300371
56.8674 0.289324
56.8893 0.279784
56.9104 0.271311
56.9325 0.264022
56.9555 0.257769
56.9778 0.252423
57.0007 0.24787
57.0223 0.244011
57.0463 0.24101
57.062 0.237509
57.0821 0.234445
57.1036 0.231639
57.1251 0.22931
57.147 0.227271
57.1691 0.225612
57.1931 0.22441
57.2172 0.223734
57.2412 0.223392
57.264 0.223343
57.2905 0.2238
57.3145 0.224575
57.3373 0.225378
57.359 0.226581
57.3746 0.227509
57.3914 0.22832
57.4094 0.229155
57.4287 0.230136
57.4503 0.231494
57.4719 0.233182
57.4948 0.235409
57.5164 0.237983
57.5404 0.24111
57.5644 0.244596
57.5861 0.248272
57.6077 0.251988
57.6329 0.256239
57.657 0.260834
57.6798 0.265605
57.7014 0.27028
57.7255 0.275245
57.7483 0.280339
57.7699 0.285297
57.7939 0.29051
57.8144 0.295571
57.8324 0.299999
57.8528 0.30425
57.8733 0.308468
57.8901 0.31216
57.9081 0.315515
57.9309 0.3177
57.9538 0.318988
57.9754 0.319364
58.0006 0.319319
58.0259 0.318904
58.0511 0.318291
58.0763 0.31738
58.1076 0.316957
58.1304 0.316463
58.1532 0.31628
58.1773 0.316495
58.2001 0.316933
58.2229 0.317441
58.2458 0.318136
58.2686 0.318994
58.2938 0.320245
58.3166 0.321589
58.3395 0.323016
58.3611 0.324389
58.3851 0.325965
58.408 0.327469
58.4308 0.329036
58.4548 0.330781
58.4777 0.332559
58.5017 0.334489
58.5233 0.336428
58.5474 0.338499
58.5702 0.340562
58.593 0.342617
58.617 0.34479
58.6399 0.346816
58.6627 0.348839
58.6843 0.350734
58.7084 0.352767
58.7312 0.354796
58.754 0.356822
58.7781 0.358969
58.8009 0.360973
58.8225 0.362851
58.8441 0.36462
58.8682 0.366542
58.8922 0.3686
58.915 0.370775
58.9379 0.372803
58.9619 0.374952
58.9835 0.376958
59.0064 0.378964
59.0292 0.380968
59.052 0.382972
59.0749 0.384851
59.0977 0.386744
59.1217 0.388776
59.1433 0.390679
59.1674 0.392719
59.1914 0.394879
59.2142 0.397019
59.2371 0.399142
59.2587 0.400999
59.2827 0.402999
59.3044 0.404999
59.3272 0.407
59.3512 0.409125
59.3753 0.411359
59.3993 0.413689
59.4233 0.416103
59.4474 0.41859
59.4714 0.421141
59.4966 0.423874
59.5219 0.426764
59.5471 0.429919
59.5723 0.433179
59.5988 0.436657
59.618 0.43945
59.642 0.442393
59.6636 0.444969
59.6841 0.447848
59.7045 0.450742
59.7261 0.453899
59.7465 0.457037
59.7634 0.459907
59.7838 0.462794
59.803 0.465695
59.821 0.468358
59.8403 0.471063
59.8571 0.47343
59.8751 0.475626
59.8967 0.478048
59.9136 0.480292
59.9424 0.483006
59.9676 0.485005
59.9917 0.486254
60.0157 0.486847
60.0421 0.487367
60.0698 0.487696
60.0962 0.487859
60.1214 0.487626
60.1455 0.486923
60.1695 0.486683
60.1899 0.486347
60.2104 0.486054
60.2332 0.486047
60.2524 0.485791
60.2741 0.485692
60.2945 0.485481
60.3161 0.485421
60.3377 0.485368
60.3594 0.485447
60.381 0.485516
60.4014 0.485702
60.4231 0.485989
60.4435 0.486115
60.4675 0.486601
60.4891 0.487151
60.5108 0.487632
60.5348 0.488428
60.5564 0.489249
60.5781 0.490093
60.5997 0.490832
60.6249 0.491978
60.6465 0.493105
60.6694 0.494342
60.6922 0.495674
60.715 0.49709
60.7367 0.498329
60.7571 0.499413
60.7787 0.500486
60.7992 0.501425
60.822 0.502372
60.8412 0.503076
60.8628 0.503691
60.8845 0.504355
60.9049 0.50481
60.9277 0.505459
60.9494 0.506152
60.971 0.506758
60.9926 0.507413
61.0142 0.508111
61.0383 0.509098
61.0587 0.509585
61.0791 0.510012
61.102 0.510386
61.1296 0.511462
61.1512 0.51203
61.1753 0.512776
61.1993 0.513679
61.2221 0.514469
61.2449 0.515035
61.2642 0.515281
61.287 0.515746
61.3074 0.516028
61.3291 0.516399
61.3531 0.516974
61.3723 0.517228
61.3915 0.517199
61.4108 0.516924
61.4336 0.516934
61.4552 0.516942
61.4781 0.517199
61.4973 0.517049
61.5177 0.516668
61.5393 0.51646
61.561 0.515902
61.5802 0.515289
61.5982 0.514628
61.6162 0.514175
61.6355 0.514028
61.6547 0.514274
61.6787 0.514865
61.704 0.515507
61.7244 0.515694
61.7484 0.515982
61.764 0.515359
61.7869 0.515189
61.8277 0.517291
61.853 0.516254
61.8734 0.514597
61.8974 0.512648
61.9214 0.510442
61.9467 0.508137
61.9719 0.505745
61.9971 0.503401
62.0236 0.501101
62.0428 0.498464
62.0608 0.495781
62.0837 0.493683
62.1053 0.491973
62.1257 0.490351
62.1473 0.489057
62.169 0.487925
62.1906 0.487059
62.2122 0.486427
62.2351 0.486124
62.2567 0.485858
62.2771 0.485626
62.2987 0.485423
62.3204 0.48537
62.3444 0.485699
62.3672 0.486236
62.3877 0.486707
62.4093 0.487243
62.4309 0.487713
62.4526 0.488249
62.4742 0.488843
62.497 0.489612
62.5174 0.490161
62.5379 0.490516
62.5595 0.490951
62.5811 0.491457
62.6052 0.492275
62.628 0.492991
62.6496 0.493742
62.67 0.494274
62.6929 0.494865
62.7145 0.495382
62.7373 0.495959
62.7602 0.496714
62.7818 0.49725
62.8046 0.497844
62.8275 0.498613
62.8491 0.499287
62.8707 0.499751
62.8923 0.500282
62.9152 0.500872
62.938 0.501388
62.9596 0.501964
62.9801 0.502344
63.0041 0.502926
63.0257 0.503435
63.0473 0.503881
63.069 0.504271
63.093 0.504987
63.1134 0.505363
63.1351 0.505693
63.1567 0.505856
63.1783 0.505999
63.1987 0.505999
63.2204 0.505999
63.2408 0.505625
63.2624 0.505171
63.2853 0.505025
63.3033 0.504272
63.3261 0.503613
63.3477 0.502911
63.3694 0.502422
63.3922 0.50212
63.415 0.501855
63.4379 0.501623
63.4559 0.50142
63.4739 0.501367
63.4919 0.501447
63.5076 0.501266
63.528 0.501357
63.5496 0.501438
63.5736 0.501883
63.5977 0.502148
63.6169 0.502254
63.6373 0.502222
63.6578 0.50207
63.7022 0.502311
63.7287 0.502147
63.7551 0.501754
63.7815 0.501034
63.8056 0.49978
63.832 0.498433
63.8584 0.497004
63.8837 0.495253
63.9041 0.493221
63.9245 0.491194
63.9437 0.489045
63.9642 0.487164
63.9858 0.485393
64.0074 0.483969
64.0279 0.482473
64.0495 0.481289
64.0723 0.480503
64.0915 0.47944
64.112 0.478385
64.1336 0.477462
64.1564 0.476904
64.1781 0.476416
64.2009 0.476114
64.2225 0.475975
64.2441 0.475853
64.2658 0.475746
64.2886 0.475778
64.3114 0.476056
64.3367 0.476674
64.3595 0.477465
64.3823 0.478407
64.404 0.479106
64.428 0.480092
64.4508 0.481081
64.4724 0.482071
64.4941 0.482937
64.5157 0.483695
64.5385 0.484608
64.5614 0.485532
64.583 0.48634
64.607 0.487423
64.6299 0.488495
64.6527 0.489558
64.6743 0.490613
64.6971 0.491787
64.7188 0.492688
64.7392 0.493477
64.7632 0.494418
64.7849 0.49524
64.8077 0.496085
64.8269 0.496575
64.8485 0.497128
64.8714 0.497737
64.893 0.498395
64.9146 0.498845
64.9363 0.499365
64.9567 0.499569
64.9771 0.499748
64.9987 0.499905
65.0192 0.499916
65.0408 0.499927
65.0612 0.499811
65.0829 0.49971
65.1057 0.499496
65.1309 0.499684
65.155 0.499973
65.1778 0.500352
65.1994 0.500558
65.221 0.500863
65.2427 0.501005
65.2667 0.501255
65.2871 0.501473
65.3064 0.501789
65.3232 0.502065
65.3352 0.501682
65.3496 0.500972
65.3688 0.500475
65.3881 0.499791
65.4085 0.499067
65.4313 0.498559
65.4493 0.497864
65.471 0.497256
65.4926 0.496849
65.5347 0.496493
65.5647 0.496306
65.5911 0.496018
65.62 0.495641
65.6452 0.494936
65.6692 0.493819
65.6957 0.492466
65.7197 0.490783
65.7389 0.48856
65.757 0.486115
65.7798 0.484226
65.7978 0.482073
65.817 0.480063
65.8339 0.477681
65.8543 0.47547
65.8735 0.473287
65.8939 0.471126
65.9144 0.469235
65.936 0.467456
65.9564 0.465899
65.978 0.464661
65.9997 0.463454
66.0201 0.462397
66.0441 0.461847
66.0658 0.461241
66.0874 0.460836
66.109 0.460482
66.1319 0.460297
66.1535 0.460259
66.1763 0.460352
66.2003 0.460808
66.2208 0.461082
66.2436 0.461447
66.2664 0.462016
66.2881 0.462514
66.3121 0.463325
66.3349 0.464159
66.3566 0.464889
66.3794 0.465778
66.3998 0.466431
66.4214 0.467002
66.4443 0.467752
66.4659 0.468283
66.4887 0.468997
66.5092 0.469623
66.5284 0.469795
66.55 0.470071
66.5716 0.470187
66.5933 0.470413
66.6149 0.470612
66.6377 0.47091
66.6582 0.471171
66.681 0.471525
66.7038 0.471959
66.7242 0.472339
66.7459 0.472547
66.7675 0.472854
66.7891 0.473247
66.812 0.473591
66.8312 0.473767
66.8528 0.473921
66.8744 0.474056
66.8949 0.474049
66.9189 0.474293
66.9405 0.474631
66.9622 0.475052
66.9838 0.475296
67.0078 0.475884
67.0282 0.476398
67.0487 0.476599
67.0727 0.477149
67.0943 0.47763
67.1148 0.477926
67.1328 0.478061
67.1484 0.478053
67.164 0.477921
67.1821 0.477806
67.2001 0.47783
67.2169 0.477727
67.2361 0.478011
67.2529 0.478134
67.2734 0.478743
67.2938 0.47915
67.313 0.479506
67.3371 0.480193
67.3815 0.481044
67.4116 0.481913
67.4404 0.482799
67.4716 0.483824
67.5017 0.484971
67.5293 0.48585
67.5594 0.486869
67.5822 0.48701
67.605 0.486509
67.6242 0.485695
67.6447 0.484858
67.6591 0.483251
67.6723 0.480845
67.6855 0.477739
67.6927 0.473272
67.887 0.491113
67.9075 0.456224
68.0988 0.425571
68.1193 0.398874
68.1421 0.375765
68.1614 0.355419
68.1809 0.337367
68.2014 0.321696
68.2234 0.308109
68.2425 0.296095
68.264 0.285709
68.2842 0.27662
68.3041 0.268542
68.3262 0.261725
68.3484 0.255884
68.37 0.251024
68.3904 0.246646
68.4109 0.242815
68.4272 0.238963
68.4478 0.235593
68.4683 0.232644
68.4888 0.229938
68.5104 0.227821
68.5308 0.225843
68.5523 0.224363
68.5739 0.223067
68.5943 0.222059
68.6184 0.221552
68.6388 0.221108
68.6604 0.220844
68.6821 0.220864
68.7013 0.220631
68.7193 0.220177
68.7355 0.219155
68.7574 0.21851
68.779 0.218072
68.8006 0.217813
68.8223 0.217711
68.8439 0.217747
68.8679 0.218154
68.8896 0.218635
68.9112 0.219305
68.934 0.220142
68.9557 0.220999
68.9761 0.221749
68.9989 0.222656
69.0181 0.223324
69.0422 0.224408
69.0662 0.225732
69.089 0.227266
69.1119 0.228733
69.1359 0.230516
69.1611 0.232701
69.1852 0.235114
69.2056 0.23735
69.2272 0.240056
69.2464 0.242674
69.2669 0.245465
69.2873 0.248407
69.3089 0.251606
69.3293 0.25503
69.3522 0.258776
69.3726 0.262554
69.393 0.26636
69.4147 0.270315
69.4339 0.274026
69.4543 0.277897
69.4735 0.28166
69.4928 0.285203
69.5096 0.288427
69.5288 0.291499
69.5504 0.294937
69.5781 0.298069
69.5997 0.299936
69.6237 0.301194
69.6466 0.30167
69.6706 0.301711
69.6946 0.301372
69.7175 0.300451
69.7463 0.299894
69.7655 0.298782
69.7872 0.29806
69.8088 0.297427
69.8304 0.296999
69.8532 0.296999
69.8749 0.297124
69.8965 0.297484
69.9181 0.297923
69.9386 0.298308
69.9602 0.298894
69.983 0.299782
70.0058 0.300685
70.0287 0.301849
70.0515 0.303243
70.0731 0.304588
70.0948 0.305889
70.1164 0.307278
70.138 0.308743
70.1597 0.310025
70.1801 0.311272
70.2017 0.312488
70.2233 0.313677
70.245 0.314842
70.2678 0.316237
70.2906 0.317833
70.3123 0.319353
70.3351 0.321059
70.3567 0.322677
70.3783 0.324342
70.4 0.325799
70.4228 0.32745
70.442 0.328893
70.4649 0.330282
70.4865 0.331746
70.5081 0.333278
70.5309 0.334868
70.5526 0.336385
70.5754 0.338087
70.5958 0.339576
70.6187 0.341129
70.6391 0.342613
70.6619 0.344161
70.6848 0.345891
70.7052 0.347405
70.728 0.349104
70.7496 0.350716
70.7725 0.352502
70.7929 0.353939
70.8157 0.355572
70.8374 0.35725
70.859 0.358719
70.8818 0.360379
70.9022 0.361957
70.9239 0.363462
70.9443 0.364779
70.9683 0.366432
70.99 0.368003
71.0128 0.369628
71.0344 0.371299
71.0597 0.373387
71.0825 0.375588
71.1053 0.377765
71.1281 0.380044
71.1522 0.382539
71.175 0.385096
71.1978 0.387459
71.2219 0.390027
71.2447 0.392899
71.2603 0.395411
71.2819 0.39811
71.3012 0.400971
71.3216 0.403975
71.3408 0.406978
71.3613 0.410106
71.3805 0.413217
71.3997 0.416315
71.4201 0.419651
71.4382 0.422819
71.4574 0.425842
71.4754 0.428737
71.5066 0.432395
71.5355 0.435845
71.5583 0.438365
71.5787 0.439694
71.6028 0.440482
71.6268 0.440797
71.652 0.440947
71.6761 0.440704
71.6989 0.439866
71.7181 0.439133
71.7374 0.438366
71.7602 0.437945
71.7806 0.437577
71.8034 0.43763
71.8251 0.437926
71.8479 0.438311
71.8695 0.438897
71.8912 0.43966
71.9116 0.440202
71.9344 0.441052
71.956 0.442045
71.9777 0.44304
72.0005 0.44416
72.0221 0.44539
72.0438 0.446591
72.0654 0.447767
72.0882 0.449171
72.1086 0.4504
72.1315 0.45185
72.1531 0.453244
72.1735 0.454463
72.1976 0.45603
72.2192 0.457652
72.2408 0.45907
72.2625 0.460561
72.2853 0.462241
72.3057 0.463586
72.3273 0.465013
72.349 0.466386
72.3706 0.467838
72.3922 0.469233
72.4139 0.470579
72.4367 0.472132
72.4583 0.473615
72.4799 0.475038
72.5016 0.476533
72.5232 0.478092
72.546 0.479705
72.5665 0.481117
72.5893 0.482728
72.6097 0.484137
72.6313 0.485495
72.6518 0.486683
72.6734 0.487972
72.695 0.489226
72.7155 0.490323
72.7371 0.491532
72.7587 0.492716
72.7803 0.493876
72.8008 0.494892
72.8212 0.495905
72.8428 0.496792
72.8657 0.497943
72.8885 0.4992
72.9101 0.5003
72.9329 0.501388
72.9546 0.502214
72.9762 0.502937
72.999 0.503695
73.0207 0.504358
73.0459 0.505314
73.0627 0.505399
73.0843 0.505724
73.106 0.505759
73.1276 0.506039
73.148 0.506159
73.1721 0.506764
73.1889 0.506794
73.2093 0.507445
73.2237 0.507764
73.2394 0.507918
73.2598 0.508554
73.2814 0.509359
73.3006 0.50969
73.3223 0.510228
73.3439 0.5107
73.3631 0.510987
73.3835 0.510864
73.416 0.511881
73.44 0.509646
73.4653 0.50744
73.4893 0.505135
73.5145 0.502868
73.5361 0.50026
73.559 0.497352
73.5842 0.494683
73.6094 0.492098
73.6311 0.489586
73.6503 0.487262
73.6707 0.48523
73.6912 0.483451
73.7104 0.48177
73.732 0.480548
73.7512 0.47923
73.7741 0.478451
73.7945 0.47777
73.8161 0.477423
73.839 0.477246
73.8594 0.477215
73.881 0.477438
73.9038 0.477883
73.9243 0.478273
73.9471 0.478989
73.9699 0.479865
73.9904 0.480632
74.012 0.481428
74.0336 0.482374
74.0552 0.483453
74.0769 0.484396
74.0985 0.485472
74.1177 0.486288
74.1406 0.487252
74.1586 0.487845
74.1802 0.488615
74.2006 0.489288
74.2223 0.490002
74.2415 0.490502
74.2643 0.491314
74.2835 0.4919
74.304 0.492287
74.3256 0.492876
74.346 0.493392
74.3677 0.493968
74.3917 0.494722
74.4121 0.495257
74.4361 0.4961
74.4578 0.496587
74.4782 0.496764
74.4998 0.497043
74.5227 0.497413
74.5431 0.497736
74.5659 0.498019
74.6068 0.500642
74.6272 0.500437
74.6416 0.499132
74.662 0.49799
74.6849 0.496992
74.7065 0.496118
74.7293 0.495603
74.7522 0.495278
74.7714 0.494743
74.793 0.494275
74.8147 0.493866
74.8339 0.493132
74.8543 0.492366
74.8759 0.491695
74.8976 0.491108
74.9192 0.49072
74.9396 0.49013
74.9612 0.489614
74.9829 0.489162
75.0057 0.488892
75.0237 0.48853
75.0418 0.488339
75.0598 0.488172
75.0862 0.489275
75.1054 0.489366
75.1223 0.48907
75.1379 0.488436
75.1583 0.488382
75.1787 0.487959
75.198 0.487214
75.234 0.488437
75.258 0.486508
75.2833 0.484319
75.3061 0.481654
75.3301 0.478698
75.3542 0.47561
75.3818 0.472659
75.407 0.469702
75.4335 0.466739
75.4539 0.464022
75.4767 0.461769
75.4996 0.460048
75.5212 0.458542
75.5416 0.456974
75.5645 0.455852
75.5861 0.454871
75.6101 0.454387
75.6317 0.453839
75.6546 0.453609
75.6762 0.453408
75.6978 0.453232
75.7207 0.453328
75.7423 0.453412
75.7663 0.45386
75.7904 0.454628
75.8096 0.454924
75.8324 0.455434
75.8552 0.456005
75.8769 0.456504
75.8997 0.457191
75.9225 0.457917
75.9442 0.458677
75.967 0.459468
75.9898 0.460284
76.0126 0.461249
76.0355 0.462343
76.0571 0.4633
76.0799 0.464262
76.1016 0.465105
76.1232 0.465966
76.146 0.466971
76.1677 0.467724
76.1893 0.468509
76.2133 0.46957
76.2337 0.470249
76.2566 0.471093
76.2818 0.472206
76.3046 0.47343
76.3251 0.474502
76.3479 0.475439
76.3683 0.476259
76.3912 0.477227
76.4152 0.478323
76.4356 0.479158
76.4584 0.480138
76.4777 0.480621
76.4993 0.481168
76.5209 0.481522
76.5426 0.481957
76.5642 0.482462
76.5858 0.48278
76.6062 0.483057
76.6303 0.483675
76.6507 0.483966
76.6711 0.48422
76.6903 0.484067
76.7132 0.484184
76.7348 0.484286
76.7576 0.4845
76.7793 0.484813
76.7997 0.484711
76.8225 0.484872
76.8393 0.484638
76.8586 0.484683
76.8754 0.484723
76.8946 0.485008
76.9163 0.485882
76.9343 0.486396
76.9535 0.486472
76.9739 0.486538
76.9932 0.486471
77.0112 0.485912
77.0304 0.485048
77.0616 0.485542
77.0833 0.482724
77.1073 0.479759
77.1313 0.476539
77.1566 0.473346
77.1818 0.470053
77.2106 0.467296
77.2383 0.464759
77.2647 0.46229
77.2875 0.459878
77.3068 0.457394
77.3284 0.455344
77.35 0.453676
77.3705 0.451967
77.3921 0.450596
77.4149 0.449396
77.4365 0.448472
77.4582 0.447788
77.481 0.447314
77.5014 0.446775
77.5243 0.446553
77.5459 0.446359
77.5675 0.446314
77.5903 0.4464
77.612 0.446475
77.6336 0.446666
77.6552 0.446957
77.6769 0.447213
77.6973 0.447311
77.7201 0.447647
77.7417 0.447941
77.7634 0.448324
77.7862 0.448783
77.8078 0.449185
77.8295 0.449662
77.8499 0.449954
77.8739 0.450585
77.8944 0.451012
77.9184 0.45176
77.94 0.45254
77.9628 0.453348
77.9857 0.454304
78.0085 0.455266
78.0289 0.455983
78.0506 0.456735
78.0722 0.457518
78.0938 0.458078
78.1166 0.458819
78.1407 0.459841
78.1611 0.460736
78.1815 0.461394
78.202 0.46172
78.2224 0.462005
78.2416 0.462004
78.2632 0.462129
78.2849 0.462238
78.3065 0.462333
78.3281 0.462541
78.351 0.462849
78.3726 0.463243
78.3942 0.463712
78.4146 0.463873
78.4363 0.464139
78.4567 0.464247
78.4795 0.464591
78.5012 0.464892
78.524 0.46528
78.5432 0.465495
78.566 0.465934
78.5877 0.466317
78.6081 0.466527
78.6309 0.466836
78.655 0.467482
78.6766 0.468172
78.6958 0.468525
78.7114 0.468709
78.7295 0.468996
78.7475 0.469371
78.7655 0.469825
78.7799 0.469847
78.798 0.469991
78.8148 0.470117
78.8328 0.470352
78.846 0.470183
78.8616 0.469785
78.8773 0.468937
78.8977 0.467945
78.9373 0.466702
78.9638 0.465364
78.9902 0.463944
79.0118 0.461826
79.0299 0.458723
79.0467 0.454632
79.0659 0.449803
79.0815 0.444078
79.0948 0.438068
79.1092 0.43206
79.1248 0.425927
79.1392 0.419811
79.1536 0.413585
79.1656 0.407012
79.3551 0.422385
79.3772 0.396087
79.5684 0.373201
79.5891 0.353301
79.6094 0.335888
79.631 0.320902
79.6481 0.307415
79.6684 0.295613
79.6886 0.285286
79.7076 0.276
79.7277 0.267875
79.7478 0.260766
79.7679 0.254545
79.7881 0.249227
79.8088 0.244574
79.8304 0.240752
79.852 0.237658
79.8737 0.234951
79.8917 0.232332
79.9096 0.22979
79.9298 0.227567
79.9502 0.225746
79.9692 0.224028
79.9893 0.222524
80.0095 0.221209
80.0316 0.220183
80.0532 0.219535
80.0736 0.218968
80.0941 0.218597
80.1157 0.218397
80.1361 0.218348
80.159 0.218554
80.1782 0.218735
80.1962 0.218518
80.2107 0.217578
80.2318 0.216881
80.2534 0.216521
80.2726 0.216081
80.2955 0.216071
80.3159 0.216062
80.3363 0.216179
80.358 0.216282
80.3796 0.216621
80.4012 0.217169
80.424 0.218023
80.4481 0.21927
80.4697 0.220486
80.4913 0.2218
80.5142 0.223325
80.5382 0.225035
80.5622 0.22703
80.5839 0.228902
80.6055 0.230789
80.6247 0.232815
80.6463 0.235338
80.6656 0.237921
80.6848 0.240556
80.704 0.243361
80.7256 0.246316
80.7449 0.249277
80.7641 0.252367
80.7857 0.255696
80.8062 0.259234
80.8266 0.26283
80.8482 0.266726
80.8698 0.27076
80.8915 0.27504
80.9131 0.279535
80.9323 0.283718
80.9528 0.287879
80.9756 0.292394
80.9996 0.29597
81.0273 0.299348
81.0477 0.30143
81.0717 0.302876
81.0933 0.303517
81.115 0.303327
81.139 0.302911
81.1618 0.302047
81.1823 0.300916
81.2015 0.299802
81.2219 0.298827
81.2423 0.298098
81.2628 0.297461
81.2856 0.297153
81.3072 0.297134
81.3301 0.297492
81.3493 0.297681
81.3709 0.297971
81.3937 0.298599
81.4154 0.299399
81.437 0.300225
81.4586 0.301071
81.4791 0.301938
81.5007 0.30282
81.5223 0.303843
81.5451 0.305112
81.568 0.306473
81.586 0.307414
81.6088 0.308612
81.6305 0.309786
81.6533 0.311188
81.6749 0.312539
81.6941 0.313722
81.717 0.315007
81.7386 0.316381
81.7602 0.317833
81.7807 0.318979
81.8023 0.320232
81.8251 0.321703
81.8455 0.32299
81.8672 0.324366
81.8876 0.32557
81.9092 0.326874
81.9309 0.32814
81.9525 0.329372
81.9729 0.330451
81.9957 0.331769
82.0162 0.333048
82.039 0.334417
82.0594 0.33574
82.0799 0.336898
82.1027 0.338285
82.1243 0.339625
82.1459 0.340922
82.1652 0.342056
82.188 0.343299
82.2108 0.344762
82.2313 0.346167
82.2529 0.347521
82.2733 0.348831
82.2961 0.350227
82.3178 0.351574
82.3382 0.352877
82.361 0.354392
82.3815 0.355718
82.4043 0.357253
82.4247 0.358472
82.4463 0.359788
82.4692 0.361189
82.4908 0.362541
82.5124 0.363848
82.5353 0.365367
82.5593 0.367196
82.5833 0.369172
82.6074 0.3714
82.6302 0.3736
82.6554 0.37615
82.6795 0.378756
82.7011 0.381787
82.7215 0.384938
82.7443 0.388446
82.766 0.39214
82.7852 0.395873
82.8032 0.399264
82.8236 0.402731
82.8405 0.405889
82.8597 0.408903
82.8789 0.411915
82.8969 0.414801
82.9162 0.417701
82.9378 0.420863
82.9618 0.423255
82.9835 0.424598
83.0063 0.425274
83.0279 0.425114
83.0531 0.42485
83.0772 0.424244
83.1024 0.423338
83.1264 0.422171
83.1469 0.42065
83.1697 0.419693
83.1913 0.418982
83.2142 0.418734
83.2346 0.418517
83.2574 0.418578
83.279 0.41888
83.2995 0.41902
83.3223 0.419518
83.3439 0.419953
83.3656 0.420584
83.3884 0.421511
83.4088 0.422197
83.4305 0.423047
83.4521 0.423917
83.4737 0.424802
83.4965 0.425827
83.517 0.426723
83.5386 0.427758
83.5602 0.428788
83.5831 0.430065
83.6047 0.431182
83.6263 0.432409
83.6479 0.433483
83.6684 0.434547
83.69 0.435604
83.7116 0.436654
83.7333 0.437822
83.7561 0.439094
83.7753 0.440082
83.7981 0.441197
83.821 0.442422
83.8414 0.44362
83.8642 0.444917
83.8847 0.446053
83.9063 0.447171
83.9291 0.448525
83.9495 0.449584
83.9724 0.450886
83.994 0.452275
84.0132 0.453241
84.0361 0.454461
84.0577 0.455528
84.0793 0.456712
84.1009 0.457748
84.1238 0.45903
84.1442 0.460276
84.1658 0.461366
84.1875 0.462571
84.2091 0.463749
84.2319 0.465031
84.2511 0.466027
84.2728 0.467023
84.2944 0.468146
84.316 0.469252
84.3401 0.470721
84.3629 0.472131
84.3821 0.473364
84.4049 0.474569
84.4278 0.475998
84.4506 0.477623
84.4734 0.479295
84.4915 0.480508
84.5131 0.481695
84.5359 0.482983
84.5588 0.48436
84.5732 0.48544
84.5888 0.48626
84.6068 0.487102
84.6236 0.487965
84.6405 0.488844
84.6573 0.489614
84.6753 0.490537
84.6957 0.49172
84.7186 0.49288
84.7354 0.493145
84.7558 0.493502
84.7919 0.495689
84.8123 0.494103
84.8375 0.492465
84.8616 0.490532
84.8856 0.488465
84.9084 0.486157
84.9325 0.483763
84.9565 0.481167
84.9817 0.478646
85.0009 0.476316
85.0226 0.474401
85.0418 0.472601
85.0622 0.471026
85.0827 0.469648
85.1019 0.468317
85.1211 0.467027
85.1415 0.465899
85.1596 0.464536
85.1812 0.463594
85.2004 0.46252
85.222 0.46183
85.2437 0.461351
85.2665 0.461182
85.2869 0.461035
85.3074 0.460905
85.329 0.460917
85.3518 0.461302
85.3746 0.46189
85.3939 0.462278
85.4155 0.462744
85.4359 0.463151
85.4588 0.463757
85.4816 0.464662
85.502 0.465579
85.5224 0.466257
85.5441 0.4671
85.5669 0.467962
85.5897 0.468967
85.6114 0.469971
85.6342 0.4711
85.657 0.472337
85.6774 0.473295
85.6967 0.473883
85.7183 0.474523
85.7411 0.475333
85.764 0.476166
85.7844 0.476895
85.8072 0.477783
85.8276 0.47856
85.8505 0.47949
85.8709 0.480179
85.8925 0.480907
85.913 0.481418
85.9358 0.482116
85.9586 0.482977
85.9766 0.483354
85.9971 0.483685
86.0199 0.4841
86.0403 0.484462
86.062 0.484779
86.0848 0.485307
86.1064 0.485894
86.1292 0.486657
86.1473 0.48695
86.1701 0.487456
86.1929 0.488024
86.2158 0.488771
86.2374 0.48955
86.2566 0.489981
86.2782 0.490483
86.2975 0.490423
86.3203 0.49062
86.3395 0.490418
86.3575 0.490365
86.372 0.489945
86.39 0.489827
86.4056 0.489598
86.4236 0.489398
86.4477 0.489349
86.4633 0.489055
86.4825 0.488548
86.5017 0.48773
86.5222 0.487013
86.5426 0.486262
86.5859 0.485354
86.6087 0.483935
86.6351 0.482568
86.6604 0.480997
86.6856 0.479247
86.7096 0.477216
86.7336 0.474939
86.7601 0.472822
86.7829 0.470219
86.8009 0.467567
86.8214 0.465246
86.8406 0.462965
86.861 0.46097
86.8814 0.459098
86.9019 0.457336
86.9235 0.455919
86.9439 0.454554
86.9656 0.45361
86.986 0.452659
87.0076 0.451951
87.0304 0.451582
87.0521 0.451385
87.0737 0.451212
87.0953 0.451185
87.117 0.451162
87.1386 0.451267
87.1626 0.451733
87.183 0.452142
87.2059 0.452624
87.2299 0.453421
87.2515 0.454243
87.2744 0.455338
87.2936 0.456046
87.3152 0.45679
87.3381 0.457691
87.3597 0.45848
87.3825 0.45942
87.4065 0.460617
87.427 0.46154
87.4486 0.462473
87.4702 0.463414
87.4919 0.464237
87.5147 0.465207
87.5351 0.466056
87.5567 0.466799
87.5784 0.467699
87.6012 0.468737
87.6216 0.46952
87.6445 0.470455
87.6673 0.471523
87.6889 0.472458
87.7118 0.473525
87.7334 0.474585
87.7526 0.475262
87.7754 0.476104
87.7947 0.476591
87.8175 0.477267
87.8379 0.477734
87.8583 0.478142
87.88 0.478624
87.9028 0.479296
87.9244 0.480009
87.9461 0.480758
87.9665 0.481288
87.9881 0.481877
88.0085 0.482268
88.0278 0.482359
88.0482 0.482439
88.0674 0.482259
88.0891 0.482227
88.1095 0.482074
88.1263 0.481439
88.1431 0.481009
88.1587 0.480383
88.1768 0.47996
88.1924 0.479465
88.2104 0.479157
88.2296 0.478888
88.2537 0.478777
88.2717 0.478554
88.2957 0.478485
88.3126 0.47805
88.3318 0.477418
88.3762 0.476991
88.4027 0.476367
88.4267 0.475321
88.4507 0.473906
88.476 0.472293
88.5012 0.470631
88.5276 0.468927
88.5517 0.466936
88.5697 0.464444
88.5889 0.462014
88.6081 0.459762
88.6274 0.457542
88.649 0.455849
88.667 0.453993
88.6887 0.452494
88.7079 0.450932
88.7295 0.449816
88.7475 0.448464
88.7704 0.447656
88.7896 0.446699
88.8112 0.446111
88.8316 0.445472
88.8545 0.445288
88.8761 0.445252
88.8965 0.445221
88.9182 0.445318
88.9398 0.445528
88.9614 0.445962
88.9818 0.446217
89.0023 0.446565
89.0251 0.447119
89.0455 0.447604
89.0684 0.448279
89.0876 0.448744
89.1104 0.449401
89.132 0.450226
89.1525 0.450823
89.1741 0.451595
89.1945 0.452145
89.2174 0.453002
89.2378 0.453627
89.2606 0.454549
89.2822 0.45548
89.3027 0.456295
89.3231 0.457008
89.3459 0.457882
89.3676 0.458772
89.3904 0.459925
89.4096 0.46081
89.4324 0.461833
89.4529 0.462729
89.4757 0.463763
89.4937 0.464418
89.5166 0.465241
89.5382 0.46621
89.5634 0.467559
89.5826 0.468614
89.6043 0.469662
89.6247 0.47058
89.6463 0.471507
89.6692 0.472694
89.692 0.473857
89.7124 0.475
89.7352 0.47625
89.7521 0.476969
89.7749 0.477723
89.7953 0.478507
89.8121 0.478694
89.8338 0.478982
89.853 0.479109
89.8722 0.479096
89.8915 0.478959
89.9119 0.478714
89.9323 0.478625
89.9515 0.478297
89.9684 0.477885
89.9852 0.477524
90.002 0.477333
90.0188 0.477167
90.038 0.477396
90.0549 0.477596
90.0741 0.478147
90.0969 0.478879
90.1162 0.479519
90.1366 0.479829
90.1762 0.482225
90.2015 0.481322
90.2291 0.480657
90.2519 0.47945
90.276 0.478019
90.3 0.476266
90.3252 0.474608
90.3493 0.472782
90.3697 0.470184
90.3889 0.467786
90.4069 0.465313
90.4298 0.463524
90.4454 0.461333
90.4586 0.458542
90.473 0.455349
90.485 0.451555
90.4995 0.447361
90.5127 0.442816
90.5259 0.437964
90.5403 0.432968
90.5535 0.427722
90.5668 0.422132
90.5824 0.416741
90.5968 0.411148
90.6112 0.405629
90.6232 0.399676
90.6376 0.393716
90.6509 0.387627
90.85 0.365673
90.8706 0.346464
91.0638 0.329906
91.0865 0.315668
91.107 0.303209
91.1243 0.291933
91.1439 0.281942
91.1658 0.273324
91.1847 0.265658
91.206 0.259076
91.2251 0.253192
91.2476 0.248293
91.2659 0.243631
91.288 0.239802
91.3073 0.236327
91.3313 0.233786
91.3529 0.231688
91.3721 0.229727
91.3885 0.227511
91.4094 0.225572
91.4294 0.223876
91.4498 0.222266
91.4702 0.220983
91.4931 0.220235
91.5123 0.219331
91.5352 0.218914
91.5544 0.2183
91.5772 0.218138
91.5977 0.21787
91.6193 0.217887
91.6409 0.218026
91.6637 0.218397
91.6794 0.218223
91.695 0.21732
91.7168 0.21678
91.7408 0.216682
91.76 0.216597
91.7828 0.216773
91.8021 0.216801
91.8249 0.217076
91.8465 0.217441
91.8694 0.218136
91.8922 0.219119
91.915 0.220229
91.9367 0.221326
91.9619 0.222785
91.9847 0.224437
92.0075 0.226257
92.0304 0.2281
92.0532 0.230088
92.0772 0.232327
92.0989 0.234286
92.1169 0.23625
92.1385 0.238719
92.1589 0.241379
92.1794 0.244207
92.1974 0.246931
92.2202 0.250189
92.2407 0.253541
92.2611 0.256973
92.2815 0.260476
92.3055 0.264542
92.3248 0.268349
92.3464 0.272431
92.368 0.276752
92.3921 0.281533
92.4101 0.285841
92.4305 0.290111
92.4485 0.294097
92.4702 0.298335
92.4966 0.301918
92.5206 0.304553
92.5459 0.306609
92.5687 0.307908
92.5891 0.308295
92.6119 0.308008
92.6348 0.307257
92.6624 0.306725
92.6816 0.305634
92.7021 0.304805
92.7237 0.304079
92.7429 0.303319
92.7658 0.303029
92.7874 0.302901
92.8114 0.303288
92.8318 0.303627
92.8535 0.304049
92.8751 0.304668
92.8979 0.305459
92.9196 0.306277
92.9412 0.307242
92.9628 0.308212
92.9868 0.309435
93.0073 0.310631
93.0277 0.311677
93.0505 0.312842
93.0722 0.314112
93.095 0.315473
93.1166 0.316789
93.137 0.318065
93.1599 0.319432
93.1827 0.320878
93.2043 0.322393
93.226 0.323844
93.2464 0.325114
93.2692 0.326599
93.2921 0.328275
93.3137 0.32974
93.3353 0.331273
93.3569 0.332739
93.3786 0.334146
93.4014 0.335753
93.4218 0.337159
93.4447 0.338639
93.4675 0.340309
93.4879 0.34177
93.5107 0.343299
93.5324 0.344887
93.554 0.346526
93.5768 0.348085
93.5997 0.349825
93.6189 0.351221
93.6417 0.352694
93.6633 0.354232
93.6862 0.355953
93.709 0.357709
93.727 0.358995
93.7511 0.360621
93.7739 0.362293
93.7967 0.364007
93.8172 0.365631
93.8388 0.367177
93.8616 0.36878
93.8844 0.370557
93.9049 0.372113
93.9265 0.373599
93.9493 0.375274
93.971 0.376865
93.9938 0.378506
94.0154 0.380193
94.0395 0.382169
94.0623 0.384148
94.0851 0.386254
94.1115 0.388848
94.1308 0.391117
94.1524 0.393852
94.1728 0.396746
94.1945 0.399902
94.2149 0.403165
94.2365 0.406769
94.2569 0.410423
94.2786 0.414245
94.2966 0.417839
94.317 0.421609
94.3362 0.425283
94.3555 0.428748
94.3711 0.431779
94.3999 0.435182
94.4252 0.438034
94.4492 0.440155
94.4708 0.441261
94.4937 0.441728
94.5177 0.441762
94.5417 0.441417
94.5658 0.44074
94.5898 0.439772
94.6102 0.438926
94.6282 0.437935
94.6499 0.437193
94.6727 0.436794
94.6943 0.436695
94.7147 0.436608
94.7376 0.436782
94.7592 0.437184
94.782 0.437911
94.8025 0.438422
94.8241 0.439119
94.8457 0.439855
94.8662 0.440498
94.889 0.44131
94.9106 0.442272
94.9322 0.443238
94.9539 0.444208
94.9743 0.445182
94.9971 0.446284
95.02 0.447499
95.0404 0.448686
95.0632 0.449976
95.0848 0.451229
95.1065 0.452575
95.1281 0.453878
95.1497 0.455143
95.1714 0.4565
95.1942 0.457938
95.2146 0.459196
95.2374 0.460671
95.2591 0.462087
95.2807 0.463451
95.3023 0.464895
95.324 0.466158
95.3456 0.467513
95.3672 0.468949
95.3876 0.470081
95.4105 0.471445
95.4321 0.47289
95.4537 0.474154
95.4766 0.475634
95.4958 0.476805
95.5186 0.478079
95.5402 0.479445
95.5619 0.480764
95.5835 0.482043
95.6027 0.483038
95.6256 0.484283
95.6472 0.485498
95.6676 0.486561
95.688 0.487616
95.7097 0.488539
95.7313 0.489596
95.7517 0.490522
95.7722 0.491332
95.7926 0.49204
95.8142 0.49291
95.8358 0.493671
95.8575 0.494587
95.8779 0.495264
95.9007 0.496231
95.9224 0.496952
95.9476 0.497958
95.9704 0.499088
95.9896 0.499577
96.0149 0.500505
96.0329 0.501192
96.0473 0.501543
96.0641 0.501975
96.0834 0.502728
96.1014 0.503637
96.1266 0.505183
96.1435 0.505785
96.1603 0.505687
96.1783 0.505351
96.1987 0.504932
96.2432 0.507565
96.2744 0.50437
96.2961 0.500699
96.3213 0.496986
96.3477 0.493363
96.3742 0.489943
96.4018 0.4867
96.4294 0.483737
96.4511 0.48077
96.4751 0.478424
96.4979 0.476496
96.5171 0.474559
96.5388 0.472864
96.5604 0.471381
96.5832 0.470208
96.6061 0.469432
96.6265 0.468503
96.6493 0.46794
96.6686 0.467198
96.6914 0.466673
96.7142 0.466464
96.737 0.466531
96.7563 0.466215
96.7779 0.465938
96.8019 0.466071
96.8248 0.466437
96.8464 0.466757
96.8704 0.467412
96.8933 0.468236
96.9137 0.468706
96.9365 0.469368
96.9593 0.470197
96.9798 0.470797
97.0026 0.471448
97.0278 0.472517
97.0495 0.473577
97.0723 0.47463
97.0951 0.475801
97.1155 0.476701
97.1372 0.477613
97.1588 0.478287
97.1804 0.479001
97.2009 0.479501
97.2213 0.479938
97.2429 0.480196
97.2681 0.481046
97.2898 0.481791
97.3114 0.482442
97.3318 0.482887
97.3535 0.483401
97.3751 0.483976
97.3967 0.484354
97.4171 0.484684
97.44 0.485099
97.4604 0.485337
97.4808 0.485419
97.5049 0.485867
97.5265 0.486134
97.5505 0.486617
97.5722 0.48704
97.5938 0.48716
97.6142 0.48714
97.6334 0.486872
97.6563 0.486888
97.6755 0.486527
97.6983 0.486461
97.7212 0.486654
97.7464 0.487322
97.7656 0.487282
97.786 0.487122
97.8089 0.486981
97.8257 0.486609
97.8425 0.486283
97.8629 0.486372
97.8798 0.486451
97.8954 0.486394
97.9146 0.486595
97.9338 0.486396
97.9519 0.485971
97.9747 0.48585
97.9927 0.484994
98.03 0.486119
98.054 0.483729
98.0756 0.480888
98.0997 0.477777
98.1261 0.47493
98.1513 0.472064
98.1766 0.469056
98.203 0.466174
98.2294 0.463527
98.2487 0.460461
98.2691 0.457654
98.2907 0.455197
98.3123 0.453172
98.3328 0.451276
98.3532 0.449491
98.3736 0.447805
98.3977 0.446704
98.4193 0.445866
98.4409 0.445008
98.4625 0.444382
98.4842 0.443959
98.5058 0.443589
98.5286 0.443391
98.5503 0.443342
98.5731 0.443549
98.5959 0.443855
98.6187 0.444374
98.6404 0.444827
98.662 0.445348
98.6836 0.445805
98.7053 0.446329
98.7281 0.446913
98.7497 0.447424
98.7714 0.447996
98.7942 0.448746
98.817 0.449653
98.8398 0.450447
98.8639 0.451516
98.8831 0.452326
98.9059 0.45316
98.9288 0.45414
98.9504 0.454998
98.9708 0.455623
98.9936 0.45642
99.0153 0.457243
99.0393 0.458337
99.0609 0.45917
99.0814 0.459899
99.103 0.460537
99.1258 0.461344
99.1487 0.462176
99.1703 0.463029
99.1907 0.463651
99.2135 0.464444
99.2376 0.465514
99.2604 0.466575
99.282 0.467628
99.3037 0.468549
99.3241 0.469356
99.3469 0.470186
99.3697 0.471038
99.3902 0.471783
99.413 0.472685
99.4334 0.47335
99.4527 0.473681
99.4743 0.473971
99.4947 0.474099
99.5163 0.474337
99.538 0.474545
99.5584 0.474602
99.5788 0.474527
99.6017 0.474711
99.6221 0.474872
99.6377 0.474513
99.6545 0.474199
99.6713 0.473924
99.6882 0.473683
99.7062 0.473598
99.723 0.473523
99.7458 0.473958
99.7663 0.474213
99.7807 0.473436
99.8035 0.473132
99.8408 0.474615
99.8636 0.472664
99.8864 0.470331
99.9117 0.467914
99.9369 0.4653
99.9633 0.462887
99.9874 0.460277
