0.200343 0.2
0.411454 0.201375
0.43068 0.204953
0.449905 0.210459
0.469131 0.217777
0.488356 0.226555
0.614846 0.249985
0.637676 0.246112
0.6557 0.242598
0.674926 0.240148
0.694151 0.238755
0.713377 0.23816
0.732603 0.23839
0.751828 0.239217
0.768651 0.240314
0.81634 0.245525
0.83917 0.242085
0.857194 0.238449
0.878823 0.236143
0.898048 0.235
0.917274 0.234625
0.937701 0.235172
0.956927 0.2364
0.976152 0.23835
0.99658 0.240807
1.01821 0.244081
1.03984 0.247946
1.05906 0.252327
1.07829 0.257162
1.09631 0.262266
1.11554 0.267608
1.13476 0.273282
1.15759 0.279747
1.18042 0.286903
1.19965 0.294415
1.21888 0.302239
1.2381 0.310709
1.25733 0.319495
1.27655 0.328558
1.29578 0.337863
1.315 0.347631
1.33423 0.357552
1.35225 0.367483
1.37028 0.377422
1.39431 0.388245
1.40993 0.398214
1.43276 0.408812
1.44838 0.418711
1.47121 0.429247
1.48803 0.439216
1.51207 0.449939
1.52769 0.459572
1.55412 0.4705
1.56614 0.479813
1.58777 0.489586
1.60819 0.499013
1.63823 0.508636
1.65145 0.516307
1.67308 0.524893
1.6851 0.532532
1.71153 0.54159
1.72355 0.549516
1.74878 0.558827
1.762 0.566974
1.78843 0.576602
1.81007 0.585777
35.3258 0.56743
36.8891 0.567001
38.5894 0.583626
41.7472 0.593048
44.8545 0.602167
47.6415 0.595896
49.3069 0.604534
52.4575 0.614717
55.6105 0.620877
57.0125 0.593518
58.5515 0.584703
60.2289 0.59624
61.9328 0.60971
63.6271 0.619746
65.3165 0.628403
66.9831 0.633228
68.3847 0.604199
69.9295 0.588924
71.6177 0.594434
73.312 0.60688
74.9942 0.616145
76.6705 0.623627
78.3251 0.627548
79.7269 0.59923
81.2669 0.586826
82.8686 0.586723
84.5377 0.597007
86.2115 0.606631
87.8805 0.614428
89.5327 0.619124
90.9342 0.591984
92.4034 0.575736
93.9859 0.574394
95.6597 0.586844
97.3336 0.597739
98.9786 0.603647
