0.200297 0.2
0.409008 0.201125
0.427075 0.204359
0.4463 0.209564
0.465526 0.216494
0.484752 0.224932
0.611241 0.248191
0.63287 0.244292
0.649692 0.240755
0.668918 0.238286
0.688143 0.236875
0.707369 0.236266
0.726595 0.236358
0.74582 0.237063
0.765046 0.23843
0.812735 0.243876
0.835565 0.240517
0.851186 0.236952
0.870412 0.234458
0.890839 0.233151
0.910064 0.232882
0.92929 0.233397
0.948516 0.234597
0.967741 0.236273
0.986967 0.238488
1.0086 0.241552
1.02662 0.244983
1.04705 0.248985
1.06627 0.253487
1.0855 0.258426
1.10472 0.263748
1.12395 0.269405
1.14317 0.275354
1.1648 0.28181
1.18523 0.289084
1.20325 0.296573
1.22128 0.304376
1.24171 0.312829
1.26093 0.321601
1.28016 0.330776
1.30058 0.340304
1.31861 0.350016
1.33783 0.359889
1.35586 0.369778
1.37749 0.380305
1.39311 0.390267
1.41474 0.400734
1.43036 0.410392
1.45439 0.420968
1.47001 0.430722
1.49284 0.441007
1.50846 0.450631
1.5373 0.461677
1.55172 0.471342
1.56854 0.48105
1.59498 0.491418
1.62261 0.501491
1.65265 0.51168
1.66467 0.51972
1.6887 0.52888
1.70312 0.53727
1.72715 0.546736
1.74157 0.555144
1.76681 0.564876
1.77882 0.573267
2.46133 0.581858
2.47935 0.589751
2.50098 0.596907
2.52141 0.603169
2.54064 0.608523
2.54664 0.611457
2.56468 0.615525
4.35986 0.582584
4.40312 0.540886
4.43676 0.503651
4.4656 0.470944
4.49083 0.442201
4.51126 0.416676
4.53409 0.394342
4.55932 0.374924
4.58336 0.358058
4.60859 0.343426
4.63262 0.330623
4.66026 0.320045
4.68549 0.310914
4.70832 0.3028
4.73716 0.29645
4.75759 0.290394
4.78282 0.28522
4.80805 0.281067
4.83209 0.277434
4.85852 0.274505
4.88255 0.272066
4.91019 0.270433
4.93422 0.269004
4.95825 0.267879
4.98589 0.267269
5.01113 0.26711
5.03636 0.267096
5.06159 0.267209
5.08683 0.267558
5.11326 0.268238
5.13849 0.268959
5.16253 0.269714
5.18896 0.270625
5.21299 0.271421
5.24063 0.272744
5.26586 0.274026
5.28869 0.275023
5.31153 0.276145
5.33315 0.277502
5.35118 0.278564
5.37401 0.279993
5.39444 0.281369
5.41606 0.283073
5.43529 0.284564
5.45692 0.286118
5.48095 0.288104
5.50378 0.290341
5.53502 0.293923
5.57347 0.297808
5.61193 0.302082
5.65038 0.306697
5.68883 0.311609
5.72127 0.316033
5.75732 0.320529
5.78015 0.323838
5.80538 0.326983
5.82581 0.329235
5.85104 0.331581
5.87147 0.333258
5.8919 0.334351
5.91233 0.335182
5.93275 0.335534
5.95678 0.335968
5.97841 0.336222
6.00004 0.336444
6.02167 0.336388
6.0445 0.33634
6.06733 0.336297
6.09136 0.33651
6.1154 0.336821
6.14183 0.337469
6.16466 0.338035
6.18989 0.338906
6.21393 0.339793
6.23916 0.340943
6.26319 0.342076
6.28843 0.343441
6.31246 0.344761
6.33649 0.346041
6.36052 0.347286
6.38576 0.34875
6.40979 0.350156
6.43742 0.352012
6.46266 0.353885
6.48429 0.355525
6.50952 0.357209
6.53475 0.358933
6.55879 0.360566
6.58282 0.362246
6.60685 0.36384
6.63208 0.36561
6.65732 0.367409
6.68135 0.369233
6.70418 0.370828
6.72941 0.372475
6.75465 0.374166
6.77868 0.375895
6.80271 0.377533
6.83035 0.379591
6.85438 0.381517
6.87721 0.383328
6.90004 0.384912
6.92648 0.386673
6.94931 0.388214
6.97454 0.389937
6.99857 0.39157
7.02381 0.393249
7.04784 0.394968
7.07307 0.396847
7.0959 0.398366
7.12234 0.400195
7.14276 0.401546
7.16319 0.402977
7.18362 0.40448
7.20284 0.40592
7.22447 0.40768
7.2449 0.40947
7.26773 0.411536
7.29056 0.413969
7.31219 0.416598
7.33382 0.419273
7.35905 0.422614
7.38068 0.425787
7.40952 0.429939
7.44557 0.434322
7.47441 0.438031
7.50805 0.441653
7.53689 0.444571
7.56573 0.447
7.59216 0.448625
7.621 0.449922
7.64143 0.450181
7.66185 0.450159
7.68348 0.450014
7.70031 0.449137
7.72193 0.44812
7.74597 0.44748
7.7676 0.446795
7.79043 0.446196
7.81205 0.445546
7.83729 0.445353
7.86132 0.445309
7.88415 0.44527
7.90818 0.445361
7.93221 0.445691
7.95505 0.44598
7.97908 0.446357
8.00311 0.446813
8.02714 0.447461
8.04997 0.447903
8.0716 0.448166
8.09563 0.44852
8.11966 0.44908
8.1437 0.449695
8.16893 0.450483
8.19056 0.451173
8.21699 0.452151
8.24103 0.453257
8.26506 0.45435
8.28789 0.455306
8.31192 0.456268
8.33595 0.457234
8.36239 0.45858
8.38402 0.459758
8.40805 0.460913
8.43088 0.461799
8.45371 0.462574
8.47894 0.463627
8.50177 0.464549
8.5234 0.46523
8.54503 0.465701
8.56906 0.466364
8.59189 0.466818
8.61352 0.467091
8.63755 0.46733
8.66159 0.467663
8.68562 0.46783
8.71085 0.467977
8.73488 0.468105
8.75651 0.468217
8.78175 0.468439
8.80458 0.46851
8.83221 0.468696
8.85504 0.468859
8.87787 0.468876
8.8995 0.468892
8.91873 0.468405
8.94036 0.46848
8.96078 0.46867
8.98001 0.469086
8.99803 0.46945
9.01846 0.469894
9.04369 0.470407
9.07013 0.471481
9.08936 0.472046
9.11459 0.472665
9.16265 0.473207
9.18909 0.473306
9.21673 0.472893
9.24076 0.471781
9.26599 0.470184
9.29002 0.468036
9.31646 0.465656
9.33689 0.462699
9.35851 0.460112
9.37774 0.457348
9.39937 0.454804
9.421 0.452329
9.44263 0.450163
9.46546 0.448267
9.48829 0.446609
9.51232 0.445283
9.53395 0.443997
9.55798 0.442998
9.58321 0.442498
9.60604 0.442061
9.63008 0.441928
9.65291 0.441687
9.67574 0.441476
9.69977 0.441417
9.725 0.441865
9.74783 0.442132
9.77186 0.44249
9.79469 0.442804
9.81993 0.443453
9.84396 0.444147
9.86799 0.444878
9.89323 0.446019
9.91606 0.447016
9.94009 0.448014
9.96652 0.449262
9.98935 0.45048
10.0134 0.45167
10.0362 0.452711
10.0602 0.453747
10.0855 0.455029
10.1095 0.456275
10.1323 0.457366
10.1552 0.45832
10.178 0.45928
10.2008 0.459995
10.2249 0.460746
10.2477 0.461402
10.2705 0.462102
10.2922 0.462589
10.3138 0.462766
10.3366 0.46292
10.3594 0.46318
10.3835 0.463532
10.4039 0.463466
10.4279 0.463158
10.452 0.463013
10.476 0.463011
10.4976 0.46276
10.5229 0.462665
10.5481 0.462707
10.5721 0.462743
10.5986 0.463151
10.619 0.463132
10.637 0.46324
10.8205 0.48396
10.8515 0.450215
11.0334 0.420563
11.0645 0.394618
11.0899 0.372166
11.2471 0.352395
11.2716 0.335221
11.2944 0.320193
11.3172 0.307169
11.3425 0.296023
11.3653 0.28627
11.46 0.277111
11.4842 0.269347
11.5082 0.262679
11.5311 0.256844
11.5575 0.252114
11.5803 0.247974
11.6068 0.244728
11.6344 0.242637
11.662 0.241432
11.6897 0.240878
11.7173 0.240893
11.7461 0.241657
11.7738 0.2427
11.799 0.244112
11.823 0.245973
11.8471 0.248226
11.8711 0.250698
11.8975 0.253736
11.9192 0.256769
11.9456 0.260298
11.9696 0.264011
11.9961 0.268259
12.0189 0.272227
12.0429 0.276323
12.067 0.280533
12.0874 0.284466
12.1066 0.287908
12.127 0.291045
12.1439 0.293414
12.1607 0.295237
12.1775 0.296583
12.1931 0.297385
12.21 0.297712
12.2268 0.297623
12.2424 0.29717
12.2592 0.296524
12.2857 0.296083
12.3133 0.295198
12.3445 0.294298
12.3758 0.293386
12.4082 0.292713
12.4407 0.292124
12.4731 0.291733
12.4971 0.291016
12.5176 0.290139
12.5404 0.289622
12.5632 0.289419
12.5861 0.289617
12.6077 0.28979
12.6305 0.290191
12.6521 0.290667
12.6726 0.290959
12.6966 0.291589
12.7194 0.292515
12.7399 0.293201
12.7627 0.294051
12.7867 0.295169
12.8059 0.295898
12.8276 0.296661
12.8504 0.297703
12.872 0.29874
12.8961 0.300023
12.9165 0.30102
12.9393 0.302143
12.9622 0.303375
12.9838 0.304578
13.0054 0.305756
13.0282 0.307036
13.0499 0.308157
13.0727 0.309387
13.0955 0.310714
13.1148 0.311749
13.1388 0.313031
13.1604 0.314277
13.182 0.315492
13.2049 0.316681
13.2265 0.317971
13.2517 0.319599
13.271 0.320774
13.295 0.322303
13.3178 0.323765
13.3383 0.325044
13.3623 0.326664
13.3851 0.328331
13.4055 0.329664
13.4272 0.330956
13.4488 0.332087
13.4704 0.333201
13.4945 0.334676
13.5149 0.335841
13.5389 0.337236
13.5606 0.338582
13.5822 0.339884
13.605 0.341273
13.6278 0.342739
13.6519 0.344397
13.6747 0.346097
13.6987 0.34796
13.724 0.35009
13.7492 0.352579
13.7744 0.355381
13.8009 0.358459
13.8273 0.361901
13.8525 0.365414
13.8778 0.368987
13.9018 0.372614
13.9258 0.376162
13.9487 0.379517
13.9727 0.382827
13.9931 0.385724
14.0136 0.388133
14.0328 0.390117
14.0532 0.391852
14.0724 0.393121
14.0881 0.393855
14.1025 0.394124
14.1205 0.394608
14.1373 0.395032
14.1541 0.395528
14.1674 0.395462
14.1842 0.395404
14.201 0.395479
14.2166 0.395294
14.2347 0.395257
14.2515 0.39535
14.2695 0.395556
14.2863 0.395737
14.3055 0.39627
14.3236 0.396861
14.35 0.398003
14.3776 0.398878
14.4065 0.399768
14.4341 0.400547
14.463 0.401354
14.4906 0.40206
14.5206 0.402927
14.5483 0.403686
14.5771 0.4046
14.6023 0.4054
14.6228 0.405975
14.6432 0.406603
14.6696 0.407778
14.6877 0.408556
14.7093 0.409611
14.7297 0.41066
14.7501 0.411827
14.7706 0.412974
14.7922 0.414352
14.8114 0.415558
14.833 0.416988
14.8523 0.41824
14.8739 0.419585
14.8931 0.420887
14.916 0.422401
14.934 0.423601
14.9556 0.425026
14.976 0.426522
14.9965 0.427957
15.0181 0.429588
15.0385 0.431139
15.0577 0.432497
15.0782 0.43406
15.0986 0.435552
15.119 0.437108
15.1407 0.43872
15.1611 0.44038
15.1803 0.441832
15.2007 0.443228
15.2224 0.444825
15.2416 0.446222
15.2632 0.447819
15.2836 0.449342
15.3041 0.450924
15.3245 0.452433
15.3449 0.453879
15.3654 0.455394
15.387 0.45697
15.4062 0.458474
15.4266 0.459915
15.4471 0.461425
15.4711 0.463372
15.4915 0.465201
15.5132 0.4673
15.5336 0.469263
15.5516 0.470855
15.5732 0.472623
15.5937 0.474295
15.6165 0.476258
15.6357 0.477976
15.6585 0.479979
15.6766 0.481607
15.6994 0.483531
15.7198 0.485339
15.7403 0.487172
15.7619 0.489026
15.7847 0.491147
15.8015 0.492754
15.8196 0.494035
15.8364 0.494905
15.8556 0.495667
15.8724 0.496084
15.8869 0.495823
15.9049 0.49547
15.9205 0.494912
15.9385 0.494298
15.9565 0.493635
15.9746 0.492931
15.9938 0.492315
16.0118 0.49165
16.031 0.491194
16.0515 0.49092
16.0683 0.49043
16.0887 0.490126
16.1067 0.489735
16.1248 0.489268
16.1464 0.489235
16.1656 0.489205
16.18 0.48893
16.1969 0.488814
16.2125 0.488837
16.2269 0.488732
16.2413 0.488516
16.2581 0.488576
16.2714 0.488379
16.287 0.488207
16.3026 0.488181
16.3194 0.488408
16.335 0.488607
16.3531 0.488781
16.3675 0.488559
16.3867 0.488864
16.418 0.490881
16.4432 0.491021
16.4696 0.491268
16.4949 0.491485
16.5201 0.491799
16.5417 0.491449
16.5682 0.491393
16.5934 0.491344
16.6198 0.491301
16.6439 0.491138
16.6643 0.490871
16.6859 0.490887
16.7051 0.491026
16.7232 0.491148
16.74 0.490879
16.7592 0.490895
16.7772 0.490908
16.7965 0.491044
16.8145 0.491164
16.8337 0.491393
16.8517 0.491594
16.8698 0.49177
16.889 0.492174
16.907 0.492652
16.925 0.49307
16.9443 0.493562
16.9623 0.494116
16.9815 0.494727
16.9995 0.495261
17.0188 0.495978
17.0368 0.496606
17.056 0.497405
17.0728 0.49798
17.0933 0.498857
17.1101 0.4995
17.1293 0.500188
17.1485 0.501039
17.1654 0.501659
17.1858 0.502452
17.2038 0.50327
17.223 0.504237
17.2423 0.505207
17.2579 0.505806
17.2747 0.506205
17.2939 0.50668
17.3132 0.50747
17.3312 0.508161
17.348 0.508516
17.366 0.508951
17.3852 0.509582
17.4045 0.51026
17.4225 0.510852
17.4381 0.511246
17.4549 0.51134
17.473 0.511422
17.4898 0.511495
17.509 0.511808
17.527 0.512082
17.5439 0.512072
17.5619 0.512188
17.5811 0.512539
17.5967 0.512472
17.6136 0.512413
17.6292 0.512111
17.646 0.511597
17.6628 0.511148
17.6808 0.510754
17.6977 0.510285
17.7109 0.509249
17.7301 0.508718
17.7457 0.507878
17.7613 0.506894
17.7758 0.505657
17.7938 0.504575
17.8106 0.503503
17.8298 0.502815
17.8455 0.501963
17.8623 0.501093
17.8791 0.500331
17.8971 0.499665
17.9152 0.499082
17.932 0.498321
17.95 0.497781
17.9668 0.497184
17.9836 0.496536
18.0029 0.496219
18.0197 0.495816
18.0389 0.495589
18.0569 0.495516
18.075 0.495451
18.093 0.495395
18.111 0.49547
18.1266 0.495287
18.1435 0.495001
18.1555 0.494501
18.1723 0.494438
18.1855 0.494258
18.2011 0.494226
18.2168 0.494323
18.23 0.494282
18.2456 0.494497
18.2588 0.49456
18.2756 0.49499
18.2901 0.495366
18.3057 0.49582
18.3225 0.496593
18.3369 0.497019
18.3561 0.497891
18.3706 0.49828
18.4042 0.500745
18.4282 0.500902
18.4511 0.500914
18.4727 0.50055
18.4955 0.500231
18.5184 0.499827
18.5436 0.499724
18.5652 0.499383
18.5892 0.49921
18.6121 0.499059
18.6349 0.498677
18.6529 0.497967
18.671 0.497471
18.689 0.497037
18.707 0.496908
18.725 0.496919
18.7431 0.497054
18.7587 0.496923
18.7779 0.497057
18.7947 0.497175
18.8115 0.497278
18.8272 0.497243
18.8476 0.497713
18.862 0.497874
18.8788 0.49789
18.8969 0.498028
18.9149 0.498275
18.9341 0.498866
18.9509 0.499257
18.9702 0.499975
18.9882 0.500853
19.0062 0.501747
19.0206 0.502153
19.0386 0.502634
19.0567 0.50318
19.0735 0.503657
19.0939 0.50445
19.1107 0.505144
19.1264 0.505751
19.1456 0.506532
19.1612 0.507091
19.1744 0.507079
19.1888 0.506694
19.2069 0.506483
19.2237 0.506297
19.2393 0.506135
19.2549 0.505743
19.2706 0.505275
19.2874 0.504866
19.3066 0.504758
19.3234 0.504663
19.3378 0.504205
19.3547 0.503804
19.3715 0.503579
19.3871 0.503257
19.4051 0.503099
19.422 0.502837
19.4376 0.502482
19.452 0.501797
19.4688 0.501197
19.4856 0.500673
19.5025 0.500339
19.5157 0.499546
19.5325 0.498853
19.5481 0.498121
19.5649 0.497356
19.5794 0.496437
19.5926 0.495132
19.6118 0.494241
19.6274 0.493461
19.6431 0.492653
19.6563 0.491446
19.6731 0.490391
19.6899 0.489342
19.7043 0.488174
19.72 0.486902
19.7344 0.485539
19.7524 0.484597
19.768 0.483647
19.786 0.482941
19.8029 0.482199
19.8197 0.481549
19.8377 0.481105
19.8569 0.480967
19.875 0.481096
19.8942 0.481584
19.9098 0.481761
19.9278 0.482041
19.9447 0.482286
19.9615 0.4825
19.9795 0.482813
19.9963 0.483086
20.0143 0.483575
20.0324 0.484128
20.0516 0.484862
20.0672 0.48538
20.084 0.485832
20.0985 0.485853
20.1177 0.486121
20.1333 0.486231
20.1453 0.486202
20.1633 0.486677
20.1754 0.486967
20.1886 0.487222
20.203 0.487444
20.215 0.487638
20.2294 0.487934
20.2427 0.488192
20.2559 0.488293
20.2691 0.488506
20.2811 0.488568
20.2955 0.488747
20.3075 0.488654
20.322 0.488697
20.3364 0.488985
20.3496 0.489112
20.364 0.489473
20.3953 0.492039
20.4169 0.492534
20.4385 0.492967
20.4601 0.493221
20.4806 0.493194
20.5034 0.493294
20.5238 0.493133
20.5455 0.492991
20.5695 0.493117
20.5899 0.492977
20.6103 0.49273
20.632 0.492264
20.6488 0.491606
20.6668 0.491155
20.6836 0.490886
20.7005 0.49065
20.7161 0.490444
20.7353 0.490513
20.7533 0.490824
20.7678 0.490721
20.7846 0.490756
20.8014 0.490912
20.817 0.490923
20.8326 0.490807
20.8483 0.490706
20.8627 0.490493
20.8795 0.490431
20.8951 0.490377
20.9107 0.49033
20.9276 0.490414
20.942 0.490237
20.9576 0.490208
20.9732 0.490182
20.9888 0.490034
21.0057 0.490155
21.0213 0.49026
21.0345 0.489978
21.0501 0.489731
21.0657 0.489514
21.0826 0.48945
21.0982 0.489394
21.1138 0.489345
21.1306 0.489426
21.1487 0.489748
21.1655 0.49028
21.1811 0.490745
21.1967 0.491027
21.2147 0.491523
21.2292 0.491958
21.246 0.492338
21.2616 0.492671
21.2772 0.493087
21.2941 0.493576
21.3097 0.493879
21.3229 0.493894
21.3361 0.493657
21.3505 0.4932
21.3649 0.492675
21.3782 0.491966
21.3962 0.491595
21.4106 0.491021
21.4238 0.490268
21.4406 0.489735
21.4527 0.488768
21.4671 0.487922
21.4815 0.486932
21.4971 0.486065
21.5103 0.485057
21.5248 0.483925
21.5404 0.482934
21.5548 0.481817
21.5716 0.48109
21.5872 0.480454
21.6041 0.480022
21.6197 0.479644
21.6341 0.479189
21.6509 0.47879
21.6677 0.478692
21.6822 0.47848
21.6978 0.47817
21.7146 0.478149
21.7302 0.47813
21.7459 0.477989
21.7639 0.478115
21.7783 0.478226
21.7963 0.478573
21.8131 0.479001
21.83 0.479501
21.8456 0.479938
21.8636 0.480571
21.8792 0.48125
21.8949 0.481718
21.9117 0.482254
21.9285 0.482847
21.9441 0.483491
21.9633 0.48443
21.9778 0.485001
21.9886 0.485001
22.003 0.484751
22.0138 0.483907
22.027 0.483044
22.0342 0.481163
22.0438 0.478643
22.0511 0.475562
22.0547 0.471242
22.0595 0.466087
22.0643 0.460201
22.0679 0.453676
22.0703 0.446841
22.0727 0.439486
22.2718 0.456425
22.287 0.425497
22.4829 0.398685
22.4985 0.375349
22.5129 0.354681
22.694 0.336721
22.7096 0.321006
22.7264 0.307505
22.7432 0.295942
22.7589 0.285824
22.7745 0.277096
22.9044 0.268834
22.9216 0.26173
22.936 0.255389
22.954 0.250215
22.9696 0.245813
22.984 0.241961
23.0021 0.238841
23.0153 0.235861
23.0321 0.233503
23.0513 0.231941
23.0645 0.230323
23.0802 0.228908
23.115 0.226669
23.1318 0.224836
23.1499 0.223606
23.1655 0.22253
23.1835 0.221964
23.2015 0.221844
23.2159 0.221613
23.2352 0.222036
23.2508 0.222407
23.2712 0.223356
23.2904 0.224687
23.3085 0.226226
23.3277 0.228072
23.3457 0.230063
23.3649 0.232181
23.383 0.234408
23.4022 0.236982
23.4214 0.239734
23.4394 0.242517
23.4551 0.245203
23.4719 0.248052
23.4899 0.251296
23.5043 0.254509
23.5212 0.25782
23.538 0.261218
23.5524 0.264566
23.5704 0.268245
23.586 0.271964
23.6017 0.275594
23.6197 0.279394
23.6353 0.28322
23.6509 0.286943
23.6677 0.290825
23.6822 0.294597
23.6954 0.298022
23.7086 0.301144
23.7218 0.303876
23.7338 0.306267
23.7483 0.308733
23.7651 0.310517
23.7807 0.311452
23.7951 0.311521
23.8131 0.311331
23.83 0.310664
23.8456 0.309581
23.8624 0.308134
23.8816 0.306742
23.8973 0.305024
23.9189 0.303646
23.9393 0.30244
23.9537 0.30101
23.9718 0.300009
23.9862 0.299133
24.003 0.298491
24.0198 0.29818
24.0366 0.298157
24.0535 0.298263
24.0679 0.29823
24.0859 0.298576
24.1015 0.299004
24.1183 0.299629
24.1364 0.30055
24.1496 0.300981
24.1676 0.301734
24.1844 0.302642
24.2001 0.303562
24.2157 0.304366
24.2349 0.305446
24.2505 0.306515
24.2661 0.307576
24.2818 0.308504
24.2974 0.309441
24.3142 0.310386
24.3298 0.311212
24.3479 0.312311
24.3635 0.313397
24.3791 0.314472
24.3971 0.315663
24.4103 0.316455
24.4296 0.317648
24.4464 0.318942
24.4608 0.31995
24.4788 0.321206
24.4932 0.32218
24.5101 0.323283
24.5269 0.324372
24.5437 0.325576
24.5605 0.326879
24.5774 0.328144
24.593 0.329251
24.611 0.33072
24.6254 0.33188
24.6434 0.33327
24.6603 0.334611
24.6735 0.335535
24.6915 0.336718
24.7083 0.338003
24.7228 0.339003
24.742 0.340252
24.7564 0.341346
24.7732 0.342553
24.79 0.343858
24.8057 0.345001
24.8225 0.346251
24.8381 0.347345
24.8561 0.348677
24.8717 0.349842
24.8874 0.350987
24.9042 0.352238
24.921 0.353459
24.9366 0.354526
24.9547 0.355835
24.9703 0.357106
24.9859 0.358218
25.0027 0.359316
25.0171 0.360276
25.034 0.361242
25.052 0.362461
25.0676 0.363654
25.0844 0.364947
25.0989 0.365829
25.1169 0.366975
25.1313 0.367978
25.1481 0.369106
25.1673 0.370593
25.1818 0.371644
25.1986 0.372813
25.2142 0.373961
25.2298 0.374966
25.2466 0.376096
25.2647 0.377334
25.2815 0.378667
25.2995 0.380209
25.3163 0.381807
25.3344 0.383582
25.3524 0.385384
25.3704 0.387336
25.3896 0.389544
25.4089 0.391851
25.4293 0.394495
25.4497 0.397308
25.4665 0.400144
25.4846 0.403251
25.5002 0.406345
25.517 0.409552
25.535 0.412983
25.5495 0.41611
25.5651 0.419221
25.5795 0.422069
25.5939 0.424685
25.6083 0.427224
25.6215 0.429571
25.636 0.43175
25.6516 0.434031
25.6636 0.435902
25.6744 0.437289
25.6876 0.438503
25.6984 0.439315
25.7129 0.440151
25.7297 0.440382
25.7477 0.440084
25.7633 0.439199
25.7826 0.438049
25.8018 0.436793
25.8234 0.435694
25.8414 0.434357
25.8607 0.432812
25.8811 0.431461
25.9051 0.430528
25.9244 0.429462
25.94 0.428279
25.958 0.427494
25.976 0.427183
25.9928 0.42691
26.0097 0.426796
26.0253 0.426697
26.0421 0.426735
26.0589 0.426643
26.077 0.426812
26.0938 0.427086
26.1118 0.427575
26.1298 0.428253
26.1442 0.428722
26.1623 0.429381
26.1791 0.429959
26.1959 0.430464
26.2139 0.431156
26.232 0.432011
26.2476 0.43276
26.2644 0.43354
26.2824 0.434472
26.298 0.435288
26.3161 0.436127
26.3341 0.437111
26.3509 0.437973
26.3677 0.438851
26.3858 0.43987
26.4014 0.440761
26.4182 0.441666
26.4362 0.442583
26.4531 0.44351
26.4699 0.444321
26.4867 0.445156
26.5035 0.446011
26.5203 0.446885
26.5372 0.447774
26.554 0.448553
26.572 0.449483
26.59 0.450548
26.6057 0.451355
26.6237 0.45231
26.6405 0.453271
26.6561 0.454113
26.6741 0.455098
26.6922 0.456086
26.7078 0.456825
26.7246 0.457597
26.7426 0.458523
26.7583 0.459332
26.7751 0.460166
26.7931 0.461145
26.8099 0.461877
26.828 0.462767
26.8448 0.463671
26.8616 0.464587
26.8784 0.465514
26.8952 0.46645
26.9121 0.467394
26.9301 0.468469
26.9469 0.469286
26.9625 0.47
26.9806 0.470875
26.9962 0.471641
27.0118 0.472186
27.0286 0.472787
27.049 0.473939
27.0647 0.474697
27.0815 0.475484
27.0983 0.476299
27.1151 0.477137
27.1332 0.478119
27.1512 0.47923
27.1668 0.480076
27.186 0.481191
27.2029 0.482167
27.2185 0.483022
27.2365 0.484019
27.2533 0.485016
27.2701 0.486014
27.2894 0.487263
27.3074 0.488605
27.3254 0.489904
27.3422 0.491166
27.3603 0.49252
27.3759 0.49358
27.3879 0.494133
27.3987 0.494491
27.4107 0.49468
27.4251 0.495095
27.436 0.495083
27.4492 0.495198
27.4648 0.495298
27.4804 0.495011
27.4912 0.494259
27.5069 0.493477
27.5189 0.492167
27.5321 0.490271
27.5477 0.488487
27.5621 0.486802
27.5898 0.486576
27.6078 0.483754
27.627 0.481035
27.6474 0.478531
27.6667 0.475964
27.6859 0.473469
27.7063 0.47116
27.728 0.469015
27.7508 0.467388
27.7724 0.465965
27.7928 0.464594
27.8097 0.463145
27.8253 0.461877
27.8421 0.460892
27.8577 0.459906
27.8745 0.459167
27.8926 0.458647
27.9094 0.458316
27.9238 0.457776
27.9382 0.457179
27.9563 0.456907
27.9731 0.456793
27.9887 0.456569
28.0031 0.456248
28.0187 0.455717
28.0356 0.455377
28.0536 0.45533
28.0704 0.455414
28.0872 0.455612
28.1029 0.455661
28.1197 0.455828
28.1365 0.4561
28.1521 0.456337
28.1677 0.45642
28.187 0.456868
28.2026 0.457259
28.2194 0.457727
28.235 0.458136
28.2518 0.458494
28.2687 0.458932
28.2843 0.459316
28.3023 0.459901
28.3191 0.460539
28.3348 0.460971
28.3504 0.46135
28.3684 0.461931
28.3852 0.462565
28.3984 0.462744
28.4165 0.463151
28.4309 0.463257
28.4501 0.46385
28.4669 0.464369
28.4838 0.464948
28.4994 0.465454
28.515 0.465897
28.5318 0.466285
28.5498 0.466875
28.5643 0.467265
28.5823 0.467857
28.5991 0.4685
28.6147 0.468937
28.6316 0.469445
28.6484 0.470015
28.6628 0.470263
28.6796 0.470605
28.6964 0.471029
28.7133 0.471526
28.7301 0.472085
28.7469 0.472449
28.7613 0.472643
28.7782 0.472938
28.7938 0.473071
28.8106 0.473312
28.8274 0.473648
28.843 0.473942
28.8623 0.474574
28.8779 0.475002
28.8935 0.475377
28.9103 0.47583
28.9259 0.476101
28.944 0.476589
28.9608 0.47714
28.9788 0.477872
28.9956 0.478638
29.0125 0.479434
29.0281 0.480129
29.0437 0.480613
29.0605 0.481162
29.0749 0.481391
29.0942 0.482092
29.111 0.482706
29.1278 0.483368
29.1446 0.484072
29.1615 0.484813
29.1771 0.485461
29.1915 0.485779
29.2059 0.485806
29.2191 0.48558
29.2324 0.485008
29.2444 0.484382
29.2576 0.483834
29.2696 0.48323
29.2816 0.482701
29.2924 0.481988
29.3045 0.48124
29.3153 0.480085
29.3321 0.478824
29.3465 0.477596
29.3585 0.476022
29.3729 0.474269
29.3886 0.47286
29.4042 0.471378
29.4186 0.469706
29.4522 0.468117
29.4727 0.466478
29.4919 0.464793
29.5087 0.462819
29.5292 0.460967
29.5544 0.459846
29.5724 0.45849
29.5928 0.457054
29.6121 0.455672
29.6313 0.454213
29.6505 0.452561
29.6673 0.451241
29.683 0.449961
29.6986 0.448841
29.7154 0.447986
29.731 0.447238
29.7478 0.446583
29.7647 0.446135
29.7791 0.445743
29.7959 0.4454
29.8115 0.4451
29.8271 0.444963
29.844 0.444842
29.8584 0.444737
29.8764 0.44502
29.8908 0.445017
29.9077 0.445265
29.9233 0.445607
29.9389 0.445781
29.9557 0.446184
29.9713 0.446661
29.9894 0.447328
30.0026 0.447662
30.0206 0.448329
30.0362 0.449038
30.0518 0.449533
30.0675 0.450092
30.0843 0.45083
30.0987 0.451226
30.1155 0.451823
30.1312 0.45247
30.1468 0.452911
30.1636 0.453548
30.1792 0.454229
30.1948 0.4547
30.2105 0.455238
30.2273 0.455958
30.2429 0.456588
30.2597 0.457265
30.2753 0.457982
30.291 0.458609
30.3066 0.459158
30.3222 0.459763
30.3366 0.460168
30.3534 0.460647
30.3691 0.461191
30.3847 0.461667
30.4015 0.462209
30.4171 0.462808
30.4328 0.463332
30.4484 0.46379
30.464 0.464191
30.4808 0.464792
30.4976 0.465568
30.5133 0.466247
30.5301 0.467091
30.5433 0.46758
30.5601 0.468133
30.5757 0.468616
30.5938 0.469414
30.6082 0.469987
30.6262 0.470864
30.6418 0.471631
30.6575 0.472302
30.6743 0.473139
30.6899 0.473872
30.7043 0.474513
30.7163 0.474574
30.7356 0.475127
30.75 0.475486
30.7668 0.475925
30.7824 0.476435
30.798 0.477005
30.8125 0.477255
30.8281 0.477598
30.8425 0.477773
30.8581 0.477926
30.8737 0.478061
30.8906 0.478428
30.9062 0.47875
30.9158 0.478281
30.9314 0.477996
30.9494 0.478121
30.9639 0.477981
30.9807 0.478108
30.9939 0.47797
31.0107 0.477974
31.0251 0.477977
31.0408 0.47798
31.0552 0.477857
31.0672 0.47775
31.078 0.477531
31.09 0.47734
31.102 0.477047
31.1141 0.476542
31.1273 0.475724
31.1417 0.474633
31.1561 0.473679
31.1681 0.472469
31.1801 0.471411
31.1982 0.470359
31.2102 0.469189
31.2258 0.467916
31.2402 0.466676
31.2691 0.465467
31.2871 0.464158
31.3063 0.462764
31.3231 0.461168
31.3424 0.459522
31.3616 0.457957
31.3796 0.456337
31.3976 0.454545
31.4181 0.453102
31.4397 0.451839
31.4577 0.450484
31.4733 0.449049
31.489 0.447793
31.5058 0.446819
31.5202 0.445966
31.5358 0.44522
31.5502 0.444568
31.5671 0.444247
31.5815 0.443716
31.5983 0.443502
31.6139 0.443314
31.6295 0.443275
31.6452 0.443365
31.6596 0.443445
31.6752 0.443639
31.6896 0.443684
31.7064 0.443974
31.7209 0.444102
31.7377 0.444464
31.7521 0.444906
31.7689 0.445418
31.7822 0.445741
31.7978 0.446023
31.8134 0.446395
31.829 0.446971
31.8446 0.447474
31.8603 0.44804
31.8759 0.448535
31.8903 0.449093
31.9059 0.449582
31.9215 0.450134
31.9348 0.450367
31.9516 0.450821
31.966 0.451219
31.9828 0.451816
31.9972 0.452339
32.0141 0.453047
32.0285 0.453541
32.0453 0.454348
32.0597 0.45493
32.0741 0.455439
32.091 0.456009
32.1042 0.456383
32.121 0.457085
32.1354 0.457574
32.1522 0.458252
32.1667 0.458721
32.1835 0.459381
32.1979 0.459958
32.2123 0.460463
32.2279 0.460905
32.2436 0.461417
32.2592 0.46199
32.2748 0.462616
32.2904 0.463289
32.306 0.464003
32.3205 0.464503
32.3373 0.46519
32.3529 0.465916
32.3697 0.466802
32.3842 0.467576
32.3998 0.468254
32.413 0.468723
32.4298 0.469382
32.4466 0.470209
32.4623 0.471058
32.4779 0.471801
32.4947 0.472826
32.5103 0.473848
32.5247 0.474617
32.5392 0.47529
32.5536 0.475753
32.5692 0.476409
32.5836 0.476858
32.5968 0.477001
32.6113 0.477126
32.6269 0.477235
32.6437 0.477706
32.6557 0.477742
32.6701 0.477775
32.6846 0.477678
32.6978 0.477343
32.7146 0.477425
32.7302 0.477622
32.7446 0.477669
32.7591 0.477711
32.7759 0.477872
32.7891 0.478013
32.8035 0.478011
32.8167 0.47776
32.8323 0.477665
32.848 0.477582
32.8624 0.477634
32.878 0.477805
32.8924 0.477829
32.9056 0.477601
32.9177 0.4774
32.9273 0.476975
32.9393 0.476603
32.9513 0.476278
32.9645 0.475493
32.9789 0.474557
32.9934 0.473862
33.0102 0.473504
33.0234 0.473066
33.039 0.472683
33.0486 0.471723
33.0619 0.470882
33.0751 0.470022
33.0895 0.469144
33.1039 0.468001
33.1303 0.467001
33.146 0.465626
33.1652 0.464423
33.1808 0.462745
33.2 0.461277
33.2181 0.459867
33.2385 0.458634
33.2565 0.457305
33.2745 0.456016
33.2938 0.454764
33.313 0.453544
33.331 0.452351
33.3478 0.451557
33.3611 0.450737
33.3743 0.44977
33.3863 0.448549
33.3971 0.44698
33.4067 0.444983
33.4175 0.442735
33.4271 0.440143
33.438 0.437375
33.4476 0.434328
33.4584 0.431162
33.468 0.427767
33.4788 0.424296
33.4884 0.420759
33.498 0.417039
33.5088 0.413284
33.5185 0.409374
33.5269 0.405202
33.5317 0.400427
33.5365 0.394998
33.5413 0.389124
33.5461 0.382733
33.7501 0.361017
33.7645 0.342014
33.9619 0.325638
33.9763 0.311433
33.9907 0.299004
34.1716 0.287878
34.186 0.278019
34.2028 0.269766
34.2172 0.262545
34.2329 0.256352
34.2461 0.250808
34.3823 0.245832
34.3967 0.241353
34.4123 0.237684
34.4267 0.234474
34.4436 0.231914
34.458 0.229675
34.4736 0.227841
34.488 0.226361
34.5036 0.225066
34.5181 0.224057
34.5349 0.2233
34.5481 0.222638
34.5923 0.221058
34.6068 0.219676
34.6236 0.218716
34.638 0.217877
34.6524 0.217142
34.668 0.216749
34.6837 0.216406
34.6981 0.21623
34.7149 0.216326
34.7281 0.216285
34.7437 0.216375
34.7582 0.216453
34.775 0.216771
34.7882 0.216925
34.805 0.217434
34.8182 0.21763
34.8351 0.218176
34.8483 0.218404
34.8663 0.219104
34.8795 0.219591
34.8939 0.219892
34.9108 0.22053
34.9252 0.221089
34.942 0.221953
34.9576 0.222709
34.9732 0.22362
34.9877 0.224293
35.0045 0.225256
35.0201 0.226224
35.0381 0.227571
35.0526 0.22875
35.0706 0.230156
35.085 0.231386
35.1042 0.233088
35.1186 0.234577
35.1379 0.23638
35.1511 0.237958
35.1703 0.239838
35.1847 0.241483
35.2028 0.243298
35.2196 0.24526
35.2388 0.247603
35.2556 0.249903
35.2712 0.252165
35.2869 0.254144
35.3037 0.256251
35.3205 0.258345
35.3373 0.260552
35.3517 0.262358
35.3698 0.264438
35.3866 0.266508
35.3998 0.26857
35.4142 0.270748
35.4262 0.27278
35.4407 0.274807
35.4539 0.276832
35.4683 0.278978
35.4827 0.281105
35.4935 0.282967
35.5056 0.284596
35.5176 0.286147
35.5296 0.287503
35.5416 0.288815
35.5536 0.289964
35.5656 0.291093
35.5777 0.292081
35.5897 0.292946
35.6005 0.293703
35.6137 0.29449
35.6269 0.295429
35.6449 0.296
35.6618 0.29625
35.681 0.296469
35.6966 0.296285
35.7146 0.295875
35.7339 0.295515
35.7519 0.295076
35.7723 0.294941
35.7903 0.294574
35.8108 0.294377
35.83 0.294205
35.8456 0.293929
35.8612 0.293813
35.8768 0.293836
35.8925 0.294107
35.9081 0.294594
35.9237 0.295144
35.9393 0.295876
35.955 0.296767
35.9682 0.297546
35.9826 0.298228
35.9982 0.299199
36.0138 0.300174
36.0295 0.301278
36.0439 0.302368
36.0607 0.303697
36.0727 0.304735
36.0883 0.305893
36.1027 0.306906
36.1184 0.308168
36.134 0.309397
36.1484 0.310597
36.1652 0.312148
36.1785 0.313379
36.1941 0.314707
36.2097 0.316118
36.2241 0.317479
36.2397 0.318919
36.2542 0.320304
36.2686 0.321516
36.2842 0.322951
36.2974 0.324083
36.3142 0.325447
36.3287 0.326766
36.3455 0.328296
36.3599 0.329634
36.3743 0.331054
36.3899 0.332423
36.4044 0.33387
36.4212 0.335511
36.4344 0.336822
36.45 0.338344
36.4644 0.339676
36.4776 0.340717
36.4945 0.342127
36.5089 0.343361
36.5257 0.344816
36.5401 0.346339
36.5546 0.347672
36.5714 0.349338
36.5846 0.350671
36.6014 0.352212
36.6158 0.353685
36.6291 0.354975
36.6447 0.356228
36.6591 0.357574
36.6759 0.359003
36.6903 0.360377
36.7072 0.36208
36.7216 0.36357
36.736 0.364999
36.7528 0.366624
36.7672 0.368171
36.7829 0.369775
36.7961 0.371178
36.8129 0.372656
36.8273 0.374199
36.8417 0.375549
36.8598 0.37723
36.8742 0.378951
36.891 0.380707
36.9054 0.382494
36.921 0.384307
36.9379 0.386144
36.9547 0.388251
36.9715 0.39047
36.9871 0.392661
37.0015 0.394703
37.016 0.39649
37.0316 0.398304
37.0484 0.400391
37.064 0.402467
37.0784 0.404409
37.0941 0.406358
37.1073 0.407938
37.1253 0.409946
37.1373 0.411452
37.1541 0.413146
37.1686 0.414753
37.183 0.416159
37.1986 0.417639
37.213 0.419184
37.2286 0.420661
37.2431 0.422203
37.2587 0.423678
37.2767 0.425468
37.2935 0.427535
37.3092 0.429593
37.326 0.431644
37.3416 0.433813
37.3572 0.435962
37.3692 0.437966
37.3837 0.440096
37.3981 0.442459
37.4125 0.444901
37.4257 0.447414
37.4389 0.449862
37.4521 0.452379
37.4654 0.454832
37.4798 0.457353
37.493 0.459934
37.5038 0.462067
37.517 0.464309
37.529 0.466395
37.5399 0.468096
37.5507 0.469584
37.5615 0.471011
37.5735 0.472384
37.5843 0.473586
37.5951 0.474638
37.6192 0.475558
37.636 0.476114
37.6528 0.476474
37.6684 0.47654
37.6853 0.476348
37.7033 0.476179
37.7189 0.475657
37.7369 0.4752
37.7562 0.47505
37.7754 0.475043
37.7934 0.474913
37.8114 0.474799
37.8258 0.474449
37.8403 0.474393
37.8535 0.474219
37.8679 0.474066
37.8823 0.474183
37.8979 0.47441
37.9124 0.474734
37.9268 0.475142
37.94 0.475374
37.9556 0.475953
37.97 0.476584
37.9857 0.477261
37.9989 0.477853
38.0145 0.478621
38.0277 0.479169
38.0409 0.479648
38.0553 0.480192
38.0686 0.480543
38.0842 0.481225
38.0986 0.481822
38.1154 0.482844
38.1298 0.483739
38.1467 0.484896
38.1599 0.485909
38.1755 0.487046
38.1899 0.48804
38.2055 0.489285
38.2212 0.490624
38.2344 0.491671
38.25 0.492962
38.2632 0.493967
38.28 0.495346
38.2981 0.496553
38.3161 0.497609
38.3317 0.498658
38.3473 0.4997
38.3606 0.500613
38.3738 0.501286
38.3906 0.502126
38.4062 0.502985
38.4206 0.503612
38.4363 0.50441
38.4507 0.505109
38.4651 0.50572
38.4795 0.50613
38.4939 0.506364
38.5096 0.506819
38.524 0.507091
38.5384 0.507455
38.5516 0.507773
38.5648 0.507926
38.578 0.508061
38.5937 0.508178
38.6081 0.508406
38.6249 0.50848
38.6393 0.50867
38.6561 0.508836
38.6706 0.508982
38.6874 0.509359
38.703 0.509939
38.7174 0.510197
38.7343 0.510547
38.7475 0.510854
38.7619 0.510872
38.7763 0.511138
38.7919 0.511121
38.81 0.511106
38.828 0.511092
38.8436 0.511206
38.858 0.51118
38.8736 0.511408
38.8845 0.511232
38.8989 0.510828
38.9157 0.510599
38.9289 0.510274
38.9457 0.510115
38.9614 0.510226
38.9758 0.510197
38.9902 0.510298
39.0034 0.510261
39.019 0.510228
39.0323 0.510074
39.0455 0.50969
39.0611 0.509604
39.0731 0.509403
39.0863 0.509103
39.1007 0.50884
39.1176 0.50886
39.1356 0.509128
39.1512 0.509487
39.168 0.509801
39.1837 0.510201
39.1933 0.510426
39.2053 0.510747
39.2161 0.511029
39.2305 0.511275
39.2473 0.511491
39.2618 0.511805
39.2762 0.512204
39.2894 0.512304
39.305 0.512516
39.323 0.512701
39.3399 0.512613
39.3507 0.511912
39.3627 0.510923
39.3771 0.510057
39.3867 0.50905
39.4144 0.507794
39.43 0.50632
39.4456 0.504655
39.4612 0.502948
39.4756 0.500954
39.4913 0.49896
39.5081 0.49709
39.5237 0.495079
39.5405 0.493069
39.5573 0.491185
39.5754 0.489537
39.5946 0.48822
39.6078 0.486693
39.6234 0.485606
39.6379 0.48478
39.6511 0.484058
39.6679 0.483675
39.6799 0.483216
39.6943 0.482939
39.7075 0.482572
39.722 0.482375
39.7388 0.482578
39.7508 0.482631
39.7652 0.482802
39.7808 0.483077
39.7953 0.483567
39.8109 0.484121
39.8241 0.484606
39.8409 0.485405
39.8541 0.486105
39.871 0.486967
39.883 0.487596
39.8986 0.488396
39.9142 0.489472
39.9286 0.490413
39.9431 0.491361
39.9587 0.492441
39.9731 0.493511
39.9875 0.494447
40.0019 0.495391
40.0164 0.496342
40.032 0.497299
40.0464 0.498387
40.062 0.499214
40.0788 0.499687
40.1005 0.500476
40.1137 0.501042
40.1293 0.501661
40.1437 0.502204
40.1594 0.502928
40.175 0.503437
40.1918 0.504258
40.2026 0.5046
40.217 0.50515
40.2314 0.505632
40.2483 0.506178
40.2615 0.50653
40.2759 0.506839
40.2915 0.507359
40.3047 0.507564
40.3192 0.507744
40.3336 0.507901
40.3504 0.508163
40.3648 0.508393
40.3804 0.508594
40.3925 0.508519
40.4069 0.508455
40.4237 0.508523
40.4381 0.508707
40.4525 0.508744
40.4658 0.508526
40.479 0.508085
40.5066 0.5077
40.5186 0.506987
40.533 0.506364
40.5487 0.505818
40.5643 0.505341
40.5799 0.504798
40.5991 0.504074
40.61 0.502939
40.6256 0.502072
40.6388 0.501188
40.6544 0.500414
40.67 0.499863
40.6869 0.499255
40.7013 0.498848
40.7169 0.498617
40.7289 0.498165
40.7421 0.497644
40.7565 0.497189
40.7698 0.496665
40.7842 0.496207
40.7998 0.495931
40.8142 0.495815
40.8286 0.495713
40.8443 0.495499
40.8611 0.495686
40.8731 0.495351
40.8875 0.495057
40.8995 0.49455
40.914 0.493981
40.9308 0.493733
40.944 0.493392
40.956 0.493343
40.9692 0.49355
40.9824 0.493856
41.0017 0.493999
41.0137 0.494124
41.0281 0.494234
41.0437 0.494329
41.0593 0.494413
41.0786 0.494987
41.0954 0.495113
41.1086 0.495474
41.1194 0.49529
41.1326 0.495129
41.1447 0.494488
41.1723 0.493427
41.1891 0.492248
41.2047 0.490717
41.2192 0.489003
41.2348 0.487002
41.2516 0.485002
41.2684 0.483127
41.2853 0.481236
41.3021 0.479331
41.3177 0.47729
41.3369 0.475504
41.3513 0.473441
41.367 0.471761
41.3814 0.470416
41.3958 0.469239
41.4102 0.468334
41.4234 0.467417
41.4403 0.46699
41.4523 0.466366
41.4691 0.466195
41.4823 0.465921
41.4979 0.465806
41.5099 0.465455
41.5244 0.465273
41.5388 0.465114
41.5556 0.46535
41.5664 0.465181
41.5808 0.465033
41.5977 0.465279
41.6109 0.465369
41.6265 0.465698
41.6397 0.465861
41.6553 0.466253
41.671 0.466722
41.6866 0.467381
41.6998 0.467834
41.7154 0.46848
41.7286 0.46892
41.7443 0.469555
41.7587 0.47011
41.7731 0.470722
41.7899 0.471506
41.8043 0.472318
41.8212 0.473403
41.8344 0.474228
41.8476 0.474824
41.8644 0.475721
41.8776 0.476381
41.8933 0.477209
41.9089 0.478057
41.9245 0.4788
41.9413 0.479825
41.9557 0.480597
41.9726 0.481647
41.987 0.482567
42.0002 0.483371
42.0182 0.484574
42.0314 0.485503
42.0495 0.486565
42.0591 0.486994
42.0759 0.48762
42.0903 0.488292
42.1035 0.488756
42.1216 0.489536
42.136 0.490219
42.1528 0.491067
42.1684 0.491934
42.184 0.492692
42.1985 0.493355
42.2129 0.493811
42.2273 0.494335
42.2405 0.494543
42.2573 0.4951
42.2718 0.495462
42.2874 0.49578
42.3006 0.495807
42.3138 0.495331
42.3294 0.495165
42.3415 0.494769
42.3559 0.494298
42.3715 0.494136
42.3847 0.493744
42.3991 0.493401
42.4148 0.492976
42.4304 0.492479
42.4448 0.492044
42.4616 0.491663
42.4772 0.491581
42.4917 0.491508
42.5085 0.491319
42.5217 0.49103
42.5397 0.490901
42.5541 0.490913
42.5674 0.490799
42.583 0.490824
42.5962 0.490846
42.6118 0.49074
42.6262 0.490773
42.6431 0.490801
42.6587 0.490701
42.6731 0.490488
42.6887 0.490427
42.7043 0.490624
42.7164 0.490421
42.7296 0.490493
42.7404 0.490557
42.7524 0.490737
42.7656 0.49102
42.7836 0.491642
42.7969 0.492187
42.8149 0.493289
42.8293 0.494128
42.8413 0.494862
42.8569 0.495629
42.8702 0.49605
42.8846 0.496544
42.8966 0.496601
42.911 0.496651
42.9242 0.49632
42.9471 0.49503
42.9627 0.493401
42.9771 0.491601
42.9891 0.489151
43.0095 0.487132
43.024 0.484865
43.0384 0.482382
43.0576 0.480209
43.072 0.477808
43.0864 0.475207
43.1057 0.472931
43.1213 0.470565
43.1345 0.468119
43.1477 0.465854
43.1597 0.463623
43.1754 0.46192
43.1874 0.46018
43.2042 0.459032
43.2174 0.457903
43.2318 0.456915
43.2451 0.456051
43.2595 0.455295
43.2727 0.454508
43.2871 0.453944
43.3015 0.453451
43.3148 0.452895
43.328 0.452283
43.3448 0.452123
43.3556 0.451607
43.3712 0.451406
43.3844 0.451106
43.3953 0.450467
43.4109 0.449909
43.4241 0.449295
43.4397 0.448883
43.4553 0.448648
43.471 0.448442
43.4854 0.448262
43.5022 0.448479
43.5154 0.448419
43.531 0.448492
43.5455 0.44843
43.5635 0.448626
43.5755 0.448423
43.5923 0.448495
43.6067 0.448433
43.6236 0.448754
43.6368 0.448785
43.6524 0.448937
43.6668 0.448945
43.6836 0.449202
43.6981 0.449551
43.7137 0.449857
43.7281 0.450125
43.7425 0.450235
43.7581 0.45058
43.775 0.451008
43.7918 0.451632
43.8074 0.452303
43.823 0.453015
43.8362 0.453513
43.8507 0.453824
43.8663 0.454221
43.8831 0.454818
43.8975 0.455341
43.9119 0.455673
43.9264 0.455964
43.942 0.456219
43.9576 0.456691
43.972 0.457105
43.9864 0.457342
43.9985 0.457174
44.0129 0.456902
44.0273 0.45679
44.0429 0.456691
44.0561 0.456479
44.0706 0.456295
44.085 0.456008
44.0982 0.455632
44.1126 0.455303
44.1282 0.45514
44.1415 0.454747
44.1559 0.454404
44.1715 0.454229
44.1859 0.45395
44.2027 0.454081
44.216 0.453946
44.2328 0.454078
44.246 0.454068
44.2604 0.45406
44.276 0.454302
44.2905 0.454389
44.3073 0.454716
44.3217 0.455001
44.3361 0.455251
44.3517 0.45547
44.365 0.455536
44.3794 0.455594
44.3938 0.45552
44.407 0.455455
44.4238 0.455523
44.4346 0.455083
44.4515 0.455072
44.4659 0.454938
44.4779 0.454696
44.4899 0.454484
44.5019 0.454298
44.5152 0.454511
44.5296 0.454947
44.5428 0.455454
44.556 0.456272
44.5692 0.457113
44.5836 0.458099
44.5957 0.458962
44.6089 0.459966
44.6257 0.461221
44.6437 0.462568
44.6605 0.464122
44.6774 0.465482
44.6894 0.466547
44.7206 0.467603
44.7399 0.468403
44.7567 0.468727
44.7711 0.468512
44.7867 0.467698
44.8035 0.466735
44.8143 0.464768
44.8276 0.462297
44.836 0.458635
44.8468 0.454431
44.8564 0.449502
44.866 0.444064
44.8744 0.438431
44.8828 0.432627
44.8901 0.426799
44.8997 0.420949
44.9081 0.415205
44.9177 0.40943
44.9261 0.403751
44.9369 0.398157
44.9453 0.392637
44.9561 0.387433
44.9658 0.382129
44.9766 0.377113
44.9826 0.371724
44.9886 0.366008
44.9922 0.359632
44.997 0.352803
45.0018 0.345703
45.1986 0.362365
45.2128 0.343069
45.4085 0.326436
45.4229 0.311881
45.4385 0.299271
45.6178 0.287987
45.6327 0.278239
45.6495 0.269959
45.6639 0.262714
45.6795 0.256625
45.6928 0.251172
45.8277 0.246025
45.8458 0.241897
45.8614 0.238535
45.877 0.235843
45.8926 0.233613
45.9083 0.231786
45.9263 0.230688
45.9419 0.229852
45.9575 0.229245
45.9755 0.229215
45.9948 0.229813
46.0116 0.230711
46.0669 0.231747
46.0861 0.233279
46.1029 0.234869
46.1185 0.236635
46.1342 0.238806
46.1486 0.24108
46.1642 0.24357
46.1786 0.246124
46.1942 0.248858
46.2087 0.251626
46.2267 0.254798
46.2399 0.257823
46.2567 0.26122
46.2723 0.264693
46.2868 0.268106
46.3024 0.271593
46.318 0.275144
46.3312 0.278501
46.348 0.282188
46.3601 0.28554
46.3769 0.288972
46.3901 0.292351
46.4021 0.295307
46.4165 0.298268
46.4273 0.30086
46.4442 0.303752
46.4574 0.306533
46.4682 0.308842
46.4814 0.311111
46.4958 0.313348
46.5127 0.315054
46.5271 0.316047
46.5427 0.316416
46.5583 0.316364
46.5739 0.315819
46.592 0.315216
46.6076 0.314314
46.6256 0.3134
46.6424 0.31235
46.6605 0.311306
46.6761 0.310018
46.6953 0.308891
46.7109 0.307654
46.7253 0.306698
46.7422 0.306235
46.7578 0.305956
46.7722 0.305711
46.789 0.305873
46.8046 0.306138
46.8191 0.306496
46.8347 0.306809
46.8515 0.307458
46.8659 0.308026
46.8815 0.308648
46.8972 0.309442
46.914 0.310386
46.9284 0.311338
46.9452 0.312421
46.9597 0.313368
46.9729 0.314072
46.9885 0.314938
47.0053 0.315946
47.0185 0.316703
47.0366 0.317865
47.051 0.318757
47.069 0.320037
47.0822 0.321157
47.0966 0.322138
47.1147 0.323371
47.1279 0.324324
47.1459 0.325659
47.1603 0.326951
47.1759 0.328082
47.1916 0.329322
47.206 0.330407
47.2228 0.331606
47.2372 0.33278
47.2528 0.333933
47.2697 0.335316
47.2853 0.336652
47.2997 0.33782
47.3165 0.339218
47.3297 0.340315
47.3466 0.341526
47.3622 0.342835
47.3778 0.344106
47.3934 0.345343
47.409 0.346675
47.4247 0.347965
47.4403 0.349345
47.4547 0.350427
47.4727 0.351873
47.486 0.353014
47.504 0.354387
47.5196 0.355839
47.534 0.357234
47.5508 0.358705
47.5653 0.359992
47.5821 0.361493
47.5953 0.362681
47.6121 0.364096
47.6277 0.365334
47.6422 0.366542
47.6578 0.367724
47.6746 0.369009
47.689 0.370258
47.7046 0.371476
47.7215 0.372916
47.7359 0.374052
47.7515 0.375295
47.7671 0.376633
47.7839 0.378054
47.7972 0.379172
47.8128 0.380276
47.8296 0.381616
47.8452 0.382914
47.8584 0.383925
47.8753 0.385184
47.8897 0.386286
47.9065 0.387501
47.9209 0.388563
47.9378 0.389868
47.9534 0.391259
47.969 0.392477
47.987 0.394167
48.0002 0.395521
48.0183 0.397081
48.0339 0.398571
48.0507 0.40025
48.0675 0.402093
48.0831 0.403832
48.1 0.405603
48.118 0.407652
48.1336 0.409696
48.1528 0.411984
48.1685 0.414236
48.1853 0.416581
48.1997 0.418509
48.2177 0.420695
48.2333 0.422733
48.2502 0.424892
48.2646 0.426905
48.279 0.429042
48.2934 0.431162
48.3078 0.433392
48.3199 0.435343
48.3331 0.4373
48.3475 0.439387
48.3595 0.441214
48.3727 0.443062
48.386 0.444804
48.398 0.446329
48.4136 0.448288
48.428 0.450377
48.44 0.45233
48.452 0.454038
48.4641 0.455534
48.4785 0.457217
48.4893 0.458565
48.5013 0.459744
48.5133 0.460901
48.5277 0.462164
48.547 0.463268
48.5638 0.46386
48.5806 0.464127
48.5998 0.464361
48.6143 0.463941
48.6347 0.463698
48.6515 0.463236
48.6695 0.462582
48.6888 0.462009
48.7092 0.461758
48.726 0.461163
48.7464 0.460768
48.7621 0.460297
48.7765 0.45976
48.7921 0.45954
48.8077 0.459347
48.8233 0.459429
48.8378 0.459375
48.8522 0.459453
48.8666 0.459397
48.881 0.459472
48.8954 0.459413
48.911 0.459611
48.9267 0.459785
48.9411 0.460062
48.9567 0.460304
48.9723 0.460766
48.9868 0.461045
49.0012 0.46129
49.018 0.461753
49.0324 0.462159
49.0492 0.462889
49.0649 0.463528
49.0793 0.464212
49.0961 0.465061
49.1105 0.465803
49.1285 0.466828
49.143 0.467724
49.1598 0.468759
49.1742 0.469789
49.1898 0.47069
49.2066 0.471854
49.2223 0.472997
49.2367 0.473998
49.2523 0.474998
49.2679 0.475998
49.2835 0.476998
49.3004 0.478249
49.3172 0.479593
49.3328 0.480768
49.346 0.481797
49.3604 0.482573
49.3749 0.483251
49.3917 0.484095
49.4061 0.484958
49.4193 0.485463
49.4361 0.48628
49.4506 0.48687
49.4662 0.487636
49.4806 0.488182
49.4962 0.488909
49.5106 0.489421
49.5251 0.489993
49.5419 0.490619
49.5587 0.491541
49.5719 0.492099
49.5863 0.492711
49.6008 0.493123
49.6176 0.493857
49.632 0.4945
49.6488 0.495188
49.6645 0.496039
49.6753 0.496284
49.6933 0.496999
49.7065 0.497374
49.7233 0.498077
49.7378 0.498567
49.7522 0.499122
49.769 0.499731
49.7858 0.50064
49.8002 0.501435
49.8159 0.502256
49.8303 0.502974
49.8435 0.503477
49.8579 0.503792
49.8735 0.504318
49.888 0.504653
49.9048 0.505322
49.9192 0.505907
49.9336 0.506418
49.9492 0.506991
49.9637 0.507367
49.9769 0.507571
49.9901 0.507625
50.0045 0.507672
50.0201 0.507838
50.0333 0.507858
50.049 0.507751
50.0658 0.507657
50.0802 0.507575
50.0922 0.507253
50.1078 0.506971
50.1223 0.506725
50.1367 0.506384
50.1535 0.506211
50.1691 0.50606
50.1823 0.505802
50.1992 0.505827
50.2148 0.505849
50.2256 0.505868
50.2376 0.505884
50.2484 0.505899
50.2616 0.506036
50.2773 0.506407
50.2929 0.506481
50.3085 0.506671
50.3217 0.506587
50.3349 0.506264
50.3482 0.506106
50.3638 0.506092
50.377 0.505831
50.3914 0.505602
50.4082 0.505402
50.4203 0.504852
50.4335 0.504245
50.4611 0.503464
50.4755 0.502031
50.4936 0.500652
50.508 0.498821
50.5236 0.496718
50.544 0.495129
50.5608 0.493362
50.5789 0.491567
50.5981 0.490121
50.6137 0.488356
50.6317 0.486562
50.6486 0.484741
50.6618 0.482649
50.6774 0.480943
50.6918 0.47945
50.705 0.478019
50.7195 0.476766
50.7339 0.475545
50.7495 0.474727
50.7663 0.474261
50.7819 0.473979
50.7976 0.473856
50.8132 0.473999
50.8276 0.473999
50.8444 0.474374
50.8588 0.474578
50.8745 0.475005
50.8901 0.475505
50.9045 0.475942
50.9225 0.476699
50.9369 0.477237
50.9514 0.477832
50.9682 0.478603
50.9814 0.479153
50.997 0.479759
51.0114 0.480289
51.0247 0.480503
51.0415 0.481065
51.0547 0.481307
51.0667 0.481268
51.0847 0.48161
51.0992 0.482034
51.1124 0.482154
51.1304 0.48276
51.1436 0.48304
51.1604 0.48366
51.1749 0.484078
51.1905 0.484693
51.2049 0.485106
51.2217 0.485843
51.2337 0.486113
51.2482 0.486349
51.2626 0.486555
51.2782 0.486861
51.2938 0.487253
51.3094 0.487721
51.3227 0.488006
51.3395 0.488505
51.3527 0.488817
51.3671 0.48909
51.3839 0.489579
51.3984 0.490006
51.414 0.490506
51.4284 0.490942
51.4428 0.491325
51.4596 0.491909
51.4753 0.49267
51.4897 0.493212
51.5041 0.49381
51.5173 0.494084
51.5341 0.494698
51.5486 0.495111
51.5642 0.495597
51.5774 0.495898
51.5918 0.496035
51.6086 0.496531
51.6255 0.497215
51.6387 0.497688
51.6567 0.498477
51.6687 0.498792
51.6831 0.499068
51.6976 0.499185
51.7132 0.499412
51.7264 0.49911
51.742 0.499096
51.7552 0.498834
51.7697 0.498605
51.7841 0.498404
51.7985 0.498104
51.8129 0.497841
51.8285 0.497736
51.8406 0.497269
51.8526 0.496485
51.8682 0.495925
51.8826 0.495309
51.897 0.494895
51.9114 0.494283
51.9283 0.494123
51.9451 0.494233
51.9607 0.494204
51.9787 0.494428
51.992 0.494375
52.0088 0.494703
52.0232 0.49499
52.0364 0.494991
52.0532 0.495242
52.0701 0.495712
52.0833 0.495873
52.1001 0.496389
52.1181 0.497215
52.1301 0.497438
52.141 0.497384
52.1506 0.497211
52.1602 0.496809
52.1746 0.496708
52.1866 0.496745
52.2022 0.497027
52.2154 0.496898
52.2287 0.496786
52.2419 0.496438
52.2551 0.496133
52.2707 0.495991
52.2827 0.495617
52.2972 0.49529
52.3104 0.494879
52.3236 0.494144
52.3356 0.493501
52.3608 0.494563
52.3777 0.493368
52.3945 0.492072
52.4113 0.490563
52.4293 0.489118
52.4474 0.487603
52.4654 0.486153
52.4834 0.484633
52.5014 0.483179
52.5207 0.481782
52.5375 0.480184
52.5567 0.478786
52.5747 0.477313
52.5891 0.476149
52.6036 0.475005
52.6192 0.474255
52.6336 0.473473
52.6492 0.472914
52.6636 0.472424
52.6793 0.472121
52.6925 0.471606
52.7081 0.471405
52.7237 0.47123
52.7393 0.471201
52.7538 0.471176
52.7682 0.471154
52.7826 0.471135
52.7982 0.471243
52.8126 0.471212
52.8271 0.471311
52.8439 0.471522
52.8571 0.471707
52.8739 0.471993
52.8895 0.472494
52.9052 0.473057
52.922 0.473675
52.9364 0.474341
52.9508 0.474798
52.9664 0.475448
52.9809 0.475892
52.9965 0.476531
53.0121 0.477215
53.0265 0.477688
53.0446 0.478602
53.0578 0.479152
53.0746 0.480008
53.0902 0.480882
53.1046 0.481646
53.1191 0.482316
53.1359 0.483151
53.1503 0.483882
53.1647 0.484397
53.1815 0.485222
53.1984 0.486195
53.2116 0.48692
53.2272 0.48768
53.2392 0.488095
53.2572 0.488833
53.2705 0.489354
53.2849 0.489685
53.3029 0.490349
53.3161 0.490931
53.3329 0.491564
53.3486 0.492369
53.363 0.492948
53.3786 0.493704
53.393 0.494366
53.4062 0.494695
53.4207 0.494983
53.4363 0.495361
53.4507 0.49569
53.4651 0.495979
53.4795 0.496232
53.4928 0.496203
53.5072 0.496302
53.5192 0.496015
53.5324 0.495513
53.548 0.495324
53.5612 0.494908
53.5733 0.494295
53.5889 0.493758
53.6009 0.493038
53.6165 0.492533
53.6297 0.491717
53.6466 0.491377
53.6598 0.49083
53.6754 0.490351
53.6934 0.490057
53.7054 0.489425
53.7199 0.488872
53.7355 0.488513
53.7511 0.488324
53.7655 0.488033
53.7835 0.488279
53.798 0.488119
53.8148 0.488354
53.8316 0.488685
53.8472 0.489099
53.8604 0.489212
53.8773 0.489561
53.8917 0.48974
53.9085 0.490273
53.9241 0.490864
53.9397 0.491381
53.9566 0.492208
53.9698 0.492682
53.9842 0.493222
53.995 0.493194
54.007 0.49292
54.0191 0.49243
54.0299 0.491876
54.0431 0.491642
54.0515 0.491061
54.0623 0.490429
54.0731 0.48975
54.0851 0.489281
54.0948 0.488496
54.1068 0.487809
54.1236 0.487833
54.1356 0.487229
54.1524 0.4872
54.168 0.487175
54.1801 0.486403
54.1933 0.485853
54.2077 0.485371
54.2329 0.486075
54.2522 0.484941
54.269 0.483573
54.287 0.482251
54.3038 0.48072
54.3207 0.47913
54.3399 0.477614
54.3591 0.476412
54.3759 0.47486
54.394 0.473378
54.4108 0.471831
54.43 0.470352
54.4456 0.468683
54.4588 0.466973
54.4721 0.465476
54.4853 0.463916
54.4985 0.462302
54.5117 0.460764
54.5273 0.459544
54.5429 0.458601
54.5574 0.457776
54.573 0.457179
54.5874 0.456656
54.6018 0.456199
54.6186 0.456174
54.6331 0.456153
54.6463 0.456008
54.6631 0.456257
54.6763 0.456225
54.6907 0.456197
54.7064 0.456422
54.7196 0.45637
54.7352 0.456573
54.7484 0.456627
54.764 0.456798
54.7785 0.456949
54.7941 0.45733
54.8097 0.457664
54.8253 0.458206
54.8373 0.45843
54.8554 0.459001
54.8686 0.459376
54.8854 0.460079
54.901 0.460944
54.9166 0.461701
54.9323 0.462614
54.9455 0.463287
54.9611 0.464001
54.9755 0.464626
54.9911 0.465423
55.0044 0.46587
55.0188 0.466261
55.0344 0.466853
55.05 0.467497
55.0644 0.46806
55.0813 0.468927
55.0897 0.468811
55.1041 0.468835
55.1197 0.468981
55.1341 0.469233
55.1474 0.469204
55.1642 0.469553
55.1774 0.469734
55.193 0.470017
55.2074 0.470265
55.2219 0.470482
55.2351 0.470547
55.2483 0.470478
55.2639 0.470544
55.2771 0.470476
55.2903 0.470291
55.3072 0.470505
55.3204 0.470442
55.336 0.470637
55.3492 0.470682
55.3636 0.470722
55.3769 0.470506
55.3925 0.470568
55.4057 0.470497
55.4225 0.470685
55.4357 0.470724
55.4514 0.471009
55.4646 0.471008
55.479 0.471007
55.4946 0.471256
55.5078 0.471224
55.5247 0.471571
55.5367 0.471625
55.5499 0.471421
55.5667 0.471619
55.5823 0.472041
55.5968 0.472286
55.6124 0.47275
55.6292 0.473532
55.646 0.47459
55.6604 0.475391
55.6749 0.476093
55.6905 0.476956
55.7049 0.477586
55.7205 0.478388
55.7349 0.47909
55.7494 0.479703
55.7638 0.48024
55.7782 0.480835
55.7914 0.481106
55.807 0.481593
55.8215 0.482019
55.8347 0.482141
55.8479 0.482124
55.8647 0.482483
55.8779 0.482673
55.8911 0.482714
55.9044 0.482624
55.9164 0.482546
55.9284 0.482603
55.9368 0.482278
55.9476 0.481868
55.9596 0.481635
55.9704 0.481305
55.9801 0.480892
55.9921 0.480531
56.0053 0.480464
56.0173 0.480406
56.0281 0.480355
56.0401 0.480436
56.057 0.480881
56.0702 0.481021
56.0858 0.481269
56.1026 0.48161
56.1194 0.482034
56.1447 0.483405
56.1615 0.482604
56.1795 0.481779
56.1988 0.481056
56.2144 0.480049
56.2312 0.478918
56.2492 0.477803
56.266 0.476578
56.2829 0.475131
56.2973 0.473239
56.3081 0.470584
56.3177 0.467011
56.3261 0.462635
56.3297 0.457431
56.3345 0.451752
56.3381 0.445408
56.3429 0.438607
56.3466 0.431406
56.5514 0.403605
56.5653 0.37928
56.7613 0.35812
56.7769 0.33973
56.7913 0.323763
56.9706 0.309418
56.9875 0.297241
57.0019 0.286586
57.0163 0.277512
57.0307 0.269573
57.0451 0.262752
57.1823 0.256408
57.198 0.250982
57.2112 0.246234
57.228 0.24233
57.2436 0.239164
57.2592 0.236768
57.2749 0.234797
57.2917 0.233447
57.3073 0.232517
57.3241 0.232077
57.3421 0.232192
57.3578 0.232418
57.4154 0.232491
57.4323 0.23293
57.4479 0.233438
57.4647 0.234384
57.4815 0.235711
57.496 0.237247
57.5128 0.239341
57.5248 0.241298
57.5392 0.243511
57.556 0.246197
57.5705 0.248798
57.5837 0.251323
57.6005 0.254282
57.6149 0.257247
57.6293 0.260341
57.6462 0.263799
57.6594 0.267074
57.6738 0.270315
57.6894 0.273775
57.705 0.277428
57.7195 0.281
57.7339 0.284375
57.7495 0.287953
57.7651 0.291709
57.7783 0.295245
57.7927 0.298715
57.806 0.302
57.8204 0.305375
57.8312 0.308328
57.8444 0.311162
57.8576 0.313892
57.8709 0.316405
57.8865 0.318855
57.9033 0.320748
57.9189 0.322029
57.9333 0.322651
57.9502 0.323069
57.9634 0.322686
57.9802 0.322225
57.997 0.321572
58.0126 0.320625
58.0295 0.319547
58.0475 0.318604
58.0619 0.317153
58.0835 0.316384
58.0968 0.315336
58.1112 0.314544
58.1256 0.313851
58.1412 0.313495
58.1568 0.313308
58.1725 0.313394
58.1869 0.31347
58.2025 0.313786
58.2181 0.314438
58.2337 0.315133
58.2482 0.315867
58.2638 0.316633
58.277 0.317179
58.295 0.318282
58.3094 0.319247
58.3239 0.320216
58.3407 0.321439
58.3563 0.322759
58.3719 0.324039
58.3863 0.325284
58.4008 0.326374
58.4176 0.327702
58.432 0.328864
58.4476 0.330256
58.462 0.331599
58.4789 0.333024
58.4945 0.334521
58.5089 0.335831
58.5221 0.336977
58.5389 0.33823
58.5534 0.339451
58.5678 0.340645
58.5846 0.342064
58.6002 0.343556
58.6146 0.344862
58.6315 0.346379
58.6447 0.347582
58.6603 0.348884
58.6747 0.350148
58.6903 0.351505
58.7072 0.353067
58.7216 0.354433
58.7384 0.356004
58.7516 0.357254
58.7684 0.358722
58.7841 0.360257
58.7973 0.3616
58.8129 0.3629
58.8285 0.364287
58.8429 0.365501
58.8598 0.366939
58.8742 0.368321
58.8898 0.369656
58.9054 0.371074
58.9211 0.37269
58.9331 0.373854
58.9511 0.375372
58.9655 0.3767
58.9811 0.378113
58.9968 0.379474
59.0112 0.38079
59.0256 0.382066
59.0412 0.383433
59.0556 0.384629
59.0713 0.385925
59.0845 0.386934
59.1025 0.388318
59.1157 0.389403
59.1313 0.390603
59.1482 0.392152
59.1626 0.393508
59.177 0.394695
59.1938 0.396108
59.207 0.397344
59.2227 0.398551
59.2383 0.399857
59.2539 0.401125
59.2683 0.402485
59.2851 0.404049
59.2984 0.405293
59.3152 0.406756
59.332 0.408287
59.3452 0.409626
59.3608 0.410923
59.3765 0.412432
59.3933 0.414128
59.4089 0.415737
59.4269 0.417645
59.4413 0.419439
59.457 0.421135
59.475 0.423118
59.4906 0.425103
59.505 0.42709
59.5231 0.429329
59.5387 0.431413
59.5567 0.433736
59.5747 0.436269
59.5903 0.43861
59.6072 0.441034
59.6216 0.44303
59.6396 0.445151
59.6564 0.447257
59.6733 0.449475
59.6901 0.451666
59.7033 0.453708
59.7189 0.455869
59.7333 0.45826
59.7478 0.460603
59.7598 0.462653
59.773 0.464571
59.7874 0.466625
59.8018 0.468797
59.8138 0.470697
59.8271 0.47261
59.8391 0.474284
59.8523 0.475998
59.8643 0.477498
59.8799 0.479186
59.8919 0.480663
59.9064 0.48233
59.9184 0.483914
59.9304 0.4853
59.9412 0.486387
59.9544 0.487464
59.9712 0.488156
59.9893 0.488511
60.0061 0.488447
60.0253 0.488391
60.0445 0.488218
60.0626 0.487815
60.0806 0.487338
60.0986 0.486671
60.1166 0.485837
60.1383 0.485483
60.1587 0.485172
60.1767 0.484776
60.1923 0.484554
60.208 0.48436
60.22 0.483815
60.2356 0.483588
60.25 0.483389
60.2656 0.483216
60.2801 0.483064
60.2933 0.482806
60.3101 0.48283
60.3245 0.482726
60.3401 0.48276
60.3558 0.482915
60.369 0.482801
60.3846 0.482826
60.4002 0.483098
60.4146 0.48321
60.4291 0.483309
60.4447 0.483395
60.4603 0.483721
60.4771 0.484256
60.4915 0.484599
60.5072 0.485024
60.5228 0.485521
60.5396 0.486206
60.554 0.486805
60.5708 0.487455
60.5865 0.488273
60.6033 0.489239
60.6177 0.489959
60.6333 0.490839
60.6502 0.491859
60.6646 0.492627
60.6826 0.493673
60.697 0.494714
60.7138 0.49575
60.7283 0.496656
60.7451 0.497699
60.7595 0.498612
60.7739 0.499285
60.7883 0.499875
60.8028 0.500265
60.8184 0.500857
60.834 0.501375
60.8496 0.501953
60.864 0.502584
60.8797 0.503136
60.8941 0.503619
60.9097 0.504042
60.9229 0.504286
60.9397 0.504751
60.9542 0.505157
60.9686 0.505387
60.9854 0.505964
60.9998 0.506343
61.0154 0.5068
61.0311 0.507325
61.0443 0.50766
61.0599 0.507952
61.0743 0.508208
61.0899 0.508557
61.1056 0.508988
61.1212 0.509489
61.1332 0.509553
61.1488 0.509734
61.1656 0.510142
61.1801 0.510499
61.1969 0.510937
61.2125 0.511445
61.2281 0.511889
61.2437 0.512278
61.2594 0.512493
61.2738 0.512682
61.2894 0.512971
61.305 0.51335
61.3182 0.513431
61.3363 0.514002
61.3483 0.514127
61.3675 0.514611
61.3795 0.51466
61.3927 0.514452
61.4084 0.514396
61.424 0.514346
61.4384 0.514303
61.4516 0.514015
61.4684 0.514013
61.4841 0.514137
61.4985 0.513995
61.5129 0.513745
61.5273 0.513527
61.5405 0.512961
61.555 0.512466
61.5694 0.512033
61.5838 0.511529
61.6006 0.511463
61.615 0.51128
61.6319 0.51112
61.6463 0.511105
61.6571 0.510967
61.6691 0.510846
61.6799 0.51049
61.6931 0.510429
61.7064 0.510375
61.7232 0.510453
61.7376 0.510272
61.752 0.510113
61.7676 0.509849
61.7821 0.509743
61.7965 0.5094
61.8121 0.5091
61.8241 0.508712
61.8409 0.508123
61.8506 0.507358
61.8758 0.505938
61.8938 0.504446
61.9106 0.50289
61.9287 0.501279
61.9455 0.499494
61.9635 0.497807
61.9815 0.496081
61.9995 0.494321
62.0176 0.492656
62.0368 0.491074
62.0524 0.489315
62.0728 0.487775
62.0873 0.486178
62.1017 0.484656
62.1173 0.483449
62.1329 0.482518
62.1485 0.481828
62.163 0.4811
62.1786 0.480587
62.193 0.480264
62.2086 0.479981
62.2242 0.479858
62.2411 0.480001
62.2543 0.480001
62.2699 0.480001
62.2855 0.480126
62.3024 0.480485
62.3168 0.480799
62.3312 0.481074
62.3492 0.48169
62.3636 0.482229
62.3793 0.482825
62.3937 0.483222
62.4081 0.483569
62.4237 0.483998
62.4393 0.484498
62.4538 0.484811
62.4682 0.48521
62.485 0.485683
62.4994 0.486098
62.515 0.486711
62.5307 0.487247
62.5451 0.487716
62.5607 0.488252
62.5763 0.488845
62.5907 0.489239
62.6076 0.489835
62.622 0.490355
62.6364 0.490811
62.652 0.491334
62.6676 0.491918
62.6821 0.492428
62.6965 0.492749
62.7121 0.493281
62.7277 0.493746
62.7421 0.494152
62.7578 0.494633
62.7722 0.495054
62.7866 0.495297
62.8022 0.495635
62.8178 0.496056
62.8335 0.496549
62.8479 0.496855
62.8623 0.497248
62.8779 0.497592
62.8911 0.497768
62.9092 0.498422
62.9224 0.498744
62.9392 0.499276
62.9548 0.499867
62.968 0.500258
62.9849 0.500726
62.9993 0.501135
63.0125 0.501368
63.0281 0.501697
63.0425 0.50186
63.057 0.502003
63.0738 0.502377
63.0894 0.50283
63.1038 0.503226
63.117 0.503448
63.1303 0.503392
63.1447 0.503218
63.1603 0.503316
63.1723 0.503026
63.1879 0.502773
63.2011 0.502551
63.2144 0.502107
63.2312 0.501969
63.2456 0.501848
63.2588 0.501492
63.272 0.501055
63.2877 0.500799
63.3009 0.500324
63.3141 0.499783
63.3285 0.499185
63.3441 0.498787
63.3586 0.498439
63.3754 0.498384
63.3886 0.498086
63.4054 0.497825
63.4222 0.497972
63.4367 0.497851
63.4535 0.497994
63.4703 0.49837
63.4871 0.498949
63.5003 0.499205
63.5148 0.499304
63.5304 0.499641
63.546 0.500061
63.558 0.500054
63.5712 0.500172
63.5845 0.500525
63.5965 0.500835
63.6073 0.50098
63.6193 0.501108
63.6325 0.501219
63.6445 0.501067
63.659 0.500684
63.671 0.500348
63.6842 0.49993
63.695 0.499188
63.7082 0.49854
63.7226 0.497597
63.7359 0.496648
63.7479 0.495692
63.7611 0.494855
63.7743 0.493873
63.8007 0.492889
63.82 0.492028
63.8356 0.490775
63.8536 0.489553
63.8716 0.488234
63.8897 0.486829
63.9077 0.485476
63.9269 0.484166
63.9449 0.482895
63.963 0.481534
63.9798 0.479967
64.0002 0.478846
64.0182 0.477615
64.0327 0.476538
64.0483 0.475721
64.0639 0.475006
64.0783 0.474505
64.0903 0.473692
64.106 0.472981
64.1204 0.472358
64.136 0.471938
64.1516 0.471696
64.1648 0.471359
64.1805 0.471189
64.1961 0.47129
64.2093 0.471129
64.2261 0.471363
64.2405 0.471443
64.255 0.471512
64.2718 0.471948
64.2862 0.47233
64.2994 0.472539
64.3174 0.473221
64.3295 0.473444
64.3463 0.474013
64.3619 0.474511
64.3763 0.475073
64.3919 0.475688
64.4076 0.476352
64.422 0.476933
64.4388 0.477817
64.452 0.478465
64.4688 0.479282
64.4821 0.479996
64.4977 0.480622
64.5133 0.481419
64.5289 0.482242
64.5433 0.482961
64.559 0.483716
64.5734 0.484502
64.589 0.485189
64.6034 0.485915
64.619 0.486801
64.6347 0.487576
64.6491 0.488379
64.6635 0.488957
64.6803 0.489837
64.6923 0.490357
64.7092 0.491063
64.7224 0.491555
64.7368 0.491985
64.7524 0.492487
64.768 0.493176
64.7813 0.493654
64.7981 0.494323
64.8113 0.494782
64.8233 0.494934
64.8389 0.495068
64.8533 0.495309
64.869 0.495646
64.8846 0.496065
64.8978 0.496307
64.9122 0.496643
64.9266 0.496813
64.9411 0.497086
64.9531 0.496951
64.9687 0.496957
64.9831 0.497087
64.9975 0.497076
65.0108 0.496942
65.0252 0.496949
65.0396 0.49683
65.054 0.496852
65.0672 0.496745
65.0817 0.496527
65.0973 0.496586
65.1129 0.496763
65.1285 0.497042
65.1429 0.497287
65.1586 0.497751
65.1718 0.497907
65.1862 0.498044
65.2018 0.498288
65.2174 0.498627
65.2295 0.498674
65.2463 0.498965
65.2607 0.499219
65.2763 0.499442
65.2907 0.499637
65.3076 0.499932
65.322 0.50019
65.3328 0.500042
65.346 0.499786
65.358 0.499313
65.3712 0.498649
65.3857 0.498068
65.3977 0.497184
65.4121 0.496536
65.4253 0.495844
65.4409 0.495239
65.4554 0.494834
65.4698 0.49448
65.4842 0.49417
65.4974 0.493773
65.5082 0.493177
65.519 0.492655
65.5286 0.491823
65.5407 0.49122
65.5527 0.490693
65.5635 0.490231
65.5779 0.490077
65.5923 0.489942
65.608 0.489825
65.6212 0.489472
65.6344 0.489038
65.6464 0.488158
65.6608 0.487513
65.6728 0.486699
65.6885 0.485987
65.6993 0.484738
65.7233 0.485146
65.7413 0.483378
65.7594 0.481706
65.775 0.479742
65.7942 0.47815
65.8098 0.476256
65.8266 0.474349
65.8459 0.472555
65.8615 0.470611
65.8795 0.468785
65.8975 0.467061
65.9156 0.465429
65.9348 0.464
65.948 0.462375
65.9636 0.461078
65.9768 0.459693
65.9901 0.458482
66.0069 0.457672
66.0189 0.456713
66.0345 0.456124
66.0501 0.455733
66.0646 0.455391
66.079 0.455093
66.0946 0.455081
66.1078 0.454946
66.1234 0.455078
66.1379 0.455193
66.1511 0.455294
66.1691 0.455882
66.1823 0.456272
66.1955 0.456488
66.2124 0.457052
66.2268 0.457545
66.24 0.457852
66.2544 0.458121
66.2688 0.458356
66.2821 0.458561
66.2977 0.458866
66.3133 0.459383
66.3289 0.45996
66.3445 0.460715
66.359 0.461376
66.3734 0.462079
66.3878 0.462694
66.4022 0.463357
66.4154 0.463812
66.4311 0.464461
66.4455 0.465028
66.4623 0.4659
66.4743 0.466412
66.4899 0.466986
66.5043 0.467613
66.5164 0.467911
66.5272 0.467797
66.5428 0.467822
66.5572 0.46797
66.5704 0.467973
66.5849 0.467977
66.5981 0.467855
66.6137 0.467873
66.6293 0.468139
66.6425 0.468246
66.6557 0.468216
66.6714 0.468439
66.6858 0.468634
66.6978 0.468555
66.7146 0.46886
66.7266 0.468878
66.7435 0.469268
66.7567 0.469485
66.7699 0.469549
66.7867 0.46998
66.7999 0.470233
66.8132 0.470454
66.8276 0.470647
66.8408 0.470691
66.8552 0.470855
66.8708 0.471123
66.8829 0.471108
66.8985 0.471344
66.9129 0.471551
66.9261 0.471732
66.9417 0.471891
66.9561 0.472154
66.9694 0.47226
66.985 0.472478
66.9994 0.472793
67.0138 0.473069
67.027 0.47331
67.0403 0.473396
67.0559 0.473597
67.0715 0.474022
67.0847 0.474269
67.0991 0.474611
67.1124 0.474784
67.1268 0.474936
67.1412 0.475194
67.1532 0.47517
67.1688 0.475274
67.1833 0.47549
67.1953 0.475428
67.2109 0.4755
67.2265 0.475812
67.2409 0.476086
67.2553 0.47645
67.2698 0.476769
67.2854 0.477173
67.2998 0.477526
67.3142 0.47796
67.3298 0.478465
67.3431 0.478907
67.3563 0.479169
67.3707 0.479398
67.3839 0.479473
67.3983 0.479664
67.4092 0.479456
67.4212 0.479399
67.4332 0.479474
67.4464 0.479665
67.4584 0.479957
67.4692 0.480212
67.4825 0.480686
67.4933 0.480975
67.5053 0.481353
67.5161 0.481684
67.5257 0.481723
67.5377 0.481883
67.5509 0.482148
67.5618 0.482379
67.575 0.482582
67.587 0.482509
67.6002 0.48257
67.611 0.482124
67.623 0.481484
67.6483 0.482548
67.6615 0.480855
67.6735 0.478498
67.6843 0.475436
67.6915 0.471381
67.6987 0.466333
67.7035 0.460167
67.7084 0.453146
67.905 0.469253
67.9193 0.436721
68.1132 0.408131
68.1301 0.38349
68.1457 0.362178
68.3214 0.342906
68.3376 0.326418
68.3508 0.311991
68.364 0.299367
68.3796 0.288571
68.3928 0.279
68.5296 0.270125
68.5439 0.262484
68.5583 0.255924
68.5727 0.250308
68.5859 0.245395
68.6004 0.24122
68.6148 0.237693
68.6292 0.234731
68.6436 0.232265
68.6568 0.230107
68.6712 0.228343
68.6869 0.22705
68.7379 0.224669
68.7538 0.22296
68.7682 0.22159
68.7814 0.220392
68.7958 0.219343
68.8091 0.21855
68.8247 0.218106
68.8391 0.217843
68.8523 0.217612
68.8667 0.217411
68.8824 0.21761
68.8956 0.217783
68.91 0.217935
68.9244 0.218319
68.9364 0.218529
68.952 0.218963
68.9665 0.219467
68.9809 0.219909
68.9941 0.22042
69.0097 0.221118
69.0241 0.221853
69.0386 0.222621
69.053 0.223294
69.0686 0.224257
69.083 0.22535
69.0998 0.226556
69.1143 0.227862
69.1299 0.229254
69.1443 0.230597
69.1623 0.232398
69.1779 0.234098
69.1948 0.236086
69.2116 0.238325
69.2284 0.240659
69.244 0.243077
69.2621 0.245692
69.2789 0.248356
69.2933 0.250936
69.3101 0.253569
69.3245 0.256123
69.339 0.258858
69.3534 0.26175
69.3678 0.264657
69.381 0.267575
69.3954 0.270628
69.4075 0.273424
69.4207 0.276121
69.4351 0.279106
69.4459 0.281593
69.4591 0.284144
69.4723 0.286626
69.4844 0.289048
69.4988 0.291542
69.5084 0.293599
69.5204 0.295649
69.5336 0.297693
69.5432 0.299356
69.5552 0.301062
69.5649 0.302304
69.5793 0.303891
69.5925 0.304655
69.6069 0.304823
69.6225 0.304845
69.637 0.304364
69.6526 0.303694
69.6682 0.302857
69.685 0.302
69.7018 0.301
69.7163 0.29975
69.7355 0.298906
69.7511 0.297918
69.7703 0.297178
69.7836 0.296156
69.7956 0.295136
69.8112 0.294619
69.8256 0.294167
69.84 0.294021
69.8544 0.293893
69.8689 0.293907
69.8833 0.294168
69.8977 0.294397
69.9121 0.294848
69.9265 0.295242
69.941 0.295712
69.9554 0.296373
69.9686 0.296826
69.9842 0.297598
69.9998 0.298523
70.0119 0.299083
70.0263 0.299822
70.0431 0.300845
70.0551 0.301614
70.0707 0.302537
70.0864 0.303595
70.0984 0.304396
70.114 0.305221
70.1296 0.306319
70.1428 0.307279
70.1573 0.308244
70.1717 0.309213
70.1861 0.310312
70.2005 0.311273
70.2149 0.312239
70.2305 0.313334
70.2438 0.314292
70.2594 0.315506
70.2738 0.316567
70.287 0.317621
70.3026 0.318669
70.3171 0.319835
70.3291 0.320731
70.3459 0.321764
70.3603 0.322919
70.3735 0.323929
70.388 0.324813
70.4036 0.325961
70.4168 0.326841
70.4312 0.327861
70.4468 0.329003
70.4613 0.330128
70.4745 0.331112
70.4913 0.332348
70.5045 0.333429
70.5165 0.334251
70.5334 0.335344
70.5478 0.336426
70.561 0.337373
70.5766 0.338451
70.591 0.339645
70.6042 0.340564
70.6199 0.341619
70.6343 0.342791
70.6475 0.343693
70.6643 0.344981
70.6775 0.345983
70.6908 0.34686
70.7064 0.348003
70.7196 0.348878
70.7352 0.350018
70.7484 0.351016
70.7641 0.352139
70.7785 0.353246
70.7917 0.354091
70.8073 0.355204
70.8217 0.356304
70.835 0.357141
70.8506 0.358248
70.8662 0.359467
70.877 0.360284
70.8938 0.361248
70.9083 0.362342
70.9227 0.363299
70.9371 0.364387
70.9515 0.365339
70.9659 0.366296
70.9815 0.367384
70.996 0.368336
71.0116 0.369544
71.0284 0.370976
71.0416 0.372229
71.0572 0.373576
71.0741 0.375129
71.0873 0.376488
71.1041 0.378052
71.1197 0.37967
71.1354 0.381336
71.151 0.383044
71.1678 0.384914
71.1846 0.386925
71.199 0.388934
71.2147 0.390817
71.2315 0.392965
71.2459 0.394844
71.2627 0.396864
71.2747 0.398881
71.2892 0.401146
71.3024 0.403378
71.3156 0.40558
71.3288 0.407758
71.3432 0.410163
71.3564 0.412518
71.3697 0.414828
71.3841 0.417474
71.3949 0.419665
71.4081 0.421957
71.4213 0.424212
71.4346 0.426436
71.4466 0.428506
71.4598 0.430568
71.473 0.432872
71.4838 0.434763
71.4958 0.436543
71.5078 0.438225
71.5175 0.439572
71.5343 0.4415
71.5487 0.442688
71.5643 0.443477
71.5799 0.443792
71.5956 0.443818
71.6112 0.443591
71.628 0.443267
71.6424 0.442359
71.6605 0.441564
71.6773 0.440743
71.6929 0.43965
71.7109 0.438694
71.7277 0.437732
71.7434 0.436891
71.7566 0.436029
71.7722 0.435651
71.7866 0.435319
71.801 0.435279
71.8155 0.435245
71.8311 0.435589
71.8443 0.435765
71.8587 0.43592
71.8743 0.43643
71.8876 0.436751
71.9032 0.437407
71.9176 0.437981
71.9332 0.438734
71.9488 0.439642
71.9609 0.440187
71.9753 0.440913
71.9921 0.441924
72.0053 0.442809
72.0197 0.443583
72.0354 0.44451
72.0486 0.445321
72.0642 0.446281
72.0786 0.447246
72.0942 0.44834
72.1062 0.449048
72.1231 0.450167
72.1363 0.451021
72.1507 0.451893
72.1663 0.452907
72.1807 0.453918
72.1952 0.454928
72.2096 0.455812
72.2252 0.456961
72.2396 0.457966
72.254 0.459095
72.2685 0.460083
72.2829 0.460948
72.2997 0.462204
72.3129 0.463179
72.3285 0.464406
72.343 0.465481
72.3574 0.466671
72.3718 0.467712
72.3874 0.468873
72.4006 0.469889
72.4151 0.470903
72.4307 0.47204
72.4439 0.47291
72.4595 0.473921
72.4739 0.474931
72.4872 0.475815
72.504 0.476963
72.5172 0.477967
72.5316 0.478971
72.5472 0.4801
72.5592 0.480838
72.5749 0.481733
72.5905 0.482766
72.6037 0.48367
72.6193 0.484712
72.6337 0.485623
72.647 0.48642
72.6614 0.487242
72.677 0.488337
72.6914 0.489295
72.7034 0.490008
72.7167 0.490507
72.7335 0.491319
72.7467 0.492029
72.7611 0.492775
72.7755 0.493553
72.7924 0.494609
72.8056 0.495158
72.82 0.495638
72.8368 0.496308
72.8512 0.49702
72.8681 0.497892
72.8837 0.498781
72.8969 0.499183
72.9113 0.499785
72.9269 0.500437
72.9402 0.500758
72.957 0.501288
72.9702 0.501627
72.9834 0.501799
73.0014 0.502449
73.0147 0.502643
73.0303 0.503062
73.0471 0.503804
73.0579 0.503704
73.0699 0.503491
73.0868 0.50368
73.0988 0.503345
73.1144 0.503427
73.1288 0.503248
73.1408 0.502967
73.1516 0.502721
73.1649 0.502881
73.1757 0.503021
73.1925 0.503893
73.2069 0.504657
73.2189 0.505325
73.2357 0.506284
73.249 0.506749
73.2634 0.50728
73.2766 0.50762
73.2946 0.508417
73.3066 0.50849
73.3211 0.508679
73.3379 0.509094
73.3655 0.510832
73.3799 0.509728
73.3944 0.508387
73.4064 0.506464
73.422 0.504406
73.4376 0.502355
73.4544 0.500436
73.4713 0.498631
73.4869 0.496677
73.5049 0.494843
73.5205 0.492987
73.5349 0.490864
73.5482 0.488506
73.5626 0.486568
73.5734 0.484497
73.5866 0.48256
73.5998 0.480865
73.6119 0.479132
73.6251 0.47774
73.6383 0.476398
73.6527 0.475223
73.6659 0.474195
73.6803 0.473421
73.696 0.472993
73.708 0.472369
73.72 0.471698
73.7356 0.471361
73.75 0.471191
73.7621 0.470917
73.7777 0.470802
73.7921 0.470952
73.8041 0.470833
73.8197 0.470854
73.8329 0.470872
73.8474 0.471013
73.863 0.471386
73.8762 0.471713
73.8918 0.472249
73.9062 0.472843
73.9219 0.473487
73.9351 0.474177
73.9507 0.474904
73.9651 0.475791
73.9819 0.476817
73.9964 0.47784
74.0132 0.47886
74.0264 0.479628
74.042 0.480549
74.0564 0.481356
74.0709 0.482186
74.0853 0.483038
74.1009 0.483908
74.1129 0.484545
74.1285 0.485352
74.143 0.486183
74.1562 0.48691
74.167 0.487046
74.1814 0.487415
74.1958 0.487738
74.2078 0.487896
74.2235 0.488284
74.2379 0.488749
74.2511 0.489155
74.2667 0.489636
74.2799 0.490056
74.292 0.490174
74.3076 0.490652
74.3208 0.490946
74.334 0.491203
74.3508 0.491802
74.3641 0.492202
74.3797 0.492677
74.3941 0.493092
74.4085 0.493331
74.4241 0.493664
74.4386 0.493956
74.453 0.494087
74.4698 0.494576
74.4842 0.494754
74.501 0.49516
74.5131 0.495015
74.5299 0.495138
74.5443 0.495246
74.5587 0.495215
74.5755 0.495563
74.59 0.495743
74.6032 0.495775
74.6296 0.497303
74.644 0.49614
74.6584 0.495123
74.6729 0.494232
74.6885 0.493703
74.6993 0.492865
74.7137 0.492132
74.7281 0.491616
74.7426 0.491039
74.757 0.490534
74.7702 0.490092
74.7846 0.489706
74.7978 0.489242
74.8122 0.488962
74.8255 0.488592
74.8399 0.488268
74.8531 0.487859
74.8663 0.487377
74.8807 0.486955
74.894 0.48646
74.9072 0.486028
74.9204 0.485524
74.9336 0.485209
74.9432 0.484808
74.954 0.484457
74.9649 0.4839
74.9817 0.483412
74.9949 0.483111
75.0117 0.482972
75.0285 0.4831
75.0442 0.483463
75.0622 0.483905
75.0754 0.484167
75.0898 0.484396
75.1126 0.484221
75.1271 0.484069
75.1571 0.484185
75.1739 0.483912
75.192 0.483548
75.2088 0.48298
75.2208 0.481607
75.2364 0.480031
75.2532 0.478527
75.2689 0.476711
75.2845 0.474747
75.3013 0.472779
75.3169 0.470557
75.3313 0.468112
75.3458 0.465723
75.3578 0.463383
75.3698 0.461085
75.383 0.459074
75.3962 0.457065
75.4106 0.455307
75.4227 0.453518
75.4371 0.452079
75.4527 0.450944
75.4671 0.450076
75.4791 0.449066
75.4948 0.448308
75.5092 0.447645
75.5248 0.447189
75.5392 0.446915
75.5512 0.446426
75.5681 0.446373
75.5813 0.446201
75.5957 0.446051
75.6113 0.44617
75.6257 0.446148
75.6389 0.446005
75.6558 0.446254
75.6702 0.446597
75.6858 0.447023
75.699 0.447395
75.7147 0.447846
75.7291 0.44824
75.7435 0.448585
75.7591 0.449137
75.7735 0.44962
75.7891 0.450292
75.8012 0.450631
75.8168 0.451052
75.8312 0.451545
75.848 0.452227
75.8612 0.452699
75.8757 0.453111
75.8913 0.453723
75.9069 0.454382
75.9189 0.454709
75.9369 0.455496
75.9514 0.456309
75.9646 0.45677
75.9814 0.457549
75.9946 0.458105
76.0102 0.458842
76.0259 0.459612
76.0391 0.460285
76.0547 0.461
76.0703 0.461875
76.0835 0.46239
76.0992 0.463092
76.1136 0.463705
76.128 0.464367
76.1424 0.464946
76.1568 0.465453
76.1725 0.466146
76.1857 0.466628
76.2025 0.467299
76.2157 0.467762
76.2301 0.468292
76.2446 0.468755
76.2614 0.469536
76.2758 0.470219
76.2914 0.471067
76.307 0.472058
76.3215 0.472801
76.3359 0.473451
76.3503 0.474144
76.3659 0.474876
76.3791 0.475517
76.396 0.476327
76.4092 0.477036
76.4236 0.477532
76.4392 0.478215
76.4524 0.478688
76.4669 0.479102
76.4801 0.479465
76.4945 0.479781
76.5077 0.479934
76.5221 0.480192
76.5377 0.480418
76.551 0.480366
76.5678 0.480695
76.581 0.480858
76.5942 0.480876
76.611 0.481141
76.6231 0.481124
76.6387 0.481233
76.6531 0.481204
76.6663 0.481054
76.6831 0.481047
76.6952 0.480791
76.706 0.480442
76.7204 0.480512
76.73 0.480448
76.7408 0.480267
76.7552 0.480234
76.7709 0.480079
76.7865 0.479944
76.8033 0.480201
76.8153 0.480176
76.8309 0.480154
76.8478 0.480385
76.8622 0.480712
76.879 0.481123
76.8934 0.481482
76.909 0.482047
76.9379 0.482416
76.9571 0.482864
76.9751 0.483131
76.9907 0.482865
77.0088 0.482507
77.0244 0.481818
77.04 0.480841
77.0508 0.478861
77.0689 0.477003
77.0821 0.474628
77.0989 0.472174
77.1157 0.469778
77.1265 0.46693
77.1397 0.464314
77.1518 0.46165
77.165 0.459194
77.177 0.456794
77.1914 0.454695
77.2046 0.452733
77.2191 0.451142
77.2311 0.449374
77.2455 0.447827
77.2611 0.446599
77.2755 0.445524
77.2899 0.444583
77.3056 0.443885
77.3188 0.44315
77.3332 0.442506
77.3464 0.441818
77.362 0.441466
77.3765 0.441032
77.3897 0.440528
77.4053 0.440337
77.4209 0.44017
77.4329 0.439774
77.4498 0.439677
77.4642 0.439717
77.4786 0.439753
77.493 0.439784
77.5086 0.439936
77.5231 0.440194
77.5375 0.440295
77.5519 0.440383
77.5663 0.44046
77.5831 0.440902
77.5952 0.44104
77.6132 0.441535
77.6264 0.441843
77.642 0.442237
77.6564 0.442583
77.6709 0.442885
77.6865 0.443274
77.7021 0.443865
77.7165 0.444382
77.7309 0.444709
77.7442 0.444996
77.7598 0.445246
77.773 0.44534
77.791 0.446048
77.8042 0.446417
77.8187 0.44674
77.8343 0.447272
77.8487 0.447613
77.8643 0.448162
77.8787 0.448516
77.8919 0.448702
77.9088 0.449239
77.9232 0.449709
77.9364 0.449996
77.9532 0.450496
77.9689 0.451059
77.9845 0.451802
77.9989 0.452326
78.0145 0.453036
78.0313 0.454031
78.0446 0.454652
78.059 0.455196
78.0734 0.455671
78.089 0.456337
78.1022 0.456795
78.1191 0.457446
78.1347 0.45814
78.1491 0.458748
78.1635 0.459279
78.1767 0.459619
78.1911 0.459917
78.2044 0.460052
78.2188 0.460171
78.2332 0.460274
78.2476 0.460365
78.262 0.460444
78.2753 0.460389
78.2921 0.460715
78.3041 0.460626
78.3197 0.460673
78.3329 0.460589
78.3462 0.46039
78.363 0.460466
78.3774 0.460533
78.3906 0.460466
78.4062 0.460658
78.4207 0.460701
78.4351 0.460863
78.4495 0.46088
78.4627 0.46077
78.4759 0.460924
78.4891 0.461308
78.5 0.46152
78.5108 0.46158
78.5228 0.461757
78.5348 0.461913
78.5468 0.462174
78.56 0.462652
78.5769 0.463445
78.5949 0.464265
78.6069 0.464482
78.6237 0.465046
78.6381 0.465541
78.6514 0.465973
78.667 0.466476
78.6946 0.468667
78.7138 0.468959
78.7355 0.469589
78.7547 0.470015
78.7739 0.470388
78.7944 0.470965
78.8124 0.471344
78.8292 0.471426
78.8472 0.471248
78.8628 0.470592
78.8785 0.469643
78.8953 0.468563
78.9097 0.466992
78.9217 0.465243
78.9337 0.463463
78.9458 0.461655
78.9602 0.460073
78.9722 0.458439
78.9854 0.456759
78.9986 0.455164
79.0106 0.453519
79.0203 0.451579
79.0287 0.449006
79.0371 0.446131
79.0455 0.442864
79.0539 0.439131
79.0635 0.435365
79.0731 0.431569
79.0827 0.427623
79.0935 0.42367
79.102 0.419461
79.1128 0.415404
79.1224 0.411353
79.1308 0.406934
79.1416 0.402692
79.1512 0.398481
79.1596 0.393921
79.168 0.389306
79.1741 0.384267
79.1789 0.378609
79.1837 0.372408
79.1885 0.365857
79.3923 0.34625
79.4074 0.329219
79.601 0.314066
79.6166 0.300933
79.6334 0.289816
79.8124 0.280089
79.828 0.271703
79.84 0.264115
79.8581 0.257976
79.8713 0.252354
79.8869 0.24756
80.0232 0.24299
80.0388 0.239116
80.052 0.235726
80.0688 0.232886
80.0832 0.230525
80.0989 0.228584
80.1121 0.226761
80.1277 0.225291
80.1433 0.224255
80.1577 0.223348
80.1734 0.222679
80.1854 0.221844
80.2342 0.220489
80.2486 0.219303
80.2618 0.21814
80.2799 0.217622
80.2931 0.217045
80.3075 0.216539
80.3231 0.216347
80.3375 0.216053
80.3544 0.216172
80.3664 0.216025
80.3844 0.216397
80.4 0.216847
80.4156 0.217367
80.4325 0.218196
80.4469 0.218921
80.4649 0.219931
80.4793 0.22094
80.4961 0.222197
80.513 0.223423
80.5286 0.224745
80.5454 0.226277
80.5598 0.227617
80.5779 0.229165
80.5935 0.230769
80.6115 0.232673
80.6283 0.234589
80.6439 0.23639
80.662 0.238467
80.6812 0.241033
80.698 0.243529
80.716 0.246213
80.7317 0.248686
80.7497 0.251351
80.7689 0.254182
80.7809 0.256534
80.7965 0.259217
80.8122 0.26219
80.8278 0.265166
80.8422 0.268271
80.8566 0.271237
80.8722 0.274457
80.8879 0.277775
80.9023 0.281053
80.9179 0.284421
80.9311 0.287619
80.9455 0.290791
80.9588 0.293693
80.9708 0.296356
80.9816 0.298686
80.9924 0.300601
81.0044 0.302401
81.0164 0.303975
81.026 0.305229
81.0429 0.30645
81.0585 0.307144
81.0741 0.307376
81.0897 0.307079
81.1054 0.306444
81.1198 0.305263
81.1366 0.303981
81.1534 0.302483
81.1726 0.301173
81.1907 0.299901
81.2099 0.298788
81.2279 0.29769
81.2447 0.296854
81.258 0.295872
81.2736 0.295263
81.2892 0.29498
81.3048 0.294858
81.3204 0.294875
81.3349 0.294891
81.3517 0.29528
81.3637 0.29537
81.3805 0.295698
81.3949 0.295986
81.4106 0.296488
81.4274 0.297177
81.4406 0.297655
81.4562 0.298323
81.4718 0.299033
81.4863 0.299653
81.5031 0.300572
81.5187 0.3015
81.5343 0.302438
81.5487 0.303258
81.5632 0.304101
81.5788 0.304963
81.5944 0.305843
81.61 0.306862
81.6256 0.30788
81.6413 0.30902
81.6545 0.309767
81.6701 0.310671
81.6869 0.311587
81.7026 0.312639
81.7182 0.313684
81.7338 0.314599
81.7506 0.315774
81.765 0.316802
81.7819 0.317952
81.7951 0.318833
81.8107 0.319604
81.8263 0.320528
81.8419 0.321337
81.86 0.322545
81.8744 0.323602
81.8912 0.324902
81.9068 0.326039
81.9236 0.327284
81.9369 0.328249
81.9513 0.329093
81.9681 0.330206
81.9825 0.331055
81.9993 0.332048
82.015 0.333042
82.0306 0.334037
82.0462 0.335157
82.0606 0.336013
82.0774 0.337136
82.0907 0.337869
82.1075 0.33876
82.1231 0.33979
82.1387 0.340692
82.1544 0.34173
82.1712 0.342889
82.1868 0.343903
82.2 0.34479
82.2168 0.345691
82.2325 0.34673
82.2481 0.347764
82.2625 0.348668
82.2793 0.34971
82.2949 0.350621
82.3094 0.351543
82.3262 0.3526
82.3406 0.353525
82.3562 0.35446
82.3718 0.355277
82.3887 0.356368
82.4031 0.357322
82.4199 0.358406
82.4343 0.359356
82.4499 0.360311
82.4644 0.361147
82.48 0.361879
82.4968 0.362894
82.5112 0.363782
82.5293 0.365059
82.5449 0.366177
82.5617 0.367405
82.5797 0.368979
82.5965 0.370607
82.6134 0.372406
82.629 0.37398
82.6482 0.376108
82.6638 0.377969
82.6807 0.380098
82.6975 0.382586
82.7131 0.385388
82.7275 0.388089
82.7419 0.390703
82.7588 0.39374
82.7732 0.396773
82.7864 0.399551
82.8008 0.402357
82.8128 0.404813
82.8272 0.407336
82.8393 0.409669
82.8537 0.41196
82.8669 0.41409
82.8801 0.416329
82.8933 0.418413
82.9054 0.420236
82.9198 0.422207
82.9306 0.423806
82.9474 0.42533
82.9642 0.426414
82.9774 0.426487
82.9955 0.426426
83.0111 0.425998
83.0291 0.425373
83.0459 0.424452
83.064 0.423395
83.0808 0.422221
83.0988 0.420943
83.1168 0.4197
83.1313 0.418363
83.1457 0.417067
83.1613 0.416184
83.1757 0.415286
83.1925 0.414875
83.2082 0.414641
83.2214 0.414186
83.2382 0.414162
83.2538 0.414142
83.2706 0.414499
83.2851 0.414812
83.3007 0.415085
83.3163 0.415575
83.3307 0.415878
83.3463 0.416393
83.362 0.416844
83.3788 0.417614
83.3932 0.418287
83.41 0.419126
83.4244 0.41986
83.4401 0.420628
83.4557 0.421424
83.4713 0.422246
83.4881 0.423215
83.5025 0.424064
83.5194 0.425056
83.535 0.426049
83.5494 0.426918
83.5638 0.427678
83.5807 0.428593
83.5951 0.429394
83.6107 0.43022
83.6275 0.431192
83.6431 0.432293
83.6564 0.433007
83.6744 0.434006
83.6888 0.43488
83.7032 0.435645
83.7188 0.436439
83.7345 0.437259
83.7513 0.438352
83.7645 0.439058
83.7825 0.440051
83.7969 0.440919
83.8114 0.44168
83.827 0.44247
83.8426 0.443286
83.8582 0.444125
83.8726 0.444859
83.8895 0.445752
83.9051 0.446783
83.9195 0.44756
83.9351 0.44849
83.9519 0.449429
83.9664 0.45025
83.9796 0.450844
83.9976 0.451738
84.012 0.452646
84.0276 0.45344
84.0433 0.45426
84.0589 0.455103
84.0757 0.45609
84.0889 0.456829
84.1058 0.457725
84.1202 0.458634
84.1358 0.45943
84.1514 0.460251
84.167 0.46122
84.1815 0.461942
84.1971 0.462825
84.2139 0.463722
84.2271 0.464381
84.2439 0.465209
84.2572 0.465808
84.274 0.466582
84.2896 0.467384
84.3028 0.467961
84.3208 0.468841
84.3353 0.469611
84.3545 0.470909
84.3677 0.471796
84.3845 0.472946
84.4001 0.474078
84.4146 0.474943
84.4326 0.4762
84.4482 0.477425
84.4638 0.478622
84.4782 0.479669
84.4939 0.480711
84.5095 0.481747
84.5227 0.482653
84.5347 0.483447
84.5455 0.484141
84.5612 0.485248
84.5708 0.485842
84.5816 0.486362
84.5972 0.487067
84.6116 0.487558
84.6284 0.488239
84.6441 0.488834
84.6597 0.48923
84.6741 0.489701
84.6909 0.490113
84.7066 0.490474
84.7198 0.490665
84.7498 0.490832
84.7678 0.490853
84.7835 0.490371
84.7979 0.489325
84.8135 0.488034
84.8315 0.486655
84.8483 0.485198
84.8652 0.483548
84.8808 0.481605
84.8988 0.479654
84.9156 0.477697
84.9312 0.475485
84.9445 0.473425
84.9589 0.471496
84.9721 0.469809
84.9853 0.468083
85.0021 0.466948
85.0154 0.465704
85.031 0.464616
85.0454 0.463789
85.0586 0.462816
85.0742 0.462214
85.0875 0.461437
85.1031 0.460882
85.1175 0.460397
85.1295 0.459597
85.1439 0.458898
85.1584 0.458286
85.1716 0.457625
85.1884 0.457297
85.2016 0.45676
85.2172 0.45654
85.2316 0.456222
85.2473 0.456194
85.2617 0.456045
85.2773 0.456039
85.2929 0.45616
85.3086 0.45639
85.3242 0.456841
85.3398 0.457236
85.3542 0.457706
85.3686 0.457993
85.3855 0.458494
85.4011 0.459182
85.4167 0.459784
85.4323 0.460561
85.4455 0.460991
85.4624 0.461617
85.4768 0.462165
85.4924 0.462769
85.5092 0.463673
85.5236 0.464339
85.5405 0.465297
85.5537 0.465885
85.5693 0.466524
85.5849 0.467209
85.6005 0.467932
85.6162 0.468816
85.6306 0.469464
85.645 0.470031
85.6618 0.470777
85.675 0.471305
85.6907 0.471892
85.7075 0.472655
85.7219 0.473323
85.7375 0.474033
85.7519 0.474529
85.7664 0.475088
85.782 0.475577
85.7976 0.476255
85.8132 0.476973
85.8264 0.477351
85.8421 0.477932
85.8577 0.478441
85.8721 0.479011
85.8865 0.479384
85.9021 0.479961
85.9178 0.480466
85.9322 0.480908
85.9466 0.481294
85.961 0.481633
85.9839 0.482804
85.9983 0.482703
86.0151 0.482865
86.0295 0.482757
86.0439 0.482537
86.0608 0.482595
86.0776 0.482896
86.0944 0.483409
86.11 0.483858
86.1244 0.484126
86.1401 0.48461
86.1557 0.484784
86.1713 0.485186
86.1881 0.485787
86.2049 0.486314
86.2194 0.486775
86.235 0.487178
86.2482 0.487406
86.2638 0.487605
86.2806 0.488029
86.2939 0.488151
86.3047 0.487757
86.3179 0.487662
86.3287 0.487454
86.3419 0.487398
86.3539 0.487348
86.3684 0.487804
86.3816 0.487954
86.3984 0.48821
86.4128 0.488308
86.4284 0.48852
86.4429 0.488705
86.4621 0.489617
86.4741 0.48904
86.4897 0.488535
86.515 0.489218
86.5366 0.488441
86.5534 0.487386
86.5726 0.486462
86.5883 0.485155
86.6051 0.483635
86.6207 0.481806
86.6387 0.479955
86.6555 0.478086
86.6736 0.4762
86.6904 0.4743
86.706 0.472138
86.7192 0.469995
86.7324 0.467996
86.7469 0.466121
86.7589 0.464106
86.7745 0.462593
86.7853 0.460769
86.7973 0.458798
86.813 0.457198
86.8274 0.455798
86.8418 0.454448
86.8574 0.453517
86.8706 0.452453
86.8863 0.451646
86.8983 0.450565
86.9127 0.44962
86.9271 0.448792
86.9415 0.447943
86.9583 0.447575
86.9704 0.446878
86.9872 0.446519
87.0016 0.446204
87.0172 0.446053
87.0328 0.445922
87.0485 0.446056
87.0641 0.446299
87.0797 0.446512
87.0929 0.446573
87.111 0.447001
87.1254 0.447376
87.141 0.447829
87.1566 0.448351
87.171 0.448807
87.1879 0.449456
87.2011 0.449899
87.2191 0.450662
87.2335 0.451204
87.2479 0.451678
87.2648 0.452344
87.2804 0.453051
87.2972 0.454044
87.3104 0.454664
87.3248 0.455081
87.3417 0.455821
87.3549 0.456218
87.3729 0.456941
87.3873 0.457698
87.4029 0.458361
87.4174 0.458941
87.4318 0.459448
87.4498 0.460267
87.463 0.460859
87.4798 0.461626
87.4955 0.462423
87.5099 0.462995
87.5267 0.463871
87.5399 0.464387
87.5555 0.464964
87.5724 0.465718
87.5868 0.466378
87.6024 0.467081
87.618 0.467821
87.6324 0.468468
87.6481 0.46916
87.6625 0.46964
87.6793 0.470435
87.6937 0.471005
87.7106 0.471755
87.7262 0.47266
87.7418 0.473453
87.7562 0.474146
87.7718 0.474878
87.7863 0.475518
87.7995 0.475828
87.8139 0.4761
87.8295 0.476462
87.8439 0.476655
87.8595 0.476948
87.8752 0.477454
87.8884 0.477523
87.9052 0.477957
87.9232 0.478713
87.9389 0.478998
87.9557 0.479624
87.9701 0.480046
87.9857 0.480415
88.0025 0.480988
88.0158 0.48099
88.029 0.480866
88.0446 0.480883
88.059 0.480772
88.0746 0.480676
88.0854 0.480216
88.0963 0.479689
88.1059 0.478978
88.1191 0.478606
88.1323 0.478405
88.1479 0.478479
88.1624 0.478295
88.1804 0.478633
88.1948 0.478554
88.2116 0.478609
88.2236 0.478283
88.2405 0.478248
88.2549 0.478092
88.2681 0.47783
88.2825 0.477727
88.3101 0.479386
88.3294 0.478963
88.3462 0.478217
88.3618 0.477065
88.3822 0.476182
88.4003 0.475159
88.4183 0.474139
88.4327 0.472497
88.4519 0.47106
88.4688 0.469427
88.4856 0.467749
88.5048 0.466155
88.518 0.464386
88.53 0.462463
88.5433 0.460655
88.5553 0.458698
88.5685 0.456736
88.5829 0.454894
88.5961 0.453282
88.6105 0.451747
88.625 0.450278
88.6394 0.449119
88.6514 0.447729
88.6658 0.446388
88.6802 0.445339
88.6959 0.444422
88.7091 0.443494
88.7259 0.442932
88.7391 0.442316
88.7547 0.441776
88.7692 0.441429
88.7824 0.440876
88.7992 0.440641
88.8136 0.440436
88.8304 0.440507
88.8449 0.440443
88.8605 0.440638
88.8749 0.440683
88.8917 0.440973
88.9061 0.441226
88.9218 0.441573
88.9362 0.441876
88.9518 0.442142
88.9686 0.442749
88.983 0.44328
88.9987 0.443745
89.0119 0.444027
89.0275 0.444399
89.0431 0.444849
89.0587 0.445368
89.0744 0.445947
89.0888 0.446328
89.1044 0.446912
89.12 0.447548
89.1356 0.448105
89.1513 0.448842
89.1645 0.449236
89.1813 0.449832
89.1957 0.450353
89.2126 0.451059
89.2282 0.451801
89.2438 0.452451
89.2582 0.453145
89.2738 0.453752
89.2895 0.454408
89.3039 0.454982
89.3207 0.455734
89.3351 0.456392
89.3519 0.457218
89.3664 0.457941
89.3832 0.458823
89.3976 0.459595
89.412 0.460271
89.4276 0.460862
89.4445 0.461754
89.4589 0.46241
89.4733 0.462984
89.4877 0.463486
89.5033 0.46405
89.519 0.464544
89.5358 0.465351
89.5526 0.466307
89.567 0.467144
89.5814 0.467876
89.5971 0.468641
89.6127 0.469436
89.6295 0.470382
89.6439 0.471084
89.6595 0.471948
89.6752 0.47283
89.6908 0.473601
89.7076 0.474651
89.7208 0.47532
89.7376 0.476155
89.7497 0.476635
89.7653 0.477181
89.7785 0.477408
89.7929 0.477607
89.8073 0.477781
89.823 0.477934
89.8386 0.478067
89.8518 0.478059
89.8662 0.477801
89.8758 0.477076
89.8878 0.476442
89.8987 0.475761
89.9131 0.475666
89.9251 0.475583
89.9395 0.47551
89.9551 0.475571
89.9696 0.475625
89.9888 0.476047
90.0044 0.476541
90.0212 0.476973
90.0368 0.477102
90.0501 0.477214
90.0669 0.477437
90.0837 0.477883
90.1138 0.480022
90.133 0.479894
90.1498 0.479408
90.1666 0.478732
90.1846 0.47789
90.2039 0.477154
90.2231 0.47651
90.2411 0.475821
90.2579 0.474718
90.2748 0.473504
90.294 0.472316
90.3096 0.470776
90.3228 0.468929
90.3372 0.467438
90.3457 0.465258
90.3601 0.463351
90.3733 0.461557
90.3865 0.459737
90.4033 0.458395
90.4154 0.456971
90.431 0.455725
90.4418 0.454134
90.4526 0.452367
90.4622 0.450196
90.4718 0.447672
90.4814 0.444838
90.4911 0.441733
90.5007 0.438391
90.5103 0.434843
90.5199 0.430987
90.5307 0.427239
90.5391 0.423209
90.5499 0.419058
90.5595 0.414926
90.5704 0.41081
90.58 0.406459
90.5908 0.402276
90.6004 0.397992
90.61 0.393618
90.6208 0.389291
90.6304 0.384879
90.6401 0.380394
90.6473 0.375595
90.6545 0.370396
90.6593 0.364596
90.6641 0.358397
90.6689 0.351597
90.8728 0.333647
90.8872 0.318067
91.0841 0.304808
91.0998 0.293207
91.113 0.282931
91.2928 0.273565
91.3097 0.265744
91.3241 0.259026
91.3409 0.253273
91.3553 0.248364
91.3697 0.243943
91.5027 0.2397
91.5184 0.236113
91.5328 0.232974
91.5496 0.230477
91.5628 0.228167
91.5796 0.226521
91.5941 0.225081
91.6073 0.223696
91.6241 0.222734
91.6385 0.221892
91.6553 0.221531
91.6686 0.220964
91.7132 0.219719
91.7288 0.218629
91.7432 0.2178
91.7576 0.217075
91.7744 0.216691
91.7889 0.216355
91.8033 0.21606
91.8189 0.215928
91.8357 0.216062
91.8513 0.216429
91.8658 0.21675
91.8826 0.217282
91.897 0.217746
91.9138 0.218403
91.9306 0.219353
91.9475 0.220559
91.9631 0.221739
91.9799 0.223021
91.9955 0.224269
92.0124 0.225735
92.0292 0.227268
92.0448 0.228735
92.0616 0.230393
92.0784 0.232094
92.0965 0.234082
92.1145 0.236197
92.1325 0.238547
92.1493 0.240979
92.1662 0.243356
92.1854 0.246062
92.2046 0.248929
92.2226 0.251938
92.2383 0.254696
92.2563 0.257609
92.2731 0.260658
92.2875 0.2637
92.3019 0.266613
92.3176 0.269661
92.332 0.272704
92.3488 0.275991
92.3632 0.279367
92.38 0.282946
92.3933 0.286328
92.4089 0.289662
92.4221 0.292954
92.4353 0.29596
92.4497 0.298965
92.4605 0.301469
92.4726 0.303786
92.4834 0.305687
92.4954 0.307476
92.5074 0.309042
92.5158 0.310037
92.535 0.311407
92.5495 0.311981
92.5651 0.312109
92.5807 0.311595
92.5975 0.310896
92.6132 0.309909
92.63 0.30867
92.6468 0.307336
92.6648 0.305919
92.6864 0.305054
92.7045 0.304173
92.7201 0.303026
92.7357 0.302023
92.7513 0.301395
92.767 0.300846
92.7826 0.300615
92.7982 0.300663
92.8126 0.30058
92.8294 0.300883
92.8451 0.301272
92.8595 0.301613
92.8763 0.302287
92.8919 0.302876
92.9075 0.303641
92.9232 0.304436
92.9388 0.305257
92.9544 0.3061
92.9688 0.306837
92.9856 0.307857
93.0013 0.308875
93.0157 0.309766
93.0313 0.31067
93.0469 0.311586
93.0613 0.312513
93.077 0.313324
93.0938 0.314408
93.1082 0.315357
93.125 0.316563
93.1407 0.317617
93.1551 0.318665
93.1707 0.319707
93.1875 0.320869
93.2019 0.321885
93.2176 0.322899
93.2344 0.324162
93.25 0.325392
93.2644 0.326468
93.28 0.327659
93.2957 0.328702
93.3113 0.329864
93.3269 0.330881
93.3425 0.332021
93.3581 0.333268
93.3738 0.33436
93.3882 0.33544
93.4038 0.336385
93.4194 0.337462
93.4362 0.338779
93.4507 0.339807
93.4663 0.340956
93.4831 0.342211
93.4963 0.343185
93.5131 0.344412
93.5288 0.345485
93.5444 0.346675
93.56 0.34784
93.5756 0.348985
93.5913 0.350112
93.6057 0.351098
93.6225 0.352336
93.6369 0.353294
93.6525 0.354382
93.6694 0.355584
93.6838 0.356636
93.7006 0.357932
93.7138 0.358815
93.7282 0.359713
93.7451 0.360749
93.7607 0.361781
93.7775 0.362933
93.7931 0.364191
93.8099 0.365542
93.8244 0.366725
93.8376 0.367634
93.8556 0.368805
93.87 0.369954
93.8868 0.37121
93.9025 0.372434
93.9181 0.373754
93.9337 0.37491
93.9469 0.375671
93.965 0.376712
93.9806 0.377873
93.9974 0.379139
94.0142 0.380497
94.031 0.381935
94.0479 0.383443
94.0659 0.385138
94.0827 0.38687
94.1007 0.388762
94.1188 0.390916
94.138 0.393302
94.1548 0.395639
94.1692 0.397934
94.186 0.400567
94.2005 0.403121
94.2161 0.405981
94.2329 0.408984
94.2461 0.411861
94.2617 0.414753
94.275 0.417409
94.2894 0.420233
94.305 0.423204
94.3182 0.425928
94.3326 0.428562
94.3471 0.431242
94.3591 0.433712
94.3723 0.435998
94.3843 0.437998
94.3951 0.439623
94.4071 0.441045
94.4216 0.442665
94.4396 0.443832
94.4576 0.444603
94.4744 0.445027
94.4888 0.444649
94.5069 0.444068
94.5249 0.443434
94.5393 0.442255
94.5585 0.441098
94.5766 0.439961
94.5958 0.438841
94.6162 0.437986
94.6306 0.436862
94.6451 0.43588
94.6607 0.435145
94.6763 0.434627
94.6907 0.434048
94.7075 0.433792
94.7232 0.433818
94.74 0.433966
94.7544 0.434095
94.7724 0.434583
94.7868 0.43501
94.8037 0.435634
94.8169 0.43593
94.8325 0.436314
94.8505 0.437149
94.8649 0.437756
94.8818 0.438536
94.8962 0.439219
94.9142 0.440317
94.9286 0.441152
94.9455 0.442133
94.9599 0.442867
94.9755 0.443758
94.9911 0.444663
95.0067 0.445456
95.0236 0.446399
95.0392 0.447474
95.0548 0.448415
95.0704 0.449363
95.0884 0.450567
95.1029 0.451621
95.1197 0.452794
95.1329 0.45357
95.1485 0.454373
95.1666 0.455577
95.1798 0.45638
95.1978 0.457457
95.2122 0.4584
95.229 0.4596
95.2447 0.46065
95.2615 0.461819
95.2771 0.463091
95.2903 0.463955
95.3071 0.464961
95.3228 0.465841
95.3396 0.466985
95.354 0.467987
95.3708 0.468989
95.3852 0.469865
95.4033 0.471132
95.4177 0.472116
95.4345 0.473226
95.4489 0.474073
95.4633 0.474939
95.4814 0.476071
95.4946 0.476812
95.5126 0.477836
95.5258 0.478606
95.5439 0.479656
95.5583 0.480574
95.5751 0.481627
95.5907 0.482674
95.6039 0.483339
95.6208 0.484172
95.6352 0.4849
95.6508 0.485663
95.6664 0.486455
95.6832 0.487398
95.6965 0.487848
95.7145 0.488742
95.7301 0.4894
95.7469 0.489975
95.7649 0.490728
95.777 0.490887
95.795 0.491401
95.8094 0.491851
95.8286 0.492619
95.8443 0.493292
95.8611 0.494131
95.8767 0.494614
95.8935 0.495412
95.9079 0.495611
95.9272 0.49641
95.9416 0.496858
95.9572 0.497376
95.9752 0.498204
95.9884 0.498429
96.0065 0.499
96.0197 0.49925
96.0341 0.499844
96.0437 0.499988
96.0569 0.500365
96.0714 0.501069
96.0894 0.50206
96.1038 0.502678
96.1194 0.503593
96.1338 0.504019
96.1447 0.503892
96.1591 0.50378
96.1759 0.503683
96.1867 0.502847
96.2047 0.502741
96.2252 0.503024
96.2408 0.500646
96.2564 0.498065
96.2708 0.495057
96.2876 0.492175
96.3045 0.489278
96.3225 0.486493
96.3393 0.483807
96.3573 0.481206
96.3766 0.478805
96.3934 0.476454
96.4114 0.474148
96.4282 0.472129
96.4414 0.470113
96.4571 0.468474
96.4727 0.467165
96.4883 0.466144
96.5015 0.465001
96.5147 0.463751
96.5316 0.463032
96.546 0.462278
96.5616 0.461743
96.576 0.461275
96.5892 0.460741
96.6073 0.460648
96.6217 0.460442
96.6361 0.460262
96.6505 0.460104
96.6649 0.459841
96.6806 0.459736
96.6974 0.459894
96.7118 0.460032
96.7286 0.460403
96.7406 0.460353
96.7551 0.460309
96.7731 0.46077
96.7851 0.460799
96.8031 0.461199
96.8175 0.461424
96.8344 0.461996
96.85 0.462497
96.8656 0.46306
96.8812 0.463802
96.8945 0.464202
96.9113 0.464802
96.9281 0.465576
96.9437 0.466379
96.9581 0.467082
96.9738 0.467697
96.9894 0.46836
97.0062 0.469315
97.0206 0.470025
97.0374 0.470897
97.0531 0.471785
97.0675 0.472562
97.0843 0.473492
97.0975 0.474055
97.1131 0.474673
97.1276 0.475214
97.1444 0.475937
97.16 0.476695
97.1744 0.477233
97.1864 0.477454
97.2033 0.477897
97.2177 0.47816
97.2309 0.47814
97.2489 0.478623
97.2621 0.47892
97.279 0.479305
97.2934 0.479642
97.309 0.480187
97.3258 0.480663
97.3402 0.480955
97.3583 0.481586
97.3703 0.481638
97.3883 0.482058
97.4039 0.482426
97.4208 0.482747
97.4352 0.482904
97.4508 0.483166
97.4652 0.48327
97.482 0.483612
97.4977 0.48366
97.5145 0.483953
97.5301 0.484208
97.5469 0.484432
97.5637 0.484878
97.577 0.484894
97.5902 0.484782
97.6058 0.484684
97.6202 0.484724
97.6358 0.484633
97.6503 0.484429
97.6767 0.485625
97.6947 0.485422
97.7103 0.485244
97.7272 0.485339
97.7404 0.485047
97.756 0.484791
97.7692 0.484442
97.7836 0.484137
97.7945 0.48362
97.8077 0.483292
97.8221 0.483381
97.8353 0.483583
97.8473 0.48351
97.8653 0.484196
97.8834 0.484797
97.8978 0.485072
97.9098 0.484813
97.9254 0.484712
97.9374 0.484248
97.9531 0.483967
97.9675 0.483346
97.9963 0.484553
98.0143 0.483234
98.0276 0.481204
98.0456 0.479054
98.0612 0.476672
98.0792 0.474213
98.0973 0.471811
98.1153 0.469335
98.1333 0.466918
98.1525 0.464553
98.1693 0.462109
98.1862 0.459471
98.2018 0.457162
98.215 0.454892
98.2306 0.452905
98.2451 0.451167
98.2583 0.449271
98.2739 0.447612
98.2871 0.445911
98.3039 0.444547
98.3183 0.443353
98.334 0.442184
98.3496 0.441286
98.3652 0.440625
98.3796 0.439797
98.3965 0.439323
98.4109 0.438657
98.4277 0.438325
98.4433 0.438159
98.4601 0.43814
98.477 0.438247
98.4914 0.438216
98.507 0.438189
98.5226 0.438291
98.5382 0.438379
98.5563 0.438832
98.5707 0.439103
98.5887 0.43959
98.6019 0.439766
98.6199 0.44017
98.6356 0.440649
98.6524 0.441318
98.668 0.441903
98.6848 0.44254
98.6981 0.442973
98.7149 0.443351
98.7305 0.443807
98.7473 0.444331
98.7629 0.44479
98.781 0.445566
98.7966 0.446245
98.8122 0.446965
98.829 0.447719
98.8446 0.448379
98.8615 0.449207
98.8783 0.450056
98.8939 0.450799
98.9095 0.451574
98.9252 0.452252
98.942 0.452971
98.9588 0.453724
98.9732 0.454384
98.99 0.455211
99.0057 0.45581
99.0225 0.456583
99.0381 0.457385
99.0537 0.457962
99.0693 0.458592
99.0862 0.459268
99.1018 0.459859
99.1186 0.460627
99.1318 0.460924
99.1499 0.461558
99.1631 0.461863
99.1799 0.462255
99.1967 0.462849
99.2123 0.463367
99.2292 0.464072
99.246 0.464813
99.2628 0.465586
99.2784 0.466388
99.2952 0.467214
99.3097 0.467813
99.3253 0.468461
99.3421 0.469153
99.3565 0.469634
99.3734 0.470305
99.389 0.470767
99.4046 0.471296
99.4202 0.471759
99.4358 0.472164
99.4479 0.472144
99.4635 0.472126
99.4779 0.471985
99.4935 0.471862
99.5091 0.471879
99.5248 0.471894
99.5404 0.471907
99.556 0.471919
99.568 0.471804
99.58 0.471704
99.5932 0.471741
99.6053 0.471648
99.6173 0.471567
99.6293 0.471496
99.6425 0.471434
99.6593 0.47163
99.675 0.471676
99.693 0.471967
99.7086 0.472096
99.7242 0.472084
99.7386 0.471823
99.7567 0.471845
99.7831 0.473115
99.8011 0.472225
99.8203 0.471197
99.8372 0.469923
99.8552 0.468432
99.8708 0.466503
99.8888 0.46444
99.9069 0.462385
99.9261 0.460462
99.9441 0.458529
99.9609 0.456213
99.9778 0.453687
99.9934 0.451601
