0.200251 0.2
0.406561 0.20075
0.42347 0.203531
0.442696 0.20834
0.461921 0.214922
0.481147 0.223182
0.608055 0.246284
0.628063 0.242374
0.643684 0.238702
0.66291 0.236114
0.682135 0.2346
0.701361 0.234025
0.720587 0.234147
0.739812 0.234879
0.759038 0.236269
0.809549 0.241985
0.830759 0.238737
0.84638 0.235395
0.865605 0.233095
0.883629 0.231709
0.901653 0.23112
0.920879 0.231355
0.940104 0.232436
0.95933 0.234131
0.978556 0.236365
0.998983 0.239319
1.01581 0.242404
1.03263 0.245729
1.05185 0.249638
1.07228 0.254308
1.09271 0.259519
1.11313 0.26533
1.13236 0.271413
1.15159 0.277737
1.16841 0.284145
1.18884 0.291127
1.20686 0.298611
1.22609 0.306659
1.24531 0.315077
1.26454 0.323942
1.28376 0.333075
1.30299 0.34244
1.32221 0.352135
1.34144 0.362118
1.35826 0.371978
1.37388 0.381606
1.39791 0.39203
1.41353 0.401777
1.43637 0.41218
1.45319 0.421907
1.47361 0.432044
1.49044 0.441538
1.51807 0.452471
1.53369 0.462287
1.55052 0.472001
1.57815 0.482876
1.60098 0.493017
1.6094 0.500639
1.63102 0.509185
1.63944 0.516036
1.66587 0.524407
1.67789 0.531606
1.70673 0.540655
1.71994 0.548448
1.74397 0.557517
1.75719 0.565578
1.78122 0.57488
1.80286 0.58402
2.67642 0.590393
2.69684 0.595594
2.71487 0.600395
2.73529 0.60447
2.75212 0.608161
2.77855 0.611141
2.79297 0.613749
2.811 0.61628
2.83743 0.618245
2.86026 0.620089
2.86987 0.621703
2.8915 0.623115
2.89991 0.624476
2.92755 0.625666
2.93837 0.626458
2.9672 0.627401
4.33222 0.580101
4.34784 0.538338
4.36226 0.501421
4.37548 0.468368
4.3935 0.439447
4.41153 0.414141
4.42955 0.391999
4.44878 0.372749
4.468 0.356155
4.48482 0.341386
4.50285 0.328463
4.51847 0.316905
4.53769 0.306917
4.56773 0.297927
4.58936 0.290561
4.60739 0.284116
4.62541 0.278477
4.64464 0.273667
4.66506 0.269834
4.68309 0.266479
4.70352 0.263794
4.72514 0.261945
4.74197 0.260077
4.75879 0.258192
4.77681 0.256543
4.79724 0.255475
4.81526 0.254541
4.83569 0.253973
4.85372 0.253477
4.87534 0.253542
4.89337 0.253599
4.91259 0.253774
4.93182 0.254053
4.95105 0.254546
4.97027 0.255103
4.9895 0.25559
5.00992 0.256266
5.02915 0.257108
5.04958 0.258094
5.07 0.259333
5.08803 0.260416
5.10725 0.261489
5.12768 0.262678
5.14691 0.263843
5.16733 0.265238
5.18536 0.266458
5.20578 0.267776
5.22261 0.268804
5.24303 0.269953
5.26226 0.271084
5.28269 0.272324
5.30311 0.273783
5.32234 0.275185
5.34157 0.276537
5.36079 0.277845
5.38122 0.279364
5.40044 0.280819
5.41967 0.282216
5.4425 0.284064
5.46293 0.285931
5.48456 0.28794
5.50739 0.290322
5.52901 0.292907
5.55064 0.295544
5.56987 0.297976
5.5927 0.300729
5.61553 0.303763
5.63716 0.306917
5.65879 0.310053
5.67561 0.313046
5.69363 0.316165
5.70925 0.31902
5.72608 0.321892
5.7405 0.324281
5.75371 0.326246
5.77054 0.32834
5.78496 0.330047
5.79937 0.331666
5.81379 0.332958
5.82821 0.334213
5.84383 0.335312
5.85585 0.336023
5.87387 0.33702
5.8943 0.337517
5.91833 0.337953
5.93876 0.337834
5.96399 0.337854
5.98682 0.337748
6.01086 0.337654
6.03489 0.337572
6.05892 0.337376
6.08175 0.337079
6.09857 0.336694
6.119 0.336732
6.13943 0.337016
6.15865 0.337389
6.17908 0.33809
6.19831 0.338829
6.21753 0.3396
6.23556 0.340275
6.25598 0.341116
6.27401 0.341976
6.29443 0.342979
6.31486 0.344107
6.33289 0.345094
6.35331 0.346332
6.37134 0.347415
6.39176 0.348613
6.41099 0.349787
6.43142 0.351188
6.45064 0.35254
6.46987 0.353847
6.48909 0.355241
6.50832 0.356586
6.52754 0.357888
6.54677 0.359152
6.5672 0.360633
6.58522 0.362054
6.60445 0.363422
6.62608 0.365119
6.6441 0.366604
6.66333 0.368029
6.68255 0.3694
6.70178 0.370725
6.721 0.372135
6.74023 0.373493
6.76065 0.374931
6.77988 0.376315
6.79911 0.377775
6.81833 0.379178
6.83756 0.380531
6.85558 0.381715
6.87481 0.382875
6.89644 0.384391
6.91446 0.385717
6.93489 0.387127
6.95411 0.388612
6.97334 0.390035
6.99136 0.391281
7.01059 0.392496
7.02981 0.393684
7.04904 0.394973
7.06826 0.396227
7.08989 0.397698
7.10792 0.398986
7.12594 0.400238
7.14637 0.401708
7.1668 0.403245
7.18602 0.404839
7.20645 0.406484
7.22688 0.408174
7.2485 0.410152
7.27013 0.412383
7.29176 0.41471
7.31339 0.417246
7.33742 0.420215
7.36025 0.423439
7.38188 0.426634
7.40351 0.42993
7.42274 0.432938
7.44437 0.436071
7.46119 0.438687
7.47921 0.440976
7.49603 0.443104
7.51165 0.445091
7.52487 0.44658
7.53929 0.448007
7.55371 0.449131
7.56693 0.44999
7.58015 0.450741
7.59096 0.450774
7.60658 0.451052
7.6186 0.451045
7.63302 0.45104
7.64623 0.45091
7.66546 0.451046
7.70511 0.45354
7.72674 0.452348
7.74837 0.451054
7.7736 0.450047
7.79643 0.449167
7.81926 0.448271
7.8445 0.447612
7.86973 0.44716
7.89497 0.44689
7.91299 0.446279
7.93462 0.446244
7.95264 0.446214
7.97187 0.446312
7.98869 0.446273
8.00912 0.446614
8.02834 0.447037
8.04517 0.447282
8.06319 0.447497
8.07881 0.44731
8.10044 0.447646
8.11846 0.44794
8.13769 0.448323
8.15691 0.448783
8.17494 0.449185
8.19537 0.449912
8.21459 0.450673
8.23382 0.451464
8.25184 0.452156
8.26986 0.452761
8.29149 0.453791
8.30952 0.454817
8.32874 0.45584
8.35157 0.45736
8.3684 0.458315
8.39123 0.459776
8.40925 0.460554
8.42848 0.461359
8.4465 0.46194
8.46693 0.462697
8.48735 0.463485
8.50418 0.463924
8.5222 0.464309
8.54022 0.464645
8.55945 0.465065
8.57747 0.465431
8.5967 0.465878
8.61472 0.466143
8.63155 0.466125
8.65317 0.466609
8.6724 0.466783
8.69163 0.466935
8.70965 0.466943
8.72767 0.46695
8.7493 0.467457
8.76733 0.4674
8.78655 0.467475
8.80938 0.46804
8.82741 0.46791
8.84904 0.468296
8.86706 0.468134
8.88388 0.467743
8.90311 0.467525
8.92353 0.467584
8.94757 0.468136
8.96679 0.468369
8.98482 0.468573
9.00404 0.469001
9.02447 0.469626
9.04249 0.470173
9.06292 0.470901
9.08215 0.471664
9.09897 0.472081
9.1218 0.473071
9.13622 0.473187
9.15304 0.473038
9.16986 0.472534
9.18308 0.471842
9.1963 0.470987
9.20831 0.469988
9.22153 0.46899
9.23475 0.467866
9.25397 0.466883
9.272 0.465397
9.28762 0.463848
9.30084 0.461367
9.31886 0.459196
9.33448 0.457171
9.37413 0.458025
9.39576 0.455272
9.4198 0.452863
9.44503 0.451005
9.46786 0.449129
9.49189 0.447488
9.51713 0.446302
9.54116 0.445264
9.56519 0.444356
9.58562 0.443437
9.60244 0.442507
9.62166 0.441819
9.63849 0.441091
9.65771 0.44058
9.67814 0.440633
9.69737 0.440803
9.71539 0.440953
9.73341 0.441084
9.75144 0.441198
9.76946 0.441299
9.78989 0.441636
9.80791 0.441932
9.82954 0.44269
9.84757 0.443354
9.86559 0.443935
9.88481 0.444568
9.90524 0.445497
9.92327 0.44631
9.94249 0.447146
9.96052 0.447878
9.98094 0.448768
10.0002 0.449797
10.0194 0.450822
10.0374 0.45172
10.0578 0.452755
10.0771 0.45391
10.0951 0.454922
10.1119 0.455556
10.1299 0.456112
10.1516 0.457098
10.1708 0.457961
10.1876 0.458591
10.2056 0.459142
10.2237 0.459624
10.2441 0.460421
10.2621 0.460868
10.2849 0.46176
10.3018 0.461915
10.3174 0.4618
10.3378 0.46195
10.3582 0.462332
10.3763 0.46229
10.3955 0.462379
10.4135 0.462332
10.4315 0.46229
10.4496 0.462004
10.47 0.461753
10.488 0.461534
10.5084 0.461592
10.5277 0.461518
10.5457 0.461204
10.5637 0.460928
10.5829 0.460812
10.6058 0.461336
10.625 0.461794
10.6442 0.462194
10.8265 0.483045
10.8563 0.449164
11.0376 0.419394
11.056 0.39347
11.0743 0.370786
11.0936 0.350938
11.1117 0.333571
11.1293 0.318374
11.1464 0.304952
11.1646 0.293083
11.1839 0.282823
11.2012 0.273845
11.2196 0.265989
11.2392 0.259366
11.2557 0.253195
11.2752 0.248046
11.2956 0.24379
11.3136 0.240066
11.3329 0.236933
11.3521 0.234316
11.3689 0.231777
11.3833 0.22918
11.4023 0.227032
11.4207 0.225028
11.4392 0.2234
11.4576 0.221975
11.4758 0.220728
11.495 0.219887
11.5142 0.219151
11.5347 0.218757
11.5515 0.218288
11.5719 0.218127
11.5899 0.217986
11.6104 0.218113
11.6272 0.218598
11.6464 0.219524
11.6632 0.220708
11.6813 0.22212
11.6969 0.223355
11.7137 0.22481
11.7317 0.226459
11.7497 0.228402
11.7666 0.230351
11.7846 0.232558
11.8026 0.234863
11.8206 0.237255
11.8399 0.239973
11.8579 0.242726
11.8771 0.245886
11.8963 0.24915
11.9144 0.252506
11.936 0.256193
11.9528 0.259669
11.972 0.26346
11.9889 0.266903
12.0081 0.270665
12.0273 0.274457
12.0453 0.278275
12.0622 0.281865
12.079 0.285132
12.0922 0.287991
12.1114 0.290992
12.1331 0.293993
12.1571 0.296619
12.1763 0.298291
12.1967 0.299255
12.2148 0.299348
12.2364 0.29918
12.2544 0.298282
12.2772 0.297372
12.2965 0.296075
12.3169 0.294441
12.3337 0.292886
12.3505 0.2914
12.3674 0.289975
12.3842 0.288603
12.4034 0.287528
12.4202 0.286462
12.4395 0.285779
12.4575 0.285182
12.4767 0.284784
12.4947 0.284436
12.5164 0.284631
12.5344 0.284803
12.5524 0.284952
12.5704 0.285083
12.5909 0.285573
12.6101 0.286251
12.6281 0.286845
12.6461 0.287364
12.6678 0.288194
12.6858 0.288919
12.7038 0.289555
12.723 0.29036
12.7435 0.29144
12.7603 0.29226
12.7795 0.293103
12.7975 0.29384
12.818 0.294735
12.8372 0.295768
12.8552 0.296672
12.8756 0.297713
12.8937 0.298749
12.9129 0.29978
12.9333 0.301058
12.9525 0.302301
12.9706 0.303388
12.9898 0.304464
13.0078 0.305406
13.0258 0.306231
13.0463 0.307452
13.0667 0.30877
13.0847 0.309924
13.1027 0.310934
13.122 0.311942
13.1412 0.313074
13.1592 0.314065
13.1784 0.315057
13.1977 0.316175
13.2169 0.317278
13.2337 0.318118
13.2565 0.319478
13.2758 0.320794
13.2938 0.321944
13.3118 0.322951
13.331 0.324207
13.3503 0.325431
13.3695 0.326628
13.3887 0.327799
13.408 0.328949
13.426 0.329956
13.4464 0.331211
13.4644 0.33231
13.4849 0.333646
13.5029 0.334815
13.5221 0.336088
13.5401 0.337202
13.5582 0.338177
13.5786 0.33928
13.5978 0.34037
13.6182 0.341699
13.6363 0.342986
13.6591 0.344738
13.6783 0.346396
13.6975 0.347971
13.7192 0.34985
13.742 0.351994
13.7588 0.353744
13.7792 0.356151
13.7949 0.358382
13.8141 0.36096
13.8321 0.363715
13.8513 0.36675
13.8694 0.369782
13.8838 0.372434
13.9006 0.37513
13.9174 0.377863
13.9343 0.380506
13.9499 0.382942
13.9655 0.385325
13.9799 0.387284
13.9967 0.389373
14.01 0.391077
14.0268 0.392817
14.0484 0.394215
14.07 0.395188
14.0941 0.39604
14.1181 0.396785
14.1409 0.397187
14.1638 0.397538
14.1854 0.397596
14.2106 0.397771
14.2334 0.3978
14.2563 0.3977
14.2743 0.397613
14.2935 0.397661
14.3128 0.397953
14.3296 0.398084
14.3488 0.398324
14.3668 0.398533
14.3849 0.398717
14.4005 0.398627
14.4209 0.398799
14.4389 0.398949
14.4569 0.399205
14.475 0.39943
14.4954 0.400001
14.5134 0.400501
14.5314 0.400938
14.5507 0.401446
14.5687 0.40189
14.5855 0.402154
14.6071 0.40301
14.6252 0.403758
14.6456 0.404664
14.666 0.405831
14.6853 0.406977
14.7045 0.408105
14.7249 0.409342
14.7429 0.410424
14.7622 0.411746
14.7826 0.413153
14.8006 0.414384
14.8186 0.415461
14.8391 0.416778
14.8571 0.417931
14.8787 0.419314
14.8991 0.4209
14.9172 0.422413
14.9364 0.423861
14.9544 0.425128
14.9748 0.426487
14.9929 0.427676
15.0133 0.429092
15.0313 0.43033
15.0517 0.431664
15.0722 0.433331
15.0914 0.434915
15.1106 0.436425
15.1298 0.437872
15.1491 0.439388
15.1683 0.44084
15.1875 0.442235
15.2067 0.44358
15.2248 0.444883
15.2464 0.446522
15.2656 0.448082
15.2848 0.449572
15.3029 0.450875
15.3233 0.452391
15.3413 0.453717
15.3618 0.455127
15.3798 0.456487
15.399 0.457926
15.4194 0.459435
15.4387 0.460881
15.4579 0.462271
15.4795 0.463987
15.4987 0.465613
15.5192 0.467537
15.5384 0.469345
15.5588 0.471177
15.578 0.473029
15.5985 0.474901
15.6177 0.476663
15.6369 0.47833
15.6561 0.480039
15.6754 0.481784
15.6934 0.483311
15.7102 0.484772
15.7258 0.486051
15.7439 0.487669
15.7583 0.489211
15.7751 0.490809
15.7895 0.492208
15.8051 0.493682
15.816 0.494347
15.834 0.495429
15.852 0.4965
15.8688 0.496937
15.8844 0.49707
15.9025 0.496936
15.9373 0.498694
15.9626 0.497983
15.9842 0.49711
16.0082 0.496346
16.0322 0.495678
16.0551 0.494968
16.0791 0.494472
16.1019 0.493788
16.1272 0.49344
16.1536 0.493385
16.1716 0.492587
16.1921 0.492263
16.2089 0.49173
16.2293 0.491764
16.2449 0.491419
16.263 0.490991
16.2822 0.490867
16.3002 0.490759
16.3206 0.490914
16.3362 0.4908
16.3555 0.4907
16.3735 0.490612
16.3915 0.490536
16.4083 0.490344
16.4264 0.490176
16.4444 0.490029
16.4624 0.489775
16.4804 0.489553
16.4985 0.489359
16.5177 0.489314
16.5357 0.489275
16.5525 0.488991
16.5706 0.488742
16.5898 0.488649
16.6138 0.488318
16.6403 0.488153
16.6595 0.488134
16.6811 0.488242
16.7003 0.488462
16.7184 0.488529
16.7364 0.488588
16.7556 0.488765
16.7748 0.489044
16.7929 0.489164
16.8121 0.489518
16.8313 0.489953
16.8505 0.490459
16.8686 0.490777
16.8878 0.49118
16.9082 0.491907
16.9274 0.492669
16.9467 0.49346
16.9647 0.494028
16.9839 0.494649
17.0031 0.495443
17.0224 0.496263
17.0404 0.49698
17.0596 0.497732
17.0788 0.498391
17.0969 0.498967
17.1185 0.499721
17.1473 0.500631
17.1678 0.501552
17.1882 0.502233
17.2098 0.503079
17.229 0.504069
17.2483 0.50506
17.2651 0.505678
17.2879 0.506593
17.3059 0.507269
17.3252 0.507985
17.3444 0.508612
17.3624 0.509036
17.3816 0.509531
17.4033 0.51034
17.4237 0.510922
17.4405 0.511182
17.4585 0.511284
17.4754 0.511249
17.4958 0.511343
17.5162 0.51155
17.5378 0.511981
17.5523 0.511983
17.5667 0.511861
17.5823 0.512003
17.5943 0.511753
17.6087 0.511534
17.6268 0.511092
17.6544 0.51058
17.6748 0.510133
17.6965 0.509866
17.7121 0.509008
17.7313 0.508132
17.7493 0.50724
17.7878 0.506335
17.813 0.505668
17.8346 0.50471
17.8587 0.503871
17.8839 0.503262
17.9079 0.502604
17.9296 0.501779
17.956 0.501432
17.98 0.501128
18.0017 0.500362
18.0185 0.499566
18.0365 0.498871
18.0557 0.498387
18.0738 0.497963
18.0918 0.497593
18.1122 0.497519
18.1278 0.497079
18.1447 0.496569
18.1639 0.496248
18.1831 0.496217
18.2023 0.49619
18.2204 0.496166
18.2396 0.49627
18.2576 0.496362
18.278 0.496816
18.2961 0.497214
18.3165 0.497688
18.3357 0.498227
18.3513 0.498448
18.3694 0.498642
18.3886 0.498937
18.4054 0.49882
18.427 0.498717
18.4535 0.498503
18.4763 0.49819
18.4967 0.497791
18.516 0.497567
18.5328 0.497121
18.5508 0.496731
18.57 0.49664
18.588 0.49656
18.6049 0.49599
18.6253 0.495866
18.6421 0.495633
18.6601 0.495429
18.6794 0.495375
18.6986 0.495328
18.7178 0.495412
18.7358 0.495486
18.7551 0.4958
18.7755 0.49595
18.7959 0.496331
18.8164 0.49679
18.8344 0.497066
18.8548 0.497558
18.8716 0.497738
18.8909 0.498021
18.9089 0.498268
18.9305 0.49886
18.9593 0.499752
18.9834 0.500658
19.0038 0.501451
19.0242 0.502395
19.0423 0.503095
19.0603 0.503708
19.0807 0.504495
19.0975 0.505058
19.1168 0.505676
19.1372 0.506466
19.1564 0.507283
19.1708 0.507498
19.1876 0.50756
19.2045 0.507365
19.2249 0.50732
19.2405 0.506905
19.2597 0.506542
19.2778 0.505974
19.3006 0.505852
19.321 0.505746
19.3366 0.505277
19.3559 0.504743
19.3691 0.50415
19.3835 0.503631
19.3991 0.503302
19.4111 0.502764
19.4304 0.502419
19.4568 0.501742
19.4808 0.501149
19.5013 0.500755
19.5205 0.500161
19.5337 0.499016
19.5505 0.497889
19.5914 0.497403
19.6142 0.496852
19.6358 0.495871
19.6575 0.494762
19.6791 0.493542
19.7019 0.492224
19.7248 0.490821
19.7488 0.489468
19.774 0.48841
19.7921 0.487109
19.8137 0.48622
19.8317 0.485318
19.8521 0.484903
19.8714 0.48454
19.893 0.484597
19.9122 0.484773
19.9302 0.484801
19.9495 0.484951
19.9675 0.484957
19.9867 0.484963
20.0083 0.485467
20.0264 0.485784
20.0456 0.486061
20.0648 0.486428
20.0828 0.486625
20.1033 0.487047
20.1213 0.487416
20.1417 0.487864
20.1609 0.488256
20.1814 0.488974
20.1982 0.489352
20.2162 0.489683
20.2354 0.489973
20.2571 0.490601
20.2763 0.490901
20.2967 0.491413
20.3147 0.491362
20.3352 0.491691
20.3568 0.492105
20.3784 0.492842
20.3965 0.492987
20.4145 0.492988
20.4325 0.492865
20.4517 0.492882
20.4686 0.492646
20.4902 0.492816
20.5082 0.492589
20.5262 0.492265
20.5467 0.492232
20.5647 0.491953
20.5863 0.492209
20.6019 0.491808
20.62 0.491332
20.6392 0.490915
20.6608 0.490801
20.6812 0.490826
20.6993 0.490723
20.7209 0.491007
20.7389 0.491131
20.7581 0.49124
20.7798 0.491585
20.799 0.491637
20.8182 0.491932
20.8386 0.492191
20.8603 0.492417
20.8783 0.49224
20.8975 0.492085
20.9167 0.491949
20.936 0.491956
20.9552 0.492086
20.9708 0.491825
20.99 0.491722
21.0081 0.491507
21.0285 0.491569
21.0465 0.491497
21.0669 0.49156
21.0862 0.49149
21.1042 0.491304
21.1246 0.491391
21.1451 0.491717
21.1607 0.491752
21.1763 0.491908
21.1931 0.492295
21.2075 0.492508
21.2256 0.493069
21.2448 0.493686
21.2664 0.4946
21.2868 0.49515
21.3049 0.495506
21.3253 0.496068
21.3409 0.49581
21.3625 0.495708
21.3974 0.497745
21.4202 0.496902
21.443 0.495914
21.4647 0.494675
21.4875 0.49334
21.5115 0.492048
21.5332 0.490542
21.5584 0.489224
21.5824 0.487946
21.6053 0.486578
21.6257 0.485631
21.6449 0.484802
21.6629 0.483952
21.681 0.483208
21.7002 0.482682
21.7182 0.482096
21.7374 0.481584
21.7579 0.481261
21.7771 0.481229
21.7975 0.481325
21.8167 0.481409
21.8384 0.481858
21.8576 0.482251
21.8768 0.482595
21.8985 0.483395
21.9165 0.483971
21.9369 0.4846
21.9573 0.4854
21.9754 0.485975
21.991 0.485978
22.0054 0.485606
22.021 0.484905
22.033 0.483417
22.0426 0.480865
22.2345 0.500257
22.2536 0.4641
22.4454 0.432462
22.4643 0.404779
22.4841 0.380682
22.5033 0.359597
22.5213 0.341147
22.5396 0.324879
22.5584 0.310644
22.5772 0.298188
22.596 0.28729
22.6154 0.277879
22.6337 0.269519
22.6525 0.262204
22.6713 0.255803
22.6916 0.250328
22.712 0.245662
22.7312 0.241829
22.7516 0.238601
22.7709 0.235776
22.7853 0.232804
22.8031 0.230078
22.8223 0.227693
22.8408 0.225607
22.8596 0.223781
22.8784 0.222183
22.8972 0.220785
22.9167 0.219562
22.9384 0.218992
22.9564 0.218368
22.978 0.218197
22.9973 0.218047
23.0165 0.217916
23.0369 0.217927
23.0573 0.218311
23.0754 0.218522
23.091 0.218207
23.1054 0.217431
23.1258 0.216877
23.1475 0.216767
23.1691 0.217172
23.1883 0.217525
23.2099 0.218084
23.2316 0.218949
23.2556 0.22033
23.276 0.221789
23.2977 0.22344
23.3157 0.22526
23.3349 0.227353
23.3529 0.229434
23.371 0.231629
23.3902 0.234176
23.4082 0.236779
23.4286 0.239681
23.4467 0.242596
23.4671 0.245897
23.4887 0.249535
23.5079 0.253218
23.5272 0.257066
23.5488 0.261182
23.568 0.26541
23.5896 0.269858
23.6089 0.274251
23.6293 0.278845
23.6497 0.283364
23.6689 0.287819
23.687 0.291966
23.7038 0.295845
23.7266 0.300115
23.7507 0.303725
23.7711 0.30626
23.7915 0.307727
23.8119 0.308261
23.8336 0.308354
23.854 0.307684
23.8756 0.306599
23.8997 0.305399
23.9165 0.303724
23.9357 0.302134
23.9573 0.301117
23.9766 0.300227
23.9994 0.299949
24.0186 0.29958
24.039 0.299508
24.0631 0.300069
24.0835 0.300561
24.1039 0.301116
24.1244 0.301851
24.1448 0.302495
24.1664 0.303433
24.1856 0.304254
24.2073 0.305222
24.2277 0.306194
24.2481 0.307295
24.2685 0.308258
24.2902 0.309476
24.3106 0.310666
24.3322 0.311958
24.3515 0.313088
24.3719 0.314202
24.3947 0.315552
24.4163 0.317108
24.4356 0.318469
24.4572 0.320036
24.4776 0.321406
24.4981 0.322856
24.5197 0.324374
24.5389 0.325577
24.5617 0.32713
24.581 0.328489
24.6014 0.329802
24.623 0.331327
24.6446 0.332911
24.6651 0.334422
24.6855 0.33587
24.7059 0.337261
24.7288 0.338853
24.748 0.340247
24.7708 0.341966
24.7912 0.343595
24.8129 0.345271
24.8333 0.346987
24.8525 0.348363
24.8742 0.349943
24.8946 0.35145
24.9162 0.353144
24.9354 0.354501
24.9559 0.355813
24.9775 0.357337
24.9979 0.35867
25.0183 0.360086
25.0388 0.36145
25.0604 0.362894
25.082 0.364532
25.1013 0.365966
25.1229 0.367345
25.1433 0.368802
25.1649 0.370327
25.1854 0.371786
25.2058 0.373188
25.2274 0.374789
25.2478 0.37619
25.2683 0.377667
25.2911 0.379458
25.3139 0.381276
25.3356 0.383242
25.3572 0.385336
25.3824 0.387794
25.4017 0.390195
25.4221 0.392921
25.4413 0.395806
25.4605 0.39883
25.4822 0.402226
25.5014 0.405698
25.5218 0.409236
25.5398 0.412706
25.5591 0.416243
25.5747 0.419338
25.5951 0.42267
25.6119 0.425712
25.6276 0.428373
25.6444 0.430951
25.6648 0.433832
25.6888 0.436103
25.7105 0.43759
25.7309 0.438141
25.7513 0.437999
25.7729 0.437374
25.797 0.436577
25.8174 0.435255
25.8426 0.433973
25.8655 0.432602
25.8847 0.431276
25.9039 0.430117
25.9231 0.429227
25.9448 0.428574
25.964 0.428127
25.9844 0.427861
26.0037 0.427504
26.0241 0.427441
26.0457 0.427636
26.0649 0.427681
26.0878 0.428221
26.107 0.428693
26.1262 0.429107
26.1478 0.429718
26.1671 0.430379
26.1887 0.431081
26.2079 0.431696
26.2296 0.432609
26.2512 0.433658
26.2716 0.434701
26.292 0.435863
26.3125 0.43688
26.3305 0.437645
26.3533 0.438815
26.3725 0.439713
26.3942 0.440874
26.4134 0.441889
26.435 0.443028
26.4555 0.44415
26.4747 0.445131
26.4963 0.446365
26.5155 0.447319
26.536 0.448279
26.5576 0.449494
26.5756 0.450307
26.5972 0.451394
26.6177 0.45247
26.6393 0.453661
26.6585 0.454703
26.6778 0.455616
26.6994 0.456664
26.7186 0.457581
26.7402 0.458758
26.7595 0.459663
26.7823 0.460955
26.8003 0.461961
26.8219 0.462966
26.8424 0.464095
26.8628 0.465208
26.8832 0.466307
26.9025 0.467269
26.9229 0.468235
26.9433 0.469206
26.9637 0.47018
26.983 0.471033
27.0034 0.471903
27.0262 0.473166
27.0442 0.474145
27.0659 0.475127
27.0839 0.475861
27.1055 0.476878
27.126 0.477769
27.1476 0.478922
27.1692 0.480307
27.1896 0.481519
27.2089 0.482579
27.2305 0.483882
27.2497 0.484896
27.2713 0.486159
27.2882 0.487264
27.305 0.488231
27.3218 0.489327
27.3386 0.490411
27.3543 0.491485
27.3771 0.493299
27.3939 0.494512
27.4143 0.495698
27.4324 0.496486
27.4504 0.4968
27.4672 0.4967
27.5033 0.498738
27.5213 0.496645
27.5429 0.494315
27.5657 0.4919
27.5874 0.489288
27.6102 0.486627
27.633 0.484048
27.6559 0.481292
27.6787 0.478506
27.6979 0.475568
27.7147 0.472622
27.7364 0.470419
27.7544 0.468242
27.7748 0.466461
27.7952 0.465029
27.8133 0.46365
27.8337 0.462444
27.8541 0.461638
27.8721 0.460684
27.8962 0.460473
27.913 0.459789
27.9334 0.45944
27.9514 0.458885
27.9719 0.4584
27.9923 0.458225
28.0103 0.457822
28.0308 0.457594
28.0512 0.45752
28.0716 0.45758
28.0908 0.457507
28.1125 0.457694
28.1329 0.457857
28.1533 0.458125
28.1737 0.458359
28.1978 0.459064
28.217 0.459681
28.2386 0.460346
28.2579 0.460678
28.2807 0.461343
28.2987 0.461675
28.3215 0.462341
28.3408 0.462798
28.3624 0.463448
28.3828 0.464017
28.4033 0.46464
28.4225 0.46506
28.4441 0.465553
28.4645 0.465984
28.485 0.466361
28.5054 0.466816
28.5282 0.467589
28.5462 0.468015
28.5691 0.468763
28.5895 0.469418
28.6087 0.469741
28.6304 0.470273
28.6508 0.470739
28.6712 0.471271
28.6916 0.471738
28.7121 0.47227
28.7325 0.472737
28.7529 0.473144
28.7757 0.473876
28.795 0.474267
28.8154 0.474734
28.837 0.475392
28.8587 0.476093
28.8791 0.476831
28.9007 0.477602
28.9199 0.478152
28.9404 0.478758
28.9632 0.479663
28.9824 0.480205
29.0041 0.48093
29.0269 0.481813
29.0473 0.482712
29.0653 0.483248
29.0822 0.483342
29.1002 0.483674
29.1182 0.484215
29.1338 0.484563
29.1518 0.484993
29.1687 0.485494
29.1831 0.485807
29.2011 0.486206
29.2167 0.48593
29.236 0.485564
29.2588 0.485243
29.2756 0.484713
29.3165 0.483999
29.3369 0.482624
29.3621 0.481296
29.3874 0.479884
29.4114 0.478274
29.4342 0.476364
29.4571 0.474319
29.4811 0.472154
29.5027 0.46951
29.5207 0.466946
29.5388 0.464453
29.5604 0.462521
29.5784 0.460456
29.5988 0.458649
29.6181 0.457068
29.6373 0.455559
29.6553 0.453989
29.6781 0.452991
29.6962 0.451867
29.7166 0.450884
29.7382 0.450273
29.7575 0.449614
29.7779 0.449037
29.7971 0.448533
29.8187 0.448216
29.8392 0.448064
29.8596 0.447931
29.88 0.44794
29.9016 0.448072
29.9221 0.448313
29.9437 0.448649
29.9653 0.449193
29.9846 0.449544
30.0062 0.450101
30.0266 0.450588
30.047 0.45114
30.0687 0.451747
30.0903 0.452529
30.1107 0.453213
30.1324 0.454061
30.1528 0.454803
30.1732 0.455578
30.1936 0.456256
30.2153 0.457099
30.2357 0.457836
30.2573 0.458732
30.2765 0.45939
30.297 0.459967
30.3186 0.460721
30.3402 0.461631
30.3595 0.462302
30.3823 0.463264
30.4003 0.463856
30.4231 0.464749
30.4436 0.46553
30.4628 0.466089
30.4844 0.466828
30.5061 0.467725
30.5241 0.468259
30.5457 0.468852
30.5661 0.469495
30.5878 0.470183
30.6106 0.47116
30.631 0.47214
30.6526 0.473123
30.6731 0.474107
30.6923 0.474844
30.7115 0.475363
30.732 0.475818
30.7548 0.476591
30.7752 0.477392
30.7956 0.478093
30.8137 0.478456
30.8353 0.479024
30.8545 0.479396
30.8749 0.479722
30.8942 0.480007
30.9134 0.480131
30.9278 0.479989
30.9446 0.479991
30.9603 0.479992
30.9759 0.479868
30.9915 0.479759
31.0047 0.479289
31.0239 0.479128
31.0456 0.479112
31.0636 0.478723
31.0864 0.478383
31.1081 0.47821
31.1465 0.477559
31.1729 0.476989
31.1958 0.47599
31.2186 0.474616
31.245 0.473539
31.2667 0.471847
31.2895 0.469866
31.3135 0.467883
31.3364 0.465647
31.3544 0.463442
31.3736 0.461386
31.3904 0.459213
31.4097 0.457186
31.4277 0.455163
31.4481 0.453518
31.4685 0.452078
31.4878 0.450818
31.5082 0.449841
31.5286 0.448986
31.5478 0.448113
31.5695 0.447599
31.5887 0.447024
31.6103 0.446771
31.6307 0.446549
31.6512 0.446481
31.6704 0.446296
31.6932 0.446634
31.7125 0.446804
31.7329 0.446954
31.7545 0.447335
31.7773 0.448043
31.7954 0.448412
31.817 0.448861
31.8386 0.449503
31.8579 0.44994
31.8783 0.450448
31.8999 0.451142
31.9191 0.451749
31.9396 0.45228
31.9612 0.452995
31.9804 0.453496
32.002 0.454184
32.0225 0.454786
32.0441 0.455563
32.0645 0.456242
32.0862 0.457087
32.1054 0.457826
32.127 0.458723
32.1474 0.459508
32.1679 0.460194
32.1883 0.46092
32.2099 0.46168
32.2291 0.462345
32.2496 0.462927
32.2724 0.463811
32.294 0.464835
32.3133 0.46573
32.3361 0.466889
32.3577 0.468028
32.3769 0.468899
32.3974 0.469787
32.419 0.470689
32.4394 0.471602
32.4599 0.472402
32.4827 0.473477
32.5043 0.474792
32.5235 0.475818
32.5428 0.476591
32.562 0.477142
32.5812 0.477624
32.6028 0.478171
32.6221 0.47865
32.6425 0.479069
32.6617 0.47931
32.6797 0.479271
32.699 0.479237
32.7194 0.479333
32.7362 0.479291
32.753 0.47938
32.7699 0.479457
32.7843 0.4794
32.7999 0.479225
32.8155 0.479072
32.836 0.478938
32.8552 0.478946
32.8756 0.478828
32.8984 0.478974
32.9153 0.478602
32.9381 0.478652
32.9813 0.478446
33.0078 0.478265
33.0342 0.478107
33.057 0.477593
33.0811 0.476769
33.1063 0.475923
33.1267 0.474308
33.1496 0.472394
33.1736 0.47047
33.1916 0.468161
33.2109 0.466016
33.2289 0.463889
33.2481 0.462028
33.2685 0.460399
33.2866 0.458849
33.3046 0.457243
33.325 0.455963
33.3442 0.454843
33.3635 0.453737
33.3803 0.45252
33.3947 0.450705
33.4079 0.448242
33.4223 0.445587
33.4356 0.442388
33.4488 0.43884
33.4632 0.43511
33.4764 0.430971
33.4896 0.4266
33.504 0.42215
33.5173 0.417506
33.7153 0.391693
33.735 0.369106
33.9266 0.349343
33.9463 0.332175
33.9679 0.317278
33.9871 0.304243
34.0051 0.292713
34.0249 0.282499
34.0448 0.273561
34.0646 0.265866
34.0849 0.259133
34.104 0.253366
34.123 0.248071
34.1424 0.243437
34.162 0.239382
34.1848 0.236209
34.204 0.233558
34.2244 0.231238
34.2437 0.229084
34.2615 0.227073
34.2796 0.225064
34.3002 0.223556
34.3188 0.221987
34.3385 0.220613
34.3581 0.219537
34.3787 0.218594
34.3991 0.21802
34.4207 0.217643
34.4412 0.217437
34.4616 0.217383
34.4832 0.217585
34.5024 0.217637
34.5241 0.218057
34.5433 0.2183
34.5577 0.217887
34.5738 0.217027
34.5935 0.216273
34.6164 0.216114
34.6356 0.21585
34.6572 0.215994
34.6765 0.215994
34.6969 0.215995
34.7173 0.216246
34.7377 0.216465
34.7594 0.217032
34.7786 0.217403
34.8002 0.217978
34.8206 0.218605
34.8411 0.21928
34.8603 0.219745
34.8819 0.220402
34.9036 0.221226
34.924 0.222073
34.9432 0.222814
34.966 0.223837
34.9865 0.224858
35.0081 0.226
35.0309 0.227375
35.0538 0.228953
35.0742 0.230459
35.097 0.232277
35.1198 0.234117
35.1415 0.236103
35.1643 0.238215
35.1895 0.240688
35.2076 0.242727
35.2256 0.244761
35.2472 0.247291
35.2664 0.250005
35.2845 0.252629
35.3013 0.25505
35.3193 0.257544
35.3361 0.259851
35.3566 0.26237
35.3722 0.264698
35.389 0.266736
35.4094 0.269144
35.4275 0.271501
35.4467 0.274063
35.4659 0.276681
35.4851 0.27947
35.5116 0.282537
35.5404 0.285595
35.5644 0.28802
35.5933 0.290518
35.6197 0.292703
35.6413 0.294115
35.6654 0.295101
35.6894 0.295588
35.711 0.295515
35.7303 0.29545
35.7495 0.295269
35.7687 0.29511
35.7879 0.294972
35.8072 0.29485
35.8264 0.294744
35.8468 0.294776
35.8672 0.295054
35.8889 0.295547
35.9093 0.296104
35.9297 0.296716
35.9513 0.297626
35.973 0.298673
35.9946 0.299839
36.0162 0.301234
36.0379 0.302705
36.0583 0.304242
36.0787 0.305586
36.1015 0.307263
36.122 0.308855
36.1436 0.310623
36.164 0.31242
36.1857 0.314118
36.2061 0.315853
36.2277 0.317622
36.2493 0.319544
36.2698 0.321226
36.2902 0.322948
36.3118 0.324704
36.3335 0.326616
36.3539 0.328414
36.3767 0.330362
36.3971 0.332317
36.4188 0.334277
36.4404 0.336368
36.462 0.338447
36.4837 0.340516
36.5041 0.342576
36.5245 0.344504
36.5473 0.346691
36.5666 0.34848
36.5894 0.350545
36.6098 0.352477
36.6315 0.354542
36.6519 0.356349
36.6723 0.358181
36.6963 0.360408
36.7144 0.362232
36.7372 0.364203
36.7576 0.366053
36.778 0.367921
36.7997 0.369806
36.8225 0.371955
36.8453 0.374211
36.8682 0.376684
36.8886 0.378974
36.9114 0.381477
36.9343 0.384043
36.9559 0.386537
36.9787 0.38922
37.0003 0.391943
37.022 0.394575
37.0448 0.397253
37.0676 0.400096
37.0869 0.402584
37.1085 0.405136
37.1289 0.407369
37.1493 0.409573
37.171 0.411751
37.1914 0.413907
37.2154 0.416419
37.2335 0.418367
37.2503 0.420321
37.2695 0.422531
37.2875 0.424714
37.3068 0.427125
37.3248 0.429484
37.3428 0.431924
37.362 0.434683
37.3813 0.437473
37.4017 0.440539
37.4197 0.443472
37.4401 0.446788
37.4594 0.450189
37.4762 0.45329
37.4966 0.456629
37.5242 0.460426
37.5519 0.463997
37.5783 0.467248
37.6023 0.469967
37.6228 0.471596
37.648 0.473021
37.672 0.474144
37.6949 0.474626
37.7177 0.474673
37.7381 0.474588
37.7586 0.47464
37.7778 0.474685
37.797 0.474724
37.815 0.474634
37.8367 0.474805
37.8583 0.475329
37.8787 0.475788
37.8967 0.476064
37.9184 0.476681
37.9388 0.477346
37.9592 0.478053
37.9796 0.478796
38.0001 0.479697
38.0181 0.48036
38.0385 0.481065
38.059 0.481682
38.0806 0.482596
38.101 0.483647
38.1214 0.484691
38.1431 0.485855
38.1647 0.487123
38.1863 0.488607
38.208 0.490157
38.2308 0.491762
38.2536 0.493542
38.274 0.495099
38.2921 0.496337
38.3137 0.49767
38.3353 0.499211
38.3582 0.500809
38.3786 0.502083
38.4002 0.503323
38.4194 0.504408
38.4411 0.505607
38.4615 0.506531
38.4819 0.507339
38.5023 0.508047
38.5216 0.508541
38.5408 0.508973
38.5612 0.509477
38.5829 0.510042
38.6033 0.510412
38.6237 0.510735
38.6453 0.511143
38.6682 0.511751
38.691 0.512282
38.7126 0.512872
38.7355 0.513513
38.7583 0.514074
38.7787 0.514189
38.7979 0.514166
38.8184 0.514395
38.8412 0.514846
38.8628 0.51524
38.8808 0.51496
38.9013 0.514715
38.9205 0.514251
38.9433 0.514219
38.965 0.514192
38.9854 0.514168
39.0058 0.514147
39.0238 0.513879
39.0431 0.513644
39.0635 0.513563
39.0827 0.513368
39.1031 0.513072
39.1212 0.512813
39.138 0.512586
39.1536 0.512513
39.174 0.513074
39.1981 0.514315
39.2209 0.515275
39.2449 0.516366
39.2678 0.51732
39.2858 0.517655
39.3062 0.517948
39.3266 0.51833
39.3615 0.520413
39.3843 0.518987
39.4047 0.516988
39.4264 0.514865
39.448 0.512507
39.472 0.510193
39.4925 0.507544
39.5153 0.504851
39.5369 0.50187
39.5561 0.499011
39.5742 0.496385
39.5958 0.494337
39.6138 0.492295
39.6355 0.490883
39.6559 0.489772
39.6763 0.489051
39.6979 0.488544
39.716 0.487976
39.7352 0.487604
39.758 0.487779
39.7772 0.487931
39.7977 0.488065
39.8193 0.488557
39.8397 0.489112
39.859 0.489598
39.8818 0.490398
39.9034 0.491474
39.9226 0.492414
39.9443 0.493613
39.9647 0.494661
39.9863 0.495953
40.0104 0.497459
40.0344 0.499027
40.0536 0.500023
40.074 0.501146
40.0945 0.502252
40.1125 0.502846
40.1353 0.503865
40.1569 0.504757
40.1786 0.505787
40.2002 0.506939
40.2206 0.507697
40.2387 0.508234
40.2603 0.508955
40.2795 0.509336
40.2999 0.509794
40.3228 0.510445
40.342 0.510764
40.3612 0.510919
40.3828 0.511304
40.4057 0.511641
40.4249 0.511561
40.4477 0.511991
40.4646 0.511867
40.4874 0.512008
40.5282 0.514632
40.5499 0.513428
40.5679 0.512125
40.5847 0.510609
40.6051 0.509283
40.6244 0.507998
40.646 0.506998
40.6664 0.505998
40.6881 0.505248
40.7109 0.504592
40.7301 0.504018
40.7481 0.503266
40.7686 0.502483
40.7878 0.501672
40.8094 0.501213
40.8298 0.500687
40.8503 0.500226
40.8707 0.499823
40.8923 0.49972
40.9104 0.49913
40.9272 0.498489
40.9452 0.498053
40.962 0.497796
40.9788 0.497571
41.0161 0.500125
41.0389 0.500359
41.0581 0.500439
41.0774 0.500635
41.0966 0.501055
41.1146 0.501048
41.1483 0.502917
41.1711 0.501553
41.1939 0.499734
41.2168 0.497642
41.2384 0.495187
41.2624 0.492663
41.2877 0.490205
41.3117 0.48768
41.3345 0.48497
41.3549 0.482099
41.3766 0.479836
41.397 0.477857
41.4174 0.47625
41.4391 0.474968
41.4595 0.473847
41.4799 0.472866
41.5003 0.472133
41.522 0.471491
41.5424 0.471055
41.564 0.470923
41.5844 0.470808
41.6061 0.470832
41.6253 0.470728
41.6481 0.471012
41.6698 0.471385
41.6902 0.471837
41.7106 0.472108
41.7334 0.472719
41.7551 0.473504
41.7755 0.474191
41.7983 0.475042
41.82 0.475912
41.8404 0.476798
41.8632 0.477948
41.8848 0.47908
41.9065 0.480195
41.9269 0.48117
41.9485 0.482274
41.9702 0.48349
41.9894 0.484304
42.0122 0.485391
42.0326 0.486342
42.0531 0.487299
42.0735 0.488012
42.0975 0.489135
42.1192 0.490368
42.1384 0.491322
42.16 0.492407
42.1816 0.493356
42.1997 0.493937
42.2237 0.494945
42.2465 0.495951
42.2658 0.496458
42.2886 0.497275
42.3078 0.497491
42.327 0.49743
42.3487 0.497501
42.3703 0.497438
42.3907 0.497258
42.4111 0.496976
42.4328 0.496729
42.452 0.496388
42.4712 0.495715
42.4941 0.4955
42.5145 0.495063
42.5337 0.494555
42.5565 0.49436
42.5818 0.494815
42.6022 0.494838
42.6214 0.494484
42.6443 0.494548
42.6635 0.494355
42.6851 0.49431
42.7079 0.494522
42.732 0.494956
42.7536 0.495212
42.7704 0.49531
42.7897 0.495647
42.8077 0.496191
42.8257 0.496917
42.8449 0.497927
42.8642 0.499186
42.8858 0.500163
42.9014 0.500518
42.9218 0.500703
42.9375 0.50024
42.9531 0.49796
42.9927 0.495465
43.0168 0.492782
43.042 0.490059
43.0672 0.487427
43.0901 0.484498
43.1153 0.481561
43.1405 0.478616
43.167 0.475789
43.1934 0.47319
43.2126 0.470667
43.2342 0.468583
43.2547 0.466635
43.2763 0.465056
43.2967 0.463549
43.316 0.46198
43.3376 0.460733
43.3592 0.459641
43.3808 0.458686
43.3977 0.45735
43.4193 0.456306
43.4409 0.455518
43.4613 0.454828
43.4818 0.4541
43.5034 0.453587
43.5262 0.453389
43.5467 0.45309
43.5671 0.452829
43.5875 0.452475
43.6103 0.452541
43.632 0.452598
43.6536 0.452774
43.674 0.452927
43.6957 0.453061
43.7161 0.453178
43.7389 0.453406
43.7605 0.45373
43.7822 0.454264
43.8026 0.454606
43.8266 0.45528
43.8483 0.455995
43.8699 0.456621
43.8903 0.457168
43.9107 0.457522
43.9336 0.458082
43.9552 0.458822
43.9744 0.459219
43.9949 0.459442
44.0141 0.459511
44.0345 0.459447
44.0549 0.459267
44.0742 0.458983
44.0958 0.458735
44.1138 0.458268
44.1354 0.457985
44.1571 0.457862
44.1775 0.457629
44.1979 0.4573
44.222 0.457388
44.2424 0.457464
44.2652 0.457781
44.2844 0.457809
44.3061 0.458083
44.3265 0.458197
44.3493 0.458548
44.3674 0.458479
44.389 0.458419
44.4094 0.458367
44.4322 0.458571
44.4503 0.458375
44.4731 0.458578
44.4935 0.458631
44.5176 0.459052
44.5368 0.45917
44.5608 0.459649
44.5788 0.460193
44.5981 0.461169
44.6185 0.462398
44.6365 0.463598
44.6557 0.465023
44.6726 0.46627
44.6906 0.467487
44.705 0.468301
44.7218 0.469013
44.7374 0.469386
44.7531 0.469338
44.7723 0.468921
44.8107 0.467931
44.8264 0.465564
44.8408 0.461744
44.8552 0.456901
44.8696 0.450913
44.8852 0.444174
44.9021 0.436902
44.9201 0.42929
44.9357 0.421003
44.9501 0.413128
44.9645 0.405362
45.1516 0.419317
45.1762 0.393402
45.3633 0.370727
45.3836 0.350886
45.4049 0.333525
45.4265 0.318585
45.4469 0.305512
45.4649 0.293698
45.4858 0.283485
45.5056 0.27455
45.5262 0.266731
45.5467 0.25989
45.5666 0.253903
45.5872 0.248665
45.6078 0.244082
45.6315 0.240572
45.6507 0.237251
45.6735 0.234719
45.694 0.232504
45.7096 0.229941
45.7308 0.227824
45.7502 0.225971
45.7725 0.224474
45.7919 0.22304
45.8111 0.221785
45.835 0.220937
45.8566 0.220445
45.8794 0.220389
45.9034 0.220716
45.9275 0.221501
45.9443 0.222063
45.9635 0.222806
45.984 0.223955
46.0044 0.225585
46.0212 0.227137
46.038 0.228495
46.0548 0.229683
46.0729 0.230973
46.0969 0.233101
46.1161 0.235339
46.1366 0.237796
46.1594 0.240822
46.1822 0.244344
46.2026 0.247801
46.2255 0.251701
46.2471 0.255863
46.2687 0.26013
46.2904 0.264489
46.3132 0.269178
46.3336 0.273781
46.3552 0.278558
46.3745 0.282988
46.3949 0.287365
46.4141 0.291694
46.4346 0.295857
46.4502 0.2995
46.4694 0.303063
46.4874 0.30643
46.5091 0.309501
46.5307 0.311438
46.5535 0.312634
46.5751 0.313054
46.5992 0.313173
46.6232 0.312901
46.6472 0.312288
46.6713 0.311502
46.6965 0.310565
46.7181 0.309619
46.741 0.309042
46.7614 0.308661
46.783 0.308579
46.8058 0.308756
46.8287 0.309287
46.8479 0.309626
46.8707 0.310298
46.8924 0.311136
46.9152 0.312244
46.938 0.313588
46.956 0.314515
46.9789 0.315575
47.0017 0.316878
47.0245 0.318394
47.0474 0.320094
47.0654 0.321333
47.087 0.322666
47.1099 0.324083
47.1315 0.325572
47.1543 0.327251
47.1747 0.32872
47.1964 0.330255
47.2192 0.331973
47.2408 0.333601
47.2613 0.335151
47.2829 0.336632
47.3057 0.338303
47.3285 0.34014
47.3502 0.341998
47.3706 0.343623
47.3922 0.345295
47.4139 0.346883
47.4379 0.348773
47.4595 0.350676
47.4811 0.352592
47.5028 0.354393
47.5244 0.356219
47.546 0.358066
47.5665 0.359683
47.5893 0.361473
47.6109 0.363164
47.6337 0.365018
47.6542 0.366766
47.6758 0.36842
47.6986 0.370243
47.7191 0.371962
47.7431 0.373967
47.7623 0.375596
47.7852 0.377397
47.8068 0.379097
47.8284 0.380835
47.8488 0.382356
47.8717 0.384061
47.8933 0.385803
47.9161 0.387703
47.9354 0.38924
47.957 0.39071
47.9798 0.392371
48.0038 0.394325
48.0279 0.396534
48.0495 0.398718
48.0723 0.401003
48.0976 0.403627
48.1204 0.406299
48.1444 0.409137
48.1673 0.411995
48.1913 0.414995
48.2141 0.417996
48.2382 0.421121
48.2562 0.423606
48.2766 0.42628
48.2958 0.428995
48.3151 0.431871
48.3319 0.434387
48.3511 0.437089
48.3703 0.439828
48.3884 0.442474
48.4052 0.444915
48.4256 0.447551
48.4424 0.449982
48.4604 0.452359
48.4773 0.454564
48.4953 0.456744
48.5229 0.459401
48.5458 0.461226
48.5698 0.462447
48.5938 0.463266
48.6179 0.463608
48.6419 0.463532
48.6671 0.463466
48.6936 0.463282
48.714 0.462247
48.7356 0.461591
48.7572 0.461267
48.7777 0.460984
48.7993 0.460986
48.8197 0.460988
48.8402 0.461114
48.8606 0.461225
48.8798 0.461197
48.9002 0.461297
48.9231 0.46176
48.9435 0.462165
48.9627 0.462394
48.9831 0.46272
49.006 0.463255
49.0264 0.463848
49.048 0.464617
49.0685 0.46529
49.0913 0.466254
49.1129 0.467222
49.1333 0.468194
49.1562 0.46942
49.179 0.470868
49.2006 0.472259
49.2211 0.473602
49.2415 0.474776
49.2643 0.476179
49.2872 0.477782
49.3076 0.479184
49.3292 0.480661
49.3496 0.481954
49.3689 0.482959
49.3905 0.484089
49.4097 0.484953
49.4325 0.486084
49.4518 0.486949
49.4722 0.48783
49.4926 0.488601
49.5143 0.489526
49.5347 0.490335
49.5575 0.491418
49.5767 0.492241
49.5984 0.493211
49.6188 0.49406
49.6416 0.495177
49.6596 0.495905
49.6825 0.496917
49.7029 0.497802
49.7245 0.498827
49.7426 0.499474
49.7654 0.500414
49.787 0.501488
49.8098 0.502677
49.8291 0.503717
49.8495 0.504502
49.8687 0.505065
49.8916 0.505932
49.9144 0.50694
49.936 0.508073
49.9552 0.508689
49.9721 0.508852
49.9937 0.509121
50.0141 0.509481
50.0345 0.509546
50.0562 0.509852
50.0754 0.509621
50.0946 0.509293
50.1163 0.509132
50.1379 0.509115
50.1559 0.508726
50.1715 0.508385
50.1871 0.508087
50.204 0.507826
50.2244 0.508223
50.2424 0.508445
50.2665 0.509389
50.2881 0.510091
50.3121 0.510954
50.3265 0.51071
50.3494 0.510871
50.3878 0.513262
50.413 0.51273
50.4371 0.511888
50.4587 0.510402
50.4803 0.508602
50.5044 0.506652
50.526 0.504195
50.55 0.501921
50.5753 0.499681
50.5933 0.497096
50.6101 0.494459
50.6281 0.491901
50.6474 0.489539
50.6654 0.487221
50.687 0.485444
50.7062 0.483763
50.7255 0.482168
50.7471 0.481022
50.7675 0.480019
50.7916 0.479642
50.8108 0.479187
50.8348 0.479288
50.8552 0.479502
50.8769 0.479814
50.8961 0.480088
50.9189 0.480577
50.9394 0.48113
50.961 0.481738
50.9802 0.482146
51.003 0.482878
51.0259 0.483643
51.0523 0.484688
51.0739 0.485102
51.0944 0.485464
51.1136 0.485656
51.134 0.485824
51.1568 0.486096
51.1809 0.486834
51.2025 0.487605
51.2241 0.488404
51.2434 0.488979
51.2638 0.489356
51.2842 0.489687
51.307 0.490351
51.3287 0.490932
51.3479 0.491191
51.3707 0.491792
51.3912 0.492318
51.4116 0.492653
51.4344 0.493321
51.4548 0.493781
51.4789 0.494559
51.5005 0.495489
51.5209 0.496178
51.545 0.497155
51.5666 0.498011
51.587 0.498635
51.6062 0.499055
51.6279 0.499423
51.6507 0.499995
51.6735 0.500746
51.6952 0.501153
51.7156 0.501384
51.7348 0.501211
51.754 0.500934
51.7757 0.500818
51.7961 0.500715
51.8165 0.500501
51.8357 0.499938
51.8538 0.499196
51.8742 0.498422
51.8946 0.497744
51.9187 0.497526
51.9415 0.49746
51.9667 0.497903
51.9883 0.49804
52.004 0.49766
52.0208 0.497327
52.0388 0.497286
52.0556 0.497251
52.0773 0.497969
52.0977 0.498473
52.1193 0.499289
52.1422 0.500128
52.1626 0.500612
52.1842 0.50091
52.2046 0.500922
52.2407 0.502931
52.2659 0.502315
52.2924 0.501651
52.3176 0.500819
52.3452 0.500092
52.3681 0.49883
52.3921 0.497352
52.4173 0.495683
52.4414 0.493847
52.4618 0.491741
52.4798 0.489524
52.5002 0.487583
52.5183 0.485635
52.5387 0.483806
52.5603 0.48233
52.5795 0.480914
52.6 0.47955
52.6204 0.478356
52.642 0.477561
52.6624 0.476741
52.6829 0.475899
52.7057 0.475536
52.7273 0.475344
52.7478 0.475051
52.7694 0.475045
52.7886 0.474789
52.8102 0.474691
52.8331 0.474979
52.8547 0.475232
52.8763 0.475578
52.898 0.476006
52.9196 0.476505
52.9412 0.477067
52.964 0.477933
52.9857 0.478692
53.0049 0.479105
53.0277 0.479842
53.0494 0.480612
53.071 0.481285
53.0938 0.48225
53.1166 0.483343
53.1371 0.484301
53.1587 0.485263
53.1803 0.48623
53.202 0.487076
53.2248 0.488192
53.2464 0.489293
53.2668 0.490131
53.2873 0.49099
53.3089 0.491741
53.3305 0.492523
53.351 0.493208
53.3738 0.494057
53.3966 0.49505
53.4158 0.495794
53.4375 0.496569
53.4567 0.496998
53.4783 0.497623
53.4976 0.497921
53.5132 0.497555
53.5348 0.497361
53.5564 0.497316
53.5781 0.497276
53.5985 0.496867
53.6177 0.496134
53.6393 0.495617
53.6586 0.49479
53.6814 0.494316
53.703 0.493902
53.7247 0.493289
53.7439 0.492503
53.7679 0.49219
53.7883 0.491916
53.8112 0.491927
53.834 0.492186
53.8556 0.492413
53.8749 0.492361
53.8905 0.492316
53.9109 0.492651
53.9253 0.49282
53.9458 0.493342
53.9674 0.49455
53.9854 0.495106
53.9986 0.494843
54.0166 0.494737
54.0371 0.494645
54.0587 0.494565
54.096 0.496369
54.1224 0.495698
54.1476 0.494736
54.1741 0.493894
54.2017 0.493032
54.2245 0.491778
54.2486 0.490181
54.2738 0.488533
54.299 0.486841
54.3182 0.484736
54.3375 0.482644
54.3579 0.480814
54.3771 0.479087
54.3952 0.477201
54.4132 0.475301
54.4324 0.473388
54.4516 0.471465
54.4709 0.469657
54.4901 0.46795
54.5105 0.466331
54.5309 0.464915
54.5514 0.463675
54.5742 0.462841
54.5946 0.462111
54.6162 0.461597
54.6379 0.461147
54.6583 0.460879
54.6799 0.460644
54.7004 0.460439
54.7232 0.460634
54.7424 0.460554
54.7652 0.460735
54.7857 0.460893
54.8085 0.461282
54.8301 0.461746
54.8506 0.462153
54.8722 0.462634
54.895 0.463305
54.919 0.464392
54.9395 0.465218
54.9623 0.46619
54.9815 0.466917
55.002 0.467427
55.0236 0.467999
55.0476 0.468999
55.068 0.469874
55.0885 0.470515
55.1065 0.470825
55.1281 0.471222
55.1498 0.471569
55.169 0.471748
55.1918 0.472155
55.2134 0.472635
55.2327 0.472931
55.2543 0.473315
55.2735 0.4734
55.2927 0.47335
55.3156 0.473556
55.3372 0.473862
55.354 0.473754
55.3757 0.47366
55.3949 0.473327
55.4177 0.473411
55.4405 0.473735
55.461 0.473893
55.4826 0.474282
55.503 0.474621
55.5223 0.474669
55.5427 0.47471
55.5631 0.474746
55.5871 0.475153
55.61 0.475759
55.6316 0.476414
55.6568 0.477487
55.6773 0.478551
55.6989 0.479482
55.7193 0.480297
55.7361 0.481135
55.753 0.481743
55.7698 0.4824
55.7842 0.482725
55.801 0.48301
55.8178 0.483258
55.8335 0.483351
55.8527 0.483682
55.8707 0.483972
55.8935 0.484725
55.9176 0.48551
55.956 0.488321
55.9837 0.488156
56.0113 0.488011
56.0389 0.48776
56.0666 0.48754
56.0966 0.487722
56.1219 0.487507
56.1471 0.487069
56.1723 0.48631
56.1927 0.485146
56.2096 0.483628
56.2288 0.48205
56.248 0.480543
56.2672 0.478975
56.2853 0.477354
56.2985 0.474934
56.3117 0.471818
56.3213 0.467715
56.5235 0.435751
56.5444 0.407782
56.7353 0.383309
56.7577 0.362021
56.7793 0.343643
56.7985 0.327313
56.8178 0.312774
56.8396 0.300302
56.8609 0.289389
56.8813 0.279966
56.902 0.27172
56.921 0.26413
56.943 0.257739
56.9622 0.252021
56.9863 0.247394
57.0067 0.243344
57.0295 0.240051
57.0499 0.23717
57.0654 0.234024
57.0866 0.231271
57.1084 0.229112
57.1283 0.227098
57.1482 0.225211
57.1703 0.223809
57.1907 0.222458
57.216 0.221901
57.2376 0.221538
57.2616 0.221596
57.2857 0.222146
57.3097 0.223003
57.3289 0.223753
57.3506 0.225159
57.3674 0.226389
57.3806 0.22709
57.3962 0.227579
57.4166 0.228507
57.4347 0.229443
57.4563 0.231013
57.4779 0.232886
57.4996 0.235275
57.5224 0.238116
57.5452 0.241477
57.5668 0.244917
57.5885 0.248677
57.6089 0.252343
57.6317 0.256425
57.6546 0.260747
57.6762 0.265278
57.6978 0.269744
57.7207 0.274526
57.7423 0.279335
57.7663 0.284543
57.7867 0.289475
57.8072 0.294416
57.8276 0.299114
57.8468 0.3036
57.8648 0.307775
57.8805 0.311428
57.9021 0.314624
57.9249 0.316921
57.949 0.318556
57.9694 0.319237
57.9922 0.319332
58.0162 0.319041
58.0415 0.318535
58.0679 0.317969
58.0919 0.317097
58.1148 0.316335
58.1364 0.315918
58.158 0.315804
58.1821 0.316078
58.2049 0.316568
58.2265 0.317247
58.247 0.317841
58.2698 0.318736
58.2926 0.319894
58.313 0.321032
58.3347 0.322028
58.3587 0.3234
58.3815 0.324975
58.4044 0.326728
58.426 0.328387
58.4488 0.330214
58.4717 0.332187
58.4921 0.333914
58.5149 0.335674
58.5365 0.337465
58.5594 0.339407
58.5798 0.341106
58.6014 0.342843
58.6243 0.344737
58.6483 0.34677
58.6699 0.348674
58.6915 0.35059
58.7144 0.352641
58.736 0.354686
58.7576 0.3566
58.7793 0.3584
58.8021 0.36035
58.8249 0.362306
58.8466 0.364268
58.8694 0.36636
58.891 0.36844
58.9138 0.37051
58.9343 0.372321
58.9547 0.373906
58.9787 0.375793
59.0016 0.377819
59.022 0.379591
59.0448 0.381517
59.0676 0.383578
59.0917 0.385755
59.1121 0.387786
59.1349 0.389813
59.1578 0.391961
59.1782 0.393966
59.1986 0.39572
59.2215 0.397505
59.2443 0.399442
59.2671 0.401512
59.2887 0.403448
59.3116 0.405517
59.3344 0.407702
59.3572 0.409989
59.3801 0.412241
59.4017 0.414336
59.4257 0.416669
59.4498 0.41921
59.4702 0.421559
59.4942 0.424114
59.5194 0.426975
59.5435 0.429853
59.5687 0.432996
59.5927 0.436247
59.6132 0.439216
59.636 0.442189
59.6528 0.44454
59.6721 0.446973
59.6913 0.449476
59.7117 0.452167
59.7321 0.455146
59.7514 0.458128
59.7694 0.460987
59.7886 0.463863
59.8054 0.466505
59.8235 0.469067
59.8427 0.471559
59.8595 0.473864
59.8763 0.476006
59.8955 0.478255
59.9268 0.481098
59.9508 0.483211
59.9749 0.484685
60.0013 0.485974
60.0229 0.486352
60.0494 0.486683
60.0758 0.486973
60.101 0.487101
60.1239 0.486589
60.1419 0.48589
60.1635 0.485529
60.1863 0.485463
60.2068 0.485405
60.226 0.485229
60.2452 0.485076
60.2668 0.485066
60.2861 0.485058
60.3077 0.485051
60.3269 0.484919
60.3486 0.485054
60.3666 0.484923
60.3858 0.484682
60.4086 0.484847
60.4303 0.485241
60.4507 0.485461
60.4723 0.485903
60.4939 0.486415
60.5144 0.486988
60.5372 0.487865
60.5588 0.488757
60.5805 0.489787
60.6009 0.490564
60.6225 0.491493
60.6453 0.492682
60.667 0.493846
60.6898 0.494991
60.7114 0.496242
60.7331 0.497587
60.7535 0.498638
60.7751 0.499808
60.7943 0.500707
60.816 0.501619
60.8364 0.502542
60.8568 0.503224
60.8785 0.504071
60.8965 0.504562
60.9193 0.505242
60.9409 0.505837
60.9614 0.506482
60.9842 0.507172
61.0058 0.507775
61.0263 0.508303
61.0491 0.508765
61.0719 0.509295
61.0935 0.509758
61.1152 0.510413
61.138 0.511112
61.1608 0.511598
61.1837 0.512273
61.2077 0.512989
61.2293 0.513615
61.251 0.514038
61.2702 0.514408
61.2918 0.514607
61.3122 0.514907
61.3351 0.515543
61.3543 0.51585
61.3759 0.516244
61.3939 0.516089
61.4144 0.516077
61.4348 0.515943
61.4564 0.51595
61.4793 0.516206
61.5009 0.51618
61.5213 0.516158
61.5357 0.515263
61.5514 0.51448
61.5682 0.51392
61.585 0.51343
61.6042 0.513126
61.6271 0.512986
61.6487 0.512612
61.6727 0.512536
61.6967 0.512594
61.7172 0.51227
61.74 0.512111
61.7845 0.512347
61.8109 0.512429
61.8349 0.51225
61.8578 0.511594
61.8782 0.51027
61.8998 0.508361
61.9251 0.506566
61.9491 0.50462
61.9707 0.502168
61.9887 0.499772
62.0056 0.4973
62.0248 0.495013
62.044 0.493011
62.0644 0.49126
62.0849 0.489602
62.1065 0.488402
62.1233 0.486977
62.1449 0.485855
62.1678 0.485248
62.187 0.484592
62.2074 0.484143
62.2291 0.483875
62.2519 0.483891
62.2711 0.483904
62.2915 0.483916
62.3144 0.484302
62.336 0.484764
62.3576 0.485418
62.3769 0.485741
62.3973 0.486149
62.4177 0.486505
62.4405 0.487067
62.461 0.487433
62.4826 0.488004
62.5078 0.489004
62.5295 0.489628
62.5511 0.4903
62.5739 0.491012
62.5955 0.491761
62.6172 0.492541
62.6388 0.493223
62.6592 0.49382
62.6797 0.494218
62.7025 0.494815
62.7229 0.495214
62.7445 0.495687
62.7674 0.496351
62.789 0.497057
62.8106 0.497675
62.8323 0.498341
62.8527 0.498798
62.8731 0.499198
62.8971 0.499923
62.9188 0.500558
62.9404 0.501363
62.9608 0.501943
62.9789 0.502075
63.0029 0.502566
63.0245 0.502995
63.0461 0.503496
63.0702 0.504184
63.0954 0.505036
63.1146 0.505531
63.1339 0.50559
63.1555 0.505641
63.1759 0.505561
63.1975 0.505741
63.2168 0.505523
63.236 0.505083
63.26 0.505197
63.2805 0.504923
63.2997 0.504307
63.3213 0.503769
63.3417 0.503173
63.3622 0.502651
63.3862 0.50257
63.4018 0.501749
63.4198 0.501155
63.4403 0.501261
63.4571 0.501353
63.4727 0.501184
63.4955 0.501786
63.516 0.502063
63.5388 0.502555
63.5652 0.503611
63.5929 0.504909
63.6109 0.505171
63.6493 0.507899
63.6746 0.507537
63.6998 0.506845
63.7275 0.506239
63.7515 0.505334
63.7767 0.504167
63.7995 0.502522
63.8248 0.500706
63.8488 0.498618
63.8656 0.496291
63.8861 0.494254
63.9065 0.492473
63.9233 0.490414
63.9425 0.488362
63.9618 0.486317
63.9822 0.484527
64.0026 0.482836
64.0242 0.481482
64.0447 0.480171
64.0663 0.479275
64.0879 0.478491
64.1084 0.477804
64.13 0.477204
64.1504 0.476678
64.1708 0.476094
64.1937 0.475832
64.2129 0.475353
64.2357 0.475309
64.2586 0.47552
64.2802 0.47583
64.303 0.476351
64.3234 0.476682
64.3451 0.477097
64.3679 0.477585
64.3907 0.478262
64.4124 0.479104
64.434 0.479841
64.458 0.480986
64.4785 0.481863
64.5013 0.48288
64.5217 0.483645
64.5445 0.484564
64.5662 0.485494
64.5878 0.486432
64.6094 0.487378
64.6335 0.488581
64.6539 0.489508
64.6755 0.490445
64.6983 0.491514
64.72 0.49245
64.7404 0.493269
64.7608 0.49386
64.7837 0.494753
64.8041 0.495533
64.8245 0.496092
64.8461 0.496705
64.8666 0.497117
64.8882 0.497602
64.9098 0.498027
64.9303 0.498399
64.9507 0.498724
64.9711 0.499008
64.9915 0.499132
65.0132 0.499366
65.0336 0.499445
65.0564 0.499764
65.0768 0.499794
65.0985 0.49982
65.1237 0.500342
65.1465 0.500674
65.1682 0.50109
65.191 0.501579
65.2126 0.501882
65.2331 0.502021
65.2535 0.502019
65.2775 0.502391
65.2943 0.502342
65.3136 0.502675
65.3268 0.502465
65.34 0.501782
65.3544 0.501059
65.3748 0.500802
65.3941 0.500452
65.4157 0.50002
65.4349 0.499518
65.4566 0.499203
65.4746 0.498678
65.5154 0.500843
65.5431 0.500238
65.5719 0.499708
65.5983 0.499119
65.6236 0.498229
65.6476 0.497076
65.6716 0.495566
65.6969 0.493871
65.7209 0.491887
65.7401 0.489651
65.7582 0.48732
65.7774 0.48503
65.7954 0.482651
65.8146 0.48032
65.8327 0.477905
65.8519 0.475666
65.8699 0.473333
65.8903 0.471292
65.9108 0.46938
65.9288 0.467333
65.9516 0.465791
65.972 0.464442
65.9937 0.463262
66.0165 0.462479
66.0357 0.461669
66.0574 0.461086
66.0778 0.46045
66.1006 0.460144
66.121 0.459876
66.1451 0.460016
66.1667 0.460139
66.1871 0.460247
66.2076 0.460341
66.2292 0.460548
66.2508 0.46073
66.2736 0.461139
66.2965 0.461746
66.3193 0.462528
66.3409 0.463212
66.3638 0.46406
66.3854 0.465053
66.4046 0.465671
66.4274 0.466462
66.4491 0.46728
66.4707 0.467995
66.4923 0.468745
66.5128 0.469277
66.5332 0.469743
66.5524 0.470025
66.5752 0.470522
66.5957 0.470831
66.6161 0.471102
66.6365 0.471215
66.657 0.471313
66.6798 0.471649
66.7002 0.471943
66.7182 0.47195
66.7399 0.471956
66.7627 0.472337
66.7843 0.472794
66.8059 0.47332
66.824 0.473405
66.8456 0.473605
66.866 0.473904
66.8853 0.473916
66.9081 0.474301
66.9273 0.474389
66.9501 0.474715
66.9706 0.475001
66.9934 0.475501
67.0126 0.475813
67.0343 0.476211
67.0547 0.476435
67.0751 0.476756
67.0967 0.477036
67.1184 0.477532
67.1388 0.47784
67.1568 0.47786
67.1736 0.477628
67.1917 0.477674
67.2073 0.47759
67.2253 0.477766
67.2433 0.478045
67.2602 0.478415
67.2758 0.478488
67.295 0.479052
67.3118 0.47942
67.3286 0.479868
67.3491 0.480259
67.3671 0.480477
67.414 0.481167
67.444 0.482146
67.4728 0.483128
67.5029 0.484362
67.5281 0.485192
67.5569 0.486043
67.5798 0.486288
67.6038 0.486002
67.629 0.485626
67.6459 0.484673
67.6603 0.483089
67.6711 0.480578
67.6831 0.477256
67.8825 0.443974
67.9024 0.414852
68.094 0.38937
68.1156 0.367324
68.1373 0.348284
68.1553 0.331373
68.1753 0.316577
68.1935 0.303379
68.2143 0.292082
68.2346 0.282197
68.2539 0.273422
68.2731 0.265744
68.2939 0.259026
68.3129 0.253023
68.3328 0.24777
68.3556 0.243549
68.376 0.23998
68.3977 0.236983
68.4157 0.234235
68.4339 0.231581
68.4522 0.229133
68.4722 0.226991
68.4924 0.225117
68.5128 0.223478
68.532 0.222043
68.5547 0.221038
68.5751 0.220283
68.5955 0.219623
68.616 0.21917
68.6364 0.218899
68.658 0.218911
68.6797 0.219047
68.6989 0.219041
68.7145 0.218536
68.7307 0.217594
68.7514 0.216895
68.773 0.216533
68.7946 0.216466
68.8163 0.216658
68.8379 0.216951
68.8595 0.217457
68.8799 0.2179
68.9016 0.218537
68.922 0.21922
68.9424 0.219818
68.9629 0.22034
68.9845 0.221048
69.0061 0.222042
69.0277 0.223037
69.0494 0.224157
69.0722 0.225512
69.095 0.227073
69.1179 0.228689
69.1431 0.230853
69.1599 0.232496
69.1803 0.234559
69.2008 0.236864
69.22 0.239381
69.2392 0.242084
69.2585 0.244823
69.2801 0.24797
69.2993 0.251099
69.3173 0.254087
69.3402 0.257576
69.3606 0.261129
69.3798 0.264613
69.4002 0.268286
69.4195 0.271875
69.4387 0.275391
69.4579 0.278842
69.4783 0.282612
69.4964 0.28616
69.5156 0.28964
69.5324 0.29281
69.5577 0.296084
69.5829 0.298698
69.6045 0.300361
69.6273 0.301441
69.6514 0.302011
69.673 0.30201
69.6958 0.301383
69.7211 0.300835
69.7439 0.299731
69.7631 0.298765
69.7824 0.297919
69.8028 0.297179
69.8232 0.296657
69.846 0.2967
69.8665 0.296737
69.8893 0.297145
69.9085 0.297502
69.9313 0.298189
69.9518 0.298791
69.9734 0.299692
69.9938 0.30048
70.0131 0.30117
70.0359 0.302024
70.0563 0.303021
70.0791 0.304268
70.0996 0.30536
70.1224 0.306815
70.1404 0.307838
70.1645 0.309233
70.1849 0.310579
70.2065 0.312007
70.2281 0.313506
70.2498 0.315068
70.2702 0.316559
70.2918 0.317989
70.3135 0.319616
70.3339 0.321039
70.3555 0.322534
70.3759 0.323967
70.3976 0.325471
70.4192 0.327037
70.4408 0.328658
70.4625 0.330325
70.4841 0.332035
70.5033 0.33353
70.5249 0.334964
70.5454 0.336344
70.567 0.337801
70.5886 0.339326
70.6103 0.34091
70.6307 0.342421
70.6523 0.343993
70.6739 0.345494
70.6944 0.347058
70.716 0.34855
70.7376 0.350107
70.7581 0.351593
70.7797 0.353144
70.8013 0.354751
70.8229 0.356282
70.8434 0.357872
70.8638 0.359263
70.8842 0.360605
70.907 0.362279
70.9275 0.363744
70.9503 0.365401
70.9707 0.366976
70.9924 0.368604
71.014 0.370154
71.0368 0.372009
71.0585 0.373883
71.0789 0.375523
71.1029 0.377583
71.1245 0.379635
71.1474 0.381805
71.1714 0.38433
71.1942 0.386913
71.2171 0.389549
71.2423 0.392606
71.2615 0.395155
71.2807 0.397761
71.3 0.400415
71.3192 0.403364
71.3384 0.406318
71.3589 0.409403
71.3781 0.412728
71.3973 0.416012
71.4165 0.41926
71.4358 0.422478
71.4526 0.425543
71.4718 0.4286
71.4874 0.431275
71.5042 0.433741
71.5235 0.436398
71.5427 0.439098
71.5631 0.440836
71.586 0.441732
71.6088 0.44214
71.6328 0.442248
71.6568 0.442092
71.6797 0.441455
71.7037 0.440648
71.7301 0.440067
71.7518 0.439309
71.7734 0.438895
71.7938 0.438658
71.8143 0.438576
71.8335 0.438379
71.8563 0.438707
71.8779 0.439118
71.8996 0.439729
71.92 0.440387
71.9416 0.441214
71.9621 0.442062
71.9849 0.443179
72.0041 0.444157
72.0269 0.445262
72.0462 0.446355
72.069 0.44756
72.0894 0.44874
72.1123 0.450273
72.1327 0.451614
72.1555 0.453162
72.1747 0.454392
72.1964 0.455843
72.2156 0.456987
72.2384 0.458364
72.2588 0.459693
72.2817 0.461232
72.3021 0.462703
72.3237 0.46424
72.3454 0.465835
72.3658 0.467231
72.3886 0.468952
72.4078 0.470333
72.4295 0.471791
72.4499 0.473192
72.4727 0.474793
72.4932 0.476319
72.5148 0.477904
72.534 0.479291
72.5556 0.48063
72.5761 0.482051
72.5977 0.48342
72.6181 0.484742
72.6398 0.486149
72.659 0.487256
72.6794 0.488349
72.7022 0.489805
72.7227 0.49108
72.7431 0.49232
72.7647 0.493655
72.7851 0.494948
72.8044 0.495954
72.8236 0.496835
72.8452 0.497856
72.8645 0.498624
72.8849 0.499296
72.9077 0.500384
72.9257 0.501086
72.9462 0.501825
72.969 0.502722
72.9906 0.503382
73.0123 0.504209
73.0339 0.504808
73.0531 0.505332
73.0723 0.50554
73.094 0.505848
73.1132 0.505867
73.136 0.506259
73.1564 0.506351
73.1793 0.506807
73.1961 0.507081
73.2129 0.507321
73.2285 0.507656
73.2454 0.508074
73.2658 0.50894
73.2862 0.509572
73.3054 0.509876
73.3247 0.510141
73.3463 0.510749
73.3607 0.51028
73.3775 0.50962
73.4088 0.510418
73.4328 0.508365
73.4568 0.506195
73.4809 0.504045
73.5037 0.50179
73.5277 0.499566
73.5494 0.496995
73.5722 0.494371
73.5962 0.491824
73.6179 0.488971
73.6395 0.486725
73.6575 0.484509
73.6791 0.482946
73.6984 0.481452
73.7176 0.480021
73.738 0.479018
73.7584 0.478141
73.7801 0.477623
73.8005 0.477295
73.8209 0.477009
73.8402 0.476757
73.8618 0.476788
73.8834 0.477064
73.905 0.477556
73.9255 0.478112
73.9459 0.478598
73.9663 0.479148
73.9892 0.48013
74.0096 0.480988
74.0312 0.48199
74.0516 0.482991
74.0733 0.484117
74.0949 0.485228
74.1153 0.486449
74.1345 0.487393
74.1634 0.489344
74.185 0.490176
74.2042 0.490779
74.2247 0.491307
74.2475 0.492018
74.2679 0.492641
74.2884 0.493311
74.3088 0.493772
74.3292 0.4943
74.3496 0.494763
74.3737 0.495543
74.3929 0.495975
74.4133 0.496228
74.4337 0.496449
74.4542 0.496643
74.477 0.497188
74.4974 0.497289
74.5191 0.497628
74.5407 0.4978
74.5623 0.4982
74.5851 0.498675
74.6044 0.498715
74.6212 0.498376
74.6452 0.498579
74.6669 0.497882
74.6861 0.497021
74.7041 0.496019
74.7269 0.495391
74.7498 0.494967
74.7678 0.494222
74.787 0.493569
74.8086 0.493123
74.8291 0.492732
74.8507 0.492516
74.8711 0.491951
74.8904 0.491207
74.9108 0.490557
74.9324 0.490237
74.9528 0.489832
74.9721 0.489228
74.9961 0.4892
75.0105 0.488425
75.0297 0.488122
75.0466 0.487981
75.0646 0.488109
75.085 0.488595
75.1006 0.488521
75.1235 0.489206
75.1427 0.48918
75.1595 0.488657
75.1763 0.487825
75.1968 0.487347
75.228 0.488054
75.2508 0.485672
75.2761 0.483463
75.2977 0.48078
75.3217 0.478058
75.3446 0.475175
75.3686 0.472278
75.3926 0.469369
75.4191 0.466698
75.4395 0.463985
75.4611 0.461737
75.4815 0.45977
75.5008 0.457924
75.5224 0.456433
75.5428 0.455129
75.5632 0.454113
75.5849 0.453349
75.6041 0.452555
75.6269 0.452111
75.6486 0.451972
75.669 0.451726
75.6906 0.45176
75.7122 0.45204
75.7327 0.45216
75.7555 0.45264
75.7759 0.45306
75.7976 0.453552
75.8192 0.454233
75.8396 0.454829
75.86 0.455351
75.8829 0.456057
75.9033 0.4568
75.9261 0.4577
75.9466 0.458487
75.9682 0.459426
75.9886 0.460123
76.0114 0.461108
76.0307 0.461844
76.0523 0.462614
76.0727 0.463287
76.0944 0.464126
76.116 0.46486
76.1376 0.465753
76.1592 0.466784
76.1797 0.467561
76.1989 0.468116
76.2205 0.468851
76.2422 0.469745
76.265 0.470652
76.2878 0.47182
76.3082 0.472968
76.3311 0.474222
76.3515 0.475319
76.3731 0.476529
76.3924 0.477338
76.414 0.478171
76.4344 0.479024
76.456 0.479896
76.4765 0.480659
76.4969 0.481327
76.5161 0.481786
76.5365 0.482188
76.5582 0.482789
76.5798 0.483316
76.599 0.483776
76.6195 0.484179
76.6363 0.484032
76.6567 0.483903
76.6771 0.483915
76.6976 0.483801
76.7192 0.483951
76.7396 0.484082
76.7612 0.484321
76.7817 0.484281
76.8045 0.484496
76.8261 0.484559
76.843 0.484364
76.8598 0.484319
76.8766 0.484279
76.897 0.484869
76.9138 0.485385
76.9319 0.485837
76.9511 0.485983
76.9727 0.486235
76.9883 0.48583
77.0064 0.485352
77.0256 0.484808
77.0556 0.485332
77.0773 0.48279
77.1001 0.480066
77.1241 0.477183
77.1458 0.47391
77.1698 0.470671
77.195 0.467713
77.2215 0.464873
77.2467 0.462139
77.2671 0.459372
77.2887 0.457075
77.3092 0.455191
77.3296 0.453417
77.3488 0.45174
77.3693 0.450272
77.3909 0.449113
77.4101 0.447974
77.4317 0.447102
77.4534 0.44659
77.475 0.446141
77.4954 0.445873
77.5171 0.445764
77.5363 0.445544
77.5591 0.445726
77.5795 0.44576
77.6 0.44579
77.6204 0.445816
77.6432 0.446214
77.6624 0.446437
77.6841 0.446758
77.7045 0.447038
77.7261 0.447533
77.7478 0.447967
77.767 0.448221
77.7874 0.448443
77.809 0.448888
77.8319 0.449527
77.8511 0.449961
77.8727 0.450466
77.8932 0.451033
77.9148 0.451529
77.9352 0.452087
77.9568 0.452577
77.9785 0.453254
78.0013 0.454223
78.0241 0.45532
78.0434 0.456155
78.065 0.45701
78.0854 0.457759
78.1082 0.458789
78.1287 0.459566
78.1503 0.460495
78.1695 0.461183
78.1887 0.461535
78.208 0.461718
78.2296 0.462128
78.2488 0.462237
78.2693 0.462458
78.2897 0.462526
78.3101 0.46271
78.3317 0.462996
78.3522 0.463247
78.3738 0.463591
78.3918 0.463642
78.4122 0.463687
78.4339 0.463851
78.4543 0.463994
78.4771 0.464495
78.4952 0.464683
78.5168 0.464848
78.5372 0.465117
78.5588 0.465352
78.5793 0.465683
78.6009 0.466098
78.6201 0.466336
78.6393 0.466419
78.6586 0.466866
78.6754 0.467258
78.6898 0.467351
78.709 0.467932
78.7271 0.468565
78.7427 0.468995
78.7619 0.469745
78.7763 0.470277
78.7968 0.471118
78.8136 0.471478
78.8352 0.471918
78.8689 0.473803
78.8917 0.472828
78.9133 0.471349
78.9385 0.469681
78.9614 0.467721
78.9866 0.465756
79.0094 0.463536
79.0275 0.460469
79.0431 0.456285
79.0575 0.4515
79.0695 0.446187
79.0839 0.440789
79.0972 0.435315
79.1116 0.429651
79.1236 0.423695
79.138 0.417858
79.1524 0.412
79.3495 0.386875
79.3696 0.364891
79.5617 0.34578
79.5811 0.329057
79.6034 0.314675
79.6238 0.302091
79.6414 0.290829
79.6619 0.280976
79.6815 0.272229
79.7023 0.2647
79.7217 0.257988
79.7426 0.252239
79.762 0.247084
79.7832 0.242824
79.804 0.239096
79.8244 0.235959
79.846 0.233464
79.8677 0.231406
79.8881 0.22973
79.9024 0.227514
79.9237 0.2257
79.9425 0.223987
79.9641 0.222614
79.9827 0.221162
80.0045 0.220142
80.0256 0.219374
80.0484 0.219077
80.0676 0.218693
80.0869 0.218231
80.1097 0.218202
80.1301 0.218302
80.1529 0.218639
80.1722 0.218934
80.1914 0.219067
80.2058 0.218434
80.2256 0.217755
80.2474 0.21741
80.2666 0.216984
80.2871 0.216736
80.3087 0.216644
80.3291 0.216689
80.3508 0.216853
80.3712 0.217121
80.394 0.217731
80.4168 0.218514
80.4385 0.21945
80.4613 0.220644
80.4841 0.222063
80.507 0.22343
80.5298 0.225002
80.5526 0.226751
80.5742 0.228533
80.5947 0.230091
80.6151 0.23208
80.6343 0.234195
80.656 0.23667
80.674 0.239087
80.692 0.241576
80.7124 0.244254
80.7329 0.247097
80.7533 0.25021
80.7713 0.253184
80.7941 0.256661
80.8146 0.260078
80.8374 0.263943
80.8578 0.267825
80.8783 0.271847
80.8999 0.275991
80.9215 0.280367
80.9407 0.284571
80.96 0.288625
80.9804 0.292797
81.0068 0.296322
81.0321 0.299282
81.0537 0.301247
81.0777 0.302591
81.0981 0.303017
81.121 0.302765
81.1426 0.302044
81.1666 0.301039
81.1871 0.299784
81.2051 0.298436
81.2267 0.297381
81.2471 0.296584
81.27 0.296136
81.2916 0.295994
81.3132 0.29612
81.3361 0.296605
81.3541 0.296779
81.3769 0.297182
81.3997 0.297909
81.4214 0.298795
81.443 0.299696
81.4622 0.300359
81.4851 0.301314
81.5067 0.302275
81.5283 0.303365
81.5511 0.304695
81.5704 0.305733
81.592 0.306891
81.6136 0.30803
81.6365 0.309401
81.6581 0.310851
81.6773 0.311995
81.7001 0.31337
81.7218 0.314574
81.7446 0.316002
81.7638 0.317127
81.7855 0.318361
81.8083 0.319816
81.8299 0.321214
81.8491 0.322437
81.872 0.323758
81.8936 0.325163
81.9152 0.326643
81.9357 0.327937
81.9573 0.32932
81.9801 0.330905
82.0005 0.332167
82.0222 0.333521
82.0426 0.334706
82.0654 0.336118
82.0871 0.337603
82.1087 0.339028
82.1303 0.340524
82.1495 0.341709
82.1724 0.34312
82.1952 0.34473
82.2156 0.346139
82.2361 0.347496
82.2577 0.348809
82.2805 0.350208
82.3009 0.351432
82.3214 0.352628
82.3442 0.35405
82.3658 0.355418
82.3863 0.356741
82.4067 0.357898
82.4283 0.359161
82.4523 0.360641
82.4728 0.361936
82.4944 0.363194
82.5184 0.364795
82.5425 0.366695
82.5641 0.368483
82.5869 0.370298
82.6122 0.372636
82.6362 0.375056
82.659 0.377549
82.6843 0.380356
82.7059 0.383311
82.7263 0.386522
82.7491 0.390207
82.7696 0.393931
82.7888 0.39744
82.8092 0.401135
82.826 0.404493
82.8453 0.407681
82.8645 0.410846
82.8825 0.413865
82.8993 0.416632
82.9174 0.419178
82.9354 0.421656
82.9486 0.423449
82.9702 0.425018
82.9907 0.425516
83.0147 0.425576
83.0411 0.425629
83.0628 0.4248
83.088 0.423825
83.112 0.422722
83.1409 0.421882
83.1649 0.420772
83.1853 0.419925
83.207 0.419185
83.2286 0.418787
83.2502 0.418563
83.273 0.418743
83.2947 0.419025
83.3151 0.419272
83.3367 0.419613
83.3584 0.420161
83.3812 0.420891
83.404 0.421905
83.422 0.422542
83.4449 0.423224
83.4677 0.424196
83.4893 0.425296
83.5122 0.426509
83.5314 0.427446
83.553 0.428515
83.5758 0.429576
83.5975 0.430754
83.6191 0.432034
83.6395 0.43303
83.6612 0.434151
83.684 0.435257
83.7068 0.4366
83.726 0.437775
83.7489 0.438928
83.7693 0.440062
83.7909 0.44118
83.8138 0.442407
83.833 0.443356
83.8558 0.444562
83.8774 0.445741
83.8991 0.447024
83.9207 0.448271
83.9411 0.449362
83.964 0.450567
83.9856 0.451871
84.0072 0.453137
84.0288 0.45437
84.0505 0.455574
84.0709 0.456627
84.0937 0.457924
84.1154 0.459183
84.1346 0.46016
84.1574 0.46139
84.179 0.462591
84.2007 0.463767
84.2223 0.465047
84.2427 0.466041
84.2644 0.467161
84.2872 0.468516
84.3088 0.469701
84.3292 0.470863
84.3521 0.472256
84.3737 0.473474
84.3953 0.474789
84.4194 0.476316
84.4422 0.478026
84.4614 0.479398
84.4831 0.480723
84.5059 0.482133
84.5263 0.483491
84.5491 0.48493
84.5684 0.486064
84.59 0.487181
84.6092 0.488033
84.6308 0.488904
84.6513 0.489791
84.6705 0.490567
84.6861 0.491246
84.7029 0.49184
84.7174 0.49211
84.7318 0.492097
84.7486 0.492209
84.769 0.492808
84.7859 0.492457
84.8015 0.491525
84.8195 0.490334
84.8399 0.488918
84.8784 0.489928
84.9024 0.487437
84.9276 0.484882
84.9529 0.482397
84.9769 0.479847
85.0033 0.477616
85.0334 0.476039
85.0574 0.474284
85.0863 0.472999
85.1055 0.471249
85.1247 0.469593
85.1451 0.468144
85.1644 0.466751
85.186 0.465532
85.2052 0.464465
85.2256 0.463532
85.2485 0.462966
85.2677 0.462345
85.2905 0.462177
85.3122 0.462155
85.3338 0.46226
85.353 0.462353
85.3758 0.462559
85.3975 0.462989
85.4203 0.46374
85.4407 0.464273
85.4612 0.464864
85.484 0.465631
85.5044 0.466302
85.5272 0.467264
85.5465 0.467981
85.5681 0.468733
85.5909 0.469642
85.6126 0.470687
85.633 0.471476
85.6522 0.472166
85.6726 0.47277
85.6955 0.473549
85.7159 0.474231
85.7387 0.475202
85.7592 0.476052
85.7796 0.476795
85.8 0.477571
85.8216 0.478374
85.8433 0.479203
85.8637 0.479927
85.8841 0.480686
85.9057 0.481351
85.9262 0.482057
85.9478 0.4828
85.967 0.483325
85.9851 0.483534
86.0043 0.483592
86.0271 0.483893
86.0487 0.484282
86.068 0.484496
86.0896 0.484809
86.1124 0.485458
86.1328 0.485901
86.1533 0.486413
86.1761 0.487237
86.1977 0.487832
86.2206 0.488603
86.2398 0.488903
86.2614 0.48929
86.2818 0.489629
86.3023 0.489925
86.3239 0.490184
86.3443 0.490286
86.3648 0.490376
86.3852 0.490454
86.4068 0.490522
86.4296 0.490832
86.4501 0.491103
86.4657 0.49059
86.4849 0.490016
86.5029 0.489264
86.5186 0.488231
86.5318 0.486952
86.5486 0.485958
86.563 0.484838
86.5786 0.483734
86.5955 0.482642
86.6147 0.481562
86.6327 0.480241
86.6531 0.478836
86.6748 0.477607
86.6916 0.475781
86.73 0.476683
86.7541 0.474473
86.7781 0.472164
86.8045 0.470018
86.8298 0.467891
86.8562 0.46603
86.8802 0.464026
86.9091 0.462398
86.9307 0.460223
86.9523 0.45857
86.9716 0.456999
86.9932 0.455749
87.0148 0.45478
87.0353 0.454058
87.0569 0.453551
87.0773 0.453107
87.0989 0.452843
87.1206 0.452863
87.1398 0.452755
87.1614 0.452911
87.1818 0.453047
87.2035 0.453416
87.2239 0.453739
87.2455 0.454272
87.2672 0.454988
87.2888 0.455739
87.308 0.456397
87.3308 0.457222
87.3513 0.458069
87.3717 0.458811
87.3921 0.459584
87.415 0.460511
87.4354 0.461447
87.4546 0.462142
87.4774 0.463124
87.4979 0.463983
87.5183 0.46486
87.5387 0.465628
87.5616 0.466674
87.5808 0.467465
87.6036 0.468532
87.624 0.46959
87.6433 0.470392
87.6649 0.471218
87.6865 0.47219
87.7069 0.473042
87.7286 0.474036
87.7502 0.475157
87.7694 0.476012
87.7887 0.476511
87.8091 0.477072
87.8307 0.477688
87.8499 0.478102
87.8716 0.478714
87.8896 0.479
87.9112 0.4795
87.9328 0.480062
87.9533 0.48068
87.9737 0.48122
87.9953 0.481942
88.0134 0.482324
88.0326 0.482534
88.0506 0.482467
88.071 0.482534
88.0903 0.482467
88.1071 0.482034
88.1275 0.481654
88.1467 0.481198
88.1672 0.480923
88.1888 0.480808
88.208 0.480707
88.2272 0.480243
88.2477 0.479838
88.2693 0.479733
88.2897 0.479642
88.3065 0.479186
88.3258 0.478663
88.3438 0.47783
88.3558 0.476601
88.3702 0.475401
88.3846 0.474101
88.4015 0.473088
88.4171 0.471952
88.4351 0.470708
88.4543 0.469245
88.47 0.467589
88.488 0.466016
88.5024 0.464264
88.5216 0.462481
88.5577 0.460921
88.5817 0.459305
88.6069 0.457642
88.6334 0.456187
88.6574 0.454664
88.685 0.453456
88.7115 0.452274
88.7367 0.451115
88.7644 0.450225
88.786 0.449072
88.8064 0.448188
88.8244 0.447165
88.8473 0.446769
88.8665 0.446423
88.8869 0.44612
88.9073 0.446105
88.9254 0.445967
88.9482 0.446346
88.9662 0.446428
88.9866 0.446624
89.0083 0.447171
89.0263 0.447525
89.0467 0.447959
89.0672 0.448464
89.0864 0.448906
89.108 0.449668
89.1272 0.450335
89.1477 0.450918
89.1693 0.451803
89.1873 0.452453
89.2065 0.453021
89.227 0.453518
89.2474 0.454204
89.2666 0.454803
89.2883 0.455703
89.3075 0.45649
89.3291 0.457429
89.3495 0.458375
89.3688 0.459203
89.3892 0.460178
89.4084 0.460906
89.4288 0.461667
89.4493 0.462584
89.4697 0.463511
89.4901 0.464572
89.5093 0.465376
89.531 0.466329
89.549 0.467038
89.5706 0.468033
89.5911 0.469029
89.6103 0.4699
89.6319 0.470913
89.6523 0.472049
89.6728 0.473167
89.6944 0.474397
89.7136 0.475472
89.7316 0.476288
89.7509 0.477002
89.7689 0.477377
89.7881 0.47783
89.8097 0.478476
89.8266 0.478791
89.847 0.479068
89.8614 0.478809
89.8794 0.478458
89.8975 0.478026
89.9191 0.478022
89.9359 0.47752
89.9563 0.47733
89.9768 0.477288
89.9984 0.477627
90.0152 0.477549
90.0344 0.47748
90.0561 0.477795
90.0753 0.478071
90.0957 0.478437
90.1125 0.478382
90.1318 0.478335
90.1474 0.477918
90.1606 0.477178
90.1738 0.476281
90.1895 0.475621
90.2051 0.475043
90.2207 0.474413
90.2363 0.473611
90.2543 0.47266
90.2724 0.471452
90.2868 0.470021
90.3048 0.468518
90.3192 0.467078
90.3348 0.465569
90.3721 0.463998
90.3973 0.462623
90.4226 0.461295
90.4442 0.459758
90.461 0.457288
90.479 0.454127
90.4947 0.450111
90.5115 0.445472
90.5295 0.440413
90.5415 0.434737
90.5559 0.429145
90.5692 0.423627
90.5812 0.417923
90.5944 0.412183
90.6076 0.40641
90.622 0.400984
90.6328 0.395111
90.6461 0.389472
90.8343 0.405663
90.8566 0.381205
91.0455 0.359929
91.065 0.341563
91.0829 0.325368
91.1022 0.311447
91.119 0.299016
91.1357 0.287889
91.1557 0.278403
91.1724 0.269978
91.1902 0.262605
91.2084 0.256155
91.2265 0.25051
91.2464 0.245697
91.2639 0.241359
91.2816 0.237565
91.3 0.234369
91.3217 0.231948
91.3385 0.229704
91.3589 0.227866
91.3745 0.226008
91.39 0.224132
91.4082 0.222491
91.4263 0.221054
91.4461 0.220047
91.4628 0.218791
91.4826 0.217943
91.5003 0.2172
91.5196 0.216675
91.5388 0.21634
91.5568 0.216048
91.576 0.215917
91.5953 0.215927
91.6133 0.215936
91.6337 0.216194
91.6529 0.216545
91.671 0.216852
91.6842 0.216495
91.7 0.215933
91.7192 0.215567
91.7372 0.215246
91.7564 0.21509
91.7756 0.215079
91.7949 0.215069
91.8153 0.215435
91.8345 0.215881
91.8525 0.216271
91.8718 0.216737
91.8946 0.21777
91.9126 0.218674
91.9354 0.219964
91.9547 0.221219
91.9763 0.222817
91.9967 0.224464
92.0172 0.226281
92.0388 0.228246
92.058 0.23009
92.0748 0.231704
92.0929 0.233616
92.1109 0.235664
92.1277 0.237706
92.1457 0.239993
92.1638 0.242369
92.1818 0.244948
92.201 0.247829
92.2178 0.250601
92.2371 0.25365
92.2551 0.256819
92.2743 0.260092
92.2935 0.26358
92.3128 0.267133
92.3308 0.270741
92.3512 0.274649
92.3716 0.278817
92.3897 0.28284
92.4065 0.28661
92.4245 0.290409
92.4521 0.294858
92.4762 0.298626
92.5002 0.301922
92.523 0.304682
92.5447 0.306722
92.5639 0.307882
92.5819 0.308021
92.6035 0.307894
92.6252 0.307532
92.6408 0.306466
92.6576 0.305407
92.6744 0.304231
92.6937 0.303327
92.7117 0.302537
92.7297 0.301844
92.7489 0.301364
92.7706 0.301443
92.7886 0.301388
92.8078 0.301464
92.827 0.301781
92.8475 0.302309
92.8679 0.30302
92.8871 0.303893
92.9063 0.304656
92.9256 0.305449
92.9448 0.306268
92.9652 0.307359
92.9844 0.308439
93.0037 0.30951
93.0241 0.310696
93.0433 0.311859
93.0625 0.313002
93.083 0.314251
93.1022 0.315595
93.1202 0.316771
93.1419 0.318049
93.1611 0.319418
93.1803 0.320741
93.2007 0.322148
93.22 0.323505
93.2392 0.324942
93.2584 0.326199
93.2764 0.327299
93.2981 0.328762
93.3173 0.330166
93.3377 0.331646
93.3557 0.33294
93.3762 0.334322
93.3954 0.335657
93.417 0.337325
93.4338 0.338534
93.4543 0.339968
93.4735 0.341347
93.4951 0.343053
93.5144 0.344547
93.5336 0.345978
93.5528 0.347356
93.572 0.348687
93.5937 0.350226
93.6129 0.351572
93.6345 0.353251
93.6513 0.35447
93.6706 0.355661
93.6934 0.357203
93.7114 0.358553
93.733 0.360234
93.7499 0.36133
93.7715 0.362788
93.7919 0.36419
93.8123 0.365791
93.8316 0.367192
93.852 0.368793
93.8712 0.370194
93.8917 0.37167
93.9121 0.373336
93.9313 0.374794
93.9517 0.37632
93.9698 0.37753
93.9902 0.378964
94.0118 0.380468
94.0334 0.382285
94.0551 0.384249
94.0731 0.385968
94.0911 0.387847
94.1079 0.389616
94.1272 0.391914
94.144 0.39405
94.1644 0.396669
94.1824 0.399335
94.2029 0.402418
94.2221 0.405741
94.2425 0.409273
94.2593 0.412614
94.2798 0.416287
94.2954 0.419626
94.3158 0.423173
94.3314 0.426401
94.3543 0.430351
94.3807 0.433932
94.4035 0.436816
94.4264 0.439214
94.448 0.440812
94.4684 0.441836
94.4913 0.442481
94.5105 0.442296
94.5321 0.441884
94.5513 0.440774
94.5694 0.439802
94.5862 0.438702
94.6042 0.437739
94.6222 0.436772
94.6427 0.436175
94.6595 0.435403
94.6799 0.434978
94.7003 0.434981
94.7196 0.434983
94.7412 0.435485
94.7604 0.435924
94.7796 0.436434
94.7989 0.43688
94.8181 0.43752
94.8397 0.43833
94.8589 0.439164
94.8782 0.440143
94.8974 0.441
94.9166 0.441875
94.9382 0.443016
94.9575 0.444139
94.9779 0.445246
94.9959 0.446216
95.0164 0.447314
95.0368 0.448524
95.056 0.449834
95.0764 0.451105
95.0945 0.452217
95.1149 0.453315
95.1341 0.454525
95.1557 0.455835
95.175 0.457105
95.193 0.458092
95.2134 0.459331
95.2326 0.460539
95.2543 0.461972
95.2735 0.46335
95.2951 0.464932
95.3119 0.466065
95.3312 0.467182
95.3528 0.468534
95.372 0.469842
95.3913 0.471112
95.4093 0.472098
95.4297 0.473211
95.4501 0.47456
95.4706 0.475865
95.4898 0.477131
95.509 0.478365
95.527 0.479444
95.5475 0.480514
95.5679 0.4817
95.5871 0.482862
95.6063 0.484004
95.6244 0.485004
95.6448 0.486003
95.664 0.487128
95.682 0.487987
95.7013 0.488864
95.7181 0.489381
95.7397 0.490208
95.7589 0.490807
95.7806 0.491706
95.7998 0.492118
95.8202 0.492853
95.8431 0.493997
95.8623 0.494747
95.8815 0.495404
95.8983 0.495728
95.9212 0.496637
95.9368 0.496932
95.9536 0.497566
95.968 0.49812
95.9848 0.49873
96.0041 0.499764
96.0233 0.500668
96.0425 0.501585
96.0665 0.502887
96.0858 0.503776
96.1074 0.504929
96.1218 0.505313
96.1567 0.507774
96.1795 0.507177
96.2011 0.506405
96.2204 0.504979
96.236 0.502482
96.2576 0.500047
96.2768 0.497166
96.2973 0.49427
96.3189 0.491236
96.3381 0.487957
96.3549 0.484837
96.3718 0.481983
96.3898 0.47936
96.4078 0.477065
96.4234 0.474682
96.4439 0.472846
96.4607 0.470991
96.4811 0.469742
96.4991 0.468524
96.5159 0.467209
96.5352 0.466182
96.5544 0.46541
96.5736 0.464858
96.5916 0.464251
96.6109 0.463845
96.6301 0.463614
96.6481 0.463412
96.6661 0.463111
96.6854 0.462972
96.7058 0.462975
96.7238 0.462979
96.7418 0.462981
96.7611 0.463109
96.7815 0.46347
96.7995 0.463661
96.8188 0.463954
96.838 0.464209
96.8596 0.464933
96.8776 0.465442
96.8981 0.466261
96.9173 0.467104
96.9353 0.467716
96.9557 0.468501
96.9762 0.469439
96.9966 0.470509
97.0134 0.471195
97.0326 0.471921
97.0543 0.472931
97.0735 0.473939
97.0915 0.474697
97.1095 0.47536
97.1288 0.476065
97.1492 0.476932
97.1684 0.477815
97.1973 0.479838
97.2165 0.480234
97.2381 0.480954
97.2573 0.48146
97.2754 0.481778
97.2958 0.48218
97.315 0.482658
97.3366 0.483201
97.3547 0.483426
97.3727 0.483497
97.3931 0.48381
97.4123 0.484084
97.4328 0.484323
97.4532 0.484783
97.4736 0.485185
97.4928 0.485287
97.5133 0.485626
97.5313 0.485798
97.5529 0.486198
97.5698 0.486173
97.589 0.486152
97.6094 0.486383
97.6262 0.486335
97.6479 0.486418
97.6707 0.486991
97.6875 0.486492
97.7043 0.48618
97.72 0.485908
97.7368 0.485794
97.75 0.485445
97.7704 0.485639
97.792 0.48606
97.8137 0.486677
97.8317 0.486717
97.8497 0.486753
97.8726 0.487409
97.9074 0.489858
97.9326 0.4895
97.9543 0.488688
97.9795 0.487977
98.0023 0.48698
98.0216 0.485232
98.042 0.483078
98.0624 0.480568
98.0828 0.477622
98.1021 0.47442
98.1189 0.471242
98.1369 0.468212
98.1549 0.465435
98.173 0.462881
98.1886 0.460271
98.2078 0.457862
98.2258 0.455629
98.2438 0.453551
98.2619 0.451607
98.2799 0.449781
98.2991 0.448183
98.3171 0.44666
98.3364 0.445328
98.3556 0.444162
98.3748 0.443017
98.3953 0.442265
98.4145 0.441606
98.4361 0.441406
98.4541 0.441105
98.4746 0.440842
98.4938 0.440612
98.5142 0.44066
98.5346 0.440828
98.5551 0.441099
98.5743 0.441337
98.5947 0.44167
98.6139 0.441961
98.6344 0.442466
98.656 0.443033
98.6752 0.443654
98.6969 0.444447
98.7137 0.444891
98.7365 0.445655
98.7545 0.446198
98.7774 0.447173
98.7954 0.447901
98.8158 0.448539
98.835 0.449221
98.8567 0.450069
98.8759 0.45081
98.8975 0.451834
98.9143 0.452355
98.9372 0.45331
98.9564 0.454147
98.9768 0.455003
98.9973 0.455878
99.0165 0.456643
99.0357 0.457313
99.0561 0.458149
99.0778 0.45913
99.097 0.459864
99.1162 0.460631
99.1354 0.461302
99.1547 0.461889
99.1751 0.462528
99.1955 0.463212
99.2147 0.463811
99.2364 0.464709
99.2568 0.465621
99.2772 0.466543
99.2977 0.467475
99.3157 0.468166
99.3385 0.46927
99.3553 0.469861
99.377 0.470629
99.395 0.471175
99.4166 0.472028
99.4346 0.472525
99.4491 0.472459
99.4659 0.472527
99.4815 0.472711
99.4971 0.472872
99.5115 0.472888
99.5284 0.473027
99.5428 0.473024
99.5608 0.473271
99.5812 0.473737
99.6005 0.474145
99.6197 0.474377
99.6389 0.47458
99.6762 0.477007
99.705 0.477006
99.729 0.47688
99.7531 0.476645
99.7759 0.47594
99.7975 0.474822
99.8228 0.473844
99.842 0.472114
99.866 0.4706
99.8804 0.46815
99.896 0.465631
99.9141 0.463302
99.9309 0.460764
99.9489 0.458419
99.9657 0.456116
99.9826 0.453852
