0.1 0.00448
0.2 0
0.3 1.20416
0.4 0
0.5 1.32
0.6 0.84
0.7 1.2
0.8 1.92
0.9 2.4
1 2.64
1.1 1.56
1.2 2.04
1.3 1.2
1.4 1.32
1.5 1.08
1.6 1.2
1.7 0.96
1.8 1.32
1.9 1.2
2 1.32
2.1 1.2
2.2 1.2
2.3 0.72
2.4 1.44
2.5 1.2
2.6 1.8
2.7 3.48
2.8 3.48
2.9 3.48
3 3.36
3.1 0
3.2 0
3.3 0
3.4 0
3.5 0.24
3.6 0.72
3.7 1.92
3.8 1.68
3.9 1.2
4 1.56
4.1 1.44
4.2 1.56
4.3 1.08
4.4 1.56
4.5 1.56
4.6 1.56
4.7 1.44
4.8 1.56
4.9 1.56
5 1.56
5.1 1.56
5.2 1.68
5.3 1.92
5.4 1.44
5.5 1.2
5.6 1.32
5.7 1.56
5.8 1.56
5.9 1.56
6 1.44
6.1 1.56
6.2 1.56
6.3 1.56
6.4 1.56
6.5 1.44
6.6 1.56
6.7 1.56
6.8 1.56
6.9 1.92
7 1.68
7.1 1.2
7.2 1.2
7.3 1.44
7.4 1.56
7.5 1.56
7.6 1.44
7.7 1.44
7.8 1.56
7.9 1.56
8 1.44
8.1 1.44
8.2 1.44
8.3 1.44
8.4 1.44
8.5 1.44
8.6 1.44
8.7 1.08
8.8 1.2
8.9 1.2
9 1.44
9.1 1.56
9.2 1.44
9.3 1.44
9.4 1.44
9.5 1.44
9.6 1.56
9.7 1.44
9.8 1.32
9.9 1.44
10 1.44
10.1 1.44
10.2 1.56
10.3 0.12
10.4 0
10.5 0
10.6 0
10.7 0.48
10.8 0
10.9 0.72
11 0
11.1 0.6
11.2 0.84
11.3 0.48
11.4 1.44
11.5 1.2
11.6 1.68
11.7 1.8
11.8 1.8
11.9 1.56
12 1.08
12.1 1.08
12.2 1.44
12.3 1.44
12.4 1.56
12.5 1.44
12.6 1.56
12.7 1.56
12.8 1.44
12.9 1.56
13 1.44
13.1 1.56
13.2 1.56
13.3 1.44
13.4 1.56
13.5 1.44
13.6 1.8
13.7 1.92
13.8 1.56
13.9 1.2
14 1.08
14.1 1.56
14.2 1.56
14.3 1.56
14.4 1.56
14.5 1.56
14.6 1.56
14.7 1.56
14.8 1.56
14.9 1.56
15 1.56
15.1 1.56
15.2 1.56
15.3 1.56
15.4 1.56
15.5 1.8
15.6 1.8
15.7 1.2
15.8 1.2
15.9 1.2
16 1.44
16.1 1.56
16.2 1.56
16.3 1.68
16.4 1.56
16.5 1.68
16.6 1.56
16.7 1.56
16.8 1.68
16.9 1.56
17 1.56
17.1 1.56
17.2 1.56
17.3 1.44
17.4 1.56
17.5 1.8
17.6 1.68
17.7 1.08
17.8 1.2
17.9 1.32
18 1.56
18.1 1.56
18.2 1.68
18.3 1.56
18.4 1.56
18.5 1.56
18.6 1.68
18.7 1.56
18.8 1.56
18.9 1.56
19 1.44
19.1 1.68
19.2 1.56
19.3 1.56
19.4 1.8
19.5 1.68
19.6 1.44
19.7 1.2
19.8 1.2
19.9 1.44
20 1.68
20.1 1.68
20.2 1.56
20.3 1.68
20.4 1.68
20.5 1.68
20.6 1.56
20.7 1.68
20.8 1.68
20.9 1.68
21 1.56
21.1 1.68
21.2 1.68
21.3 1.8
21.4 1.92
21.5 1.68
21.6 1.2
21.7 0.84
21.8 0
21.9 0
22 0
22.1 0.48
22.2 0
22.3 0.6
22.4 0.12
22.5 0.36
22.6 1.08
22.7 0.24
22.8 1.68
22.9 0.96
23 1.8
23.1 1.68
23.2 1.8
23.3 2.16
23.4 2.04
23.5 1.44
23.6 1.32
23.7 1.44
23.8 1.68
23.9 1.8
24 1.68
24.1 1.68
24.2 1.68
24.3 1.68
24.4 1.8
24.5 1.68
24.6 1.68
24.7 1.68
24.8 1.68
24.9 1.8
25 1.68
25.1 1.92
25.2 1.92
25.3 1.56
25.4 1.2
25.5 1.32
25.6 1.56
25.7 1.56
25.8 1.68
25.9 1.56
26 1.56
26.1 1.56
26.2 1.68
26.3 1.56
26.4 1.56
26.5 1.56
26.6 1.68
26.7 1.56
26.8 1.56
26.9 1.92
27 1.44
27.1 1.2
27.2 1.2
27.3 1.32
27.4 1.56
27.5 1.56
27.6 1.68
27.7 1.56
27.8 1.56
27.9 1.68
28 1.56
28.1 1.56
28.2 1.56
28.3 1.68
28.4 1.56
28.5 1.56
28.6 1.56
28.7 1.92
28.8 1.56
28.9 1.2
29 1.2
29.1 1.2
29.2 1.56
29.3 1.56
29.4 1.56
29.5 1.68
29.6 1.56
29.7 1.56
29.8 1.56
29.9 1.68
30 1.56
30.1 1.56
30.2 1.56
30.3 1.68
30.4 1.56
30.5 1.56
30.6 1.92
30.7 1.56
30.8 1.08
30.9 1.2
31 1.32
31.1 1.56
31.2 1.68
31.3 1.56
31.4 1.56
31.5 1.68
31.6 1.56
31.7 1.68
31.8 1.56
31.9 1.68
32 1.56
32.1 1.68
32.2 1.56
32.3 1.56
32.4 1.92
32.5 1.56
32.6 1.32
32.7 1.2
32.8 1.2
32.9 1.68
33 1.56
33.1 1.68
33.2 1.68
33.3 0.36
33.4 0
33.5 0
33.6 0.36
33.7 0
33.8 0.72
33.9 0
34 0.84
34.1 0.6
34.2 0.72
34.3 1.68
34.4 1.08
34.5 1.56
34.6 1.68
34.7 1.68
34.8 1.68
34.9 1.56
35 1.68
35.1 1.68
35.2 2.04
35.3 2.04
35.4 1.32
35.5 1.32
35.6 1.44
35.7 1.68
35.8 1.68
35.9 1.68
36 1.68
36.1 1.68
36.2 1.68
36.3 1.68
36.4 1.68
36.5 1.8
36.6 1.68
36.7 1.68
36.8 1.68
36.9 1.68
37 2.16
37.1 2.04
37.2 1.2
37.3 1.32
37.4 1.44
37.5 1.68
37.6 1.8
37.7 1.68
37.8 1.56
37.9 1.56
38 1.56
38.1 1.56
38.2 1.56
38.3 1.44
38.4 1.44
38.5 1.68
38.6 1.56
38.7 1.44
38.8 1.8
38.9 1.44
39 1.2
39.1 1.2
39.2 1.56
39.3 1.68
39.4 1.68
39.5 1.68
39.6 1.56
39.7 1.44
39.8 1.56
39.9 1.68
40 1.56
40.1 1.44
40.2 1.44
40.3 1.56
40.4 1.56
40.5 1.32
40.6 1.92
40.7 1.44
40.8 1.2
40.9 1.2
41 1.32
41.1 1.68
41.2 1.56
41.3 1.56
41.4 1.68
41.5 1.56
41.6 1.68
41.7 1.56
41.8 1.56
41.9 1.44
42 1.56
42.1 1.44
42.2 1.56
42.3 1.56
42.4 1.8
42.5 1.56
42.6 1.08
42.7 1.2
42.8 1.32
42.9 1.68
43 1.56
43.1 1.56
43.2 1.56
43.3 1.56
43.4 1.56
43.5 1.56
43.6 1.56
43.7 1.56
43.8 1.68
43.9 1.56
44 1.56
44.1 1.68
44.2 1.8
44.3 1.68
44.4 0.96
44.5 1.2
44.6 1.32
44.7 1.56
44.8 0.48
44.9 0
45 0.12
45.1 0.24
45.2 0.12
45.3 0.6
45.4 0
45.5 1.44
45.6 0
45.7 1.32
45.8 1.56
45.9 1.2
46 2.04
46.1 1.92
46.2 1.56
46.3 1.2
46.4 1.2
46.5 1.56
46.6 1.56
46.7 1.56
46.8 1.68
46.9 1.56
47 1.56
47.1 1.56
47.2 1.56
47.3 1.56
47.4 1.56
47.5 1.56
47.6 1.44
47.7 1.56
47.8 1.44
47.9 1.8
48 1.92
48.1 1.56
48.2 1.2
48.3 1.08
48.4 1.44
48.5 1.56
48.6 1.44
48.7 1.56
48.8 1.44
48.9 1.56
49 1.44
49.1 1.56
49.2 1.44
49.3 1.56
49.4 1.44
49.5 1.56
49.6 1.44
49.7 1.44
49.8 1.68
49.9 1.44
50 1.32
50.1 1.08
50.2 1.08
50.3 1.44
50.4 1.44
50.5 1.56
50.6 1.44
50.7 1.56
50.8 1.44
50.9 1.56
51 1.44
51.1 1.56
51.2 1.56
51.3 1.44
51.4 1.56
51.5 1.44
51.6 1.56
51.7 1.56
51.8 1.8
51.9 1.56
52 0.96
52.1 1.08
52.2 1.32
52.3 1.56
52.4 1.56
52.5 1.56
52.6 1.56
52.7 1.56
52.8 1.56
52.9 1.56
53 1.56
53.1 1.56
53.2 1.56
53.3 1.56
53.4 1.56
53.5 1.56
53.6 1.56
53.7 2.04
53.8 1.56
53.9 1.08
54 1.2
54.1 1.2
54.2 1.68
54.3 1.56
54.4 1.68
54.5 1.68
54.6 1.68
54.7 1.56
54.8 1.68
54.9 1.68
55 1.68
55.1 1.56
55.2 1.68
55.3 1.68
55.4 1.68
55.5 1.56
55.6 2.04
55.7 1.8
55.8 1.08
55.9 1.32
56 0.96
56.1 0
56.2 0
56.3 0
56.4 0.48
56.5 0
56.6 0.72
56.7 0
56.8 0.72
56.9 0.72
57 0.6
57.1 1.68
57.2 1.08
57.3 2.04
57.4 2.16
57.5 2.16
57.6 1.56
57.7 1.32
57.8 1.32
57.9 1.8
58 1.68
58.1 1.8
58.2 1.68
58.3 1.68
58.4 1.8
58.5 1.68
58.6 1.68
58.7 1.8
58.8 1.68
58.9 1.8
59 1.68
59.1 1.68
59.2 1.68
59.3 2.04
59.4 2.04
59.5 1.56
59.6 1.2
59.7 1.32
59.8 1.56
59.9 1.68
60 1.56
60.1 1.68
60.2 1.56
60.3 1.68
60.4 1.56
60.5 1.68
60.6 1.56
60.7 1.56
60.8 1.56
60.9 1.56
61 1.68
61.1 1.56
61.2 1.8
61.3 1.44
61.4 1.2
61.5 1.2
61.6 1.32
61.7 1.56
61.8 1.68
61.9 1.56
62 1.68
62.1 1.56
62.2 1.68
62.3 1.56
62.4 1.68
62.5 1.56
62.6 1.68
62.7 1.56
62.8 1.56
62.9 1.68
63 1.56
63.1 1.8
63.2 1.68
63.3 1.32
63.4 1.2
63.5 1.2
63.6 1.56
63.7 1.68
63.8 1.56
63.9 1.68
64 1.56
64.1 1.68
64.2 1.56
64.3 1.68
64.4 1.68
64.5 1.56
64.6 1.68
64.7 1.56
64.8 1.56
64.9 1.68
65 1.8
65.1 1.8
65.2 1.2
65.3 1.2
65.4 1.2
65.5 1.56
65.6 1.68
65.7 1.68
65.8 1.56
65.9 1.68
66 1.68
66.1 1.68
66.2 1.68
66.3 1.68
66.4 1.56
66.5 1.68
66.6 1.68
66.7 1.68
66.8 1.68
66.9 1.8
67 2.04
67.1 1.56
67.2 1.2
67.3 1.2
67.4 0.6
67.5 0
67.6 0
67.7 0
67.8 0.48
67.9 0
68 0.72
68.1 0
68.2 1.32
68.3 0.12
68.4 1.08
68.5 1.68
68.6 1.08
68.7 1.68
68.8 1.68
68.9 1.8
69 1.68
69.1 1.92
69.2 2.16
69.3 2.04
69.4 1.2
69.5 1.32
69.6 1.68
69.7 1.68
69.8 1.68
69.9 1.8
70 1.68
70.1 1.68
70.2 1.8
70.3 1.68
70.4 1.8
70.5 1.68
70.6 1.68
70.7 1.8
70.8 1.68
70.9 1.92
71 2.16
71.1 2.04
71.2 1.32
71.3 1.2
71.4 1.68
71.5 1.8
71.6 1.68
71.7 1.68
71.8 1.8
71.9 1.68
72 1.68
72.1 1.8
72.2 1.68
72.3 1.68
72.4 1.56
72.5 1.68
72.6 1.56
72.7 1.92
72.8 1.56
72.9 1.32
73 1.2
73.1 1.32
73.2 1.68
73.3 1.8
73.4 1.68
73.5 1.68
73.6 1.68
73.7 1.8
73.8 1.68
73.9 1.56
74 1.68
74.1 1.56
74.2 1.44
74.3 1.68
74.4 1.56
74.5 1.8
74.6 1.56
74.7 1.32
74.8 1.32
74.9 1.2
75 1.56
75.1 1.68
75.2 1.68
75.3 1.68
75.4 1.68
75.5 1.56
75.6 1.68
75.7 1.68
75.8 1.68
75.9 1.68
76 1.68
76.1 1.56
76.2 1.68
76.3 1.68
76.4 1.68
76.5 1.68
76.6 0.84
76.7 1.32
76.8 1.44
76.9 1.68
77 1.56
77.1 1.68
77.2 1.56
77.3 1.68
77.4 1.56
77.5 1.68
77.6 1.56
77.7 1.68
77.8 1.68
77.9 1.56
78 1.68
78.1 1.68
78.2 1.92
78.3 1.68
78.4 1.08
78.5 1.2
78.6 1.44
78.7 1.68
78.8 1.68
78.9 1.44
79 0
79.1 0
79.2 0.36
79.3 0
79.4 0.24
79.5 0.48
79.6 0.24
79.7 1.2
79.8 0
79.9 1.68
80 1.2
80.1 1.56
80.2 1.68
80.3 1.56
80.4 1.68
80.5 1.68
80.6 2.16
80.7 2.04
80.8 1.44
80.9 1.32
81 1.44
81.1 1.68
81.2 1.68
81.3 1.68
81.4 1.68
81.5 1.68
81.6 1.56
81.7 1.68
81.8 1.68
81.9 1.68
82 1.68
82.1 1.56
82.2 1.68
82.3 1.68
82.4 2.16
82.5 2.04
82.6 1.32
82.7 1.2
82.8 1.56
82.9 1.68
83 1.68
83.1 1.56
83.2 1.68
83.3 1.68
83.4 1.68
83.5 1.68
83.6 1.56
83.7 1.68
83.8 1.68
83.9 1.68
84 1.68
84.1 1.68
84.2 1.8
84.3 1.56
84.4 1.08
84.5 1.2
84.6 1.56
84.7 1.56
84.8 1.68
84.9 1.68
85 1.68
85.1 1.68
85.2 1.56
85.3 1.68
85.4 1.68
85.5 1.32
85.6 1.56
85.7 1.56
85.8 1.68
85.9 1.56
86 1.56
86.1 1.56
86.2 1.08
86.3 1.2
86.4 1.44
86.5 1.56
86.6 1.68
86.7 1.56
86.8 1.68
86.9 1.56
87 1.68
87.1 1.56
87.2 1.56
87.3 1.68
87.4 1.56
87.5 1.56
87.6 1.56
87.7 1.68
87.8 1.68
87.9 1.2
88 1.32
88.1 1.2
88.2 1.44
88.3 1.68
88.4 1.56
88.5 1.68
88.6 1.56
88.7 1.56
88.8 1.68
88.9 1.56
89 1.68
89.1 1.56
89.2 1.68
89.3 1.56
89.4 1.56
89.5 1.8
89.6 1.56
89.7 1.2
89.8 1.2
89.9 1.2
90 1.56
90.1 1.68
90.2 1.56
90.3 1.68
90.4 1.08
90.5 0
90.6 0
90.7 0.36
90.8 0
90.9 0.72
91 0
91.1 0.48
91.2 0.96
91.3 0.36
91.4 1.68
91.5 1.08
91.6 1.56
91.7 1.68
91.8 1.56
91.9 1.68
92 1.56
92.1 2.04
92.2 2.04
92.3 1.44
92.4 1.2
92.5 1.44
92.6 1.56
92.7 1.68
92.8 1.56
92.9 1.68
93 1.56
93.1 1.68
93.2 1.56
93.3 1.68
93.4 1.56
93.5 1.68
93.6 1.68
93.7 1.56
93.8 1.68
93.9 2.04
94 2.04
94.1 1.32
94.2 1.2
94.3 1.44
94.4 1.68
94.5 1.68
94.6 1.56
94.7 1.68
94.8 1.56
94.9 1.68
95 1.56
95.1 1.68
95.2 1.68
95.3 1.44
95.4 1.56
95.5 1.56
95.6 1.68
95.7 1.68
95.8 1.2
95.9 1.2
96 1.2
96.1 1.56
96.2 1.56
96.3 1.68
96.4 1.68
96.5 1.56
96.6 1.68
96.7 1.56
96.8 1.68
96.9 1.56
97 1.56
97.1 1.32
97.2 1.56
97.3 1.56
97.4 1.56
97.5 1.68
97.6 1.44
97.7 0.96
97.8 1.2
97.9 1.44
98 1.56
98.1 1.56
98.2 1.56
98.3 1.56
98.4 1.68
98.5 1.56
98.6 1.56
98.7 1.56
98.8 1.56
98.9 1.56
99 1.56
99.1 1.68
99.2 1.68
99.3 1.56
99.4 1.32
99.5 1.2
99.6 1.08
99.7 1.56
99.8 1.56
99.9 1.56
100 1.56
