0.1 0.00448
0.2 0
0.3 1.20416
0.4 0
0.5 1.8
0.6 0.36
0.7 1.8
0.8 2.16
0.9 3
1 2.64
1.1 2.4
1.2 2.16
1.3 1.44
1.4 0.96
1.5 1.44
1.6 1.32
1.7 1.8
1.8 1.2
1.9 1.44
2 1.2
2.1 1.2
2.2 1.2
2.3 1.92
2.4 1.44
2.5 2.88
2.6 4.08
2.7 4.2
2.8 4.2
2.9 4.08
3 2.28
3.1 0.48
3.2 0.48
3.3 0.6
3.4 0.6
3.5 0.72
3.6 1.44
3.7 2.64
3.8 2.16
3.9 1.56
4 2.04
4.1 2.16
4.2 1.08
4.3 2.16
4.4 2.16
4.5 2.16
4.6 2.16
4.7 2.16
4.8 2.28
4.9 2.16
5 2.16
5.1 2.16
5.2 2.4
5.3 2.76
5.4 2.28
5.5 1.56
5.6 1.92
5.7 2.16
5.8 2.16
5.9 2.16
6 2.16
6.1 2.16
6.2 2.28
6.3 2.16
6.4 2.16
6.5 2.16
6.6 2.16
6.7 2.16
6.8 2.28
6.9 2.64
7 2.4
7.1 1.56
7.2 1.56
7.3 2.16
7.4 2.16
7.5 2.16
7.6 1.8
7.7 2.04
7.8 2.16
7.9 2.16
8 1.92
8.1 1.8
8.2 2.04
8.3 2.04
8.4 2.04
8.5 2.16
8.6 1.8
8.7 1.8
8.8 1.56
8.9 1.68
9 2.16
9.1 2.16
9.2 2.04
9.3 2.04
9.4 2.04
9.5 2.16
9.6 2.16
9.7 2.04
9.8 1.92
9.9 1.8
10 1.92
10.1 2.04
10.2 2.16
10.3 0
10.4 0
10.5 0
10.6 0
10.7 0.48
10.8 0
10.9 1.08
11 2.16
11.1 2.04
11.2 2.16
11.3 2.04
11.4 2.28
11.5 2.52
11.6 2.52
11.7 2.64
11.8 2.16
11.9 1.56
12 1.8
12.1 2.16
12.2 2.16
12.3 2.04
12.4 2.16
12.5 2.16
12.6 2.16
12.7 2.16
12.8 2.04
12.9 2.16
13 2.16
13.1 2.16
13.2 2.04
13.3 2.4
13.4 2.76
13.5 2.28
13.6 1.56
13.7 1.8
13.8 2.04
13.9 2.16
14 2.16
14.1 2.16
14.2 2.16
14.3 2.16
14.4 2.16
14.5 2.16
14.6 2.16
14.7 2.16
14.8 2.16
14.9 2.16
15 2.28
15.1 2.4
15.2 1.68
15.3 1.68
15.4 1.56
15.5 2.16
15.6 2.16
15.7 2.16
15.8 1.44
15.9 1.92
16 2.04
16.1 2.16
16.2 2.16
16.3 1.56
16.4 1.92
16.5 2.16
16.6 2.16
16.7 2.16
16.8 1.68
16.9 1.8
17 1.56
17.1 1.56
17.2 1.92
17.3 2.16
17.4 2.16
17.5 1.68
17.6 1.56
17.7 1.92
17.8 2.16
17.9 2.16
18 1.92
18.1 1.56
18.2 2.04
18.3 2.04
18.4 2.04
18.5 2.28
18.6 1.56
18.7 1.2
18.8 1.56
18.9 1.8
19 2.04
19.1 2.04
19.2 1.8
19.3 1.56
19.4 1.8
19.5 2.04
19.6 2.04
19.7 2.04
19.8 1.68
19.9 1.8
20 2.04
20.1 1.92
20.2 1.56
20.3 1.8
20.4 1.44
20.5 1.44
20.6 1.44
20.7 1.8
20.8 1.92
20.9 1.92
21 1.68
21.1 1.56
21.2 1.68
21.3 1.92
21.4 1.92
21.5 1.68
21.6 0
21.7 0
21.8 0
21.9 0
22 0.48
22.1 0
22.2 0.84
22.3 1.92
22.4 1.92
22.5 1.92
22.6 1.92
22.7 1.92
22.8 1.92
22.9 1.92
23 2.4
23.1 2.28
23.2 2.4
23.3 2.64
23.4 2.16
23.5 1.56
23.6 1.8
23.7 2.16
23.8 2.04
23.9 2.16
24 2.04
24.1 2.16
24.2 2.16
24.3 2.04
24.4 2.16
24.5 2.16
24.6 2.04
24.7 2.16
24.8 2.16
24.9 2.16
25 2.64
25.1 2.64
25.2 1.68
25.3 1.56
25.4 2.04
25.5 2.04
25.6 2.16
25.7 2.16
25.8 2.04
25.9 2.16
26 2.16
26.1 2.04
26.2 2.16
26.3 2.16
26.4 2.04
26.5 2.16
26.6 1.92
26.7 2.28
26.8 2.04
26.9 1.44
27 1.68
27.1 1.8
27.2 2.04
27.3 2.16
27.4 1.92
27.5 1.56
27.6 2.04
27.7 2.04
27.8 2.16
27.9 2.04
28 1.92
28.1 2.04
28.2 2.04
28.3 1.92
28.4 2.16
28.5 2.04
28.6 1.68
28.7 1.56
28.8 1.56
28.9 2.04
29 2.04
29.1 2.16
29.2 1.56
29.3 1.8
29.4 2.16
29.5 2.04
29.6 2.04
29.7 2.16
29.8 2.04
29.9 2.04
30 2.04
30.1 1.92
30.2 2.28
30.3 1.68
30.4 1.32
30.5 1.56
30.6 1.68
30.7 2.04
30.8 1.92
30.9 2.04
31 1.56
31.1 1.8
31.2 2.04
31.3 1.92
31.4 2.04
31.5 1.92
31.6 2.04
31.7 1.92
31.8 2.04
31.9 2.16
32 1.8
32.1 1.56
32.2 1.56
32.3 1.56
32.4 2.04
32.5 1.92
32.6 2.04
32.7 1.56
32.8 1.8
32.9 1.92
33 0.36
33.1 0
33.2 0
33.3 0
33.4 0.48
33.5 0
33.6 1.08
33.7 1.92
33.8 2.04
33.9 1.92
34 2.04
34.1 1.92
34.2 2.04
34.3 1.92
34.4 1.92
34.5 1.92
34.6 1.92
34.7 1.92
34.8 2.28
34.9 2.4
35 2.4
35.1 1.68
35.2 1.68
35.3 2.16
35.4 2.16
35.5 2.16
35.6 2.16
35.7 2.04
35.8 2.16
35.9 2.16
36 2.16
36.1 2.16
36.2 2.16
36.3 2.16
36.4 2.16
36.5 2.52
36.6 2.76
36.7 2.16
36.8 1.68
36.9 1.8
37 2.16
37.1 2.16
37.2 2.16
37.3 2.16
37.4 1.8
37.5 1.8
37.6 2.04
37.7 2.16
37.8 2.16
37.9 1.92
38 1.68
38.1 1.92
38.2 2.28
38.3 2.04
38.4 1.56
38.5 1.56
38.6 1.68
38.7 2.16
38.8 2.16
38.9 1.92
39 1.56
39.1 1.68
39.2 2.04
39.3 2.04
39.4 2.28
39.5 1.8
39.6 2.04
39.7 1.8
39.8 2.04
39.9 2.16
40 1.92
40.1 1.56
40.2 1.56
40.3 1.68
40.4 2.16
40.5 2.16
40.6 2.04
40.7 1.68
40.8 1.68
40.9 2.16
41 2.16
41.1 2.04
41.2 1.92
41.3 2.04
41.4 2.16
41.5 2.16
41.6 1.92
41.7 2.04
41.8 2.04
41.9 1.44
42 1.56
42.1 2.04
42.2 2.16
42.3 2.16
42.4 1.8
42.5 1.08
42.6 2.04
42.7 1.92
42.8 2.04
42.9 2.04
43 1.44
43.1 1.92
43.2 2.04
43.3 2.04
43.4 2.28
43.5 2.04
43.6 1.44
43.7 1.44
43.8 1.8
43.9 2.04
44 2.04
44.1 2.04
44.2 1.8
44.3 2.04
44.4 1.08
44.5 0
44.6 0
44.7 0
44.8 0.24
44.9 0.12
45 0
45.1 2.04
45.2 2.04
45.3 2.04
45.4 1.92
45.5 2.04
45.6 2.4
45.7 2.4
45.8 2.52
45.9 2.76
46 2.76
46.1 2.04
46.2 1.68
46.3 2.04
46.4 2.28
46.5 2.28
46.6 2.28
46.7 2.28
46.8 2.28
46.9 2.28
47 2.16
47.1 2.28
47.2 2.28
47.3 2.28
47.4 2.28
47.5 2.28
47.6 2.64
47.7 2.76
47.8 2.4
47.9 1.68
48 1.92
48.1 2.28
48.2 2.16
48.3 2.28
48.4 2.04
48.5 1.92
48.6 2.16
48.7 2.28
48.8 2.28
48.9 1.92
49 2.16
49.1 2.04
49.2 2.16
49.3 2.28
49.4 1.8
49.5 1.68
49.6 1.68
49.7 1.92
49.8 2.28
49.9 2.28
50 1.68
50.1 1.8
50.2 1.8
50.3 2.16
50.4 2.28
50.5 2.16
50.6 1.92
50.7 2.16
50.8 2.04
50.9 2.16
51 2.28
51.1 1.92
51.2 1.8
51.3 1.68
51.4 1.8
51.5 2.28
51.6 2.28
51.7 1.92
51.8 1.8
51.9 1.92
52 2.16
52.1 2.16
52.2 2.04
52.3 1.92
52.4 2.04
52.5 2.28
52.6 2.28
52.7 2.16
52.8 1.92
52.9 2.16
53 1.56
53.1 1.2
53.2 2.04
53.3 2.04
53.4 2.04
53.5 1.92
53.6 1.32
53.7 2.04
53.8 2.04
53.9 2.04
54 1.68
54.1 1.56
54.2 2.04
54.3 2.16
54.4 2.04
54.5 2.28
54.6 1.92
54.7 1.32
54.8 1.56
54.9 1.92
55 2.04
55.1 2.04
55.2 2.04
55.3 1.56
55.4 2.04
55.5 2.04
55.6 1.92
55.7 1.8
55.8 1.68
55.9 0.36
56 0
56.1 0
56.2 0
56.3 0.48
56.4 0
56.5 0.6
56.6 2.16
56.7 2.04
56.8 2.04
56.9 2.04
57 2.16
57.1 2.52
57.2 2.52
57.3 2.64
57.4 2.64
57.5 2.28
57.6 1.68
57.7 1.92
57.8 2.16
57.9 2.28
58 2.16
58.1 2.28
58.2 2.28
58.3 2.16
58.4 2.28
58.5 2.16
58.6 2.28
58.7 2.28
58.8 2.16
58.9 2.28
59 2.52
59.1 2.88
59.2 1.92
59.3 1.68
59.4 1.92
59.5 2.16
59.6 2.28
59.7 2.16
59.8 1.68
59.9 1.68
60 2.16
60.1 2.28
60.2 2.16
60.3 1.8
60.4 1.92
60.5 2.04
60.6 2.04
60.7 2.4
60.8 1.68
60.9 1.44
61 1.68
61.1 1.8
61.2 2.16
61.3 2.28
61.4 1.68
61.5 1.68
61.6 1.8
61.7 2.16
61.8 2.28
61.9 2.04
62 1.8
62.1 2.04
62.2 2.04
62.3 2.16
62.4 2.04
62.5 1.92
62.6 1.92
62.7 1.44
62.8 1.68
62.9 2.04
63 2.28
63.1 2.16
63.2 1.68
63.3 1.68
63.4 2.04
63.5 2.16
63.6 2.04
63.7 1.8
63.8 1.92
63.9 2.16
64 2.28
64.1 2.04
64.2 2.16
64.3 1.92
64.4 1.56
64.5 1.68
64.6 1.92
64.7 2.28
64.8 2.16
64.9 0.84
65 1.68
65.1 1.92
65.2 2.04
65.3 1.92
65.4 1.44
65.5 1.8
65.6 1.92
65.7 2.04
65.8 1.92
65.9 2.28
66 1.92
66.1 1.44
66.2 1.56
66.3 1.68
66.4 2.04
66.5 2.04
66.6 1.92
66.7 1.68
66.8 1.8
66.9 1.92
67 2.04
67.1 1.92
67.2 1.2
67.3 0
67.4 0
67.5 0
67.6 0
67.7 0.48
67.8 0
67.9 1.44
68 1.92
68.1 2.04
68.2 2.04
68.3 1.92
68.4 2.04
68.5 2.04
68.6 1.92
68.7 1.92
68.8 2.04
68.9 2.52
69 2.52
69.1 2.4
69.2 1.44
69.3 1.56
69.4 2.16
69.5 2.04
69.6 2.16
69.7 2.04
69.8 2.16
69.9 2.16
70 2.04
70.1 2.16
70.2 2.04
70.3 2.16
70.4 2.16
70.5 2.04
70.6 2.16
70.7 2.52
70.8 2.64
70.9 2.04
71 1.56
71.1 1.8
71.2 2.16
71.3 2.04
71.4 2.16
71.5 2.16
71.6 2.16
71.7 2.16
71.8 2.16
71.9 2.16
72 2.04
72.1 2.04
72.2 2.04
72.3 1.92
72.4 2.28
72.5 1.92
72.6 1.56
72.7 1.56
72.8 1.8
72.9 2.16
73 2.16
73.1 1.92
73.2 1.44
73.3 1.8
73.4 2.16
73.5 2.16
73.6 2.16
73.7 1.92
73.8 1.8
73.9 2.04
74 2.04
74.1 2.28
74.2 1.8
74.3 1.56
74.4 1.56
74.5 1.68
74.6 2.16
74.7 2.16
74.8 2.16
74.9 1.8
75 1.68
75.1 2.04
75.2 2.16
75.3 2.16
75.4 2.16
75.5 2.16
75.6 2.16
75.7 2.04
75.8 2.28
75.9 2.16
76 1.8
76.1 1.56
76.2 1.68
76.3 2.04
76.4 2.04
76.5 2.04
76.6 1.8
76.7 1.68
76.8 2.04
76.9 2.04
77 2.04
77.1 2.04
77.2 2.04
77.3 2.04
77.4 2.16
77.5 2.04
77.6 2.4
77.7 2.04
77.8 1.44
77.9 1.56
78 1.8
78.1 2.16
78.2 2.04
78.3 2.04
78.4 1.8
78.5 2.04
78.6 1.2
78.7 0
78.8 0
78.9 0
79 0.36
79.1 0
79.2 0.24
79.3 2.04
79.4 2.16
79.5 2.04
79.6 2.04
79.7 2.04
79.8 2.16
79.9 2.04
80 1.92
80.1 2.04
80.2 2.28
80.3 2.52
80.4 2.52
80.5 2.64
80.6 2.64
80.7 1.92
80.8 1.68
80.9 1.92
81 2.28
81.1 2.28
81.2 2.16
81.3 2.28
81.4 2.16
81.5 2.28
81.6 2.28
81.7 2.16
81.8 2.28
81.9 2.16
82 2.28
82.1 2.16
82.2 2.64
82.3 2.76
82.4 2.28
82.5 1.68
82.6 1.8
82.7 2.28
82.8 2.16
82.9 2.28
83 2.16
83.1 2.28
83.2 2.28
83.3 2.16
83.4 2.28
83.5 2.16
83.6 2.28
83.7 2.16
83.8 2.16
83.9 2.4
84 2.04
84.1 1.92
84.2 1.68
84.3 1.68
84.4 2.28
84.5 2.16
84.6 2.16
84.7 1.68
84.8 1.92
84.9 2.16
85 2.28
85.1 2.16
85.2 2.16
85.3 2.04
85.4 2.16
85.5 2.04
85.6 2.28
85.7 2.04
85.8 1.92
85.9 1.56
86 1.68
86.1 2.04
86.2 2.28
86.3 2.16
86.4 1.92
86.5 1.8
86.6 2.16
86.7 2.28
86.8 2.16
86.9 2.28
87 2.16
87.1 2.16
87.2 2.16
87.3 2.04
87.4 1.92
87.5 2.16
87.6 1.44
87.7 1.68
87.8 1.8
87.9 2.04
88 2.16
88.1 2.04
88.2 1.68
88.3 1.92
88.4 2.04
88.5 2.16
88.6 2.04
88.7 2.16
88.8 2.04
88.9 2.16
89 2.04
89.1 2.4
89.2 1.92
89.3 1.68
89.4 1.56
89.5 1.68
89.6 2.04
89.7 2.16
89.8 2.04
89.9 1.8
90 1.68
90.1 0
90.2 0
90.3 0
90.4 0
90.5 0.48
90.6 0
90.7 0.72
90.8 2.04
90.9 2.16
91 2.04
91.1 2.04
91.2 2.16
91.3 2.04
91.4 2.04
91.5 2.04
91.6 2.04
91.7 2.4
91.8 2.64
91.9 2.52
92 2.52
92.1 2.64
92.2 1.68
92.3 1.68
92.4 2.16
92.5 2.28
92.6 2.16
92.7 2.28
92.8 2.28
92.9 2.16
93 2.28
93.1 2.16
93.2 2.28
93.3 2.16
93.4 2.28
93.5 2.28
93.6 2.16
93.7 2.88
93.8 2.76
93.9 1.8
94 1.68
94.1 2.04
94.2 2.28
94.3 2.16
94.4 2.28
94.5 2.16
94.6 2.28
94.7 2.28
94.8 2.16
94.9 2.16
95 2.16
95.1 2.04
95.2 2.04
95.3 2.16
95.4 2.28
95.5 1.92
95.6 1.56
95.7 1.68
95.8 1.92
95.9 2.16
96 2.28
96.1 1.68
96.2 1.8
96.3 2.16
96.4 2.16
96.5 2.16
96.6 2.28
96.7 1.8
96.8 2.04
96.9 2.16
97 2.04
97.1 2.28
97.2 1.92
97.3 1.68
97.4 1.68
97.5 1.68
97.6 2.28
97.7 2.16
97.8 2.16
97.9 1.68
98 1.92
98.1 2.28
98.2 2.16
98.3 2.28
98.4 2.16
98.5 2.16
98.6 2.28
98.7 2.04
98.8 2.4
98.9 2.16
99 1.32
99.1 1.56
99.2 1.56
99.3 2.16
99.4 2.04
99.5 2.16
99.6 1.8
99.7 1.8
99.8 2.04
99.9 2.16
100 2.04
