0.200111 10
0.401609 11
0.404013 13
0.406416 15
0.408819 17
0.411222 19
0.630785 21
0.644626 23
0.658467 25
0.672307 27
0.686148 29
0.699989 31
0.71383 33
0.804597 35
0.818438 37
0.832279 39
0.846119 41
0.85996 43
0.873801 45
0.88622 47
0.897751 49
0.907731 51
0.917045 53
0.941882 55
0.950161 57
0.95844 59
0.966719 61
1.00609 63
1.01437 65
1.02265 67
1.03093 69
1.03921 71
1.04749 73
1.05576 75
1.06404 77
1.07232 79
1.0806 81
1.08888 83
1.09716 85
1.10544 87
1.11372 89
1.122 91
1.13027 93
1.13855 95
1.14683 97
1.15482 99
1.16224 101
1.16916 103
1.17565 105
1.18214 107
1.18863 109
1.19512 111
1.20161 113
1.2081 115
1.21442 117
1.22056 119
1.2265 121
1.23094 123
1.23526 125
1.23945 127
1.24364 129
1.24783 131
1.25194 133
1.25596 135
1.25998 137
1.264 139
1.268 141
1.27196 143
1.27583 145
1.2796 147
1.28337 149
1.28714 151
1.29092 153
1.29464 155
1.29836 157
1.30199 159
1.30553 161
1.30908 163
1.31262 165
1.31617 167
1.31971 169
1.32325 171
1.32679 173
1.33032 175
1.33384 177
1.33736 179
1.34087 181
1.34438 183
1.3479 185
1.35141 187
1.35492 189
1.35844 191
1.36195 193
1.36546 195
1.36898 197
1.37249 199
1.376 201
1.37952 203
1.38303 205
1.38654 207
1.39006 209
1.39357 211
1.39708 213
1.40057 215
1.40406 217
1.40742 219
1.41077 221
1.41399 223
1.4172 225
1.42029 227
1.42339 229
1.42613 231
1.42888 233
1.4316 235
1.43427 237
1.43689 239
1.43951 241
1.44214 243
1.44467 245
1.44721 247
1.44975 249
1.4522 251
1.45465 253
1.45711 255
1.45954 257
1.46194 259
1.46434 261
1.46674 263
1.46915 265
1.47155 267
1.47395 269
1.47636 271
1.47876 273
1.48116 275
1.48357 277
1.48597 279
1.48837 281
1.49078 283
1.49318 285
1.49558 287
1.49799 289
1.50039 291
1.50279 293
1.5052 295
1.5076 297
1.51 299
1.51241 301
1.51481 303
1.51721 305
1.51962 307
1.52202 309
1.52442 311
1.52682 313
1.52923 315
1.53163 317
1.53403 319
1.53644 321
1.53884 323
1.54124 325
1.54365 327
1.54605 329
1.54845 331
1.55086 333
1.55326 335
1.55566 337
1.55807 339
1.56047 341
1.56287 343
1.56528 345
1.56768 347
1.57008 349
1.57249 351
1.57489 353
1.57729 355
1.5797 357
1.5821 359
1.5845 361
1.5869 363
1.58931 365
1.59171 367
1.59411 369
1.59652 371
1.59892 373
1.60132 375
1.60373 377
1.60613 379
1.60853 381
1.61094 383
1.61334 385
1.61574 387
1.61815 389
1.62055 391
1.62295 393
1.62536 395
1.62776 397
1.63016 399
1.63257 401
1.63497 403
1.63737 405
1.63978 407
1.64218 409
1.64458 411
1.64698 413
1.64939 415
1.65179 417
1.65419 419
1.6566 421
1.659 423
1.6614 425
1.66381 427
1.66621 429
1.66861 431
1.67102 433
1.67342 435
1.67582 437
1.67823 439
1.68063 441
1.68303 443
1.68544 445
1.68784 447
1.69024 449
1.69265 451
1.69505 453
1.69745 455
1.69986 457
1.70226 459
1.70466 461
1.70706 463
1.70947 465
1.71187 467
1.71427 469
1.71668 471
1.71908 473
1.72148 475
1.72389 477
1.72629 479
1.72869 481
1.7311 483
1.7335 485
1.7359 487
1.78156 489
2.18772 487
2.18772 485
2.18772 487
2.19013 485
2.19253 483
2.19494 481
2.19734 479
2.19974 477
2.20215 475
2.20455 473
2.20695 471
2.20936 469
2.21176 467
2.21416 465
2.21657 463
2.21897 461
2.22137 459
2.22378 457
2.22618 455
2.22858 453
2.23099 451
2.23339 449
2.23579 447
2.2382 445
2.2406 443
2.243 441
2.2454 439
2.24781 437
2.25021 435
2.25261 433
2.25502 431
2.30068 429
2.69961 430
2.70081 431
2.70201 430
2.70201 431
2.70321 430
2.70321 431
2.70442 430
2.70442 431
2.70562 430
2.70562 431
2.70682 430
2.70682 431
2.70802 430
2.70802 431
2.70922 430
2.70922 431
2.71042 430
2.71042 431
2.71163 430
2.71163 431
2.71283 430
2.71283 431
2.71403 430
2.71403 431
2.71523 430
2.71523 431
2.71643 430
2.71643 431
2.71763 430
2.71763 431
2.71884 430
2.71884 431
2.72004 430
2.72004 431
2.72124 430
2.72124 431
2.72244 430
2.72244 431
2.72364 430
2.72364 431
2.72484 430
2.72484 431
2.72604 430
2.72604 431
2.72725 430
2.72725 431
2.72845 430
2.72845 431
2.72965 430
2.72965 431
2.73085 430
2.73085 431
2.73205 430
2.73205 431
2.73325 430
2.73325 431
2.73446 430
2.73446 431
2.73566 430
2.73566 431
2.73686 430
2.73686 431
2.73806 430
2.73806 431
2.73926 430
2.73926 431
2.74046 430
2.74046 431
2.74167 430
2.74167 431
2.74287 430
2.74287 431
2.74407 430
2.74407 431
2.74527 430
2.74527 431
2.74647 430
2.74647 431
2.74767 430
2.74767 431
2.74888 430
2.74888 431
2.75008 430
2.75008 431
2.75128 430
2.75128 431
2.75248 430
2.75248 431
2.75368 430
2.75368 431
2.75488 430
2.75488 431
2.75608 430
2.75608 431
2.75729 430
2.75729 431
2.75849 430
2.75849 431
2.75969 430
2.75969 431
2.76089 430
2.76089 431
2.76209 430
2.76209 431
2.76329 430
2.76329 431
2.7645 430
2.7645 431
2.7657 430
2.7657 431
2.7669 430
2.7669 431
2.76809 430
2.76809 431
2.76929 430
2.76929 431
2.77049 430
2.77049 431
2.7717 432
2.7729 433
2.7741 432
2.7741 433
2.7753 434
2.7765 435
2.77771 436
2.77891 437
2.78011 438
2.78131 439
2.78251 440
2.78371 441
2.78492 442
2.78612 443
2.78732 444
2.78852 445
2.78972 446
2.79092 447
2.79213 448
2.79333 449
2.79453 450
2.79573 451
2.79693 452
2.79813 453
2.79933 454
2.80054 455
2.80174 456
2.80294 457
2.80414 458
2.80534 459
2.80654 460
2.80775 461
2.80895 462
2.81015 463
2.81136 464
2.81256 465
2.81376 464
2.81376 465
2.81496 464
2.81496 465
2.81616 464
2.81616 465
2.81736 466
2.81856 467
2.81976 468
2.82096 469
2.82217 470
2.82337 471
2.82457 472
2.82577 473
2.82697 474
2.82817 475
2.82937 476
2.83058 477
2.83178 478
2.83298 479
2.83418 480
2.83538 481
2.83658 482
2.83779 483
2.83899 484
2.84019 485
2.84139 486
2.84259 487
2.84379 488
3.21269 489
3.21389 489.725
3.2199 488.725
3.2199 489.725
3.2908 488.725
3.2908 489.725
3.2932 488.725
3.2932 489.725
3.2944 488.725
3.2944 489.725
3.2956 488.725
3.2956 489.725
3.2968 488.725
3.2968 489.725
3.29801 488.725
3.29801 489.725
3.29921 488.725
3.29921 489.725
3.30041 488.725
3.30041 489.725
3.30161 488.725
3.30161 489.725
3.30281 488.725
3.30281 489.725
3.30401 488.725
3.30401 489.725
3.30522 488.725
3.30522 489.725
3.30642 488.725
3.30642 489.725
3.30762 488.725
3.30762 489.725
3.30882 488.725
3.30882 489.725
3.31002 488.725
3.31002 489.725
3.31122 488.725
3.31122 489.725
3.31243 488.725
3.31243 489.725
3.31363 488.725
3.31363 489.725
3.31483 488.725
3.31483 489.725
3.31603 488.725
3.31603 489.725
3.31723 488.725
3.31723 489.725
3.31843 488.725
3.31843 489.725
3.31964 488.725
3.31964 489.725
3.32084 488.725
3.32084 489.725
3.32204 488.725
3.32204 489.725
3.32324 488.725
3.32324 489.725
3.32444 488.725
3.32444 489.725
3.32564 488.725
3.32564 489.725
3.32684 488.725
3.32684 489.725
3.32805 488.725
3.32805 489.725
3.32925 488.725
3.32925 489.725
3.33045 488.725
3.33045 489.725
3.33165 488.725
3.33165 489.725
3.33285 488.725
3.33285 489.725
3.33526 488.725
3.33526 489.725
3.33646 488.725
3.33646 489.725
3.33766 488.725
3.33766 489.725
3.33886 488.725
3.33886 489.725
3.34006 488.725
3.34006 489.725
3.34126 488.725
3.34126 489.725
3.34247 488.725
3.34247 489.725
3.34367 488.725
3.34367 489.725
3.34487 488.725
3.34487 489.725
3.34607 488.725
3.34607 489.725
3.34727 488.725
3.34727 489.725
3.34847 488.725
3.34847 489.725
3.34968 488.725
3.34968 489.725
3.35088 488.725
3.35088 489.725
3.35208 488.725
3.35208 489.725
3.35328 488.725
3.35328 489.725
3.35448 488.725
3.35448 489.725
3.35568 488.725
3.35568 489.725
3.35688 488.725
3.35688 489.725
3.35809 488.725
3.35809 489.725
3.35929 488.725
3.35929 489.725
3.36049 488.725
3.36049 489.725
3.36169 488.725
3.36169 489.725
3.36289 488.725
3.36289 489.725
3.69093 342.45
3.70201 1
3.70295 2
3.70295 4
3.70415 5
3.70535 6
3.70655 7
3.70775 8
3.70895 9
3.71016 10
3.71136 11
3.71256 12
3.71376 13
3.71496 14
3.71616 15
3.71736 16
3.71857 17
3.71977 18
3.72097 19
3.72217 20
3.72337 21
3.72457 22
3.72578 23
3.72698 24
3.72818 25
3.72938 26
3.73058 27
3.73178 28
3.73299 29
3.73419 30
3.73539 31
3.73659 32
3.73779 33
3.73899 34
3.7402 35
3.7414 36
3.7426 37
3.7438 38
3.745 39
3.7462 40
3.7474 41
3.74861 42
3.74981 43
3.75101 44
3.75221 45
3.75341 46
3.75461 47
3.75582 48
3.75702 49
3.75822 50
3.75942 51
3.76062 52
3.76182 53
3.76303 54
3.76423 55
3.76543 56
3.76663 57
3.76783 58
3.76903 59
3.77024 60
3.77144 61
3.77264 62
3.77384 63
3.77504 64
3.77624 65
3.77744 66
3.77865 67
3.77985 68
3.78105 69
3.78225 70
3.78345 71
3.78465 72
3.78586 73
3.78706 74
3.78826 75
3.78946 76
3.79066 77
3.79186 78
3.79307 79
3.79427 80
3.79547 81
3.79667 82
3.79787 83
3.79907 84
3.80028 85
3.80148 86
3.80268 87
3.80388 88
3.80508 89
3.80628 90
3.80748 91
3.80869 92
3.80989 93
3.81109 94
3.81229 95
3.81349 96
3.81469 97
3.8159 98
3.8171 99
3.8183 100
3.8195 101
3.8207 102
3.8219 103
3.82311 104
3.82431 105
3.82551 106
3.82671 107
3.82791 108
3.82911 109
3.83032 110
3.83152 111
3.83272 112
3.83392 113
3.83512 114
3.83632 115
3.83752 116
3.83873 117
3.83993 118
3.84113 119
3.84233 120
3.84353 121
3.84473 122
3.84594 123
3.84714 124
3.84834 125
3.84954 126
3.85074 127
3.85194 128
3.85315 129
3.85435 130
3.85555 131
3.85675 132
3.85795 133
3.85915 134
3.86036 135
3.86156 136
3.86276 137
3.86396 138
3.86516 139
3.86636 140
3.86756 141
3.86877 142
3.86997 143
3.87117 144
3.87237 145
3.87357 146
3.87477 147
3.87598 148
3.87718 149
3.87838 150
3.87958 151
3.88078 152
3.88198 153
3.88319 154
3.88439 155
3.88559 156
3.88679 157
3.88799 158
3.88919 159
3.8904 160
3.8916 161
3.8928 162
3.894 163
3.8952 164
3.8964 165
3.8976 166
3.89881 167
3.90001 168
3.90121 169
3.90241 170
3.90361 171
3.90481 172
3.90602 173
3.90719 174
4.0634 176
4.06581 178
4.06821 180
4.07061 182
4.07302 184
4.07542 186
4.07782 188
4.08022 190
4.08263 192
4.08503 194
4.08743 196
4.08984 198
4.09224 200
4.09464 202
4.09705 204
4.09945 206
4.10185 208
4.10426 210
4.10666 212
4.10906 214
4.11147 216
4.11387 218
4.11627 220
4.11868 222
4.12108 224
4.12348 226
4.12589 228
4.12829 230
4.13069 232
4.1331 234
4.1355 236
4.1379 238
4.1403 240
4.14271 242
4.14511 244
4.14751 246
4.14992 248
4.15232 250
4.15472 252
4.15713 254
4.15953 256
4.16193 258
4.16434 260
4.16674 262
4.16914 264
4.17155 266
4.17395 268
4.17635 270
4.17876 272
4.18116 274
4.18356 276
4.18597 278
4.18837 280
4.19077 282
4.19318 284
4.19558 286
4.19798 288
4.20038 290
4.20279 292
4.20519 294
4.20759 296
4.21 298
4.2124 300
4.2148 302
4.21721 304
4.21961 306
4.22201 308
4.22442 310
4.22682 312
4.22922 314
4.23163 316
4.23403 318
4.23643 320
4.23884 322
4.24124 324
4.24364 326
4.24605 328
4.24845 330
4.25085 332
4.25326 334
4.25566 336
4.25806 338
4.26046 340
4.26287 340.45
4.72669 337.884
4.74591 337.889
5.10399 339.889
5.30586 337.889
6.71894 339.889
6.92081 337.889
8.33389 339.889
8.53576 337.889
8.81213 339.889
9.94884 341.889
10.1507 339.889
10.2012 189.013
10.2012 4
10.2036 6
10.2036 4
10.206 6
10.206 4
10.2084 6
10.2084 4
10.2108 6
10.2108 4
10.2132 6
10.2132 4
10.2156 6
10.2156 4
10.218 6
10.218 4
10.2204 6
10.2204 4
10.2228 6
10.2228 4
10.2252 6
10.2252 4
10.2276 6
10.2276 4
10.23 6
10.23 4
10.2324 6
10.2324 4
10.2348 6
10.2348 4
10.2372 6
10.2372 4
10.2396 6
10.2396 4
10.242 6
10.242 4
10.2444 6
10.2444 4
10.2468 6
10.2468 4
10.2492 6
10.2492 4
10.2516 6
10.2516 4
10.254 6
10.254 4
10.2564 6
10.2564 4
10.2589 6
10.2589 4
10.2613 6
10.2613 4
10.2637 6
10.2637 4
10.2661 6
10.2661 4
10.2685 6
10.2685 4
10.2709 6
10.2709 4
10.2733 6
10.2733 4
10.2757 6
10.2757 4
10.2781 6
10.2781 4
10.2805 6
10.2805 4
10.2829 6
10.2829 4
10.2853 6
10.2853 4
10.2877 6
10.2877 4
10.2901 6
10.2901 4
10.2925 6
10.2925 4
10.2949 6
10.2949 4
10.2973 6
10.2973 4
10.2997 6
10.2997 4
10.3021 6
10.3021 4
10.3045 6
10.3045 4
10.3069 6
10.3069 4
10.3093 6
10.3093 4
10.3117 6
10.3117 4
10.3141 6
10.3141 4
10.3165 6
10.3165 4
10.3189 6
10.3189 4
10.3213 6
10.3213 4
10.3237 6
10.3237 4
10.3261 6
10.3261 4
10.3285 6
10.3285 4
10.3309 6
10.3309 4
10.3334 6
10.3334 4
10.3358 6
10.3358 4
10.3382 6
10.3382 4
10.3406 6
10.3406 4
10.343 6
10.343 4
10.3454 6
10.3454 4
10.3478 6
10.3478 4
10.3502 6
10.3502 4
10.3526 6
10.3526 4
10.355 6
10.355 4
10.3574 6
10.3574 4
10.3598 6
10.3598 4
10.3622 6
10.3622 4
10.3646 6
10.3646 4
10.367 6
10.367 4
10.3694 6
10.3694 4
10.3718 6
10.3718 4
10.3742 6
10.3742 4
10.3766 6
10.3766 4
10.379 6
10.379 4
10.3814 6
10.3814 4
10.3838 6
10.3838 4
10.3862 6
10.3862 4
10.3886 6
10.3886 4
10.391 6
10.391 4
10.3934 6
10.3934 4
10.3958 6
10.3958 4
10.3982 6
10.3982 4
10.4006 6
10.4006 4
10.403 6
10.403 4
10.4054 6
10.4054 4
10.4079 6
10.4079 4
10.4103 6
10.4103 4
10.4127 6
10.4127 4
10.4151 6
10.4151 4
10.4175 6
10.4175 4
10.4199 6
10.4199 4
10.4223 6
10.4223 4
10.4247 6
10.4247 4
10.4271 6
10.4271 4
10.4295 6
10.4295 4
10.4319 6
10.4319 4
10.4343 6
10.4343 4
10.4367 6
10.4367 4
10.4391 6
10.4391 4
10.4415 6
10.4415 4
10.4439 6
10.4439 4
10.4463 6
10.4463 4
10.4487 6
10.4487 4
10.4511 6
10.4511 4
10.6514 489
10.6514 371.026
10.8541 369.026
10.8709 366.156
10.8733 363.247
10.8757 360.493
10.8781 358.292
10.8805 356.365
10.8829 354.472
10.8853 353.023
10.8877 351.548
10.8901 350.465
10.8925 349.517
10.8949 348.479
10.8974 347.78
10.8998 346.96
10.9022 346.45
10.9046 346.004
10.907 345.406
10.9094 345.09
10.9118 344.606
10.9142 344.391
10.9166 344.202
10.919 343.829
10.9214 343.711
10.9238 343.399
10.9262 343.335
10.9286 343.278
10.931 343.021
10.9334 343.003
10.9358 342.78
10.9478 342.622
10.9598 342.541
10.9719 342.499
10.9839 342.478
10.9959 342.467
11.0079 342.461
11.0127 342.352
11.0199 342.319
11.0247 342.243
11.0367 342.187
11.0488 342.158
11.0608 342.144
11.0728 342.136
11.0752 344.136
11.0848 344.133
11.2338 344.132
11.2987 342.132
12.7286 344.132
12.9329 342.132
14.3628 344.132
14.567 342.132
15.9969 344.132
16.2012 342.132
17.6311 344.132
17.8354 342.132
19.2653 344.132
19.4696 342.132
20.8995 344.132
21.1037 342.132
21.2359 196.541
21.2359 4
21.2383 6
21.2383 4
21.2407 6
21.2407 4
21.2431 6
21.2431 4
21.2455 6
21.2455 4
21.2479 6
21.2479 4
21.2503 6
21.2503 4
21.2527 6
21.2527 4
21.2551 6
21.2551 4
21.2575 6
21.2575 4
21.26 6
21.26 4
21.2624 6
21.2624 4
21.2648 6
21.2648 4
21.2672 6
21.2672 4
21.2696 6
21.2696 4
21.272 6
21.272 4
21.2744 6
21.2744 4
21.2768 6
21.2768 4
21.2792 6
21.2792 4
21.2816 6
21.2816 4
21.284 6
21.284 4
21.2864 6
21.2864 4
21.2888 6
21.2888 4
21.2912 6
21.2912 4
21.2936 6
21.2936 4
21.296 6
21.296 4
21.2984 6
21.2984 4
21.3008 6
21.3008 4
21.3032 6
21.3032 4
21.3056 6
21.3056 4
21.308 6
21.308 4
21.3104 6
21.3104 4
21.3128 6
21.3128 4
21.3152 6
21.3152 4
21.3176 6
21.3176 4
21.32 6
21.32 4
21.3224 6
21.3224 4
21.3248 6
21.3248 4
21.3272 6
21.3272 4
21.3296 6
21.3296 4
21.332 6
21.332 4
21.3345 6
21.3345 4
21.3369 6
21.3369 4
21.3393 6
21.3393 4
21.3417 6
21.3417 4
21.3441 6
21.3441 4
21.3465 6
21.3465 4
21.3489 6
21.3489 4
21.3513 6
21.3513 4
21.3537 6
21.3537 4
21.3561 6
21.3561 4
21.3585 6
21.3585 4
21.3609 6
21.3609 4
21.3633 6
21.3633 4
21.3657 6
21.3657 4
21.3681 6
21.3681 4
21.3705 6
21.3705 4
21.3729 6
21.3729 4
21.3753 6
21.3753 4
21.3777 6
21.3777 4
21.3801 6
21.3801 4
21.3825 6
21.3825 4
21.3849 6
21.3849 4
21.3873 6
21.3873 4
21.3897 6
21.3897 4
21.3921 6
21.3921 4
21.3945 6
21.3945 4
21.3969 6
21.3969 4
21.3993 6
21.3993 4
21.4017 6
21.4017 4
21.4041 6
21.4041 4
21.4065 6
21.4065 4
21.4089 6
21.4089 4
21.4114 6
21.4114 4
21.4138 6
21.4138 4
21.4162 6
21.4162 4
21.4186 6
21.4186 4
21.421 6
21.421 4
21.4234 6
21.4234 4
21.4258 6
21.4258 4
21.4282 6
21.4282 4
21.4306 6
21.4306 4
21.433 6
21.433 4
21.4354 6
21.4354 4
21.4378 6
21.4378 4
21.4402 6
21.4402 4
21.4426 6
21.4426 4
21.445 6
21.445 4
21.4474 6
21.4474 4
21.4498 6
21.4498 4
21.4522 6
21.4522 4
21.4546 6
21.4546 4
21.457 6
21.457 4
21.4594 6
21.4594 4
21.6585 489
21.6585 388.082
21.8708 382.494
21.8732 377.544
21.8756 373.211
21.878 369.42
21.8804 366.102
21.8828 362.992
21.8852 360.478
21.8876 358.279
21.89 356.354
21.8924 354.67
21.8948 352.989
21.8973 351.725
21.8997 350.62
21.9021 349.653
21.9045 348.807
21.9069 347.858
21.9093 347.236
21.9117 346.692
21.9141 346.215
21.9165 345.799
21.9189 345.227
21.9213 344.934
21.9237 344.677
21.9261 344.453
21.9285 344.256
21.9309 343.876
21.9333 343.752
21.9357 343.436
21.9381 343.367
21.9405 343.306
21.9429 343.045
21.9453 343.025
21.9477 342.799
21.9549 342.618
21.9597 342.472
21.9669 342.4
21.9718 342.305
21.979 342.287
21.9838 342.219
21.9958 342.175
22.0078 342.152
22.1328 342.143
22.1448 342.136
22.1568 342.132
22.289 344.132
22.5125 342.132
23.9424 344.132
24.0553 196
24.0553 195
24.0553 196
24.1671 197
24.1683 198
24.1695 199
24.1707 200
24.1719 201
24.1731 202
24.1743 203
24.1755 204
24.1767 205
24.1779 206
24.1791 207
24.1803 208
24.1815 209
24.1827 210
24.1839 211
24.1851 212
24.1863 213
24.1875 214
24.1887 215
24.1899 216
24.1911 217
24.1923 218
24.1935 219
24.1947 220
24.1959 221
24.1971 222
24.1983 223
24.1995 224
24.2007 225
24.2019 226
24.2031 227
24.2043 228
24.2055 229
24.2067 230
24.2079 231
24.2091 232
24.2103 233
24.2115 234
24.2127 235
24.2139 236
24.2151 237
24.2163 238
24.2175 239
24.2187 240
24.22 241
24.2212 242
24.2224 243
24.2236 244
24.2248 245
24.226 246
24.2272 247
24.2284 248
24.2296 249
24.2308 250
24.232 251
24.2332 252
24.2344 253
24.2356 254
24.2368 255
24.238 256
24.2392 257
24.2404 258
24.2416 259
24.2428 260
24.244 261
24.2452 262
24.2464 263
24.2476 264
24.2488 265
24.25 266
24.2512 267
24.2524 268
24.2536 269
24.2548 270
24.256 271
24.2572 272
24.2584 273
24.2596 274
24.2608 275
24.262 276
24.2632 277
24.2644 278
24.2656 279
24.2668 280
24.268 281
24.2692 282
24.2704 283
24.2716 284
24.2728 285
24.274 286
24.2752 287
24.2764 288
24.2776 289
24.2788 290
24.28 291
24.2812 292
24.2824 293
24.2836 294
24.2848 295
24.286 296
24.2872 297
24.2884 298
24.2896 299
24.2908 344.132
24.2908 170.724
24.2908 171.724
24.2932 173.724
24.2956 175.724
24.298 177.724
24.3005 179.724
24.3029 181.724
24.3053 183.724
24.3077 185.724
24.3101 187.724
24.3125 189.724
24.3149 191.724
24.3173 193.724
24.3197 195.724
24.3221 197.724
24.3245 199.724
24.3269 201.724
24.3293 203.724
24.3317 205.724
24.3341 207.724
24.3365 209.724
24.3389 211.724
24.3413 213.724
24.3437 215.724
24.3461 217.724
24.3485 219.724
24.3509 221.724
24.3533 223.724
24.3557 225.724
24.3581 227.724
24.3605 229.724
24.3629 231.724
24.3653 233.724
24.3677 235.724
24.3701 237.724
24.3725 239.724
24.375 241.724
24.3774 243.724
24.3798 245.724
24.3822 247.724
24.3846 249.724
24.387 251.724
24.3894 253.724
24.3918 255.724
24.3942 257.724
24.3966 259.724
24.399 261.724
24.4014 263.724
24.4038 265.724
24.4062 267.724
24.4086 269.724
24.411 271.724
24.4134 273.724
24.4158 275.724
24.4182 277.724
24.4206 279.724
24.423 281.724
24.4254 283.724
24.4278 285.724
24.4302 287.724
24.4326 289.724
24.435 291.724
24.4374 293.724
24.4398 295.724
24.4422 297.724
24.4446 299.724
24.447 301.724
24.4494 303.724
24.4519 305.724
24.4543 307.724
24.4567 309.724
24.4591 311.724
24.4615 313.724
24.4639 315.724
24.4663 317.724
24.4687 319.724
24.4711 321.724
24.4735 323.724
24.4759 325.724
24.4783 327.724
24.4807 329.724
24.4831 331.724
24.4855 333.724
24.4879 335.724
24.4903 337.724
24.4927 339.724
24.4951 341.724
24.4975 342.132
25.019 340.588
25.639 342.588
25.849 342.721
25.861 342.738
25.8634 340.738
25.873 340.809
25.885 340.894
25.897 340.977
25.9091 341.059
25.9211 341.138
25.9331 341.216
25.9451 341.292
25.9571 341.367
25.9691 341.44
25.9811 341.511
25.9932 341.581
26.0052 341.65
26.0172 341.718
26.0292 341.784
26.0412 341.848
26.0532 341.912
26.0653 341.974
26.0773 342.035
26.0893 342.095
26.1013 342.132
27.2933 344.132
27.5024 342.132
28.9323 344.132
29.1365 342.132
30.5665 344.132
30.7707 342.132
32.2006 344.132
32.4049 342.132
32.4554 183.001
32.4554 4
32.4578 6
32.4578 4
32.4602 6
32.4602 4
32.4626 6
32.4626 4
32.465 6
32.465 4
32.4674 6
32.4674 4
32.4698 6
32.4698 4
32.4722 6
32.4722 4
32.4746 6
32.4746 4
32.477 6
32.477 4
32.4794 6
32.4794 4
32.4818 6
32.4818 4
32.4842 6
32.4842 4
32.4866 6
32.4866 4
32.489 6
32.489 4
32.4914 6
32.4914 4
32.4938 6
32.4938 4
32.4962 6
32.4962 4
32.4986 6
32.4986 4
32.501 6
32.501 4
32.5034 6
32.5034 4
32.5058 6
32.5058 4
32.5082 6
32.5082 4
32.5106 6
32.5106 4
32.513 6
32.513 4
32.5154 6
32.5154 4
32.5179 6
32.5179 4
32.5203 6
32.5203 4
32.5227 6
32.5227 4
32.5251 6
32.5251 4
32.5275 6
32.5275 4
32.5299 6
32.5299 4
32.5323 6
32.5323 4
32.5347 6
32.5347 4
32.5371 6
32.5371 4
32.5395 6
32.5395 4
32.5419 6
32.5419 4
32.5443 6
32.5443 4
32.5467 6
32.5467 4
32.5491 6
32.5491 4
32.5515 6
32.5515 4
32.5539 6
32.5539 4
32.5563 6
32.5563 4
32.5587 6
32.5587 4
32.5611 6
32.5611 4
32.5635 6
32.5635 4
32.5659 6
32.5659 4
32.5683 6
32.5683 4
32.5707 6
32.5707 4
32.5731 6
32.5731 4
32.5755 6
32.5755 4
32.5779 6
32.5779 4
32.5803 6
32.5803 4
32.5827 6
32.5827 4
32.5851 6
32.5851 4
32.5875 6
32.5875 4
32.5899 6
32.5899 4
32.5923 6
32.5923 4
32.5948 6
32.5948 4
32.5972 6
32.5972 4
32.5996 6
32.5996 4
32.602 6
32.602 4
32.6044 6
32.6044 4
32.6068 6
32.6068 4
32.6092 6
32.6092 4
32.6116 6
32.6116 4
32.614 6
32.614 4
32.6164 6
32.6164 4
32.6188 6
32.6188 4
32.6212 6
32.6212 4
32.6236 6
32.6236 4
32.626 6
32.626 4
32.6284 6
32.6284 4
32.6308 6
32.6308 4
32.6332 6
32.6332 4
32.6356 6
32.6356 4
32.638 6
32.638 4
32.6404 6
32.6404 4
32.6428 6
32.6428 4
32.6452 6
32.6452 4
32.6476 6
32.6476 4
32.65 6
32.65 4
32.6524 6
32.6524 4
32.6548 6
32.6548 4
32.6572 6
32.6572 4
32.6596 6
32.6596 4
32.662 6
32.662 4
32.6644 6
32.6644 4
32.6668 6
32.6668 4
32.6693 6
32.6693 4
32.6717 6
32.6717 4
32.6741 6
32.6741 4
32.6765 6
32.6765 4
32.6789 6
32.6789 4
32.6813 6
32.6813 4
32.6837 6
32.6837 4
32.6861 6
32.6861 4
32.6885 6
32.6885 4
32.6909 6
32.6909 4
32.6933 6
32.6933 4
32.6957 6
32.6957 4
32.6981 6
32.6981 4
32.7005 6
32.7005 4
32.9008 344.132
32.9008 346.132
32.9032 348.132
33.1035 350.132
33.1059 352.132
33.1083 354.132
33.1107 356.132
33.1131 358.132
33.1155 360.132
33.1179 361.002
33.1227 360.872
33.1251 358.623
33.1275 356.655
33.1299 354.725
33.1323 353.245
33.1347 351.742
33.1371 350.634
33.1395 349.665
33.1419 348.609
33.1443 347.894
33.1467 347.059
33.1491 346.537
33.1515 346.08
33.1539 345.472
33.1564 345.148
33.1588 344.657
33.1612 344.436
33.1636 344.241
33.166 343.863
33.1684 343.741
33.1708 343.425
33.1732 343.358
33.1756 343.298
33.178 343.038
33.1804 343.019
33.1828 342.794
33.19 342.615
33.1948 342.47
33.2068 342.463
33.2188 342.459
33.2309 342.457
33.2429 342.456
33.2549 342.456
33.2717 342.347
33.2789 342.316
33.2837 342.241
33.2957 342.186
33.3078 342.158
33.3198 342.144
33.3318 342.136
33.3438 342.133
33.4928 342.132
33.9302 344.132
33.9326 346.132
34.1068 204
34.1068 203
34.1068 204
34.1128 205
34.114 206
34.1152 207
34.1164 208
34.1176 209
34.1188 210
34.12 211
34.1212 212
34.1224 213
34.1236 214
34.1248 215
34.1261 216
34.1273 217
34.1285 218
34.1297 219
34.1309 220
34.1321 221
34.1333 222
34.1345 223
34.1357 224
34.1369 225
34.1381 226
34.1393 227
34.1405 228
34.1417 229
34.1429 230
34.1441 231
34.1453 232
34.1465 233
34.1477 234
34.1489 235
34.1501 236
34.1513 237
34.1525 238
34.1537 239
34.1549 240
34.1561 241
34.1573 242
34.1585 243
34.1597 244
34.1609 245
34.1621 246
34.1633 247
34.1645 248
34.1657 249
34.1669 250
34.1681 251
34.1693 252
34.1705 253
34.1717 254
34.1729 255
34.1741 256
34.1753 257
34.1765 258
34.1777 259
34.1789 260
34.1801 261
34.1813 262
34.1825 263
34.1837 264
34.1849 265
34.1861 266
34.1873 267
34.1885 268
34.1897 269
34.1909 270
34.1921 271
34.1933 272
34.1945 273
34.1957 274
34.1969 275
34.1981 276
34.1993 277
34.2005 278
34.2018 279
34.203 280
34.2042 281
34.2054 282
34.2066 283
34.2078 284
34.209 285
34.2102 286
34.2114 287
34.2126 288
34.2138 289
34.215 290
34.2162 291
34.2174 292
34.2186 293
34.2198 294
34.221 295
34.2222 296
34.2234 297
34.2246 298
34.2258 299
34.227 300
34.2282 301
34.2294 302
34.2306 303
34.2318 304
34.233 305
34.2342 306
34.2354 307
34.2366 308
34.2378 309
34.239 310
34.2402 311
34.2414 312
34.2426 313
34.2438 314
34.245 315
34.2462 316
34.2474 317
34.2486 318
34.2498 319
34.251 320
34.2522 321
34.2534 322
34.2546 323
34.2558 324
34.257 325
34.2582 326
34.2594 327
34.2606 328
34.2618 329
34.263 330
34.2642 331
34.2654 332
34.2666 333
34.2678 334
34.269 335
34.2702 336
34.2714 337
34.2726 338
34.2738 339
34.275 340
34.2763 341
34.2775 342
34.2787 343
34.2799 344
34.2811 344.132
34.3519 346.132
34.3519 170.724
34.3519 171.724
34.3543 173.724
34.3568 175.724
34.3592 177.724
34.3616 179.724
34.364 181.724
34.3664 183.724
34.3688 185.724
34.3712 187.724
34.3736 189.724
34.376 191.724
34.3784 193.724
34.3808 195.724
34.3832 197.724
34.3856 199.724
34.388 201.724
34.3904 203.724
34.3928 205.724
34.3952 207.724
34.3976 209.724
34.4 211.724
34.4024 213.724
34.4048 215.724
34.4072 217.724
34.4096 219.724
34.412 221.724
34.4144 223.724
34.4168 225.724
34.4192 227.724
34.4216 229.724
34.424 231.724
34.4264 233.724
34.4288 235.724
34.4312 237.724
34.4337 239.724
34.4361 241.724
34.4385 243.724
34.4409 245.724
34.4433 247.724
34.4457 249.724
34.4481 251.724
34.4505 253.724
34.4529 255.724
34.4553 257.724
34.4577 259.724
34.4601 261.724
34.4625 263.724
34.4649 265.724
34.4673 267.724
34.4697 269.724
34.4721 271.724
34.4745 273.724
34.4769 275.724
34.4793 277.724
34.4817 279.724
34.4841 281.724
34.4865 283.724
34.4889 285.724
34.4913 287.724
34.4937 289.724
34.4961 291.724
34.4985 293.724
34.5009 295.724
34.5033 297.724
34.5057 299.724
34.5082 301.724
34.5106 303.724
34.513 305.724
34.5154 307.724
34.5178 309.724
34.5202 311.724
34.5226 313.724
34.525 315.724
34.5274 317.724
34.5298 319.724
34.5322 321.724
34.5346 323.724
34.537 325.724
34.5394 327.724
34.5418 329.724
34.5442 331.724
34.5466 333.724
34.549 335.724
34.5514 337.724
34.5538 339.724
34.5562 341.724
34.5586 343.724
34.561 344.132
34.7749 344.122
35.3949 342.122
35.5968 344.122
35.8059 342.122
35.8107 342.132
36.9041 344.132
37.2358 346.132
37.4401 344.132
38.5936 342.132
38.87 344.132
39.0742 342.132
40.5041 344.132
40.7084 342.132
41.6276 172
41.6276 171
41.6276 172
41.7899 173
41.7911 174
41.7923 175
41.7935 176
41.7947 177
41.7959 178
41.7971 179
41.7983 180
41.7995 181
41.8007 182
41.8019 183
41.8031 184
41.8043 185
41.8055 186
41.8067 187
41.8079 188
41.8091 189
41.8103 190
41.8115 191
41.8127 192
41.8139 193
41.8151 194
41.8163 195
41.8175 196
41.8187 197
41.8199 198
41.8211 199
41.8223 200
41.8235 201
41.8247 202
41.8259 203
41.8271 204
41.8283 205
41.8295 206
41.8307 207
41.8319 208
41.8331 209
41.8343 342.132
41.8343 170.724
41.8343 171.724
41.8367 173.724
41.8391 175.724
41.8415 177.724
41.8439 179.724
41.8463 181.724
41.8487 183.724
41.8511 185.724
41.8535 187.724
41.8559 189.724
41.8583 191.724
41.8607 193.724
41.8631 195.724
41.8655 197.724
41.868 199.724
41.8704 201.724
41.8728 203.724
41.8752 205.724
41.8776 207.724
41.88 209.724
41.8824 211.724
41.8848 213.724
41.8872 215.724
41.8896 217.724
41.892 219.724
41.8944 221.724
41.8968 223.724
41.8992 225.724
41.9016 227.724
41.904 229.724
41.9064 231.724
41.9088 233.724
41.9112 235.724
41.9136 237.724
41.916 239.724
41.9184 241.724
41.9208 243.724
41.9232 245.724
41.9256 247.724
41.928 249.724
41.9304 251.724
41.9328 253.724
41.9352 255.724
41.9376 257.724
41.94 259.724
41.9425 261.724
41.9449 263.724
41.9473 265.724
41.9497 267.724
41.9521 269.724
41.9545 271.724
41.9569 273.724
41.9593 275.724
41.9617 277.724
41.9641 279.724
41.9665 281.724
41.9689 283.724
41.9713 285.724
41.9737 287.724
41.9761 289.724
41.9785 291.724
41.9809 293.724
41.9833 295.724
41.9857 297.724
41.9881 299.724
41.9905 301.724
41.9929 303.724
41.9953 305.724
41.9977 307.724
42.0001 309.724
42.0025 311.724
42.0049 313.724
42.0073 315.724
42.0097 317.724
42.0121 319.724
42.0145 321.724
42.017 323.724
42.0194 325.724
42.0218 327.724
42.0242 329.724
42.0266 331.724
42.029 333.724
42.0314 335.724
42.0338 337.724
42.0362 339.724
42.0386 341.724
42.041 342.132
42.1371 344.132
42.351 342.132
43.7809 344.132
43.7929 177.888
43.7929 4
43.7953 6
43.7953 4
43.7977 6
43.7977 4
43.8001 6
43.8001 4
43.8025 6
43.8025 4
43.8049 6
43.8049 4
43.8073 6
43.8073 4
43.8097 6
43.8097 4
43.8121 6
43.8121 4
43.8145 6
43.8145 4
43.8169 6
43.8169 4
43.8194 6
43.8194 4
43.8218 6
43.8218 4
43.8242 6
43.8242 4
43.8266 6
43.8266 4
43.829 6
43.829 4
43.8314 6
43.8314 4
43.8338 6
43.8338 4
43.8362 6
43.8362 4
43.8386 6
43.8386 4
43.841 6
43.841 4
43.8434 6
43.8434 4
43.8458 6
43.8458 4
43.8482 6
43.8482 4
43.8506 6
43.8506 4
43.853 6
43.853 4
43.8554 6
43.8554 4
43.8578 6
43.8578 4
43.8602 6
43.8602 4
43.8626 6
43.8626 4
43.865 6
43.865 4
43.8674 6
43.8674 4
43.8698 6
43.8698 4
43.8722 6
43.8722 4
43.8746 6
43.8746 4
43.877 6
43.877 4
43.8794 6
43.8794 4
43.8818 6
43.8818 4
43.8842 6
43.8842 4
43.8866 6
43.8866 4
43.889 6
43.889 4
43.8914 6
43.8914 4
43.8938 6
43.8938 4
43.8963 6
43.8963 4
43.8987 6
43.8987 4
43.9011 6
43.9011 4
43.9035 6
43.9035 4
43.9059 6
43.9059 4
43.9083 6
43.9083 4
43.9107 6
43.9107 4
43.9131 6
43.9131 4
43.9155 6
43.9155 4
43.9179 6
43.9179 4
43.9203 6
43.9203 4
43.9227 6
43.9227 4
43.9251 6
43.9251 4
43.9275 6
43.9275 4
43.9299 6
43.9299 4
43.9323 6
43.9323 4
43.9347 6
43.9347 4
43.9371 6
43.9371 4
43.9395 6
43.9395 4
43.9419 6
43.9419 4
43.9443 6
43.9443 4
43.9467 6
43.9467 4
43.9491 6
43.9491 4
43.9515 6
43.9515 4
43.9539 6
43.9539 4
43.9563 6
43.9563 4
43.9587 6
43.9587 4
43.9611 6
43.9611 4
43.9635 6
43.9635 4
43.9659 6
43.9659 4
43.9683 6
43.9683 4
43.9708 6
43.9708 4
43.9732 6
43.9732 4
43.9756 6
43.9756 4
43.978 6
43.978 4
43.9804 6
43.9804 4
43.9828 6
43.9828 4
43.9852 6
43.9852 4
43.9876 6
43.9876 4
43.99 6
43.99 4
43.9924 6
43.9924 4
43.9948 6
43.9948 4
43.9972 6
43.9972 4
43.9996 6
43.9996 4
44.002 6
44.002 4
44.2023 344.132
44.2023 346.132
44.2047 348.132
44.405 349.086
44.4074 348.31
44.4098 347.423
44.4122 346.856
44.4146 346.359
44.417 345.717
44.4194 345.363
44.4218 344.845
44.4242 344.599
44.4266 344.385
44.429 344.197
44.4314 344.032
44.4338 343.681
44.4362 343.581
44.4386 343.494
44.441 343.417
44.4434 343.35
44.4458 343.084
44.4482 343.059
44.4506 343.037
44.453 343.017
44.4554 343.001
44.4579 342.778
44.4699 342.621
44.4819 342.54
44.4939 342.499
44.4987 342.381
44.5059 342.338
44.5107 342.258
44.5179 342.256
44.5227 342.195
44.5348 342.162
44.5468 342.146
44.5588 342.137
44.5708 342.133
44.6141 344.133
44.7198 344.132
44.8376 342.132
46.2675 344.132
46.4717 342.132
47.9016 344.132
48.1059 342.132
49.5358 344.132
49.7401 342.132
51.17 344.132
51.3743 342.132
52.8042 344.132
53.0084 342.132
54.4383 344.132
54.6426 342.132
54.7219 187.721
54.7219 4
54.7243 6
54.7243 4
54.7267 6
54.7267 4
54.7291 6
54.7291 4
54.7315 6
54.7315 4
54.7339 6
54.7339 4
54.7363 6
54.7363 4
54.7387 6
54.7387 4
54.7411 6
54.7411 4
54.7435 6
54.7435 4
54.746 6
54.746 4
54.7484 6
54.7484 4
54.7508 6
54.7508 4
54.7532 6
54.7532 4
54.7556 6
54.7556 4
54.758 6
54.758 4
54.7604 6
54.7604 4
54.7628 6
54.7628 4
54.7652 6
54.7652 4
54.7676 6
54.7676 4
54.77 6
54.77 4
54.7724 6
54.7724 4
54.7748 6
54.7748 4
54.7772 6
54.7772 4
54.7796 6
54.7796 4
54.782 6
54.782 4
54.7844 6
54.7844 4
54.7868 6
54.7868 4
54.7892 6
54.7892 4
54.7916 6
54.7916 4
54.794 6
54.794 4
54.7964 6
54.7964 4
54.7988 6
54.7988 4
54.8012 6
54.8012 4
54.8036 6
54.8036 4
54.806 6
54.806 4
54.8084 6
54.8084 4
54.8108 6
54.8108 4
54.8132 6
54.8132 4
54.8156 6
54.8156 4
54.818 6
54.818 4
54.8204 6
54.8204 4
54.8229 6
54.8229 4
54.8253 6
54.8253 4
54.8277 6
54.8277 4
54.8301 6
54.8301 4
54.8325 6
54.8325 4
54.8349 6
54.8349 4
54.8373 6
54.8373 4
54.8397 6
54.8397 4
54.8421 6
54.8421 4
54.8445 6
54.8445 4
54.8469 6
54.8469 4
54.8493 6
54.8493 4
54.8517 6
54.8517 4
54.8541 6
54.8541 4
54.8565 6
54.8565 4
54.8589 6
54.8589 4
54.8613 6
54.8613 4
54.8637 6
54.8637 4
54.8661 6
54.8661 4
54.8685 6
54.8685 4
54.8709 6
54.8709 4
54.8733 6
54.8733 4
54.8757 6
54.8757 4
54.8781 6
54.8781 4
54.8805 6
54.8805 4
54.8829 6
54.8829 4
54.8853 6
54.8853 4
54.8877 6
54.8877 4
54.8901 6
54.8901 4
54.8925 6
54.8925 4
54.8949 6
54.8949 4
54.8974 6
54.8974 4
54.8998 6
54.8998 4
54.9022 6
54.9022 4
54.9046 6
54.9046 4
54.907 6
54.907 4
54.9094 6
54.9094 4
54.9118 6
54.9118 4
54.9142 6
54.9142 4
54.9166 6
54.9166 4
54.919 6
54.919 4
54.9214 6
54.9214 4
54.9238 6
54.9238 4
54.9262 6
54.9262 4
54.9286 6
54.9286 4
54.931 6
54.931 4
54.9334 6
54.9334 4
54.9358 6
54.9358 4
54.9382 6
54.9382 4
54.9406 6
54.9406 4
54.943 6
54.943 4
54.9454 6
54.9454 4
54.9478 6
54.9478 4
54.9502 6
54.9502 4
54.9526 6
54.9526 4
54.955 6
54.955 4
54.9574 6
54.9574 4
54.9598 6
54.9598 4
55.1601 344.132
55.1601 346.132
55.1625 348.132
55.3628 350.132
55.3652 352.132
55.3676 354.132
55.37 356.132
55.3724 358.132
55.3748 360.132
55.3772 362.132
55.3796 361.025
55.382 358.758
55.3845 356.773
55.3869 354.829
55.3893 353.336
55.3917 352.029
55.3941 350.885
55.3965 349.885
55.3989 348.802
55.4013 348.061
55.4037 347.414
55.4061 346.848
55.4085 346.352
55.4109 345.711
55.4133 345.357
55.4157 345.048
55.4181 344.777
55.4205 344.54
55.4229 344.125
55.4253 343.97
55.4277 343.626
55.4301 343.532
55.4325 343.452
55.4349 343.172
55.4373 343.136
55.4397 342.896
55.4421 342.894
55.4445 342.893
55.4469 342.684
55.4517 342.522
55.459 342.433
55.4638 342.33
55.471 342.305
55.4758 342.232
55.4878 342.182
55.4998 342.155
55.5839 344.155
55.6248 344.143
55.6368 344.136
55.6488 344.132
55.8074 342.132
56.127 344.132
57.2373 346.132
57.4416 344.132
57.9246 342.132
58.8715 344.132
59.0758 342.132
60.5057 344.132
60.7099 342.132
61.354 172
61.354 171
61.354 172
61.527 173
61.5282 174
61.5294 175
61.5306 176
61.5318 177
61.533 178
61.5342 179
61.5354 180
61.5367 181
61.5379 182
61.5391 183
61.5403 184
61.5415 185
61.5427 186
61.5439 187
61.5451 188
61.5463 189
61.5475 190
61.5487 191
61.5499 192
61.5511 193
61.5523 194
61.5535 195
61.5547 196
61.5559 197
61.5571 198
61.5583 199
61.5595 200
61.5607 342.132
61.5607 170.724
61.5607 171.724
61.5631 173.724
61.5655 175.724
61.5679 177.724
61.5703 179.724
61.5727 181.724
61.5751 183.724
61.5775 185.724
61.5799 187.724
61.5823 189.724
61.5847 191.724
61.5871 193.724
61.5895 195.724
61.5919 197.724
61.5943 199.724
61.5967 201.724
61.5991 203.724
61.6015 205.724
61.6039 207.724
61.6063 209.724
61.6087 211.724
61.6111 213.724
61.6135 215.724
61.6159 217.724
61.6184 219.724
61.6208 221.724
61.6232 223.724
61.6256 225.724
61.628 227.724
61.6304 229.724
61.6328 231.724
61.6352 233.724
61.6376 235.724
61.64 237.724
61.6424 239.724
61.6448 241.724
61.6472 243.724
61.6496 245.724
61.652 247.724
61.6544 249.724
61.6568 251.724
61.6592 253.724
61.6616 255.724
61.664 257.724
61.6664 259.724
61.6688 261.724
61.6712 263.724
61.6736 265.724
61.676 267.724
61.6784 269.724
61.6808 271.724
61.6832 273.724
61.6856 275.724
61.688 277.724
61.6904 279.724
61.6929 281.724
61.6953 283.724
61.6977 285.724
61.7001 287.724
61.7025 289.724
61.7049 291.724
61.7073 293.724
61.7097 295.724
61.7121 297.724
61.7145 299.724
61.7169 301.724
61.7193 303.724
61.7217 305.724
61.7241 307.724
61.7265 309.724
61.7289 311.724
61.7313 313.724
61.7337 315.724
61.7361 317.724
61.7385 319.724
61.7409 321.724
61.7433 323.724
61.7457 325.724
61.7481 327.724
61.7505 329.724
61.7529 331.724
61.7553 333.724
61.7577 335.724
61.7601 337.724
61.7625 339.724
61.7649 341.724
61.7674 342.132
62.1374 344.132
62.1519 346.132
62.3513 344.132
62.3585 346.132
62.3609 348.008
63.7812 350.008
63.9855 348.008
64.394 346.008
64.8579 342.132
65.4154 344.132
65.6197 342.132
65.6509 201.219
65.6509 4
65.6533 6
65.6533 4
65.6557 6
65.6557 4
65.6581 6
65.6581 4
65.6605 6
65.6605 4
65.6629 6
65.6629 4
65.6653 6
65.6653 4
65.6677 6
65.6677 4
65.6701 6
65.6701 4
65.6726 6
65.6726 4
65.675 6
65.675 4
65.6774 6
65.6774 4
65.6798 6
65.6798 4
65.6822 6
65.6822 4
65.6846 6
65.6846 4
65.687 6
65.687 4
65.6894 6
65.6894 4
65.6918 6
65.6918 4
65.6942 6
65.6942 4
65.6966 6
65.6966 4
65.699 6
65.699 4
65.7014 6
65.7014 4
65.7038 6
65.7038 4
65.7062 6
65.7062 4
65.7086 6
65.7086 4
65.711 6
65.711 4
65.7134 6
65.7134 4
65.7158 6
65.7158 4
65.7182 6
65.7182 4
65.7206 6
65.7206 4
65.723 6
65.723 4
65.7254 6
65.7254 4
65.7278 6
65.7278 4
65.7302 6
65.7302 4
65.7326 6
65.7326 4
65.735 6
65.735 4
65.7374 6
65.7374 4
65.7398 6
65.7398 4
65.7422 6
65.7422 4
65.7446 6
65.7446 4
65.747 6
65.747 4
65.7495 6
65.7495 4
65.7519 6
65.7519 4
65.7543 6
65.7543 4
65.7567 6
65.7567 4
65.7591 6
65.7591 4
65.7615 6
65.7615 4
65.7639 6
65.7639 4
65.7663 6
65.7663 4
65.7687 6
65.7687 4
65.7711 6
65.7711 4
65.7735 6
65.7735 4
65.7759 6
65.7759 4
65.7783 6
65.7783 4
65.7807 6
65.7807 4
65.7831 6
65.7831 4
65.7855 6
65.7855 4
65.7879 6
65.7879 4
65.7903 6
65.7903 4
65.7927 6
65.7927 4
65.7951 6
65.7951 4
65.7975 6
65.7975 4
65.7999 6
65.7999 4
65.8023 6
65.8023 4
65.8047 6
65.8047 4
65.8071 6
65.8071 4
65.8095 6
65.8095 4
65.8119 6
65.8119 4
65.8143 6
65.8143 4
65.8167 6
65.8167 4
65.8191 6
65.8191 4
65.8215 6
65.8215 4
65.824 6
65.824 4
65.8264 6
65.8264 4
65.8288 6
65.8288 4
65.8312 6
65.8312 4
65.8336 6
65.8336 4
65.836 6
65.836 4
65.8384 6
65.8384 4
65.8408 6
65.8408 4
65.8432 6
65.8432 4
65.8456 6
65.8456 4
65.848 6
65.848 4
65.8504 6
65.8504 4
65.8528 6
65.8528 4
65.8552 6
65.8552 4
65.8576 6
65.8576 4
65.86 6
65.86 4
65.8624 6
65.8624 4
65.8648 6
65.8648 4
65.8672 6
65.8672 4
65.8696 6
65.8696 4
65.872 6
65.872 4
65.8744 6
65.8744 4
65.8768 6
65.8768 4
65.8792 6
65.8792 4
65.8816 6
65.8816 4
65.884 6
65.884 4
65.8864 6
65.8864 4
65.8888 6
65.8888 4
65.8912 6
65.8912 4
65.8936 6
65.8936 4
65.896 6
65.896 4
65.8985 6
65.8985 4
65.9009 6
65.9009 4
65.9033 6
65.9033 4
65.9057 6
65.9057 4
65.9081 6
65.9081 4
65.9105 6
65.9105 4
65.9129 6
65.9129 4
65.9153 6
65.9153 4
65.9177 6
65.9177 4
65.9201 6
65.9201 4
65.9225 6
65.9225 4
65.9249 6
65.9249 4
65.9273 6
65.9273 4
66.1264 342.132
66.1264 344.132
66.13 346.132
66.3291 348.132
66.3315 350.132
66.3339 352.132
66.3363 354.132
66.3387 356.132
66.3411 358.132
66.3435 360.132
66.3459 362.132
66.3483 364.132
66.3507 366.132
66.3531 368.132
66.3555 370.132
66.3579 368.99
66.3603 365.727
66.3627 362.664
66.3651 360.191
66.3675 358.027
66.3699 355.926
66.3723 354.296
66.3747 352.661
66.3771 351.439
66.3795 350.369
66.3819 349.225
66.3843 348.432
66.3868 347.53
66.3892 346.95
66.3916 346.441
66.394 345.788
66.3964 345.425
66.3988 344.899
66.4012 344.647
66.4036 344.427
66.406 344.026
66.4084 343.883
66.4108 343.55
66.4132 343.466
66.4156 343.393
66.418 343.122
66.4204 343.091
66.4228 342.857
66.4348 342.662
66.4468 342.561
66.4588 342.51
66.4709 342.483
66.4829 342.47
66.4949 342.463
66.4997 342.353
66.5069 342.32
66.5117 342.244
66.5237 342.187
66.5358 342.159
66.5478 342.144
66.5598 342.136
66.5718 342.133
66.7208 342.132
66.9659 344.132
67.1894 342.132
68.6193 344.132
68.8236 342.132
70.2535 344.132
70.4578 342.132
70.5106 344.132
71.8877 346.132
72.0343 344.132
72.0919 342.132
73.5219 344.132
73.7261 342.132
75.156 344.132
75.3603 342.132
76.7902 344.132
76.9945 342.132
77.1699 203.783
77.1699 4
77.1723 6
77.1723 4
77.1747 6
77.1747 4
77.1771 6
77.1771 4
77.1795 6
77.1795 4
77.1819 6
77.1819 4
77.1843 6
77.1843 4
77.1867 6
77.1867 4
77.1891 6
77.1891 4
77.1915 6
77.1915 4
77.1939 6
77.1939 4
77.1963 6
77.1963 4
77.1987 6
77.1987 4
77.2012 6
77.2012 4
77.2036 6
77.2036 4
77.206 6
77.206 4
77.2084 6
77.2084 4
77.2108 6
77.2108 4
77.2132 6
77.2132 4
77.2156 6
77.2156 4
77.218 6
77.218 4
77.2204 6
77.2204 4
77.2228 6
77.2228 4
77.2252 6
77.2252 4
77.2276 6
77.2276 4
77.23 6
77.23 4
77.2324 6
77.2324 4
77.2348 6
77.2348 4
77.2372 6
77.2372 4
77.2396 6
77.2396 4
77.242 6
77.242 4
77.2444 6
77.2444 4
77.2468 6
77.2468 4
77.2492 6
77.2492 4
77.2516 6
77.2516 4
77.254 6
77.254 4
77.2564 6
77.2564 4
77.2588 6
77.2588 4
77.2612 6
77.2612 4
77.2636 6
77.2636 4
77.266 6
77.266 4
77.2684 6
77.2684 4
77.2708 6
77.2708 4
77.2732 6
77.2732 4
77.2757 6
77.2757 4
77.2781 6
77.2781 4
77.2805 6
77.2805 4
77.2829 6
77.2829 4
77.2853 6
77.2853 4
77.2877 6
77.2877 4
77.2901 6
77.2901 4
77.2925 6
77.2925 4
77.2949 6
77.2949 4
77.2973 6
77.2973 4
77.2997 6
77.2997 4
77.3021 6
77.3021 4
77.3045 6
77.3045 4
77.3069 6
77.3069 4
77.3093 6
77.3093 4
77.3117 6
77.3117 4
77.3141 6
77.3141 4
77.3165 6
77.3165 4
77.3189 6
77.3189 4
77.3213 6
77.3213 4
77.3237 6
77.3237 4
77.3261 6
77.3261 4
77.3285 6
77.3285 4
77.3309 6
77.3309 4
77.3333 6
77.3333 4
77.3357 6
77.3357 4
77.3381 6
77.3381 4
77.3405 6
77.3405 4
77.3429 6
77.3429 4
77.3453 6
77.3453 4
77.3477 6
77.3477 4
77.3502 6
77.3502 4
77.3526 6
77.3526 4
77.355 6
77.355 4
77.3574 6
77.3574 4
77.3598 6
77.3598 4
77.3622 6
77.3622 4
77.3646 6
77.3646 4
77.367 6
77.367 4
77.3694 6
77.3694 4
77.3718 6
77.3718 4
77.3742 6
77.3742 4
77.3766 6
77.3766 4
77.379 6
77.379 4
77.3814 6
77.3814 4
77.3838 6
77.3838 4
77.5841 342.132
77.5841 344.132
77.5865 346.132
77.7868 348.132
77.7892 350.132
77.7916 352.132
77.794 354.132
77.7964 354.474
77.7988 352.817
77.8012 351.575
77.8036 350.488
77.806 349.538
77.8084 348.706
77.8108 347.77
77.8132 347.159
77.8156 346.624
77.818 346.157
77.8204 345.747
77.8228 345.181
77.8252 344.894
77.8276 344.642
77.83 344.423
77.8324 344.23
77.8348 343.854
77.8373 343.732
77.8397 343.626
77.8421 343.533
77.8445 343.452
77.8469 343.173
77.8493 343.136
77.8517 343.104
77.8541 343.077
77.8565 343.052
77.8589 342.823
77.8709 342.644
77.8757 342.492
77.8829 342.413
77.8877 342.315
77.8949 342.294
77.8997 342.224
77.9117 342.177
77.9238 342.153
77.9358 342.141
77.9478 342.135
78.0968 342.132
78.4092 344.132
78.6327 342.132
80.0626 344.132
80.2669 342.132
81.6968 344.132
81.9011 342.132
83.331 344.132
83.5352 342.132
84.9651 344.132
85.1694 342.132
86.5993 344.132
86.8036 342.132
88.2335 344.132
88.3969 177.891
88.3969 4
88.3993 6
88.3993 4
88.4017 6
88.4017 4
88.4041 6
88.4041 4
88.4065 6
88.4065 4
88.4089 6
88.4089 4
88.4113 6
88.4113 4
88.4137 6
88.4137 4
88.4161 6
88.4161 4
88.4185 6
88.4185 4
88.4209 6
88.4209 4
88.4233 6
88.4233 4
88.4257 6
88.4257 4
88.4282 6
88.4282 4
88.4306 6
88.4306 4
88.433 6
88.433 4
88.4354 6
88.4354 4
88.4378 6
88.4378 4
88.4402 6
88.4402 4
88.4426 6
88.4426 4
88.445 6
88.445 4
88.4474 6
88.4474 4
88.4498 6
88.4498 4
88.4522 6
88.4522 4
88.4546 6
88.4546 4
88.457 6
88.457 4
88.4594 6
88.4594 4
88.4618 6
88.4618 4
88.4642 6
88.4642 4
88.4666 6
88.4666 4
88.469 6
88.469 4
88.4714 6
88.4714 4
88.4738 6
88.4738 4
88.4762 6
88.4762 4
88.4786 6
88.4786 4
88.481 6
88.481 4
88.4834 6
88.4834 4
88.4858 6
88.4858 4
88.4882 6
88.4882 4
88.4906 6
88.4906 4
88.493 6
88.493 4
88.4954 6
88.4954 4
88.4978 6
88.4978 4
88.5002 6
88.5002 4
88.5027 6
88.5027 4
88.5051 6
88.5051 4
88.5075 6
88.5075 4
88.5099 6
88.5099 4
88.5123 6
88.5123 4
88.5147 6
88.5147 4
88.5171 6
88.5171 4
88.5195 6
88.5195 4
88.5219 6
88.5219 4
88.5243 6
88.5243 4
88.5267 6
88.5267 4
88.5291 6
88.5291 4
88.5315 6
88.5315 4
88.5339 6
88.5339 4
88.5363 6
88.5363 4
88.5387 6
88.5387 4
88.5411 6
88.5411 4
88.5435 6
88.5435 4
88.5459 6
88.5459 4
88.5483 6
88.5483 4
88.5507 6
88.5507 4
88.5531 6
88.5531 4
88.5555 6
88.5555 4
88.5579 6
88.5579 4
88.5603 6
88.5603 4
88.5627 6
88.5627 4
88.5651 6
88.5651 4
88.5675 6
88.5675 4
88.5699 6
88.5699 4
88.5723 6
88.5723 4
88.5747 6
88.5747 4
88.5772 6
88.5772 4
88.5796 6
88.5796 4
88.582 6
88.582 4
88.5844 6
88.5844 4
88.5868 6
88.5868 4
88.5892 6
88.5892 4
88.5916 6
88.5916 4
88.594 6
88.594 4
88.5964 6
88.5964 4
88.5988 6
88.5988 4
88.6012 6
88.6012 4
88.6036 6
88.6036 4
88.606 6
88.606 4
88.6084 6
88.6084 4
88.6108 6
88.6108 4
88.6132 6
88.6132 4
88.6156 6
88.6156 4
88.618 6
88.618 4
88.6204 6
88.6204 4
88.6228 6
88.6228 4
88.6252 6
88.6252 4
88.6276 6
88.6276 4
88.63 6
88.63 4
88.6324 6
88.6324 4
88.6348 6
88.6348 4
88.6372 6
88.6372 4
88.6396 6
88.6396 4
88.642 6
88.642 4
88.8411 344.132
88.8411 346.132
88.8447 348.132
89.0438 350.132
89.0462 350.778
89.0871 350.272
89.0895 349.349
89.0919 348.332
89.0943 347.651
89.0967 347.055
89.0991 346.533
89.1015 346.077
89.1039 345.47
89.1063 345.146
89.1087 344.655
89.1111 344.434
89.1135 344.24
89.1159 343.862
89.1183 343.74
89.1207 343.424
89.1231 343.356
89.1255 343.298
89.1279 343.037
89.1303 343.018
89.1327 342.793
89.14 342.615
89.1448 342.469
89.152 342.398
89.1568 342.303
89.164 342.287
89.1688 342.218
89.1808 342.174
89.2938 342.157
89.3058 342.143
89.3178 342.136
89.3298 342.132
89.6638 344.132
89.8873 342.132
90.237 172
90.237 171
90.237 172
90.3079 173
90.3091 174
90.3103 175
90.3115 176
90.3127 177
90.3139 178
90.3151 179
90.3163 180
90.3175 181
90.3187 182
90.3199 183
90.3211 184
90.3223 185
90.3235 186
90.3247 187
90.3259 188
90.3271 189
90.3283 190
90.3295 191
90.3307 192
90.3319 193
90.3331 194
90.3343 195
90.3356 196
90.3368 197
90.338 198
90.3392 199
90.3404 200
90.3416 201
90.3428 202
90.344 203
90.3452 204
90.3464 205
90.3476 206
90.3488 207
90.35 208
90.3512 209
90.3524 210
90.3536 211
90.3548 212
90.356 213
90.3572 214
90.3584 215
90.3596 216
90.3608 217
90.362 218
90.3632 219
90.3644 220
90.3656 221
90.3668 222
90.368 223
90.3692 224
90.3704 225
90.3716 226
90.3728 227
90.374 228
90.3752 229
90.3764 230
90.3776 231
90.3788 232
90.38 233
90.3812 234
90.3824 235
90.3836 236
90.3848 237
90.386 238
90.3872 239
90.3884 240
90.3896 241
90.3908 242
90.392 243
90.3932 244
90.3944 245
90.3956 246
90.3968 247
90.398 248
90.3992 249
90.4004 250
90.4016 251
90.4028 252
90.404 253
90.4052 254
90.4064 255
90.4076 256
90.4088 257
90.4101 258
90.4113 259
90.4125 260
90.4137 261
90.4149 262
90.4161 263
90.4173 264
90.4185 265
90.4197 266
90.4209 267
90.4221 268
90.4233 269
90.4245 270
90.4257 271
90.4269 272
90.4281 273
90.4293 274
90.4305 275
90.4317 276
90.4329 277
90.4341 278
90.4353 279
90.4365 280
90.4377 281
90.4389 282
90.4401 283
90.4413 284
90.4425 285
90.4437 342.132
90.4437 170.724
90.4437 171.724
90.4461 173.724
90.4485 175.724
90.4509 177.724
90.4533 179.724
90.4557 181.724
90.4581 183.724
90.4605 185.724
90.4629 187.724
90.4653 189.724
90.4677 191.724
90.4701 193.724
90.4725 195.724
90.4749 197.724
90.4773 199.724
90.4797 201.724
90.4821 203.724
90.4845 205.724
90.4869 207.724
90.4893 209.724
90.4918 211.724
90.4942 213.724
90.4966 215.724
90.499 217.724
90.5014 219.724
90.5038 221.724
90.5062 223.724
90.5086 225.724
90.511 227.724
90.5134 229.724
90.5158 231.724
90.5182 233.724
90.5206 235.724
90.523 237.724
90.5254 239.724
90.5278 241.724
90.5302 243.724
90.5326 245.724
90.535 247.724
90.5374 249.724
90.5398 251.724
90.5422 253.724
90.5446 255.724
90.547 257.724
90.5494 259.724
90.5518 261.724
90.5542 263.724
90.5566 265.724
90.559 267.724
90.5614 269.724
90.5638 271.724
90.5663 273.724
90.5687 275.724
90.5711 277.724
90.5735 279.724
90.5759 281.724
90.5783 283.724
90.5807 285.724
90.5831 287.724
90.5855 289.724
90.5879 291.724
90.5903 293.724
90.5927 295.724
90.5951 297.724
90.5975 299.724
90.5999 301.724
90.6023 303.724
90.6047 305.724
90.6071 307.724
90.6095 309.724
90.6119 311.724
90.6143 313.724
90.6167 315.724
90.6191 317.724
90.6215 319.724
90.6239 321.724
90.6263 323.724
90.6287 325.724
90.6311 327.724
90.6335 329.724
90.6359 331.724
90.6383 333.724
90.6408 335.724
90.6432 337.724
90.6456 339.724
90.648 341.724
90.6504 342.132
91.316 344.132
91.5299 342.132
92.9598 344.132
93.1641 342.132
94.594 344.132
94.7983 342.132
96.2282 344.132
96.4325 342.132
97.8624 344.132
98.0666 342.132
99.4965 344.132
99.7008 342.132
99.7777 187.163
99.7777 4
99.7801 6
99.7801 4
99.7825 6
99.7825 4
99.7849 6
99.7849 4
99.7873 6
99.7873 4
99.7897 6
99.7897 4
99.7921 6
99.7921 4
99.7945 6
99.7945 4
99.7969 6
99.7969 4
99.7993 6
99.7993 4
99.8017 6
99.8017 4
99.8042 6
99.8042 4
99.8066 6
99.8066 4
99.809 6
99.809 4
99.8114 6
99.8114 4
99.8138 6
99.8138 4
99.8162 6
99.8162 4
99.8186 6
99.8186 4
99.821 6
99.821 4
99.8234 6
99.8234 4
99.8258 6
99.8258 4
99.8282 6
99.8282 4
99.8306 6
99.8306 4
99.833 6
99.833 4
99.8354 6
99.8354 4
99.8378 6
99.8378 4
99.8402 6
99.8402 4
99.8426 6
99.8426 4
99.845 6
99.845 4
99.8474 6
99.8474 4
99.8498 6
99.8498 4
99.8522 6
99.8522 4
99.8546 6
99.8546 4
99.857 6
99.857 4
99.8594 6
99.8594 4
99.8618 6
99.8618 4
99.8642 6
99.8642 4
99.8666 6
99.8666 4
99.869 6
99.869 4
99.8714 6
99.8714 4
99.8738 6
99.8738 4
99.8762 6
99.8762 4
99.8787 6
99.8787 4
99.8811 6
99.8811 4
99.8835 6
99.8835 4
99.8859 6
99.8859 4
99.8883 6
99.8883 4
99.8907 6
99.8907 4
99.8931 6
99.8931 4
99.8955 6
99.8955 4
99.8979 6
99.8979 4
99.9003 6
99.9003 4
99.9027 6
99.9027 4
99.9051 6
99.9051 4
99.9075 6
99.9075 4
99.9099 6
99.9099 4
99.9123 6
99.9123 4
99.9147 6
99.9147 4
99.9171 6
99.9171 4
99.9195 6
99.9195 4
99.9219 6
99.9219 4
99.9243 6
99.9243 4
99.9267 6
99.9267 4
99.9291 6
99.9291 4
99.9315 6
99.9315 4
99.9339 6
99.9339 4
99.9363 6
99.9363 4
99.9387 6
99.9387 4
99.9411 6
99.9411 4
99.9435 6
99.9435 4
99.9459 6
99.9459 4
99.9483 6
99.9483 4
99.9507 6
99.9507 4
99.9532 6
99.9532 4
99.9556 6
99.9556 4
99.958 6
99.958 4
99.9604 6
99.9604 4
99.9628 6
99.9628 4
99.9652 6
99.9652 4
99.9676 6
99.9676 4
99.97 6
99.97 4
99.9724 6
99.9724 4
99.9748 6
99.9748 4
99.9772 6
99.9772 4
99.9796 6
99.9796 4
99.982 6
99.982 4
99.9844 6
99.9844 4
99.9868 6
99.9868 4
99.9892 6
99.9892 4
99.9916 6
99.9916 4
99.994 6
99.994 4
99.9964 6
99.9964 4
99.9988 6
99.9988 4
