0 0
0.1 0
0.2 0
0.3 0
0.4 0
0.5 0
0.6 0
0.7 0
0.8 0
0.9 0
1 0
1.1 0
1.2 0
1.3 0
1.4 33
1.5 109
1.6 192
1.7 257
1.8 258
1.9 258
2 257
2.1 258
2.2 257
2.3 258
2.4 257
2.5 256
2.6 256
2.7 256
2.8 258
2.9 257
3 257
3.1 257
3.2 258
3.3 216
3.4 161
3.5 107
3.6 53
3.7 0
3.8 2
3.9 2
4 3
4.1 3
4.2 4
4.3 3
4.4 4
4.5 5
4.6 6
4.7 6
4.8 6
4.9 7
5 7
5.1 7
5.2 24
5.3 45
5.4 31
5.5 11
5.6 6
5.7 6
5.8 7
5.9 7
6 7
6.1 6
6.2 6
6.3 7
6.4 7
6.5 6
6.6 6
6.7 7
6.8 21
6.9 42
7 34
7.1 13
7.2 7
7.3 7
7.4 6
7.5 6
7.6 7
7.7 7
7.8 7
7.9 6
8 6
8.1 7
8.2 7
8.3 6
8.4 18
8.5 39
8.6 38
8.7 17
8.8 6
8.9 6
9 7
9.1 7
9.2 6
9.3 6
9.4 7
9.5 7
9.6 7
9.7 6
9.8 6
9.9 7
10 15
10.1 35
10.2 40
10.3 0
10.4 0
10.5 0
10.6 0
10.7 0
10.8 0
10.9 0
11 0
11.1 0
11.2 20
11.3 41
11.4 25
11.5 4
11.6 1
11.7 1
11.8 1
11.9 1
12 2
12.1 2
12.2 1
12.3 1
12.4 2
12.5 1
12.6 1
12.7 1
12.8 14
12.9 35
13 32
13.1 11
13.2 1
13.3 2
13.4 1
13.5 1
13.6 1
13.7 1
13.8 2
13.9 1
14 1
14.1 1
14.2 2
14.3 1
14.4 7
14.5 28
14.6 39
14.7 19
14.8 1
14.9 1
15 1
15.1 1
15.2 1
15.3 1
15.4 1
15.5 1
15.6 2
15.7 1
15.8 1
15.9 1
16 1
16.1 20
16.2 41
16.3 25
16.4 5
16.5 1
16.6 1
16.7 1
16.8 1
16.9 1
17 1
17.1 1
17.2 1
17.3 1
17.4 1
17.5 1
17.6 1
17.7 13
17.8 34
17.9 32
18 11
18.1 1
18.2 1
18.3 1
18.4 1
18.5 1
18.6 1
18.7 1
18.8 1
18.9 1
19 1
19.1 1
19.2 1
19.3 6
19.4 27
19.5 40
19.6 19
19.7 1
19.8 1
19.9 1
20 1
20.1 2
20.2 1
20.3 1
20.4 1
20.5 2
20.6 1
20.7 1
20.8 1
20.9 1
21 20
21.1 41
21.2 26
21.3 0
21.4 0
21.5 0
21.6 0
21.7 0
21.8 0
21.9 0
22 0
22.1 0
22.2 0
22.3 0
22.4 18
22.5 39
22.6 27
22.7 7
22.8 1
22.9 2
23 2
23.1 1
23.2 1
23.3 1
23.4 2
23.5 1
23.6 1
23.7 1
23.8 2
23.9 1
24 11
24.1 25
24.2 30
24.3 39
24.4 3
24.5 0
24.6 0
24.7 0
24.8 0
24.9 0
25 0
25.1 0
25.2 0
25.3 0
25.4 0
25.5 0
25.6 0
25.7 7
25.8 28
25.9 38
26 17
26.1 0
26.2 0
26.3 0
26.4 0
26.5 0
26.6 0
26.7 0
26.8 0
26.9 0
27 0
27.1 0
27.2 0
27.3 0
27.4 20
27.5 41
27.6 26
27.7 5
27.8 2
27.9 1
28 1
28.1 1
28.2 2
28.3 1
28.4 1
28.5 1
28.6 2
28.7 2
28.8 1
28.9 1
29 13
29.1 34
29.2 32
29.3 12
29.4 1
29.5 1
29.6 2
29.7 1
29.8 1
29.9 1
30 2
30.1 1
30.2 1
30.3 1
30.4 1
30.5 2
30.6 6
30.7 27
30.8 40
30.9 20
31 1
31.1 1
31.2 1
31.3 1
31.4 2
31.5 1
31.6 1
31.7 1
31.8 2
31.9 1
32 1
32.1 1
32.2 1
32.3 20
32.4 40
32.5 5
32.6 0
32.7 0
32.8 0
32.9 0
33 0
33.1 0
33.2 0
33.3 0
33.4 0
33.5 0
33.6 0
33.7 0
33.8 0
33.9 0
34 9
34.1 30
34.2 40
34.3 19
34.4 0
34.5 0
34.6 0
34.7 0
34.8 0
34.9 0
35 0
35.1 0
35.2 0
35.3 0
35.4 0
35.5 0
35.6 0
35.7 19
35.8 40
35.9 26
36 6
36.1 1
36.2 1
36.3 1
36.4 1
36.5 2
36.6 1
36.7 1
36.8 1
36.9 2
37 1
37.1 1
37.2 1
37.3 13
37.4 34
37.5 33
37.6 13
37.7 1
37.8 1
37.9 1
38 1
38.1 1
38.2 1
38.3 2
38.4 1
38.5 1
38.6 1
38.7 1
38.8 1
38.9 5
39 26
39.1 41
39.2 20
39.3 1
39.4 1
39.5 1
39.6 1
39.7 1
39.8 1
39.9 1
40 1
40.1 2
40.2 1
40.3 1
40.4 1
40.5 1
40.6 18
40.7 39
40.8 27
40.9 6
41 1
41.1 1
41.2 1
41.3 1
41.4 1
41.5 1
41.6 1
41.7 1
41.8 2
41.9 0
42 0
42.1 0
42.2 10
42.3 31
42.4 35
42.5 15
42.6 1
42.7 1
42.8 2
42.9 1
43 1
43.1 1
43.2 2
43.3 1
43.4 1
43.5 1
43.6 1
43.7 2
43.8 3
43.9 0
44 0
44.1 0
44.2 0
44.3 0
44.4 0
44.5 0
44.6 0
44.7 13
44.8 33
44.9 33
45 12
45.1 1
45.2 2
45.3 1
45.4 1
45.5 1
45.6 2
45.7 1
45.8 1
45.9 1
46 1
46.1 2
46.2 1
46.3 6
46.4 27
46.5 40
46.6 19
46.7 1
46.8 1
46.9 1
47 2
47.1 1
47.2 1
47.3 1
47.4 1
47.5 1
47.6 1
47.7 1
47.8 1
47.9 2
48 19
48.1 40
48.2 27
48.3 6
48.4 1
48.5 1
48.6 1
48.7 1
48.8 2
48.9 1
49 1
49.1 1
49.2 1
49.3 1
49.4 1
49.5 1
49.6 13
49.7 34
49.8 33
49.9 13
50 1
50.1 1
50.2 1
50.3 1
50.4 1
50.5 1
50.6 1
50.7 1
50.8 1
50.9 1
51 1
51.1 1
51.2 5
51.3 26
51.4 41
51.5 20
51.6 1
51.7 1
51.8 1
51.9 1
52 1
52.1 1
52.2 1
52.3 1
52.4 1
52.5 1
52.6 1
52.7 1
52.8 1
52.9 18
53 39
53.1 27
53.2 6
53.3 2
53.4 1
53.5 1
53.6 1
53.7 2
53.8 1
53.9 1
54 1
54.1 1
54.2 2
54.3 1
54.4 1
54.5 12
54.6 33
54.7 34
54.8 0
54.9 0
55 0
55.1 0
55.2 0
55.3 0
55.4 0
55.5 0
55.6 0
55.7 19
55.8 39
55.9 26
56 6
56.1 2
56.2 2
56.3 1
56.4 1
56.5 1
56.6 2
56.7 1
56.8 1
56.9 1
57 2
57.1 2
57.2 1
57.3 12
57.4 33
57.5 34
57.6 13
57.7 1
57.8 1
57.9 1
58 2
58.1 1
58.2 1
58.3 1
58.4 2
58.5 1
58.6 1
58.7 1
58.8 1
58.9 5
59 26
59.1 41
59.2 20
59.3 2
59.4 1
59.5 1
59.6 1
59.7 1
59.8 2
59.9 1
60 1
60.1 1
60.2 2
60.3 1
60.4 1
60.5 1
60.6 19
60.7 40
60.8 27
60.9 6
61 1
61.1 1
61.2 1
61.3 1
61.4 1
61.5 2
61.6 0
61.7 0
61.8 0
61.9 0
62 0
62.1 0
62.2 10
62.3 31
62.4 36
62.5 17
62.6 3
62.7 4
62.8 5
62.9 6
63 7
63.1 8
63.2 9
63.3 10
63.4 11
63.5 11
63.6 13
63.7 15
63.8 17
63.9 38
64 58
64.1 38
64.2 18
64.3 20
64.4 20
64.5 21
64.6 22
64.7 23
64.8 24
64.9 24
65 25
65.1 25
65.2 25
65.3 24
65.4 25
65.5 40
65.6 61
65.7 28
65.8 0
65.9 0
66 0
66.1 0
66.2 0
66.3 0
66.4 0
66.5 0
66.6 0
66.7 0
66.8 0
66.9 0
67 2
67.1 23
67.2 43
67.3 23
67.4 2
67.5 2
67.6 2
67.7 1
67.8 1
67.9 1
68 2
68.1 1
68.2 1
68.3 1
68.4 2
68.5 2
68.6 1
68.7 16
68.8 37
68.9 31
69 9
69.1 1
69.2 1
69.3 1
69.4 2
69.5 1
69.6 1
69.7 1
69.8 2
69.9 1
70 1
70.1 1
70.2 1
70.3 9
70.4 29
70.5 37
70.6 17
70.7 1
70.8 1
70.9 1
71 1
71.1 1
71.2 2
71.3 1
71.4 1
71.5 1
71.6 1
71.7 1
71.8 1
71.9 2
72 23
72.1 44
72.2 23
72.3 3
72.4 1
72.5 1
72.6 1
72.7 1
72.8 1
72.9 1
73 2
73.1 1
73.2 1
73.3 1
73.4 1
73.5 1
73.6 15
73.7 36
73.8 31
73.9 10
74 1
74.1 1
74.2 1
74.3 1
74.4 1
74.5 1
74.6 1
74.7 1
74.8 1
74.9 1
75 1
75.1 1
75.2 8
75.3 28
75.4 37
75.5 17
75.6 2
75.7 2
75.8 1
75.9 1
76 1
76.1 2
76.2 1
76.3 1
76.4 1
76.5 2
76.6 2
76.7 1
76.8 1
76.9 22
77 43
77.1 24
77.2 0
77.3 0
77.4 0
77.5 0
77.6 0
77.7 0
77.8 0
77.9 0
78 0
78.1 0
78.2 0
78.3 0
78.4 0
78.5 14
78.6 34
78.7 32
78.8 11
78.9 1
79 2
79.1 1
79.2 1
79.3 1
79.4 2
79.5 1
79.6 1
79.7 1
79.8 1
79.9 2
80 1
80.1 7
80.2 28
80.3 40
80.4 18
80.5 1
80.6 1
80.7 1
80.8 2
80.9 1
81 1
81.1 1
81.2 2
81.3 1
81.4 1
81.5 1
81.6 1
81.7 2
81.8 20
81.9 41
82 26
82.1 5
82.2 1
82.3 1
82.4 1
82.5 1
82.6 2
82.7 1
82.8 1
82.9 1
83 1
83.1 1
83.2 1
83.3 1
83.4 14
83.5 35
83.6 32
83.7 12
83.8 1
83.9 1
84 1
84.1 1
84.2 1
84.3 1
84.4 2
84.5 1
84.6 1
84.7 1
84.8 1
84.9 1
85 6
85.1 27
85.2 40
85.3 19
85.4 1
85.5 1
85.6 1
85.7 1
85.8 1
85.9 1
86 1
86.1 1
86.2 1
86.3 1
86.4 1
86.5 1
86.6 1
86.7 19
86.8 40
86.9 26
87 5
87.1 2
87.2 1
87.3 1
87.4 1
87.5 2
87.6 1
87.7 1
87.8 1
87.9 1
88 2
88.1 1
88.2 1
88.3 13
88.4 34
88.5 0
88.6 0
88.7 0
88.8 0
88.9 0
89 0
89.1 0
89.2 0
89.3 0
89.4 0
89.5 0
89.6 0
89.7 2
89.8 23
89.9 44
90 22
90.1 1
90.2 1
90.3 1
90.4 2
90.5 0
90.6 0
90.7 0
90.8 0
90.9 0
91 0
91.1 0
91.2 0
91.3 0
91.4 14
91.5 35
91.6 32
91.7 11
91.8 1
91.9 1
92 1
92.1 1
92.2 2
92.3 1
92.4 1
92.5 1
92.6 2
92.7 1
92.8 1
92.9 1
93 8
93.1 29
93.2 38
93.3 18
93.4 1
93.5 1
93.6 1
93.7 2
93.8 1
93.9 1
94 2
94.1 1
94.2 1
94.3 1
94.4 1
94.5 1
94.6 1
94.7 21
94.8 42
94.9 25
95 4
95.1 1
95.2 1
95.3 1
95.4 1
95.5 1
95.6 1
95.7 1
95.8 2
95.9 1
96 1
96.1 1
96.2 1
96.3 13
96.4 34
96.5 32
96.6 11
96.7 1
96.8 1
96.9 1
97 1
97.1 1
97.2 1
97.3 1
97.4 1
97.5 1
97.6 1
97.7 1
97.8 1
97.9 7
98 28
98.1 39
98.2 18
98.3 1
98.4 1
98.5 1
98.6 1
98.7 1
98.8 1
98.9 1
99 1
99.1 1
99.2 1
99.3 1
99.4 1
99.5 1
99.6 20
99.7 41
99.8 18
99.9 0
100 0
