0.1 0.00448
0.2 0
0.3 1.20416
0.4 0
0.5 1.8
0.6 0.36
0.7 1.8
0.8 2.04
0.9 2.88
1 3.12
1.1 5.52
1.2 6.84
1.3 9.6
1.4 14.52
1.5 19.44
1.6 20.04
1.7 19.92
1.8 14.04
1.9 10.08
2 9.84
2.1 10.08
2.2 10.08
2.3 9.96
2.4 9.96
2.5 9.96
2.6 10.08
2.7 9.96
2.8 13.08
2.9 14.16
3 9.96
3.1 10.08
3.2 9.96
3.3 4.32
3.4 3.48
3.5 3.48
3.6 3.48
3.7 4.2
3.8 10.32
3.9 9.96
4 10.08
4.1 9.96
4.2 10.08
4.3 10.08
4.4 10.08
4.5 10.08
4.6 10.08
4.7 9.96
4.8 10.08
4.9 9.96
5 9.96
5.1 9.96
5.2 12.36
5.3 12.48
5.4 7.92
5.5 7.44
5.6 9.84
5.7 9.96
5.8 9.96
5.9 9.96
6 9.96
6.1 10.08
6.2 9.96
6.3 9.96
6.4 9.96
6.5 10.08
6.6 9.96
6.7 9.96
6.8 12
6.9 12.48
7 8.52
7.1 7.56
7.2 9.36
7.3 9.96
7.4 10.08
7.5 9.96
7.6 9.96
7.7 9.96
7.8 9.96
7.9 10.08
8 9.96
8.1 9.96
8.2 9.96
8.3 10.08
8.4 11.52
8.5 12.48
8.6 9.36
8.7 7.44
8.8 9.12
8.9 9.96
9 9.96
9.1 9.96
9.2 10.08
9.3 9.96
9.4 9.96
9.5 9.96
9.6 9.96
9.7 10.08
9.8 9.96
9.9 9.96
10 11.28
10.1 12.48
10.2 10.08
10.3 0
10.4 0
10.5 0.48
10.6 0
10.7 4.92
10.8 9.96
10.9 9.96
11 10.08
11.1 10.56
11.2 12.48
11.3 12.48
11.4 7.44
11.5 7.56
11.6 9.84
11.7 9.96
11.8 10.08
11.9 9.96
12 9.96
12.1 9.96
12.2 10.08
12.3 9.96
12.4 9.96
12.5 9.96
12.6 9.96
12.7 10.08
12.8 11.76
12.9 12.48
13 9.12
13.1 7.44
13.2 9.12
13.3 9.96
13.4 9.96
13.5 9.96
13.6 10.08
13.7 9.96
13.8 9.96
13.9 9.96
14 9.96
14.1 10.08
14.2 9.96
14.3 9.96
14.4 10.92
14.5 12.48
14.6 10.92
14.7 7.44
14.8 8.16
14.9 9.96
15 10.08
15.1 9.96
15.2 9.96
15.3 9.96
15.4 10.08
15.5 9.96
15.6 9.96
15.7 9.96
15.8 9.96
15.9 10.08
16 9.96
16.1 12.48
16.2 12.6
16.3 7.56
16.4 7.44
16.5 9.84
16.6 9.96
16.7 9.96
16.8 10.08
16.9 9.96
17 9.96
17.1 9.96
17.2 9.96
17.3 10.08
17.4 9.96
17.5 9.96
17.6 9.96
17.7 11.76
17.8 12.48
17.9 9.24
18 7.56
18.1 8.88
18.2 10.08
18.3 9.96
18.4 9.96
18.5 9.96
18.6 10.08
18.7 9.96
18.8 9.96
18.9 9.96
19 9.96
19.1 10.08
19.2 9.96
19.3 10.8
19.4 12.48
19.5 11.04
19.6 7.44
19.7 8.16
19.8 9.96
19.9 10.08
20 9.96
20.1 9.96
20.2 9.96
20.3 10.08
20.4 9.96
20.5 9.96
20.6 9.96
20.7 9.96
20.8 10.08
20.9 9.96
21 12.48
21.1 12.48
21.2 7.68
21.3 2.76
21.4 0
21.5 0.36
21.6 0
21.7 4.2
21.8 9.96
21.9 9.96
22 10.08
22.1 9.96
22.2 9.96
22.3 10.32
22.4 12.48
22.5 12.48
22.6 8.16
22.7 7.44
22.8 9.6
22.9 9.96
23 9.96
23.1 9.96
23.2 10.08
23.3 9.96
23.4 9.96
23.5 9.96
23.6 10.08
23.7 9.96
23.8 9.96
23.9 9.96
24 11.4
24.1 11.52
24.2 10.8
24.3 9.84
24.4 6.48
24.5 9.6
24.6 9.96
24.7 9.96
24.8 10.08
24.9 9.96
25 9.96
25.1 9.96
25.2 9.96
25.3 9.96
25.4 9.84
25.5 9.96
25.6 9.96
25.7 11.52
25.8 12.36
25.9 10.68
26 7.44
26.1 8.28
26.2 9.96
26.3 10.08
26.4 9.96
26.5 9.96
26.6 9.96
26.7 9.96
26.8 10.08
26.9 9.96
27 9.96
27.1 9.96
27.2 10.08
27.3 10.08
27.4 12.48
27.5 12.48
27.6 7.68
27.7 7.44
27.8 9.84
27.9 9.96
28 10.08
28.1 9.96
28.2 9.96
28.3 9.96
28.4 10.08
28.5 9.96
28.6 9.96
28.7 9.96
28.8 9.96
28.9 10.08
29 11.64
29.1 12.48
29.2 9.36
29.3 7.44
29.4 9
29.5 9.96
29.6 9.96
29.7 9.96
29.8 10.08
29.9 9.96
30 9.96
30.1 9.96
30.2 9.96
30.3 10.08
30.4 9.96
30.5 9.96
30.6 10.8
30.7 12.48
30.8 11.04
30.9 7.56
31 8.04
31.1 9.96
31.2 10.08
31.3 9.96
31.4 9.96
31.5 9.96
31.6 9.96
31.7 10.08
31.8 9.96
31.9 9.96
32 9.96
32.1 10.08
32.2 9.96
32.3 12.48
32.4 12.48
32.5 4.44
32.6 0
32.7 0.24
32.8 0.24
32.9 0
33 9.96
33.1 9.96
33.2 10.08
33.3 9.96
33.4 9.96
33.5 9.96
33.6 9.96
33.7 10.08
33.8 9.96
33.9 9.96
34 11.64
34.1 12.48
34.2 10.8
34.3 7.44
34.4 7.92
34.5 9.96
34.6 10.08
34.7 9.96
34.8 9.96
34.9 9.96
35 9.96
35.1 10.08
35.2 9.96
35.3 9.96
35.4 9.96
35.5 10.08
35.6 9.96
35.7 12.48
35.8 12.48
35.9 7.92
36 7.44
36.1 9.72
36.2 9.96
36.3 10.08
36.4 9.96
36.5 9.96
36.6 9.96
36.7 10.08
36.8 9.96
36.9 9.96
37 9.96
37.1 9.96
37.2 10.08
37.3 11.52
37.4 12.48
37.5 9.6
37.6 7.44
37.7 8.88
37.8 9.96
37.9 9.96
38 9.96
38.1 10.08
38.2 9.96
38.3 9.96
38.4 9.96
38.5 9.96
38.6 10.08
38.7 9.96
38.8 9.96
38.9 10.8
39 12.48
39.1 11.16
39.2 7.56
39.3 7.92
39.4 9.96
39.5 10.08
39.6 9.96
39.7 9.96
39.8 9.96
39.9 9.96
40 10.08
40.1 9.96
40.2 9.96
40.3 9.96
40.4 10.08
40.5 9.96
40.6 12.36
40.7 12.48
40.8 7.92
40.9 7.56
41 9.6
41.1 9.96
41.2 9.96
41.3 10.08
41.4 9.96
41.5 9.96
41.6 9.96
41.7 10.08
41.8 9.96
41.9 9.72
42 9.96
42.1 10.08
42.2 11.52
42.3 12.48
42.4 10.08
42.5 7.44
42.6 8.64
42.7 9.96
42.8 9.96
42.9 9.96
43 10.08
43.1 9.96
43.2 9.96
43.3 9.96
43.4 9.96
43.5 10.08
43.6 9.96
43.7 9.96
43.8 9.6
43.9 0
44 0.12
44.1 0.36
44.2 0
44.3 9.84
44.4 9.96
44.5 9.96
44.6 9.96
44.7 12.24
44.8 12.48
44.9 9.36
45 7.44
45.1 9
45.2 9.96
45.3 9.96
45.4 10.08
45.5 9.96
45.6 9.96
45.7 9.96
45.8 9.96
45.9 10.08
46 9.96
46.1 9.96
46.2 9.96
46.3 10.8
46.4 12.48
46.5 11.16
46.6 7.44
46.7 8.04
46.8 10.08
46.9 9.96
47 9.96
47.1 9.96
47.2 9.96
47.3 10.08
47.4 9.96
47.5 9.96
47.6 9.96
47.7 10.08
47.8 9.96
47.9 9.96
48 12.48
48.1 12.48
48.2 7.8
48.3 7.44
48.4 9.72
48.5 9.96
48.6 10.08
48.7 9.96
48.8 9.96
48.9 9.96
49 9.96
49.1 10.08
49.2 9.96
49.3 9.96
49.4 9.96
49.5 10.08
49.6 11.52
49.7 12.48
49.8 9.48
49.9 7.56
50 8.88
50.1 9.96
50.2 9.96
50.3 9.96
50.4 9.96
50.5 10.08
50.6 9.96
50.7 9.96
50.8 9.96
50.9 10.08
51 9.96
51.1 9.96
51.2 10.68
51.3 12.48
51.4 11.28
51.5 7.44
51.6 8.04
51.7 9.96
51.8 9.96
51.9 10.08
52 9.96
52.1 9.96
52.2 9.96
52.3 10.08
52.4 9.96
52.5 9.96
52.6 9.96
52.7 9.96
52.8 10.08
52.9 12.36
53 12.48
53.1 7.92
53.2 7.56
53.3 9.6
53.4 9.96
53.5 10.08
53.6 9.96
53.7 9.96
53.8 9.96
53.9 9.96
54 10.08
54.1 9.96
54.2 9.96
54.3 9.96
54.4 10.08
54.5 11.52
54.6 12.48
54.7 9.6
54.8 1.68
54.9 0
55 0.48
55.1 0
55.2 4.08
55.3 9.96
55.4 9.96
55.5 9.96
55.6 10.44
55.7 12.48
55.8 12.48
55.9 7.92
56 7.44
56.1 9.72
56.2 9.96
56.3 9.96
56.4 10.08
56.5 9.96
56.6 9.96
56.7 9.96
56.8 10.08
56.9 9.96
57 9.96
57.1 9.96
57.2 9.96
57.3 11.64
57.4 12.48
57.5 9.6
57.6 7.44
57.7 8.76
57.8 10.08
57.9 9.96
58 9.96
58.1 9.96
58.2 10.08
58.3 9.96
58.4 9.96
58.5 9.96
58.6 9.96
58.7 10.08
58.8 9.96
58.9 10.68
59 12.48
59.1 11.28
59.2 7.56
59.3 7.92
59.4 9.96
59.5 9.96
59.6 10.08
59.7 9.96
59.8 9.96
59.9 9.96
60 9.96
60.1 10.08
60.2 9.96
60.3 9.96
60.4 9.96
60.5 10.08
60.6 12.24
60.7 12.48
60.8 8.04
60.9 7.56
61 9.6
61.1 9.96
61.2 9.96
61.3 9.96
61.4 10.08
61.5 9.96
61.6 9.72
61.7 9.96
61.8 10.08
61.9 9.96
62 9.96
62.1 9.96
62.2 11.64
62.3 12.48
62.4 10.08
62.5 7.56
62.6 8.64
62.7 10.2
62.8 10.08
62.9 10.08
63 10.08
63.1 10.08
63.2 10.08
63.3 10.2
63.4 10.08
63.5 10.08
63.6 10.08
63.7 10.08
63.8 10.56
63.9 12.6
64 12
64.1 7.56
64.2 7.8
64.3 10.08
64.4 10.08
64.5 10.2
64.6 10.08
64.7 10.08
64.8 10.08
64.9 10.08
65 9.96
65.1 9.96
65.2 10.08
65.3 9.96
65.4 9.96
65.5 12.12
65.6 12.48
65.7 4.8
65.8 0
65.9 0
66 0.36
66.1 0
66.2 7.44
66.3 9.96
66.4 9.96
66.5 9.96
66.6 10.08
66.7 9.96
66.8 9.96
66.9 9.96
67 10.92
67.1 12.48
67.2 12
67.3 7.44
67.4 7.68
67.5 9.96
67.6 9.96
67.7 9.96
67.8 10.08
67.9 9.96
68 9.96
68.1 9.96
68.2 9.96
68.3 10.08
68.4 9.96
68.5 9.96
68.6 9.96
68.7 12
68.8 12.48
68.9 8.76
69 7.44
69.1 9.24
69.2 10.08
69.3 9.96
69.4 9.96
69.5 9.96
69.6 10.08
69.7 9.96
69.8 9.96
69.9 9.96
70 9.96
70.1 10.08
70.2 9.96
70.3 11.16
70.4 12.48
70.5 10.32
70.6 7.56
70.7 8.4
70.8 9.96
70.9 9.96
71 10.08
71.1 9.96
71.2 9.96
71.3 9.96
71.4 9.96
71.5 10.08
71.6 9.96
71.7 9.96
71.8 9.96
71.9 10.32
72 12.48
72.1 12.12
72.2 7.56
72.3 7.44
72.4 10.08
72.5 9.96
72.6 9.96
72.7 9.96
72.8 10.08
72.9 9.96
73 9.96
73.1 9.96
73.2 9.96
73.3 10.08
73.4 9.96
73.5 9.96
73.6 11.88
73.7 12.6
73.8 8.76
73.9 7.56
74 9.12
74.1 9.96
74.2 10.08
74.3 9.96
74.4 9.96
74.5 9.96
74.6 9.96
74.7 10.08
74.8 9.96
74.9 9.96
75 9.96
75.1 10.08
75.2 11.04
75.3 12.48
75.4 10.56
75.5 7.44
75.6 8.4
75.7 9.96
75.8 9.96
75.9 10.08
76 9.96
76.1 9.96
76.2 9.96
76.3 9.96
76.4 10.08
76.5 9.96
76.6 9.96
76.7 9.96
76.8 10.32
76.9 12.48
77 12.24
77.1 7.44
77.2 5.28
77.3 0
77.4 0.48
77.5 0
77.6 1.68
77.7 9.96
77.8 9.96
77.9 9.96
78 10.08
78.1 9.96
78.2 9.96
78.3 9.96
78.4 10.08
78.5 12.24
78.6 12.48
78.7 9.12
78.8 7.44
78.9 9.12
79 9.96
79.1 9.96
79.2 10.08
79.3 9.96
79.4 9.96
79.5 9.96
79.6 9.96
79.7 10.08
79.8 9.96
79.9 9.96
80 9.96
80.1 10.92
80.2 12.48
80.3 10.92
80.4 7.44
80.5 8.16
80.6 10.08
80.7 9.96
80.8 9.96
80.9 9.96
81 10.08
81.1 9.96
81.2 9.96
81.3 9.96
81.4 9.96
81.5 10.08
81.6 9.96
81.7 10.08
81.8 12.48
81.9 12.48
82 7.56
82.1 7.44
82.2 9.84
82.3 9.96
82.4 10.08
82.5 9.96
82.6 9.96
82.7 9.96
82.8 9.96
82.9 10.08
83 9.96
83.1 9.96
83.2 9.96
83.3 10.08
83.4 11.64
83.5 12.48
83.6 9.24
83.7 7.56
83.8 9
83.9 9.96
84 9.96
84.1 9.96
84.2 9.96
84.3 10.08
84.4 9.96
84.5 9.96
84.6 9.96
84.7 10.08
84.8 9.96
84.9 9.96
85 10.8
85.1 12.48
85.2 11.04
85.3 7.56
85.4 8.04
85.5 9.96
85.6 10.08
85.7 9.96
85.8 9.96
85.9 9.96
86 9.96
86.1 10.08
86.2 9.96
86.3 9.96
86.4 9.96
86.5 10.08
86.6 9.96
86.7 12.48
86.8 12.48
86.9 7.68
87 7.56
87.1 9.72
87.2 9.96
87.3 10.08
87.4 9.96
87.5 9.96
87.6 9.96
87.7 9.96
87.8 10.08
87.9 9.96
88 9.96
88.1 9.96
88.2 10.08
88.3 11.64
88.4 12
88.5 0
88.6 0
88.7 0.36
88.8 0
88.9 5.88
89 10.08
89.1 9.96
89.2 9.96
89.3 9.96
89.4 10.08
89.5 9.96
89.6 9.96
89.7 10.92
89.8 12.48
89.9 11.88
90 7.44
90.1 7.68
90.2 10.08
90.3 9.96
90.4 9.96
90.5 9.72
90.6 10.08
90.7 9.96
90.8 9.96
90.9 9.96
91 9.96
91.1 10.08
91.2 9.96
91.3 9.96
91.4 12.12
91.5 12.48
91.6 9
91.7 7.44
91.8 9.12
91.9 9.96
92 10.08
92.1 9.96
92.2 9.96
92.3 9.96
92.4 10.08
92.5 9.96
92.6 9.96
92.7 9.96
92.8 9.96
92.9 10.08
93 10.92
93.1 12.48
93.2 10.8
93.3 7.44
93.4 8.28
93.5 9.96
93.6 9.96
93.7 9.96
93.8 10.08
93.9 9.96
94 9.96
94.1 9.96
94.2 9.96
94.3 10.08
94.4 9.96
94.5 9.96
94.6 10.2
94.7 12.48
94.8 12.36
94.9 7.56
95 7.44
95.1 9.84
95.2 10.08
95.3 9.96
95.4 9.96
95.5 9.96
95.6 10.08
95.7 9.96
95.8 9.96
95.9 9.96
96 9.96
96.1 10.08
96.2 9.96
96.3 11.76
96.4 12.48
96.5 9.12
96.6 7.56
96.7 9
96.8 9.96
96.9 9.96
97 10.08
97.1 9.96
97.2 9.96
97.3 9.96
97.4 9.96
97.5 10.08
97.6 9.96
97.7 9.96
97.8 9.96
97.9 10.92
98 12.48
98.1 10.92
98.2 7.44
98.3 8.16
98.4 10.08
98.5 9.96
98.6 9.96
98.7 9.96
98.8 9.96
98.9 10.08
99 9.96
99.1 9.96
99.2 9.96
99.3 10.08
99.4 9.96
99.5 10.08
99.6 12.48
99.7 12.48
99.8 5.88
99.9 0
100 0
