0 0
0.1 0
0.2 0
0.3 0
0.4 0
0.5 0
0.6 0
0.7 0
0.8 0
0.9 0
1 0
1.1 0
1.2 0
1.3 0
1.4 33
1.5 109
1.6 192
1.7 257
1.8 258
1.9 258
2 257
2.1 258
2.2 257
2.3 258
2.4 257
2.5 256
2.6 256
2.7 256
2.8 258
2.9 257
3 257
3.1 257
3.2 258
3.3 216
3.4 161
3.5 107
3.6 53
3.7 0
3.8 2
3.9 2
4 3
4.1 3
4.2 4
4.3 3
4.4 4
4.5 5
4.6 6
4.7 6
4.8 7
4.9 7
5 4
5.1 4
5.2 21
5.3 42
5.4 27
5.5 7
5.6 3
5.7 3
5.8 3
5.9 3
6 4
6.1 3
6.2 3
6.3 3
6.4 4
6.5 3
6.6 3
6.7 3
6.8 19
6.9 19
7 39
7.1 24
7.2 3
7.3 0
7.4 0
7.5 0
7.6 0
7.7 0
7.8 0
7.9 0
8 0
8.1 0
8.2 0
8.3 0
8.4 0
8.5 15
8.6 36
8.7 28
8.8 6
8.9 0
9 0
9.1 0
9.2 0
9.3 0
9.4 0
9.5 1
9.6 1
9.7 0
9.8 0
9.9 0
10 0
10.1 12
10.2 12
10.3 0
10.4 0
10.5 0
10.6 0
10.7 0
10.8 0
10.9 0
11 0
11.1 11
11.2 31
11.3 30
11.4 37
11.5 17
11.6 1
11.7 1
11.8 1
11.9 1
12 2
12.1 1
12.2 1
12.3 1
12.4 2
12.5 1
12.6 1
12.7 1
12.8 2
12.9 23
13 43
13.1 23
13.2 3
13.3 1
13.4 0
13.5 0
13.6 0
13.7 0
13.8 0
13.9 0
14 0
14.1 0
14.2 0
14.3 0
14.4 0
14.5 14
14.6 35
14.7 33
14.8 11
14.9 1
15 1
15.1 2
15.2 1
15.3 1
15.4 1
15.5 1
15.6 2
15.7 1
15.8 1
15.9 1
16 2
16.1 6
16.2 27
16.3 39
16.4 19
16.5 2
16.6 1
16.7 1
16.8 1
16.9 1
17 1
17.1 1
17.2 1
17.3 1
17.4 2
17.5 1
17.6 1
17.7 1
17.8 21
17.9 41
18 25
18.1 5
18.2 1
18.3 2
18.4 1
18.5 1
18.6 0
18.7 0
18.8 0
18.9 0
19 0
19.1 0
19.2 0
19.3 0
19.4 13
19.5 34
19.6 34
19.7 12
19.8 8
19.9 25
20 21
20.1 21
20.2 20
20.3 21
20.4 21
20.5 10
20.6 9
20.7 10
20.8 10
20.9 10
21 0
21.1 0
21.2 0
21.3 0
21.4 0
21.5 0
21.6 0
21.7 0
21.8 0
21.9 0
22 3
22.1 24
22.2 43
22.3 23
22.4 2
22.5 2
22.6 1
22.7 0
22.8 0
22.9 0
23 0
23.1 0
23.2 0
23.3 0
23.4 0
23.5 0
23.6 0
23.7 15
23.8 36
23.9 31
24 10
24.1 1
24.2 1
24.3 2
24.4 1
24.5 1
24.6 1
24.7 2
24.8 0
24.9 0
25 0
25.1 0
25.2 0
25.3 6
25.4 27
25.5 40
25.6 19
25.7 1
25.8 1
25.9 0
26 1
26.1 0
26.2 0
26.3 0
26.4 0
26.5 1
26.6 0
26.7 0
26.8 0
26.9 0
27 4
27.1 16
27.2 0
27.3 0
27.4 0
27.5 0
27.6 0
27.7 0
27.8 0
27.9 0
28 0
28.1 0
28.2 0
28.3 0
28.4 0
28.5 12
28.6 33
28.7 33
28.8 13
28.9 1
29 1
29.1 1
29.2 1
29.3 0
29.4 1
29.5 1
29.6 1
29.7 1
29.8 1
29.9 1
30 1
30.1 5
30.2 25
30.3 40
30.4 20
30.5 1
30.6 2
30.7 1
30.8 1
30.9 1
31 2
31.1 1
31.2 1
31.3 1
31.4 1
31.5 1
31.6 0
31.7 0
31.8 0
31.9 0
32 0
32.1 0
32.2 0
32.3 0
32.4 0
32.5 0
32.6 0
32.7 0
32.8 0
32.9 0
33 0
33.1 0
33.2 8
33.3 17
33.4 33
33.5 35
33.6 13
33.7 1
33.8 1
33.9 2
34 1
34.1 1
34.2 1
34.3 1
34.4 2
34.5 1
34.6 1
34.7 1
34.8 2
34.9 2
35 24
35.1 43
35.2 23
35.3 2
35.4 1
35.5 1
35.6 1
35.7 2
35.8 0
35.9 0
36 0
36.1 0
36.2 0
36.3 0
36.4 0
36.5 0
36.6 16
36.7 16
36.8 37
36.9 30
37 9
37.1 2
37.2 1
37.3 1
37.4 1
37.5 2
37.6 1
37.7 1
37.8 1
37.9 2
38 2
38.1 1
38.2 1
38.3 10
38.4 24
38.5 43
38.6 22
38.7 2
38.8 2
38.9 2
39 1
39.1 1
39.2 1
39.3 2
39.4 1
39.5 1
39.6 1
39.7 2
39.8 2
39.9 1
40 17
40.1 21
40.2 42
40.3 25
40.4 4
40.5 1
40.6 2
40.7 0
40.8 0
40.9 0
41 0
41.1 1
41.2 0
41.3 0
41.4 0
41.5 1
41.6 0
41.7 10
41.8 10
41.9 27
42 0
42.1 0
42.2 0
42.3 0
42.4 0
42.5 0
42.6 0
42.7 0
42.8 0
42.9 0
43 0
43.1 0
43.2 0
43.3 0
43.4 18
43.5 40
43.6 31
43.7 10
43.8 4
43.9 5
44 5
44.1 5
44.2 6
44.3 6
44.4 7
44.5 6
44.6 7
44.7 7
44.8 8
44.9 4
45 12
45.1 33
45.2 38
45.3 18
45.4 3
45.5 3
45.6 3
45.7 3
45.8 4
45.9 3
46 3
46.1 3
46.2 4
46.3 3
46.4 3
46.5 3
46.6 5
46.7 26
46.8 45
46.9 24
47 4
47.1 4
47.2 3
47.3 3
47.4 3
47.5 3
47.6 4
47.7 3
47.8 3
47.9 3
48 4
48.1 3
48.2 1
48.3 16
48.4 37
48.5 32
48.6 11
48.7 2
48.8 2
48.9 3
49 2
49.1 2
49.2 2
49.3 1
49.4 1
49.5 0
49.6 0
49.7 0
49.8 1
49.9 6
50 27
50.1 41
50.2 21
50.3 3
50.4 3
50.5 1
50.6 2
50.7 2
50.8 1
50.9 0
51 0
51.1 0
51.2 0
51.3 0
51.4 0
51.5 0
51.6 1
51.7 3
51.8 24
51.9 45
52 24
52.1 4
52.2 2
52.3 2
52.4 2
52.5 3
52.6 2
52.7 0
52.8 0
52.9 1
53 1
53.1 0
53.2 0
53.3 0
53.4 0
53.5 0
53.6 0
53.7 0
53.8 0
53.9 0
54 0
54.1 11
54.2 32
54.3 34
54.4 13
54.5 2
54.6 1
54.7 1
54.8 1
54.9 2
55 1
55.1 1
55.2 1
55.3 1
55.4 0
55.5 0
55.6 0
55.7 3
55.8 24
55.9 42
56 22
56.1 1
56.2 1
56.3 2
56.4 1
56.5 1
56.6 1
56.7 2
56.8 1
56.9 1
57 1
57.1 1
57.2 2
57.3 1
57.4 17
57.5 38
57.6 29
57.7 8
57.8 1
57.9 1
58 1
58.1 2
58.2 1
58.3 1
58.4 1
58.5 1
58.6 0
58.7 0
58.8 0
58.9 0
59 9
59.1 29
59.2 38
59.3 17
59.4 2
59.5 1
59.6 1
59.7 1
59.8 1
59.9 2
60 1
60.1 1
60.2 1
60.3 2
60.4 1
60.5 1
60.6 1
60.7 22
60.8 43
60.9 10
61 0
61.1 0
61.2 0
61.3 0
61.4 0
61.5 0
61.6 1
61.7 0
61.8 0
61.9 0
62 0
62.1 0
62.2 3
62.3 24
62.4 43
62.5 22
62.6 2
62.7 1
62.8 1
62.9 1
63 1
63.1 1
63.2 1
63.3 1
63.4 1
63.5 2
63.6 1
63.7 1
63.8 1
63.9 17
64 37
64.1 0
64.2 0
64.3 0
64.4 0
64.5 0
64.6 0
64.7 0
64.8 0
64.9 0
65 0
65.1 0
65.2 0
65.3 0
65.4 14
65.5 35
65.6 38
65.7 38
65.8 17
65.9 0
66 0
66.1 0
66.2 0
66.3 0
66.4 0
66.5 0
66.6 0
66.7 0
66.8 0
66.9 0
67 0
67.1 0
67.2 0
67.3 11
67.4 32
67.5 35
67.6 14
67.7 3
67.8 3
67.9 4
68 5
68.1 6
68.2 6
68.3 7
68.4 8
68.5 9
68.6 10
68.7 10
68.8 12
68.9 15
69 38
69.1 55
69.2 35
69.3 16
69.4 17
69.5 18
69.6 19
69.7 19
69.8 19
69.9 10
70 11
70.1 12
70.2 13
70.3 14
70.4 15
70.5 15
70.6 33
70.7 56
70.8 45
70.9 24
71 20
71.1 21
71.2 22
71.3 23
71.4 23
71.5 23
71.6 23
71.7 23
71.8 22
71.9 23
72 23
72.1 23
72.2 33
72.3 53
72.4 56
72.5 36
72.6 23
72.7 23
72.8 23
72.9 23
73 23
73.1 24
73.2 23
73.3 23
73.4 23
73.5 23
73.6 23
73.7 23
73.8 26
73.9 47
74 64
74.1 43
74.2 23
74.3 23
74.4 23
74.5 23
74.6 23
74.7 23
74.8 23
74.9 24
75 23
75.1 23
75.2 0
75.3 0
75.4 0
75.5 0
75.6 0
75.7 0
75.8 0
75.9 0
76 0
76.1 0
76.2 0
76.3 0
76.4 1
76.5 20
76.6 36
76.7 36
76.8 37
76.9 8
77 0
77.1 0
77.2 0
77.3 0
77.4 0
77.5 0
77.6 0
77.7 0
77.8 0
77.9 0
78 0
78.1 0
78.2 4
78.3 24
78.4 41
78.5 20
78.6 1
78.7 0
78.8 0
78.9 0
79 0
79.1 0
79.2 0
79.3 0
79.4 0
79.5 0
79.6 0
79.7 0
79.8 0
79.9 13
80 34
80.1 33
80.2 13
80.3 1
80.4 1
80.5 1
80.6 1
80.7 1
80.8 1
80.9 2
81 1
81.1 1
81.2 1
81.3 1
81.4 1
81.5 5
81.6 26
81.7 41
81.8 20
81.9 1
82 1
82.1 1
82.2 0
82.3 0
82.4 0
82.5 0
82.6 0
82.7 1
82.8 0
82.9 0
83 0
83.1 0
83.2 18
83.3 33
83.4 43
83.5 26
83.6 0
83.7 0
83.8 0
83.9 0
84 0
84.1 0
84.2 0
84.3 0
84.4 0
84.5 0
84.6 0
84.7 0
84.8 0
84.9 15
85 35
85.1 32
85.2 11
85.3 1
85.4 1
85.5 1
85.6 1
85.7 1
85.8 1
85.9 1
86 1
86.1 1
86.2 2
86.3 0
86.4 0
86.5 6
86.6 0
86.7 0
86.8 0
86.9 0
87 0
87.1 0
87.2 0
87.3 0
87.4 0
87.5 0
87.6 0
87.7 0
87.8 11
87.9 27
88 43
88.1 26
88.2 0
88.3 0
88.4 0
88.5 0
88.6 0
88.7 0
88.8 0
88.9 0
89 0
89.1 0
89.2 0
89.3 0
89.4 0
89.5 18
89.6 39
89.7 28
89.8 7
89.9 1
90 2
90.1 1
90.2 1
90.3 1
90.4 1
90.5 2
90.6 1
90.7 1
90.8 1
90.9 2
91 1
91.1 10
91.2 31
91.3 36
91.4 15
91.5 1
91.6 1
91.7 0
91.8 1
91.9 0
92 0
92.1 0
92.2 0
92.3 0
92.4 0
92.5 0
92.6 0
92.7 3
92.8 23
92.9 44
93 23
93.1 2
93.2 2
93.3 1
93.4 1
93.5 1
93.6 2
93.7 1
93.8 1
93.9 1
94 1
94.1 2
94.2 1
94.3 1
94.4 16
94.5 37
94.6 30
94.7 9
94.8 2
94.9 1
95 1
95.1 0
95.2 0
95.3 0
95.4 1
95.5 0
95.6 0
95.7 0
95.8 1
95.9 1
96 8
96.1 29
96.2 38
96.3 17
96.4 1
96.5 1
96.6 1
96.7 2
96.8 2
96.9 1
97 1
97.1 1
97.2 2
97.3 0
97.4 0
97.5 0
97.6 0
97.7 0
97.8 0
97.9 0
98 0
98.1 0
98.2 0
98.3 0
98.4 0
98.5 0
98.6 7
98.7 27
98.8 40
98.9 19
99 1
99.1 1
99.2 2
99.3 0
99.4 0
99.5 0
99.6 1
99.7 0
99.8 0
99.9 0
100 0
