0.1 0.00448
0.2 0
0.3 1.20416
0.4 0
0.5 1.8
0.6 0.36
0.7 1.8
0.8 2.04
0.9 2.88
1 3.12
1.1 5.52
1.2 6.84
1.3 9.6
1.4 14.52
1.5 19.44
1.6 20.04
1.7 19.92
1.8 14.04
1.9 10.08
2 9.84
2.1 10.08
2.2 10.08
2.3 9.96
2.4 9.96
2.5 9.96
2.6 10.08
2.7 9.96
2.8 13.08
2.9 14.16
3 9.96
3.1 10.08
3.2 9.96
3.3 4.32
3.4 3.48
3.5 3.48
3.6 3.48
3.7 4.2
3.8 10.32
3.9 9.96
4 10.08
4.1 9.96
4.2 10.08
4.3 10.08
4.4 10.08
4.5 10.08
4.6 9.96
4.7 10.08
4.8 10.2
4.9 9.96
5 9.48
5.1 9.96
5.2 12.48
5.3 12.48
5.4 7.56
5.5 7.56
5.6 9.84
5.7 9.96
5.8 10.08
5.9 9.96
6 9.96
6.1 9.96
6.2 10.08
6.3 9.96
6.4 9.96
6.5 9.96
6.6 9.96
6.7 10.08
6.8 12.12
6.9 9.84
7 12.48
7.1 7.68
7.2 7.56
7.3 9.84
7.4 9.96
7.5 9.96
7.6 9.96
7.7 10.08
7.8 9.96
7.9 9.96
8 9.96
8.1 9.96
8.2 10.08
8.3 9.96
8.4 9.96
8.5 12.12
8.6 12.48
8.7 8.4
8.8 7.56
8.9 9.48
9 9.84
9.1 9.96
9.2 9.96
9.3 10.08
9.4 9.96
9.5 10.08
9.6 9.96
9.7 9.84
9.8 10.08
9.9 9.96
10 9.96
10.1 11.52
10.2 10.08
10.3 0
10.4 0
10.5 0.36
10.6 0
10.7 8.28
10.8 9.96
10.9 9.96
11 10.08
11.1 11.76
11.2 12.36
11.3 9.96
11.4 10.44
11.5 7.44
11.6 8.4
11.7 9.96
11.8 10.08
11.9 9.96
12 9.96
12.1 9.96
12.2 10.08
12.3 9.96
12.4 9.96
12.5 9.96
12.6 9.96
12.7 10.08
12.8 10.2
12.9 12.48
13 12.12
13.1 7.56
13.2 7.56
13.3 9.96
13.4 9.84
13.5 9.96
13.6 9.96
13.7 9.96
13.8 9.96
13.9 9.96
14 10.08
14.1 9.96
14.2 9.96
14.3 9.96
14.4 9.96
14.5 12.12
14.6 12.48
14.7 9.12
14.8 7.44
14.9 9.12
15 9.96
15.1 9.96
15.2 9.96
15.3 9.96
15.4 10.08
15.5 9.96
15.6 9.96
15.7 9.96
15.8 10.08
15.9 9.96
16 9.96
16.1 10.92
16.2 12.48
16.3 10.92
16.4 7.44
16.5 8.16
16.6 9.96
16.7 9.96
16.8 10.08
16.9 9.96
17 9.96
17.1 9.96
17.2 10.08
17.3 9.96
17.4 9.96
17.5 9.96
17.6 9.96
17.7 10.08
17.8 12.48
17.9 12.48
18 7.68
18.1 7.44
18.2 9.84
18.3 9.96
18.4 9.96
18.5 10.08
18.6 9.72
18.7 9.96
18.8 9.96
18.9 9.96
19 10.08
19.1 9.96
19.2 9.96
19.3 10.08
19.4 11.88
19.5 12.48
19.6 9.48
19.7 7.32
19.8 10.2
19.9 11.04
20 9.96
20.1 9.96
20.2 10.08
20.3 10.08
20.4 9.96
20.5 8.52
20.6 9.96
20.7 10.08
20.8 10.08
20.9 9.84
21 3
21.1 0
21.2 0.48
21.3 0
21.4 5.4
21.5 10.08
21.6 9.96
21.7 9.96
21.8 9.96
21.9 10.08
22 10.8
22.1 12.48
22.2 11.88
22.3 7.56
22.4 7.68
22.5 9.96
22.6 9.96
22.7 9.84
22.8 9.96
22.9 9.96
23 9.96
23.1 10.08
23.2 10.08
23.3 9.96
23.4 9.84
23.5 9.96
23.6 10.08
23.7 12.12
23.8 12.48
23.9 8.88
24 7.44
24.1 9.24
24.2 9.96
24.3 9.96
24.4 9.96
24.5 10.08
24.6 9.96
24.7 9.96
24.8 9.72
24.9 9.96
25 10.08
25.1 9.96
25.2 9.96
25.3 11.16
25.4 12.48
25.5 10.92
25.6 7.44
25.7 8.16
25.8 9.84
25.9 10.08
26 9.96
26.1 9.84
26.2 9.96
26.3 10.08
26.4 9.96
26.5 10.08
26.6 9.72
26.7 9.96
26.8 10.08
26.9 10.08
27 10.44
27.1 11.88
27.2 7.56
27.3 9.96
27.4 9.96
27.5 10.08
27.6 9.96
27.7 9.96
27.8 9.96
27.9 9.96
28 10.08
28.1 9.96
28.2 9.96
28.3 9.96
28.4 10.08
28.5 11.88
28.6 12.48
28.7 9.48
28.8 7.44
28.9 8.88
29 9.96
29.1 9.96
29.2 10.08
29.3 9.96
29.4 9.96
29.5 9.96
29.6 10.08
29.7 9.96
29.8 9.96
29.9 9.96
30 9.96
30.1 10.8
30.2 12.48
30.3 11.16
30.4 7.56
30.5 8.04
30.6 9.96
30.7 9.96
30.8 10.08
30.9 9.96
31 9.96
31.1 9.96
31.2 9.96
31.3 10.08
31.4 9.84
31.5 9.96
31.6 9.96
31.7 10.08
31.8 1.2
31.9 0
32 0.36
32.1 0
32.2 8.52
32.3 9.96
32.4 9.96
32.5 10.08
32.6 9.96
32.7 9.96
32.8 10.08
32.9 9.96
33 9.96
33.1 9.96
33.2 11.64
33.3 10.32
33.4 12.48
33.5 9.72
33.6 7.56
33.7 8.76
33.8 9.96
33.9 9.96
34 9.96
34.1 9.96
34.2 10.08
34.3 9.96
34.4 9.96
34.5 9.96
34.6 10.08
34.7 9.96
34.8 9.96
34.9 10.44
35 12.48
35.1 11.88
35.2 7.44
35.3 7.68
35.4 9.96
35.5 10.08
35.6 9.96
35.7 9.96
35.8 9.72
35.9 10.08
36 9.96
36.1 9.96
36.2 9.96
36.3 9.96
36.4 10.08
36.5 10.08
36.6 12.12
36.7 10.08
36.8 12.48
36.9 8.52
37 7.56
37.1 9.24
37.2 9.96
37.3 10.08
37.4 9.96
37.5 9.96
37.6 9.96
37.7 9.96
37.8 10.08
37.9 9.96
38 9.96
38.1 9.96
38.2 10.08
38.3 10.32
38.4 12.6
38.5 11.76
38.6 7.56
38.7 7.68
38.8 9.96
38.9 9.96
39 9.96
39.1 10.08
39.2 9.96
39.3 9.96
39.4 9.96
39.5 9.96
39.6 10.08
39.7 9.96
39.8 9.96
39.9 9.96
40 12.12
40.1 10.56
40.2 12.48
40.3 7.44
40.4 7.44
40.5 9.96
40.6 9.96
40.7 9.72
40.8 9.96
40.9 10.08
41 10.08
41.1 9.96
41.2 9.84
41.3 10.08
41.4 10.08
41.5 9.96
41.6 9.84
41.7 11.28
41.8 10.08
41.9 11.16
42 7.32
42.1 10.08
42.2 9.96
42.3 10.08
42.4 10.08
42.5 8.52
42.6 0
42.7 0.36
42.8 0
42.9 1.2
43 10.08
43.1 10.08
43.2 9.96
43.3 10.08
43.4 12.6
43.5 12.48
43.6 8.52
43.7 7.56
43.8 9.48
43.9 9.96
44 10.08
44.1 10.08
44.2 9.96
44.3 10.08
44.4 9.96
44.5 10.08
44.6 10.08
44.7 9.96
44.8 9.96
44.9 9.48
45 11.28
45.1 12.48
45.2 10.2
45.3 7.44
45.4 8.52
45.5 9.96
45.6 10.08
45.7 9.96
45.8 9.96
45.9 9.96
46 10.08
46.1 9.96
46.2 9.96
46.3 9.96
46.4 9.96
46.5 10.08
46.6 10.32
46.7 12.6
46.8 11.76
46.9 7.56
47 7.68
47.1 9.96
47.2 9.96
47.3 9.96
47.4 10.08
47.5 9.96
47.6 9.96
47.7 9.96
47.8 9.96
47.9 10.08
48 9.96
48.1 9.96
48.2 9.84
48.3 12
48.4 12.48
48.5 8.88
48.6 7.44
48.7 9.24
48.8 9.96
48.9 9.96
49 9.96
49.1 10.08
49.2 9.96
49.3 9.72
49.4 9.96
49.5 9.96
49.6 10.08
49.7 9.96
49.8 9.96
49.9 11.04
50 12.48
50.1 11.16
50.2 7.44
50.3 8.16
50.4 9.96
50.5 9.96
50.6 9.96
50.7 9.84
50.8 9.96
50.9 9.84
51 9.96
51.1 9.96
51.2 9.96
51.3 9.96
51.4 10.08
51.5 10.08
51.6 9.96
51.7 10.68
51.8 12.48
51.9 11.88
52 7.56
52.1 7.56
52.2 9.96
52.3 10.08
52.4 9.96
52.5 9.96
52.6 9.96
52.7 9.84
52.8 9.96
52.9 9.96
53 9.96
53.1 9.96
53.2 10.2
53.3 0.36
53.4 0
53.5 0.36
53.6 0
53.7 9.24
53.8 9.96
53.9 10.08
54 9.96
54.1 12
54.2 12.48
54.3 9.6
54.4 7.56
54.5 8.76
54.6 9.96
54.7 10.08
54.8 9.96
54.9 9.96
55 9.96
55.1 9.96
55.2 10.08
55.3 9.84
55.4 9.84
55.5 9.96
55.6 10.08
55.7 10.68
55.8 12.48
55.9 11.76
56 7.44
56.1 7.8
56.2 9.96
56.3 9.96
56.4 9.96
56.5 10.08
56.6 9.96
56.7 9.96
56.8 9.96
56.9 9.96
57 10.08
57.1 9.96
57.2 9.96
57.3 9.96
57.4 12.12
57.5 12.48
57.6 8.52
57.7 7.44
57.8 9.36
57.9 10.08
58 9.96
58.1 9.96
58.2 9.96
58.3 9.96
58.4 10.08
58.5 9.84
58.6 9.84
58.7 9.96
58.8 10.08
58.9 9.96
59 11.28
59.1 12.48
59.2 10.56
59.3 7.44
59.4 8.4
59.5 9.96
59.6 9.96
59.7 10.08
59.8 9.96
59.9 9.96
60 9.96
60.1 10.08
60.2 9.96
60.3 9.96
60.4 9.96
60.5 9.96
60.6 10.2
60.7 12.48
60.8 12.48
60.9 5.76
61 8.76
61.1 9.96
61.2 10.08
61.3 9.96
61.4 9.96
61.5 10.2
61.6 9.96
61.7 9.84
61.8 9.96
61.9 10.08
62 9.96
62.1 9.96
62.2 10.68
62.3 12.48
62.4 11.76
62.5 7.44
62.6 7.8
62.7 9.96
62.8 9.96
62.9 10.08
63 9.96
63.1 9.96
63.2 9.96
63.3 10.08
63.4 9.96
63.5 9.96
63.6 9.96
63.7 9.96
63.8 10.08
63.9 12.12
64 12.48
64.1 3.36
64.2 0
64.3 0.36
64.4 0
64.5 1.68
64.6 9.96
64.7 9.96
64.8 9.96
64.9 10.08
65 9.96
65.1 9.96
65.2 9.96
65.3 9.96
65.4 12.36
65.5 12.48
65.6 10.08
65.7 10.08
65.8 7.2
65.9 7.92
66 10.08
66.1 9.96
66.2 9.96
66.3 9.96
66.4 10.08
66.5 9.96
66.6 9.96
66.7 9.96
66.8 9.96
66.9 10.08
67 9.96
67.1 10.08
67.2 9.96
67.3 11.64
67.4 12.48
67.5 9.84
67.6 7.56
67.7 8.76
67.8 10.08
67.9 10.08
68 10.08
68.1 10.08
68.2 10.2
68.3 10.08
68.4 10.08
68.5 10.08
68.6 10.08
68.7 10.08
68.8 10.08
68.9 10.68
69 12.6
69.1 11.64
69.2 7.56
69.3 7.92
69.4 10.2
69.5 10.08
69.6 10.08
69.7 10.08
69.8 8.88
69.9 9.96
70 10.08
70.1 10.08
70.2 10.08
70.3 10.08
70.4 10.2
70.5 10.08
70.6 12.36
70.7 12.6
70.8 8.28
70.9 7.56
71 9.6
71.1 10.08
71.2 10.2
71.3 10.08
71.4 9.96
71.5 9.96
71.6 9.96
71.7 10.08
71.8 9.96
71.9 9.96
72 9.96
72.1 10.08
72.2 11.4
72.3 12.48
72.4 9.84
72.5 7.44
72.6 8.76
72.7 9.96
72.8 9.96
72.9 10.08
73 9.96
73.1 9.96
73.2 9.96
73.3 9.96
73.4 10.08
73.5 9.96
73.6 9.96
73.7 9.96
73.8 10.68
73.9 12.48
74 11.52
74.1 7.44
74.2 7.8
74.3 10.08
74.4 9.96
74.5 9.96
74.6 9.96
74.7 10.08
74.8 9.96
74.9 9.96
75 9.96
75.1 9.96
75.2 1.2
75.3 0
75.4 0.36
75.5 0
75.6 5.88
75.7 9.96
75.8 9.96
75.9 10.08
76 9.96
76.1 9.96
76.2 9.96
76.3 10.08
76.4 10.56
76.5 12.48
76.6 11.64
76.7 9.96
76.8 9.96
76.9 6.36
77 9
77.1 9.96
77.2 9.84
77.3 9.96
77.4 9.96
77.5 9.96
77.6 9.96
77.7 9.96
77.8 9.84
77.9 9.96
78 9.96
78.1 9.96
78.2 11.04
78.3 12.36
78.4 11.52
78.5 7.44
78.6 7.92
78.7 10.08
78.8 9.84
78.9 9.96
79 9.96
79.1 9.96
79.2 9.96
79.3 9.96
79.4 9.96
79.5 9.96
79.6 10.08
79.7 9.96
79.8 10.08
79.9 11.76
80 12.48
80.1 9.6
80.2 7.44
80.3 8.88
80.4 9.96
80.5 9.96
80.6 9.96
80.7 10.08
80.8 9.96
80.9 9.96
81 9.96
81.1 9.96
81.2 10.08
81.3 9.96
81.4 9.96
81.5 10.8
81.6 12.48
81.7 11.16
81.8 7.56
81.9 7.92
82 10.08
82.1 9.96
82.2 9.72
82.3 9.96
82.4 10.08
82.5 9.96
82.6 9.96
82.7 10.08
82.8 9.96
82.9 9.96
83 9.96
83.1 9.96
83.2 12.48
83.3 11.64
83.4 11.28
83.5 7.44
83.6 7.08
83.7 9.96
83.8 9.96
83.9 10.08
84 9.96
84.1 9.96
84.2 9.96
84.3 9.96
84.4 9.84
84.5 10.08
84.6 9.96
84.7 9.96
84.8 9.96
84.9 12.36
85 12.36
85.1 9.12
85.2 7.44
85.3 9.12
85.4 9.96
85.5 9.96
85.6 9.96
85.7 10.08
85.8 9.96
85.9 9.96
86 9.96
86.1 10.08
86.2 9.96
86.3 9.72
86.4 9.96
86.5 10.08
86.6 0
86.7 0
86.8 0.48
86.9 0
87 9.6
87.1 9.96
87.2 10.08
87.3 9.96
87.4 9.96
87.5 9.96
87.6 9.96
87.7 10.08
87.8 11.76
87.9 11.76
88 12.12
88.1 7.44
88.2 6.96
88.3 10.08
88.4 9.96
88.5 9.96
88.6 9.96
88.7 10.08
88.8 9.96
88.9 9.96
89 10.08
89.1 9.96
89.2 9.96
89.3 10.08
89.4 9.96
89.5 12.48
89.6 12.48
89.7 8.16
89.8 7.56
89.9 9.48
90 9.96
90.1 9.96
90.2 9.96
90.3 10.08
90.4 9.96
90.5 9.96
90.6 9.96
90.7 10.08
90.8 9.96
90.9 9.96
91 9.96
91.1 11.4
91.2 12.48
91.3 9.96
91.4 7.44
91.5 8.64
91.6 10.08
91.7 9.84
91.8 9.96
91.9 9.84
92 10.08
92.1 9.96
92.2 9.96
92.3 9.96
92.4 9.96
92.5 10.08
92.6 9.96
92.7 10.56
92.8 12.48
92.9 12
93 7.44
93.1 7.68
93.2 9.96
93.3 9.96
93.4 10.08
93.5 9.96
93.6 9.96
93.7 9.96
93.8 9.96
93.9 10.08
94 9.96
94.1 9.96
94.2 9.96
94.3 10.08
94.4 12
94.5 12.48
94.6 8.64
94.7 7.56
94.8 9.24
94.9 9.84
95 9.96
95.1 9.96
95.2 10.08
95.3 9.96
95.4 9.96
95.5 9.96
95.6 10.08
95.7 9.96
95.8 9.96
95.9 9.96
96 11.28
96.1 12.48
96.2 10.44
96.3 7.56
96.4 8.28
96.5 9.96
96.6 10.08
96.7 9.96
96.8 9.96
96.9 9.96
97 10.08
97.1 9.96
97.2 9.96
97.3 9.72
97.4 10.08
97.5 9.96
97.6 2.4
97.7 0
97.8 0.36
97.9 0
98 7.44
98.1 9.96
98.2 10.08
98.3 9.96
98.4 9.96
98.5 9.96
98.6 11.4
98.7 12.48
98.8 11.04
98.9 7.56
99 7.92
99.1 10.08
99.2 9.96
99.3 9.72
99.4 10.08
99.5 10.08
99.6 9.96
99.7 9.84
99.8 9.96
99.9 10.08
100 9.96
