0.0201114 10
0.0416094 11
0.0464158 13
0.0512222 15
0.0560286 17
0.060835 19
0.0704478 21
0.0752542 23
0.0800606 25
0.084867 27
0.0896734 29
0.450153 29.0511
1.64935 17.7058
2.3643 12.9151
3.94321 12.8764
3.98887 11
3.98887 10
3.98887 11
4.13186 12
4.15349 12.8764
4.17872 11.3218
4.17872 12.3218
4.22198 12.8764
4.35055 8.71754
4.52358 9.57251
4.59207 7.57251
5.10155 8.83909
5.16643 6.83909
5.68913 8.83909
5.82371 6.83909
6.40048 8.83909
6.47137 6.83909
7.06977 8.83909
7.22117 5.98204
7.95415 7.98204
8.13078 5.98204
8.77844 7.88743
8.86135 5.88743
9.5715 7.88743
9.66643 5.88743
9.77938 5.79558
10.0918 7.79558
10.0918 4
10.2035 6
10.2035 4
10.3057 12.8764
10.3057 14.8764
10.4691 15.6651
10.9774 17.6651
11.6731 16.9482
12.6788 16.8584
14.7336 16.2272
15.8102 16.1091
17.752 15.4496
17.782 17.4496
17.8577 18.1588
18.1978 18.0331
18.2771 17.8715
18.3552 17.7348
18.4345 17.6305
18.5138 17.5497
18.5931 17.5007
18.6736 17.4731
18.7529 17.4593
19.6998 19.4593
19.7791 19.8191
20.452 21.8191
20.5157 22.6036
21.0252 24.6036
21.0768 25.1796
21.2498 25.3805
21.2991 26.9765
21.3436 27.4717
21.4349 27.328
21.4758 26.9441
21.5166 26.5877
21.5563 26.2756
21.5971 26.0131
21.6356 25.7728
21.6776 25.7327
21.7173 25.6775
21.7557 25.7238
21.7978 25.6312
21.8362 25.5497
21.8759 25.4786
21.9143 25.6036
21.954 25.549
21.996 27.549
22.0345 29.2459
22.3553 31.2459
22.3866 31.8198
22.6978 33.8198
22.7266 35.2286
23.0054 37.2286
23.0318 38.1547
23.2577 40.1547
23.2794 41.6167
23.4428 43.6167
23.4644 44.0256
23.6567 46.0256
23.6759 47.2058
23.8117 47.3916
23.8333 49.3916
23.8501 50.7576
23.9811 52.7576
23.9979 53.2707
24.0147 53.9075
24.1349 55.9075
24.1529 56.1305
24.2659 54.1305
24.2803 56.1305
24.2971 57.4061
24.3884 59.4061
24.404 60.6816
24.5218 62.6816
24.5386 63.433
25.7727 65.433
25.9986 63.433
26.0923 65.433
26.1043 65.8674
26.1548 67.8674
26.1668 68.5145
26.2161 70.5145
26.2269 71.4012
26.5441 71.0649
26.5585 70.3722
26.5717 69.7666
26.5862 69.3115
26.5994 68.8764
26.6138 68.5331
26.627 68.2707
26.6414 68.0787
26.6546 67.9109
26.657 67.3474
26.6703 66.855
26.6847 66.462
26.6979 66.1181
26.7135 65.8923
26.7267 65.6954
26.7412 65.5981
26.7544 65.5131
26.7676 65.4392
26.782 65.4123
26.7952 65.3881
26.8085 65.3674
27.4489 67.3674
27.6772 65.3674
27.7229 65.9834
27.7793 67.9834
27.7902 68.4012
27.8358 70.4012
27.8466 71.0739
27.8815 73.0739
27.8923 73.6941
29.029 75.6941
29.2297 73.6941
29.339 74.5939
29.3871 76.5939
29.3955 77.4938
29.4327 79.4938
29.4424 80.3936
29.4712 82.3936
29.4784 82.953
29.935 83.1229
30.6752 85.1229
30.9023 83.1229
30.9636 85.1229
30.9732 86.2396
30.9996 87.5753
31.0429 89.5753
31.0501 90.5725
31.0789 92.1975
31.1306 94.1975
31.1402 95.5518
32.2553 97.5518
32.2649 97.6989
32.4608 95.6989
32.5353 97.1402
32.5713 98.5276
32.6038 100.528
32.611 100.746
32.6422 102.746
32.6494 102.924
32.6783 104.924
32.6855 105.061
32.7167 107.061
32.7263 107.161
33.8907 109.161
34.0938 107.161
34.1899 108.757
34.2235 110.757
34.2283 110.777
34.2572 112.762
34.2884 114.762
34.2932 115.191
34.3197 117.191
34.3245 118.09
34.3509 120.09
34.3557 120.99
34.8399 122.878
35.5116 124.878
35.7147 122.878
35.7904 123.579
35.8156 124.528
35.8253 125.735
35.8493 126.632
35.8697 128.632
35.8745 129.304
35.8986 129.508
35.9226 131.485
35.955 133.485
35.9598 134.647
36.8118 91.1126
36.8118 4
36.819 6
36.819 4
36.8262 6
36.8262 4
36.831 6
36.831 4
36.8382 6
36.8382 4
36.843 6
36.843 4
36.8502 6
36.8502 4
36.8574 6
36.8574 4
36.8622 6
36.8622 4
36.8694 6
36.8694 4
36.8731 6
36.8731 4
36.8803 6
36.8803 4
36.8851 6
36.8851 4
36.8923 6
36.8923 4
36.8995 6
36.8995 4
36.9043 6
36.9043 4
36.9115 6
36.9115 4
36.9163 6
36.9163 4
36.9235 6
36.9235 4
36.9283 6
36.9283 4
36.9355 6
36.9355 4
36.9415 6
36.9415 4
36.95 6
36.95 4
36.9536 6
36.9536 4
36.9608 6
36.9608 4
36.9656 6
36.9656 4
36.9728 6
36.9728 4
36.9776 6
36.9776 4
36.9848 6
36.9848 4
36.992 6
36.992 4
36.9968 6
36.9968 4
37.004 6
37.004 4
37.0088 6
37.0088 4
37.016 6
37.016 4
37.0208 6
37.0208 4
37.0281 6
37.0281 4
37.0353 6
37.0353 4
37.0413 6
37.0413 4
37.0473 6
37.0473 4
37.0545 6
37.0545 4
37.0581 6
37.0581 4
37.0653 6
37.0653 4
37.0701 6
37.0701 4
37.1855 6
37.1855 4
37.1927 6
37.1927 4
37.3104 134.647
37.3104 136.647
37.3176 138.647
37.4366 140.647
37.4438 138.089
37.451 131.933
37.4606 126.79
37.469 122.452
37.4775 118.82
37.4871 115.966
37.4955 113.631
37.5051 111.914
37.5123 110.492
37.5219 109.491
37.5291 108.698
37.5387 108.246
37.5484 108.176
37.8115 110.176
37.9749 108.176
38.0867 108.912
38.1035 109.532
38.1299 111.267
38.1528 112.966
38.172 113.474
38.1936 115.097
39.0984 117.097
39.263 115.097
39.3784 115.849
39.3964 116.791
39.4253 118.785
39.4517 119.128
39.4769 121.128
39.4829 121.61
39.5022 122.983
39.519 124.331
40.401 126.331
40.562 124.331
40.6821 125.106
40.7014 125.32
40.7242 126.594
40.7458 128.594
40.7506 128.932
40.7662 130.039
40.7722 132.039
40.7758 132.398
40.7939 134.398
40.7963 134.757
40.8083 135.339
40.8131 137.339
40.8179 137.709
41.2096 137.744
41.2313 138.686
41.2589 139.407
41.3622 140.052
41.6987 142.052
41.8621 140.052
41.9943 140.436
42.0111 141.718
42.0327 142.974
42.0556 144.205
42.07 144.738
42.0916 145.256
42.1108 146.42
42.9988 148.42
43.1598 146.42
43.1911 133
43.1911 132
43.1911 133
43.2608 134
43.262 135
43.2632 136
43.2644 137
43.2656 138
43.2668 139
43.268 140
43.2692 141
43.2704 142
43.2716 143
43.2728 144
43.274 145
43.2752 146
43.2764 147
43.2776 148
43.2788 149
43.28 150
43.2812 151
43.2824 152
43.2836 152.914
43.286 153.611
43.3016 154.117
43.304 155.117
43.3052 155.319
43.3076 155.832
43.31 156.832
43.3112 157.039
43.316 157.724
43.3365 157.791
43.3401 158.305
43.3425 158.927
43.3449 159.927
43.3461 160.129
43.3485 160.659
43.3509 161.659
43.3521 161.865
43.3569 162.535
43.3737 163.058
43.3833 163.737
43.3857 164.737
43.3881 165.737
43.3905 166.737
43.3917 167.345
43.4386 11.3218
43.4386 12.3218
43.4434 14.3218
43.453 16.3218
43.4566 18.3218
43.4614 20.3218
43.4662 22.3218
43.471 24.3218
43.4758 26.3218
43.4807 28.3218
43.4855 30.3218
43.4903 32.3218
43.4939 34.3218
43.4963 36.3218
43.4987 38.3218
43.5011 40.3218
43.5035 42.3218
43.5059 44.3218
43.5083 46.3218
43.5131 48.3218
43.5167 50.3218
43.5215 52.3218
43.5263 54.3218
43.5311 56.3218
43.5347 58.3218
43.5407 60.3218
43.5443 62.3218
43.5479 64.3218
43.5515 66.3218
43.5564 68.3218
43.56 70.3218
43.5648 72.3218
43.5684 74.3218
43.572 76.3218
43.5768 78.3218
43.5804 80.3218
43.5852 82.3218
43.5888 84.3218
43.5924 86.3218
43.5972 88.3218
43.602 90.3218
43.6044 92.3218
43.6092 94.3218
43.6128 96.3218
43.6176 98.3218
43.6212 100.322
43.6248 102.322
43.6296 104.322
43.6345 106.322
43.6393 108.322
43.6429 110.322
43.6465 112.322
43.6549 114.322
43.6981 116.322
43.7029 118.322
43.7078 120.322
43.7126 122.322
43.715 124.322
43.721 126.322
43.7258 128.322
43.7306 130.322
43.733 132.322
43.7378 134.322
43.7402 136.322
43.745 138.322
43.7498 140.322
43.7522 142.322
43.757 144.322
43.7618 146.322
43.7666 148.322
43.769 150.322
43.7738 152.322
43.7762 154.322
43.7811 156.322
43.7859 158.322
43.7883 160.322
43.7931 162.322
43.7979 164.322
43.8027 166.322
43.8063 167.345
44.2869 169.345
44.4467 167.345
44.669 167.786
44.6762 169.786
44.6786 169.996
44.6883 170.145
44.7015 172.145
44.7039 172.505
44.7075 174.014
45.0944 174.59
45.1449 174.894
45.1581 175.233
45.1761 175.387
45.2338 175.434
45.2578 176.831
45.5198 177.326
45.5786 179.326
45.7409 177.326
45.8598 177.56
45.879 178.486
45.8959 179.394
45.9163 181.155
45.9475 182.01
45.9788 183.671
45.9932 184.479
46.8704 186.479
47.0302 184.479
47.1672 148
47.1672 147
47.1672 148
47.2429 149
47.2453 150
47.2465 151
47.2477 152
47.2489 153
47.2501 154
47.2525 155
47.2537 156
47.2549 155
47.2549 156
47.2561 157
47.2573 158
47.2597 159
47.2609 160
47.2621 161
47.2633 162
47.2645 163
47.2669 164
47.2681 165
47.2693 166
47.2705 167
47.2729 168
47.2741 169
47.2753 170
47.2765 171
47.2777 172
47.2801 173
47.2813 174
47.2825 175
47.2837 176
47.2861 177
47.2873 178
47.2885 179
47.2897 180
47.2909 181
47.2921 182
47.2945 183
47.2957 184
47.2969 185
47.2981 186
47.3018 187
47.303 188
47.3066 189
47.3078 190
47.309 191
47.3126 192
47.3138 193
47.315 194
47.3186 195
47.3198 196
47.321 197
47.3234 198
47.3258 199
47.327 200
47.3282 201
47.3318 202
47.333 203
47.3342 204
47.3378 205
47.339 205.237
47.4075 204.237
47.4075 205.237
47.476 11.3218
47.476 12.3218
47.4784 14.3218
47.4808 16.3218
47.4844 18.3218
47.4868 20.3218
47.4904 22.3218
47.4928 24.3218
47.4952 26.3218
47.4976 28.3218
47.5012 30.3218
47.5036 32.3218
47.506 34.3218
47.5096 36.3218
47.512 38.3218
47.5168 40.3218
47.5204 42.3218
47.524 44.3218
47.5276 46.3218
47.5312 48.3218
47.5348 50.3218
47.5385 52.3218
47.5421 54.3218
47.5457 56.3218
47.5493 58.3218
47.5493 4
47.5529 6
47.5529 4
47.5565 6
47.5565 4
47.5601 6
47.5601 4
47.5637 6
47.5637 4
47.5673 6
47.5673 4
47.5721 6
47.5721 4
47.5745 6
47.5745 4
47.5793 6
47.5793 4
47.5817 6
47.5817 4
47.5865 6
47.5865 4
47.5889 6
47.5889 4
47.5937 6
47.5937 4
47.5961 6
47.5961 4
47.6009 6
47.6009 4
47.6033 6
47.6033 4
47.6081 6
47.6081 4
47.6106 6
47.6106 4
47.6154 6
47.6154 4
47.6178 6
47.6178 4
47.6214 6
47.6214 4
47.625 6
47.625 4
47.6286 6
47.6286 4
47.6322 6
47.6322 4
47.6358 6
47.6358 4
47.6382 6
47.6382 4
47.6478 6
47.6478 4
47.6502 6
47.6502 4
47.6526 6
47.6526 4
47.6562 6
47.6562 4
47.6586 6
47.6586 4
47.661 6
47.661 4
47.6646 6
47.6646 4
47.667 6
47.667 4
47.6706 6
47.6706 4
47.673 6
47.673 4
47.6754 6
47.6754 4
47.6778 6
47.6778 4
47.6814 6
47.6814 4
47.6838 6
47.6838 4
47.6875 6
47.6875 4
47.6899 6
47.6899 4
47.6923 6
47.6923 4
47.6959 6
47.6959 4
47.6983 6
47.6983 4
47.7007 6
47.7007 4
47.7043 6
47.7043 4
47.7728 6
47.7728 4
47.7752 6
47.7752 4
47.8437 6
47.8437 4
47.8485 6
47.8485 4
47.917 184.479
47.917 186.479
47.9218 186.525
47.9927 175.817
47.9951 166.29
47.9999 158.111
48.0071 151.743
48.0119 146.329
48.0167 141.907
48.0239 138.668
48.0287 135.992
48.0347 134.123
48.0407 132.961
48.0467 132.416
48.0515 132.256
48.4397 134.256
48.5418 132.256
48.9624 121.819
49.2652 123.819
49.3697 121.819
50.087 123.819
50.1892 121.819
50.361 116.846
50.9065 118.846
51.0099 116.846
51.5025 108.205
51.7212 110.205
51.8222 108.205
52.5383 110.205
52.6416 108.205
53.3554 110.205
53.4563 108.205
53.4828 105.392
54.1725 107.392
54.277 105.392
54.9932 107.392
55.0448 105.781
55.0953 103.781
55.8187 105.781
55.9196 103.781
56.0121 95.0228
56.6406 97.0228
56.7439 95.0228
56.9482 94
56.9482 93
56.9482 94
57.0371 95
57.0383 95.0228
57.1369 94.0228
57.1369 95.0228
57.2077 94.0228
57.2077 95.0228
57.3591 11.3218
57.3591 12.3218
57.3639 14.3218
57.3687 16.3218
57.3736 18.3218
57.3772 20.3218
57.382 22.3218
57.3868 24.3218
57.3928 26.3218
57.3976 28.3218
57.4024 30.3218
57.4072 32.3218
57.4108 34.3218
57.4168 36.3218
57.4216 38.3218
57.4276 40.3218
57.4312 42.3218
57.436 44.3218
57.4408 46.3218
57.4456 48.3218
57.4505 50.3218
57.4529 52.3218
57.4553 54.3218
57.4577 56.3218
57.4601 58.3218
57.4625 60.3218
57.4673 62.3218
57.4721 64.3218
57.4769 66.3218
57.4829 68.3218
57.4877 70.3218
57.4925 72.3218
57.4973 74.3218
57.5033 76.3218
57.5081 78.3218
57.5129 80.3218
57.5177 82.3218
57.5225 84.3218
57.5274 86.3218
57.5334 88.3218
57.5382 90.3218
57.543 92.3218
57.5478 94.3218
57.5526 95.6519
57.5634 93.6519
57.6559 89.4109
58.0561 91.4109
58.0561 4
58.0609 6
58.0609 4
58.0657 6
58.0657 4
58.0705 6
58.0705 4
58.0753 6
58.0753 4
58.0801 6
58.0801 4
58.0885 6
58.0885 4
58.0933 6
58.0933 4
58.0981 6
58.0981 4
58.1029 6
58.1029 4
58.1077 6
58.1077 4
58.1125 6
58.1125 4
58.1173 6
58.1173 4
58.1221 6
58.1221 4
58.1258 6
58.1258 4
58.1306 6
58.1306 4
58.1354 6
58.1354 4
58.139 6
58.139 4
58.1438 6
58.1438 4
58.1486 6
58.1486 4
58.1546 6
58.1546 4
58.1594 6
58.1594 4
58.1642 6
58.1642 4
58.169 6
58.169 4
58.1738 6
58.1738 4
58.1786 6
58.1786 4
58.1834 6
58.1834 4
58.1882 6
58.1882 4
58.193 6
58.193 4
58.1978 6
58.1978 4
58.2027 6
58.2027 4
58.2111 6
58.2111 4
58.2159 6
58.2159 4
58.2207 6
58.2207 4
58.2255 6
58.2255 4
58.2327 6
58.2327 4
58.2375 6
58.2375 4
58.2447 6
58.2447 4
58.2495 6
58.2495 4
58.2543 6
58.2543 4
58.2615 6
58.2615 4
58.2675 6
58.2675 4
58.2748 6
58.2748 4
58.2796 6
58.2796 4
58.4093 6
58.4093 4
58.4165 6
58.4165 4
58.5511 95.0228
58.5511 97.0228
58.5583 99.0228
58.6953 101.023
58.7001 103.023
58.7073 105.023
58.7157 107.023
58.7229 109.023
58.7302 111.023
58.7374 113.023
58.7446 115.023
58.7518 117.023
58.759 119.023
58.7662 121.023
58.7734 123.023
58.7806 125.023
58.7878 127.023
58.7962 129.023
58.8035 131.023
58.8107 133.023
58.8179 135.023
58.8251 137.023
58.8323 139.023
58.8395 141.023
58.8467 143.023
58.8539 145.023
58.8611 147.023
58.8683 147.762
58.9152 149.762
59.0894 147.762
59.3069 98
59.3069 97
59.3069 98
59.4259 99
59.4295 100
59.4307 101
59.4343 102
59.4379 103
59.4415 104
59.4427 105
59.4463 106
59.4475 107
59.4511 108
59.4547 109
59.4559 110
59.4595 111
59.4607 112
59.4643 113
59.4679 114
59.4691 115
59.4728 116
59.4764 117
59.4776 118
59.4812 119
59.4848 120
59.486 121
59.4908 122
59.492 123
59.4956 124
59.4992 125
59.5004 126
59.5028 127
59.5052 128
59.5076 129
59.51 130
59.5112 131
59.5124 132
59.5148 133
59.5172 134
59.5184 135
59.5196 136
59.522 137
59.5232 138
59.5256 139
59.5268 140
59.5292 141
59.5304 142
59.5328 143
59.534 144
59.5352 145
59.5388 146
59.54 147
59.5424 148
59.5436 11.3218
59.5436 12.3218
59.5472 14.3218
59.5508 16.3218
59.5545 18.3218
59.5581 20.3218
59.5605 22.3218
59.5629 24.3218
59.5653 26.3218
59.5677 28.3218
59.5701 30.3218
59.5725 32.3218
59.5749 34.3218
59.5797 36.3218
59.5845 38.3218
59.5905 40.3218
59.5953 42.3218
59.6001 44.3218
59.6049 46.3218
59.6109 48.3218
59.6181 50.3218
59.6229 52.3218
59.6302 54.3218
59.635 56.3218
59.6422 58.3218
59.647 60.3218
59.6518 62.3218
59.6566 64.3218
59.6626 66.3218
59.6674 68.3218
59.671 70.3218
59.677 72.3218
59.6818 74.3218
59.6866 76.3218
59.6926 78.3218
59.6962 80.3218
59.7023 82.3218
59.7071 84.3218
59.7119 86.3218
59.7167 88.3218
59.7215 90.3218
59.7275 92.3218
59.7311 94.3218
59.7359 96.3218
59.7395 98.3218
59.7443 100.322
59.7479 102.322
59.7515 104.322
59.7551 106.322
59.7587 108.322
59.7635 110.322
59.8056 112.322
59.8128 114.322
59.82 116.322
59.8248 118.322
59.8296 120.322
59.8344 122.322
59.8392 124.322
59.8416 126.322
59.8488 128.322
59.8537 130.322
59.8561 132.322
59.8609 134.322
59.8657 136.322
59.8705 138.322
59.8753 140.322
59.8813 142.322
59.8861 144.322
59.8909 146.322
59.8957 148.322
59.9005 150.322
59.9053 152.322
59.9101 154.322
59.9149 155.28
60.3283 157.28
60.5013 155.28
60.6419 155.526
60.6683 156.657
60.6852 157.93
60.702 159.178
60.7236 159.673
60.7512 161.337
60.7585 162.785
61.7053 123
61.7053 122
61.7053 123
61.7209 124
61.7221 125
61.7258 126
61.727 127
61.7282 128
61.7306 129
61.7318 130
61.7354 131
61.7366 132
61.7378 133
61.7414 134
61.7426 135
61.7462 136
61.7474 137
61.7486 138
61.7522 139
61.7534 140
61.757 141
61.7582 142
61.7594 143
61.763 144
61.7654 145
61.7666 146
61.7702 147
61.7714 148
61.7726 149
61.7762 150
61.7774 151
61.781 152
61.7822 153
61.7834 154
61.787 155
61.7882 156
61.7918 157
61.793 158
61.7942 159
61.7978 160
61.7991 161
61.8027 162
61.8039 163
61.8075 164
61.8087 164.785
61.8832 162.785
61.9649 11.3218
61.9649 12.3218
61.9685 14.3218
61.9733 16.3218
61.9757 18.3218
61.9793 20.3218
61.9829 22.3218
61.9865 24.3218
61.9901 26.3218
61.9925 28.3218
61.9961 30.3218
61.9997 32.3218
62.0021 34.3218
62.0045 36.3218
62.0069 38.3218
62.0093 40.3218
62.0117 42.3218
62.0141 44.3218
62.0165 46.3218
62.0189 48.3218
62.0213 50.3218
62.0237 52.3218
62.0261 54.3218
62.0285 56.3218
62.031 58.3218
62.0334 60.3218
62.0358 62.3218
62.0406 64.3218
62.0454 66.3218
62.049 68.3218
62.0526 70.3218
62.0574 72.3218
62.061 74.3218
62.0646 76.3218
62.0694 78.3218
62.0718 80.3218
62.0766 82.3218
62.0814 84.3218
62.0838 86.3218
62.0874 88.3218
62.0922 90.3218
62.0958 92.3218
62.0994 94.3218
62.1042 96.3218
62.1067 98.3218
62.1115 100.322
62.1163 102.322
62.1199 104.322
62.1235 106.322
62.1283 108.322
62.1319 110.322
62.1355 112.322
62.1403 114.322
62.1451 116.322
62.1499 118.322
62.1547 120.322
62.1595 122.322
62.1643 124.322
62.1691 126.322
62.1739 128.322
62.1787 130.322
62.186 132.322
62.1896 134.322
62.1944 136.322
62.1992 138.322
62.204 140.322
62.228 142.322
62.2316 144.322
62.2352 146.322
62.24 148.322
62.2436 150.322
62.2472 152.322
62.252 154.322
62.2544 156.322
62.2593 158.322
62.2629 160.322
62.2665 162.322
62.2701 164.322
62.2749 166.322
62.2785 168.322
62.2821 170.322
62.2869 172.322
62.2905 174.322
62.2941 176.322
62.2977 178.322
62.3013 180.322
62.3061 182.322
62.3097 184.322
62.3145 186.322
62.3181 188.322
62.3229 189.115
63.0739 191.115
63.2482 189.115
63.414 189.224
63.4236 190.115
63.4344 191.115
63.4356 130
63.4356 129
63.4356 130
63.4573 129
63.4801 128
63.6363 129
63.6399 130
63.6411 131
63.6435 132
63.6447 133
63.6459 134
63.6483 135
63.6495 136
63.6507 137
63.6531 138
63.6543 139
63.6555 140
63.6567 141
63.6591 142
63.6603 143
63.6615 144
63.6627 145
63.6639 146
63.6651 145
63.6651 146
63.6663 147
63.6699 148
63.6712 149
63.6724 150
63.6736 151
63.6748 152
63.676 153
63.6772 154
63.6796 155
63.682 156
63.6832 157
63.6844 156
63.6844 157
63.6856 158
63.6868 159
63.688 160
63.6892 161
63.6904 162
63.6916 163
63.6952 164
63.6964 165
63.6976 166
63.6988 167
63.7 168
63.7012 169
63.7024 191.115
63.7024 11.3218
63.7024 12.3218
63.7072 14.3218
63.7096 16.3218
63.712 18.3218
63.7144 20.3218
63.718 22.3218
63.7204 24.3218
63.724 26.3218
63.7264 28.3218
63.7288 30.3218
63.7324 32.3218
63.7348 34.3218
63.7384 36.3218
63.742 38.3218
63.7456 40.3218
63.7504 42.3218
63.7528 44.3218
63.7577 46.3218
63.7613 48.3218
63.7649 50.3218
63.7697 52.3218
63.7733 54.3218
63.7769 56.3218
63.7805 58.3218
63.7841 60.3218
63.7889 62.3218
63.7925 64.3218
63.7961 66.3218
63.8009 68.3218
63.8033 70.3218
63.8081 72.3218
63.8129 74.3218
63.8177 76.3218
63.8201 78.3218
63.8261 80.3218
63.8309 82.3218
63.8334 84.3218
63.8382 86.3218
63.8406 88.3218
63.8454 90.3218
63.8502 92.3218
63.855 94.3218
63.8574 96.3218
63.8622 98.3218
63.8658 100.322
63.8682 102.322
63.8718 104.322
63.8766 106.322
63.879 108.322
63.8826 110.322
63.885 112.322
63.8874 114.322
63.8922 116.322
63.8946 118.322
63.897 120.322
63.9006 122.322
63.9042 124.322
63.9066 126.322
63.9091 128.322
63.9127 130.322
63.9163 132.322
63.9187 134.322
63.9535 136.322
63.9559 138.322
63.9607 140.322
63.9643 142.322
63.9679 144.322
63.9727 146.322
63.9751 148.322
63.9799 150.322
63.9848 152.322
63.9872 154.322
63.992 156.322
63.9944 158.322
64.0004 160.322
64.0028 162.322
64.0076 164.322
64.0112 166.322
64.0148 168.322
64.0196 170.322
64.022 172.322
64.0268 174.322
64.0292 176.322
64.0316 178.322
64.0364 180.322
64.0388 182.322
64.0436 184.322
64.046 186.322
64.0484 188.322
64.0532 190.322
64.0556 192.322
64.0581 194.322
64.0629 195.392
64.0653 195.133
64.0677 194.759
64.0701 194.285
64.0749 194.017
64.0773 193.783
64.0821 193.725
64.445 195.725
64.606 193.725
65.7391 195.725
65.7751 161
65.7751 160
65.7751 161
65.9169 162
65.9181 163
65.9193 164
65.9217 165
65.9229 166
65.9241 167
65.9253 168
65.9277 169
65.9302 170
65.9314 171
65.9326 172
65.9338 173
65.9374 174
65.9386 175
65.9398 176
65.941 177
65.9422 178
65.9458 179
65.947 180
65.9482 181
65.9494 182
65.953 183
65.9542 184
65.9554 185
65.9566 186
65.9602 187
65.9614 188
65.9626 189
65.9638 190
65.965 191
65.9686 192
65.9698 192.807
66.0083 193.383
66.0215 194.086
66.0275 194.939
66.0287 195.939
66.0299 196.939
66.0311 197.343
66.0371 198.343
66.0383 198.545
66.0395 198.55
66.0599 199.097
66.0828 199.702
66.084 199.954
66.0936 199.983
66.0996 200.079
66.108 200.395
66.1164 200.459
66.4985 201.016
66.5021 202.016
66.5057 203.016
66.5069 204.016
66.5081 204.032
66.7679 1
66.7689 2
66.7689 4
66.7701 5
66.7713 6
66.7725 7
66.7761 8
66.7773 9
66.7785 10
66.7797 11
66.7809 12
66.7821 13
66.7857 14
66.7869 15
66.7881 16
66.7893 17
66.7905 18
66.7917 19
66.7929 20
66.7965 4.87155
67.2897 5.87155
67.4814 6.87155
67.8616 6.74586
72.1742 6.36948
73.6534 6.34323
74.1544 4.25483
74.1544 4
74.4104 4.25483
74.4104 4
74.6663 204.032
74.6663 5.1913
75.314 6.1913
75.6384 7.1913
77.0082 7.18301
78.0399 7.72928
79.4367 7.83564
80.0562 8.32251
83.7186 7.34461
84.7814 4.69751
84.7814 4
85.0734 4.69751
85.0734 4
85.3077 204.032
85.3077 6.05456
85.8917 5.68577
87.8118 6.68577
88.1471 7.68577
90.629 8.35635
92.748 9.06492
93.3783 9.25483
95.3573 5.40815
95.3573 4
95.6998 204.032
95.6998 7.30387
97.385 8.02762
97.8079 9.02762
98.0194 9.28315
