0 0
0.1 0
0.2 0
0.3 4
0.4 6
0.5 8
0.6 5
0.7 9
0.8 13
0.9 18
1 21
1.1 26
1.2 31
1.3 32
1.4 37
1.5 42
1.6 45
1.7 44
1.8 37
1.9 42
2 49
2.1 53
2.2 57
2.3 60
2.4 62
2.5 63
2.6 66
2.7 71
2.8 75
2.9 79
3 85
3.1 87
3.2 91
3.3 96
3.4 99
3.5 102
3.6 101
3.7 102
3.8 57
3.9 40
4 46
4.1 44
4.2 46
4.3 47
4.4 47
4.5 49
4.6 52
4.7 56
4.8 57
4.9 59
5 62
5.1 65
5.2 67
5.3 68
5.4 72
5.5 75
5.6 76
5.7 77
5.8 83
5.9 82
6 84
6.1 86
6.2 87
6.3 89
6.4 90
6.5 90
6.6 94
6.7 94
6.8 95
6.9 96
7 97
7.1 99
7.2 101
7.3 100
7.4 97
7.5 100
7.6 100
7.7 101
7.8 100
7.9 101
8 101
8.1 38
8.2 36
8.3 35
8.4 37
8.5 38
8.6 40
8.7 40
8.8 43
8.9 46
9 45
9.1 46
9.2 48
9.3 50
9.4 52
9.5 53
9.6 55
9.7 58
9.8 57
9.9 57
10 59
10.1 61
10.2 60
10.3 62
10.4 64
10.5 64
10.6 65
10.7 66
10.8 65
10.9 67
11 66
11.1 68
11.2 69
11.3 70
11.4 69
11.5 72
11.6 70
11.7 72
11.8 71
11.9 70
12 71
12.1 70
12.2 72
12.3 71
12.4 71
12.5 71
12.6 70
12.7 71
12.8 71
12.9 71
13 70
13.1 72
13.2 71
13.3 71
13.4 71
13.5 70
13.6 71
13.7 71
13.8 71
13.9 70
14 72
14.1 71
14.2 72
14.3 72
14.4 71
14.5 73
14.6 73
14.7 73
14.8 73
14.9 75
15 75
15.1 76
15.2 75
15.3 77
15.4 78
15.5 78
15.6 79
15.7 81
15.8 81
15.9 84
16 84
16.1 85
16.2 86
16.3 88
16.4 90
16.5 91
16.6 91
16.7 93
16.8 93
16.9 97
17 98
17.1 99
17.2 100
17.3 102
17.4 102
17.5 101
17.6 38
17.7 38
17.8 41
17.9 41
18 43
18.1 45
18.2 47
18.3 50
18.4 53
18.5 55
18.6 57
18.7 62
18.8 63
18.9 67
19 69
19.1 71
19.2 74
19.3 75
19.4 78
19.5 81
19.6 83
19.7 85
19.8 87
19.9 89
20 90
20.1 93
20.2 93
20.3 95
20.4 96
20.5 98
20.6 100
20.7 102
20.8 101
20.9 101
21 90
21.1 40
21.2 41
21.3 40
21.4 41
21.5 41
21.6 42
21.7 44
21.8 47
21.9 49
22 51
22.1 53
22.2 57
22.3 58
22.4 59
22.5 63
22.6 64
22.7 66
22.8 67
22.9 71
23 71
23.1 74
23.2 76
23.3 76
23.4 78
23.5 82
23.6 82
23.7 83
23.8 87
23.9 89
24 90
24.1 93
24.2 95
24.3 95
24.4 91
24.5 91
24.6 93
24.7 95
24.8 95
24.9 98
25 97
25.1 97
25.2 97
25.3 98
25.4 96
25.5 97
25.6 98
25.7 96
25.8 97
25.9 102
26 100
26.1 95
26.2 89
26.3 40
26.4 45
26.5 38
26.6 43
26.7 44
26.8 48
26.9 50
27 51
27.1 54
27.2 56
27.3 59
27.4 61
27.5 65
27.6 71
27.7 75
27.8 70
27.9 71
28 77
28.1 81
28.2 83
28.3 86
28.4 89
28.5 91
28.6 92
28.7 93
28.8 94
28.9 97
29 96
29.1 101
29.2 101
29.3 100
29.4 88
29.5 42
29.6 47
29.7 42
29.8 44
29.9 44
30 47
30.1 48
30.2 51
30.3 52
30.4 55
30.5 56
30.6 57
30.7 60
30.8 66
30.9 72
31 65
31.1 62
31.2 67
31.3 74
31.4 75
31.5 77
31.6 78
31.7 79
31.8 79
31.9 82
32 81
32.1 82
32.2 84
32.3 85
32.4 91
32.5 95
32.6 85
32.7 79
32.8 83
32.9 90
33 91
33.1 93
33.2 93
33.3 93
33.4 94
33.5 95
33.6 94
33.7 95
33.8 96
33.9 97
34 103
34.1 100
34.2 92
34.3 76
34.4 45
34.5 52
34.6 43
34.7 48
34.8 48
34.9 53
35 55
35.1 58
35.2 60
35.3 63
35.4 66
35.5 68
35.6 77
35.7 87
35.8 81
35.9 73
36 77
36.1 86
36.2 91
36.3 94
36.4 97
36.5 99
36.6 102
36.7 101
36.8 101
36.9 68
37 3
37.1 0
37.2 0
37.3 0
37.4 12
37.5 30
37.6 41
37.7 46
37.8 50
37.9 60
38 67
38.1 56
38.2 52
38.3 59
38.4 66
38.5 68
38.6 72
38.7 72
38.8 74
38.9 76
39 78
39.1 77
39.2 89
39.3 91
39.4 82
39.5 77
39.6 81
39.7 89
39.8 89
39.9 93
40 94
40.1 94
40.2 95
40.3 96
40.4 97
40.5 103
40.6 99
40.7 88
40.8 68
40.9 58
41 61
41.1 55
41.2 59
41.3 58
41.4 63
41.5 63
41.6 66
41.7 68
41.8 82
41.9 88
42 78
42.1 74
42.2 81
42.3 88
42.4 93
42.5 96
42.6 99
42.7 101
42.8 101
42.9 102
43 94
43.1 82
43.2 87
43.3 61
43.4 58
43.5 37
43.6 18
43.7 43
43.8 46
43.9 64
44 66
44.1 75
44.2 78
44.3 87
44.4 101
44.5 98
44.6 86
44.7 78
44.8 69
44.9 73
45 66
45.1 66
45.2 64
45.3 65
45.4 65
45.5 67
45.6 72
45.7 87
45.8 88
45.9 71
46 70
46.1 79
46.2 81
46.3 86
46.4 89
46.5 92
46.6 95
46.7 95
46.8 99
46.9 102
47 102
47.1 92
47.2 73
47.3 60
47.4 72
47.5 56
47.6 0
47.7 0
47.8 0
47.9 0
48 0
48.1 15
48.2 35
48.3 50
48.4 64
48.5 79
48.6 76
48.7 76
48.8 79
48.9 80
49 70
49.1 72
49.2 70
49.3 75
49.4 68
49.5 63
49.6 70
49.7 74
49.8 74
49.9 74
50 76
50.1 77
50.2 77
50.3 67
50.4 70
50.5 72
50.6 71
50.7 72
50.8 70
50.9 72
51 73
51.1 64
51.2 66
51.3 72
51.4 71
51.5 70
51.6 62
51.7 60
51.8 66
51.9 53
52 54
52.1 57
52.2 61
52.3 62
52.4 64
52.5 64
52.6 66
52.7 58
52.8 53
52.9 59
53 62
53.1 65
53.2 65
53.3 66
53.4 68
53.5 61
53.6 57
53.7 60
53.8 66
53.9 66
54 67
54.1 67
54.2 70
54.3 67
54.4 62
54.5 67
54.6 74
54.7 76
54.8 75
54.9 76
55 80
55.1 79
55.2 71
55.3 78
55.4 80
55.5 83
55.6 85
55.7 86
55.8 88
55.9 93
56 88
56.1 87
56.2 90
56.3 91
56.4 94
56.5 99
56.6 98
56.7 101
56.8 101
56.9 102
57 81
57.1 67
57.2 69
57.3 66
57.4 54
57.5 32
57.6 51
57.7 54
57.8 59
57.9 69
58 74
58.1 59
58.2 18
58.3 0
58.4 0
58.5 0
58.6 18
58.7 59
58.8 74
58.9 90
59 102
59.1 101
59.2 96
59.3 79
59.4 66
59.5 73
59.6 36
59.7 24
59.8 42
59.9 50
60 58
60.1 63
60.2 67
60.3 71
60.4 80
60.5 95
60.6 83
60.7 74
60.8 79
60.9 87
61 90
61.1 94
61.2 98
61.3 100
61.4 102
61.5 101
61.6 101
61.7 98
61.8 84
61.9 92
62 64
62.1 24
62.2 33
62.3 47
62.4 56
62.5 66
62.6 70
62.7 78
62.8 82
62.9 86
63 90
63.1 97
63.2 102
63.3 96
63.4 82
63.5 64
63.6 67
63.7 64
63.8 8
63.9 14
64 34
64.1 40
64.2 52
64.3 57
64.4 66
64.5 76
64.6 99
64.7 86
64.8 78
64.9 81
65 88
65.1 89
65.2 92
65.3 97
65.4 99
65.5 102
65.6 101
65.7 102
65.8 101
65.9 94
66 68
66.1 60
66.2 59
66.3 63
66.4 62
66.5 64
66.6 66
66.7 70
66.8 73
66.9 15
67 0
67.1 0
67.2 0
67.3 0
67.4 0
67.5 0
67.6 0
67.7 0
67.8 0
67.9 0
68 0
68.1 0
68.2 0
68.3 0
68.4 0
68.5 0
68.6 0
68.7 0
68.8 0
68.9 0
69 0
69.1 0
69.2 0
69.3 0
69.4 0
69.5 0
69.6 0
69.7 0
69.8 0
69.9 0
70 0
70.1 0
70.2 0
70.3 0
70.4 0
70.5 0
70.6 0
70.7 0
70.8 0
70.9 0
71 0
71.1 0
71.2 0
71.3 0
71.4 0
71.5 0
71.6 0
71.7 0
71.8 0
71.9 0
72 0
72.1 0
72.2 0
72.3 0
72.4 0
72.5 0
72.6 0
72.7 0
72.8 0
72.9 0
73 0
73.1 0
73.2 0
73.3 0
73.4 0
73.5 0
73.6 0
73.7 0
73.8 0
73.9 0
74 0
74.1 0
74.2 0
74.3 0
74.4 0
74.5 0
74.6 0
74.7 0
74.8 0
74.9 0
75 3
75.1 5
75.2 7
75.3 12
75.4 16
75.5 16
75.6 18
75.7 22
75.8 25
75.9 29
76 32
76.1 36
76.2 41
76.3 44
76.4 49
76.5 53
76.6 57
76.7 63
76.8 68
76.9 73
77 77
77.1 82
77.2 89
77.3 95
77.4 101
77.5 101
77.6 102
77.7 101
77.8 37
77.9 37
78 48
78.1 48
78.2 49
78.3 52
78.4 54
78.5 55
78.6 58
78.7 61
78.8 65
78.9 68
79 72
79.1 73
79.2 75
79.3 77
79.4 81
79.5 83
79.6 86
79.7 88
79.8 89
79.9 92
80 93
80.1 95
80.2 99
80.3 99
80.4 102
80.5 101
80.6 101
80.7 101
80.8 42
80.9 37
81 38
81.1 38
81.2 40
81.3 40
81.4 41
81.5 44
81.6 46
81.7 48
81.8 49
81.9 50
82 51
82.1 53
82.2 55
82.3 55
82.4 57
82.5 59
82.6 59
82.7 62
82.8 62
82.9 63
83 64
83.1 65
83.2 66
83.3 65
83.4 66
83.5 67
83.6 67
83.7 70
83.8 69
83.9 70
84 70
84.1 70
84.2 70
84.3 69
84.4 70
84.5 71
84.6 70
84.7 70
84.8 71
84.9 70
85 71
85.1 70
85.2 70
85.3 70
85.4 71
85.5 71
85.6 70
85.7 70
85.8 70
85.9 71
86 70
86.1 70
86.2 70
86.3 69
86.4 71
86.5 70
86.6 71
86.7 69
86.8 71
86.9 71
87 70
87.1 71
87.2 73
87.3 72
87.4 72
87.5 74
87.6 74
87.7 74
87.8 75
87.9 76
88 75
88.1 78
88.2 78
88.3 77
88.4 80
88.5 82
88.6 83
88.7 83
88.8 85
88.9 86
89 88
89.1 89
89.2 90
89.3 92
89.4 93
89.5 95
89.6 95
89.7 97
89.8 98
89.9 101
90 102
90.1 101
90.2 102
90.3 66
90.4 36
90.5 36
90.6 40
90.7 39
90.8 43
90.9 44
91 47
91.1 51
91.2 52
91.3 57
91.4 59
91.5 61
91.6 64
91.7 66
91.8 70
91.9 72
92 74
92.1 77
92.2 78
92.3 81
92.4 83
92.5 84
92.6 86
92.7 87
92.8 88
92.9 91
93 92
93.1 94
93.2 95
93.3 95
93.4 98
93.5 99
93.6 99
93.7 102
93.8 101
93.9 102
94 102
94.1 102
94.2 37
94.3 36
94.4 37
94.5 38
94.6 38
94.7 41
94.8 42
94.9 43
95 47
95.1 48
95.2 48
95.3 51
95.4 52
95.5 54
95.6 55
95.7 56
95.8 57
95.9 59
96 60
96.1 61
96.2 62
96.3 62
96.4 63
96.5 65
96.6 64
96.7 66
96.8 67
96.9 66
97 67
97.1 67
97.2 67
97.3 69
97.4 69
97.5 70
97.6 70
97.7 69
97.8 70
97.9 69
98 70
98.1 70
98.2 70
98.3 70
98.4 70
98.5 69
98.6 69
98.7 71
98.8 69
98.9 71
99 70
99.1 70
99.2 71
99.3 70
99.4 70
99.5 69
99.6 69
99.7 70
99.8 69
99.9 71
100 70
