0.1 6.48864
0.2 4.08
0.3 2.88
0.4 2.4
0.5 1.68
0.6 1.8
0.7 1.68
0.8 1.8
0.9 1.68
1 1.68
1.1 1.8
1.2 1.68
1.3 1.8
1.4 1.68
1.5 1.68
1.6 1.8
1.7 0.84
1.8 0.6
1.9 0.96
2 0.96
2.1 0.84
2.2 0.96
2.3 0.84
2.4 0.6
2.5 0.48
2.6 0.6
2.7 0.48
2.8 0.6
2.9 0.6
3 0.6
3.1 0.48
3.2 0.6
3.3 0.48
3.4 0.6
3.5 0.48
3.6 0.48
3.7 0.48
3.8 0.6
3.9 0.48
4 0.48
4.1 0.6
4.2 0.6
4.3 0.48
4.4 0.48
4.5 0.24
4.6 0.6
4.7 0.24
4.8 0.48
4.9 0.12
5 0.6
5.1 0
5.2 0.48
5.3 0.12
5.4 0.48
5.5 0.24
5.6 0.24
5.7 0.36
5.8 0.36
5.9 0.24
6 0.36
6.1 0.12
6.2 0.24
6.3 0.48
6.4 0
6.5 0.48
6.6 0.24
6.7 0.24
6.8 0.36
6.9 0.12
7 0.36
7.1 0.36
7.2 0.24
7.3 0.12
7.4 0.24
7.5 0.24
7.6 0
7.7 0.36
7.8 0.12
7.9 0.12
8 0.36
8.1 0.24
8.2 0
8.3 0.36
8.4 0.12
8.5 0.36
8.6 0.24
8.7 0.24
8.8 0.24
8.9 0.36
9 0.12
9.1 0.24
9.2 0.24
9.3 0.24
9.4 0.24
9.5 0.24
9.6 0.24
9.7 0.36
9.8 0.12
9.9 0.24
10 0.24
10.1 0.24
10.2 0
10.3 0.24
10.4 0.24
10.5 0.24
10.6 0.24
10.7 0.24
10.8 0.24
10.9 0.24
11 0.24
11.1 0.36
11.2 0.24
11.3 0.36
11.4 0.24
11.5 0.36
11.6 0.24
11.7 0.36
11.8 0.24
11.9 0.36
12 0.24
12.1 0.24
12.2 0.36
12.3 0.24
12.4 0.24
12.5 0.36
12.6 0.24
12.7 0.24
12.8 0.36
12.9 0.24
13 0.24
13.1 0.36
13.2 0.24
13.3 0.24
13.4 0.36
13.5 0.24
13.6 0.24
13.7 0.36
13.8 0.24
13.9 0.24
14 0.36
14.1 0.24
14.2 0.24
14.3 0.36
14.4 0.24
14.5 0.24
14.6 0.36
14.7 0.24
14.8 0.24
14.9 0.36
15 0.24
15.1 0.24
15.2 0.24
15.3 0.24
15.4 0.36
15.5 0.24
15.6 0.24
15.7 0.24
15.8 0.36
15.9 0.24
16 0.24
16.1 0.24
16.2 0.24
16.3 0.24
16.4 0.36
16.5 0.24
16.6 0.24
16.7 0.24
16.8 0.24
16.9 0.36
17 0.24
17.1 0.24
17.2 0.24
17.3 0.24
17.4 0.36
17.5 0.24
17.6 0.24
17.7 0.24
17.8 0.24
17.9 0.36
18 0.24
18.1 0.36
18.2 0.36
18.3 0.24
18.4 0.36
18.5 0.24
18.6 0.36
18.7 0.36
18.8 0.24
18.9 0.36
19 0.24
19.1 0.36
19.2 0.36
19.3 0.24
19.4 0.36
19.5 0.36
19.6 0.24
19.7 0.36
19.8 0.36
19.9 0.36
20 0.36
20.1 0.36
20.2 0.48
20.3 0.36
20.4 0.36
20.5 0.36
20.6 0.48
20.7 0.48
20.8 0.48
20.9 0.48
21 0.48
21.1 0.48
21.2 0.6
21.3 0.48
21.4 0.6
21.5 0.6
21.6 0.6
21.7 0.72
21.8 0.6
21.9 0.6
22 0.6
22.1 0.72
22.2 0.84
22.3 0.72
22.4 0.84
22.5 0.84
22.6 0.84
22.7 0.84
22.8 0.96
22.9 0.96
23 0.96
23.1 1.08
23.2 1.08
23.3 1.08
23.4 1.2
23.5 1.2
23.6 1.2
23.7 1.32
23.8 1.44
23.9 1.44
24 1.56
24.1 1.56
24.2 1.68
24.3 1.44
24.4 1.08
24.5 1.56
24.6 1.56
24.7 1.56
24.8 1.56
24.9 1.68
25 1.56
25.1 1.56
25.2 1.68
25.3 1.56
25.4 1.56
25.5 1.68
25.6 1.56
25.7 1.56
25.8 1.68
25.9 2.04
26 2.04
26.1 1.2
26.2 1.32
26.3 1.8
26.4 1.8
26.5 1.8
26.6 1.8
26.7 1.8
26.8 1.8
26.9 1.8
27 1.92
27.1 1.8
27.2 1.8
27.3 1.8
27.4 1.8
27.5 2.04
27.6 2.28
27.7 2.16
27.8 1.32
27.9 1.92
28 2.04
28.1 2.04
28.2 2.16
28.3 2.04
28.4 2.04
28.5 2.04
28.6 2.16
28.7 2.04
28.8 2.04
28.9 2.04
29 2.04
29.1 2.52
29.2 2.52
29.3 1.92
29.4 1.56
29.5 2.04
29.6 2.4
29.7 2.28
29.8 2.4
29.9 2.28
30 2.4
30.1 2.28
30.2 2.4
30.3 2.4
30.4 2.28
30.5 2.4
30.6 2.28
30.7 2.52
30.8 2.88
30.9 3
31 1.8
31.1 2.4
31.2 2.64
31.3 2.76
31.4 2.64
31.5 2.76
31.6 2.76
31.7 2.76
31.8 2.64
31.9 2.76
32 2.76
32.1 2.64
32.2 2.76
32.3 3
32.4 3.36
32.5 3
32.6 2.04
32.7 2.4
32.8 3.12
32.9 3
33 3.12
33.1 3.12
33.2 3
33.3 3.12
33.4 3
33.5 3.12
33.6 3.12
33.7 3
33.8 3.12
33.9 3.12
34 3.84
34.1 3.72
34.2 2.4
34.3 2.4
34.4 3.36
34.5 3.48
34.6 3.48
34.7 3.48
34.8 3.48
34.9 3.6
35 3.48
35.1 3.6
35.2 3.48
35.3 3.6
35.4 3.48
35.5 3.6
35.6 4.32
35.7 4.44
35.8 2.88
35.9 2.88
36 3.84
36.1 3.96
36.2 3.84
36.3 3.96
36.4 3.84
36.5 3.96
36.6 3.84
36.7 3.96
36.8 3.84
36.9 0.48
37 0
37.1 0.36
37.2 0.48
37.3 0
37.4 3.6
37.5 3.84
37.6 3.96
37.7 3.84
37.8 3.96
37.9 4.68
38 4.44
38.1 3
38.2 3.6
38.3 4.08
38.4 4.2
38.5 4.2
38.6 4.08
38.7 4.2
38.8 4.2
38.9 4.08
39 4.2
39.1 4.2
39.2 5.16
39.3 4.56
39.4 3.12
39.5 3.96
39.6 4.56
39.7 4.44
39.8 4.56
39.9 4.44
40 4.56
40.1 4.56
40.2 4.44
40.3 4.56
40.4 4.44
40.5 5.64
40.6 4.8
40.7 3.36
40.8 4.44
40.9 4.92
41 5.04
41.1 5.04
41.2 5.04
41.3 5.04
41.4 5.04
41.5 5.16
41.6 5.04
41.7 5.16
41.8 6.36
41.9 5.4
42 3.84
42.1 4.92
42.2 5.4
42.3 5.28
42.4 5.4
42.5 5.28
42.6 5.4
42.7 5.28
42.8 5.4
42.9 5.28
43 5.4
43.1 6.72
43.2 5.76
43.3 4.08
43.4 5.52
43.5 2.4
43.6 3.84
43.7 6.12
43.8 6.12
43.9 6.12
44 6.12
44.1 6.12
44.2 6.24
44.3 6.24
44.4 7.68
44.5 6.12
44.6 4.56
44.7 6
44.8 6.36
44.9 6.48
45 6.36
45.1 6.36
45.2 6.48
45.3 6.36
45.4 6.6
45.5 6.48
45.6 6.84
45.7 8.16
45.8 6.12
45.9 4.92
46 6.6
46.1 6.84
46.2 6.72
46.3 6.84
46.4 6.72
46.5 6.84
46.6 6.72
46.7 6.84
46.8 6.72
46.9 7.32
47 8.52
47.1 6.12
47.2 5.28
47.3 7.32
47.4 7.56
47.5 5.76
47.6 0
47.7 0
47.8 0.96
47.9 0.48
48 6.36
48.1 7.56
48.2 7.56
48.3 7.56
48.4 7.56
48.5 8.28
48.6 5.88
48.7 6.72
48.8 7.08
48.9 6.24
49 5.76
49.1 6.12
49.2 6.72
49.3 6.12
49.4 6
49.5 5.64
49.6 6.84
49.7 6.36
49.8 6.24
49.9 6.24
50 6
50.1 6.72
50.2 5.76
50.3 5.28
50.4 6.48
50.5 5.88
50.6 6.36
50.7 5.88
50.8 6.36
50.9 5.88
51 6.36
51.1 4.92
51.2 6.48
51.3 6.24
51.4 6
51.5 6.36
51.6 4.8
51.7 6.12
51.8 5.76
51.9 4.92
52 5.64
52.1 6.12
52.2 6.24
52.3 6
52.4 5.88
52.5 5.88
52.6 6.12
52.7 4.92
52.8 5.52
52.9 6.12
53 6.12
53.1 6
53.2 5.76
53.3 6
53.4 5.76
53.5 5.28
53.6 5.16
53.7 5.88
53.8 5.76
53.9 6
54 5.28
54.1 5.88
54.2 5.76
54.3 5.16
54.4 4.8
54.5 6
54.6 5.52
54.7 5.52
54.8 5.64
54.9 5.04
55 5.76
55.1 4.8
55.2 4.44
55.3 5.88
55.4 5.04
55.5 5.28
55.6 4.92
55.7 5.04
55.8 5.16
55.9 5.16
56 4.08
56.1 4.44
56.2 4.8
56.3 4.44
56.4 4.68
56.5 4.44
56.6 4.32
56.7 4.56
56.8 3.84
56.9 4.56
57 4.44
57.1 3.96
57.2 4.8
57.3 5.28
57.4 2.76
57.5 3
57.6 5.64
57.7 4.32
57.8 5.04
57.9 5.04
58 4.92
58.1 2.16
58.2 0
58.3 0.36
58.4 0
58.5 0.48
58.6 2.52
58.7 5.04
58.8 5.04
58.9 4.92
59 6.12
59.1 6
59.2 3.84
59.3 4.2
59.4 5.04
59.5 5.04
59.6 2.28
59.7 3.24
59.8 5.28
59.9 5.28
60 5.28
60.1 5.28
60.2 5.28
60.3 5.28
60.4 6.24
60.5 6.6
60.6 4.08
60.7 4.32
60.8 5.4
60.9 5.52
61 5.64
61.1 5.52
61.2 5.52
61.3 5.52
61.4 5.64
61.5 5.52
61.6 5.52
61.7 5.52
61.8 6.72
61.9 6.48
62 2.76
62.1 2.64
62.2 6.48
62.3 6.48
62.4 6.48
62.5 6.48
62.6 6.48
62.7 6.48
62.8 6.48
62.9 6.36
63 6.48
63.1 6.96
63.2 8.04
63.3 6.48
63.4 4.8
63.5 6.36
63.6 6.72
63.7 6.6
63.8 0.24
63.9 6.96
64 7.08
64.1 7.08
64.2 7.08
64.3 7.08
64.4 7.08
64.5 8.04
64.6 8.76
64.7 5.52
64.8 5.88
64.9 7.08
65 6.96
65.1 7.08
65.2 7.08
65.3 7.08
65.4 7.08
65.5 7.08
65.6 6.96
65.7 7.08
65.8 7.92
65.9 6.84
66 5.28
66.1 6.12
66.2 7.32
66.3 7.32
66.4 7.32
66.5 7.32
66.6 7.44
66.7 7.44
66.8 7.2
66.9 0
67 0.12
67.1 0
67.2 0
67.3 0.12
67.4 0
67.5 0.12
67.6 0.12
67.7 0
67.8 0
67.9 0.12
68 0
68.1 0.12
68.2 0
68.3 0.12
68.4 0
68.5 0.12
68.6 0
68.7 0.12
68.8 0
68.9 0
69 0.12
69.1 0.12
69.2 0
69.3 0.12
69.4 0
69.5 0
69.6 0.12
69.7 0
69.8 0.12
69.9 0
70 0.12
70.1 0
70.2 0.12
70.3 0
70.4 0.12
70.5 0
70.6 0
70.7 0.12
70.8 0
70.9 0.12
71 0
71.1 0.12
71.2 0
71.3 0.12
71.4 0
71.5 0
71.6 0.12
71.7 0.12
71.8 0
71.9 0.12
72 0
72.1 0
72.2 0.12
72.3 0
72.4 0.12
72.5 0
72.6 0
72.7 0.12
72.8 0
72.9 0.12
73 0
73.1 0
73.2 0.12
73.3 0
73.4 0.12
73.5 0
73.6 0.12
73.7 0
73.8 0
73.9 0.12
74 0
74.1 0.12
74.2 0
74.3 0
74.4 0.12
74.5 0
74.6 0
74.7 0.12
74.8 0
74.9 0
75 0.12
75.1 0
75.2 0
75.3 0.12
75.4 0
75.5 0
75.6 0.12
75.7 0
75.8 0
75.9 0.12
76 0
76.1 0.12
76.2 0
76.3 0
76.4 0.12
76.5 0
76.6 0.12
76.7 0
76.8 0
76.9 0.12
77 0
77.1 0.12
77.2 0
77.3 0
77.4 0.12
77.5 0
77.6 0
77.7 0.12
77.8 0
77.9 0.12
78 0
78.1 0
78.2 0.12
78.3 0
78.4 0.12
78.5 0
78.6 0
78.7 0.12
78.8 0
78.9 0.12
79 0
79.1 0.12
79.2 0
79.3 0.12
79.4 0
79.5 0.12
79.6 0
79.7 0.12
79.8 0
79.9 0.12
80 0.12
80.1 0
80.2 0.12
80.3 0
80.4 0.12
80.5 0
80.6 0.12
80.7 0.12
80.8 0
80.9 0.12
81 0
81.1 0.12
81.2 0.12
81.3 0
81.4 0.12
81.5 0
81.6 0.12
81.7 0.12
81.8 0
81.9 0.12
82 0
82.1 0.12
82.2 0.12
82.3 0
82.4 0.12
82.5 0
82.6 0.12
82.7 0.12
82.8 0
82.9 0.12
83 0
83.1 0.12
83.2 0.12
83.3 0
83.4 0.12
83.5 0.12
83.6 0
83.7 0.12
83.8 0
83.9 0.12
84 0
84.1 0.12
84.2 0
84.3 0
84.4 0.12
84.5 0
84.6 0
84.7 0.12
84.8 0
84.9 0.12
85 0
85.1 0
85.2 0.12
85.3 0
85.4 0
85.5 0.12
85.6 0
85.7 0
85.8 0.12
85.9 0
86 0
86.1 0.12
86.2 0
86.3 0
86.4 0.12
86.5 0
86.6 0
86.7 0
86.8 0.12
86.9 0
87 0
87.1 0.12
87.2 0
87.3 0
87.4 0.12
87.5 0
87.6 0
87.7 0
87.8 0.12
87.9 0
88 0
88.1 0.12
88.2 0
88.3 0
88.4 0.12
88.5 0
88.6 0.12
88.7 0
88.8 0
88.9 0.12
89 0
89.1 0
89.2 0.12
89.3 0
89.4 0.12
89.5 0
89.6 0
89.7 0.12
89.8 0
89.9 0
90 0.12
90.1 0
90.2 0.12
90.3 0
90.4 0
90.5 0.12
90.6 0
90.7 0
90.8 0.12
90.9 0
91 0.12
91.1 0
91.2 0
91.3 0.12
91.4 0
91.5 0.12
91.6 0
91.7 0.12
91.8 0
91.9 0.12
92 0
92.1 0.12
92.2 0
92.3 0
92.4 0.12
92.5 0
92.6 0.12
92.7 0
92.8 0.12
92.9 0
93 0.12
93.1 0
93.2 0.12
93.3 0.12
93.4 0
93.5 0.12
93.6 0
93.7 0.12
93.8 0
93.9 0.12
94 0.12
94.1 0
94.2 0.12
94.3 0
94.4 0.12
94.5 0.12
94.6 0
94.7 0.12
94.8 0
94.9 0.12
95 0.12
95.1 0
95.2 0.12
95.3 0
95.4 0.12
95.5 0.12
95.6 0
95.7 0
95.8 0.12
95.9 0
96 0.12
96.1 0
96.2 0.12
96.3 0
96.4 0.12
96.5 0
96.6 0.12
96.7 0
96.8 0.12
96.9 0
97 0.12
97.1 0
97.2 0.12
97.3 0
97.4 0.12
97.5 0
97.6 0.12
97.7 0
97.8 0
97.9 0.12
98 0
98.1 0.12
98.2 0.12
98.3 0
98.4 0.12
98.5 0
98.6 0.12
98.7 0.12
98.8 0
98.9 0.12
99 0
99.1 0.12
99.2 0.12
99.3 0
99.4 0.12
99.5 0
99.6 0.12
99.7 0.12
99.8 0
99.9 0.12
100 0
