0.1 0.06272
0.2 0.10816
0.3 0.12064
0.4 0.13312
0.5 0.13728
0.6 0.13312
0.7 0.1456
0.8 0.1456
0.9 0.14144
1 0.1456
1.1 0.1456
1.2 0.1456
1.3 0.14144
1.4 0.1456
1.5 0.1456
1.6 0.1456
1.7 0.14144
1.8 0.1456
1.9 0.16224
2 0.15808
2.1 0.15808
2.2 0.15808
2.3 0.15808
2.4 0.15808
2.5 0.15808
2.6 0.16224
2.7 0.1664
2.8 0.16224
2.9 0.1664
3 0.16224
3.1 0.16224
3.2 0.1664
3.3 0.16224
3.4 0.1664
3.5 0.16224
3.6 0.16224
3.7 0.1664
3.8 0.38496
3.9 0.48032
4 0.46816
4.1 0.456
4.2 0.27104
4.3 0.16224
4.4 0.1664
4.5 0.16224
4.6 0.1664
4.7 0.17056
4.8 0.16224
4.9 0.1664
5 0.1664
5.1 0.17056
5.2 0.1664
5.3 0.17056
5.4 0.1664
5.5 0.1664
5.6 0.17056
5.7 0.1664
5.8 0.17056
5.9 0.1664
6 0.1664
6.1 0.17056
6.2 0.1664
6.3 0.1664
6.4 0.17056
6.5 0.1664
6.6 0.17056
6.7 0.1664
6.8 0.1664
6.9 0.17472
7 0.1664
7.1 0.1664
7.2 0.17056
7.3 0.1664
7.4 0.1664
7.5 0.17472
7.6 0.1664
7.7 0.17056
7.8 0.17056
7.9 0.17056
8 0.19904
8.1 0.3984
8.2 0.3888
8.3 0.38848
8.4 0.3936
8.5 0.23584
8.6 0.1664
8.7 0.17056
8.8 0.17056
8.9 0.1664
9 0.1664
9.1 0.17056
9.2 0.17056
9.3 0.1664
9.4 0.17056
9.5 0.1664
9.6 0.17472
9.7 0.1664
9.8 0.17056
9.9 0.1664
10 0.17056
10.1 0.17056
10.2 0.1664
10.3 0.17056
10.4 0.17056
10.5 0.17056
10.6 0.17056
10.7 0.1664
10.8 0.17056
10.9 0.1664
11 0.17056
11.1 0.17056
11.2 0.1664
11.3 0.17056
11.4 0.1664
11.5 0.17056
11.6 0.1664
11.7 0.1664
11.8 0.1664
11.9 0.17056
12 0.1664
12.1 0.17056
12.2 0.1664
12.3 0.17056
12.4 0.1664
12.5 0.1664
12.6 0.17056
12.7 0.1664
12.8 0.17056
12.9 0.1664
13 0.17056
13.1 0.1664
13.2 0.17056
13.3 0.1664
13.4 0.1664
13.5 0.17056
13.6 0.1664
13.7 0.17056
13.8 0.1664
13.9 0.17056
14 0.1664
14.1 0.17056
14.2 0.1664
14.3 0.1664
14.4 0.17056
14.5 0.1664
14.6 0.17056
14.7 0.1664
14.8 0.17056
14.9 0.1664
15 0.17056
15.1 0.1664
15.2 0.17056
15.3 0.1664
15.4 0.1664
15.5 0.17056
15.6 0.17056
15.7 0.1664
15.8 0.17056
15.9 0.1664
16 0.17056
16.1 0.1664
16.2 0.17056
16.3 0.1664
16.4 0.17056
16.5 0.1664
16.6 0.17056
16.7 0.1664
16.8 0.17056
16.9 0.17056
17 0.1664
17.1 0.1664
17.2 0.17056
17.3 0.17056
17.4 0.1664
17.5 0.18688
17.6 0.40864
17.7 0.48928
17.8 0.4864
17.9 0.43264
18 0.2032
18.1 0.1664
18.2 0.17056
18.3 0.1664
18.4 0.1664
18.5 0.17056
18.6 0.1664
18.7 0.17056
18.8 0.1664
18.9 0.1664
19 0.1664
19.1 0.17056
19.2 0.1664
19.3 0.1664
19.4 0.17056
19.5 0.1664
19.6 0.17056
19.7 0.1664
19.8 0.1664
19.9 0.1664
20 0.17056
20.1 0.1664
20.2 0.1664
20.3 0.1664
20.4 0.1664
20.5 0.1664
20.6 0.1664
20.7 0.1664
20.8 0.1664
20.9 0.1664
21 0.25248
21.1 0.44576
21.2 0.48032
21.3 0.41824
21.4 0.3568
21.5 0.16224
21.6 0.16224
21.7 0.16224
21.8 0.16224
21.9 0.16224
22 0.16224
22.1 0.16224
22.2 0.16224
22.3 0.16224
22.4 0.15808
22.5 0.16224
22.6 0.15808
22.7 0.16224
22.8 0.15808
22.9 0.15808
23 0.15392
23.1 0.15808
23.2 0.15808
23.3 0.15392
23.4 0.15392
23.5 0.15808
23.6 0.15392
23.7 0.14976
23.8 0.15392
23.9 0.14976
24 0.14976
24.1 0.14976
24.2 0.1456
24.3 0.14976
24.4 0.1456
24.5 0.1456
24.6 0.14976
24.7 0.14976
24.8 0.1456
24.9 0.14976
25 0.1456
25.1 0.1456
25.2 0.14144
25.3 0.1456
25.4 0.14976
25.5 0.14144
25.6 0.1456
25.7 0.1456
25.8 0.1456
25.9 0.1456
26 0.1456
26.1 0.14144
26.2 0.18016
26.3 0.40928
26.4 0.43776
26.5 0.25248
26.6 0.14144
26.7 0.14144
26.8 0.14144
26.9 0.1456
27 0.14144
27.1 0.14144
27.2 0.1456
27.3 0.14144
27.4 0.14144
27.5 0.14144
27.6 0.1456
27.7 0.13728
27.8 0.13728
27.9 0.13312
28 0.14976
28.1 0.14144
28.2 0.14144
28.3 0.13728
28.4 0.13728
28.5 0.14144
28.6 0.13728
28.7 0.13728
28.8 0.13728
28.9 0.13728
29 0.14144
29.1 0.13728
29.2 0.13728
29.3 0.13312
29.4 0.20192
29.5 0.38304
29.6 0.41952
29.7 0.24544
29.8 0.13312
29.9 0.12896
30 0.13312
30.1 0.13312
30.2 0.13312
30.3 0.13728
30.4 0.12896
30.5 0.13312
30.6 0.13312
30.7 0.13728
30.8 0.13312
30.9 0.12896
31 0.1248
31.1 0.1248
31.2 0.13728
31.3 0.13312
31.4 0.12896
31.5 0.12896
31.6 0.12896
31.7 0.1248
31.8 0.12896
31.9 0.1248
32 0.1248
32.1 0.12896
32.2 0.1248
32.3 0.1248
32.4 0.12896
32.5 0.1248
32.6 0.12064
32.7 0.11648
32.8 0.13312
32.9 0.12896
33 0.1248
33.1 0.12064
33.2 0.12064
33.3 0.12064
33.4 0.1248
33.5 0.12064
33.6 0.11648
33.7 0.12064
33.8 0.12064
33.9 0.12064
34 0.12064
34.1 0.11648
34.2 0.11648
34.3 0.18688
34.4 0.34656
34.5 0.3648
34.6 0.1616
34.7 0.11648
34.8 0.10816
34.9 0.11648
35 0.11232
35.1 0.11648
35.2 0.11232
35.3 0.11648
35.4 0.11232
35.5 0.11232
35.6 0.11232
35.7 0.11648
35.8 0.104
35.9 0.104
36 0.11232
36.1 0.1248
36.2 0.10816
36.3 0.11232
36.4 0.10816
36.5 0.10816
36.6 0.10816
36.7 0.10816
36.8 0.10816
36.9 0.18624
37 0.29664
37.1 0.37696
37.2 0.37056
37.3 0.17056
37.4 0.1664
37.5 0.13728
37.6 0.1248
37.7 0.10816
37.8 0.11232
37.9 0.11232
38 0.10816
38.1 0.09984
38.2 0.09984
38.3 0.11232
38.4 0.11232
38.5 0.104
38.6 0.104
38.7 0.104
38.8 0.104
38.9 0.104
39 0.09984
39.1 0.104
39.2 0.104
39.3 0.09984
39.4 0.09568
39.5 0.09152
39.6 0.10816
39.7 0.10816
39.8 0.09568
39.9 0.104
40 0.09152
40.1 0.09984
40.2 0.09568
40.3 0.09568
40.4 0.09568
40.5 0.09568
40.6 0.09568
40.7 0.09152
40.8 0.19392
40.9 0.29792
41 0.25536
41.1 0.10496
41.2 0.08736
41.3 0.07904
41.4 0.09152
41.5 0.08736
41.6 0.08736
41.7 0.0832
41.8 0.08736
41.9 0.08736
42 0.0832
42.1 0.07488
42.2 0.09984
42.3 0.08736
42.4 0.08736
42.5 0.08736
42.6 0.0832
42.7 0.08736
42.8 0.0832
42.9 0.08736
43 0.16224
43.1 0.23712
43.2 0.23712
43.3 0.1216
43.4 0.19136
43.5 0.10272
43.6 0.07488
43.7 0.11648
43.8 0.07072
43.9 0.09984
44 0.07072
44.1 0.08736
44.2 0.06656
44.3 0.07904
44.4 0.07488
44.5 0.07072
44.6 0.06656
44.7 0.088
44.8 0.2432
44.9 0.20064
45 0.07392
45.1 0.06656
45.2 0.05408
45.3 0.05824
45.4 0.0624
45.5 0.05824
45.6 0.06656
45.7 0.05824
45.8 0.06656
45.9 0.04992
46 0.05824
46.1 0.07488
46.2 0.05408
46.3 0.06656
46.4 0.0624
46.5 0.0624
46.6 0.05824
46.7 0.05824
46.8 0.05824
46.9 0.0624
47 0.05824
47.1 0.05824
47.2 0.06624
47.3 0.09728
47.4 0.18848
47.5 0.07296
47.6 0.0944
47.7 0.04992
47.8 0.1664
47.9 0.16224
48 0.1456
48.1 0.09984
48.2 0.07488
48.3 0.07072
48.4 0.06656
48.5 0.0624
48.6 0.05824
48.7 0.05408
48.8 0.05824
48.9 0.0624
49 0.04992
49.1 0.07072
49.2 0.05824
49.3 0.07072
49.4 0.05408
49.5 0.06656
49.6 0.06656
49.7 0.07072
49.8 0.0624
49.9 0.06656
50 0.06656
50.1 0.0624
50.2 0.07072
50.3 0.0624
50.4 0.06656
50.5 0.07072
50.6 0.06656
50.7 0.07072
50.8 0.0624
50.9 0.07488
51 0.0624
51.1 0.06656
51.2 0.07072
51.3 0.07488
51.4 0.06656
51.5 0.06656
51.6 0.07072
51.7 0.0624
51.8 0.07904
51.9 0.06656
52 0.07488
52.1 0.07488
52.2 0.07488
52.3 0.07072
52.4 0.07488
52.5 0.06656
52.6 0.07488
52.7 0.06656
52.8 0.07072
52.9 0.07904
53 0.07488
53.1 0.07072
53.2 0.07488
53.3 0.07072
53.4 0.07488
53.5 0.06656
53.6 0.07488
53.7 0.07488
53.8 0.0832
53.9 0.07072
54 0.07904
54.1 0.07072
54.2 0.0832
54.3 0.07072
54.4 0.07488
54.5 0.0832
54.6 0.0832
54.7 0.07904
54.8 0.07904
54.9 0.07904
55 0.07904
55.1 0.0832
55.2 0.07904
55.3 0.08736
55.4 0.08736
55.5 0.07904
55.6 0.09152
55.7 0.0832
55.8 0.0832
55.9 0.09152
56 0.0832
56.1 0.09152
56.2 0.09152
56.3 0.09568
56.4 0.09152
56.5 0.09984
56.6 0.09984
56.7 0.09152
56.8 0.09984
56.9 0.09984
57 0.26272
57.1 0.31008
57.2 0.26144
57.3 0.2112
57.4 0.2144
57.5 0.07904
57.6 0.11232
57.7 0.09568
57.8 0.09984
57.9 0.09984
58 0.09152
58.1 0.09568
58.2 0.09152
58.3 0.11648
58.4 0.17056
58.5 0.17056
58.6 0.1664
58.7 0.15808
58.8 0.11648
58.9 0.11232
59 0.09984
59.1 0.104
59.2 0.09152
59.3 0.1488
59.4 0.25536
59.5 0.28576
59.6 0.1344
59.7 0.09568
59.8 0.11648
59.9 0.08736
60 0.09984
60.1 0.08736
60.2 0.08736
60.3 0.08736
60.4 0.08736
60.5 0.08736
60.6 0.07488
60.7 0.07488
60.8 0.08736
60.9 0.09152
61 0.0832
61.1 0.0832
61.2 0.0832
61.3 0.0832
61.4 0.07904
61.5 0.07904
61.6 0.07904
61.7 0.1328
61.8 0.20768
61.9 0.21888
62 0.16416
62.1 0.13216
62.2 0.15328
62.3 0.0832
62.4 0.0832
62.5 0.07072
62.6 0.07072
62.7 0.07488
62.8 0.06656
62.9 0.07072
63 0.06656
63.1 0.06656
63.2 0.06656
63.3 0.0624
63.4 0.05888
63.5 0.11488
63.6 0.2128
63.7 0.13376
63.8 0.08224
63.9 0.05824
64 0.09568
64.1 0.06656
64.2 0.06656
64.3 0.0624
64.4 0.06656
64.5 0.05408
64.6 0.06656
64.7 0.04576
64.8 0.05408
64.9 0.05824
65 0.0624
65.1 0.04992
65.2 0.05824
65.3 0.05824
65.4 0.05408
65.5 0.05824
65.6 0.04992
65.7 0.05408
65.8 0.06912
65.9 0.1152
66 0.1312
66.1 0.10336
66.2 0.1216
66.3 0.10368
66.4 0.04576
66.5 0.04992
66.6 0.04576
66.7 0.04992
66.8 0.04576
66.9 0.04992
67 0.04992
67.1 0.14976
67.2 0.17472
67.3 0.17056
67.4 0.17056
67.5 0.17056
67.6 0.17472
67.7 0.17056
67.8 0.17472
67.9 0.17056
68 0.17056
68.1 0.17472
68.2 0.17056
68.3 0.17056
68.4 0.17472
68.5 0.17056
68.6 0.17472
68.7 0.17056
68.8 0.17056
68.9 0.17472
69 0.17056
69.1 0.17472
69.2 0.17056
69.3 0.17056
69.4 0.17472
69.5 0.17056
69.6 0.17472
69.7 0.17056
69.8 0.17056
69.9 0.17472
70 0.17056
70.1 0.17056
70.2 0.17472
70.3 0.17056
70.4 0.17472
70.5 0.17056
70.6 0.17056
70.7 0.17472
70.8 0.17056
70.9 0.17472
71 0.17056
71.1 0.17056
71.2 0.17472
71.3 0.17056
71.4 0.17056
71.5 0.17472
71.6 0.17056
71.7 0.17472
71.8 0.17056
71.9 0.17056
72 0.17056
72.1 0.17472
72.2 0.17472
72.3 0.17056
72.4 0.17056
72.5 0.17056
72.6 0.17472
72.7 0.17056
72.8 0.17472
72.9 0.17056
73 0.17472
73.1 0.17056
73.2 0.17056
73.3 0.17472
73.4 0.17056
73.5 0.17472
73.6 0.17056
73.7 0.17056
73.8 0.17472
73.9 0.17472
74 0.17056
74.1 0.17056
74.2 0.17472
74.3 0.17056
74.4 0.17472
74.5 0.17056
74.6 0.17056
74.7 0.17472
74.8 0.17056
74.9 0.17472
75 0.17056
75.1 0.17472
75.2 0.17056
75.3 0.17472
75.4 0.17056
75.5 0.17056
75.6 0.17472
75.7 0.17472
75.8 0.17056
75.9 0.17056
76 0.17472
76.1 0.17056
76.2 0.17472
76.3 0.17056
76.4 0.17056
76.5 0.17472
76.6 0.17056
76.7 0.17472
76.8 0.17056
76.9 0.17056
77 0.17472
77.1 0.17056
77.2 0.17472
77.3 0.17056
77.4 0.17056
77.5 0.17472
77.6 0.17056
77.7 0.19712
77.8 0.48928
77.9 0.49856
78 0.51072
78.1 0.49856
78.2 0.2864
78.3 0.17056
78.4 0.17472
78.5 0.17056
78.6 0.17056
78.7 0.17472
78.8 0.17056
78.9 0.17472
79 0.17056
79.1 0.17056
79.2 0.17472
79.3 0.17056
79.4 0.17472
79.5 0.17056
79.6 0.17056
79.7 0.17056
79.8 0.17472
79.9 0.17056
80 0.17472
80.1 0.17056
80.2 0.17472
80.3 0.17056
80.4 0.17056
80.5 0.17056
80.6 0.17472
80.7 0.17056
80.8 0.3984
80.9 0.48608
81 0.48832
81.1 0.41056
81.2 0.24128
81.3 0.17472
81.4 0.17056
81.5 0.17056
81.6 0.17472
81.7 0.17056
81.8 0.17056
81.9 0.17056
82 0.17472
82.1 0.17056
82.2 0.17472
82.3 0.17056
82.4 0.17056
82.5 0.17472
82.6 0.17056
82.7 0.17056
82.8 0.17056
82.9 0.17472
83 0.17056
83.1 0.17056
83.2 0.17472
83.3 0.17056
83.4 0.17056
83.5 0.17472
83.6 0.17056
83.7 0.17056
83.8 0.17472
83.9 0.17056
84 0.17056
84.1 0.17056
84.2 0.17472
84.3 0.17056
84.4 0.17472
84.5 0.17056
84.6 0.17056
84.7 0.17472
84.8 0.17472
84.9 0.17056
85 0.17056
85.1 0.17056
85.2 0.17472
85.3 0.17472
85.4 0.17056
85.5 0.17056
85.6 0.17472
85.7 0.17056
85.8 0.17472
85.9 0.17056
86 0.17056
86.1 0.17472
86.2 0.17472
86.3 0.17056
86.4 0.17056
86.5 0.17472
86.6 0.17472
86.7 0.17056
86.8 0.17056
86.9 0.17472
87 0.17056
87.1 0.17472
87.2 0.17056
87.3 0.17056
87.4 0.17472
87.5 0.17472
87.6 0.17056
87.7 0.17056
87.8 0.17472
87.9 0.17472
88 0.17056
88.1 0.17056
88.2 0.17472
88.3 0.17056
88.4 0.17472
88.5 0.17056
88.6 0.17056
88.7 0.17472
88.8 0.17472
88.9 0.17056
89 0.17056
89.1 0.17056
89.2 0.17472
89.3 0.17472
89.4 0.17056
89.5 0.17056
89.6 0.17472
89.7 0.17056
89.8 0.17472
89.9 0.17056
90 0.17056
90.1 0.17472
90.2 0.17056
90.3 0.32928
90.4 0.4848
90.5 0.49856
90.6 0.49088
90.7 0.2928
90.8 0.17056
90.9 0.17056
91 0.17472
91.1 0.17472
91.2 0.17056
91.3 0.17056
91.4 0.17472
91.5 0.17056
91.6 0.17472
91.7 0.17056
91.8 0.17056
91.9 0.17472
92 0.17056
92.1 0.17472
92.2 0.17056
92.3 0.17056
92.4 0.17472
92.5 0.17056
92.6 0.17056
92.7 0.17472
92.8 0.17056
92.9 0.17472
93 0.17056
93.1 0.17056
93.2 0.17056
93.3 0.17472
93.4 0.17056
93.5 0.17472
93.6 0.17056
93.7 0.17472
93.8 0.17056
93.9 0.17056
94 0.17056
94.1 0.19712
94.2 0.4032
94.3 0.42752
94.4 0.42304
94.5 0.22496
94.6 0.17472
94.7 0.17056
94.8 0.17472
94.9 0.17056
95 0.17056
95.1 0.17472
95.2 0.17056
95.3 0.17056
95.4 0.17056
95.5 0.17472
95.6 0.17056
95.7 0.17056
95.8 0.17472
95.9 0.17056
96 0.17472
96.1 0.17056
96.2 0.17056
96.3 0.17472
96.4 0.17056
96.5 0.17472
96.6 0.17056
96.7 0.17056
96.8 0.17056
96.9 0.17472
97 0.17056
97.1 0.17472
97.2 0.17056
97.3 0.17472
97.4 0.17056
97.5 0.17056
97.6 0.17056
97.7 0.17472
97.8 0.17472
97.9 0.17056
98 0.17056
98.1 0.17056
98.2 0.17472
98.3 0.17056
98.4 0.17056
98.5 0.17472
98.6 0.17056
98.7 0.17472
98.8 0.17056
98.9 0.17056
99 0.17056
99.1 0.17472
99.2 0.17056
99.3 0.17056
99.4 0.17056
99.5 0.17472
99.6 0.17056
99.7 0.17472
99.8 0.17056
99.9 0.17056
100 0.17888
