0.1 0.06688
0.2 0.06656
0.3 0.04992
0.4 0.0416
0.5 0.03328
0.6 0.0416
0.7 0.02912
0.8 0.02912
0.9 0.02912
1 0.02912
1.1 0.02912
1.2 0.02496
1.3 0.02912
1.4 0.02912
1.5 0.02912
1.6 0.02912
1.7 0.02912
1.8 0.02912
1.9 0.00832
2 0.01664
2.1 0.01248
2.2 0.01664
2.3 0.01664
2.4 0.01248
2.5 0.01664
2.6 0.00832
2.7 0.00832
2.8 0.00832
2.9 0.01248
3 0.00832
3.1 0.00832
3.2 0.00832
3.3 0.01248
3.4 0.00832
3.5 0.00832
3.6 0.00832
3.7 0.00832
3.8 0.00832
3.9 0.00832
4 0.0288
4.1 0.0192
4.2 0.01856
4.3 0.01248
4.4 0.00832
4.5 0.00832
4.6 0.00832
4.7 0.00416
4.8 0.00832
4.9 0.00416
5 0.00832
5.1 0.00416
5.2 0.00832
5.3 0
5.4 0.00832
5.5 0.00416
5.6 0.00416
5.7 0.00832
5.8 0
5.9 0.00832
6 0.00832
6.1 0
6.2 0.00832
6.3 0.00416
6.4 0.00416
6.5 0.00416
6.6 0.00416
6.7 0.00832
6.8 0.00416
6.9 0
7 0.00832
7.1 0.00416
7.2 0
7.3 0.00832
7.4 0.00832
7.5 0
7.6 0.00416
7.7 0.00416
7.8 0
7.9 0.00416
8 0.00416
8.1 0
8.2 0.00416
8.3 0.00832
8.4 0.00416
8.5 0.00416
8.6 0.00416
8.7 0.00416
8.8 0.00416
8.9 0.00416
9 0.00416
9.1 0.00416
9.2 0.00416
9.3 0.00416
9.4 0.00416
9.5 0.00416
9.6 0.00416
9.7 0.00416
9.8 0.00416
9.9 0.00416
10 0.00416
10.1 0.00416
10.2 0.00416
10.3 0.00416
10.4 0
10.5 0.00416
10.6 0.00416
10.7 0.00416
10.8 0.00416
10.9 0.00416
11 0.00416
11.1 0.00416
11.2 0.00416
11.3 0.00416
11.4 0.00416
11.5 0.00416
11.6 0.00832
11.7 0.00416
11.8 0.00416
11.9 0.00416
12 0.00832
12.1 0.00416
12.2 0.00416
12.3 0.00416
12.4 0.00416
12.5 0.00832
12.6 0.00416
12.7 0.00416
12.8 0.00416
12.9 0.00416
13 0.00416
13.1 0.00832
13.2 0.00416
13.3 0.00416
13.4 0.00416
13.5 0.00416
13.6 0.00416
13.7 0.00832
13.8 0.00416
13.9 0.00416
14 0.00416
14.1 0.00416
14.2 0.00416
14.3 0.00832
14.4 0.00416
14.5 0.00416
14.6 0.00416
14.7 0.00416
14.8 0.00416
14.9 0.00832
15 0.00416
15.1 0.00416
15.2 0.00416
15.3 0.00416
15.4 0.00416
15.5 0.00416
15.6 0.00416
15.7 0.00416
15.8 0.00416
15.9 0.00832
16 0.00416
16.1 0.00416
16.2 0.00416
16.3 0.00416
16.4 0.00416
16.5 0.00416
16.6 0.00416
16.7 0.00416
16.8 0.00416
16.9 0.00416
17 0.00416
17.1 0.00832
17.2 0.00416
17.3 0.00416
17.4 0.00416
17.5 0.00416
17.6 0.00416
17.7 0.00416
17.8 0.00832
17.9 0.00416
18 0.00416
18.1 0.00416
18.2 0.00832
18.3 0.00416
18.4 0.00416
18.5 0.00416
18.6 0.00832
18.7 0.00416
18.8 0.00416
18.9 0.00416
19 0.00832
19.1 0.00416
19.2 0.00416
19.3 0.00832
19.4 0.00416
19.5 0.00416
19.6 0.00416
19.7 0.00832
19.8 0.00416
19.9 0.00416
20 0.00832
20.1 0.00416
20.2 0.00832
20.3 0.00416
20.4 0.00832
20.5 0.00416
20.6 0.00832
20.7 0.00832
20.8 0.00416
20.9 0.00832
21 0.00832
21.1 0.00832
21.2 0.00832
21.3 0.01664
21.4 0.00832
21.5 0.00832
21.6 0.01248
21.7 0.00832
21.8 0.01248
21.9 0.00832
22 0.01248
22.1 0.00832
22.2 0.01248
22.3 0.01248
22.4 0.01248
22.5 0.01248
22.6 0.01664
22.7 0.01248
22.8 0.01248
22.9 0.01664
23 0.01664
23.1 0.01664
23.2 0.01664
23.3 0.01664
23.4 0.01664
23.5 0.01664
23.6 0.0208
23.7 0.0208
23.8 0.0208
23.9 0.02496
24 0.0208
24.1 0.02496
24.2 0.02496
24.3 0.02496
24.4 0.02912
24.5 0.02912
24.6 0.0208
24.7 0.0208
24.8 0.02912
24.9 0.02496
25 0.02912
25.1 0.02496
25.2 0.02912
25.3 0.02912
25.4 0.02496
25.5 0.02912
25.6 0.02912
25.7 0.02496
25.8 0.02912
25.9 0.02912
26 0.02496
26.1 0.03328
26.2 0.03328
26.3 0.02912
26.4 0.0208
26.5 0.04992
26.6 0.02912
26.7 0.03328
26.8 0.03328
26.9 0.02912
27 0.02912
27.1 0.03328
27.2 0.02912
27.3 0.02912
27.4 0.03328
27.5 0.02912
27.6 0.02912
27.7 0.03328
27.8 0.03744
27.9 0.03744
28 0.02496
28.1 0.03328
28.2 0.03328
28.3 0.03328
28.4 0.03328
28.5 0.03744
28.6 0.03328
28.7 0.03744
28.8 0.03328
28.9 0.03744
29 0.03328
29.1 0.03328
29.2 0.03744
29.3 0.03744
29.4 0.0416
29.5 0.0416
29.6 0.02912
29.7 0.05408
29.8 0.0416
29.9 0.0416
30 0.0416
30.1 0.03744
30.2 0.0416
30.3 0.03744
30.4 0.0416
30.5 0.0416
30.6 0.03744
30.7 0.0416
30.8 0.03744
30.9 0.04576
31 0.04576
31.1 0.04576
31.2 0.03744
31.3 0.0416
31.4 0.0416
31.5 0.04576
31.6 0.04576
31.7 0.04576
31.8 0.04576
31.9 0.04992
32 0.04576
32.1 0.04576
32.2 0.04576
32.3 0.04992
32.4 0.04576
32.5 0.04576
32.6 0.05408
32.7 0.05824
32.8 0.03744
32.9 0.04576
33 0.04992
33.1 0.04992
33.2 0.04992
33.3 0.05408
33.4 0.04992
33.5 0.05408
33.6 0.05408
33.7 0.04992
33.8 0.05408
33.9 0.05408
34 0.05408
34.1 0.05408
34.2 0.05824
34.3 0.0624
34.4 0.05408
34.5 0.04992
34.6 0.07904
34.7 0.05824
34.8 0.06656
34.9 0.05408
35 0.0624
35.1 0.05824
35.2 0.05824
35.3 0.05824
35.4 0.0624
35.5 0.05824
35.6 0.0624
35.7 0.05824
35.8 0.06656
35.9 0.06656
36 0.0624
36.1 0.04992
36.2 0.06656
36.3 0.05824
36.4 0.06656
36.5 0.0624
36.6 0.06656
36.7 0.0624
36.8 0.06656
36.9 0.06656
37 0.07072
37.1 0.0416
37.2 0.00832
37.3 0
37.4 0.00832
37.5 0.03744
37.6 0.04992
37.7 0.0624
37.8 0.05824
37.9 0.06656
38 0.0624
38.1 0.07488
38.2 0.07072
38.3 0.05824
38.4 0.06656
38.5 0.06656
38.6 0.06656
38.7 0.07072
38.8 0.07072
38.9 0.07072
39 0.07072
39.1 0.06656
39.2 0.07072
39.3 0.07488
39.4 0.07488
39.5 0.0832
39.6 0.0624
39.7 0.07072
39.8 0.07488
39.9 0.07072
40 0.07904
40.1 0.07072
40.2 0.07904
40.3 0.07904
40.4 0.07488
40.5 0.07904
40.6 0.07904
40.7 0.07904
40.8 0.09984
40.9 0.07072
41 0.0832
41.1 0.104
41.2 0.0832
41.3 0.09152
41.4 0.0832
41.5 0.08736
41.6 0.0832
41.7 0.09152
41.8 0.0832
41.9 0.08736
42 0.09152
42.1 0.09568
42.2 0.07488
42.3 0.08736
42.4 0.08736
42.5 0.0832
42.6 0.09152
42.7 0.0832
42.8 0.09152
42.9 0.08736
43 0.09568
43.1 0.09152
43.2 0.12416
43.3 0.3072
43.4 0.2352
43.5 0.12288
43.6 0.09984
43.7 0.05408
43.8 0.104
43.9 0.07072
44 0.104
44.1 0.08736
44.2 0.104
44.3 0.09568
44.4 0.09984
44.5 0.09984
44.6 0.10816
44.7 0.1248
44.8 0.08736
44.9 0.104
45 0.12896
45.1 0.10816
45.2 0.11648
45.3 0.11232
45.4 0.11232
45.5 0.11232
45.6 0.11232
45.7 0.11232
45.8 0.10816
45.9 0.12064
46 0.11648
46.1 0.09984
46.2 0.11648
46.3 0.104
46.4 0.11232
46.5 0.11232
46.6 0.11648
46.7 0.11232
46.8 0.11232
46.9 0.11648
47 0.11232
47.1 0.11648
47.2 0.22016
47.3 0.34592
47.4 0.2864
47.5 0.27488
47.6 0.11232
47.7 0.1248
47.8 0.00832
47.9 0.00832
48 0.02496
48.1 0.07488
48.2 0.09568
48.3 0.104
48.4 0.10816
48.5 0.10816
48.6 0.11648
48.7 0.12064
48.8 0.11232
48.9 0.11232
49 0.12064
49.1 0.104
49.2 0.11648
49.3 0.09984
49.4 0.12064
49.5 0.10816
49.6 0.104
49.7 0.104
49.8 0.11232
49.9 0.104
50 0.104
50.1 0.11648
50.2 0.09984
50.3 0.11232
50.4 0.104
50.5 0.104
50.6 0.104
50.7 0.104
50.8 0.10816
50.9 0.09984
51 0.11232
51.1 0.104
51.2 0.104
51.3 0.09984
51.4 0.104
51.5 0.10816
51.6 0.09984
51.7 0.11232
51.8 0.09152
51.9 0.10816
52 0.09984
52.1 0.09568
52.2 0.09984
52.3 0.104
52.4 0.09984
52.5 0.104
52.6 0.09568
52.7 0.10816
52.8 0.104
52.9 0.09152
53 0.09984
53.1 0.09984
53.2 0.104
53.3 0.09984
53.4 0.09568
53.5 0.10816
53.6 0.09568
53.7 0.09984
53.8 0.09152
53.9 0.09984
54 0.09568
54.1 0.104
54.2 0.09152
54.3 0.09984
54.4 0.09568
54.5 0.09152
54.6 0.09152
54.7 0.09568
54.8 0.09152
54.9 0.09152
55 0.09984
55.1 0.08736
55.2 0.09152
55.3 0.08736
55.4 0.08736
55.5 0.09152
55.6 0.0832
55.7 0.09152
55.8 0.08736
55.9 0.0832
56 0.08736
56.1 0.0832
56.2 0.07904
56.3 0.07904
56.4 0.0832
56.5 0.07488
56.6 0.07072
56.7 0.07904
56.8 0.07488
56.9 0.07488
57 0.14496
57.1 0.1536
57.2 0.21248
57.3 0.2208
57.4 0.12256
57.5 0.09568
57.6 0.05824
57.7 0.07904
57.8 0.07488
57.9 0.07072
58 0.0832
58.1 0.07488
58.2 0.0832
58.3 0.05408
58.4 0.00416
58.5 0.00416
58.6 0.00832
58.7 0.01248
58.8 0.05408
58.9 0.0624
59 0.07488
59.1 0.07072
59.2 0.07904
59.3 0.11488
59.4 0.1968
59.5 0.1776
59.6 0.16128
59.7 0.07904
59.8 0.05824
59.9 0.0832
60 0.07488
60.1 0.08736
60.2 0.0832
60.3 0.0832
60.4 0.08736
60.5 0.08736
60.6 0.09568
60.7 0.09984
60.8 0.0832
60.9 0.0832
61 0.09152
61.1 0.08736
61.2 0.09152
61.3 0.09152
61.4 0.09152
61.5 0.09568
61.6 0.09152
61.7 0.1024
61.8 0.2256
61.9 0.2256
62 0.192
62.1 0.12064
62.2 0.08736
62.3 0.09152
62.4 0.08736
62.5 0.104
62.6 0.09984
62.7 0.104
62.8 0.104
62.9 0.104
63 0.104
63.1 0.10816
63.2 0.10816
63.3 0.10816
63.4 0.11648
63.5 0.30688
63.6 0.29792
63.7 0.32864
63.8 0.11648
63.9 0.11648
64 0.07488
64.1 0.10816
64.2 0.104
64.3 0.11232
64.4 0.10816
64.5 0.11648
64.6 0.10816
64.7 0.1248
64.8 0.12064
64.9 0.11648
65 0.11232
65.1 0.12064
65.2 0.11232
65.3 0.11648
65.4 0.12064
65.5 0.11232
65.6 0.1248
65.7 0.11648
65.8 0.18112
65.9 0.2832
66 0.2832
66.1 0.3168
66.2 0.3024
66.3 0.2736
66.4 0.2976
66.5 0.2832
66.6 0.288
66.7 0.2928
66.8 0.288
66.9 0.288
67 0.27392
67.1 0.04576
67.2 0
67.3 0.00416
67.4 0
67.5 0.00416
67.6 0
67.7 0
67.8 0
67.9 0.00416
68 0
68.1 0.00416
68.2 0
68.3 0.00416
68.4 0
68.5 0
68.6 0
68.7 0.00416
68.8 0
68.9 0
69 0.00416
69.1 0
69.2 0.00416
69.3 0
69.4 0
69.5 0
69.6 0.00416
69.7 0
69.8 0
69.9 0.00416
70 0
70.1 0.00416
70.2 0
70.3 0
70.4 0
70.5 0.00416
70.6 0
70.7 0.00416
70.8 0
70.9 0
71 0.00416
71.1 0
71.2 0
71.3 0.00416
71.4 0
71.5 0
71.6 0.00416
71.7 0
71.8 0.00416
71.9 0
72 0
72.1 0
72.2 0.00416
72.3 0
72.4 0
72.5 0.00416
72.6 0
72.7 0.00416
72.8 0
72.9 0.00416
73 0
73.1 0
73.2 0.00416
73.3 0
73.4 0.00416
73.5 0
73.6 0
73.7 0.00416
73.8 0
73.9 0.00416
74 0
74.1 0
74.2 0.00416
74.3 0
74.4 0
74.5 0.00416
74.6 0
74.7 0.00416
74.8 0
74.9 0
75 0.00416
75.1 0
75.2 0
75.3 0
75.4 0.00416
75.5 0
75.6 0
75.7 0.00416
75.8 0
75.9 0
76 0.00416
76.1 0
76.2 0
76.3 0.00416
76.4 0
76.5 0.00416
76.6 0
76.7 0
76.8 0.00416
76.9 0
77 0.00416
77.1 0
77.2 0
77.3 0.00416
77.4 0
77.5 0
77.6 0.00416
77.7 0
77.8 0.00416
77.9 0
78 0
78.1 0.00416
78.2 0
78.3 0
78.4 0
78.5 0.00416
78.6 0
78.7 0
78.8 0.00416
78.9 0
79 0
79.1 0.00416
79.2 0
79.3 0.00416
79.4 0
79.5 0.00416
79.6 0
79.7 0.00416
79.8 0
79.9 0.00416
80 0
80.1 0.00416
80.2 0
80.3 0
80.4 0
80.5 0.00416
80.6 0
80.7 0
80.8 0.00416
80.9 0
81 0
81.1 0.00416
81.2 0
81.3 0
81.4 0.00416
81.5 0
81.6 0
81.7 0.00416
81.8 0
81.9 0
82 0
82.1 0.00416
82.2 0
82.3 0
82.4 0.00416
82.5 0
82.6 0
82.7 0
82.8 0.00416
82.9 0
83 0
83.1 0.00416
83.2 0
83.3 0
83.4 0.00416
83.5 0
83.6 0
83.7 0
83.8 0.00416
83.9 0
84 0
84.1 0.00416
84.2 0
84.3 0
84.4 0
84.5 0.00416
84.6 0
84.7 0
84.8 0.00416
84.9 0
85 0
85.1 0.00416
85.2 0
85.3 0.00416
85.4 0
85.5 0
85.6 0.00416
85.7 0
85.8 0
85.9 0.00416
86 0
86.1 0
86.2 0.00416
86.3 0
86.4 0
86.5 0.00416
86.6 0
86.7 0
86.8 0
86.9 0.00416
87 0
87.1 0
87.2 0.00416
87.3 0
87.4 0
87.5 0.00416
87.6 0
87.7 0
87.8 0
87.9 0.00416
88 0
88.1 0
88.2 0.00416
88.3 0
88.4 0
88.5 0.00416
88.6 0
88.7 0
88.8 0.00416
88.9 0
89 0
89.1 0.00416
89.2 0
89.3 0.00416
89.4 0
89.5 0
89.6 0.00416
89.7 0
89.8 0
89.9 0.00416
90 0
90.1 0.00416
90.2 0
90.3 0
90.4 0.00416
90.5 0
90.6 0
90.7 0.00416
90.8 0
90.9 0
91 0
91.1 0.00416
91.2 0
91.3 0
91.4 0.00416
91.5 0
91.6 0
91.7 0.00416
91.8 0
91.9 0.00416
92 0
92.1 0.00416
92.2 0
92.3 0
92.4 0.00416
92.5 0
92.6 0.00416
92.7 0
92.8 0.00416
92.9 0
93 0.00416
93.1 0
93.2 0.00416
93.3 0
93.4 0.00416
93.5 0
93.6 0
93.7 0
93.8 0.00416
93.9 0
94 0
94.1 0.00416
94.2 0
94.3 0
94.4 0.00416
94.5 0
94.6 0
94.7 0.00416
94.8 0
94.9 0
95 0
95.1 0.00416
95.2 0
95.3 0
95.4 0.00416
95.5 0
95.6 0
95.7 0.00416
95.8 0
95.9 0
96 0
96.1 0
96.2 0.00416
96.3 0
96.4 0.00416
96.5 0
96.6 0.00416
96.7 0
96.8 0.00416
96.9 0
97 0.00416
97.1 0
97.2 0.00416
97.3 0
97.4 0.00416
97.5 0
97.6 0.00416
97.7 0
97.8 0.00416
97.9 0
98 0
98.1 0.00416
98.2 0
98.3 0.00416
98.4 0
98.5 0
98.6 0.00416
98.7 0
98.8 0
98.9 0.00416
99 0
99.1 0
99.2 0
99.3 0.00416
99.4 0
99.5 0
99.6 0.00416
99.7 0
99.8 0
99.9 0
100 0.00832
