0.1 6.72864
0.2 11.52
0.3 8.64
0.4 8.04
0.5 8.4
0.6 8.04
0.7 8.52
0.8 8.88
0.9 8.76
1 8.88
1.1 8.52
1.2 8.88
1.3 8.76
1.4 8.88
1.5 8.52
1.6 8.76
1.7 8.88
1.8 8.76
1.9 9.6
2 9.6
2.1 9.84
2.2 9.36
2.3 9.48
2.4 9.6
2.5 9.6
2.6 9.84
2.7 10.08
2.8 9.84
2.9 10.08
3 9.84
3.1 10.08
3.2 9.84
3.3 9.84
3.4 9.72
3.5 10.08
3.6 10.08
3.7 9.84
3.8 4.08
3.9 7.56
4 10.32
4.1 9.12
4.2 9.48
4.3 9.6
4.4 9.84
4.5 9.72
4.6 9.96
4.7 9.96
4.8 9.96
4.9 10.08
5 9.72
5.1 10.08
5.2 9.72
5.3 10.32
5.4 9.96
5.5 9.84
5.6 9.84
5.7 10.08
5.8 10.08
5.9 9.84
6 9.6
6.1 10.2
6.2 9.84
6.3 9.72
6.4 10.08
6.5 9.72
6.6 10.08
6.7 9.72
6.8 9.72
6.9 10.2
7 9.48
7.1 9.96
7.2 10.2
7.3 9.48
7.4 9.6
7.5 10.2
7.6 9.96
7.7 9.72
7.8 9.84
7.9 9.84
8 9.72
8.1 2.28
8.2 9.72
8.3 9.6
8.4 10.08
8.5 9.84
8.6 9.72
8.7 9.96
8.8 9.84
8.9 10.08
9 9.96
9.1 9.84
9.2 9.96
9.3 10.08
9.4 9.72
9.5 10.08
9.6 9.72
9.7 10.08
9.8 9.96
9.9 9.72
10 9.96
10.1 9.72
10.2 10.2
10.3 9.72
10.4 9.96
10.5 9.96
10.6 9.6
10.7 9.96
10.8 9.96
10.9 9.6
11 9.84
11.1 9.96
11.2 9.6
11.3 9.96
11.4 9.6
11.5 9.72
11.6 9.84
11.7 9.6
11.8 9.6
11.9 9.84
12 9.6
12.1 9.84
12.2 9.6
12.3 9.6
12.4 9.84
12.5 9.84
12.6 9.6
12.7 9.6
12.8 9.84
12.9 9.6
13 9.84
13.1 9.6
13.2 9.6
13.3 9.84
13.4 9.84
13.5 9.6
13.6 9.6
13.7 9.84
13.8 9.6
13.9 9.84
14 9.6
14.1 9.6
14.2 9.96
14.3 9.84
14.4 9.6
14.5 9.72
14.6 9.84
14.7 9.6
14.8 9.96
14.9 9.6
15 9.72
15.1 9.96
15.2 9.84
15.3 9.72
15.4 9.72
15.5 9.96
15.6 9.96
15.7 9.72
15.8 9.96
15.9 9.72
16 9.72
16.1 9.96
16.2 10.08
16.3 9.72
16.4 10.08
16.5 9.96
16.6 9.72
16.7 9.72
16.8 9.96
16.9 9.84
17 9.96
17.1 10.08
17.2 9.84
17.3 9.84
17.4 10.08
17.5 10.08
17.6 2.04
17.7 9.72
17.8 9.96
17.9 9.84
18 9.84
18.1 9.84
18.2 9.84
18.3 10.2
18.4 9.96
18.5 10.2
18.6 9.96
18.7 9.84
18.8 10.2
18.9 9.84
19 9.96
19.1 10.08
19.2 9.84
19.3 10.08
19.4 9.96
19.5 9.84
19.6 9.84
19.7 9.96
19.8 9.84
19.9 9.84
20 10.08
20.1 9.72
20.2 9.84
20.3 9.72
20.4 9.72
20.5 9.72
20.6 9.72
20.7 9.72
20.8 9.84
20.9 9.36
21 8.4
21.1 3.6
21.2 9.48
21.3 9.24
21.4 9.48
21.5 9.72
21.6 9.6
21.7 9.48
21.8 9.6
21.9 9.48
22 9.6
22.1 9.48
22.2 9.6
22.3 9.48
22.4 9.48
22.5 9.36
22.6 9.24
22.7 9.36
22.8 9.48
22.9 9.24
23 9.24
23.1 9
23.2 9.24
23.3 9.24
23.4 8.88
23.5 9
23.6 9
23.7 8.88
23.8 8.76
23.9 8.76
24 8.64
24.1 8.64
24.2 8.76
24.3 8.4
24.4 8.4
24.5 8.52
24.6 8.88
24.7 8.64
24.8 8.4
24.9 8.4
25 8.4
25.1 8.4
25.2 8.4
25.3 8.4
25.4 8.4
25.5 8.4
25.6 8.4
25.7 8.4
25.8 8.4
25.9 8.4
26 8.4
26.1 8.16
26.2 7.68
26.3 2.4
26.4 8.76
26.5 7.44
26.6 8.52
26.7 8.28
26.8 8.76
26.9 8.4
27 8.28
27.1 8.64
27.2 8.4
27.3 8.4
27.4 8.64
27.5 8.4
27.6 8.4
27.7 8.16
27.8 8.28
27.9 7.92
28 8.64
28.1 8.64
28.2 8.04
28.3 8.4
28.4 8.04
28.5 8.16
28.6 8.04
28.7 8.28
28.8 8.04
28.9 8.04
29 8.04
29.1 8.04
29.2 8.28
29.3 7.8
29.4 6.96
29.5 2.4
29.6 8.52
29.7 6.84
29.8 8.04
29.9 7.68
30 7.8
30.1 7.8
30.2 7.92
30.3 7.8
30.4 7.92
30.5 7.8
30.6 7.8
30.7 7.8
30.8 7.8
30.9 7.8
31 7.32
31.1 7.56
31.2 7.8
31.3 7.8
31.4 7.56
31.5 7.44
31.6 7.32
31.7 7.44
31.8 7.56
31.9 7.32
32 7.2
32.1 7.56
32.2 7.2
32.3 7.44
32.4 7.32
32.5 7.2
32.6 6.96
32.7 6.72
32.8 7.68
32.9 7.44
33 6.96
33.1 7.2
33.2 7.2
33.3 6.96
33.4 6.96
33.5 6.72
33.6 7.2
33.7 6.72
33.8 6.96
33.9 6.96
34 6.96
34.1 6.96
34.2 6.48
34.3 5.64
34.4 2.88
34.5 7.44
34.6 5.52
34.7 7.08
34.8 6.24
34.9 7.08
35 6.96
35.1 6.6
35.2 6.6
35.3 6.96
35.4 6.72
35.5 6.6
35.6 6.72
35.7 6.96
35.8 6.12
35.9 6.48
36 6.36
36.1 7.2
36.2 6.6
36.3 6.6
36.4 6.36
36.5 6.36
36.6 6.48
36.7 6.36
36.8 6.36
36.9 5.52
37 2.28
37.1 6.96
37.2 9.96
37.3 10.2
37.4 9.48
37.5 8.16
37.6 7.56
37.7 6.6
37.8 6.6
37.9 6.36
38 6.36
38.1 5.88
38.2 5.88
38.3 6.84
38.4 6.36
38.5 6.12
38.6 6.36
38.7 6
38.8 6.12
38.9 5.76
39 6.12
39.1 6
39.2 5.88
39.3 6
39.4 5.64
39.5 5.28
39.6 6.24
39.7 6.12
39.8 5.76
39.9 5.76
40 5.52
40.1 5.76
40.2 5.52
40.3 5.52
40.4 5.52
40.5 5.52
40.6 5.52
40.7 5.28
40.8 3.36
40.9 3.84
41 5.28
41.1 4.08
41.2 5.52
41.3 4.92
41.4 5.4
41.5 4.92
41.6 5.52
41.7 4.92
41.8 5.16
41.9 5.28
42 4.92
42.1 4.56
42.2 5.64
42.3 5.4
42.4 5.28
42.5 5.16
42.6 4.92
42.7 5.16
42.8 4.92
42.9 4.92
43 3.96
43.1 1.92
43.2 4.8
43.3 2.76
43.4 4.2
43.5 4.92
43.6 3.96
43.7 6.84
43.8 4.2
43.9 5.88
44 4.2
44.1 5.16
44.2 4.2
44.3 4.44
44.4 4.44
44.5 4.44
44.6 3.84
44.7 2.76
44.8 2.52
44.9 4.2
45 3
45.1 3.36
45.2 3.24
45.3 3.72
45.4 3.72
45.5 3.48
45.6 3.72
45.7 3.72
45.8 3.84
45.9 3
46 3.24
46.1 4.32
46.2 3.48
46.3 3.84
46.4 3.72
46.5 3.36
46.6 3.6
46.7 3.24
46.8 3.6
46.9 3.72
47 3.12
47.1 3.36
47.2 2.28
47.3 1.32
47.4 3.84
47.5 2.04
47.6 3.6
47.7 2.4
47.8 9.36
47.9 9.84
48 9
48.1 6
48.2 4.68
48.3 4.2
48.4 3.96
48.5 3.48
48.6 3.72
48.7 3.24
48.8 3.36
48.9 3.72
49 3
49.1 4.2
49.2 2.88
49.3 4.68
49.4 3.12
49.5 3.72
49.6 4.08
49.7 3.96
49.8 3.84
49.9 3.96
50 3.84
50.1 3.72
50.2 4.08
50.3 3.36
50.4 4.08
50.5 4.08
50.6 3.6
50.7 4.32
50.8 3.6
50.9 4.08
51 3.84
51.1 3.84
51.2 4.08
51.3 4.08
51.4 3.84
51.5 3.84
51.6 4.08
51.7 3.6
51.8 4.8
51.9 3.6
52 4.32
52.1 4.32
52.2 4.32
52.3 4.32
52.4 4.08
52.5 4.08
52.6 4.08
52.7 4.08
52.8 3.96
52.9 4.56
53 4.32
53.1 4.44
53.2 4.08
53.3 4.08
53.4 4.44
53.5 4.08
53.6 4.44
53.7 4.08
53.8 4.92
53.9 4.2
54 4.92
54.1 3.84
54.2 4.68
54.3 4.68
54.4 4.44
54.5 4.8
54.6 4.92
54.7 4.68
54.8 4.44
54.9 5.28
55 4.44
55.1 5.04
55.2 4.68
55.3 5.16
55.4 5.16
55.5 4.8
55.6 5.52
55.7 4.92
55.8 5.04
55.9 5.52
56 5.04
56.1 5.52
56.2 5.64
56.3 5.76
56.4 5.64
56.5 5.88
56.6 6
56.7 5.88
56.8 6.24
56.9 5.88
57 3.12
57.1 4.44
57.2 5.4
57.3 4.44
57.4 5.64
57.5 4.68
57.6 6.24
57.7 6.12
57.8 5.76
57.9 6.24
58 5.28
58.1 6
58.2 5.28
58.3 6.72
58.4 10.32
58.5 9.96
58.6 9.48
58.7 9.84
58.8 6.84
58.9 6.84
59 5.88
59.1 5.88
59.2 5.64
59.3 3.6
59.4 3.36
59.5 5.64
59.6 3.48
59.7 5.52
59.8 6.48
59.9 5.64
60 5.64
60.1 5.4
60.2 5.16
60.3 5.16
60.4 4.92
60.5 5.4
60.6 4.68
60.7 4.44
60.8 4.8
60.9 5.4
61 4.92
61.1 4.92
61.2 4.8
61.3 4.68
61.4 4.8
61.5 4.92
61.6 4.56
61.7 3.96
61.8 1.56
61.9 4.44
62 3.96
62.1 2.52
62.2 4.68
62.3 5.4
62.4 4.68
62.5 4.44
62.6 3.96
62.7 4.44
62.8 3.96
62.9 4.08
63 3.96
63.1 3.96
63.2 4.2
63.3 3.6
63.4 3.48
63.5 1.56
63.6 3.48
63.7 3.12
63.8 3.24
63.9 3.48
64 5.64
64.1 3.36
64.2 4.44
64.3 3.48
64.4 3.96
64.5 3.12
64.6 3.96
64.7 3
64.8 3.12
64.9 3.24
65 3.72
65.1 3.12
65.2 3.36
65.3 3.48
65.4 3.12
65.5 3.36
65.6 3
65.7 3.12
65.8 3.12
65.9 2.28
66 1.56
66.1 3
66.2 2.52
66.3 3.12
66.4 2.52
66.5 3
66.6 3
66.7 2.76
66.8 3
66.9 3.12
67 3
67.1 8.16
67.2 9.96
67.3 10.32
67.4 9.84
67.5 9.96
67.6 10.2
67.7 9.96
67.8 10.08
67.9 9.96
68 9.84
68.1 10.2
68.2 9.84
68.3 10.2
68.4 9.84
68.5 9.84
68.6 9.84
68.7 10.2
68.8 9.84
68.9 10.08
69 9.84
69.1 10.08
69.2 9.84
69.3 9.84
69.4 9.84
69.5 10.08
69.6 10.08
69.7 9.84
69.8 9.84
69.9 9.84
70 10.08
70.1 9.84
70.2 10.08
70.3 9.84
70.4 9.84
70.5 10.08
70.6 9.84
70.7 10.08
70.8 9.84
70.9 10.08
71 9.84
71.1 9.84
71.2 9.84
71.3 10.08
71.4 9.96
71.5 10.08
71.6 9.84
71.7 9.84
71.8 10.2
71.9 9.84
72 9.96
72.1 10.08
72.2 9.96
72.3 10.08
72.4 9.96
72.5 9.96
72.6 10.2
72.7 10.08
72.8 9.96
72.9 9.96
73 9.96
73.1 10.2
73.2 10.32
73.3 9.96
73.4 9.96
73.5 10.08
73.6 10.2
73.7 10.32
73.8 9.96
73.9 10.08
74 10.08
74.1 10.32
74.2 10.32
74.3 10.08
74.4 10.2
74.5 10.32
74.6 10.08
74.7 10.44
74.8 10.2
74.9 10.2
75 10.44
75.1 10.44
75.2 10.2
75.3 10.2
75.4 10.44
75.5 10.08
75.6 10.32
75.7 10.2
75.8 10.32
75.9 10.44
76 10.56
76.1 10.32
76.2 10.32
76.3 10.56
76.4 10.32
76.5 10.68
76.6 10.44
76.7 10.32
76.8 10.68
76.9 10.44
77 10.8
77.1 10.44
77.2 10.68
77.3 10.56
77.4 10.56
77.5 10.8
77.6 10.44
77.7 10.92
77.8 2.16
77.9 9.84
78 11.28
78.1 9.96
78.2 10.2
78.3 10.08
78.4 10.08
78.5 10.44
78.6 10.08
78.7 10.44
78.8 10.2
78.9 10.2
79 10.44
79.1 10.08
79.2 10.44
79.3 10.2
79.4 10.08
79.5 10.44
79.6 10.08
79.7 10.08
79.8 10.32
79.9 10.08
80 10.32
80.1 10.08
80.2 10.08
80.3 9.96
80.4 10.32
80.5 9.96
80.6 10.32
80.7 9.96
80.8 2.76
80.9 9.36
81 10.08
81.1 9.84
81.2 9.96
81.3 10.32
81.4 9.96
81.5 10.08
81.6 10.08
81.7 10.2
81.8 10.08
81.9 9.96
82 10.32
82.1 9.96
82.2 10.32
82.3 9.96
82.4 10.08
82.5 9.96
82.6 10.2
82.7 9.96
82.8 9.96
82.9 9.96
83 10.2
83.1 9.96
83.2 10.2
83.3 9.84
83.4 9.96
83.5 10.08
83.6 9.96
83.7 9.96
83.8 9.84
83.9 9.96
84 10.08
84.1 9.84
84.2 10.2
84.3 9.84
84.4 10.08
84.5 9.84
84.6 9.84
84.7 10.08
84.8 9.84
84.9 10.08
85 9.84
85.1 10.08
85.2 9.84
85.3 10.08
85.4 9.84
85.5 9.84
85.6 10.08
85.7 9.84
85.8 10.08
85.9 9.84
86 9.84
86.1 10.08
86.2 10.08
86.3 9.84
86.4 9.84
86.5 10.08
86.6 9.84
86.7 10.08
86.8 9.84
86.9 10.2
87 9.84
87.1 10.08
87.2 9.96
87.3 9.84
87.4 10.08
87.5 9.96
87.6 10.08
87.7 9.96
87.8 10.2
87.9 9.84
88 10.2
88.1 9.96
88.2 10.2
88.3 9.96
88.4 9.84
88.5 10.32
88.6 9.96
88.7 10.2
88.8 9.96
88.9 10.32
89 9.96
89.1 10.08
89.2 10.2
89.3 9.96
89.4 10.32
89.5 9.96
89.6 10.2
89.7 10.08
89.8 10.2
89.9 10.08
90 10.08
90.1 10.32
90.2 10.08
90.3 5.76
90.4 6.48
90.5 9.84
90.6 10.44
90.7 10.08
90.8 10.08
90.9 10.32
91 10.2
91.1 10.2
91.2 10.44
91.3 10.2
91.4 10.44
91.5 10.08
91.6 10.44
91.7 10.08
91.8 10.2
91.9 10.08
92 10.32
92.1 10.44
92.2 10.08
92.3 10.08
92.4 10.08
92.5 10.32
92.6 9.96
92.7 10.32
92.8 9.96
92.9 10.08
93 10.32
93.1 9.96
93.2 10.2
93.3 9.96
93.4 10.08
93.5 10.2
93.6 9.96
93.7 9.96
93.8 9.84
93.9 10.2
94 9.96
94.1 10.08
94.2 2.04
94.3 9.96
94.4 9.96
94.5 10.08
94.6 10.08
94.7 9.96
94.8 10.32
94.9 9.96
95 10.08
95.1 10.08
95.2 10.2
95.3 10.08
95.4 9.96
95.5 10.32
95.6 9.96
95.7 10.08
95.8 10.2
95.9 9.96
96 9.96
96.1 10.2
96.2 9.96
96.3 10.2
96.4 9.96
96.5 9.96
96.6 10.08
96.7 9.96
96.8 9.96
96.9 10.08
97 9.84
97.1 10.2
97.2 9.84
97.3 9.96
97.4 9.84
97.5 10.2
97.6 10.08
97.7 9.84
97.8 9.84
97.9 10.08
98 9.84
98.1 9.84
98.2 10.08
98.3 9.84
98.4 9.84
98.5 10.08
98.6 9.84
98.7 9.84
98.8 10.08
98.9 9.84
99 9.84
99.1 9.84
99.2 10.08
99.3 9.84
99.4 10.08
99.5 9.84
99.6 9.84
99.7 10.08
99.8 9.84
99.9 9.84
100 9.84
