0.200111 10
0.401609 11
0.406416 13
0.411222 15
0.416029 17
0.420835 19
0.619926 21
0.631942 23
0.644626 25
0.658467 27
0.672307 29
0.686148 31
0.699989 33
0.71383 35
0.804597 37
0.831032 39
0.852661 41
0.855064 43
0.862942 45
0.876783 47
0.8896 49
0.900587 51
0.945602 53
0.954147 55
0.962692 57
0.971237 59
0.979782 61
1.00609 63
1.02532 65
1.05896 67
1.07819 69
1.10222 71
1.10462 73
1.10703 75
1.10943 77
1.11183 79
1.11423 81
1.11664 83
1.11904 85
1.12252 87
1.13106 89
1.13961 91
1.14802 93
1.15579 95
1.163 97
1.16997 99
1.1765 101
1.18281 103
1.18875 105
1.19469 107
1.20063 109
1.20657 111
1.2196 113
1.23162 115
1.24363 117
1.25565 119
1.26766 121
1.28208 123
1.2965 125
1.30852 127
1.32294 129
1.33255 131
1.34457 133
1.3662 135
1.37821 137
1.41426 139
1.41666 141
1.41907 143
1.42147 145
1.42387 147
1.42628 149
1.42868 151
1.43108 153
1.45992 155
1.46232 157
1.46473 159
1.46713 161
1.46953 163
1.47194 165
1.47434 167
1.47674 169
1.47915 171
1.48155 173
1.49236 175
1.49957 177
1.50798 179
1.51519 181
1.5224 183
1.52961 185
1.53682 187
1.54644 189
1.65698 191
3.22747 191.203
3.47862 158
3.47862 157
3.47862 158
3.85832 159
3.86433 160
3.86793 161
3.87635 162
3.88235 163
3.89076 164
3.89197 165
3.90038 166
3.90639 167
3.9148 168
3.9184 135.86
4.10585 134.86
4.10585 135.86
4.10825 134.86
4.10825 135.86
4.12748 133.86
4.65017 191.203
4.65017 67.4296
4.65017 68.4296
4.65257 70.4296
4.65497 72.4296
4.65738 74.4296
4.65978 76.4296
4.66699 78.4296
4.6766 80.4296
4.68622 82.4296
4.69943 84.4296
4.71746 86.4296
4.73668 88.4296
4.75471 90.4296
4.77273 92.4296
4.79316 94.4296
4.81238 96.4296
4.83521 98.4296
4.85324 100.43
4.85564 102.43
4.86405 104.43
4.87126 106.43
4.87847 108.43
4.88568 110.43
4.8965 112.43
4.90851 114.43
4.92413 116.43
4.94216 118.43
4.95778 120.43
4.97821 122.43
4.98782 124.43
4.99503 126.43
5.00344 128.43
5.01065 130.43
5.01666 132.43
5.02266 133.86
5.55257 135.86
5.78328 133.86
7.21438 135.86
7.42226 133.86
7.73347 127.814
8.91224 129.814
9.11531 127.814
9.53828 97.3135
10.21 99.3135
10.21 4
10.2196 6
10.2196 4
10.2268 6
10.2268 4
10.234 6
10.234 4
10.2412 6
10.2412 4
10.252 6
10.252 4
10.2604 6
10.2604 4
10.2689 6
10.2689 4
10.2761 6
10.2761 4
10.2857 6
10.2857 4
10.2953 6
10.2953 4
10.3049 6
10.3049 4
10.3121 6
10.3121 4
10.3217 6
10.3217 4
10.3289 6
10.3289 4
10.3361 6
10.3361 4
10.3458 6
10.3458 4
10.3554 6
10.3554 4
10.3626 6
10.3626 4
10.3722 6
10.3722 4
10.3806 6
10.3806 4
10.389 6
10.389 4
10.3986 6
10.3986 4
10.4082 6
10.4082 4
10.4178 6
10.4178 4
10.4659 6
10.4659 4
10.4755 6
10.4755 4
10.4899 6
10.4899 4
10.4996 6
10.4996 4
10.514 6
10.514 4
10.5236 6
10.5236 4
10.5452 6
10.5452 4
10.5548 6
10.5548 4
10.5644 6
10.5644 4
10.5741 6
10.5741 4
10.5813 6
10.5813 4
10.5933 6
10.5933 4
10.6029 6
10.6029 4
10.6101 6
10.6101 4
10.6173 6
10.6173 4
10.6269 6
10.6269 4
10.6365 6
10.6365 4
10.6462 6
10.6462 4
10.6534 6
10.6534 4
10.6606 6
10.6606 4
10.6702 6
10.6702 4
10.6774 6
10.6774 4
10.687 6
10.687 4
10.893 5
10.893 4
11.14 191.203
11.14 193.203
11.3436 194.203
11.5467 195.203
11.5966 197.203
11.6062 199.203
11.6182 201.203
11.6303 203.203
11.6399 205.203
11.6519 207.203
11.6615 209.203
11.6735 211.203
11.6855 213.203
11.6951 215.203
11.7072 217.203
11.7168 219.203
11.7288 221.203
11.7408 223.203
11.7504 225.203
11.7624 227.203
11.7733 229.203
11.7841 231.203
11.7961 232.845
12.1698 234.845
12.6684 232.845
12.9941 145
12.9941 144
12.9941 145
13.0494 144
13.1143 143
13.1731 142
13.2308 141
13.2609 140
13.4195 141
13.4255 142
13.4303 143
13.4351 144
13.4411 145
13.4447 146
13.4507 147
13.4567 148
13.4603 149
13.4663 150
13.4735 151
13.4771 152
13.4832 153
13.4868 154
13.4928 155
13.4988 156
13.5024 157
13.5084 158
13.5144 159
13.518 160
13.524 161
13.53 162
13.5336 163
13.5396 164
13.5432 165
13.5492 166
13.5552 167
13.5613 168
13.5649 169
13.5709 170
13.5745 171
13.5805 172
13.5865 173
13.5925 174
13.5961 175
13.5973 174
13.5973 175
13.6033 176
13.6093 177
13.6141 178
13.6177 179
13.6213 180
13.6237 181
13.6249 182
13.6273 183
13.6285 184
13.6297 183
13.6297 184
13.6309 185
13.6322 186
13.6334 187
13.6346 188
13.6358 189
13.637 190
13.6382 191
13.6394 192
13.6406 193
13.6418 194
13.643 195
13.6442 194
13.6442 195
13.6454 196
13.6466 197
13.6478 198
13.649 199
13.6502 200
13.6514 201
13.6526 202
13.6538 203
13.655 204
13.6562 205
13.6574 204
13.6574 205
13.6586 206
13.6598 207
13.661 208
13.6622 209
13.6634 210
13.6646 211
13.6658 212
13.6682 213
13.673 214
13.6766 215
13.6802 216
13.685 217
13.6886 218
13.6922 217
13.6922 218
13.697 219
13.7006 220
13.703 221
13.7078 222
13.7126 223
13.7162 224
13.7198 232.845
13.7198 67.4296
13.7198 68.4296
13.7283 70.4296
13.7355 72.4296
13.7427 74.4296
13.7511 76.4296
13.7571 78.4296
13.7667 80.4296
13.7751 82.4296
13.7835 84.4296
13.7919 86.4296
13.8004 88.4296
13.8088 90.4296
13.8172 92.4296
13.8256 94.4296
13.8352 96.4296
13.8424 98.4296
13.852 100.43
13.8604 102.43
13.8688 104.43
13.8773 106.43
13.8857 108.43
13.8941 110.43
13.9025 112.43
13.9109 114.43
13.9193 116.43
13.9277 118.43
13.9361 120.43
13.9445 122.43
13.953 124.43
13.9602 126.43
13.9698 128.43
13.977 130.43
13.9866 132.43
13.9938 134.43
14.0034 136.43
14.0106 138.43
14.0202 140.43
14.0275 142.43
14.0359 144.43
14.0443 146.43
14.0527 148.43
14.0611 150.43
14.0695 152.43
14.0779 154.43
14.0851 156.43
14.0947 158.43
14.1092 160.43
14.1152 162.43
14.1176 164.43
14.12 166.43
14.1224 168.43
14.1248 170.43
14.1272 172.43
14.1356 174.43
14.1428 176.43
14.1512 178.43
14.1584 180.43
14.1668 182.43
14.1741 184.43
14.2666 186.43
14.2738 188.43
14.281 190.43
14.2906 192.43
14.299 194.43
14.3062 196.43
14.3158 198.43
14.323 200.43
14.3303 202.43
14.3399 204.43
14.3471 206.43
14.3543 208.43
14.3651 210.43
14.3723 212.43
14.3795 214.43
14.3891 216.43
14.3963 218.43
14.4036 220.43
14.412 222.43
14.4216 224.43
14.4288 226.43
14.4384 228.43
14.4456 230.43
14.4528 232.43
14.4612 234.43
14.4708 236.43
14.4781 236.653
15.9632 238.653
16.415 236.653
16.7395 238.53
16.7731 240.53
16.7803 240.586
16.8032 241.224
16.838 243.224
16.8452 243.708
16.8644 245.708
16.8716 245.711
16.8873 246.758
16.9209 248.726
16.9485 250.679
16.9774 251.671
17.0122 253.591
17.0315 255.022
18.3809 175
18.3809 174
18.3809 175
18.4458 174
18.8435 175
18.8471 176
18.8507 177
18.8543 178
18.8579 179
18.8615 180
18.8651 181
18.8687 182
18.8723 183
18.8771 184
18.8807 185
18.8843 186
18.8867 185
18.8867 186
18.8903 187
18.8939 188
18.8975 189
18.9012 190
18.9048 191
18.9084 192
18.912 193
18.9156 194
18.9192 195
18.9228 196
18.9264 197
18.93 198
18.9336 199
18.9372 200
18.9444 201
18.948 202
18.9516 255.022
18.9516 67.4296
18.9516 68.4296
18.9588 70.4296
18.966 72.4296
18.9732 74.4296
18.9805 76.4296
18.9877 78.4296
18.9949 80.4296
19.0021 82.4296
19.0093 84.4296
19.0165 86.4296
19.0237 88.4296
19.0321 90.4296
19.0393 92.4296
19.0465 94.4296
19.0537 96.4296
19.061 98.4296
19.0682 100.43
19.0754 102.43
19.0826 104.43
19.0898 106.43
19.097 108.43
19.1042 110.43
19.1114 112.43
19.1186 114.43
19.1258 116.43
19.1331 118.43
19.1403 120.43
19.1475 122.43
19.1547 124.43
19.1619 126.43
19.1691 128.43
19.1763 130.43
19.1859 132.43
19.2051 134.43
19.2076 136.43
19.2112 138.43
19.2136 140.43
19.216 142.43
19.2184 144.43
19.2208 146.43
19.2232 148.43
19.2256 150.43
19.2292 152.43
19.2364 154.43
19.2436 156.43
19.2508 158.43
19.258 160.43
19.2652 162.43
19.2724 164.43
19.2796 166.43
19.2869 168.43
19.2941 170.43
19.3013 172.43
19.3085 174.43
19.3157 176.43
19.3229 178.43
19.3301 180.43
19.3373 182.43
19.3445 184.43
19.3517 186.43
19.3602 188.43
19.3662 190.43
19.3734 192.43
19.3806 194.43
19.3878 196.43
19.395 198.43
19.4022 200.43
19.4094 202.43
19.4166 204.43
19.425 206.43
19.52 208.43
19.5296 210.43
19.5368 212.43
19.544 214.43
19.5512 216.43
19.5584 218.43
19.5656 220.43
19.5728 222.43
19.58 224.43
19.5873 226.43
19.5945 228.43
19.6017 230.43
19.6089 232.43
19.6161 234.43
19.6281 236.43
19.6401 238.43
19.6473 240.43
19.6545 242.43
19.657 244.43
19.6594 246.43
19.6642 248.43
19.6714 250.43
19.6786 252.43
19.6858 252.325
19.693 251.91
19.7002 251.545
19.7074 251.227
19.7158 251.017
19.723 250.903
19.7302 250.733
19.7375 250.586
19.7447 250.456
19.7519 250.343
19.7591 250.313
19.7663 250.218
19.7735 250.134
19.7807 250.061
19.7879 249.997
20.0379 247.997
20.3419 248.457
20.3767 250.184
20.3887 251.886
20.4116 253.886
20.4164 254.146
20.4236 255.8
20.438 256.852
20.45 257.432
20.4572 259.432
20.4644 260.798
20.4728 261.797
20.5197 263.797
20.5269 265.494
20.5341 267.494
20.5389 268.791
20.5654 270.791
20.5726 270.888
23.0611 272.888
23.5033 270.888
23.7316 272.706
23.7664 274.706
23.7712 275.078
23.7953 276.901
23.8241 278.709
23.8529 280.503
23.8866 280.666
23.8986 282.428
23.9106 284.428
23.9154 284.595
23.9395 286.349
23.9851 288.349
23.9899 288.721
24.0091 290.432
24.038 292.131
24.0668 293.816
24.0909 294.94
24.1197 296.94
24.1233 297.701
25.0642 297.972
25.0762 298.166
25.1122 298.653
25.1843 299.189
25.2011 299.233
25.272 301.233
25.278 301.36
26.5938 303.36
27.0396 301.36
27.3592 301.427
27.3664 303.427
27.3712 304.483
27.3941 305.652
27.4109 306.184
27.4373 307.947
27.4529 308.454
27.4794 310.454
27.4854 310.806
27.5022 311.903
27.5286 313.903
27.5334 314.23
27.5467 315.921
27.5683 316.354
27.5899 318.017
27.6176 319.666
27.6416 321.302
29.4392 228
29.4392 227
29.4392 228
29.6639 227
29.7216 228
29.724 229
29.7264 230
29.73 231
29.7312 232
29.7348 233
29.7384 234
29.7396 235
29.7432 236
29.7468 237
29.748 238
29.7516 239
29.7552 240
29.7588 241
29.76 242
29.7636 243
29.7672 244
29.7684 245
29.772 246
29.7756 247
29.7768 248
29.7804 249
29.7816 250
29.7853 251
29.7889 233.112
29.7889 4
29.7925 5
29.7925 4
29.7937 5
29.7937 4
29.7973 5
29.7973 4
29.8009 5
29.8009 4
29.8021 5
29.8021 4
29.8045 5
29.8045 4
29.8081 5
29.8081 4
29.8117 5
29.8117 4
29.8129 5
29.8129 4
29.8165 5
29.8165 4
29.8201 5
29.8201 4
29.8213 5
29.8213 4
29.8249 5
29.8249 4
29.8285 5
29.8285 4
29.8297 5
29.8297 4
29.8321 5
29.8321 4
29.8357 5
29.8357 4
29.8369 5
29.8369 4
29.8405 5
29.8405 4
29.8441 5
29.8441 4
29.8453 5
29.8453 4
29.8489 5
29.8489 4
29.8525 5
29.8525 4
29.8561 5
29.8561 4
29.8573 5
29.8573 4
29.861 5
29.861 4
29.8646 5
29.8646 4
29.8658 5
29.8658 4
29.8694 5
29.8694 4
29.873 5
29.873 4
29.8742 5
29.8742 4
29.8778 5
29.8778 4
29.8814 5
29.8814 4
29.8826 5
29.8826 4
29.8862 5
29.8862 4
29.8898 5
29.8898 4
29.8934 5
29.8934 4
29.8946 3
29.8946 4
29.8994 5
29.8994 4
29.9006 5
29.9006 4
29.903 5
29.903 4
29.9054 5
29.9054 4
29.9078 5
29.9078 4
29.9102 5
29.9102 4
29.9126 5
29.9126 4
29.9138 5
29.9138 4
29.9162 5
29.9162 4
29.9174 5
29.9174 4
29.9186 5
29.9186 4
29.9198 5
29.9198 4
29.921 5
29.921 4
29.9222 5
29.9222 4
29.9234 5
29.9234 4
29.9246 5
29.9246 4
29.9258 5
29.9258 4
29.927 5
29.927 4
29.9283 5
29.9283 4
29.9295 5
29.9295 4
29.9307 5
29.9307 4
29.9319 5
29.9319 4
29.9331 5
29.9331 4
29.9343 5
29.9343 4
29.9355 5
29.9355 4
29.9367 5
29.9367 4
29.9379 5
29.9379 4
29.9391 5
29.9391 4
29.9403 5
29.9403 4
29.9415 5
29.9415 4
29.9427 5
29.9427 4
29.9439 5
29.9439 4
29.9451 5
29.9451 4
29.9463 5
29.9463 4
29.9475 5
29.9475 4
29.9487 5
29.9487 4
29.9499 5
29.9499 4
29.9511 5
29.9511 4
29.9523 5
29.9523 4
29.9535 5
29.9535 4
29.9547 5
29.9547 4
29.9559 5
29.9559 4
29.9571 5
29.9571 4
29.9583 5
29.9583 4
29.9595 5
29.9595 4
29.9607 5
29.9607 4
29.9619 5
29.9619 4
29.9631 5
29.9631 4
29.9643 5
29.9643 4
29.9655 5
29.9655 4
29.9667 5
29.9667 4
29.9679 5
29.9679 4
29.9691 5
29.9691 4
29.9703 5
29.9703 4
29.9715 5
29.9715 4
29.9727 5
29.9727 4
29.9739 5
29.9739 4
29.9751 5
29.9751 4
29.9763 5
29.9763 4
29.9775 5
29.9775 4
29.9787 5
29.9787 4
29.9799 5
29.9799 4
29.9811 3
29.9811 4
29.9823 5
29.9823 4
29.9835 5
29.9835 4
29.9847 5
29.9847 4
29.9859 5
29.9859 4
29.9871 5
29.9871 4
29.9883 5
29.9883 4
29.9895 5
29.9895 4
29.9907 5
29.9907 4
29.9919 5
29.9919 4
29.9931 5
29.9931 4
29.9943 5
29.9943 4
29.9955 5
29.9955 4
29.9979 5
29.9979 4
30.0015 5
30.0015 4
30.0039 5
30.0039 4
30.0063 5
30.0063 4
30.01 5
30.01 4
30.0124 5
30.0124 4
30.0148 5
30.0148 4
30.0184 5
30.0184 4
30.0208 5
30.0208 4
30.0232 5
30.0232 4
30.0268 5
30.0268 4
30.0304 5
30.0304 4
30.0328 5
30.0328 4
30.0352 5
30.0352 4
30.0388 5
30.0388 4
30.0412 5
30.0412 4
30.0436 5
30.0436 4
30.0472 5
30.0472 4
30.0496 5
30.0496 4
30.052 5
30.052 4
30.0544 5
30.0544 4
30.058 5
30.058 4
30.0604 5
30.0604 4
30.0628 5
30.0628 4
30.0664 5
30.0664 4
30.0688 5
30.0688 4
30.0712 5
30.0712 4
30.0748 5
30.0748 4
30.0772 5
30.0772 4
30.0796 5
30.0796 4
30.0832 5
30.0832 4
30.0857 5
30.0857 4
30.0881 5
30.0881 4
30.0917 5
30.0917 4
30.0941 5
30.0941 4
30.0965 5
30.0965 4
30.1001 5
30.1001 4
30.1025 5
30.1025 4
30.1049 5
30.1049 4
30.1073 5
30.1073 4
30.1109 5
30.1109 4
30.1133 5
30.1133 4
30.1157 5
30.1157 4
30.1181 5
30.1181 4
30.1217 5
30.1217 4
30.1241 5
30.1241 4
30.1265 5
30.1265 4
30.1301 5
30.1301 4
30.1325 5
30.1325 4
30.1349 5
30.1349 4
30.1385 5
30.1385 4
30.1409 5
30.1409 4
30.1433 5
30.1433 4
30.1469 5
30.1469 4
30.1493 5
30.1493 4
30.1517 5
30.1517 4
30.1553 5
30.1553 4
30.1577 5
30.1577 4
30.1602 5
30.1602 4
30.1638 5
30.1638 4
30.1662 5
30.1662 4
30.1686 5
30.1686 4
30.1722 5
30.1722 4
30.1746 5
30.1746 4
30.177 5
30.177 4
30.1806 5
30.1806 4
30.1842 5
30.1842 4
30.1878 3
30.1878 4
30.1902 5
30.1902 4
30.1926 5
30.1926 4
30.1962 5
30.1962 4
30.1986 5
30.1986 4
30.201 5
30.201 4
30.2034 5
30.2034 4
30.207 5
30.207 4
30.2094 5
30.2094 4
30.213 5
30.213 4
30.2154 5
30.2154 4
30.2178 5
30.2178 4
30.2214 5
30.2214 4
30.2238 5
30.2238 4
30.2262 5
30.2262 4
30.2298 5
30.2298 4
30.2322 5
30.2322 4
30.2346 5
30.2346 4
30.2382 5
30.2382 4
30.2407 5
30.2407 4
30.2431 5
30.2431 4
30.2455 5
30.2455 4
30.2491 5
30.2491 4
30.2515 5
30.2515 4
30.2539 5
30.2539 4
30.2575 5
30.2575 4
30.2599 5
30.2599 4
30.2623 5
30.2623 4
30.2659 5
30.2659 4
30.2683 5
30.2683 4
30.2707 5
30.2707 4
30.2743 5
30.2743 4
30.2767 5
30.2767 4
30.2791 5
30.2791 4
30.2827 5
30.2827 4
30.2851 5
30.2851 4
30.2875 5
30.2875 4
30.2911 5
30.2911 4
30.2935 5
30.2935 4
30.2959 5
30.2959 4
30.2995 5
30.2995 4
30.3019 5
30.3019 4
30.3043 5
30.3043 4
30.3067 5
30.3067 4
30.3103 5
30.3103 4
30.5038 321.302
30.5038 67.4296
30.5038 68.4296
30.5038 4
30.5735 321.302
30.5735 323.302
30.7771 324.302
30.8487 326.302
30.8535 328.302
30.8631 330.302
30.8703 332.302
30.8775 319.004
30.8859 305.613
30.8943 294.166
30.9027 284.421
30.9099 275.983
30.9195 269.051
30.9268 263.075
30.934 258.027
30.9436 253.97
30.9508 250.601
30.958 247.742
30.9676 245.692
30.9748 243.988
30.9832 242.767
30.9928 242.059
31.0001 241.62
31.0073 241.416
31.0145 241.328
31.5936 243.328
31.9217 241.328
32.3627 242.585
32.3879 243.976
32.4047 245.354
32.4288 245.644
32.4444 247.644
32.448 248.075
34.2348 250.075
34.564 248.075
34.862 248.8
34.886 250.055
34.9101 251.3
34.9341 252.535
34.9581 253.76
34.9822 254.974
35.0014 256.179
35.0254 257.374
35.0494 258.559
35.0735 259.734
35.0975 260.901
35.1215 262.057
35.1588 262.305
36.8771 264.305
37.2099 262.305
37.5524 262.812
37.5668 263.941
37.586 264.049
37.6113 265.16
37.6293 266.263
37.6569 267.357
37.6713 268.443
37.6978 269.52
37.717 270.589
37.7362 271.65
37.7603 273.209
37.7747 218
37.7747 217
37.7747 218
37.9033 219
37.9069 220
37.9105 221
37.9141 222
37.9153 223
37.9189 224
37.9225 225
37.9261 226
37.9285 227
37.9309 228
37.9345 229
37.9381 230
37.9393 231
37.9429 232
37.9465 233
37.9501 234
37.9513 235
37.9549 236
37.9585 237
37.9621 238
37.9633 239
37.9669 240
37.9705 241
37.9741 242
37.9754 243
37.979 244
37.9826 245
37.9862 246
37.9874 247
37.991 248
37.9946 249
37.997 250
37.9994 251
38.003 252
38.0066 253
38.0102 254
38.0114 255
38.015 256
38.0186 257
38.0222 258
38.0234 259
38.027 260
38.0306 261
38.0318 262
38.0354 263
38.039 264
38.0426 265
38.0462 266
38.0474 267
38.0511 268
38.0547 269
38.0559 270
38.0595 271
38.0631 272
38.0667 273
38.0679 274
38.0715 275
38.0763 276
38.0799 276.814
38.349 67.4296
38.349 68.4296
38.3526 70.4296
38.3563 72.4296
38.3587 74.4296
38.3611 76.4296
38.3635 78.4296
38.3659 80.4296
38.3683 82.4296
38.3719 84.4296
38.3743 86.4296
38.3767 88.4296
38.3791 90.4296
38.3815 92.4296
38.3839 94.4296
38.3863 96.4296
38.3887 98.4296
38.3911 100.43
38.3935 102.43
38.3959 104.43
38.3983 106.43
38.4007 108.43
38.4031 110.43
38.4055 112.43
38.4079 114.43
38.4103 116.43
38.4127 118.43
38.4151 120.43
38.4175 122.43
38.4199 124.43
38.4223 126.43
38.4247 128.43
38.4283 130.43
38.4332 132.43
38.4392 134.43
38.444 136.43
38.4488 138.43
38.4548 140.43
38.4596 142.43
38.4656 144.43
38.4704 146.43
38.4752 148.43
38.4812 150.43
38.486 152.43
38.492 154.43
38.4968 156.43
38.5016 158.43
38.5077 160.43
38.5125 162.43
38.5185 164.43
38.5233 166.43
38.5281 168.43
38.5329 170.43
38.5389 172.43
38.5449 174.43
38.5497 176.43
38.5545 178.43
38.5593 180.43
38.5653 182.43
38.5713 184.43
38.5761 186.43
38.5822 188.43
38.587 190.43
38.5918 192.43
38.5966 194.43
38.6026 196.43
38.6074 198.43
38.6134 200.43
38.6182 202.43
38.623 204.43
38.6278 206.43
38.6326 208.43
38.6386 210.43
38.6422 212.43
38.6482 214.43
38.653 216.43
38.6579 218.43
38.6627 220.43
38.6675 222.43
38.6723 224.43
38.6771 226.43
38.6819 228.43
38.6867 230.43
38.6915 232.43
38.6963 234.43
38.7011 236.43
38.7071 238.43
38.7119 240.43
38.7167 242.43
38.7215 244.43
38.7263 246.43
38.7311 248.43
38.736 250.43
38.7408 252.43
38.7456 254.43
38.7504 256.43
38.7552 258.43
38.76 260.43
38.7648 262.43
38.7696 264.43
38.7744 266.43
38.7792 268.43
38.784 270.43
38.7888 272.43
38.7936 274.43
38.7984 276.43
38.8032 276.814
39.5639 278.814
39.8955 276.814
40.3966 278.441
40.4086 280.203
40.4302 281.364
41.0166 228.52
41.0166 4
41.0214 6
41.0214 4
41.0286 6
41.0286 4
41.0334 6
41.0334 4
41.0394 6
41.0394 4
41.0442 6
41.0442 4
41.049 6
41.049 4
41.0538 6
41.0538 4
41.0611 6
41.0611 4
41.0659 6
41.0659 4
41.0707 6
41.0707 4
41.0755 6
41.0755 4
41.0839 6
41.0839 4
41.0887 6
41.0887 4
41.0935 6
41.0935 4
41.0983 6
41.0983 4
41.1031 6
41.1031 4
41.1079 6
41.1079 4
41.1127 6
41.1127 4
41.1199 6
41.1199 4
41.1247 6
41.1247 4
41.1295 6
41.1295 4
41.1356 6
41.1356 4
41.1404 6
41.1404 4
41.1452 6
41.1452 4
41.1524 6
41.1524 4
41.1572 6
41.1572 4
41.162 6
41.162 4
41.1668 6
41.1668 4
41.1716 6
41.1716 4
41.1764 6
41.1764 4
41.1836 6
41.1836 4
41.1896 6
41.1896 4
41.1944 6
41.1944 4
41.1992 6
41.1992 4
41.204 6
41.204 4
41.2088 6
41.2088 4
41.2137 6
41.2137 4
41.2185 6
41.2185 4
41.2233 6
41.2233 4
41.2281 6
41.2281 4
41.2341 6
41.2341 4
41.2389 6
41.2389 4
41.2461 6
41.2461 4
41.2509 6
41.2509 4
41.2557 6
41.2557 4
41.2605 6
41.2605 4
41.2653 6
41.2653 4
41.2701 6
41.2701 4
41.2773 6
41.2773 4
41.2821 6
41.2821 4
41.287 6
41.287 4
41.2918 6
41.2918 4
41.2966 6
41.2966 4
41.3014 6
41.3014 4
41.3062 6
41.3062 4
41.3122 6
41.3122 4
41.317 6
41.317 4
41.3218 6
41.3218 4
41.3266 6
41.3266 4
41.3314 6
41.3314 4
41.3374 6
41.3374 4
41.3422 6
41.3422 4
41.3458 6
41.3458 4
41.3506 6
41.3506 4
41.3554 6
41.3554 4
41.3603 6
41.3603 4
41.3651 6
41.3651 4
41.3699 6
41.3699 4
41.3759 6
41.3759 4
41.3807 6
41.3807 4
41.3855 6
41.3855 4
41.3903 6
41.3903 4
41.3951 6
41.3951 4
41.3999 6
41.3999 4
41.4047 6
41.4047 4
41.4095 6
41.4095 4
41.4143 6
41.4143 4
41.4191 6
41.4191 4
41.4239 6
41.4239 4
41.4287 6
41.4287 4
41.4347 6
41.4347 4
41.4384 6
41.4384 4
41.4444 6
41.4444 4
41.4492 6
41.4492 4
41.454 6
41.454 4
41.4588 6
41.4588 4
41.4636 6
41.4636 4
41.4684 6
41.4684 4
41.4732 6
41.4732 4
41.478 6
41.478 4
41.4828 6
41.4828 4
41.49 6
41.49 4
41.4948 6
41.4948 4
41.4996 6
41.4996 4
41.5056 6
41.5056 4
41.508 6
41.508 4
41.5129 6
41.5129 4
41.5177 6
41.5177 4
41.5225 6
41.5225 4
41.5273 6
41.5273 4
41.5321 6
41.5321 4
41.5369 6
41.5369 4
41.5417 6
41.5417 4
41.5465 6
41.5465 4
41.5513 6
41.5513 4
41.5561 6
41.5561 4
41.5609 6
41.5609 4
41.5657 6
41.5657 4
41.5705 6
41.5705 4
41.5765 6
41.5765 4
41.5837 6
41.5837 4
41.7849 5
41.7849 4
41.8962 281.364
41.8962 283.364
42.0974 284.364
42.2158 286.364
42.2206 288.364
42.2278 290.364
42.235 292.364
42.2422 294.364
42.2494 296.364
42.2566 298.364
42.2639 300.364
42.2711 302.364
42.2783 304.364
42.2855 306.364
42.2927 308.364
42.3011 310.364
42.3083 312.364
42.3155 314.364
42.3227 316.364
42.3299 317.102
42.3372 316.337
42.3432 315.773
42.3504 315.597
42.3564 315.548
43.7755 317.548
44.1492 315.548
44.5012 316.245
44.5157 317.975
44.5325 319.106
44.5433 252
44.5433 251
44.5433 252
44.5529 251
44.5758 250
44.6515 249
44.6611 248
44.6743 247
44.6839 246
44.7428 245
45.066 246
45.0672 247
45.0684 248
45.0696 249
45.0708 250
45.072 251
45.0732 252
45.0744 253
45.0756 254
45.0768 255
45.078 256
45.0792 257
45.0804 258
45.0816 257
45.0816 258
45.0828 259
45.084 260
45.0852 261
45.0864 260
45.0864 261
45.0876 262
45.0888 263
45.09 264
45.0912 265
45.0924 266
45.0936 267
45.0948 268
45.096 269
45.0972 270
45.0985 269
45.0985 270
45.0997 271
45.1009 272
45.1021 273
45.1033 274
45.1045 275
45.1057 276
45.1069 277
45.1081 278
45.1093 279
45.1105 280
45.1117 281
45.1129 282
45.1141 283
45.1153 284
45.1165 285
45.1177 286
45.1189 287
45.1201 288
45.1213 289
45.1225 290
45.1237 291
45.1249 292
45.1261 293
45.1273 294
45.1285 295
45.1309 296
45.1333 297
45.1345 298
45.1369 299
45.1393 300
45.1417 301
45.1441 302
45.1465 301
45.1465 302
45.1477 303
45.1513 304
45.1525 305
45.1561 306
45.1573 305
45.1573 306
45.1597 307
45.1621 308
45.1645 309
45.1657 310
45.1693 311
45.1705 310
45.1705 311
45.1741 312
45.1753 313
45.179 314
45.1801 313
45.1801 314
45.1825 315
45.1837 316
45.1862 317
45.1886 318
45.1898 319
45.1922 320
45.1946 321
45.197 322
45.1982 323
45.2006 324
45.203 325
45.2042 326
45.2066 327
45.209 328
45.2114 329
45.2126 330
45.215 331
45.2162 332
45.2186 333
45.221 334
45.2234 335
45.2246 336
45.227 337
45.2294 338
45.2318 339
45.2342 67.4296
45.2342 68.4296
45.2378 70.4296
45.2426 72.4296
45.2462 74.4296
45.2498 76.4296
45.2534 78.4296
45.2582 80.4296
45.2618 82.4296
45.2655 84.4296
45.2703 86.4296
45.2751 88.4296
45.2799 90.4296
45.2847 92.4296
45.2895 94.4296
45.2943 96.4296
45.2991 98.4296
45.3051 100.43
45.3087 102.43
45.3147 104.43
45.3183 106.43
45.3243 108.43
45.3291 110.43
45.3339 112.43
45.3387 114.43
45.3436 116.43
45.3484 118.43
45.3532 120.43
45.358 122.43
45.3628 124.43
45.3676 126.43
45.3724 128.43
45.3772 130.43
45.382 132.43
45.3868 134.43
45.3916 136.43
45.3964 138.43
45.4024 140.43
45.406 142.43
45.4132 144.43
45.4181 146.43
45.4229 148.43
45.4301 150.43
45.4349 152.43
45.4397 154.43
45.4469 156.43
45.4517 158.43
45.4565 160.43
45.4637 162.43
45.4685 164.43
45.4733 166.43
45.4805 168.43
45.4853 170.43
45.4901 172.43
45.4974 174.43
45.5022 176.43
45.5082 178.43
45.5142 180.43
45.519 182.43
45.5238 184.43
45.5298 186.43
45.5514 188.43
45.555 190.43
45.5598 192.43
45.5634 194.43
45.5671 196.43
45.5695 198.43
45.5719 200.43
45.5755 202.43
45.5779 204.43
45.5803 206.43
45.5827 208.43
45.5851 210.43
45.5875 212.43
45.5899 214.43
45.5923 216.43
45.5947 218.43
45.5971 220.43
45.5995 222.43
45.6019 224.43
45.6043 226.43
45.6067 228.43
45.6091 230.43
45.6115 232.43
45.6151 234.43
45.6187 236.43
45.6235 238.43
45.6283 240.43
45.6319 242.43
45.6367 244.43
45.6416 246.43
45.6452 248.43
45.65 250.43
45.6548 252.43
45.6596 254.43
45.6644 256.43
45.668 258.43
45.6716 260.43
45.6752 262.43
45.68 264.43
45.6848 266.43
45.6884 268.43
45.6932 270.43
45.6968 272.43
45.7004 274.43
45.7052 276.43
45.7088 278.43
45.7136 280.43
45.7185 282.43
45.8182 284.43
45.823 286.43
45.8302 288.43
45.8326 290.43
45.8398 292.43
45.8446 294.43
45.8494 296.43
45.8542 298.43
45.859 300.43
45.8638 302.43
45.8687 304.43
45.8735 306.43
45.8783 308.43
45.8843 310.43
45.8891 312.43
45.8939 314.43
45.8987 316.43
45.9035 318.43
45.9083 320.43
45.9131 322.43
45.9179 324.43
45.9227 326.43
45.9275 328.43
45.9323 330.43
45.9371 332.43
45.942 334.43
45.9468 336.43
45.9516 338.43
45.9564 340.43
45.9648 342.43
45.972 344.43
45.9768 345.783
46.7398 347.783
47.1099 345.783
47.7191 251
47.7191 250
47.7191 251
48.2779 252
48.2791 253
48.2827 254
48.2839 255
48.2851 256
48.2863 257
48.2899 258
48.2911 259
48.2947 260
48.2959 261
48.2971 262
48.3007 263
48.3019 264
48.3031 265
48.3067 266
48.3079 267
48.3115 268
48.3127 269
48.3139 345.783
48.3139 67.4296
48.3139 68.4296
48.3187 70.4296
48.3223 72.4296
48.3271 74.4296
48.3295 76.4296
48.3331 78.4296
48.3355 80.4296
48.3403 82.4296
48.3439 84.4296
48.3488 86.4296
48.3512 88.4296
48.3536 90.4296
48.356 92.4296
48.3584 94.4296
48.3608 96.4296
48.3632 98.4296
48.3656 100.43
48.368 102.43
48.3704 104.43
48.3728 106.43
48.3752 108.43
48.3776 110.43
48.38 112.43
48.3824 114.43
48.3848 116.43
48.3872 118.43
48.3896 120.43
48.392 122.43
48.3944 124.43
48.3968 126.43
48.3992 128.43
48.4016 130.43
48.404 132.43
48.4064 134.43
48.4088 136.43
48.4112 138.43
48.4136 140.43
48.416 142.43
48.4245 144.43
48.4293 146.43
48.4341 148.43
48.4389 150.43
48.4461 152.43
48.4509 154.43
48.4557 156.43
48.4605 158.43
48.4653 160.43
48.4713 162.43
48.4761 164.43
48.4809 166.43
48.4857 168.43
48.4905 170.43
48.4954 172.43
48.5002 174.43
48.505 176.43
48.5098 178.43
48.5146 180.43
48.5194 182.43
48.5254 184.43
48.5302 186.43
48.5374 188.43
48.5422 190.43
48.547 192.43
48.5518 194.43
48.5566 196.43
48.5614 198.43
48.5662 200.43
48.5711 202.43
48.5771 204.43
48.5819 206.43
48.5867 208.43
48.5915 210.43
48.5951 212.43
48.5999 214.43
48.6035 216.43
48.6083 218.43
48.6107 220.43
48.6155 222.43
48.6203 224.43
48.6251 226.43
48.6299 228.43
48.6323 230.43
48.6383 232.43
48.6431 234.43
48.648 236.43
48.6528 238.43
48.6576 240.43
48.6612 242.43
48.6648 244.43
48.6696 246.43
48.6744 248.43
48.6768 250.43
48.6816 252.43
48.6864 254.43
48.6912 256.43
48.6948 258.43
48.6984 260.43
48.7044 262.43
48.7092 264.43
48.7116 266.43
48.7164 268.43
48.7213 270.43
48.7261 272.43
48.7297 274.43
48.7333 276.43
48.7381 278.43
48.7429 280.43
48.7477 282.43
48.7513 284.43
48.7549 286.43
48.7609 288.43
48.7645 290.43
48.7705 292.43
48.7741 294.43
48.7777 296.43
48.7825 298.43
48.7849 300.43
48.7897 302.43
48.7933 304.43
48.7982 306.43
48.8018 308.43
48.8066 310.43
48.8102 312.43
48.815 314.43
48.8618 316.43
48.8666 318.43
48.8739 320.43
48.8787 322.43
48.8847 324.43
48.8895 326.43
48.8943 328.43
48.8991 330.43
48.9015 332.43
48.9063 334.43
48.9111 336.43
48.9159 338.43
48.9207 340.43
48.9255 342.43
48.9303 344.43
48.9351 346.052
49.7042 348.052
50.0743 346.052
50.4684 348.052
50.4744 348.722
50.5056 349.586
50.5249 350.769
50.5465 351.183
50.5585 352.346
50.5657 353.866
50.5885 354.643
50.5957 355.4
50.6318 356.148
52.3573 272.273
52.3573 4
52.3597 6
52.3597 4
52.3645 6
52.3645 4
52.3693 6
52.3693 4
52.3741 6
52.3741 4
52.3765 6
52.3765 4
52.3837 6
52.3837 4
52.3861 6
52.3861 4
52.3909 6
52.3909 4
52.3957 6
52.3957 4
52.4006 6
52.4006 4
52.403 6
52.403 4
52.4102 6
52.4102 4
52.4126 6
52.4126 4
52.4174 6
52.4174 4
52.4222 6
52.4222 4
52.427 6
52.427 4
52.4294 6
52.4294 4
52.4342 6
52.4342 4
52.439 6
52.439 4
52.4438 6
52.4438 4
52.4462 6
52.4462 4
52.451 6
52.451 4
52.4558 6
52.4558 4
52.4606 6
52.4606 4
52.4654 6
52.4654 4
52.4678 6
52.4678 4
52.4726 6
52.4726 4
52.4775 6
52.4775 4
52.4823 6
52.4823 4
52.4871 6
52.4871 4
52.4895 6
52.4895 4
52.4943 6
52.4943 4
52.4991 6
52.4991 4
52.5039 6
52.5039 4
52.5063 6
52.5063 4
52.5111 6
52.5111 4
52.5159 6
52.5159 4
52.5207 6
52.5207 4
52.5255 6
52.5255 4
52.5291 6
52.5291 4
52.5327 6
52.5327 4
52.5375 6
52.5375 4
52.5423 6
52.5423 4
52.5459 6
52.5459 4
52.5495 6
52.5495 4
52.5544 6
52.5544 4
52.5592 6
52.5592 4
52.564 6
52.564 4
52.5688 6
52.5688 4
52.5712 6
52.5712 4
52.576 6
52.576 4
52.5808 6
52.5808 4
52.5856 6
52.5856 4
52.588 6
52.588 4
52.5928 6
52.5928 4
52.5976 6
52.5976 4
52.6024 6
52.6024 4
52.6048 6
52.6048 4
52.6096 6
52.6096 4
52.6144 6
52.6144 4
52.6192 6
52.6192 4
52.6216 6
52.6216 4
52.6265 6
52.6265 4
52.6313 6
52.6313 4
52.6361 6
52.6361 4
52.6385 6
52.6385 4
52.6433 6
52.6433 4
52.6481 6
52.6481 4
52.6529 6
52.6529 4
52.6553 6
52.6553 4
52.6601 6
52.6601 4
52.6649 6
52.6649 4
52.6697 6
52.6697 4
52.6757 6
52.6757 4
52.6805 6
52.6805 4
52.6829 6
52.6829 4
52.6877 6
52.6877 4
52.6925 6
52.6925 4
52.6973 6
52.6973 4
52.6997 6
52.6997 4
52.7046 6
52.7046 4
52.7094 6
52.7094 4
52.7142 6
52.7142 4
52.7166 6
52.7166 4
52.7214 6
52.7214 4
52.7262 6
52.7262 4
52.731 6
52.731 4
52.7334 6
52.7334 4
52.7382 6
52.7382 4
52.743 6
52.743 4
52.7478 6
52.7478 4
52.7502 6
52.7502 4
52.755 6
52.755 4
52.7598 6
52.7598 4
52.7646 6
52.7646 4
52.7694 6
52.7694 4
52.7742 6
52.7742 4
52.7767 6
52.7767 4
52.7815 6
52.7815 4
52.7863 6
52.7863 4
52.7911 6
52.7911 4
52.7935 6
52.7935 4
52.7983 6
52.7983 4
52.8031 6
52.8031 4
52.8079 6
52.8079 4
52.8103 6
52.8103 4
52.8151 6
52.8151 4
52.8199 6
52.8199 4
52.8235 6
52.8235 4
52.8271 6
52.8271 4
52.8319 6
52.8319 4
52.8367 6
52.8367 4
52.8415 6
52.8415 4
52.8439 6
52.8439 4
52.8487 6
52.8487 4
52.8536 6
52.8536 4
52.8584 6
52.8584 4
52.8608 6
52.8608 4
52.8656 6
52.8656 4
52.8704 6
52.8704 4
52.8752 6
52.8752 4
52.88 6
52.88 4
52.8824 6
52.8824 4
52.8872 6
52.8872 4
52.892 6
52.892 4
52.8968 6
52.8968 4
52.8992 6
52.8992 4
52.904 6
52.904 4
52.9088 6
52.9088 4
52.9136 6
52.9136 4
52.9184 6
52.9184 4
52.9208 6
52.9208 4
52.9257 6
52.9257 4
53.1293 5
53.1293 4
53.1792 356.148
53.1792 358.148
53.3828 359.148
53.4327 361.148
53.4375 363.148
53.4447 365.148
53.452 367.148
53.4568 369.148
53.464 371.148
53.4712 362.693
53.4784 350.388
53.4832 339.741
53.4904 330.782
53.4976 323.181
53.5048 316.887
53.5096 311.5
53.5168 307.143
53.524 303.807
53.5313 301.127
53.5361 298.901
53.5433 297.311
53.5505 296.276
53.5577 295.729
53.5625 295.25
53.5697 295.188
53.8196 297.188
54.1248 295.188
55.4058 289.713
56.2661 291.713
56.5725 289.713
57.0267 290.352
58.441 289
58.441 288
58.441 289
58.5263 288
58.6032 287
58.6501 286
58.7378 285
59.0406 286
59.0418 287
59.0454 288
59.0466 289
59.0514 290
59.0526 290.352
59.0719 289.352
59.0719 290.352
59.0911 289.352
59.0911 290.352
59.1403 289.352
59.1403 290.352
59.1824 289.352
59.1824 290.352
59.2076 289.352
59.2076 290.352
59.2869 67.4296
59.2869 68.4296
59.2905 69.4296
59.2917 70.4296
59.2929 220
59.5885 221
59.5921 222
59.5933 223
59.5981 224
59.5993 225
59.6017 226
59.6042 227
59.6078 228
59.6102 229
59.6126 230
59.6162 231
59.6174 232
59.6198 233
59.6222 234
59.6258 235
59.6282 236
59.6306 237
59.6342 238
59.6354 237
59.6354 238
59.6414 240
59.6582 242
59.6654 244
59.6702 246
59.675 248
59.6786 250
59.681 252
59.6834 254
59.6859 256
59.6883 258
59.6907 260
59.6931 262
59.6955 264
59.6979 266
59.7003 268
59.7027 270
59.7051 272
59.7075 274
59.7099 276
59.7123 278
59.7147 280
59.7171 282
59.7219 284
59.7267 286
59.7315 288
59.7363 290
59.7423 290.352
59.7772 67.4296
59.7772 69.4296
59.7844 71.4296
59.7892 73.4296
59.794 75.4296
59.7988 77.4296
59.8036 79.4296
59.8096 81.4296
59.8132 83.4296
59.8168 85.4296
59.8204 87.4296
59.8252 89.4296
59.83 91.4296
59.8336 93.4296
59.8373 95.4296
59.8433 97.4296
59.8481 99.4296
59.8517 101.43
59.8565 103.43
59.8589 105.43
59.8637 107.43
59.8685 109.43
59.8733 111.43
59.8781 113.43
59.8829 115.43
59.8877 117.43
59.8901 119.43
59.8949 121.43
59.8997 123.43
59.9045 125.43
59.9069 127.43
59.9118 129.43
59.9166 131.43
59.9214 133.43
59.9262 135.43
59.9298 137.43
59.9334 139.43
59.9382 141.43
59.943 143.43
59.9466 145.43
59.9514 147.43
59.955 149.43
59.9598 151.43
59.9646 153.43
59.9694 155.43
59.9742 157.43
59.9766 159.43
59.9814 161.43
59.9851 163.43
59.9899 165.43
59.9947 167.43
59.9995 169.43
60.0043 171.43
60.0067 173.43
60.0115 175.43
60.0163 177.43
60.0223 179.43
60.0259 181.43
60.0295 183.43
60.0343 185.43
60.0391 187.43
60.0439 189.43
60.0475 191.43
60.0511 193.43
60.0559 195.43
60.0608 197.43
60.0668 199.43
60.0716 201.43
60.0764 203.43
60.0812 205.43
60.0872 207.43
60.0908 209.43
60.0956 211.43
60.1004 213.43
60.1052 215.43
60.1088 217.43
60.1136 219.43
60.1196 221.43
60.1256 223.43
60.1316 225.43
60.134 227.43
60.1401 229.43
60.1461 231.43
60.1509 233.43
60.1581 235.43
60.1653 237.43
60.1677 239.43
60.1761 241.43
60.1785 243.43
60.1833 245.43
60.1881 247.43
60.1905 249.43
60.1953 251.43
60.1977 253.43
60.2001 255.43
60.2025 257.43
60.2049 259.43
60.2073 261.43
60.2097 263.43
60.2122 265.43
60.2146 267.43
60.217 269.43
60.2194 271.43
60.2218 273.43
60.2242 275.43
60.2266 277.43
60.229 279.43
60.2314 281.43
60.2338 283.43
60.2362 285.43
60.2386 287.43
60.2434 289.43
60.2458 290.352
60.2867 291.966
60.2951 292.307
60.3071 293.282
60.3167 294.249
61.1602 296.249
61.469 294.249
62.9218 296.249
62.9266 296.3
63.2174 297.294
63.5706 257.299
63.5706 4
63.5754 6
63.5754 4
63.5802 6
63.5802 4
63.585 6
63.585 4
63.5874 6
63.5874 4
63.5923 6
63.5923 4
63.5971 6
63.5971 4
63.6019 6
63.6019 4
63.6043 6
63.6043 4
63.6091 6
63.6091 4
63.6139 6
63.6139 4
63.6187 6
63.6187 4
63.6235 6
63.6235 4
63.6259 6
63.6259 4
63.6307 6
63.6307 4
63.6367 6
63.6367 4
63.6415 6
63.6415 4
63.6439 6
63.6439 4
63.6487 6
63.6487 4
63.6535 6
63.6535 4
63.6583 6
63.6583 4
63.6607 6
63.6607 4
63.6656 6
63.6656 4
63.6704 6
63.6704 4
63.6752 6
63.6752 4
63.6776 6
63.6776 4
63.6824 6
63.6824 4
63.6872 6
63.6872 4
63.692 6
63.692 4
63.6968 6
63.6968 4
63.6992 6
63.6992 4
63.704 6
63.704 4
63.71 6
63.71 4
63.7148 6
63.7148 4
63.7172 6
63.7172 4
63.722 6
63.722 4
63.7268 6
63.7268 4
63.7316 6
63.7316 4
63.734 6
63.734 4
63.7388 6
63.7388 4
63.7437 6
63.7437 4
63.7485 6
63.7485 4
63.7509 6
63.7509 4
63.7557 6
63.7557 4
63.7605 6
63.7605 4
63.7629 6
63.7629 4
63.7677 6
63.7677 4
63.7725 6
63.7725 4
63.7749 6
63.7749 4
63.7797 6
63.7797 4
63.7845 6
63.7845 4
63.7869 6
63.7869 4
63.7893 6
63.7893 4
63.7917 6
63.7917 4
63.7941 6
63.7941 4
63.7965 6
63.7965 4
63.7989 6
63.7989 4
63.8013 6
63.8013 4
63.8037 6
63.8037 4
63.8061 6
63.8061 4
63.8085 6
63.8085 4
63.8109 6
63.8109 4
63.817 6
63.817 4
63.8218 6
63.8218 4
63.8266 6
63.8266 4
63.8314 6
63.8314 4
63.8362 6
63.8362 4
63.8386 6
63.8386 4
63.8458 6
63.8458 4
63.8482 6
63.8482 4
63.853 6
63.853 4
63.8578 6
63.8578 4
63.8626 6
63.8626 4
63.8674 6
63.8674 4
63.871 6
63.871 4
63.8758 6
63.8758 4
63.8806 6
63.8806 4
63.8854 6
63.8854 4
63.8878 6
63.8878 4
63.8927 6
63.8927 4
63.8975 6
63.8975 4
63.9023 6
63.9023 4
63.9071 6
63.9071 4
63.9119 6
63.9119 4
63.9143 6
63.9143 4
63.9191 6
63.9191 4
63.9239 6
63.9239 4
63.9287 6
63.9287 4
63.9311 6
63.9311 4
63.9359 6
63.9359 4
63.9407 6
63.9407 4
63.9431 6
63.9431 4
63.9491 6
63.9491 4
63.9539 6
63.9539 4
63.9587 6
63.9587 4
63.9635 6
63.9635 4
63.966 6
63.966 4
63.9708 6
63.9708 4
63.9756 6
63.9756 4
63.9804 6
63.9804 4
63.9828 6
63.9828 4
63.9876 6
63.9876 4
63.9924 6
63.9924 4
63.9948 6
63.9948 4
63.9996 6
63.9996 4
64.0044 6
64.0044 4
64.0092 6
64.0092 4
64.0116 6
64.0116 4
64.0164 6
64.0164 4
64.0224 6
64.0224 4
64.0272 6
64.0272 4
64.032 6
64.032 4
64.0344 6
64.0344 4
64.0392 6
64.0392 4
64.0441 6
64.0441 4
64.0489 6
64.0489 4
64.0513 6
64.0513 4
64.0561 6
64.0561 4
64.0609 6
64.0609 4
64.0645 6
64.0645 4
64.0705 6
64.0705 4
64.0741 6
64.0741 4
64.0777 6
64.0777 4
64.0825 6
64.0825 4
64.0873 6
64.0873 4
64.0933 6
64.0933 4
64.2945 5
64.2945 4
64.3252 297.294
64.3252 299.294
64.5264 300.294
64.5631 302.294
64.568 304.294
64.5752 306.294
64.5824 308.294
64.5872 310.294
64.5956 312.294
64.6028 314.294
64.61 316.294
64.6148 318.294
64.622 313.541
64.6292 306.978
64.634 301.356
64.6413 296.8
64.6485 293.175
64.6557 290.245
64.6605 287.802
64.6677 286.027
64.6749 284.836
64.6809 284.035
64.6869 283.576
64.9296 285.576
65.2228 283.576
67.2511 285.576
67.5395 283.576
69.3179 282.581
69.5666 284.581
69.8586 282.581
71.8917 284.581
72.1801 282.581
72.5995 263
72.5995 262
72.5995 263
72.6451 262
72.7316 261
72.9167 262
72.9203 263
72.9215 264
72.9251 265
72.9263 266
72.9299 267
72.9311 268
72.9347 269
72.9371 270
72.9395 271
72.9407 272
72.9443 273
72.9491 274
72.9503 275
72.9539 276
72.9551 277
72.9587 278
72.9599 279
72.9636 280
72.9648 281
72.9684 282
72.9696 282.581
73.2207 281.581
73.2207 282.581
73.2663 281.581
73.2663 282.581
73.3529 67.4296
73.3529 68.4296
73.3565 70.4296
73.3601 72.4296
73.3637 74.4296
73.3661 76.4296
73.3685 78.4296
73.3709 80.4296
73.3733 82.4296
73.3757 84.4296
73.3781 86.4296
73.3805 88.4296
73.3829 90.4296
73.3853 92.4296
73.3877 94.4296
73.3901 96.4296
73.3925 98.4296
73.3949 100.43
73.3973 102.43
73.3997 104.43
73.4021 106.43
73.4045 108.43
73.4069 110.43
73.4093 112.43
73.4117 114.43
73.4141 116.43
73.4165 118.43
73.4189 120.43
73.4213 122.43
73.4237 124.43
73.4261 126.43
73.4286 128.43
73.431 130.43
73.4334 132.43
73.4358 134.43
73.4382 136.43
73.4406 138.43
73.443 140.43
73.4454 142.43
73.449 144.43
73.4538 146.43
73.4586 148.43
73.4634 150.43
73.4682 152.43
73.473 154.43
73.4766 156.43
73.4814 158.43
73.4862 160.43
73.491 162.43
73.4958 164.43
73.5006 166.43
73.5055 168.43
73.5091 170.43
73.5139 172.43
73.5175 174.43
73.5235 176.43
73.5283 178.43
73.5319 180.43
73.5367 182.43
73.5415 184.43
73.5463 186.43
73.5511 188.43
73.5559 190.43
73.5607 192.43
73.5655 194.43
73.5703 196.43
73.5751 198.43
73.5788 200.43
73.5836 202.43
73.5884 204.43
73.592 206.43
73.598 208.43
73.6028 210.43
73.6076 212.43
73.6112 214.43
73.6172 216.43
73.6208 218.43
73.6256 220.43
73.6292 222.43
73.6352 224.43
73.6388 226.43
73.6424 228.43
73.6472 230.43
73.652 232.43
73.6569 234.43
73.6605 236.43
73.6653 238.43
73.6689 240.43
73.6749 242.43
73.6785 244.43
73.6833 246.43
73.6869 248.43
73.6917 250.43
73.6953 252.43
73.6989 254.43
73.7037 256.43
73.7085 258.43
73.7121 260.43
73.7169 262.43
73.7217 264.43
73.7253 266.43
73.729 268.43
73.7338 270.43
73.7386 272.43
73.7434 274.43
73.7482 276.43
73.7506 278.43
73.7566 280.43
73.7614 282.43
73.7662 282.581
73.9609 279.782
74.2516 281.782
74.54 279.782
74.6914 244.584
74.6914 4
74.6938 6
74.6938 4
74.6986 6
74.6986 4
74.7034 6
74.7034 4
74.7083 6
74.7083 4
74.7131 6
74.7131 4
74.7155 6
74.7155 4
74.7227 6
74.7227 4
74.7251 6
74.7251 4
74.7299 6
74.7299 4
74.7359 6
74.7359 4
74.7407 6
74.7407 4
74.7431 6
74.7431 4
74.7479 6
74.7479 4
74.7527 6
74.7527 4
74.7575 6
74.7575 4
74.7599 6
74.7599 4
74.7647 6
74.7647 4
74.7695 6
74.7695 4
74.7719 6
74.7719 4
74.7767 6
74.7767 4
74.7791 6
74.7791 4
74.7852 6
74.7852 4
74.79 6
74.79 4
74.7948 6
74.7948 4
74.7972 6
74.7972 4
74.802 6
74.802 4
74.8044 6
74.8044 4
74.8092 6
74.8092 4
74.8116 6
74.8116 4
74.8164 6
74.8164 4
74.8212 6
74.8212 4
74.8236 6
74.8236 4
74.8284 6
74.8284 4
74.8308 6
74.8308 4
74.8368 6
74.8368 4
74.8416 6
74.8416 4
74.8464 6
74.8464 4
74.8512 6
74.8512 4
74.8536 6
74.8536 4
74.8585 6
74.8585 4
74.8633 6
74.8633 4
74.8657 6
74.8657 4
74.8705 6
74.8705 4
74.8729 6
74.8729 4
74.8777 6
74.8777 4
74.8837 6
74.8837 4
74.8861 6
74.8861 4
74.8909 6
74.8909 4
74.8933 6
74.8933 4
74.8981 6
74.8981 4
74.9029 6
74.9029 4
74.9077 6
74.9077 4
74.9125 6
74.9125 4
74.9173 6
74.9173 4
74.9221 6
74.9221 4
74.9245 6
74.9245 4
74.9306 6
74.9306 4
74.9354 6
74.9354 4
74.9402 6
74.9402 4
74.945 6
74.945 4
74.9498 6
74.9498 4
74.9546 6
74.9546 4
74.9594 6
74.9594 4
74.9642 6
74.9642 4
74.9702 6
74.9702 4
74.975 6
74.975 4
74.9798 6
74.9798 4
74.9846 6
74.9846 4
74.9882 6
74.9882 4
74.9918 6
74.9918 4
74.9966 6
74.9966 4
75.0014 6
75.0014 4
75.0063 6
75.0063 4
75.0111 6
75.0111 4
75.0135 6
75.0135 4
75.0195 6
75.0195 4
75.0243 6
75.0243 4
75.0267 6
75.0267 4
75.0315 6
75.0315 4
75.0339 6
75.0339 4
75.0387 6
75.0387 4
75.0435 6
75.0435 4
75.0459 6
75.0459 4
75.0507 6
75.0507 4
75.0531 6
75.0531 4
75.0579 6
75.0579 4
75.0627 6
75.0627 4
75.0687 6
75.0687 4
75.0711 6
75.0711 4
75.0759 6
75.0759 4
75.0808 6
75.0808 4
75.0832 6
75.0832 4
75.088 6
75.088 4
75.0928 6
75.0928 4
75.0952 6
75.0952 4
75.1 6
75.1 4
75.1048 6
75.1048 4
75.1072 6
75.1072 4
75.112 6
75.112 4
75.1144 6
75.1144 4
75.1192 6
75.1192 4
75.1252 6
75.1252 4
75.13 6
75.13 4
75.1348 6
75.1348 4
75.1396 6
75.1396 4
75.1444 6
75.1444 4
75.1492 6
75.1492 4
75.154 6
75.154 4
75.1589 6
75.1589 4
75.1649 6
75.1649 4
75.1721 6
75.1721 4
75.1769 6
75.1769 4
75.1817 6
75.1817 4
75.1865 6
75.1865 4
75.1913 6
75.1913 4
75.1961 6
75.1961 4
75.2009 6
75.2009 4
75.2069 6
75.2069 4
75.2117 6
75.2117 4
75.2165 6
75.2165 4
75.2213 6
75.2213 4
75.2261 6
75.2261 4
75.231 6
75.231 4
75.2358 6
75.2358 4
75.2406 6
75.2406 4
75.2466 6
75.2466 4
75.2538 6
75.2538 4
75.455 5
75.455 4
75.5314 282.581
75.5314 284.581
75.7326 285.581
75.8197 287.581
75.8245 289.581
75.8293 291.581
75.8366 293.581
75.8438 295.581
75.8522 297.581
75.857 299.581
75.8642 301.581
75.8714 303.581
75.8786 305.581
75.8834 307.581
75.8906 309.581
75.8978 311.581
75.905 313.581
75.9099 315.581
75.9183 317.581
75.9255 319.581
75.9327 321.524
75.9375 320.769
75.9447 320.456
75.9519 320.417
76.9204 322.417
77.2629 320.417
77.6534 282
77.6534 281
77.6534 282
77.6774 281
77.7399 280
77.788 279
77.8096 278
77.8565 277
77.8721 276
78.0619 277
78.0655 278
78.0692 279
78.0704 280
78.074 281
78.0752 282
78.0788 283
78.08 284
78.0836 285
78.0872 286
78.0884 287
78.092 288
78.0932 289
78.0968 290
78.098 291
78.1016 292
78.1028 293
78.1064 294
78.11 295
78.1112 296
78.1148 297
78.116 298
78.1196 299
78.1208 300
78.1244 301
78.128 302
78.1292 303
78.1328 304
78.134 305
78.1376 306
78.1388 307
78.1425 308
78.1461 309
78.1497 310
78.1509 311
78.1533 312
78.1557 313
78.1569 314
78.1605 315
78.1617 316
78.1665 317
78.1677 318
78.1713 319
78.1725 320
78.1761 321
78.1773 322
78.1809 323
78.1821 324
78.1857 325
78.1869 326
78.1905 327
78.1917 328
78.1953 329
78.1965 330
78.2001 331
78.2013 332
78.2025 333
78.2061 334
78.2073 335
78.2085 336
78.2121 337
78.2133 337.91
78.241 336.91
78.241 337.91
78.2566 336.91
78.2566 337.91
78.2914 336.91
78.2914 337.91
78.3191 336.91
78.3191 337.91
78.3311 336.91
78.3311 337.91
78.3683 336.91
78.3683 337.91
78.3839 67.4296
78.3839 68.4296
78.3876 70.4296
78.3912 72.4296
78.3948 74.4296
78.3984 76.4296
78.402 78.4296
78.4068 80.4296
78.4116 82.4296
78.4152 84.4296
78.42 86.4296
78.4248 88.4296
78.4284 90.4296
78.4344 92.4296
78.438 94.4296
78.4428 96.4296
78.4476 98.4296
78.4524 100.43
78.4572 102.43
78.4621 104.43
78.4669 106.43
78.4717 108.43
78.4753 110.43
78.4789 112.43
78.4849 114.43
78.4885 116.43
78.4933 118.43
78.4981 120.43
78.5029 122.43
78.5089 124.43
78.5125 126.43
78.5173 128.43
78.5221 130.43
78.5257 132.43
78.5305 134.43
78.5354 136.43
78.5402 138.43
78.545 140.43
78.5498 142.43
78.5546 144.43
78.5594 146.43
78.563 148.43
78.5678 150.43
78.5726 152.43
78.5762 154.43
78.581 156.43
78.5858 158.43
78.5906 160.43
78.5954 162.43
78.6002 164.43
78.605 166.43
78.6086 168.43
78.6123 170.43
78.6183 172.43
78.6219 174.43
78.6267 176.43
78.6315 178.43
78.6363 180.43
78.6411 182.43
78.6459 184.43
78.6495 186.43
78.6543 188.43
78.6579 190.43
78.6639 192.43
78.6675 194.43
78.6723 196.43
78.6771 198.43
78.6819 200.43
78.6868 202.43
78.6916 204.43
78.6952 206.43
78.7 208.43
78.7036 210.43
78.7096 212.43
78.7144 214.43
78.718 216.43
78.7228 218.43
78.7264 220.43
78.7312 222.43
78.736 224.43
78.7408 226.43
78.7456 228.43
78.748 230.43
78.7528 232.43
78.7576 234.43
78.7601 236.43
78.7757 238.43
78.7829 240.43
78.7865 242.43
78.7901 244.43
78.7937 246.43
78.7973 248.43
78.8009 250.43
78.8045 252.43
78.8069 254.43
78.8093 256.43
78.8117 258.43
78.8141 260.43
78.8165 262.43
78.8189 264.43
78.8213 266.43
78.8237 268.43
78.8261 270.43
78.8285 272.43
78.8309 274.43
78.8333 276.43
78.8358 278.43
78.8382 280.43
78.8406 282.43
78.843 284.43
78.8454 286.43
78.8478 288.43
78.8502 290.43
78.8526 292.43
78.855 294.43
78.8574 296.43
78.861 298.43
78.8646 300.43
78.8682 302.43
78.8718 304.43
78.8754 306.43
78.8802 308.43
78.8838 310.43
78.8874 312.43
78.891 314.43
78.8958 316.43
78.9006 318.43
79.004 320.43
79.0112 322.43
79.0136 324.43
79.0184 326.43
79.0232 328.43
79.028 330.43
79.0328 332.43
79.0352 334.43
79.04 336.43
79.0448 337.91
79.6853 339.91
80.0277 337.91
80.6261 337.931
82.4093 339.931
82.7518 337.931
83.1111 291
83.1111 290
83.1111 291
83.1387 290
83.194 289
83.2216 288
83.2661 287
83.2913 286
83.3117 285
83.3141 284
83.5797 285
83.5833 286
83.5845 287
83.5881 288
83.5893 289
83.5929 290
83.5941 291
83.5977 292
83.5989 293
83.6001 294
83.6037 295
83.6049 296
83.6085 297
83.6097 298
83.6133 299
83.6145 300
83.6181 301
83.6193 302
83.6229 303
83.6241 304
83.6254 305
83.629 306
83.6302 307
83.6338 308
83.635 309
83.6374 310
83.6398 311
83.641 312
83.6446 313
83.6458 314
83.6494 315
83.6506 316
83.6518 317
83.6554 318
83.659 319
83.6602 320
83.6614 321
83.665 322
83.6662 323
83.6698 324
83.671 325
83.6734 326
83.6746 327
83.6758 328
83.6782 329
83.6794 330
83.6818 331
83.683 332
83.6842 331
83.6842 332
83.6866 333
83.6878 334
83.689 335
83.6914 336
83.6926 337
83.695 338
83.6962 339
83.6974 340
83.6986 341
83.6999 342
83.7023 343
83.7047 344
83.7059 343
83.7059 344
83.7071 345
83.7095 346
83.7107 347
83.7131 348
83.7143 349
83.7155 350
83.7179 351
83.7191 352
83.7203 353
83.7215 354
83.7227 355
83.7239 356
83.7251 357
83.7263 358
83.7275 359
83.7287 359.319
83.7431 358.319
83.7431 359.319
83.7599 358.319
83.7599 359.319
83.7876 358.319
83.7876 359.319
83.8032 358.319
83.8032 359.319
83.8176 358.319
83.8176 359.319
83.8212 67.4296
83.8212 68.4296
83.8248 70.4296
83.8284 72.4296
83.832 74.4296
83.8356 76.4296
83.8404 78.4296
83.844 80.4296
83.8476 82.4296
83.8524 84.4296
83.856 86.4296
83.8596 88.4296
83.8644 90.4296
83.8693 92.4296
83.8717 94.4296
83.8765 96.4296
83.8801 98.4296
83.8837 100.43
83.8885 102.43
83.8933 104.43
83.8981 106.43
83.9017 108.43
83.9065 110.43
83.9101 112.43
83.9149 114.43
83.9185 116.43
83.9221 118.43
83.9269 120.43
83.9317 122.43
83.9365 124.43
83.9401 126.43
83.9438 128.43
83.9486 130.43
83.9522 132.43
83.957 134.43
83.9606 136.43
83.9654 138.43
83.9702 140.43
83.9738 142.43
83.9786 144.43
83.9822 146.43
83.987 148.43
83.9918 150.43
83.9954 152.43
83.999 154.43
84.0038 156.43
84.0086 158.43
84.0122 160.43
84.0158 162.43
84.0207 164.43
84.0255 166.43
84.0303 168.43
84.0339 170.43
84.0375 172.43
84.0423 174.43
84.0471 176.43
84.0519 178.43
84.0567 180.43
84.0615 182.43
84.0663 184.43
84.0699 186.43
84.0735 188.43
84.0783 190.43
84.0831 192.43
84.0879 194.43
84.0928 196.43
84.0976 198.43
84.1024 200.43
84.1072 202.43
84.1108 204.43
84.1144 206.43
84.1192 208.43
84.124 210.43
84.1276 212.43
84.1312 214.43
84.136 216.43
84.1408 218.43
84.1444 220.43
84.148 222.43
84.1528 224.43
84.1576 226.43
84.1612 228.43
84.1648 230.43
84.1697 232.43
84.1745 234.43
84.1781 236.43
84.1817 238.43
84.1865 240.43
84.1913 242.43
84.1937 244.43
84.1985 246.43
84.2033 248.43
84.2069 250.43
84.2105 252.43
84.2153 254.43
84.2177 256.43
84.2213 258.43
84.2249 260.43
84.2285 262.43
84.2309 264.43
84.2357 266.43
84.2393 268.43
84.243 270.43
84.2454 272.43
84.249 274.43
84.2514 276.43
84.2538 278.43
84.2562 280.43
84.2586 282.43
84.261 284.43
84.2634 286.43
84.2658 288.43
84.2682 290.43
84.2706 292.43
84.273 294.43
84.2754 296.43
84.2778 298.43
84.2802 300.43
84.2826 302.43
84.285 304.43
84.2874 306.43
84.2898 308.43
84.2922 310.43
84.2946 312.43
84.297 314.43
84.2994 316.43
84.3018 318.43
84.3042 320.43
84.3066 322.43
84.3102 324.43
84.3138 326.43
84.4124 328.43
84.4184 330.43
84.4232 332.43
84.4256 334.43
84.4304 336.43
84.4352 338.43
84.44 340.43
84.4424 342.43
84.4472 344.43
84.452 346.43
84.4568 348.43
84.4616 350.43
84.464 352.43
84.4689 354.43
84.4737 356.43
84.4773 358.43
84.4809 359.319
85.1309 361.319
85.471 359.319
85.954 305.852
85.954 4
85.9564 6
85.9564 4
85.9612 6
85.9612 4
85.966 6
85.966 4
85.9684 6
85.9684 4
85.9733 6
85.9733 4
85.9757 6
85.9757 4
85.9805 6
85.9805 4
85.9829 6
85.9829 4
85.9889 6
85.9889 4
85.9913 6
85.9913 4
85.9961 6
85.9961 4
85.9985 6
85.9985 4
86.0033 6
86.0033 4
86.0057 6
86.0057 4
86.0105 6
86.0105 4
86.0129 6
86.0129 4
86.0177 6
86.0177 4
86.0201 6
86.0201 4
86.0249 6
86.0249 4
86.0273 6
86.0273 4
86.0321 6
86.0321 4
86.0345 6
86.0345 4
86.0393 6
86.0393 4
86.0417 6
86.0417 4
86.0466 6
86.0466 4
86.049 6
86.049 4
86.0538 6
86.0538 4
86.0562 6
86.0562 4
86.0622 6
86.0622 4
86.0646 6
86.0646 4
86.0694 6
86.0694 4
86.0742 6
86.0742 4
86.079 6
86.079 4
86.0838 6
86.0838 4
86.0862 6
86.0862 4
86.0934 6
86.0934 4
86.0982 6
86.0982 4
86.1006 6
86.1006 4
86.1054 6
86.1054 4
86.1102 6
86.1102 4
86.115 6
86.115 4
86.1211 6
86.1211 4
86.1259 6
86.1259 4
86.1283 6
86.1283 4
86.1331 6
86.1331 4
86.1379 6
86.1379 4
86.1427 6
86.1427 4
86.1475 6
86.1475 4
86.1499 6
86.1499 4
86.1547 6
86.1547 4
86.1595 6
86.1595 4
86.1643 6
86.1643 4
86.1691 6
86.1691 4
86.1715 6
86.1715 4
86.1775 6
86.1775 4
86.1823 6
86.1823 4
86.1871 6
86.1871 4
86.1919 6
86.1919 4
86.1968 6
86.1968 4
86.2016 6
86.2016 4
86.2064 6
86.2064 4
86.2088 6
86.2088 4
86.216 6
86.216 4
86.2184 6
86.2184 4
86.2208 6
86.2208 4
86.2232 6
86.2232 4
86.2256 6
86.2256 4
86.2304 6
86.2304 4
86.2352 6
86.2352 4
86.2376 6
86.2376 4
86.2436 6
86.2436 4
86.2484 6
86.2484 4
86.2532 6
86.2532 4
86.2556 6
86.2556 4
86.2604 6
86.2604 4
86.2652 6
86.2652 4
86.2701 6
86.2701 4
86.2749 6
86.2749 4
86.2797 6
86.2797 4
86.2845 6
86.2845 4
86.2869 6
86.2869 4
86.2929 6
86.2929 4
86.2977 6
86.2977 4
86.3049 6
86.3049 4
86.3073 6
86.3073 4
86.3121 6
86.3121 4
86.3169 6
86.3169 4
86.3217 6
86.3217 4
86.3265 6
86.3265 4
86.3313 6
86.3313 4
86.3337 6
86.3337 4
86.3385 6
86.3385 4
86.3433 6
86.3433 4
86.3494 6
86.3494 4
86.3542 6
86.3542 4
86.3566 6
86.3566 4
86.3638 6
86.3638 4
86.3662 6
86.3662 4
86.371 6
86.371 4
86.3758 6
86.3758 4
86.3782 6
86.3782 4
86.383 6
86.383 4
86.3854 6
86.3854 4
86.3902 6
86.3902 4
86.3926 6
86.3926 4
86.3974 6
86.3974 4
86.4022 6
86.4022 4
86.4082 6
86.4082 4
86.413 6
86.413 4
86.4154 6
86.4154 4
86.4203 6
86.4203 4
86.4251 6
86.4251 4
86.4275 6
86.4275 4
86.4323 6
86.4323 4
86.4371 6
86.4371 4
86.4395 6
86.4395 4
86.4443 6
86.4443 4
86.4479 6
86.4479 4
86.4515 6
86.4515 4
86.4563 6
86.4563 4
86.4587 6
86.4587 4
86.4635 6
86.4635 4
86.4659 6
86.4659 4
86.4707 6
86.4707 4
86.4767 6
86.4767 4
86.4791 6
86.4791 4
86.4839 6
86.4839 4
86.4887 6
86.4887 4
86.4911 6
86.4911 4
86.496 6
86.496 4
86.5008 6
86.5008 4
86.5032 6
86.5032 4
86.508 6
86.508 4
86.5104 6
86.5104 4
86.514 6
86.514 4
86.7164 5
86.7164 4
86.7639 359.319
86.7639 361.319
86.9675 362.319
87.0211 364.319
87.0259 366.319
87.0307 368.319
87.0379 370.319
87.0427 372.319
87.0499 374.319
87.0559 376.319
87.0619 378.319
87.0691 372.235
87.0739 362.595
87.0811 354.684
87.0859 347.762
87.0931 342.36
87.1004 338.026
87.1052 334.365
87.1124 331.553
87.1172 329.225
87.1244 327.711
87.1328 326.91
87.1376 326.34
87.1448 326.234
88.0268 328.234
88.3368 326.234
88.5579 321.51
88.8775 289
88.8775 288
88.8775 289
88.8956 288
88.9052 287
88.9124 286
88.9244 285
88.94 284
89.1695 285
89.1707 286
89.1743 287
89.1755 288
89.1791 289
89.1803 290
89.184 291
89.1852 292
89.1888 293
89.19 294
89.1912 295
89.1948 296
89.196 297
89.1996 298
89.2008 299
89.2044 300
89.2056 301
89.2092 302
89.2104 303
89.2116 304
89.2152 305
89.2164 306
89.22 307
89.2212 308
89.2248 309
89.226 310
89.2296 311
89.2308 312
89.232 313
89.2356 314
89.2368 315
89.238 316
89.2416 317
89.2428 318
89.244 319
89.2476 320
89.2488 321
89.25 321.51
89.4603 320.51
89.4603 321.51
89.4759 320.51
89.4759 321.51
89.4819 320.51
89.4819 321.51
89.4867 320.51
89.4867 321.51
89.494 320.51
89.494 321.51
89.5036 67.4296
89.5036 68.4296
89.506 70.4296
89.5084 72.4296
89.5108 74.4296
89.5132 76.4296
89.5156 78.4296
89.518 80.4296
89.5204 82.4296
89.5228 84.4296
89.5252 86.4296
89.5276 88.4296
89.53 90.4296
89.5324 92.4296
89.5348 94.4296
89.5372 96.4296
89.5396 98.4296
89.542 100.43
89.5444 102.43
89.5468 104.43
89.5516 106.43
89.5564 108.43
89.5612 110.43
89.566 112.43
89.5708 114.43
89.5757 116.43
89.5805 118.43
89.5853 120.43
89.5901 122.43
89.5949 124.43
89.5997 126.43
89.6033 128.43
89.6069 130.43
89.6141 132.43
89.6201 134.43
89.6249 136.43
89.6297 138.43
89.6345 140.43
89.6393 142.43
89.6441 144.43
89.6489 146.43
89.6538 148.43
89.6586 150.43
89.6634 152.43
89.667 154.43
89.6718 156.43
89.6754 158.43
89.6802 160.43
89.685 162.43
89.6898 164.43
89.6946 166.43
89.6994 168.43
89.7042 170.43
89.7078 172.43
89.7114 174.43
89.7162 176.43
89.7198 178.43
89.7247 180.43
89.7283 182.43
89.7331 184.43
89.7379 186.43
89.7415 188.43
89.7451 190.43
89.7499 192.43
89.7547 194.43
89.7595 196.43
89.7619 198.43
89.7667 200.43
89.7703 202.43
89.7739 204.43
89.7787 206.43
89.7823 208.43
89.7859 210.43
89.7895 212.43
89.7931 214.43
89.7979 216.43
89.8016 218.43
89.8052 220.43
89.8088 222.43
89.8124 224.43
89.8172 226.43
89.8196 228.43
89.8244 230.43
89.828 232.43
89.8316 234.43
89.8364 236.43
89.8388 238.43
89.8436 240.43
89.8472 242.43
89.8508 244.43
89.8556 246.43
89.858 248.43
89.8628 250.43
89.8664 252.43
89.87 254.43
89.8736 256.43
89.8773 258.43
89.8821 260.43
89.8845 262.43
89.8893 264.43
89.8929 266.43
89.8965 268.43
89.9013 270.43
89.9037 272.43
89.9085 274.43
89.9133 276.43
89.9157 278.43
89.9205 280.43
89.9229 282.43
89.9277 284.43
89.9313 286.43
89.9349 288.43
89.9397 290.43
89.9421 292.43
89.9469 294.43
89.9493 296.43
89.953 298.43
89.9566 300.43
89.959 302.43
89.9626 304.43
89.965 306.43
89.9686 308.43
89.9722 310.43
89.9746 312.43
89.9782 314.43
89.9806 316.43
89.9842 318.43
89.9878 320.43
89.9914 321.51
90.5033 323.51
90.8109 321.51
91.0428 318.47
92.9762 320.47
93.285 318.47
93.75 275
93.75 274
93.75 275
93.9711 276
93.9747 277
93.9759 278
93.9771 279
93.9807 280
93.9819 281
93.9855 282
93.9867 283
93.9879 284
93.9915 285
93.9927 286
93.9963 287
94 288
94.0012 289
94.0048 290
94.006 291
94.0096 292
94.0108 293
94.0144 294
94.0156 295
94.0168 296
94.0216 297
94.0228 298
94.0264 299
94.0276 300
94.0312 301
94.0324 302
94.0336 303
94.0372 304
94.0384 305
94.042 306
94.0432 307
94.0444 308
94.048 309
94.0492 310
94.0528 311
94.054 312
94.0576 313
94.0588 314
94.06 315
94.0636 316
94.0648 317
94.0684 318
94.0696 318.47
94.3184 67.4296
94.3184 68.4296
94.3208 70.4296
94.3232 72.4296
94.3256 74.4296
94.328 76.4296
94.3304 78.4296
94.334 80.4296
94.3364 82.4296
94.3388 84.4296
94.3412 86.4296
94.3436 88.4296
94.346 90.4296
94.3484 92.4296
94.3508 94.4296
94.3532 96.4296
94.3556 98.4296
94.358 100.43
94.3604 102.43
94.3628 104.43
94.3652 106.43
94.3676 108.43
94.37 110.43
94.3724 112.43
94.3748 114.43
94.3772 116.43
94.3796 118.43
94.3821 120.43
94.3845 122.43
94.3869 124.43
94.3893 126.43
94.3917 128.43
94.3941 130.43
94.3965 132.43
94.4013 134.43
94.4049 136.43
94.4085 138.43
94.4133 140.43
94.4181 142.43
94.4217 144.43
94.4277 146.43
94.4325 148.43
94.4373 150.43
94.4421 152.43
94.4457 154.43
94.4517 156.43
94.4553 158.43
94.459 160.43
94.4638 162.43
94.4686 164.43
94.4734 166.43
94.4782 168.43
94.483 170.43
94.4878 172.43
94.4914 174.43
94.495 176.43
94.4998 178.43
94.5046 180.43
94.5082 182.43
94.513 184.43
94.5178 186.43
94.5214 188.43
94.5262 190.43
94.5311 192.43
94.5347 194.43
94.5395 196.43
94.5443 198.43
94.5479 200.43
94.5515 202.43
94.5563 204.43
94.5611 206.43
94.5635 208.43
94.5683 210.43
94.5731 212.43
94.5779 214.43
94.5803 216.43
94.5851 218.43
94.5899 220.43
94.5935 222.43
94.5971 224.43
94.6019 226.43
94.6068 228.43
94.6104 230.43
94.614 232.43
94.6188 234.43
94.6236 236.43
94.6272 238.43
94.6308 240.43
94.6356 242.43
94.6404 244.43
94.644 246.43
94.6488 248.43
94.6524 250.43
94.6572 252.43
94.6608 254.43
94.6656 256.43
94.6704 258.43
94.674 260.43
94.6788 262.43
94.6825 264.43
94.6861 266.43
94.6909 268.43
94.6957 270.43
94.7005 272.43
94.7029 274.43
94.7077 276.43
94.7113 278.43
94.7149 280.43
94.7197 282.43
94.7221 284.43
94.7269 286.43
94.7305 288.43
94.7341 290.43
94.7389 292.43
94.7413 294.43
94.7461 296.43
94.7497 298.43
94.7545 300.43
94.757 302.43
94.7618 304.43
94.7666 306.43
94.769 308.43
94.7738 310.43
94.7774 312.43
94.781 314.43
94.7846 315.185
95.4479 317.185
95.7555 315.185
96.271 315.941
96.2758 317.941
96.2782 318.261
96.2926 318.444
97.1457 267.218
97.1457 4
97.1481 6
97.1481 4
97.1529 6
97.1529 4
97.1553 6
97.1553 4
97.1602 6
97.1602 4
97.1626 6
97.1626 4
97.1674 6
97.1674 4
97.1698 6
97.1698 4
97.1746 6
97.1746 4
97.1794 6
97.1794 4
97.1818 6
97.1818 4
97.1866 6
97.1866 4
97.189 6
97.189 4
97.1938 6
97.1938 4
97.1986 6
97.1986 4
97.201 6
97.201 4
97.2058 6
97.2058 4
97.2106 6
97.2106 4
97.213 6
97.213 4
97.2178 6
97.2178 4
97.2226 6
97.2226 4
97.225 6
97.225 4
97.2322 6
97.2322 4
97.2347 6
97.2347 4
97.2395 6
97.2395 4
97.2443 6
97.2443 4
97.2467 6
97.2467 4
97.2515 6
97.2515 4
97.2551 6
97.2551 4
97.2587 6
97.2587 4
97.2635 6
97.2635 4
97.2683 6
97.2683 4
97.2719 6
97.2719 4
97.2755 6
97.2755 4
97.2815 6
97.2815 4
97.2839 6
97.2839 4
97.2887 6
97.2887 4
97.2935 6
97.2935 4
97.2959 6
97.2959 4
97.3007 6
97.3007 4
97.3055 6
97.3055 4
97.3104 6
97.3104 4
97.3128 6
97.3128 4
97.3176 6
97.3176 4
97.3224 6
97.3224 4
97.3272 6
97.3272 4
97.3296 6
97.3296 4
97.3344 6
97.3344 4
97.3392 6
97.3392 4
97.344 6
97.344 4
97.3464 6
97.3464 4
97.3512 6
97.3512 4
97.356 6
97.356 4
97.3608 6
97.3608 4
97.3632 6
97.3632 4
97.368 6
97.368 4
97.3728 6
97.3728 4
97.3752 6
97.3752 4
97.38 6
97.38 4
97.3849 6
97.3849 4
97.3897 6
97.3897 4
97.3921 6
97.3921 4
97.3969 6
97.3969 4
97.4017 6
97.4017 4
97.4041 6
97.4041 4
97.4089 6
97.4089 4
97.4137 6
97.4137 4
97.4173 6
97.4173 4
97.4209 6
97.4209 4
97.4257 6
97.4257 4
97.4305 6
97.4305 4
97.4329 6
97.4329 4
97.4377 6
97.4377 4
97.4425 6
97.4425 4
97.4449 6
97.4449 4
97.4497 6
97.4497 4
97.4557 6
97.4557 4
97.4606 6
97.4606 4
97.463 6
97.463 4
97.4678 6
97.4678 4
97.4726 6
97.4726 4
97.475 6
97.475 4
97.4798 6
97.4798 4
97.4846 6
97.4846 4
97.487 6
97.487 4
97.4942 6
97.4942 4
97.4966 6
97.4966 4
97.5014 6
97.5014 4
97.5062 6
97.5062 4
97.5086 6
97.5086 4
97.5134 6
97.5134 4
97.5182 6
97.5182 4
97.5206 6
97.5206 4
97.5254 6
97.5254 4
97.5302 6
97.5302 4
97.5351 6
97.5351 4
97.5375 6
97.5375 4
97.5423 6
97.5423 4
97.5471 6
97.5471 4
97.5495 6
97.5495 4
97.5543 6
97.5543 4
97.5591 6
97.5591 4
97.5627 6
97.5627 4
97.5663 6
97.5663 4
97.5711 6
97.5711 4
97.5735 6
97.5735 4
97.5783 6
97.5783 4
97.5831 6
97.5831 4
97.5879 6
97.5879 4
97.5903 6
97.5903 4
97.5951 6
97.5951 4
97.5999 6
97.5999 4
97.6023 6
97.6023 4
97.6071 6
97.6071 4
97.612 6
97.612 4
97.6144 6
97.6144 4
97.6192 6
97.6192 4
97.6216 6
97.6216 4
97.6264 6
97.6264 4
97.6312 6
97.6312 4
97.6336 6
97.6336 4
97.6384 6
97.6384 4
97.6408 6
97.6408 4
97.6456 6
97.6456 4
97.6504 6
97.6504 4
97.6528 6
97.6528 4
97.6576 6
97.6576 4
97.6624 6
97.6624 4
97.6648 6
97.6648 4
97.6696 6
97.6696 4
97.672 6
97.672 4
97.8756 5
97.8756 4
97.8943 318.47
97.8943 320.47
98.0979 321.47
98.1178 323.47
98.1226 325.47
98.1298 327.47
98.1346 329.47
98.1419 331.47
98.1491 333.47
98.1539 335.47
98.1611 337.47
98.1671 329.442
98.1731 320.312
98.1803 312.706
98.1851 306.18
98.1923 300.852
98.1995 296.573
98.2043 292.957
98.2116 290.176
98.2188 288.254
98.2236 286.7
98.2308 285.723
98.2356 284.996
98.2428 284.743
99.019 286.743
99.293 284.743
