0.200158 10
0.402811 11
0.407617 13
0.412424 15
0.41723 17
0.422037 19
0.604305 21
0.609111 23
0.611514 25
0.615119 27
0.617522 29
0.621127 31
0.62353 33
0.625934 35
0.628337 37
0.805799 39
0.808202 41
0.810605 43
0.813008 45
0.816613 47
0.819016 49
0.821419 51
0.823823 53
0.826226 55
0.828629 57
0.832234 59
0.834637 61
0.83704 63
0.839443 65
0.841847 67
0.84425 69
0.847855 71
0.850258 73
1.00729 75
1.0097 77
1.0121 79
1.0145 81
1.01811 83
1.02051 85
1.02291 87
1.02652 89
1.02892 91
1.03132 93
1.03493 95
1.03733 97
1.03974 99
1.04214 101
1.04454 103
1.04695 105
1.04935 107
1.05175 109
1.05415 111
1.05656 113
1.06016 115
1.06257 117
1.06497 119
1.06737 121
1.07098 123
1.07338 125
1.07578 127
1.07939 129
1.08179 131
1.08419 133
1.0878 135
1.0902 137
1.09261 139
1.09501 141
1.09741 143
1.09982 145
1.20879 147
1.21119 149
1.21479 151
1.2172 153
1.2208 155
1.22321 157
1.22681 159
1.22921 161
1.23282 163
1.23522 165
1.23883 167
1.24123 169
1.24483 171
1.24724 173
1.25084 175
1.25325 177
1.25685 179
1.25925 181
1.26166 183
1.26526 185
1.26887 187
1.27127 189
1.27487 191
1.27728 193
1.27968 195
1.28329 197
1.28569 199
1.28809 201
1.2917 203
1.2941 205
1.2977 207
1.30011 209
1.30371 211
1.30612 213
1.30972 215
1.31212 217
1.31573 219
1.31813 221
1.32053 223
1.32414 225
1.32774 227
1.33015 229
1.33375 231
1.33616 233
1.33976 235
1.34216 237
1.34577 239
1.34817 241
1.35178 243
1.35418 245
1.35658 247
1.35899 249
1.36139 251
1.36379 253
1.3674 255
1.3698 257
1.37341 259
1.37581 261
1.37941 263
1.38182 265
1.38542 267
1.38782 269
1.39023 271
1.39263 273
1.39503 275
1.39744 277
1.39984 279
1.40224 281
1.40465 283
1.40705 285
1.40945 287
1.41186 289
1.48275 291
1.48515 293
1.48876 295
1.49116 297
1.49597 299
1.49837 301
1.50318 303
1.50558 305
1.51039 307
1.51279 309
1.5164 311
1.5188 313
1.52361 315
1.52601 317
1.53081 319
1.53322 321
1.53802 323
1.54043 325
1.54403 327
1.54764 329
1.55244 331
1.55485 333
1.55845 335
1.56085 337
1.56566 339
1.56927 341
1.57287 343
1.57527 345
1.58008 347
1.58248 349
1.58729 351
1.58969 353
1.5945 355
1.5969 357
1.60171 359
1.60411 361
1.60772 363
1.61012 365
1.61613 367
1.61853 369
1.62334 371
1.62574 373
1.63055 375
1.63295 377
1.63776 379
1.64016 381
1.64377 383
1.64737 385
1.65097 387
1.65338 389
1.65818 391
1.66179 393
1.66539 395
1.6678 397
1.6726 399
1.67501 401
1.67861 403
1.68101 405
1.68342 407
1.68582 409
1.68943 411
1.69303 413
1.69664 415
1.69904 417
1.70264 419
1.70505 421
1.70745 423
1.70985 425
1.71346 427
1.71706 429
1.72067 431
1.72307 433
1.72668 435
1.72908 437
1.73148 439
1.73389 441
1.73629 443
1.73869 445
1.7423 447
1.7459 449
1.75071 451
1.75311 453
1.75551 455
1.75792 457
1.76152 459
1.76513 461
1.76873 463
1.77113 465
1.77474 467
1.77714 469
1.77955 471
1.78195 473
1.78555 475
1.78916 477
1.79276 479
1.79517 481
1.79877 483
1.80117 485
1.80358 487
1.80598 489
1.80838 491
1.81079 493
1.81319 495
1.81559 497
1.818 499
1.8204 501
1.8228 503
1.82521 505
1.82881 507
1.83242 509
1.83602 511
1.83842 513
1.84203 515
1.84443 517
1.84684 519
1.84924 521
1.85284 523
1.85645 525
1.86005 527
1.86246 529
1.86606 531
1.86846 533
1.87087 535
1.87327 537
1.87567 539
1.87808 541
1.88048 543
1.88288 545
1.88529 547
1.88769 549
1.89009 551
1.8925 553
1.8949 555
1.8973 557
1.89971 559
1.90211 561
1.90451 563
1.90692 565
1.90932 567
1.91172 569
1.91413 571
1.91653 573
1.91893 575
1.92133 577
1.98742 579
1.98983 581
1.99463 583
1.99704 585
2.00304 587
2.00545 589
2.01025 591
2.01266 593
2.01987 595
2.06312 596
2.10638 597
2.14964 598
2.1941 599
2.20372 594
2.20493 593.395
2.20613 593.092
2.20974 591.789
2.21094 590
2.21215 587
2.21335 586
2.21695 583.169
2.21815 582.867
2.21935 579
2.22056 578
2.22416 575
2.22536 574.247
2.22656 571.944
2.22777 570
2.23137 567
2.23257 566
2.23377 563.325
2.23498 563.021
2.23858 560
2.23978 559
2.24098 556
2.24459 552
2.24579 551.099
2.24699 548
2.24819 547
2.24939 546
2.253 544
2.2542 543.176
2.2554 540
2.2566 539
2.26021 536
2.26141 535
2.26261 532.254
2.26381 531
2.26742 528
2.26862 527
2.26982 524
2.27102 523.331
2.27463 520
2.27583 519
2.27703 516
2.27823 512
2.28184 511
2.28304 510
2.28424 508
2.28785 504
2.28905 503
2.29265 500
2.29626 499
2.29746 496
2.29866 492
2.30227 488
2.30347 487
2.30467 484
2.30587 483
2.30707 480
2.30827 479
2.30947 476
2.31068 475
2.31188 474
2.31308 472
2.31428 471.021
2.31548 468
2.31668 467
2.32029 464
2.32149 463
2.32269 460.099
2.32389 456
2.3275 455
2.3287 454
2.3299 452
2.3311 448.177
2.33231 447
2.33351 444
2.33471 443
2.33591 442
2.33711 440.254
2.33831 439
2.33951 436
2.34072 435
2.34432 432
2.34552 431.331
2.34672 428
2.34793 424
2.35153 423
2.35273 422
2.35393 420
2.35514 417
2.35754 415
2.36114 414
2.36355 412
2.36595 410
2.36835 408
2.37316 406
2.37556 404
2.37676 401
2.38277 400
2.38518 398
2.38758 396
2.39239 394
2.39479 392
2.39599 389
2.402 388
2.4032 385
2.4056 383
2.40921 382
2.41161 380
2.41642 378
2.41882 376
2.42002 373
2.42603 372
2.42723 369
2.42963 367
2.43324 366
2.43564 364
2.43805 362
2.44045 360
2.44285 358
2.44526 356
2.44766 354
2.45006 352
2.45247 350
2.45487 348
2.45967 346
2.46208 344
2.46328 341
2.46929 340
2.47049 337
2.47289 335
2.4765 334
2.4789 332
2.48371 330
2.48611 328
2.48731 325
2.49332 324
2.49452 321
2.49692 319
2.50053 318
2.50293 316
2.50534 314
2.50774 312
2.51014 310
2.51255 308
2.51495 306
2.51735 304
2.51975 302
2.52216 300
2.52456 298
2.52696 296
2.52937 294
2.53177 292
2.53417 290
2.53658 288
2.53898 286
2.54138 284
2.54379 282
2.54619 280
2.54859 278
2.551 276
2.61829 274
2.62069 272
2.62429 269
2.6267 267
2.6315 265
2.63391 263
2.63991 262
2.64232 260
2.64953 258
2.65433 256
2.65674 254
2.66034 253
2.70841 252
2.75647 251
2.80694 250
2.83097 249
2.83337 335
2.83457 336
2.84539 335
2.88264 336
2.88384 335
2.88504 336
2.88624 335
2.88744 336
2.88865 335
2.88985 336
2.89105 335
2.89225 336
2.89345 335
2.89465 336
2.89586 335
2.89706 336
2.90066 335
2.90186 336
2.90307 335
2.90427 336
2.90787 335
2.90907 336
2.91027 335
2.91148 336
2.91268 335
2.91388 336
2.91508 335
2.91628 336
2.91989 335
2.92109 336
2.92229 335
2.92349 336
2.9271 335
2.9283 336
2.9295 335
2.9307 336
2.9319 335
2.93311 336
2.93431 335
2.93551 336
2.93671 335
2.93791 336
2.93911 335
2.94031 336
2.94392 335
2.94512 336
2.94632 335
2.94752 336
2.95113 335
2.95233 336
2.95353 335
2.95473 336
2.95594 335
2.95714 336
2.95834 335
2.95954 336
2.96074 335
2.96194 336
2.96315 335
2.96435 336
2.96555 335
2.96675 336
2.96795 335
2.96915 336
2.97035 335
2.97156 336
2.97276 335
2.97396 336
2.97516 335
2.97636 336
2.97756 335
2.97877 336
2.97997 335
2.98117 336
2.98237 335
2.98357 336
2.98718 335
2.98838 336
2.98958 335
2.99078 336
2.99439 335
2.99559 336
2.99679 335
2.99799 336
2.99919 335
3.00039 336
3.0016 335
3.0028 336
3.004 335
3.0052 336
3.0064 335
3.0076 336
3.01121 335
3.01241 336
3.01361 335
3.01481 336
3.01842 335
3.01962 336
3.02082 335
3.02202 336
3.02323 335
3.02443 336
3.02563 335
3.02683 336
3.02803 335
3.02923 336
3.03043 335
3.03164 336
3.03284 335
3.03404 336
3.03524 335
3.03644 336
3.03764 335
3.03885 336
3.04005 335
3.04125 336
3.04245 335
3.04365 336
3.04485 335
3.04606 336
3.04726 335
3.04846 336
3.04966 335
3.05086 336
3.05206 335
3.05327 336
3.05447 335
3.05567 336
3.05687 335
3.05807 336
3.05927 335
3.06047 336
3.06168 335
3.06288 336
3.06408 335
3.06528 336
3.06648 335
3.06768 336
3.06889 335
3.07009 336
3.07129 335
3.07249 336
3.07369 335
3.07489 336
3.0761 335
3.0773 336
3.0785 335
3.0797 336
3.14579 335
3.14699 336
3.14819 335
3.1518 336
3.153 335
3.1542 336
3.1554 335
3.15901 336
3.16021 335
3.16141 336
3.16261 335
3.16381 336
3.16742 335
3.16862 336
3.16982 335
3.17102 336
3.17703 335
3.17823 336
3.18184 335
3.18304 336
3.18424 335
3.18784 336
3.18905 335
3.19505 336
3.19626 335
3.19746 336
3.19866 335
3.20226 336
3.20347 335
3.20467 336
3.20587 335
3.21188 336
3.21308 335
3.21428 336
3.21548 335
3.21909 336
3.22029 335
3.22149 336
3.22269 335
3.22389 336
3.2299 335
3.2311 336
3.2323 335
3.23591 336
3.23711 335
3.23831 336
3.23951 335
3.24552 336
3.24672 335
3.24792 336
3.24913 335
3.25273 336
3.25393 335
3.25513 336
3.25634 335
3.26234 336
3.26355 335
3.26475 336
3.26595 335
3.26715 336
3.27075 335
3.27196 336
3.27556 335
3.28157 336
3.28277 335
3.28397 336
3.28517 335
3.28878 336
3.28998 335
3.29118 336
3.29238 335
3.29599 336
3.29719 335
3.30079 336
3.302 335
3.3056 336
3.3068 335
3.308 336
3.30921 335
3.31041 336
3.31642 335
3.31762 336
3.31882 335
3.32002 336
3.32363 335
3.32483 336
3.32843 335
3.33204 336
3.33324 335
3.33444 336
3.33564 335
3.33925 336
3.34045 335
3.34165 336
3.34285 335
3.35126 336
3.35246 335
3.35367 336
3.35487 335
3.35847 336
3.35967 335
3.36087 336
3.36208 335
3.36328 336
3.36448 335
3.36568 336
3.36688 335
3.36808 336
3.36929 335
3.37049 336
3.37169 335
3.37289 336
3.37409 335
3.37529 336
3.37649 335
3.37768 336
3.37888 419
3.40531 420
3.43655 421
3.46659 422
3.52667 423
3.56032 424
3.58675 425
3.60838 426
3.63241 427
3.65885 428
3.67807 429
3.6997 430
3.78381 431
3.81265 432
3.84389 433
3.86552 434
3.88595 435
3.90758 436
3.92801 437
3.94843 438
3.96766 439
3.98568 440
4.0001 441
4.01815 434
4.01935 424.391
4.02175 415.086
4.02296 405.781
4.02416 388.477
4.02536 388.172
4.02776 387
4.02896 386
4.03017 385
4.03137 384
4.03257 383
4.03377 382
4.03497 381.414
4.03617 380
4.03858 379
4.03978 378
4.04098 376
4.04218 374
4.04338 373
4.04579 372
4.04699 371
4.04819 370
4.04939 369
4.05059 368
4.05179 367
4.053 366.205
4.0542 365
4.0566 364
4.0578 363
4.059 362
4.06021 361
4.06141 360
4.06261 359.448
4.06501 358
4.06621 357
4.06742 356
4.06862 354
4.06982 353
4.07102 351
4.07222 350
4.07463 349
4.07583 348
4.07703 347
4.07823 346
4.07943 345
4.08063 344.238
4.08304 343
4.08424 342
4.08544 341
4.08664 340
4.08784 339
4.08904 338
4.09025 337.481
4.09145 336
4.09265 335
4.09385 334
4.09505 333
4.09625 332
4.09746 331.028
4.09866 330
4.09986 329
4.10226 328
4.10346 327
4.10467 326
4.11187 324
4.11308 323.271
4.11428 322
4.11548 321
4.11788 320
4.11908 319
4.12029 318
4.12149 317
4.12269 316.515
4.12389 315
4.12509 314
4.12629 313
4.1287 312
4.1299 311
4.1311 310.061
4.1323 309
4.1335 308
4.73548 309
4.73909 310
4.74149 311
4.74389 312
4.7463 313
4.76672 314
4.85084 315
4.92293 316
4.98902 317
5.0479 318
5.11038 319
5.17166 320
5.21011 321
5.25097 322
5.29903 323
5.34469 324
5.39756 325
5.44803 326
5.4973 327
5.55017 328
5.59823 329
5.6511 330
5.70157 331
5.74843 332
5.78087 333
5.82173 334
5.86138 335
5.90464 336
5.95631 337
6.00317 338
6.05484 339
6.10651 340
6.16058 341
6.21225 342
6.27233 343
6.31919 344
6.35764 345
6.4033 346
6.45377 347
6.51145 348
6.57033 349
6.63041 350
6.69769 351
6.76138 352
6.83227 353
6.88875 354
6.93801 355
7.0017 356
7.06538 357
7.14109 358
7.21679 359
7.30691 360
7.39462 361
7.47513 362
7.55684 363
7.63494 364
7.73588 365
7.86805 366
7.9762 367
8.08795 368
8.22253 369
8.37032 370
8.59382 371
8.77045 372
9.08167 373
9.68247 374
11.3779 375
11.7312 376
11.9799 377
12.177 378
12.3428 379
12.642 380
12.8511 381
13.0145 380
13.0157 379.39
13.0181 379.084
13.0205 378.778
13.0217 378.473
13.0241 377.167
13.0253 376.862
13.0277 375
13.0289 374
13.0313 373
13.0338 372
13.035 371
13.0374 369
13.0386 368.375
13.0398 368.07
13.041 367
13.0422 366
13.0434 365
13.0458 364
13.0482 363
13.0506 362
13.0518 361
13.053 360.278
13.0542 359
13.0566 358
13.0578 357
13.0602 356
13.0614 355
13.0638 354
13.0662 353
13.0674 352
13.0698 350
13.071 349
13.0734 348
13.0758 347
13.077 346
13.0794 344
13.0806 343
13.083 342
13.0842 341
13.0866 340
13.089 339
13.0902 338
13.0926 336
13.0938 335
13.0962 334.206
13.0974 333
13.0986 332
13.0998 331
13.1022 330
13.1034 329
13.1046 328
13.1059 327
13.1083 326
13.1095 325
13.1119 324
13.1131 323
13.1155 322
13.1167 321
13.1191 320
13.1215 319
13.1227 318
13.1251 316
13.1263 315
13.1287 314
13.1299 313
13.1323 312
13.1347 311
13.1359 310.135
13.1383 308
13.1395 307
13.1419 306
13.1443 305
13.1455 304
13.1479 302
13.1491 301
13.1515 300.343
13.1527 299
13.1539 298
13.1551 297
13.1575 296
13.1587 295
13.1611 294
13.1623 293
13.1635 292
13.1647 291
13.1671 290
13.1683 289
13.1707 288
13.1719 287
13.1743 286
13.1755 285.064
13.1779 284
13.1803 283
13.1816 282
13.184 280
13.1852 279
13.1876 278
13.19 277
13.1912 276.271
13.1936 274
13.1948 273
13.1972 272
13.1984 271
13.1996 270
13.2032 269
13.2044 268
13.2068 266
13.2356 265
13.2488 264
13.2789 263
13.2813 262
13.2945 261
13.3029 260
13.6165 266
13.7607 267
13.7643 268
13.7679 269
13.7715 270
13.7739 271
13.7775 272
13.7811 273
13.7847 274
13.8016 275
13.8544 276
13.9121 277
13.9626 278
14.0094 279
14.0503 280
14.0899 281
14.1344 282
14.1728 283
14.1969 284
14.2209 285
14.2449 286
14.2714 287
14.305 288
14.3387 289
14.3699 290
14.4048 291
14.4348 292
14.466 293
14.4961 294
14.5261 295
14.5574 296
14.591 297
14.6222 298
14.6511 299
14.6751 300
14.704 301
14.7316 302
14.7616 303
14.7881 304
14.8181 305
14.8493 306
14.8794 307
14.907 308
14.9407 309
14.9683 310
15.002 311
15.0332 312
15.0632 313
15.0945 314
15.1245 315
15.1582 316
15.1882 317
15.2218 318
15.2507 319
15.2855 320
15.3192 321
15.354 322
15.3865 323
15.4213 324
15.455 325
15.4898 326
15.5222 327
15.5571 328
15.5943 329
15.628 330
15.6664 331
15.7025 332
15.7397 333
15.777 334
15.8142 335
15.8551 336
15.8935 337
15.9332 338
15.974 339
16.0149 340
16.0558 341
16.0966 342
16.1411 343
16.1819 344
16.2264 345
16.2696 346
16.3141 347
16.3586 348
16.409 349
16.4571 350
16.5076 351
16.5568 352
16.6121 353
16.671 354
16.7214 355
16.7815 356
16.8392 357
16.8969 358
16.9642 359
17.0266 360
17.0855 361
17.1432 362
17.2069 363
17.2718 364
17.3391 365
17.41 366
17.4833 367
17.565 368
17.6575 369
17.7464 370
17.8425 371
17.9387 372
18.0468 371
18.048 370.391
18.0504 370.086
18.0528 369.781
18.054 369.477
18.0564 368.171
18.0576 367.867
18.06 366
18.0625 365
18.0637 364
18.0661 362
18.0673 361
18.0697 360
18.0709 359.256
18.0721 358.951
18.0733 357
18.0757 356
18.0769 355
18.0793 354
18.0805 353
18.0829 352
18.0841 351.34
18.0865 351.035
18.0889 350
18.0901 349
18.0925 347
18.0937 346
18.0961 345
18.0973 344
18.0997 343
18.1009 342.12
18.1033 341
18.1057 340
18.1069 339
18.1093 337
18.1105 336
18.1129 335
18.1141 334
18.1165 333.204
18.1177 332
18.1201 330
18.1213 329
18.1225 328
18.1237 327
18.1261 326
18.1273 325
18.1297 324.289
18.1309 323
18.1333 322
18.1345 321
18.1369 320
18.1382 319
18.1406 318
18.1418 317
18.1442 316.373
18.1454 315
18.1478 314
18.149 313
18.1514 312
18.1526 311
18.155 310
18.1562 309
18.1586 308.457
18.1598 307
18.1622 306
18.1634 305
18.1658 304
18.167 303
18.1694 302
18.1706 301
18.173 300
18.1742 299
18.1766 298
18.1778 297
18.1802 296
18.1814 295
18.1838 294
18.185 293
18.1874 292
18.1886 291
18.191 290
18.1922 289
18.1946 288
18.1958 287
18.1982 286
18.1994 285.015
18.2018 283
18.203 282
18.2054 281
18.2066 280
18.209 279
18.2102 278
18.2127 277
18.2139 276.099
18.2163 275
18.2175 274
18.2199 273
18.2211 272
18.2235 271
18.2247 270
18.2271 269
18.2283 268.184
18.2307 267
18.2319 266
18.2343 265
18.2355 264
18.2379 263
18.2391 262
18.2415 261
18.2427 260
18.2583 259
18.2944 258
18.3028 257
18.3484 256
18.3821 255
18.4097 254
18.4794 253
18.507 252
18.5407 251
18.5719 250
18.5755 249
18.6488 248
18.6729 247
18.6777 260
19.1775 261
19.1811 262
19.1835 263
19.1871 264
19.1895 265
19.2809 266
19.359 267
19.4274 268
19.4743 269
19.5212 270
19.5776 271
19.6353 272
19.6942 273
19.7471 274
19.8011 275
19.8552 276
19.9033 277
19.9513 278
20.0006 279
20.0511 280
20.0991 281
20.1496 282
20.2037 283
20.2578 284
20.3118 285
20.3683 286
20.42 287
20.4788 288
20.5401 289
20.5954 290
20.6495 291
20.7023 292
20.7564 293
20.8165 294
20.8754 295
20.9403 296
21.0051 297
21.076 298
21.1505 299
21.2262 300
21.3019 301
21.3764 302
21.4569 303
21.5483 304
21.6408 305
21.7333 306
21.8427 307
21.9568 308
22.0686 309
22.214 310
22.3245 311
22.4711 312
22.6646 313
22.8592 314
23.15 315
23.752 316
24.1281 315
24.1293 314.39
24.1329 314.085
24.1353 313.78
24.1365 313.475
24.1389 312.17
24.1401 311.865
24.1425 311.56
24.1437 311.255
24.1461 310
24.1473 309
24.1485 308
24.1497 307
24.1522 306
24.1534 305
24.1558 304
24.157 303
24.1594 302.068
24.1606 301
24.163 300
24.1642 299
24.1666 298
24.1678 297
24.1702 296
24.1714 295
24.1726 294
24.1738 293
24.1762 292
24.1774 291
24.1798 290
24.181 289
24.1834 288
24.1846 287
24.187 286
24.1882 285
24.1906 284
24.1918 283.39
24.1942 282
24.1954 281
24.1966 280
24.1978 279
24.2002 278
24.2014 277
24.2038 276
24.205 275
24.2074 274.202
24.2086 273
24.211 272
24.2122 271
24.2146 270
24.2158 269
24.2182 268
24.2194 267
24.2206 266
24.2218 265.015
24.2242 264
24.2254 263
24.2279 262
24.2291 261
24.2315 260
24.2327 259
24.2351 258
24.2363 257
24.2387 256
24.2399 255
24.2423 254
24.2435 253
24.2447 252
24.2459 251
24.2483 250
24.2495 249
24.2519 248
24.2531 247
24.2555 246.336
24.2567 245
24.2591 244
24.2603 243
24.2615 242
24.2639 241
24.2651 240
24.2663 239
24.2687 238
24.2699 237.15
24.2723 236
24.2735 235
24.2759 234
24.2771 233
24.2795 232
24.2807 231
24.2831 230
24.2843 229
24.2867 228
24.2879 227
24.2903 226
24.2915 225
24.2939 224
24.2951 223
24.2975 222
24.2987 221
24.7097 222
24.7145 223
24.7806 224
24.7842 225
24.7878 226
24.7914 227
24.795 228
24.7998 229
24.8022 230
24.807 231
24.8106 232
24.8142 233
24.8334 234
24.9067 235
24.9788 236
25.0293 237
25.0846 238
25.1326 239
25.1819 240
25.2444 241
25.2792 242
25.3153 243
25.3549 244
25.391 245
25.4258 246
25.4595 247
25.4991 248
25.5352 249
25.5736 250
25.6061 251
25.6373 252
25.6722 253
25.7178 254
25.7527 255
25.7863 256
25.8212 257
25.856 258
25.8921 259
25.9257 260
25.9617 261
25.9954 262
26.0314 263
26.0675 264
26.1023 265
26.1408 266
26.1768 267
26.2189 268
26.2585 269
26.2958 270
26.3366 271
26.3751 272
26.4147 273
26.4532 274
26.4965 275
26.5349 276
26.583 277
26.6214 278
26.6671 279
26.7115 280
26.7584 281
26.8029 282
26.8497 283
26.8966 284
26.9471 285
26.9927 286
27.0456 287
27.0961 288
27.1477 289
27.2078 290
27.2715 291
27.3328 292
27.3977 293
27.4589 294
27.5226 295
27.5923 296
27.6584 297
27.7149 298
27.781 299
27.8435 300
27.9119 301
27.99 302
28.0621 303
28.1511 304
28.24 305
28.3385 306
28.4358 307
28.5512 308
28.6593 309
28.7879 310
28.9441 311
29.1027 312
29.2722 311
29.2734 310.389
29.2758 310.083
29.277 309.778
29.2794 309.472
29.2806 309.166
29.2842 308.86
29.2854 308.555
29.289 308.249
29.2902 307
29.2926 306
29.2938 305
29.2974 303
29.2986 302
29.301 301
29.3022 300
29.3058 299
29.307 298
29.3094 297
29.3106 296
29.3142 295
29.3154 294
29.3178 293
29.319 292
29.3226 291
29.3238 290
29.3262 289
29.3274 288.392
29.331 287
29.3322 286
29.3347 285
29.3359 284
29.3395 283
29.3407 282
29.3431 281
29.3443 280
29.3479 279.117
29.3491 278
29.3515 277
29.3527 276
29.3563 275
29.3575 274
29.3599 273
29.3611 272
29.3647 271
29.3659 270
29.3683 269
29.3695 268
29.3731 267
29.3743 266
29.3779 265
29.3791 264
29.3815 263
29.3827 262
29.3863 261
29.3875 260.261
29.3899 259
29.3923 258
29.3947 257
29.3959 255
29.3995 253
29.4007 252
29.4032 251
29.4044 250
29.408 249
29.4092 248
29.4116 247
29.4128 246
29.4164 245
29.4176 244
29.4188 243
29.4212 242
29.4224 241
29.426 240
29.4272 239.405
29.4296 238
29.4308 237
29.4332 236
29.4344 235
29.4368 234
29.438 233
29.4416 232
29.4428 231
29.4452 230.129
29.4476 229
29.45 228
29.4512 227
29.4536 226
29.456 225
29.4584 224
29.4596 223
29.4632 222
29.4644 221
29.4668 220
29.468 219
29.4716 218
29.5329 217
29.5822 216
29.5846 215
29.5966 214
29.7228 213
29.7408 212
29.8093 211
29.8381 210
29.9018 218
30.3392 219
30.3416 220
30.344 221
30.3464 222
30.3584 223
30.4281 224
30.4954 225
30.5567 226
30.6083 227
30.6636 228
30.7165 229
30.7718 230
30.821 231
30.8727 232
30.9376 233
31.0025 234
31.0673 235
31.1262 236
31.1815 237
31.2392 238
31.3041 239
31.3713 240
31.435 241
31.5011 242
31.566 243
31.6321 244
31.697 245
31.7703 246
31.846 247
31.9181 248
32.0034 249
32.0839 250
32.1776 251
32.2677 252
32.3615 253
32.4552 254
32.5489 255
32.6462 256
32.7424 257
32.877 258
33.0127 259
33.1413 260
33.3179 261
33.5054 262
33.6844 263
33.9656 264
34.528 265
36.3952 266
36.7473 267
36.9948 268
37.1955 269
37.4779 270
37.7591 269
37.7627 268.39
37.7639 268.085
37.7675 266.78
37.7687 266.474
37.7711 266.169
37.7723 265.865
37.7759 265.559
37.7807 265.254
37.7819 264.949
37.7855 262
37.7867 261
37.7903 260
37.7939 259
37.7951 258
37.7987 256
37.8023 255
37.8035 254
37.8071 252
37.8083 251.367
37.8119 251.061
37.8131 250
37.8168 249
37.818 248
37.8216 247
37.8252 246
37.8264 245
37.83 243
37.8312 242
37.8348 240
37.836 239
37.8372 238.173
37.8384 237
37.8396 236
37.8408 235
37.8444 234
37.8456 233
37.848 232
37.8492 231
37.8516 230
37.8528 229
37.8552 228
37.8564 227.286
37.86 226
37.8612 225
37.8636 224
37.8648 223
37.8684 222
37.8696 221
37.872 220
37.8732 219
37.8756 218
37.8768 217
37.8804 216.398
37.8816 215
37.884 214
37.8852 213
37.8876 212
37.8889 211
37.8913 210
37.8937 209
37.8961 208
37.8973 207
37.8997 206
37.9009 205.51
37.9045 204
37.9057 203
37.9081 202
37.9093 201
37.9117 200
37.9129 199
37.9165 198
37.9177 197
37.9201 196
37.9213 195
37.9237 194
37.9249 193
37.9273 192
37.9297 191
37.9321 190
37.9333 189
38.4344 190
38.438 191
38.4428 192
38.4476 193
38.4512 194
38.456 195
38.4608 196
38.4644 197
38.4872 198
38.5701 199
38.6338 200
38.6999 201
38.7612 202
38.8141 203
38.8609 204
38.885 205
38.915 206
38.9607 207
39.0063 208
39.0484 209
39.088 210
39.1361 211
39.1745 212
39.2154 213
39.2526 214
39.2935 215
39.3223 216
39.3548 217
39.3944 218
39.4365 219
39.4761 220
39.5194 221
39.5579 222
39.6011 223
39.642 224
39.684 225
39.7237 226
39.7657 227
39.8018 228
39.8438 229
39.8883 230
39.9352 231
39.9796 232
40.0313 233
40.0769 234
40.1358 235
40.1851 236
40.244 237
40.2932 238
40.3449 239
40.3942 240
40.4482 241
40.4927 242
40.5396 243
40.5888 244
40.6381 245
40.6898 246
40.7486 247
40.8123 248
40.876 249
40.9373 250
41.0046 251
41.0695 252
41.1392 253
41.2064 254
41.2858 255
41.3615 256
41.4456 257
41.5309 258
41.6078 259
41.6607 260
41.7231 261
41.7856 262
41.8625 263
41.9526 264
42.0512 265
42.1581 266
42.3696 267
42.6111 268
42.8815 269
43.4606 270
44.4303 269
44.4352 268.39
44.4388 268.085
44.44 266.78
44.4448 265.474
44.4484 265.169
44.4496 264.865
44.4544 263.559
44.458 263.254
44.4616 262.949
44.4628 260
44.4676 258
44.4712 257
44.4724 256
44.476 254
44.4808 253
44.4844 252
44.4856 250
44.4904 248
44.494 247.367
44.4977 247.061
44.4989 245
44.5037 243
44.5073 242
44.5085 241
44.5133 239
44.5169 238
44.5181 237
44.5229 235
44.5265 234
44.5277 233
44.5313 231.173
44.5361 230
44.5373 229
44.5409 227
44.5421 226
44.5457 225
44.5469 224
44.5505 223
44.5517 222
44.5553 221
44.5601 220
44.5613 219.286
44.5649 217
44.5685 216
44.5697 215
44.5734 213
44.5746 212
44.5782 211
44.583 210
44.5842 209
44.589 207
44.5926 206
44.5938 205.398
44.5986 203
44.6022 202
44.6058 201
44.607 199
44.6118 197
44.6154 196
44.6166 195
44.6214 193
44.625 192
44.6262 191
44.631 189
44.6406 188
44.6491 187
44.6719 186
44.6971 185
44.7067 184
44.7163 183
44.7175 182
44.7223 181
44.732 180
44.7404 179
44.756 178
44.7656 177
44.7752 176
44.7836 175
44.786 174
45.0276 189
45.2739 190
45.2787 191
45.2835 192
45.2883 193
45.2931 194
45.2979 195
45.3027 196
45.3075 197
45.3123 198
45.3315 199
45.3784 200
45.4661 201
45.5346 202
45.6271 203
45.6872 204
45.7293 205
45.7557 206
45.7797 207
45.8086 208
45.8482 209
45.8963 210
45.9432 211
45.9828 212
46.0489 213
46.097 214
46.1378 215
46.1715 216
46.2039 217
46.2375 218
46.2712 219
46.3072 220
46.3529 221
46.3962 222
46.4406 223
46.4791 224
46.5403 225
46.586 226
46.6317 227
46.6701 228
46.7098 229
46.753 230
46.7927 231
46.8371 232
46.884 233
46.9321 234
46.9789 235
47.0294 236
47.0907 237
47.1387 238
47.1916 239
47.2409 240
47.2901 241
47.3454 242
47.4055 243
47.4656 244
47.5317 245
47.5978 246
47.6614 247
47.7324 246
47.7372 244.382
47.742 244.073
47.7432 243.763
47.7468 242.454
47.748 242.145
47.7516 241.836
47.7528 241.526
47.7552 241.218
47.7564 240.908
47.7588 240.599
47.76 239
47.7636 238
47.7648 237
47.7672 236
47.7684 235
47.7696 234
47.7732 233
47.7744 232
47.778 231
47.7792 230
47.7828 229
47.784 228.661
47.7876 227
47.7888 226
47.7924 225
47.7936 224
47.796 223
47.7972 222
47.8008 221
47.8021 220
47.8057 219
47.8069 218
47.8093 217.033
47.8105 216.724
47.8141 215
47.8165 214
47.8177 213
47.8201 212
47.8213 211
47.8249 210
47.8261 209
47.8285 208
47.8309 207
47.8333 206
47.8345 205.095
47.8381 204.786
47.8393 203
47.8417 202
47.8429 201
47.8453 200
47.8465 199
47.8501 198
47.8513 197
47.8537 196
47.8549 195
47.8585 194
47.8597 193.158
47.8633 192.849
47.8645 191
47.8657 190
47.8681 189
47.8693 188
47.8729 187
47.8741 186
47.8778 185
47.879 184
47.8826 183
47.8838 182
47.8862 181.22
47.8874 180.911
47.891 179
47.8922 178
47.8958 177
47.897 176
47.8994 175
47.9006 174
47.9042 173
47.9054 172
48.3367 173
48.3415 174
48.3476 175
48.4184 176
48.4221 177
48.4797 178
48.5807 179
48.672 180
48.7525 181
48.8258 182
48.863 183
48.9339 184
49.0084 185
49.0865 186
49.1731 187
49.2403 188
49.2884 189
49.3581 190
49.4374 191
49.5179 192
49.5996 193
49.6873 194
49.757 195
49.8387 196
49.9373 197
50.0346 198
50.1439 199
50.2401 200
50.3554 201
50.5032 202
50.645 203
50.7592 204
50.919 205
51.104 206
51.3071 207
51.5474 208
52.1038 209
54.0167 210
54.3748 211
54.6223 212
54.817 213
54.984 214
55.1294 215
55.258 216
55.4947 217
55.6917 218
55.8539 219
55.9741 220
56.0919 221
56.212 222
56.3082 223
56.4043 224
56.4788 225
56.5605 226
56.6374 227
56.7119 228
56.784 229
56.8465 230
56.9174 231
56.9919 232
57.0543 233
57.112 234
57.1649 235
57.2142 236
57.261 237
57.3079 238
57.3475 239
57.3944 240
57.4389 241
57.4917 242
57.5398 243
57.5891 244
57.6323 245
57.6804 246
57.7212 247
57.7633 248
57.8017 249
57.839 250
57.8798 251
57.9159 252
57.9507 253
57.9916 254
58.024 255
58.0625 256
58.1009 257
58.1442 258
58.179 259
58.2127 260
58.2511 261
58.2884 262
58.3172 263
58.3557 264
58.3869 265
58.4194 266
58.4494 267
58.4735 266
58.4747 265.383
58.4795 264.075
58.4807 263.766
58.4843 263.458
58.4855 263.149
58.4891 262.84
58.4903 262.532
58.4951 262.223
58.4987 261.915
58.4999 261.606
58.5035 259
58.5047 258
58.5095 257
58.5107 256
58.5143 255
58.5155 254
58.5191 252
58.5203 251
58.5239 250
58.5251 249
58.5287 248.597
58.5311 247
58.5347 246
58.5359 245
58.5383 244
58.542 243
58.5432 242
58.5468 240
58.5516 239
58.5528 238
58.5564 235
58.5576 234.588
58.5612 233
58.5648 232
58.566 231
58.5708 229
58.572 228
58.5756 227
58.5768 226
58.5804 225
58.5816 224
58.5864 223
58.5876 222.579
58.5912 220
58.5924 219
58.596 218
58.5972 217
58.6008 216
58.602 215
58.6068 214
58.608 213
58.6116 212
58.6128 211
58.6165 210.57
58.6177 209
58.6213 208
58.6225 207
58.6273 206
58.6309 205
58.6321 203
58.6345 201
58.6381 200
58.6393 199
58.6429 197
58.6441 196.561
58.6477 195
58.6489 194
58.6525 193
58.6549 192
58.6585 191
58.6597 190
58.6633 188
58.6645 187
58.6693 186
58.6873 185
58.703 183
58.7895 182
58.8279 181
58.852 180
58.8904 179
58.9289 178
58.9565 176
59.025 175
59.0286 174
59.0803 173
59.1031 186
59.6246 187
59.6294 188
59.633 189
59.6378 190
59.6426 191
59.6594 192
59.7591 193
59.8072 194
59.8613 195
59.9154 196
59.9586 197
60.0079 198
60.0487 199
60.086 200
60.1244 201
60.1593 202
60.241 203
60.2794 204
60.3179 205
60.3347 206
60.3515 207
60.3708 208
60.39 209
60.4116 210
60.4453 211
60.4933 212
60.5306 213
60.5774 214
60.6123 215
60.6796 216
60.7228 217
60.7613 218
60.7901 219
60.8202 220
60.8526 221
60.8863 222
60.9223 223
60.9692 224
61.0148 225
61.0617 226
61.1061 227
61.1506 228
61.2167 229
61.2648 230
61.308 231
61.3465 232
61.3909 233
61.4342 234
61.4883 235
61.5399 236
61.5964 237
61.6469 238
61.7033 239
61.7694 240
61.8379 241
61.8896 242
61.9497 243
62.0134 244
62.0831 243
62.0879 241.383
62.0915 240.073
62.0927 238.765
62.0963 237.456
62.0975 237.146
62.0987 236.838
62.0999 236.529
62.1023 236.22
62.1035 235.911
62.1071 235.602
62.1095 235.293
62.1119 234
62.1131 233
62.1143 232
62.1179 231
62.1191 230
62.1227 229
62.1239 228
62.1275 227
62.1287 226
62.1323 225
62.1335 224
62.1371 223.259
62.1383 222
62.1419 221
62.1431 220
62.1455 219
62.1468 218
62.1504 217
62.1516 216
62.154 215
62.1564 214
62.16 213
62.1612 212
62.1624 211.224
62.166 210
62.1672 209
62.1696 208
62.1708 207
62.1744 206
62.1756 205
62.1792 204
62.1804 203
62.184 202
62.1852 201
62.1876 200
62.1888 199.19
62.1924 198
62.1948 197
62.1984 196
62.1996 195
62.202 194
62.2032 193
62.2068 192
62.208 191
62.2116 190
62.2128 189
62.214 188
62.2176 187.156
62.2188 186
62.2225 185
62.2237 184
62.2273 183
62.2285 182
62.2321 181
62.2333 180
62.2357 179
62.2369 178
62.2393 177
62.2405 176
62.2441 175.122
62.2453 174
62.2489 173
62.2501 172
62.2537 171
62.2549 170
62.6971 171
62.7043 172
62.7932 173
62.7968 174
62.8016 175
62.8124 176
62.9254 177
63.0215 178
63.108 179
63.1789 180
63.3051 181
63.3555 182
63.4264 183
63.4997 184
63.567 185
63.6391 186
63.7088 187
63.7821 188
63.8734 189
63.9503 190
64.0212 191
64.0957 192
64.1342 193
64.1798 194
64.2255 195
64.2832 196
64.3445 197
64.4238 198
64.4838 199
64.5668 200
64.6989 201
64.8684 202
65.0234 203
65.2529 204
65.5076 205
65.7888 206
66.3103 207
68.3806 208
68.7303 209
68.9778 210
69.1797 211
69.3431 212
69.6171 213
69.7481 214
69.9463 215
70.129 216
70.2467 217
70.3681 218
70.4786 219
70.5784 220
70.6505 221
70.7406 222
70.8271 223
70.9172 224
70.9917 225
71.065 226
71.1371 227
71.1972 228
71.2645 229
71.3282 230
71.3942 231
71.4567 232
71.5144 233
71.5709 234
71.6249 235
71.6706 236
71.7235 237
71.7715 238
71.8172 239
71.8653 240
71.9097 241
71.9566 242
72.0023 243
72.0527 244
72.0888 245
72.1308 246
72.1753 247
72.2161 248
72.2546 249
72.2918 250
72.3291 251
72.3663 252
72.4 253
72.436 254
72.4733 255
72.5069 256
72.5442 257
72.5802 258
72.6151 259
72.6487 260
72.6836 261
72.7172 260
72.7184 259.385
72.7196 259.077
72.7244 258.769
72.7256 258.461
72.7292 258.153
72.7304 257.845
72.7352 257.537
72.7364 257.229
72.7412 256.921
72.7424 256.613
72.746 255
72.7473 254
72.7509 253
72.7521 252
72.7557 251
72.7569 250
72.7605 249
72.7617 248
72.7653 247
72.7665 246
72.7701 244.436
72.7713 243
72.7749 242
72.7761 241
72.7809 240
72.7821 239
72.7869 238
72.7881 237
72.7929 236
72.7941 235
72.7977 234
72.7989 233.26
72.8037 232
72.8049 231
72.8061 230
72.8097 229
72.8109 228
72.8133 227
72.8145 226
72.817 225
72.8182 224
72.8218 223
72.823 222.083
72.8266 221.775
72.8278 220
72.8314 219
72.8326 218
72.835 217
72.8362 216
72.841 215
72.8422 214
72.8434 213
72.8458 212
72.847 211
72.8518 210.598
72.853 209
72.8566 208
72.8578 207
72.8602 206
72.8614 205
72.8662 204
72.8674 203
72.871 202
72.8722 201
72.8746 200
72.877 199.422
72.8782 198
72.8806 197
72.8818 196
72.8854 195
72.8866 194
72.8902 193
72.8915 192
72.8951 191
72.8963 190
72.8999 189
72.9011 188.245
72.9035 187
72.9047 186
72.9083 185
72.9095 184
72.9119 183
72.9131 182
73.4466 183
73.4514 184
73.4574 185
73.4622 186
73.467 187
73.4718 188
73.4778 189
73.5079 190
73.5872 191
73.6484 192
73.7133 193
73.765 194
73.8203 195
73.8647 196
73.9104 197
73.932 198
73.9561 199
74.0005 200
74.0474 201
74.0942 202
74.1375 203
74.1832 204
74.2288 205
74.2721 206
74.3165 207
74.355 208
74.3898 209
74.4187 210
74.4535 211
74.4944 212
74.5424 213
74.5869 214
74.6314 215
74.677 216
74.7179 217
74.7611 218
74.808 219
74.8549 220
74.9005 221
74.9414 222
74.9834 223
75.0351 224
75.0856 225
75.136 226
75.1745 227
75.2177 228
75.2598 229
75.2838 230
75.3127 231
75.3391 232
75.3703 233
75.3992 234
75.4352 235
75.4689 236
75.5097 237
75.5518 238
75.5926 239
75.6407 240
75.6888 241
75.7368 242
75.7957 243
75.8738 244
75.9651 245
76.0384 246
76.1334 247
76.2235 248
76.3268 249
76.4326 250
76.5431 251
76.656 252
76.7666 253
76.918 254
77.0394 255
77.1908 256
77.3602 257
77.5621 258
77.6234 257
77.6282 255.385
77.633 255.077
77.6354 254.769
77.6402 253.462
77.645 252.154
77.6486 250.847
77.6498 249.539
77.6546 248.231
77.6558 247.923
77.6594 247.616
77.6642 246
77.669 245
77.6702 243
77.6738 241
77.6786 240
77.6798 238
77.6846 236
77.6882 235
77.6931 234
77.6943 232
77.6991 230.352
77.7039 229
77.7087 228
77.7123 226
77.7183 224
77.7195 222
77.7243 220
77.7279 219
77.7327 218
77.7339 216
77.7375 214
77.7387 213.089
77.7435 212.782
77.7483 211
77.7531 210
77.7567 208
77.7603 206
77.7663 204
77.7676 202
77.7724 200
77.7772 199
77.7808 198
77.782 196
77.7856 194.519
77.7868 193
77.7916 192
77.7964 191
77.8012 190
77.8048 188
77.806 186
77.8108 184
77.812 183
77.8156 182
77.8204 181
77.8252 180
77.8264 179
77.8312 177
77.8445 176
77.8493 175
77.8505 174
77.8541 173
77.8697 172
77.8877 171
77.8925 170
77.8961 169
77.8973 168
77.8997 167
78.2182 180
78.4404 181
78.4464 182
78.4512 183
78.4909 184
78.5666 185
78.6591 186
78.7396 187
78.8598 188
78.9151 189
78.9463 190
78.9847 191
79.0304 192
79.1037 193
79.1746 194
79.2767 195
79.3392 196
79.3921 197
79.445 198
79.5062 199
79.5831 200
79.6588 201
79.7526 202
79.8271 203
79.9016 204
79.9785 205
80.071 206
80.1635 207
80.2765 208
80.3774 209
80.4916 210
80.6153 211
80.7163 212
80.8544 213
80.9962 214
81.1476 215
81.3351 216
81.5321 217
81.8373 218
82.449 219
83.1063 218
83.1075 216.385
83.1123 215.077
83.1135 214.769
83.1195 214.462
83.1231 214.154
83.1291 213.847
83.1339 212.539
83.1351 211.231
83.1399 209.923
83.1411 209.616
83.1471 209.308
83.1531 209
83.1567 208
83.1627 206
83.1639 204
83.1699 202
83.176 201
83.1796 200
83.1844 198
83.1892 196
83.1904 194
83.1952 192
83.1964 191
83.2012 190
83.2072 189
83.212 188
83.2168 186
83.218 184
83.2228 182
83.224 181
83.23 180
83.236 179
83.2408 178
83.242 176
83.248 174
83.2529 173
83.2589 172
83.2601 170
83.2637 168.155
83.2649 167
83.2709 166
83.2769 165
83.2817 164
83.2865 162
83.2877 160
83.2925 158
83.2937 157
83.2997 156
83.3045 155
83.3057 154
83.3093 153
83.3322 152
83.6806 153
83.8681 154
83.8753 155
83.8813 156
83.8873 157
83.8921 158
83.8969 159
83.9029 160
83.9077 161
83.9642 162
84.0243 163
84.0952 164
84.1733 165
84.2466 166
84.3343 167
84.3583 168
84.3847 169
84.4088 170
84.4652 171
84.5133 172
84.5722 173
84.6287 174
84.714 175
84.7416 176
84.7753 177
84.8065 178
84.8462 179
84.8834 180
84.9363 181
84.9843 182
85.0396 183
85.0937 184
85.1682 185
85.209 186
85.2523 187
85.2931 188
85.3424 189
85.4013 190
85.4614 191
85.5227 192
85.5863 193
85.6693 194
85.7257 195
85.787 196
85.8471 197
85.912 198
85.9841 199
86.0586 200
86.1199 201
86.1895 202
86.258 203
86.3349 204
86.3998 205
86.4863 206
86.5476 207
86.5885 208
86.6365 209
86.687 210
86.7495 211
86.8324 212
86.8997 213
86.9994 214
87.1749 215
87.3839 216
87.6315 217
87.8922 218
88.4738 219
88.8355 218
88.8415 216.385
88.8463 215.077
88.8523 213.769
88.8583 212.462
88.8631 211.154
88.8691 209.847
88.8739 208.539
88.8787 207.231
88.8799 205.923
88.886 204.616
88.8908 204.308
88.8944 204
88.9004 202
88.9016 200
88.9064 198
88.9076 197
88.9112 196
88.9172 195
88.9184 194
88.922 192
88.9232 191
88.928 190
88.9292 189
88.9328 188
88.934 187
88.9376 186
88.9388 185
88.9424 184
88.9436 183
88.9484 182
88.9496 181
88.9532 180
88.9544 179
88.9593 178
88.9605 177
88.9641 176
88.9653 175
88.9677 174
88.9689 173.155
88.9725 172
88.9737 171
88.9773 170
88.9785 169
88.9833 168
88.9845 167
88.9881 166
88.9893 165
88.9929 164
88.9941 163
88.9977 162
88.9989 161
89.0025 160
89.0037 159
89.0073 158
89.0085 157
89.0121 156
89.0133 155
89.0181 154
89.0193 153
89.5588 154
89.5636 155
89.5684 156
89.5732 157
89.5781 158
89.5841 159
89.5889 160
89.6213 161
89.7186 162
89.7811 163
89.852 164
89.9181 165
89.989 166
90.0311 167
90.0527 168
90.0767 169
90.1128 170
90.168 171
90.2197 172
90.2786 173
90.3303 174
90.4024 175
90.4336 176
90.4684 177
90.4985 178
90.5369 179
90.5778 180
90.6319 181
90.6859 182
90.7412 183
90.7941 184
90.859 185
90.8998 186
90.9419 187
90.9887 188
91.0368 189
91.1053 190
91.163 191
91.2291 192
91.2927 193
91.3588 194
91.4141 195
91.4574 196
91.509 197
91.5631 198
91.6232 199
91.6965 200
91.7686 201
91.8563 202
91.9272 203
92.0005 204
92.0738 205
92.1507 206
92.2504 207
92.3333 208
92.4391 209
92.5376 210
92.6493 211
92.7647 212
92.8909 213
93.0531 214
93.2009 215
93.4052 216
93.6323 217
93.69 216
93.696 214.379
93.6972 212.069
93.7032 210.758
93.708 210.448
93.7152 210.137
93.72 208.827
93.7212 207.517
93.7248 206.206
93.726 205.895
93.7308 205.585
93.732 205.274
93.738 204.964
93.7392 203
93.7428 202
93.744 201
93.7476 200
93.7488 199
93.7536 198
93.7548 197
93.7596 196
93.7608 195
93.7657 194
93.7669 193
93.7693 192
93.7705 191.574
93.7741 191.263
93.7753 190
93.7789 189
93.7801 188
93.7861 187
93.7873 186
93.7909 185
93.7921 184
93.7957 183
93.7969 182
93.8029 181
93.8041 180
93.8077 179
93.8089 178
93.8101 177
93.8113 176
93.8173 175
93.8185 174
93.8233 173
93.8245 172
93.8293 171
93.8305 170
93.8317 169
93.8353 168
93.8365 167
93.8426 166
93.8462 165
93.8474 164.173
93.8534 162
93.8546 161
93.8582 160
93.8594 159
93.863 158
93.8642 157
93.8702 156
93.8714 155
93.875 154
93.8762 153
93.8822 152
93.8834 151
94.3977 152
94.4037 153
94.4097 154
94.4301 155
94.5274 156
94.6392 157
94.6993 158
94.8086 159
94.8603 160
94.9168 161
94.9949 162
95.0646 163
95.1439 164
95.2352 165
95.2881 166
95.365 167
95.4443 168
95.5212 169
95.6197 170
95.717 171
95.7987 172
95.8973 173
96.0078 174
96.1196 175
96.2349 176
96.3467 177
96.4596 178
96.5954 179
96.766 180
96.9282 181
97.1962 182
97.3656 183
97.7706 184
99.9118 185
