0 0
0.1 0
0.2 0
0.3 0
0.4 0
0.5 0
0.6 0
0.7 0
0.8 0
0.9 0
1 0
1.1 0
1.2 0
1.3 55
1.4 136
1.5 164
1.6 258
1.7 257
1.8 257
1.9 256
2 257
2.1 257
2.2 255
2.3 211
2.4 171
2.5 172
2.6 171
2.7 171
2.8 171
2.9 257
3 257
3.1 257
3.2 256
3.3 240
3.4 258
3.5 247
3.6 232
3.7 238
3.8 194
3.9 180
4 203
4.1 189
4.2 173
4.3 174
4.4 173
4.5 172
4.6 173
4.7 136
4.8 137
4.9 144
5 166
5.1 170
5.2 179
5.3 186
5.4 187
5.5 189
5.6 194
5.7 197
5.8 196
5.9 199
6 198
6.1 203
6.2 204
6.3 207
6.4 208
6.5 211
6.6 214
6.7 213
6.8 217
6.9 218
7 220
7.1 221
7.2 222
7.3 225
7.4 225
7.5 227
7.6 226
7.7 228
7.8 224
7.9 223
8 224
8.1 225
8.2 226
8.3 227
8.4 228
8.5 228
8.6 226
8.7 229
8.8 231
8.9 229
9 231
9.1 233
9.2 227
9.3 232
9.4 231
9.5 230
9.6 218
9.7 200
9.8 197
9.9 201
10 200
10.1 201
10.2 202
10.3 182
10.4 159
10.5 148
10.6 131
10.7 109
10.8 109
10.9 108
11 110
11.1 111
11.2 119
11.3 141
11.4 164
11.5 188
11.6 211
11.7 215
11.8 222
11.9 227
12 234
12.1 237
12.2 243
12.3 251
12.4 257
12.5 256
12.6 256
12.7 255
12.8 251
12.9 242
13 234
13.1 188
13.2 125
13.3 114
13.4 119
13.5 126
13.6 133
13.7 116
13.8 106
13.9 101
14 106
14.1 108
14.2 110
14.3 132
14.4 135
14.5 141
14.6 143
14.7 151
14.8 159
14.9 163
15 168
15.1 172
15.2 177
15.3 183
15.4 187
15.5 190
15.6 195
15.7 200
15.8 203
15.9 206
16 213
16.1 223
16.2 233
16.3 242
16.4 253
16.5 253
16.6 247
16.7 241
16.8 233
16.9 228
17 227
17.1 232
17.2 239
17.3 248
17.4 256
17.5 255
17.6 256
17.7 257
17.8 256
17.9 256
18 257
18.1 238
18.2 182
18.3 152
18.4 153
18.5 153
18.6 152
18.7 163
18.8 130
18.9 131
19 121
19.1 96
19.2 102
19.3 93
19.4 95
19.5 113
19.6 124
19.7 129
19.8 139
19.9 150
20 167
20.1 169
20.2 160
20.3 151
20.4 143
20.5 146
20.6 147
20.7 156
20.8 166
20.9 175
21 177
21.1 180
21.2 184
21.3 188
21.4 193
21.5 197
21.6 197
21.7 201
21.8 204
21.9 206
22 207
22.1 210
22.2 211
22.3 213
22.4 214
22.5 217
22.6 218
22.7 218
22.8 220
22.9 221
23 220
23.1 224
23.2 233
23.3 241
23.4 248
23.5 257
23.6 250
23.7 241
23.8 231
23.9 219
24 211
24.1 211
24.2 184
24.3 134
24.4 136
24.5 143
24.6 146
24.7 144
24.8 117
24.9 128
25 132
25.1 135
25.2 136
25.3 130
25.4 135
25.5 141
25.6 146
25.7 149
25.8 151
25.9 154
26 159
26.1 162
26.2 168
26.3 171
26.4 175
26.5 179
26.6 184
26.7 195
26.8 206
26.9 218
27 232
27.1 235
27.2 227
27.3 217
27.4 208
27.5 199
27.6 198
27.7 203
27.8 213
27.9 221
28 229
28.1 236
28.2 239
28.3 242
28.4 246
28.5 252
28.6 256
28.7 257
28.8 257
28.9 257
29 257
29.1 256
29.2 257
29.3 253
29.4 206
29.5 169
29.6 167
29.7 168
29.8 167
29.9 132
30 68
30.1 29
30.2 0
30.3 0
30.4 0
30.5 0
30.6 0
30.7 2
30.8 40
30.9 69
31 80
31.1 93
31.2 106
31.3 116
31.4 120
31.5 128
31.6 135
31.7 147
31.8 164
31.9 174
32 175
32.1 171
32.2 160
32.3 153
32.4 151
32.5 152
32.6 162
32.7 169
32.8 174
32.9 175
33 177
33.1 182
33.2 186
33.3 188
33.4 189
33.5 190
33.6 193
33.7 196
33.8 197
33.9 199
34 200
34.1 201
34.2 201
34.3 208
34.4 217
34.5 226
34.6 233
34.7 224
34.8 215
34.9 204
35 199
35.1 194
35.2 195
35.3 204
35.4 212
35.5 216
35.6 215
35.7 215
35.8 217
35.9 220
36 223
36.1 225
36.2 225
36.3 224
36.4 224
36.5 228
36.6 230
36.7 230
36.8 230
36.9 232
37 242
37.1 255
37.2 256
37.3 246
37.4 236
37.5 227
37.6 219
37.7 215
37.8 206
37.9 161
38 147
38.1 153
38.2 156
38.3 156
38.4 124
38.5 80
38.6 85
38.7 86
38.8 88
38.9 105
39 113
39.1 119
39.2 121
39.3 124
39.4 139
39.5 142
39.6 149
39.7 165
39.8 179
39.9 198
40 194
40.1 186
40.2 174
40.3 169
40.4 169
40.5 174
40.6 186
40.7 194
40.8 198
40.9 201
41 204
41.1 180
41.2 144
41.3 106
41.4 68
41.5 28
41.6 0
41.7 0
41.8 0
41.9 0
42 37
42.1 81
42.2 122
42.3 141
42.4 158
42.5 173
42.6 185
42.7 201
42.8 208
42.9 214
43 221
43.1 228
43.2 235
43.3 240
43.4 243
43.5 246
43.6 249
43.7 252
43.8 257
43.9 258
44 256
44.1 257
44.2 252
44.3 245
44.4 234
44.5 204
44.6 161
44.7 144
44.8 139
44.9 149
45 151
45.1 150
45.2 136
45.3 113
45.4 79
45.5 81
45.6 87
45.7 80
45.8 116
45.9 133
46 145
46.1 137
46.2 149
46.3 171
46.4 176
46.5 186
46.6 184
46.7 192
46.8 209
46.9 229
47 245
47.1 255
47.2 251
47.3 247
47.4 240
47.5 229
47.6 228
47.7 227
47.8 209
47.9 163
48 155
48.1 155
48.2 154
48.3 153
48.4 103
48.5 69
48.6 75
48.7 77
48.8 78
48.9 102
49 106
49.1 110
49.2 112
49.3 123
49.4 128
49.5 131
49.6 135
49.7 136
49.8 155
49.9 169
50 183
50.1 196
50.2 186
50.3 174
50.4 163
50.5 151
50.6 152
50.7 155
50.8 165
50.9 171
51 177
51.1 178
51.2 180
51.3 185
51.4 191
51.5 193
51.6 194
51.7 195
51.8 197
51.9 201
52 203
52.1 202
52.2 206
52.3 207
52.4 194
52.5 146
52.6 99
52.7 54
52.8 7
52.9 0
53 0
53.1 0
53.2 0
53.3 0
53.4 42
53.5 71
53.6 87
53.7 106
53.8 123
53.9 142
54 163
54.1 183
54.2 190
54.3 183
54.4 173
54.5 169
54.6 170
54.7 171
54.8 181
54.9 191
55 194
55.1 197
55.2 198
55.3 203
55.4 208
55.5 211
55.6 213
55.7 211
55.8 214
55.9 217
56 220
56.1 220
56.2 221
56.3 226
56.4 241
56.5 248
56.6 245
56.7 234
56.8 226
56.9 216
57 212
57.1 214
57.2 220
57.3 229
57.4 239
57.5 244
57.6 247
57.7 249
57.8 255
57.9 257
58 256
58.1 255
58.2 257
58.3 257
58.4 257
58.5 254
58.6 220
58.7 190
58.8 189
58.9 189
59 189
59.1 184
59.2 162
59.3 140
59.4 135
59.5 136
59.6 139
59.7 163
59.8 177
59.9 134
60 91
60.1 97
60.2 106
60.3 90
60.4 129
60.5 148
60.6 155
60.7 151
60.8 162
60.9 185
61 193
61.1 200
61.2 204
61.3 220
61.4 245
61.5 253
61.6 244
61.7 239
61.8 227
61.9 230
62 230
62.1 230
62.2 201
62.3 181
62.4 184
62.5 185
62.6 186
62.7 187
62.8 158
62.9 166
63 167
63.1 169
63.2 174
63.3 160
63.4 163
63.5 165
63.6 160
63.7 115
63.8 67
63.9 15
64 0
64.1 0
64.2 0
64.3 0
64.4 0
64.5 12
64.6 52
64.7 69
64.8 89
64.9 107
65 128
65.1 149
65.2 171
65.3 175
65.4 173
65.5 162
65.6 160
65.7 160
65.8 166
65.9 177
66 184
66.1 185
66.2 186
66.3 188
66.4 196
66.5 200
66.6 201
66.7 203
66.8 202
66.9 204
67 208
67.1 211
67.2 212
67.3 216
67.4 224
67.5 222
67.6 215
67.7 206
67.8 192
67.9 185
68 184
68.1 185
68.2 193
68.3 197
68.4 203
68.5 201
68.6 202
68.7 204
68.8 209
68.9 212
69 215
69.1 215
69.2 215
69.3 218
69.4 220
69.5 223
69.6 226
69.7 228
69.8 229
69.9 224
70 216
70.1 202
70.2 197
70.3 197
70.4 199
70.5 204
70.6 213
70.7 221
70.8 223
70.9 225
71 226
71.1 231
71.2 237
71.3 242
71.4 243
71.5 243
71.6 246
71.7 249
71.8 251
71.9 253
72 255
72.1 257
72.2 256
72.3 248
72.4 242
72.5 240
72.6 249
72.7 253
72.8 230
72.9 186
73 181
73.1 191
73.2 195
73.3 196
73.4 167
73.5 108
73.6 99
73.7 103
73.8 108
73.9 113
74 143
74.1 145
74.2 150
74.3 159
74.4 179
74.5 205
74.6 210
74.7 203
74.8 160
74.9 113
75 72
75.1 25
75.2 0
75.3 0
75.4 0
75.5 0
75.6 0
75.7 50
75.8 98
75.9 125
76 141
76.1 160
76.2 177
76.3 193
76.4 203
76.5 211
76.6 222
76.7 231
76.8 240
76.9 244
77 256
77.1 258
77.2 257
77.3 254
77.4 249
77.5 239
77.6 230
77.7 209
77.8 172
77.9 155
78 166
78.1 177
78.2 186
78.3 181
78.4 160
78.5 118
78.6 76
78.7 82
78.8 91
78.9 72
79 120
79.1 130
79.2 134
79.3 129
79.4 144
79.5 162
79.6 168
79.7 173
79.8 181
79.9 204
80 228
80.1 228
80.2 219
80.3 204
80.4 194
80.5 195
80.6 198
80.7 203
80.8 212
80.9 214
81 217
81.1 220
81.2 221
81.3 226
81.4 231
81.5 234
81.6 237
81.7 239
81.8 238
81.9 242
82 246
82.1 248
82.2 247
82.3 247
82.4 248
82.5 258
82.6 257
82.7 256
82.8 249
82.9 239
83 227
83.1 212
83.2 190
83.3 158
83.4 156
83.5 166
83.6 168
83.7 175
83.8 151
83.9 114
84 71
84.1 62
84.2 70
84.3 58
84.4 94
84.5 111
84.6 116
84.7 108
84.8 129
84.9 148
85 154
85.1 156
85.2 165
85.3 193
85.4 217
85.5 229
85.6 221
85.7 206
85.8 197
85.9 199
86 184
86.1 132
86.2 91
86.3 44
86.4 0
86.5 0
86.6 0
86.7 0
86.8 0
86.9 10
87 64
87.1 93
87.2 115
87.3 136
87.4 156
87.5 172
87.6 182
87.7 194
87.8 204
87.9 214
88 226
88.1 238
88.2 257
88.3 256
88.4 250
88.5 244
88.6 236
88.7 230
88.8 228
88.9 215
89 181
89.1 169
89.2 171
89.3 173
89.4 172
89.5 159
89.6 108
89.7 66
89.8 66
89.9 64
90 63
90.1 100
90.2 109
90.3 111
90.4 110
90.5 128
90.6 156
90.7 172
90.8 187
90.9 183
91 185
91.1 176
91.2 169
91.3 168
91.4 170
91.5 183
91.6 196
91.7 200
91.8 201
91.9 202
92 209
92.1 218
92.2 225
92.3 226
92.4 227
92.5 230
92.6 236
92.7 241
92.8 247
92.9 247
93 250
93.1 256
93.2 256
93.3 254
93.4 245
93.5 232
93.6 222
93.7 216
93.8 192
93.9 158
94 159
94.1 167
94.2 173
94.3 167
94.4 104
94.5 60
94.6 65
94.7 70
94.8 70
94.9 91
95 96
95.1 99
95.2 102
95.3 110
95.4 119
95.5 127
95.6 144
95.7 156
95.8 171
95.9 161
96 149
96.1 138
96.2 133
96.3 136
96.4 147
96.5 154
96.6 157
96.7 156
96.8 161
96.9 165
97 173
97.1 174
97.2 149
97.3 103
97.4 57
97.5 7
97.6 0
97.7 0
97.8 0
97.9 0
98 0
98.1 17
98.2 44
98.3 64
98.4 83
98.5 101
98.6 109
98.7 119
98.8 129
98.9 138
99 144
99.1 159
99.2 178
99.3 194
99.4 188
99.5 180
99.6 170
99.7 168
99.8 167
99.9 169
100 178
