0.2 0.00448
0.3 0
0.4 0.0208
0.5 0
0.6 0.03328
0.7 0.00416
0.8 0.02912
0.9 0.0416
1 0.01664
1.1 0.07904
1.2 0.03744
1.3 0.02496
1.4 0.12896
1.5 0.05408
1.6 0.04992
1.7 0.03328
1.8 0.01664
1.9 0.11648
2 0.07488
2.1 0.0832
2.2 0.0624
2.3 0.03328
2.4 0.02496
2.5 0.0832
2.6 0.09152
2.7 0.07488
2.8 0.10816
2.9 0.02912
3 0.0416
3.1 0.12064
3.2 0.07488
3.3 0.04992
3.4 0.10848
3.5 0.1056
3.6 0.0384
3.7 0.288
3.8 0.1392
3.9 0.0528
4 0.0384
4.1 0.07744
4.2 0.048
4.3 0.0912
4.4 0.096
4.5 0.1248
4.6 0.21984
4.7 0.0208
4.8 0.03744
4.9 0.02912
5 0.05824
5.1 0.04992
5.2 0.0208
5.3 0.04992
5.4 0.05408
5.5 0.0624
5.6 0.0624
5.7 0.02912
5.8 0.03744
5.9 0.05408
6 0.05824
6.1 0.0624
6.2 0.05824
6.3 0.0208
6.4 0.0416
6.5 0.05408
6.6 0.05824
6.7 0.0624
6.8 0.0416
6.9 0.02496
7 0.04576
7.1 0.05408
7.2 0.05824
7.3 0.0624
7.4 0.02912
7.5 0.02912
7.6 0.04576
7.7 0.05408
7.8 0.0624
7.9 0.0624
8 0.0208
8.1 0.03328
8.2 0.04576
8.3 0.04576
8.4 0.05824
8.5 0.0624
8.6 0.01664
8.7 0.03328
8.8 0.04992
8.9 0.04576
9 0.05824
9.1 0.05824
9.2 0.01664
9.3 0.03328
9.4 0.04992
9.5 0.04576
9.6 0.0624
9.7 0.04992
9.8 0.0208
9.9 0.03328
10 0.04992
10.1 0.01248
10.2 0.04576
10.3 0.04992
10.4 0.02496
10.5 0.03328
10.6 0.04576
10.7 0
10.8 0.00416
10.9 0
11 0
11.1 0.00416
11.2 0
11.3 0.00416
11.4 0
11.5 0.00832
11.6 0.03744
11.7 0.03744
11.8 0.03744
11.9 0.03744
12 0.03744
12.1 0.0416
12.2 0.04576
12.3 0.0416
12.4 0.04576
12.5 0.04576
12.6 0.04576
12.7 0.04576
12.8 0.05408
12.9 0.06016
13 0.14464
13.1 0.16352
13.2 0.17024
13.3 0.10944
13.4 0.11552
13.5 0.1216
13.6 0.28032
13.7 0.0656
13.8 0.04992
13.9 0.04992
14 0.04992
14.1 0.05408
14.2 0.0208
14.3 0.04992
14.4 0.04992
14.5 0.05408
14.6 0.04576
14.7 0.04576
14.8 0.04992
14.9 0.04992
15 0.04992
15.1 0.04992
15.2 0.04992
15.3 0.04992
15.4 0.04992
15.5 0.04992
15.6 0.04992
15.7 0.05408
15.8 0.04992
15.9 0.04992
16 0.04992
16.1 0.05408
16.2 0.04992
16.3 0.04992
16.4 0.04992
16.5 0.05408
16.6 0.0624
16.7 0.05824
16.8 0.05824
16.9 0.0624
17 0.04992
17.1 0.0416
17.2 0.04576
17.3 0.0416
17.4 0.04992
17.5 0.05824
17.6 0.04992
17.7 0.05408
17.8 0.05408
17.9 0.04992
18 0.05824
18.1 0.05408
18.2 0.0624
18.3 0.07584
18.4 0.14112
18.5 0.15232
18.6 0.1904
18.7 0.2992
18.8 0.14432
18.9 0.09152
19 0.05824
19.1 0.04992
19.2 0.07904
19.3 0.05824
19.4 0.01664
19.5 0.04576
19.6 0.05824
19.7 0.05824
19.8 0.05408
19.9 0.0416
20 0.05824
20.1 0.06656
20.2 0.06656
20.3 0.0624
20.4 0.0624
20.5 0.05408
20.6 0.04992
20.7 0.04992
20.8 0.04576
20.9 0.0624
21 0.05824
21.1 0.05824
21.2 0.05408
21.3 0.05824
21.4 0.05824
21.5 0.0624
21.6 0.05824
21.7 0.0624
21.8 0.05824
21.9 0.0624
22 0.05824
22.1 0.0624
22.2 0.0624
22.3 0.05824
22.4 0.0624
22.5 0.0624
22.6 0.0624
22.7 0.0624
22.8 0.0624
22.9 0.0624
23 0.0624
23.1 0.05824
23.2 0.0624
23.3 0.0624
23.4 0.0624
23.5 0.0624
23.6 0.06656
23.7 0.07072
23.8 0.07488
23.9 0.07072
24 0.07072
24.1 0.0624
24.2 0.05408
24.3 0.05408
24.4 0.05408
24.5 0.06656
24.6 0.07072
24.7 0.13312
24.8 0.0624
24.9 0.06656
25 0.06656
25.1 0.07072
25.2 0.08736
25.3 0.0624
25.4 0.06656
25.5 0.07072
25.6 0.07072
25.7 0.07072
25.8 0.06656
25.9 0.06656
26 0.06656
26.1 0.06656
26.2 0.07072
26.3 0.06656
26.4 0.06656
26.5 0.06656
26.6 0.06656
26.7 0.06656
26.8 0.06656
26.9 0.06656
27 0.06656
27.1 0.07488
27.2 0.07488
27.3 0.07904
27.4 0.07488
27.5 0.07488
27.6 0.06656
27.7 0.0624
27.8 0.05824
27.9 0.05824
28 0.07072
28.1 0.07072
28.2 0.06656
28.3 0.07072
28.4 0.06656
28.5 0.06656
28.6 0.07072
28.7 0.07488
28.8 0.07072
28.9 0.07072
29 0.07072
29.1 0.07072
29.2 0.07488
29.3 0.07488
29.4 0.1408
29.5 0.1728
29.6 0.17824
29.7 0.1904
29.8 0.1984
29.9 0.44704
30 0.1904
30.1 0.19264
30.2 0.1728
30.3 0.0192
30.4 0
30.5 0.00832
30.6 0
30.7 0.00416
30.8 0.02912
30.9 0.04992
31 0.05408
31.1 0.05408
31.2 0.05824
31.3 0.0624
31.4 0.06656
31.5 0.06656
31.6 0.0624
31.7 0.07072
31.8 0.07072
31.9 0.07072
32 0.07072
32.1 0.07904
32.2 0.07904
32.3 0.0832
32.4 0.07072
32.5 0.0624
32.6 0.0624
32.7 0.07072
32.8 0.07488
32.9 0.07488
33 0.07072
33.1 0.07072
33.2 0.07072
33.3 0.07488
33.4 0.07904
33.5 0.07072
33.6 0.07488
33.7 0.07488
33.8 0.07488
33.9 0.07488
34 0.07488
34.1 0.07488
34.2 0.07488
34.3 0.07488
34.4 0.07904
34.5 0.07488
34.6 0.07488
34.7 0.07904
34.8 0.0832
34.9 0.08736
35 0.08736
35.1 0.07904
35.2 0.0624
35.3 0.06656
35.4 0.07488
35.5 0.0832
35.6 0.0832
35.7 0.07488
35.8 0.07488
35.9 0.07488
36 0.07904
36.1 0.0832
36.2 0.0832
36.3 0.07904
36.4 0.07904
36.5 0.07488
36.6 0.0832
36.7 0.07904
36.8 0.0832
36.9 0.07904
37 0.07904
37.1 0.0832
37.2 0.07904
37.3 0.0832
37.4 0.0832
37.5 0.09152
37.6 0.08736
37.7 0.1344
37.8 0.168
37.9 0.1632
38 0.1584
38.1 0.1872
38.2 0.2016
38.3 0.1888
38.4 0.104
38.5 0.07904
38.6 0.0832
38.7 0.08736
38.8 0.04992
38.9 0.07904
39 0.08736
39.1 0.0832
39.2 0.07904
39.3 0.06656
39.4 0.0832
39.5 0.0832
39.6 0.0832
39.7 0.07904
39.8 0.07488
39.9 0.0832
40 0.08736
40.1 0.09152
40.2 0.08736
40.3 0.09152
40.4 0.0832
40.5 0.06656
40.6 0.07488
40.7 0.07904
40.8 0.08736
40.9 0.0832
41 0.07904
41.1 0.07904
41.2 0.07904
41.3 0.08736
41.4 0.0832
41.5 0.07072
41.6 0
41.7 0.00416
41.8 0.00416
41.9 0
42 0.00416
42.1 0
42.2 0.04992
42.3 0.0624
42.4 0.05408
42.5 0.05824
42.6 0.0624
42.7 0.07072
42.8 0.07488
42.9 0.07488
43 0.07488
43.1 0.07488
43.2 0.07904
43.3 0.07904
43.4 0.0832
43.5 0.0832
43.6 0.07904
43.7 0.07904
43.8 0.0832
43.9 0.08736
44 0.0832
44.1 0.0832
44.2 0.0832
44.3 0.08736
44.4 0.104
44.5 0.21792
44.6 0.29792
44.7 0.29184
44.8 0.2128
44.9 0.21888
45 0.38912
45.1 0.32512
45.2 0.14336
45.3 0.0832
45.4 0.07488
45.5 0.09984
45.6 0.104
45.7 0.0208
45.8 0.07072
45.9 0.07904
46 0.11232
46.1 0.07488
46.2 0.0624
46.3 0.08736
46.4 0.08736
46.5 0.09984
46.6 0.0832
46.7 0.07904
46.8 0.08736
46.9 0.08736
47 0.09568
47.1 0.09152
47.2 0.0832
47.3 0.09568
47.4 0.09984
47.5 0.09568
47.6 0.10816
47.7 0.19008
47.8 0.1728
47.9 0.1824
48 0.2016
48.1 0.2208
48.2 0.2256
48.3 0.16256
48.4 0.09152
48.5 0.08736
48.6 0.09568
48.7 0.09568
48.8 0.04992
48.9 0.08736
49 0.09568
49.1 0.09568
49.2 0.07072
49.3 0.09152
49.4 0.09152
49.5 0.09152
49.6 0.09568
49.7 0.07904
49.8 0.09568
49.9 0.09152
50 0.09152
50.1 0.09568
50.2 0.09568
50.3 0.09984
50.4 0.104
50.5 0.09984
50.6 0.09152
50.7 0.0832
50.8 0.0832
50.9 0.09568
51 0.09568
51.1 0.09568
51.2 0.08736
51.3 0.09152
51.4 0.09152
51.5 0.104
51.6 0.09568
51.7 0.09152
51.8 0.09568
51.9 0.09152
52 0.09984
52.1 0.09568
52.2 0.09984
52.3 0.09152
52.4 0.09984
52.5 0.09568
52.6 0.09984
52.7 0.09568
52.8 0.09984
52.9 0.02496
53 0
53.1 0.00832
53.2 0
53.3 0.00416
53.4 0.04576
53.5 0.0624
53.6 0.0624
53.7 0.0624
53.8 0.07904
53.9 0.0832
54 0.07904
54.1 0.0832
54.2 0.0832
54.3 0.09984
54.4 0.09984
54.5 0.09984
54.6 0.09152
54.7 0.07904
54.8 0.08736
54.9 0.09152
55 0.09568
55.1 0.09568
55.2 0.09152
55.3 0.08736
55.4 0.09152
55.5 0.09984
55.6 0.09568
55.7 0.09568
55.8 0.09152
55.9 0.09568
56 0.09152
56.1 0.09984
56.2 0.09568
56.3 0.09568
56.4 0.09152
56.5 0.09568
56.6 0.09568
56.7 0.09568
56.8 0.09984
56.9 0.104
57 0.09984
57.1 0.08736
57.2 0.0832
57.3 0.07904
57.4 0.09152
57.5 0.09984
57.6 0.09568
57.7 0.09152
57.8 0.08736
57.9 0.08736
58 0.09152
58.1 0.09568
58.2 0.09152
58.3 0.09152
58.4 0.17312
58.5 0.24576
58.6 0.2736
58.7 0.27968
58.8 0.27968
58.9 0.2736
59 0.24928
59.1 0.46208
59.2 0.28768
59.3 0.2208
59.4 0.2208
59.5 0.2016
59.6 0.1248
59.7 0.09984
59.8 0.09568
59.9 0.09568
60 0.08736
60.1 0.08736
60.2 0.13312
60.3 0.01664
60.4 0.07488
60.5 0.08736
60.6 0.11232
60.7 0.07904
60.8 0.05824
60.9 0.08736
61 0.09152
61.1 0.10816
61.2 0.0832
61.3 0.07904
61.4 0.0832
61.5 0.09568
61.6 0.09152
61.7 0.10816
61.8 0.09568
61.9 0.09568
62 0.09984
62.1 0.07904
62.2 0.0832
62.3 0.09152
62.4 0.09568
62.5 0.09568
62.6 0.09984
62.7 0.15808
62.8 0.09568
62.9 0.09568
63 0.09568
63.1 0.09984
63.2 0.13312
63.3 0.09152
63.4 0.09568
63.5 0.09568
63.6 0.09984
63.7 0.10816
63.8 0.09984
63.9 0.09984
64 0.08736
64.1 0
64.2 0.00416
64.3 0.00416
64.4 0
64.5 0.02912
64.6 0.0624
64.7 0.06656
64.8 0.0624
64.9 0.07488
65 0.0832
65.1 0.07904
65.2 0.0832
65.3 0.0832
65.4 0.09984
65.5 0.09984
65.6 0.09984
65.7 0.09152
65.8 0.07904
65.9 0.0832
66 0.09984
66.1 0.09984
66.2 0.09568
66.3 0.08736
66.4 0.08736
66.5 0.09984
66.6 0.09984
66.7 0.09984
66.8 0.09152
66.9 0.09568
67 0.09568
67.1 0.09984
67.2 0.09984
67.3 0.09984
67.4 0.09568
67.5 0.09984
67.6 0.09568
67.7 0.09984
67.8 0.10816
67.9 0.104
68 0.09568
68.1 0.08736
68.2 0.08736
68.3 0.09152
68.4 0.104
68.5 0.09984
68.6 0.09568
68.7 0.09152
68.8 0.09568
68.9 0.09984
69 0.09984
69.1 0.09984
69.2 0.09568
69.3 0.09568
69.4 0.09568
69.5 0.09568
69.6 0.104
69.7 0.09984
69.8 0.09568
69.9 0.09984
70 0.09568
70.1 0.104
70.2 0.09568
70.3 0.09984
70.4 0.09152
70.5 0.0832
70.6 0.08736
70.7 0.09984
70.8 0.09984
70.9 0.09568
71 0.09152
71.1 0.09152
71.2 0.09152
71.3 0.09984
71.4 0.09984
71.5 0.09152
71.6 0.09568
71.7 0.09152
71.8 0.09568
71.9 0.09568
72 0.09568
72.1 0.09568
72.2 0.09152
72.3 0.09152
72.4 0.09152
72.5 0.0976
72.6 0.23872
72.7 0.26048
72.8 0.2432
72.9 0.23104
73 0.23712
73.1 0.26752
73.2 0.24576
73.3 0.18944
73.4 0.1248
73.5 0.09152
73.6 0.09568
73.7 0.09568
73.8 0.09152
73.9 0.04576
74 0.09152
74.1 0.09984
74.2 0.09568
74.3 0.0832
74.4 0.07488
74.5 0.09152
74.6 0.09984
74.7 0.09568
74.8 0.104
74.9 0.08736
75 0.104
75.1 0.0832
75.2 0.04576
75.3 0
75.4 0.00416
75.5 0.00416
75.6 0
75.7 0.00416
75.8 0.05408
75.9 0.0624
76 0.0624
76.1 0.0624
76.2 0.06656
76.3 0.07904
76.4 0.07904
76.5 0.0832
76.6 0.07904
76.7 0.07904
76.8 0.08736
76.9 0.08736
77 0.08736
77.1 0.08736
77.2 0.08736
77.3 0.0832
77.4 0.09152
77.5 0.09984
77.6 0.19264
77.7 0.33984
77.8 0.32224
77.9 0.23104
78 0.23712
78.1 0.23712
78.2 0.43776
78.3 0.33088
78.4 0.09152
78.5 0.08736
78.6 0.09568
78.7 0.0832
78.8 0.14144
78.9 0.00416
79 0.09152
79.1 0.09152
79.2 0.1248
79.3 0.06656
79.4 0.07072
79.5 0.09568
79.6 0.09568
79.7 0.11232
79.8 0.07904
79.9 0.0832
80 0.09984
80.1 0.09568
80.2 0.11232
80.3 0.104
80.4 0.104
80.5 0.09984
80.6 0.09152
80.7 0.0832
80.8 0.09984
80.9 0.09568
81 0.09984
81.1 0.09984
81.2 0.09152
81.3 0.09568
81.4 0.09568
81.5 0.09984
81.6 0.09984
81.7 0.104
81.8 0.09568
81.9 0.09568
82 0.09984
82.1 0.09984
82.2 0.09984
82.3 0.104
82.4 0.09568
82.5 0.09568
82.6 0.104
82.7 0.104
82.8 0.09568
82.9 0.104
83 0.10816
83.1 0.30112
83.2 0.35264
83.3 0.29184
83.4 0.26144
83.5 0.26144
83.6 0.304
83.7 0.47424
83.8 0.15936
83.9 0.09984
84 0.09152
84.1 0.09984
84.2 0.1456
84.3 0.0208
84.4 0.08736
84.5 0.09984
84.6 0.13312
84.7 0.06656
84.8 0.07904
84.9 0.09984
85 0.104
85.1 0.11232
85.2 0.0832
85.3 0.09152
85.4 0.09984
85.5 0.10816
85.6 0.11232
85.7 0.104
85.8 0.104
85.9 0.10816
86 0.104
86.1 0.09152
86.2 0.09984
86.3 0.09568
86.4 0.09984
86.5 0.0208
86.6 0
86.7 0.00832
86.8 0
86.9 0.00416
87 0.05408
87.1 0.06656
87.2 0.06656
87.3 0.07072
87.4 0.07904
87.5 0.08736
87.6 0.08736
87.7 0.08736
87.8 0.08736
87.9 0.08736
88 0.09984
88.1 0.09568
88.2 0.09568
88.3 0.09568
88.4 0.09568
88.5 0.09984
88.6 0.10816
88.7 0.11232
88.8 0.17632
88.9 0.26752
89 0.26144
89.1 0.26144
89.2 0.29792
89.3 0.32224
89.4 0.40192
89.5 0.1344
89.6 0.08736
89.7 0.09984
89.8 0.10816
89.9 0.1248
90 0.0208
90.1 0.09984
90.2 0.10816
90.3 0.12064
90.4 0.0624
90.5 0.08736
90.6 0.09984
90.7 0.104
90.8 0.104
90.9 0.0832
91 0.104
91.1 0.11232
91.2 0.11232
91.3 0.10816
91.4 0.07904
91.5 0.0832
91.6 0.104
91.7 0.10816
91.8 0.10816
91.9 0.09152
92 0.09152
92.1 0.09568
92.2 0.104
92.3 0.10816
92.4 0.09984
92.5 0.09568
92.6 0.09984
92.7 0.09568
92.8 0.104
92.9 0.10816
93 0.104
93.1 0.09568
93.2 0.09984
93.3 0.09984
93.4 0.104
93.5 0.10816
93.6 0.11648
93.7 0.17472
93.8 0.2256
93.9 0.2112
94 0.2112
94.1 0.2256
94.2 0.2688
94.3 0.19968
94.4 0.09568
94.5 0.09568
94.6 0.09568
94.7 0.11232
94.8 0.0624
94.9 0.09568
95 0.09984
95.1 0.10816
95.2 0.0832
95.3 0.09568
95.4 0.09984
95.5 0.09984
95.6 0.104
95.7 0.08736
95.8 0.09984
95.9 0.11232
96 0.10816
96.1 0.11232
96.2 0.09984
96.3 0.09152
96.4 0.09152
96.5 0.104
96.6 0.104
96.7 0.09984
96.8 0.09568
96.9 0.09984
97 0.09984
97.1 0.10816
97.2 0.09984
97.3 0.09984
97.4 0.09984
97.5 0.104
97.6 0.07904
97.7 0
97.8 0.00832
97.9 0
98 0.00416
98.1 0.05824
98.2 0.0624
98.3 0.06656
98.4 0.07488
98.5 0.0832
98.6 0.08736
98.7 0.08736
98.8 0.08736
98.9 0.09152
99 0.09568
99.1 0.09568
99.2 0.09568
99.3 0.09568
99.4 0.09984
99.5 0.10816
99.6 0.10816
99.7 0.10816
99.8 0.09984
99.9 0.08736
100 0.09984
