0.1 0.00448
0.2 0
0.3 1.20416
0.4 0
0.5 1.8
0.6 0.36
0.7 1.8
0.8 2.28
0.9 2.4
1 3.24
1.1 3.48
1.2 6.24
1.3 7.08
1.4 3
1.5 8.16
1.6 8.52
1.7 3.24
1.8 1.92
1.9 0.96
2 6.72
2.1 4.32
2.2 4.8
2.3 3.48
2.4 2.04
2.5 1.44
2.6 4.68
2.7 5.28
2.8 4.44
2.9 6.24
3 1.68
3.1 2.4
3.2 6.84
3.3 2.16
3.4 1.32
3.5 1.44
3.6 1.32
3.7 1.32
3.8 1.32
3.9 1.32
4 4.2
4.1 4.8
4.2 3
4.3 1.2
4.4 2.28
4.5 2.28
4.6 3.24
4.7 1.92
4.8 1.08
4.9 3
5 3.84
5.1 3.84
5.2 3.84
5.3 1.56
5.4 2.88
5.5 3
5.6 3.84
5.7 3.72
5.8 1.44
5.9 2.16
6 3
6.1 3.36
6.2 3.72
6.3 3.36
6.4 1.2
6.5 2.4
6.6 3.12
6.7 3.36
6.8 3.36
6.9 2.64
7 1.44
7.1 2.64
7.2 3
7.3 3.72
7.4 3.48
7.5 1.56
7.6 1.56
7.7 2.76
7.8 2.4
7.9 3.6
8 3.36
8.1 1.44
8.2 1.8
8.3 2.76
8.4 2.52
8.5 3.48
8.6 3.36
8.7 1.2
8.8 1.92
8.9 2.76
9 2.76
9.1 3.6
9.2 2.64
9.3 1.44
9.4 1.92
9.5 2.88
9.6 0.72
9.7 1.56
9.8 2.76
9.9 1.68
10 1.92
10.1 2.76
10.2 0.84
10.3 0
10.4 0
10.5 0
10.6 0
10.7 0.36
10.8 0
10.9 0.12
11 0
11.1 0
11.2 1.68
11.3 2.76
11.4 2.88
11.5 2.76
11.6 2.76
11.7 2.76
11.8 2.76
11.9 2.76
12 2.76
12.1 2.76
12.2 3
12.3 3.48
12.4 3.36
12.5 3.48
12.6 3.48
12.7 3.12
12.8 2.04
12.9 2.04
13 2.16
13.1 2.16
13.2 2.4
13.3 3
13.4 3.12
13.5 3.12
13.6 3
13.7 3.12
13.8 0.6
13.9 2.4
14 3
14.1 3.12
14.2 3.12
14.3 3
14.4 3.12
14.5 3.12
14.6 3
14.7 3.12
14.8 3
14.9 3.12
15 3.12
15.1 3
15.2 3.12
15.3 3.12
15.4 3
15.5 3.12
15.6 3.12
15.7 3
15.8 3.12
15.9 3.12
16 3.36
16.1 3.84
16.2 3.84
16.3 3.84
16.4 3.84
16.5 2.52
16.6 2.4
16.7 2.28
16.8 2.28
16.9 2.64
17 3.24
17.1 3.24
17.2 3.36
17.3 3.36
17.4 3.36
17.5 3.24
17.6 3.36
17.7 3.36
17.8 3.24
17.9 3.36
18 3.36
18.1 3.24
18.2 3.36
18.3 3.36
18.4 3.36
18.5 3.24
18.6 3.24
18.7 3.36
18.8 3.24
18.9 3.36
19 1.68
19.1 0.48
19.2 3.36
19.3 3.36
19.4 3.24
19.5 3.36
19.6 3.36
19.7 4.2
19.8 4.08
19.9 4.2
20 4.2
20.1 3.12
20.2 2.52
20.3 2.4
20.4 2.52
20.5 3.48
20.6 3.6
20.7 3.6
20.8 3.72
20.9 3.6
21 3.6
21.1 3.72
21.2 3.6
21.3 3.6
21.4 3.72
21.5 3.6
21.6 3.6
21.7 3.6
21.8 3.72
21.9 3.6
22 3.6
22.1 3.72
22.2 3.6
22.3 3.6
22.4 3.72
22.5 3.6
22.6 3.6
22.7 3.6
22.8 3.72
22.9 3.6
23 3.6
23.1 3.96
23.2 4.56
23.3 4.56
23.4 4.56
23.5 4.56
23.6 2.76
23.7 2.76
23.8 2.76
23.9 2.76
24 3.48
24.1 3.84
24.2 3.96
24.3 4.08
24.4 3.96
24.5 4.08
24.6 3.96
24.7 3.96
24.8 4.08
24.9 3.96
25 3.96
25.1 4.08
25.2 3.96
25.3 4.08
25.4 3.96
25.5 4.08
25.6 4.08
25.7 4.08
25.8 4.08
25.9 3.96
26 4.08
26.1 4.08
26.2 4.08
26.3 3.96
26.4 4.08
26.5 4.08
26.6 4.08
26.7 5.04
26.8 5.04
26.9 5.16
27 5.04
27.1 3.84
27.2 3.12
27.3 3
27.4 3
27.5 3.36
27.6 4.2
27.7 4.32
27.8 4.32
27.9 4.32
28 4.32
28.1 4.32
28.2 4.32
28.3 4.32
28.4 4.32
28.5 4.32
28.6 4.32
28.7 4.32
28.8 4.32
28.9 4.32
29 4.44
29.1 4.32
29.2 4.32
29.3 4.32
29.4 4.32
29.5 4.32
29.6 4.32
29.7 4.2
29.8 3.84
29.9 0
30 0
30.1 0
30.2 0.12
30.3 0
30.4 0.36
30.5 0
30.6 1.32
30.7 4.32
30.8 4.32
30.9 4.32
31 4.32
31.1 4.32
31.2 4.32
31.3 4.32
31.4 4.32
31.5 4.32
31.6 4.44
31.7 5.4
31.8 5.4
31.9 5.4
32 3.72
32.1 3.24
32.2 3.24
32.3 3.72
32.4 4.32
32.5 4.44
32.6 4.44
32.7 4.56
32.8 4.44
32.9 4.44
33 4.44
33.1 4.44
33.2 4.44
33.3 4.44
33.4 4.44
33.5 4.44
33.6 4.44
33.7 4.44
33.8 4.44
33.9 4.44
34 4.44
34.1 4.44
34.2 4.56
34.3 5.16
34.4 5.52
34.5 5.52
34.6 4.8
34.7 3.36
34.8 3.36
34.9 3.36
35 4.56
35.1 4.56
35.2 4.8
35.3 4.68
35.4 4.68
35.5 4.68
35.6 4.8
35.7 4.68
35.8 4.68
35.9 4.68
36 4.68
36.1 4.8
36.2 4.68
36.3 4.68
36.4 4.68
36.5 4.8
36.6 4.68
36.7 4.68
36.8 4.68
36.9 5.04
37 5.88
37.1 5.88
37.2 5.64
37.3 3.36
37.4 3.48
37.5 3.48
37.6 4.32
37.7 4.8
37.8 4.92
37.9 4.44
38 4.92
38.1 5.04
38.2 4.92
38.3 4.92
38.4 2.52
38.5 0.72
38.6 5.04
38.7 4.92
38.8 5.04
38.9 4.92
39 5.04
39.1 4.92
39.2 4.92
39.3 5.04
39.4 4.92
39.5 5.04
39.6 5.4
39.7 6.24
39.8 6.24
39.9 6.12
40 3.72
40.1 3.72
40.2 3.72
40.3 4.68
40.4 4.92
40.5 5.04
40.6 5.04
40.7 5.04
40.8 5.04
40.9 5.16
41 5.04
41.1 0.84
41.2 0
41.3 0
41.4 0
41.5 0
41.6 0.36
41.7 0
41.8 0.12
41.9 0.24
42 5.04
42.1 5.04
42.2 5.16
42.3 5.04
42.4 5.04
42.5 5.04
42.6 5.04
42.7 5.04
42.8 5.04
42.9 5.16
43 5.04
43.1 5.04
43.2 5.04
43.3 5.04
43.4 5.04
43.5 5.04
43.6 5.16
43.7 5.04
43.8 5.28
43.9 6.36
44 6.36
44.1 6.24
44.2 5.04
44.3 3.84
44.4 3.84
44.5 3.72
44.6 4.92
44.7 5.28
44.8 5.52
44.9 5.52
45 4.32
45.1 5.16
45.2 5.64
45.3 1.92
45.4 0
45.5 5.16
45.6 5.52
45.7 5.52
45.8 5.52
45.9 5.64
46 5.52
46.1 5.52
46.2 5.52
46.3 5.64
46.4 5.52
46.5 5.52
46.6 5.52
46.7 5.64
46.8 6.36
46.9 6.96
47 6.84
47.1 6.96
47.2 4.44
47.3 4.2
47.4 4.2
47.5 4.32
47.6 5.64
47.7 5.52
47.8 5.16
47.9 4.44
48 4.56
48.1 4.92
48.2 5.52
48.3 5.52
48.4 0.72
48.5 2.16
48.6 5.52
48.7 5.52
48.8 5.52
48.9 5.64
49 5.52
49.1 5.52
49.2 5.64
49.3 5.52
49.4 5.52
49.5 5.52
49.6 5.64
49.7 5.52
49.8 6.84
49.9 6.96
50 6.96
50.1 6.24
50.2 4.2
50.3 4.2
50.4 4.08
50.5 4.92
50.6 5.64
50.7 5.76
50.8 5.76
50.9 5.64
51 5.76
51.1 5.76
51.2 5.64
51.3 5.76
51.4 5.64
51.5 5.76
51.6 5.76
51.7 5.64
51.8 5.76
51.9 5.76
52 5.64
52.1 5.76
52.2 5.76
52.3 5.64
52.4 3.36
52.5 0
52.6 0
52.7 0
52.8 0
52.9 0
53 0.36
53.1 0
53.2 1.32
53.3 5.76
53.4 5.76
53.5 5.64
53.6 5.76
53.7 5.76
53.8 5.64
53.9 6.84
54 7.2
54.1 7.2
54.2 4.92
54.3 4.32
54.4 4.32
54.5 5.28
54.6 5.64
54.7 5.76
54.8 5.76
54.9 5.64
55 5.76
55.1 5.76
55.2 5.64
55.3 5.76
55.4 5.76
55.5 5.64
55.6 5.52
55.7 5.64
55.8 5.64
55.9 5.64
56 5.52
56.1 5.64
56.2 5.64
56.3 6
56.4 7.08
56.5 5.76
56.6 4.92
56.7 4.2
56.8 4.2
56.9 4.56
57 5.64
57.1 5.52
57.2 5.64
57.3 5.64
57.4 5.64
57.5 5.64
57.6 5.64
57.7 5.64
57.8 5.52
57.9 5.64
58 5.64
58.1 5.64
58.2 5.52
58.3 5.52
58.4 5.28
58.5 5.28
58.6 5.52
58.7 5.4
58.8 5.64
58.9 5.4
59 5.4
59.1 4.44
59.2 4.2
59.3 4.08
59.4 5.16
59.5 5.64
59.6 5.52
59.7 7.44
59.8 6.6
59.9 0
60 0.72
60.1 5.64
60.2 5.64
60.3 5.64
60.4 5.64
60.5 5.76
60.6 5.64
60.7 5.76
60.8 5.64
60.9 5.76
61 5.64
61.1 5.76
61.2 6.24
61.3 7.08
61.4 7.2
61.5 5.64
61.6 4.32
61.7 4.32
61.8 4.56
61.9 5.64
62 5.76
62.1 5.64
62.2 5.76
62.3 5.64
62.4 5.76
62.5 5.64
62.6 5.76
62.7 5.64
62.8 5.76
62.9 5.64
63 5.76
63.1 5.76
63.2 5.76
63.3 5.76
63.4 5.76
63.5 5.76
63.6 4.08
63.7 0
63.8 0
63.9 0
64 0
64.1 0.36
64.2 0
64.3 0.12
64.4 4.44
64.5 5.76
64.6 5.76
64.7 5.88
64.8 5.76
64.9 5.76
65 6.84
65.1 7.2
65.2 7.32
65.3 5.04
65.4 4.32
65.5 4.32
65.6 5.64
65.7 5.88
65.8 5.76
65.9 5.76
66 5.88
66.1 5.76
66.2 5.76
66.3 5.76
66.4 5.88
66.5 5.76
66.6 5.76
66.7 5.88
66.8 5.76
66.9 5.76
67 5.88
67.1 5.76
67.2 5.76
67.3 6.48
67.4 6.48
67.5 5.52
67.6 4.68
67.7 4.32
67.8 4.32
67.9 5.4
68 5.76
68.1 5.76
68.2 5.88
68.3 5.76
68.4 5.76
68.5 5.88
68.6 5.76
68.7 5.76
68.8 5.76
68.9 5.88
69 5.76
69.1 5.76
69.2 5.88
69.3 5.76
69.4 5.76
69.5 5.76
69.6 6.12
69.7 5.88
69.8 5.76
69.9 4.92
70 4.32
70.1 4.32
70.2 5.04
70.3 5.76
70.4 5.76
70.5 5.76
70.6 5.76
70.7 5.88
70.8 5.76
70.9 5.76
71 5.76
71.1 5.76
71.2 5.76
71.3 5.52
71.4 5.76
71.5 5.64
71.6 5.52
71.7 5.4
71.8 5.4
71.9 5.4
72 5.76
72.1 5.64
72.2 5.04
72.3 4.32
72.4 4.32
72.5 4.68
72.6 5.88
72.7 5.52
72.8 5.28
72.9 4.8
73 5.4
73.1 5.76
73.2 5.76
73.3 5.52
73.4 2.76
73.5 0
73.6 4.44
73.7 5.76
73.8 5.88
73.9 5.76
74 5.76
74.1 5.64
74.2 5.76
74.3 6.36
74.4 7.2
74.5 7.08
74.6 5.52
74.7 3.84
74.8 0
74.9 0
75 0
75.1 0
75.2 0
75.3 0.36
75.4 0
75.5 0.12
75.6 3.96
75.7 5.76
75.8 5.76
75.9 5.52
76 5.64
76.1 5.64
76.2 5.52
76.3 5.64
76.4 5.52
76.5 5.64
76.6 5.64
76.7 5.52
76.8 5.64
76.9 5.64
77 6.6
77.1 7.08
77.2 6.96
77.3 5.88
77.4 4.2
77.5 4.2
77.6 4.2
77.7 5.64
77.8 5.52
77.9 5.76
78 6
78.1 5.88
78.2 5.88
78.3 5.88
78.4 5.04
78.5 0
78.6 0.48
78.7 5.88
78.8 5.88
78.9 5.88
79 6
79.1 5.88
79.2 5.88
79.3 5.88
79.4 5.88
79.5 6
79.6 5.88
79.7 6.12
79.8 7.32
79.9 7.44
80 7.32
80.1 5.28
80.2 4.44
80.3 4.44
80.4 4.8
80.5 6
80.6 5.88
80.7 5.88
80.8 5.88
80.9 5.88
81 6
81.1 5.88
81.2 5.88
81.3 5.88
81.4 5.88
81.5 6
81.6 5.88
81.7 5.88
81.8 5.88
81.9 6
82 5.88
82.1 5.88
82.2 5.88
82.3 5.88
82.4 6
82.5 7.2
82.6 7.32
82.7 7.2
82.8 5.04
82.9 4.32
83 4.44
83.1 4.56
83.2 5.88
83.3 6.12
83.4 6.36
83.5 6.24
83.6 5.64
83.7 6.24
83.8 6.36
83.9 1.32
84 0
84.1 4.92
84.2 6.24
84.3 6.24
84.4 6.36
84.5 6.24
84.6 6.24
84.7 6.36
84.8 6.24
84.9 6.24
85 6.36
85.1 6.24
85.2 7.44
85.3 7.8
85.4 7.92
85.5 6.96
85.6 4.68
85.7 4.68
85.8 4.68
85.9 6.12
86 3.48
86.1 0
86.2 0
86.3 0
86.4 0
86.5 0
86.6 0.36
86.7 0
86.8 2.4
86.9 6.36
87 6.24
87.1 6.36
87.2 6.24
87.3 6.24
87.4 6.36
87.5 6.24
87.6 6.24
87.7 6.36
87.8 6.24
87.9 6.24
88 6.36
88.1 7.44
88.2 7.8
88.3 7.68
88.4 4.8
88.5 4.68
88.6 4.68
88.7 5.52
88.8 6.24
88.9 6.12
89 5.64
89.1 5.04
89.2 5.52
89.3 6.12
89.4 6.24
89.5 6.24
89.6 0.12
89.7 0
89.8 6
89.9 6.24
90 6.12
90.1 6.24
90.2 6.12
90.3 6.24
90.4 6.24
90.5 6.12
90.6 7.68
90.7 7.68
90.8 7.8
90.9 5.04
91 4.56
91.1 4.68
91.2 5.76
91.3 6.12
91.4 6.12
91.5 6.12
91.6 6.24
91.7 6.12
91.8 6.12
91.9 6.12
92 6.12
92.1 6.12
92.2 6.12
92.3 6.12
92.4 6.12
92.5 6.12
92.6 6.24
92.7 6.12
92.8 6.12
92.9 6.12
93 6.48
93.1 7.32
93.2 5.76
93.3 5.28
93.4 4.68
93.5 4.56
93.6 4.68
93.7 6.12
93.8 5.88
93.9 5.76
94 5.52
94.1 6.12
94.2 6.12
94.3 6.24
94.4 1.08
94.5 0.48
94.6 6.12
94.7 6
94.8 6.12
94.9 6
95 6.12
95.1 6
95.2 6.12
95.3 6.12
95.4 6
95.5 6.84
95.6 7.56
95.7 7.68
95.8 6.24
95.9 4.56
96 4.56
96.1 5.04
96.2 6
96.3 6.12
96.4 6.12
96.5 6.12
96.6 6.12
96.7 6.12
96.8 6.24
96.9 6.12
97 6.12
97.1 6.12
97.2 2.76
97.3 0
97.4 0
97.5 0
97.6 0
97.7 0.36
97.8 0
97.9 0.48
98 6.12
98.1 6.24
98.2 6.12
98.3 6.12
98.4 6.12
98.5 6.12
98.6 6.12
98.7 6.12
98.8 6.12
98.9 6.12
99 6.12
99.1 7.44
99.2 7.68
99.3 7.44
99.4 4.56
99.5 4.68
99.6 5.04
99.7 6.12
99.8 6.12
99.9 6.12
100 6.12
