0.1 0.00448
0.2 0
0.3 1.20416
0.4 0
0.5 2.16
0.6 0
0.7 4.32
0.8 0
0.9 8.64
1 0
1.1 17.28
1.2 0
1.3 14.88
1.4 17.28
1.5 5.28
1.6 13.44
1.7 14.4
1.8 15.84
1.9 18.24
2 6.24
2.1 7.08
2.2 5.64
2.3 0.6
2.4 3.6
2.5 8.52
2.6 5.28
2.7 4.8
2.8 5.52
2.9 14.16
3 8.16
3.1 7.68
3.2 3.12
3.3 5.52
3.4 17.04
3.5 7.32
3.6 7.8
3.7 9.72
3.8 2.76
3.9 6.96
4 9.24
4.1 2.52
4.2 5.64
4.3 8.76
4.4 7.68
4.5 7.68
4.6 6.84
4.7 3.36
4.8 9.48
4.9 7.8
5 8.64
5.1 6.6
5.2 7.44
5.3 9.24
5.4 7.2
5.5 7.2
5.6 6.72
5.7 6.36
5.8 8.52
5.9 8.16
6 7.2
6.1 6.72
6.2 6.72
6.3 6.96
6.4 8.88
6.5 7.92
6.6 7.2
6.7 6.72
6.8 6.6
6.9 7.68
7 8.76
7.1 7.68
7.2 7.08
7.3 6.6
7.4 6.72
7.5 8.28
7.6 8.52
7.7 7.32
7.8 7.08
7.9 6.36
8 6.6
8.1 9
8.2 8.16
8.3 7.32
8.4 7.56
8.5 6.48
8.6 6.6
8.7 8.88
8.8 8.28
8.9 7.2
9 7.44
9.1 6.6
9.2 6.48
9.3 9.12
9.4 7.92
9.5 7.2
9.6 7.44
9.7 6.6
9.8 6.96
9.9 8.88
10 7.92
10.1 7.2
10.2 9.12
10.3 7.44
10.4 7.2
10.5 8.64
10.6 7.92
10.7 7.2
10.8 10.08
10.9 10.08
11 9.84
11.1 10.08
11.2 9.6
11.3 10.08
11.4 9.96
11.5 9.84
11.6 9.84
11.7 7.92
11.8 7.8
11.9 7.68
12 8.04
12.1 7.68
12.2 8.04
12.3 7.2
12.4 7.56
12.5 7.44
12.6 7.44
12.7 7.56
12.8 7.2
12.9 6.84
13 6.96
13.1 1.56
13.2 0
13.3 6.24
13.4 7.8
13.5 7.8
13.6 7.56
13.7 4.92
13.8 7.8
13.9 7.44
14 7.44
14.1 7.32
14.2 7.32
14.3 9.24
14.4 7.32
14.5 7.68
14.6 7.08
14.7 7.8
14.8 7.92
14.9 7.32
15 7.56
15.1 7.44
15.2 7.56
15.3 7.56
15.4 7.32
15.5 7.56
15.6 7.32
15.7 7.44
15.8 7.32
15.9 7.56
16 7.2
16.1 7.32
16.2 7.44
16.3 7.2
16.4 7.44
16.5 7.2
16.6 6.96
16.7 6.96
16.8 6.72
16.9 6.72
17 6.6
17.1 7.44
17.2 7.56
17.3 7.68
17.4 7.56
17.5 7.44
17.6 6.84
17.7 7.08
17.8 7.08
17.9 7.08
18 7.08
18.1 3.84
18.2 0
18.3 3.6
18.4 6.84
18.5 6.84
18.6 6.6
18.7 7.32
18.8 3.36
18.9 6.84
19 6.72
19.1 6.72
19.2 7.68
19.3 5.4
19.4 6.84
19.5 9.12
19.6 7.68
19.7 6.72
19.8 6.84
19.9 7.2
20 7.68
20.1 7.08
20.2 6.12
20.3 6.72
20.4 6.48
20.5 6.72
20.6 6.96
20.7 7.32
20.8 7.44
20.9 7.44
21 6.6
21.1 6.72
21.2 6.84
21.3 6.84
21.4 6.96
21.5 6.6
21.6 6.6
21.7 6.84
21.8 6.6
21.9 6.6
22 6.6
22.1 6.6
22.2 6.48
22.3 6.6
22.4 6.6
22.5 6.6
22.6 6.24
22.7 6.6
22.8 6.48
22.9 6.36
23 6.48
23.1 6.48
23.2 6.6
23.3 6.24
23.4 6.48
23.5 6.48
23.6 6.24
23.7 6.24
23.8 5.88
23.9 6
24 5.76
24.1 5.76
24.2 2.4
24.3 0
24.4 6.84
24.5 6.72
24.6 6.24
24.7 5.88
24.8 3.24
24.9 6.84
25 6.48
25.1 6.24
25.2 6.24
25.3 5.28
25.4 6.6
25.5 6.6
25.6 6.24
25.7 6.36
25.8 6.12
25.9 6.6
26 6.36
26.1 6.48
26.2 6.36
26.3 6.36
26.4 6.48
26.5 6.36
26.6 6.48
26.7 6.48
26.8 6.24
26.9 6.36
27 6.48
27.1 6.48
27.2 5.88
27.3 5.76
27.4 5.76
27.5 5.88
27.6 5.76
27.7 6.12
27.8 6.72
27.9 6.84
28 6.72
28.1 6.12
28.2 5.88
28.3 6.36
28.4 6.12
28.5 6.12
28.6 6.36
28.7 5.88
28.8 6.12
28.9 5.76
29 5.88
29.1 6
29.2 5.88
29.3 4.92
29.4 0
29.5 1.56
29.6 5.64
29.7 5.88
29.8 5.76
29.9 5.64
30 1.92
30.1 5.76
30.2 5.76
30.3 5.64
30.4 10.08
30.5 10.08
30.6 9.72
30.7 10.32
30.8 10.08
30.9 8.4
31 7.32
31.1 7.2
31.2 7.2
31.3 6.6
31.4 6.48
31.5 6.36
31.6 6.48
31.7 6.48
31.8 6.12
31.9 6.12
32 6.12
32.1 6
32.2 5.64
32.3 5.4
32.4 5.4
32.5 5.88
32.6 6.6
32.7 6.36
32.8 6.36
32.9 5.64
33 5.76
33.1 5.88
33.2 6.12
33.3 5.76
33.4 5.88
33.5 5.52
33.6 5.88
33.7 5.88
33.8 5.76
33.9 5.52
34 5.64
34.1 5.76
34.2 5.76
34.3 5.52
34.4 5.76
34.5 5.52
34.6 5.64
34.7 5.76
34.8 5.52
34.9 5.04
35 5.04
35.1 5.04
35.2 5.28
35.3 6.24
35.4 6.24
35.5 5.76
35.6 5.28
35.7 5.04
35.8 5.52
35.9 5.76
36 5.76
36.1 5.28
36.2 5.28
36.3 5.28
36.4 5.4
36.5 5.52
36.6 5.52
36.7 5.28
36.8 5.4
36.9 5.28
37 5.64
37.1 5.28
37.2 5.4
37.3 5.28
37.4 5.52
37.5 5.16
37.6 4.8
37.7 4.8
37.8 3.48
37.9 0.12
38 3.84
38.1 6
38.2 5.28
38.3 5.04
38.4 2.52
38.5 4.92
38.6 5.64
38.7 5.52
38.8 5.16
38.9 7.32
39 5.52
39.1 5.64
39.2 5.28
39.3 5.64
39.4 6.6
39.5 5.28
39.6 5.52
39.7 5.64
39.8 5.76
39.9 5.88
40 5.52
40.1 5.28
40.2 4.8
40.3 5.04
40.4 5.04
40.5 5.52
40.6 6.24
40.7 6
40.8 5.4
40.9 5.28
41 5.4
41.1 5.76
41.2 5.4
41.3 5.76
41.4 5.16
41.5 5.16
41.6 5.88
41.7 10.32
41.8 10.08
41.9 9.96
42 9.96
42.1 10.2
42.2 9.96
42.3 7.2
42.4 6.6
42.5 6.72
42.6 6.48
42.7 6.84
42.8 5.76
42.9 5.64
43 5.76
43.1 5.52
43.2 5.76
43.3 5.52
43.4 5.28
43.5 5.4
43.6 5.28
43.7 5.28
43.8 5.52
43.9 5.04
44 5.04
44.1 5.28
44.2 5.04
44.3 5.28
44.4 5.04
44.5 2.16
44.6 0
44.7 2.88
44.8 4.2
44.9 5.76
45 5.76
45.1 4.08
45.2 3.24
45.3 5.04
45.4 5.64
45.5 5.88
45.6 4.44
45.7 4.08
45.8 9.24
45.9 6.36
46 5.52
46.1 3.6
46.2 6
46.3 6.84
46.4 5.4
46.5 5.04
46.6 4.32
46.7 5.52
46.8 5.88
46.9 5.28
47 5.04
47.1 4.56
47.2 5.04
47.3 5.52
47.4 4.68
47.5 4.32
47.6 4.56
47.7 4.2
47.8 2.04
47.9 0
48 5.04
48.1 4.92
48.2 4.56
48.3 4.32
48.4 2.16
48.5 4.92
48.6 5.16
48.7 4.68
48.8 4.44
48.9 7.44
49 4.92
49.1 4.8
49.2 4.44
49.3 6.24
49.4 4.92
49.5 4.68
49.6 5.04
49.7 4.68
49.8 5.4
49.9 4.68
50 4.92
50.1 4.68
50.2 4.68
50.3 4.44
50.4 4.44
50.5 3.84
50.6 4.44
50.7 4.68
50.8 5.64
50.9 5.04
51 4.68
51.1 4.32
51.2 4.44
51.3 5.04
51.4 4.92
51.5 4.56
51.6 4.2
51.7 4.56
51.8 4.56
51.9 4.56
52 4.56
52.1 4.32
52.2 4.68
52.3 4.32
52.4 4.56
52.5 4.32
52.6 4.32
52.7 4.32
52.8 4.32
52.9 4.32
53 8.4
53.1 10.08
53.2 9.6
53.3 10.08
53.4 9.84
53.5 7.44
53.6 6.24
53.7 6.48
53.8 6.24
53.9 5.52
54 5.28
54.1 5.4
54.2 5.28
54.3 5.04
54.4 4.44
54.5 4.32
54.6 4.32
54.7 4.68
54.8 5.28
54.9 5.4
55 4.68
55.1 4.32
55.2 4.68
55.3 4.92
55.4 4.8
55.5 4.92
55.6 4.32
55.7 4.44
55.8 4.56
55.9 4.68
56 4.68
56.1 4.68
56.2 4.32
56.3 4.68
56.4 4.68
56.5 4.8
56.6 4.68
56.7 4.44
56.8 4.8
56.9 4.44
57 4.08
57.1 4.44
57.2 5.28
57.3 5.28
57.4 5.64
57.5 5.04
57.6 4.56
57.7 4.8
57.8 4.8
57.9 5.16
58 5.4
58.1 5.04
58.2 4.92
58.3 4.92
58.4 5.16
58.5 4.44
58.6 0
58.7 1.32
58.8 4.44
58.9 4.56
59 4.56
59.1 5.04
59.2 2.4
59.3 3.6
59.4 4.56
59.5 4.44
59.6 4.92
59.7 5.52
59.8 4.44
59.9 4.8
60 4.56
60.1 5.16
60.2 5.28
60.3 2.64
60.4 9.72
60.5 5.88
60.6 5.04
60.7 3.84
60.8 5.88
60.9 6.84
61 5.28
61.1 4.8
61.2 4.32
61.3 5.28
61.4 5.88
61.5 5.28
61.6 4.8
61.7 4.92
61.8 3.84
61.9 4.56
62 4.68
62.1 4.2
62.2 0.36
62.3 2.28
62.4 4.56
62.5 4.56
62.6 4.44
62.7 4.32
62.8 1.08
62.9 4.8
63 4.68
63.1 4.44
63.2 4.56
63.3 2.4
63.4 5.04
63.5 4.56
63.6 4.44
63.7 4.44
63.8 4.08
63.9 4.44
64 4.2
64.1 5.04
64.2 10.32
64.3 10.32
64.4 9.72
64.5 10.08
64.6 8.52
64.7 6.6
64.8 6.24
64.9 6.6
65 5.52
65.1 5.4
65.2 5.28
65.3 5.4
65.4 5.04
65.5 4.32
65.6 4.2
65.7 4.32
65.8 4.92
65.9 5.52
66 5.04
66.1 4.32
66.2 4.32
66.3 4.32
66.4 5.16
66.5 4.8
66.6 4.32
66.7 4.32
66.8 4.08
66.9 4.56
67 4.56
67.1 4.56
67.2 4.08
67.3 4.32
67.4 4.08
67.5 4.56
67.6 4.32
67.7 4.32
67.8 4.32
67.9 3.84
68 4.08
68.1 4.32
68.2 5.04
68.3 4.8
68.4 4.92
68.5 3.84
68.6 4.32
68.7 4.56
68.8 4.68
68.9 4.56
69 4.44
69.1 4.08
69.2 4.44
69.3 4.56
69.4 4.44
69.5 4.32
69.6 4.56
69.7 4.2
69.8 4.44
69.9 4.32
70 4.44
70.1 4.32
70.2 4.2
70.3 4.44
70.4 4.44
70.5 4.92
70.6 5.16
70.7 5.16
70.8 4.44
70.9 4.2
71 4.8
71.1 4.68
71.2 5.04
71.3 4.92
71.4 4.32
71.5 4.44
71.6 4.8
71.7 4.8
71.8 4.8
71.9 4.8
72 4.8
72.1 4.68
72.2 4.8
72.3 5.16
72.4 5.16
72.5 4.8
72.6 5.16
72.7 4.68
72.8 1.68
72.9 0
73 4.56
73.1 5.28
73.2 4.68
73.3 4.56
73.4 2.76
73.5 3.36
73.6 5.04
73.7 4.68
73.8 4.8
73.9 4.8
74 7.56
74.1 5.16
74.2 4.56
74.3 4.8
74.4 5.4
74.5 5.88
74.6 5.04
74.7 4.56
74.8 4.56
74.9 4.32
75 5.16
75.1 4.56
75.2 5.28
75.3 7.56
75.4 10.56
75.5 10.08
75.6 10.2
75.7 10.08
75.8 10.08
75.9 7.08
76 6.6
76.1 6.6
76.2 6.36
76.3 6.12
76.4 5.64
76.5 5.64
76.6 5.4
76.7 5.4
76.8 5.64
76.9 5.04
77 4.92
77.1 5.16
77.2 4.92
77.3 5.04
77.4 5.16
77.5 4.8
77.6 4.44
77.7 1.68
77.8 0
77.9 2.64
78 5.4
78.1 5.28
78.2 5.28
78.3 3
78.4 2.16
78.5 5.16
78.6 4.92
78.7 4.92
78.8 5.16
78.9 1.8
79 10.2
79.1 4.92
79.2 4.8
79.3 3
79.4 6.48
79.5 5.88
79.6 4.8
79.7 4.68
79.8 3.48
79.9 5.4
80 5.52
80.1 4.44
80.2 4.44
80.3 3.72
80.4 3.96
80.5 4.44
80.6 4.08
80.7 4.92
80.8 5.16
80.9 4.44
81 4.44
81.1 4.32
81.2 4.2
81.3 4.8
81.4 4.68
81.5 4.32
81.6 4.44
81.7 4.08
81.8 4.08
81.9 4.68
82 4.56
82.1 4.08
82.2 4.32
82.3 4.08
82.4 4.08
82.5 4.68
82.6 4.32
82.7 4.08
82.8 4.08
82.9 4.32
83 4.08
83.1 3.72
83.2 1.2
83.3 0
83.4 3.96
83.5 4.8
83.6 4.8
83.7 4.2
83.8 0.6
83.9 4.2
84 4.68
84.1 4.8
84.2 4.44
84.3 1.8
84.4 9
84.5 5.28
84.6 4.32
84.7 2.52
84.8 6.6
84.9 5.64
85 4.56
85.1 4.08
85.2 3.72
85.3 5.64
85.4 4.68
85.5 4.56
85.6 4.08
85.7 3.48
85.8 4.08
85.9 4.44
86 3.84
86.1 3.96
86.2 5.04
86.3 4.44
86.4 4.8
86.5 4.2
86.6 8.88
86.7 10.32
86.8 9.72
86.9 10.32
87 9.96
87.1 6.72
87.2 6.36
87.3 6.24
87.4 6.12
87.5 5.28
87.6 5.04
87.7 5.16
87.8 4.8
87.9 5.16
88 4.8
88.1 4.32
88.2 4.56
88.3 4.32
88.4 4.32
88.5 4.68
88.6 4.32
88.7 3.6
88.8 3.6
88.9 2.16
89 0
89.1 3.96
89.2 4.8
89.3 4.08
89.4 3.6
89.5 1.92
89.6 3.48
89.7 4.92
89.8 4.32
89.9 3.96
90 3.12
90.1 9
90.2 4.56
90.3 4.08
90.4 3.24
90.5 6.72
90.6 5.28
90.7 4.32
90.8 4.08
90.9 4.56
91 5.28
91.1 4.2
91.2 3.6
91.3 3.84
91.4 3.72
91.5 5.76
91.6 5.28
91.7 4.32
91.8 3.96
91.9 3.96
92 4.68
92.1 5.04
92.2 4.68
92.3 3.96
92.4 3.96
92.5 4.2
92.6 4.68
92.7 4.44
92.8 4.44
92.9 3.96
93 3.84
93.1 4.2
93.2 4.32
93.3 4.44
93.4 4.32
93.5 3.96
93.6 3.84
93.7 3.24
93.8 0.84
93.9 0.72
94 4.8
94.1 4.68
94.2 4.32
94.3 3.24
94.4 0.6
94.5 4.92
94.6 4.68
94.7 4.56
94.8 3.6
94.9 6.48
95 4.8
95.1 4.2
95.2 3.96
95.3 5.28
95.4 4.92
95.5 4.2
95.6 4.2
95.7 4.2
95.8 5.28
95.9 4.2
96 3.6
96.1 3.72
96.2 3.72
96.3 4.44
96.4 4.92
96.5 4.68
96.6 4.2
96.7 3.84
96.8 4.44
96.9 4.32
97 4.44
97.1 4.32
97.2 3.72
97.3 4.32
97.4 4.2
97.5 4.32
97.6 4.08
97.7 5.28
97.8 10.2
97.9 9.6
98 9.84
98.1 10.08
98.2 6.72
98.3 6.24
98.4 6
98.5 6
98.6 5.04
98.7 5.04
98.8 4.8
98.9 5.04
99 4.56
99.1 4.56
99.2 4.56
99.3 4.32
99.4 4.56
99.5 4.32
99.6 3.6
99.7 3.84
99.8 3.6
99.9 4.32
100 4.92
