0.2 0.00448
0.3 0
0.4 0.0208
0.5 0
0.6 0.03744
0.7 0
0.8 0.07488
0.9 0
1 0.14976
1.1 0
1.2 0.12896
1.3 0.14976
1.4 0.04576
1.5 0.11648
1.6 0.1248
1.7 0.13728
1.8 0.15808
1.9 0.05408
2 0.09984
2.1 0.09152
2.2 0.3232
2.3 0.40128
2.4 0.43168
2.5 0.26752
2.6 0.2432
2.7 0.27968
2.8 0.18848
2.9 0.41952
3 0.38304
3.1 0.16416
3.2 0.27968
3.3 0.2928
3.4 0.12064
3.5 0.12896
3.6 0.15808
3.7 0.04576
3.8 0.11232
3.9 0.14976
4 0.41024
4.1 0.40736
4.2 0.44384
4.3 0.38912
4.4 0.38912
4.5 0.34656
4.6 0.17024
4.7 0.256
4.8 0.13312
4.9 0.1456
5 0.11232
5.1 0.1248
5.2 0.15392
5.3 0.12064
5.4 0.12064
5.5 0.11232
5.6 0.10816
5.7 0.14144
5.8 0.13728
5.9 0.12064
6 0.11232
6.1 0.11232
6.2 0.11648
6.3 0.14976
6.4 0.13312
6.5 0.12064
6.6 0.11232
6.7 0.11232
6.8 0.12896
6.9 0.14976
7 0.12896
7.1 0.12064
7.2 0.11232
7.3 0.11232
7.4 0.14144
7.5 0.1456
7.6 0.1248
7.7 0.12064
7.8 0.10816
7.9 0.11232
8 0.15392
8.1 0.14144
8.2 0.1248
8.3 0.12896
8.4 0.11232
8.5 0.11232
8.6 0.15392
8.7 0.14144
8.8 0.1248
8.9 0.12896
9 0.11232
9.1 0.11232
9.2 0.15808
9.3 0.13728
9.4 0.1248
9.5 0.12896
9.6 0.11232
9.7 0.12064
9.8 0.15392
9.9 0.13728
10 0.1248
10.1 0.15808
10.2 0.12896
10.3 0.1248
10.4 0.14976
10.5 0.13728
10.6 0.1248
10.7 0.17472
10.8 0.17472
10.9 0.17056
11 0.17472
11.1 0.1664
11.2 0.17472
11.3 0.17056
11.4 0.17056
11.5 0.17056
11.6 0.13728
11.7 0.13312
11.8 0.13312
11.9 0.13728
12 0.13312
12.1 0.13728
12.2 0.1248
12.3 0.12896
12.4 0.12896
12.5 0.12896
12.6 0.12896
12.7 0.1248
12.8 0.11648
12.9 0.12064
13 0.31168
13.1 0.34048
13.2 0.3344
13.3 0.3952
13.4 0.3952
13.5 0.38304
13.6 0.2128
13.7 0.24576
13.8 0.1248
13.9 0.1248
14 0.12064
14.1 0.12064
14.2 0.15392
14.3 0.12064
14.4 0.1248
14.5 0.11648
14.6 0.12896
14.7 0.12896
14.8 0.12064
14.9 0.1248
15 0.12064
15.1 0.1248
15.2 0.1248
15.3 0.12064
15.4 0.1248
15.5 0.12064
15.6 0.1248
15.7 0.12064
15.8 0.1248
15.9 0.12064
16 0.12064
16.1 0.1248
16.2 0.12064
16.3 0.1248
16.4 0.12064
16.5 0.11648
16.6 0.11648
16.7 0.11232
16.8 0.11232
16.9 0.11232
17 0.1248
17.1 0.12896
17.2 0.12896
17.3 0.12896
17.4 0.1248
17.5 0.11648
17.6 0.12064
17.7 0.12064
17.8 0.12064
17.9 0.12064
18 0.23488
18.1 0.34048
18.2 0.32832
18.3 0.34656
18.4 0.34656
18.5 0.3344
18.6 0.29184
18.7 0.17024
18.8 0.34656
18.9 0.34048
19 0.3328
19.1 0.2576
19.2 0.09152
19.3 0.11648
19.4 0.15392
19.5 0.12896
19.6 0.11232
19.7 0.11648
19.8 0.12064
19.9 0.12896
20 0.11648
20.1 0.104
20.2 0.11232
20.3 0.10816
20.4 0.11232
20.5 0.11648
20.6 0.1248
20.7 0.1248
20.8 0.1248
20.9 0.11232
21 0.11232
21.1 0.11648
21.2 0.11648
21.3 0.11648
21.4 0.11232
21.5 0.11232
21.6 0.11648
21.7 0.11232
21.8 0.11232
21.9 0.11232
22 0.11232
22.1 0.11232
22.2 0.11232
22.3 0.11232
22.4 0.11232
22.5 0.10816
22.6 0.11232
22.7 0.11232
22.8 0.10816
22.9 0.11232
23 0.11232
23.1 0.11232
23.2 0.10816
23.3 0.11232
23.4 0.11232
23.5 0.10816
23.6 0.10816
23.7 0.09984
23.8 0.104
23.9 0.09984
24 0.09984
24.1 0.25568
24.2 0.31552
24.3 0.31008
24.4 0.30464
24.5 0.28288
24.6 0.26656
24.7 0.05312
24.8 0.10816
24.9 0.10816
25 0.104
25.1 0.104
25.2 0.08736
25.3 0.10816
25.4 0.10816
25.5 0.104
25.6 0.104
25.7 0.09984
25.8 0.10816
25.9 0.104
26 0.10816
26.1 0.104
26.2 0.104
26.3 0.10816
26.4 0.104
26.5 0.10816
26.6 0.10816
26.7 0.104
26.8 0.104
26.9 0.10816
27 0.10816
27.1 0.09984
27.2 0.09568
27.3 0.09568
27.4 0.09984
27.5 0.09568
27.6 0.104
27.7 0.11232
27.8 0.11648
27.9 0.11232
28 0.104
28.1 0.09984
28.2 0.10816
28.3 0.104
28.4 0.104
28.5 0.10816
28.6 0.09984
28.7 0.104
28.8 0.09984
28.9 0.09984
29 0.104
29.1 0.09984
29.2 0.14592
29.3 0.25824
29.4 0.29184
29.5 0.28576
29.6 0.29792
29.7 0.29184
29.8 0.28576
29.9 0.04864
30 0.29184
30.1 0.29184
30.2 0.27424
30.3 0.25216
30.4 0.17056
30.5 0.1664
30.6 0.17472
30.7 0.17056
30.8 0.14144
30.9 0.1248
31 0.12064
31.1 0.12064
31.2 0.11232
31.3 0.10816
31.4 0.10816
31.5 0.10816
31.6 0.10816
31.7 0.104
31.8 0.104
31.9 0.104
32 0.09984
32.1 0.09568
32.2 0.09152
32.3 0.09152
32.4 0.09984
32.5 0.11232
32.6 0.10816
32.7 0.10816
32.8 0.09568
32.9 0.09984
33 0.09984
33.1 0.104
33.2 0.09984
33.3 0.09984
33.4 0.09568
33.5 0.09984
33.6 0.09984
33.7 0.09984
33.8 0.09568
33.9 0.09568
34 0.09984
34.1 0.09984
34.2 0.09568
34.3 0.09984
34.4 0.09568
34.5 0.09568
34.6 0.09984
34.7 0.09568
34.8 0.08736
34.9 0.08736
35 0.08736
35.1 0.09152
35.2 0.10816
35.3 0.10816
35.4 0.09984
35.5 0.09152
35.6 0.08736
35.7 0.09568
35.8 0.09984
35.9 0.09984
36 0.09152
36.1 0.09152
36.2 0.09152
36.3 0.09568
36.4 0.09152
36.5 0.09568
36.6 0.09152
36.7 0.09152
36.8 0.09152
36.9 0.09568
37 0.09152
37.1 0.09152
37.2 0.09568
37.3 0.09152
37.4 0.08736
37.5 0.0832
37.6 0.0832
37.7 0.14272
37.8 0.29184
37.9 0.29792
38 0.304
38.1 0.2736
38.2 0.24928
38.3 0.12768
38.4 0.07872
38.5 0.09568
38.6 0.09152
38.7 0.08736
38.8 0.12064
38.9 0.09152
39 0.09152
39.1 0.08736
39.2 0.09152
39.3 0.10816
39.4 0.08736
39.5 0.09152
39.6 0.09152
39.7 0.09568
39.8 0.09568
39.9 0.09152
40 0.08736
40.1 0.07904
40.2 0.0832
40.3 0.0832
40.4 0.09152
40.5 0.104
40.6 0.09984
40.7 0.09152
40.8 0.08736
40.9 0.09152
41 0.09568
41.1 0.09152
41.2 0.09568
41.3 0.08736
41.4 0.08736
41.5 0.09984
41.6 0.17472
41.7 0.17472
41.8 0.1664
41.9 0.17056
42 0.17472
42.1 0.17056
42.2 0.1248
42.3 0.11232
42.4 0.11648
42.5 0.11232
42.6 0.11648
42.7 0.09984
42.8 0.09568
42.9 0.09984
43 0.09568
43.1 0.09984
43.2 0.09568
43.3 0.09152
43.4 0.09152
43.5 0.09152
43.6 0.09152
43.7 0.09568
43.8 0.08736
43.9 0.08736
44 0.09152
44.1 0.08736
44.2 0.09152
44.3 0.08736
44.4 0.15808
44.5 0.20064
44.6 0.20672
44.7 0.2128
44.8 0.29184
44.9 0.29184
45 0.11552
45.1 0.16416
45.2 0.17376
45.3 0.08736
45.4 0.09984
45.5 0.07488
45.6 0.06656
45.7 0.15392
45.8 0.104
45.9 0.09152
46 0.05824
46.1 0.09984
46.2 0.11232
46.3 0.08736
46.4 0.0832
46.5 0.07072
46.6 0.09152
46.7 0.09568
46.8 0.08736
46.9 0.0832
47 0.07488
47.1 0.0832
47.2 0.09152
47.3 0.07904
47.4 0.07072
47.5 0.07488
47.6 0.07072
47.7 0.20192
47.8 0.28576
47.9 0.2736
48 0.25536
48.1 0.22496
48.2 0.21888
48.3 0.07136
48.4 0.07904
48.5 0.08736
48.6 0.07904
48.7 0.07488
48.8 0.1248
48.9 0.0832
49 0.07904
49.1 0.07488
49.2 0.104
49.3 0.0832
49.4 0.07904
49.5 0.0832
49.6 0.07904
49.7 0.09152
49.8 0.07904
49.9 0.0832
50 0.07904
50.1 0.07904
50.2 0.07488
50.3 0.07488
50.4 0.06656
50.5 0.07488
50.6 0.07904
50.7 0.09568
50.8 0.08736
50.9 0.07904
51 0.07488
51.1 0.07488
51.2 0.08736
51.3 0.0832
51.4 0.07904
51.5 0.07072
51.6 0.07904
51.7 0.07904
51.8 0.07904
51.9 0.07904
52 0.07488
52.1 0.07904
52.2 0.07488
52.3 0.07904
52.4 0.07488
52.5 0.07488
52.6 0.07488
52.7 0.07488
52.8 0.07488
52.9 0.1456
53 0.17472
53.1 0.1664
53.2 0.17472
53.3 0.17056
53.4 0.12896
53.5 0.10816
53.6 0.11232
53.7 0.10816
53.8 0.09568
53.9 0.09152
54 0.09152
54.1 0.09152
54.2 0.08736
54.3 0.07488
54.4 0.07488
54.5 0.07488
54.6 0.07904
54.7 0.09152
54.8 0.09152
54.9 0.07904
55 0.07488
55.1 0.07904
55.2 0.0832
55.3 0.0832
55.4 0.0832
55.5 0.07488
55.6 0.07488
55.7 0.07904
55.8 0.07904
55.9 0.07904
56 0.07904
56.1 0.07488
56.2 0.07904
56.3 0.07904
56.4 0.07904
56.5 0.07904
56.6 0.07488
56.7 0.07904
56.8 0.07488
56.9 0.06656
57 0.07488
57.1 0.08736
57.2 0.08736
57.3 0.09152
57.4 0.0832
57.5 0.07488
57.6 0.07904
57.7 0.07904
57.8 0.0832
57.9 0.08736
58 0.0832
58.1 0.07904
58.2 0.07904
58.3 0.0832
58.4 0.1248
58.5 0.22496
58.6 0.23104
58.7 0.22496
58.8 0.23104
58.9 0.23104
59 0.25536
59.1 0.04256
59.2 0.1824
59.3 0.23104
59.4 0.22496
59.5 0.23456
59.6 0.1152
59.7 0.07488
59.8 0.07904
59.9 0.07488
60 0.0832
60.1 0.08736
60.2 0.0416
60.3 0.15808
60.4 0.09568
60.5 0.0832
60.6 0.0624
60.7 0.09568
60.8 0.11232
60.9 0.08736
61 0.07904
61.1 0.07072
61.2 0.08736
61.3 0.09568
61.4 0.08736
61.5 0.07904
61.6 0.0832
61.7 0.0624
61.8 0.07488
61.9 0.07904
62 0.11296
62.1 0.26752
62.2 0.26752
62.3 0.23104
62.4 0.23104
62.5 0.22496
62.6 0.20896
62.7 0.01248
62.8 0.07904
62.9 0.07904
63 0.07488
63.1 0.07488
63.2 0.0416
63.3 0.0832
63.4 0.07488
63.5 0.07488
63.6 0.07488
63.7 0.06656
63.8 0.07488
63.9 0.07072
64 0.0832
64.1 0.17472
64.2 0.17472
64.3 0.1664
64.4 0.17056
64.5 0.1456
64.6 0.11232
64.7 0.10816
64.8 0.11232
64.9 0.09568
65 0.09152
65.1 0.09152
65.2 0.09152
65.3 0.08736
65.4 0.07488
65.5 0.07072
65.6 0.07488
65.7 0.0832
65.8 0.09568
65.9 0.08736
66 0.07488
66.1 0.07488
66.2 0.07488
66.3 0.08736
66.4 0.0832
66.5 0.07488
66.6 0.07488
66.7 0.07072
66.8 0.07904
66.9 0.07904
67 0.07904
67.1 0.07072
67.2 0.07488
67.3 0.07072
67.4 0.07904
67.5 0.07488
67.6 0.07488
67.7 0.07488
67.8 0.06656
67.9 0.07072
68 0.07488
68.1 0.08736
68.2 0.0832
68.3 0.0832
68.4 0.06656
68.5 0.07488
68.6 0.07904
68.7 0.07904
68.8 0.07904
68.9 0.07488
69 0.07072
69.1 0.07488
69.2 0.07904
69.3 0.07488
69.4 0.07488
69.5 0.07904
69.6 0.07072
69.7 0.07488
69.8 0.07488
69.9 0.07488
70 0.07488
70.1 0.07072
70.2 0.07488
70.3 0.07488
70.4 0.0832
70.5 0.08736
70.6 0.08736
70.7 0.07488
70.8 0.07072
70.9 0.07904
71 0.07904
71.1 0.0832
71.2 0.0832
71.3 0.07072
71.4 0.07488
71.5 0.07904
71.6 0.07904
71.7 0.07904
71.8 0.07904
71.9 0.07904
72 0.07488
72.1 0.07904
72.2 0.0832
72.3 0.0832
72.4 0.07904
72.5 0.0832
72.6 0.07488
72.7 0.18528
72.8 0.23936
72.9 0.2448
73 0.23936
73.1 0.21216
73.2 0.20672
73.3 0.12064
73.4 0.04576
73.5 0.0832
73.6 0.07904
73.7 0.07904
73.8 0.07904
73.9 0.1248
74 0.0832
74.1 0.07488
74.2 0.07904
74.3 0.08736
74.4 0.09568
74.5 0.0832
74.6 0.07488
74.7 0.07488
74.8 0.07072
74.9 0.0832
75 0.07488
75.1 0.08736
75.2 0.1248
75.3 0.17472
75.4 0.17056
75.5 0.17056
75.6 0.17056
75.7 0.17056
75.8 0.12064
75.9 0.11232
76 0.11232
76.1 0.10816
76.2 0.104
76.3 0.09568
76.4 0.09568
76.5 0.09152
76.6 0.09152
76.7 0.09568
76.8 0.08736
76.9 0.0832
77 0.08736
77.1 0.0832
77.2 0.08736
77.3 0.08736
77.4 0.0832
77.5 0.07488
77.6 0.15104
77.7 0.15808
77.8 0.1824
77.9 0.2736
78 0.26752
78.1 0.26752
78.2 0.07296
78.3 0.10944
78.4 0.14528
78.5 0.0832
78.6 0.0832
78.7 0.08736
78.8 0.02912
78.9 0.17056
79 0.0832
79.1 0.07904
79.2 0.04992
79.3 0.10816
79.4 0.09984
79.5 0.07904
79.6 0.07904
79.7 0.05824
79.8 0.09152
79.9 0.09152
80 0.07488
80.1 0.07488
80.2 0.0624
80.3 0.06656
80.4 0.07488
80.5 0.07072
80.6 0.0832
80.7 0.08736
80.8 0.07488
80.9 0.07488
81 0.07488
81.1 0.07072
81.2 0.0832
81.3 0.07904
81.4 0.07488
81.5 0.07488
81.6 0.07072
81.7 0.07072
81.8 0.07904
81.9 0.07904
82 0.07072
82.1 0.07488
82.2 0.07072
82.3 0.07072
82.4 0.07904
82.5 0.07488
82.6 0.07072
82.7 0.07072
82.8 0.07488
82.9 0.07072
83 0.0672
83.1 0.15136
83.2 0.152
83.3 0.2128
83.4 0.2432
83.5 0.2432
83.6 0.20672
83.7 0.0304
83.8 0.13248
83.9 0.07488
84 0.07904
84.1 0.07488
84.2 0.02912
84.3 0.14976
84.4 0.08736
84.5 0.07072
84.6 0.0416
84.7 0.10816
84.8 0.09152
84.9 0.07488
85 0.06656
85.1 0.0624
85.2 0.09152
85.3 0.07904
85.4 0.07488
85.5 0.06656
85.6 0.05824
85.7 0.06656
85.8 0.07488
85.9 0.0624
86 0.06656
86.1 0.0832
86.2 0.07488
86.3 0.07904
86.4 0.07072
86.5 0.14976
86.6 0.17472
86.7 0.1664
86.8 0.17472
86.9 0.17056
87 0.11648
87.1 0.10816
87.2 0.10816
87.3 0.104
87.4 0.09152
87.5 0.08736
87.6 0.08736
87.7 0.0832
87.8 0.08736
87.9 0.0832
88 0.07488
88.1 0.07904
88.2 0.07488
88.3 0.07488
88.4 0.07904
88.5 0.07488
88.6 0.0624
88.7 0.0624
88.8 0.10176
88.9 0.23712
89 0.24928
89.1 0.2432
89.2 0.20672
89.3 0.1824
89.4 0.09728
89.5 0.06592
89.6 0.0832
89.7 0.07072
89.8 0.06656
89.9 0.04992
90 0.14976
90.1 0.07488
90.2 0.06656
90.3 0.05408
90.4 0.10816
90.5 0.08736
90.6 0.07072
90.7 0.06656
90.8 0.07488
90.9 0.08736
91 0.07072
91.1 0.05824
91.2 0.0624
91.3 0.0624
91.4 0.09568
91.5 0.08736
91.6 0.07072
91.7 0.06656
91.8 0.06656
91.9 0.07904
92 0.0832
92.1 0.07904
92.2 0.06656
92.3 0.06656
92.4 0.07072
92.5 0.07904
92.6 0.07488
92.7 0.07488
92.8 0.06656
92.9 0.06656
93 0.07072
93.1 0.07488
93.2 0.07488
93.3 0.07488
93.4 0.06656
93.5 0.06656
93.6 0.07424
93.7 0.20064
93.8 0.21888
93.9 0.2432
94 0.23712
94.1 0.21888
94.2 0.16416
94.3 0.0192
94.4 0.07904
94.5 0.07904
94.6 0.07488
94.7 0.0624
94.8 0.10816
94.9 0.07904
95 0.07072
95.1 0.06656
95.2 0.08736
95.3 0.0832
95.4 0.07072
95.5 0.07072
95.6 0.07072
95.7 0.08736
95.8 0.07072
95.9 0.0624
96 0.0624
96.1 0.0624
96.2 0.07488
96.3 0.0832
96.4 0.07904
96.5 0.07072
96.6 0.06656
96.7 0.07488
96.8 0.07488
96.9 0.07488
97 0.07488
97.1 0.0624
97.2 0.07488
97.3 0.07072
97.4 0.07488
97.5 0.07072
97.6 0.09152
97.7 0.17472
97.8 0.1664
97.9 0.17056
98 0.17472
98.1 0.11648
98.2 0.10816
98.3 0.104
98.4 0.104
98.5 0.08736
98.6 0.08736
98.7 0.0832
98.8 0.08736
98.9 0.07904
99 0.07904
99.1 0.07904
99.2 0.07488
99.3 0.07904
99.4 0.07488
99.5 0.0624
99.6 0.06656
99.7 0.0624
99.8 0.07488
99.9 0.0832
100 0.0832
