0.200111 10
0.401609 11
0.406416 13
0.411222 15
0.416029 17
0.420835 19
0.619926 21
0.631942 23
0.644626 25
0.658467 27
0.672307 29
0.686148 31
0.699989 33
0.71383 35
0.804597 37
0.831032 39
0.852661 41
0.855064 43
0.862942 45
0.876783 47
0.8896 49
0.900587 51
0.945602 53
0.954147 55
0.962692 57
0.971237 59
0.979782 61
1.00609 63
1.02532 65
1.05896 67
1.07819 69
1.10222 71
1.10462 73
1.10703 75
1.10943 77
1.11183 79
1.11423 81
1.11664 83
1.11904 85
1.12252 87
1.13106 89
1.13961 91
1.14802 93
1.15579 95
1.163 97
1.16997 99
1.1765 101
1.18281 103
1.18875 105
1.19469 107
1.20063 109
1.20657 111
1.2196 113
1.23162 115
1.24363 117
1.25565 119
1.26766 121
1.28208 123
1.2965 125
1.30852 127
1.32294 129
1.33255 131
1.34457 133
1.3662 135
1.37821 137
1.41426 139
1.41666 141
1.41907 143
1.42147 145
1.42387 147
1.42628 149
1.42868 151
1.43108 153
1.45992 155
1.46232 157
1.46473 159
1.46713 161
1.46953 163
1.47194 165
1.47434 167
1.47674 169
1.47915 171
1.48155 173
1.49236 175
1.49957 177
1.50798 179
1.51519 181
1.5224 183
1.52961 185
1.53682 187
1.54644 189
1.65698 191
1.98624 190
1.98624 189
1.98624 190
1.98745 189
1.98865 188
2.00066 186
2.00307 187
2.00427 188
2.00547 189
2.00667 190
2.01028 189
2.01028 190
2.02229 189
2.02229 190
2.02349 189
2.02349 190
2.0247 191
2.0271 192
2.0283 193
2.0295 194
2.03191 195
2.03311 194
2.03311 195
2.03431 194
2.03431 195
2.03551 196
2.03671 197
2.03791 198
2.03911 199
2.04032 200
2.04272 201
2.04392 200
2.04392 201
2.04512 200
2.04512 201
2.04632 202
2.04753 203
2.04873 204
2.04993 205
2.05113 206
2.05233 205
2.05233 206
2.05353 207
2.05474 208
2.05594 209
2.06315 210
2.14606 211
2.14726 212
2.14966 213
2.37316 214
2.37436 215
2.37556 216
2.39359 217
2.41281 218
2.44886 217
2.44886 218
2.45006 217
2.45006 218
2.45126 217
2.45126 218
2.46208 217
2.46208 218
2.46328 217
2.46328 218
2.47289 217
2.47289 218
2.48611 217
2.48611 218
2.48851 217
2.48851 218
2.48971 219
2.49933 218
2.49933 219
2.50053 218
2.50053 219
2.50173 220
2.50293 221
2.50413 222
2.50654 223
2.51134 222
2.51134 223
2.51253 222
2.51253 223
2.51854 224
2.51974 225
2.52094 226
2.52213 2.96614e+06
2.8634 560
2.8634 557
2.8634 560
2.86701 559
2.87062 558
2.87543 557
2.88744 556
2.90667 555
2.98357 554
2.99439 553
2.99919 552
3.0028 551
3.0064 550
3.01121 549
3.01481 548
3.01842 547
3.02202 546
3.02563 545
3.02803 544
3.03164 543
3.03404 542
3.03764 541
3.04005 540
3.04245 539
3.04485 538
3.04726 537
3.05086 536
3.05327 535
3.05567 534
3.05807 533
3.06047 532
3.06288 531
3.06528 530
3.06768 529
3.07009 528
3.07129 527
3.07369 526
3.0761 525
3.0785 524
3.0809 523
3.08331 522
3.08571 521
3.08811 520
3.09051 519
3.09292 518
3.09532 517
3.09772 516
3.10013 515
3.10253 514
3.10493 513
3.10734 512
3.10974 511
3.11214 510
3.11455 509
3.11695 508
3.11935 507
3.12176 506
3.12416 505
3.12656 504
3.12897 503
3.13137 502
3.13377 501
3.13618 500
3.13738 499
3.13978 498
3.14218 497
3.14459 496
3.14699 495
3.14939 494
3.1518 493
3.1542 492
3.1566 491
3.15901 490
3.16141 489
3.16261 488
3.16501 487
3.16742 486
3.16982 485
3.17222 484
3.17463 483
3.17703 482
3.17943 481
3.18184 480
3.18424 479
3.18664 478
3.18784 477
3.19025 476
3.19265 475
3.19505 474
3.19746 473
3.19986 472
3.20226 471
3.20467 470
3.20707 469
3.20947 468
3.21188 467
3.21308 466
3.21548 465
3.21788 464
3.22029 463
3.22269 462
3.22509 461
3.2275 460
3.2299 459
3.2323 458
3.23471 457
3.23711 456
3.23831 455
3.24071 454
3.24312 453
3.24552 452
3.24792 451
3.25033 450
3.25273 449
3.25513 448
3.25754 447
3.25994 446
3.26234 445
3.26355 444
3.26595 443
3.26835 442
3.27075 441
3.27316 440
3.27556 439
3.27796 438
3.28037 437
3.28277 436
3.28517 435
3.28758 434
3.28878 433
3.29118 432
3.29359 431
3.29599 430
3.29599 431
3.29719 432
3.29839 431
3.29839 432
3.29959 433
3.30079 432
3.30079 433
3.302 434
3.3032 433
3.3032 434
3.3044 435
3.3056 434
3.3056 435
3.3068 436
3.308 435
3.308 436
3.30921 437
3.31041 436
3.31041 437
3.31161 438
3.31281 437
3.31281 438
3.31401 437
3.31401 438
3.31521 439
3.31642 438
3.31642 439
3.31762 440
3.31882 439
3.31882 440
3.32002 441
3.32122 440
3.32122 441
3.32242 442
3.32363 441
3.32363 442
3.32483 443
3.32603 442
3.32603 443
3.32723 444
3.32843 443
3.32843 444
3.32963 445
3.33083 444
3.33083 445
3.33204 446
3.33324 445
3.33324 446
3.33444 447
3.33564 446
3.33564 447
3.33684 448
3.33804 447
3.33804 448
3.33925 447
3.33925 448
3.34045 449
3.34165 448
3.34165 449
3.34285 450
3.34405 449
3.34405 450
3.34525 451
3.34646 450
3.34646 451
3.34766 452
3.34886 451
3.34886 452
3.35006 453
3.35126 452
3.35126 453
3.35246 452
3.35246 453
3.35367 452
3.35367 453
3.35487 452
3.35487 453
3.35607 454
3.35727 453
3.35727 454
3.35847 455
3.35967 456
3.36087 457
3.36208 456
3.36208 457
3.36328 458
3.36448 459
3.36568 460
3.36688 461
3.36808 462
3.36929 463
3.37049 464
3.37169 465
3.37289 466
3.37409 465
3.37409 466
3.37529 467
3.3765 468
3.3777 469
3.3789 470
3.3801 471
3.3813 472
3.3825 473
3.38371 474
3.38491 475
3.38611 476
3.38731 477
3.38851 478
3.38971 479
3.39091 480
3.39212 481
3.39332 480
3.39332 481
3.39452 482
3.39572 483
3.47022 482
3.47022 483
3.48103 482
3.48103 483
3.48584 482
3.48584 483
3.48945 482
3.48945 483
3.49305 482
3.49305 483
3.49786 482
3.49786 483
3.50146 482
3.50146 483
3.50507 482
3.50507 483
3.50867 482
3.50867 483
3.51228 482
3.51228 483
3.51468 482
3.51468 483
3.51828 482
3.51828 483
3.52069 482
3.52069 483
3.52429 482
3.52429 483
3.5267 482
3.5267 483
3.5291 482
3.5291 483
3.5315 482
3.5315 483
3.53391 482
3.53391 483
3.53751 482
3.53751 483
3.53991 482
3.53991 483
3.54232 482
3.54232 483
3.54472 482
3.54472 483
3.54712 482
3.54712 483
3.54953 482
3.54953 483
3.55193 482
3.55193 483
3.55433 482
3.55433 483
3.55674 482
3.55674 483
3.55794 482
3.55794 483
3.56034 482
3.56034 483
3.56274 482
3.56274 483
3.56515 482
3.56515 483
3.56755 482
3.56755 483
3.56995 482
3.56995 483
3.57236 482
3.57236 483
3.57476 482
3.57476 483
3.57716 482
3.57716 483
3.57957 482
3.57957 483
3.58197 482
3.58197 483
3.58437 482
3.58437 483
3.58678 482
3.58678 483
3.58918 482
3.58918 483
3.59158 482
3.59158 483
3.59399 482
3.59399 483
3.59639 482
3.59639 483
3.59879 482
3.59879 483
3.60119 482
3.60119 483
3.6036 482
3.6036 483
3.606 482
3.606 483
3.6084 482
3.6084 483
3.61081 482
3.61081 483
3.61321 482
3.61321 483
3.61561 482
3.61561 483
3.61802 482
3.61802 483
3.62042 482
3.62042 483
3.62282 482
3.62282 483
3.62403 482
3.62403 483
3.62643 482
3.62643 483
3.62883 482
3.62883 483
3.63123 482
3.63123 483
3.63364 482
3.63364 483
3.63604 482
3.63604 483
3.63844 482
3.63844 483
3.64085 482
3.64085 483
3.64325 482
3.64325 483
3.64565 482
3.64565 483
3.64806 482
3.64806 483
3.64926 482
3.64926 483
3.65166 482
3.65166 483
3.65407 482
3.65407 483
3.65647 482
3.65647 483
3.65887 482
3.65887 483
3.66127 482
3.66127 483
3.66368 482
3.66368 483
3.66608 482
3.66608 483
3.66848 482
3.66848 483
3.67089 482
3.67089 483
3.67329 482
3.67329 483
3.67449 482
3.67449 483
3.6769 482
3.6769 483
3.6793 482
3.6793 483
3.6817 482
3.6817 483
3.68411 482
3.68411 483
3.68651 482
3.68651 483
3.68891 482
3.68891 483
3.69131 482
3.69131 483
3.69372 482
3.69372 483
3.69612 482
3.69612 483
3.69852 482
3.69852 483
3.69973 482
3.69973 483
3.70213 482
3.70213 483
3.70453 482
3.70453 483
3.70694 482
3.70694 483
3.70934 482
3.70934 483
3.71174 482
3.71174 483
3.71415 482
3.71415 483
3.71655 482
3.71655 483
3.71895 482
3.71895 483
3.72135 482
3.72135 483
3.72376 482
3.72376 483
3.72496 482
3.72496 483
3.72736 482
3.72736 483
3.72977 482
3.72977 483
3.73217 482
3.73217 483
3.73457 482
3.73457 483
3.73698 482
3.73698 483
3.73938 482
3.73938 483
3.74178 482
3.74178 483
3.74419 482
3.74419 483
3.74659 482
3.74659 483
3.74899 482
3.74899 483
3.75019 482
3.75019 483
3.7526 482
3.7526 483
3.755 482
3.755 483
3.7574 482
3.7574 483
3.75981 482
3.75981 483
3.76221 482
3.76221 483
3.76461 482
3.76461 483
3.76702 482
3.76702 483
3.76942 482
3.76942 483
3.77182 482
3.77182 483
3.77423 482
3.77423 483
3.77543 482
3.77543 483
3.77783 482
3.77783 483
3.78023 482
3.78023 483
3.78264 482
3.78264 483
3.78744 482
3.78744 483
3.78985 482
3.78985 483
3.79225 482
3.79225 483
3.79465 482
3.79465 483
3.79706 482
3.79706 483
3.79946 482
3.79946 483
3.80186 482
3.80186 483
3.80547 482
3.80547 483
3.80787 482
3.80787 483
3.81027 482
3.81027 483
3.81268 482
3.81268 483
3.81508 482
3.81508 483
3.81748 482
3.81748 483
3.81989 482
3.81989 483
3.82229 482
3.82229 483
3.82469 482
3.82469 483
3.8271 482
3.8271 483
3.82734 1
3.8283 2
3.8283 4
3.8295 5
3.8307 6
3.8319 7
3.8331 8
3.83431 9
3.83551 10
3.83671 11
3.83791 12
3.83911 13
3.84031 14
3.84151 15
3.84272 16
3.84392 17
3.84512 18
3.84632 19
3.84752 20
3.84872 21
3.84993 22
3.85113 23
3.85233 24
3.85353 25
3.85473 26
3.85593 27
3.85714 28
3.85834 29
3.85954 30
3.86074 31
3.86194 32
3.86314 33
3.86435 34
3.86555 35
3.86675 36
3.86795 37
3.86915 38
3.87035 39
3.87155 40
3.87276 41
3.87396 42
3.87516 43
3.87636 44
3.87756 45
3.87876 46
3.87997 47
3.88117 48
3.88237 49
3.88357 50
3.88477 51
3.88597 52
3.88718 53
3.88838 54
3.88958 55
3.89078 56
3.89198 57
3.89318 58
3.89439 59
3.89559 60
3.89679 61
3.89799 62
3.89919 63
3.90039 64
3.90159 65
3.9028 66
3.904 67
3.9052 68
3.9064 69
3.9076 70
3.9088 71
3.91001 72
3.91121 73
3.91241 74
3.91361 75
3.91481 76
3.91601 77
3.91722 78
3.91842 79
3.91962 80
3.92082 81
3.92202 82
3.92322 5.12638
3.92443 5.25414
3.92563 5.38122
3.92683 5.50898
3.92803 5.63674
3.92923 5.76381
3.93043 5.89157
3.93163 6.01934
3.93284 6.14641
3.93404 6.27417
3.93524 6.40055
3.93644 6.52831
3.93764 6.65608
3.93884 6.78315
3.94005 6.91091
3.94125 7.03867
3.94245 7.16575
3.94365 7.29351
3.94485 7.42127
3.94605 7.54834
3.94726 7.6761
3.94846 7.80249
3.94966 7.93025
3.95086 8.05801
3.95206 8.18508
3.95326 8.31285
3.95447 8.44061
3.95567 8.56768
3.95687 8.69544
3.95807 8.8232
3.95927 8.95028
3.96047 9.07804
3.96167 9.20442
3.96288 9.33218
3.96408 9.45994
3.96528 9.58702
3.96648 9.71478
3.96768 9.84254
3.96888 9.96961
3.97009 10.0974
3.97129 10.2244
3.97249 10.3522
3.97369 10.48
3.97489 10.6064
3.97609 10.7341
3.9773 10.8619
3.9785 10.989
3.9797 11.1167
3.9809 11.2445
3.9821 11.3715
3.9833 11.4993
3.98451 11.6264
3.98571 11.7541
3.98691 11.8819
3.98811 12.0083
3.98931 12.136
3.99051 12.2638
3.99171 12.3909
3.99292 12.5186
3.99412 12.6464
3.99532 12.7735
3.99652 12.9012
3.99772 13.0283
3.99892 13.1561
4.00013 13.2838
4.00133 13.4102
4.00253 13.538
4.00373 13.6657
4.00493 13.7928
4.00613 13.9206
4.00734 14.0477
4.00854 14.1754
4.00974 14.3032
4.01094 14.4302
4.01214 14.558
4.01334 14.6858
4.01455 14.8122
4.01575 14.9399
4.01695 15.0546
4.01815 15.1561
4.01935 15.2583
4.02055 15.3598
4.02175 15.462
4.02296 15.5642
4.02416 15.6657
4.02536 15.768
4.02656 15.8702
4.02776 15.9717
4.02896 16.0739
4.03017 16.1761
4.03137 16.2776
4.03257 16.3798
4.03377 16.4814
4.03497 16.5836
4.03617 16.6858
4.03738 16.7873
4.03858 16.8895
4.03978 16.9917
4.04098 17.0932
4.04218 17.1954
4.04338 17.2977
4.04459 17.3992
4.04579 17.5014
4.04699 17.6029
4.04819 17.7051
4.04939 17.8073
4.05059 17.9088
4.05179 18.011
4.053 18.1133
4.0542 18.2148
4.0554 18.317
4.0566 18.4185
4.0578 18.5207
4.059 18.6229
4.06021 18.7244
4.06141 18.8267
4.06261 18.9289
4.06381 19.0304
4.06501 19.1326
4.06621 19.2348
4.06742 19.3363
4.06862 19.4385
4.06982 19.5401
4.07102 19.6423
4.07222 19.7445
4.07342 19.846
4.07463 19.9482
4.07583 20.0504
4.07703 20.1519
4.07823 20.2541
4.07943 20.3564
4.08063 20.4579
4.08183 20.5601
4.08304 20.6616
4.08424 20.7638
4.08544 20.866
4.08664 20.9675
4.08784 21.0698
4.08904 21.172
4.09025 21.2735
4.09145 21.3757
4.09265 21.4772
4.09385 21.5794
4.09505 21.6816
4.09625 21.7831
4.09746 21.8854
4.09866 21.9876
4.09986 22.0891
4.10106 22.1913
4.10226 22.2935
4.10346 22.395
4.10467 22.4972
4.10587 22.5988
4.10707 22.701
4.10827 22.8032
4.10947 22.9047
4.11067 23.0069
4.11187 23.1091
4.11308 23.2106
4.11428 21.3128
4.11548 21.4151
4.11668 21.5166
4.11788 21.6188
4.11908 21.7203
4.12029 21.8225
4.12149 21.9247
4.12269 22.0262
4.12389 22.1285
4.12509 22.2307
4.12629 22.3322
4.1275 22.4344
4.1287 22.5359
4.1299 22.6381
4.1311 22.7403
4.1323 22.8419
4.1335 22.9441
4.13471 23.0463
4.13591 23.1478
4.13711 23.25
4.13831 23.3522
4.13951 23.4537
4.14071 23.5559
4.14191 23.6575
4.14312 23.7597
4.14432 23.8619
4.14552 23.9634
4.14672 24.0656
4.14792 24.1678
4.14912 24.2693
4.15033 24.3715
4.15153 24.4738
4.15273 24.5753
4.15393 24.6775
4.15513 24.779
4.15633 24.8812
4.15754 24.9834
4.15874 25.0849
4.15994 25.1872
4.16114 25.2894
4.16234 25.3909
4.16354 25.4931
4.16475 25.5953
4.16595 25.6968
4.16715 25.799
4.16835 25.9006
4.16955 26.0028
4.17075 26.105
4.17195 26.2065
4.17316 26.3087
4.17436 26.4109
4.17556 26.5124
4.17676 26.6146
4.17796 26.7162
4.17916 26.8184
4.18037 26.9206
4.18157 27.0221
4.18277 27.1243
4.18397 27.2265
4.18517 27.328
4.18637 27.4302
4.18758 27.5325
4.18878 27.634
4.18998 27.7362
4.19118 27.8377
4.19238 27.9399
4.19358 28.0421
4.19479 28.1436
4.19599 28.2459
4.19719 28.3481
4.19839 28.4496
4.19959 28.5518
4.20079 28.654
4.20199 28.7555
4.2032 28.8577
4.2044 28.9593
4.2056 29.0615
4.2068 29.1637
4.208 29.2652
4.2092 29.3674
4.21041 29.4696
4.21159 29.5711
4.23322 29.6733
4.23442 29.7749
4.23562 29.8771
4.23683 29.9793
4.23803 30.0808
4.23923 30.183
4.24043 30.2852
4.24163 30.3867
4.24283 30.489
4.24404 30.5912
4.24524 30.6927
4.24644 30.7949
4.24764 30.8964
4.24884 30.9986
4.25004 31.1008
4.25124 31.2023
4.25245 31.3046
4.25365 31.4068
4.25485 31.5083
4.25605 31.6105
4.25725 31.7127
4.25845 31.8142
4.25966 31.9164
4.26086 32.018
4.26206 32.1202
4.26326 32.2224
4.26446 32.3239
4.26566 32.4261
4.26687 32.5283
4.26806 32.6298
5.48204 34.6298
5.80053 34.7431
5.8237 36.7431
5.84686 38.2113
6.05257 38.4572
6.07308 38.8273
6.09358 40.8273
6.11409 42.3633
6.25763 42.4669
6.27797 42.4924
6.29808 42.5552
6.31618 42.9399
6.33427 44.9399
6.35237 46.5338
6.479 48.5338
6.49704 49.8881
6.64709 50.1789
6.66328 50.5532
6.67947 52.5532
6.69502 54.1823
6.76964 54.3419
6.78551 56.3419
6.79948 57.9834
6.9287 58.1982
6.94227 58.5186
6.95583 60.5186
6.96939 62.1982
7.04618 62.3356
7.05874 64.3356
7.07129 66.0249
7.15898 66.0642
7.17057 68.0642
7.18251 69.7562
7.27414 70.136
7.28498 72.136
7.29583 73.8501
7.36088 74.1858
7.37172 76.1858
7.38224 77.9185
7.45362 78.1989
7.46382 80.1989
7.47402 81.9461
7.55148 83.9461
7.56106 85.6678
7.60696 86.1934
7.63403 88.1934
7.64305 89.9503
7.69547 91.9503
7.70401 93.422
7.76338 93.8356
7.77151 95.8356
7.77965 97.6105
7.83644 97.8094
7.84415 99.8094
7.85187 101.593
7.89816 101.683
7.90556 102.193
7.91297 104.193
7.92038 106.001
7.96481 108.001
7.9722 109.516
8.00803 110.386
8.02886 112.386
8.03592 113.869
8.08371 115.869
8.09048 117.662
8.13686 117.962
8.14333 119.962
8.14979 121.788
8.18791 123.788
8.19511 125.392
8.23742 125.909
8.24341 127.909
8.2494 129.744
8.28533 129.85
8.29111 131.85
8.29689 133.689
8.32581 133.714
8.33159 135.714
8.33738 137.554
8.3767 139.554
8.38228 141.353
8.41257 143.2
8.42098 144.765
8.45779 145.197
8.46301 145.712
8.46822 147.712
8.47344 149.565
8.50439 149.652
8.50944 151.652
8.51449 153.508
8.54451 155.508
8.54941 156.993
8.57882 157.22
8.58358 159.22
8.58835 161.073
8.61114 161.875
8.62916 162.758
8.63556 163.353
8.6402 163.922
8.64485 164.494
8.6495 165.063
8.65414 165.626
8.65879 167.626
8.66343 169.494
8.69056 171.494
8.69505 172.849
8.72173 172.991
8.7261 173.54
8.73047 175.54
8.73484 177.414
8.76075 177.513
8.76501 179.513
8.76928 181.388
8.79465 181.503
8.80066 183.503
8.80546 185.381
8.8307 185.809
8.84511 186.427
8.84831 187.677
8.85237 188.184
8.85642 188.706
8.86046 189.244
8.8644 191.244
8.86833 193.122
8.89197 195.122
8.89586 196.876
8.91902 197.272
8.92288 199.272
8.92673 201.155
8.94941 203.155
8.95316 204.634
8.97552 204.827
8.97919 206.827
8.98286 208.706
9.00418 210.706
9.00899 211.785
9.021 211.998
9.03662 213.44
9.06546 213.66
9.06786 215.66
9.07027 217.487
9.07267 218.259
9.07588 218.999
9.07932 219.511
9.08276 220.026
9.0862 220.543
9.08964 221.062
9.09307 223.062
9.09648 224.954
9.1167 225.108
9.12007 227.108
9.12344 229.002
9.14325 231.002
9.14655 232.71
9.16607 232.907
9.1693 234.907
9.17254 236.802
9.19177 236.972
9.19494 238.972
9.19812 240.87
9.20768 242.27
9.2209 242.391
9.24734 243.248
9.26055 244.308
9.26776 242.308
9.299 244.308
9.30141 244.428
9.30621 245.218
9.30862 246.352
9.31102 247.458
9.31342 248.574
9.31583 249.7
9.31823 251.7
9.32063 253.523
9.32544 254.117
9.32784 255.278
9.33025 256.444
9.33265 257.576
9.33505 258.676
9.33775 260.676
9.34063 262.579
9.35772 264.579
9.36055 266.418
9.37746 266.568
9.38024 268.568
9.38303 270.472
9.39969 270.696
9.40243 272.696
9.40516 274.603
9.41134 275.472
9.44618 275.783
9.49184 277.783
9.49425 278.434
10.2017 157.668
10.2017 4
10.2041 6
10.2041 4
10.2065 6
10.2065 4
10.2089 6
10.2089 4
10.2113 6
10.2113 4
10.2137 6
10.2137 4
10.2161 6
10.2161 4
10.2185 6
10.2185 4
10.2209 6
10.2209 4
10.2233 6
10.2233 4
10.2257 6
10.2257 4
10.2281 6
10.2281 4
10.2305 6
10.2305 4
10.2329 6
10.2329 4
10.2389 6
10.2389 4
10.2413 6
10.2413 4
10.2473 6
10.2473 4
10.2497 6
10.2497 4
10.2545 6
10.2545 4
10.2581 6
10.2581 4
10.2617 6
10.2617 4
10.2642 6
10.2642 4
10.2666 6
10.2666 4
10.2714 6
10.2714 4
10.2738 6
10.2738 4
10.2762 6
10.2762 4
10.281 6
10.281 4
10.2834 6
10.2834 4
10.2858 6
10.2858 4
10.2906 6
10.2906 4
10.293 6
10.293 4
10.2954 6
10.2954 4
10.2978 6
10.2978 4
10.3026 6
10.3026 4
10.3062 6
10.3062 4
10.3086 6
10.3086 4
10.311 6
10.311 4
10.3158 6
10.3158 4
10.3206 6
10.3206 4
10.323 6
10.323 4
10.3278 6
10.3278 4
10.3302 6
10.3302 4
10.335 6
10.335 4
10.3374 6
10.3374 4
10.3399 6
10.3399 4
10.3447 6
10.3447 4
10.3471 6
10.3471 4
10.3495 6
10.3495 4
10.3543 6
10.3543 4
10.3567 6
10.3567 4
10.3591 6
10.3591 4
10.3651 6
10.3651 4
10.3675 6
10.3675 4
10.3699 6
10.3699 4
10.3747 6
10.3747 4
10.3771 6
10.3771 4
10.3795 6
10.3795 4
10.3819 6
10.3819 4
10.3867 6
10.3867 4
10.3891 6
10.3891 4
10.3915 6
10.3915 4
10.3963 6
10.3963 4
10.3987 6
10.3987 4
10.4011 6
10.4011 4
10.4035 6
10.4035 4
10.4059 6
10.4059 4
10.4083 6
10.4083 4
10.4107 6
10.4107 4
10.4131 6
10.4131 4
10.4156 6
10.4156 4
10.418 6
10.418 4
10.4204 6
10.4204 4
10.4228 6
10.4228 4
10.4252 6
10.4252 4
10.4276 6
10.4276 4
10.6267 2.96614e+06
10.6267 1.99931
10.6267 4
10.6305 6
10.8296 8
10.8335 10
10.8364 12
11.0326 14
11.0355 16
11.0384 18
11.0413 20
11.0464 22
11.0488 24
11.2355 26
11.2385 28
11.2414 30
11.2443 32
11.2494 34
11.2518 36
11.2542 38
11.2614 40
11.2674 42
11.2722 44
11.2746 46
11.277 48
11.4385 50
11.4414 52
11.4443 54
11.4473 56
11.4535 58
11.4559 60
11.4583 62
11.4607 64
11.4655 66
11.4704 68
11.4728 70
11.4776 72
11.48 74
11.486 76
11.4884 78
11.4908 80
11.4932 82
11.498 84
11.5028 86
11.5076 88
11.5124 90
11.5184 92
11.5232 94
11.528 96
11.6412 98
11.6436 100
11.646 102
11.6484 104
11.6508 106
11.6568 108
11.6616 110
11.664 112
11.6664 114
11.6688 116
11.6712 118
11.676 120
11.6784 122
11.6844 124
11.6868 126
11.6892 128
11.6941 130
11.6965 132
11.6989 134
11.7037 136
11.7061 138
11.7085 140
11.7109 142
11.7133 144
11.7181 146
11.7205 148
11.7241 150
11.7289 152
11.7313 154
11.7361 156
11.7385 158
11.7433 160
11.7457 162
11.7505 164
11.7565 166
11.7589 168
11.7637 170
11.7661 172
11.771 174
11.7758 176
11.7806 178
11.7866 180
11.7914 182
11.7962 184
11.801 186
11.8058 188
11.8106 190
11.8154 192
11.8587 194
11.8611 196
11.8635 198
11.8659 200
11.8683 202
11.8731 204
11.8755 206
11.8803 208
11.8827 210
11.8851 212
11.8875 214
11.8899 216
11.8923 218
11.8983 220
11.9007 222
11.9031 224
11.9055 226
11.9103 228
11.9151 230
11.9175 232
11.92 234
11.9224 236
11.9272 238
11.9296 240
11.932 242
11.9344 244
11.9404 246
11.9428 248
11.9452 250
11.9476 252
11.95 254
11.9524 256
11.9572 258
11.9596 260
11.962 262
11.9644 264
11.9692 266
11.9716 268
11.974 270
11.9788 272
11.9812 274
11.9836 276
11.9896 278
11.992 280
11.9945 282
11.9993 284
12.0017 286
12.0065 286.584
12.9954 267.351
13.3246 269.351
13.3499 266
13.3499 265
13.3499 266
13.3619 265
13.3691 264
13.3763 263
13.3955 262
13.4027 261
13.4328 260
13.4905 261
13.4917 262
13.4965 263
13.4977 264
13.5013 265
13.5025 266
13.5037 267
13.5049 268
13.5097 269
13.5109 269.351
13.5325 267.351
13.8293 266.351
13.8293 267.351
13.8401 266.351
13.8401 267.351
13.8473 266.351
13.8473 267.351
13.8533 266.351
13.8533 267.351
13.869 266.351
13.869 267.351
13.8726 266.351
13.8726 267.351
13.8882 269.351
13.8882 169.444
13.8882 170.444
13.8906 172.444
13.893 174.444
13.8954 176.444
13.8978 178.444
13.9002 180.444
13.9026 182.444
13.905 184.444
13.9074 186.444
13.911 188.444
13.9134 190.444
13.9194 192.444
13.9218 194.444
13.9242 196.444
13.9374 198.444
13.9422 200.444
13.9458 202.444
13.9507 204.444
13.9531 206.444
13.9555 208.444
13.9603 210.444
13.9639 212.444
13.9663 214.444
13.9687 216.444
13.9735 218.444
13.9759 220.444
13.9783 222.444
13.9819 224.444
13.9891 226.444
13.9915 228.444
13.9963 230.444
13.9987 232.444
14.0023 234.444
14.0071 236.444
14.0119 238.444
14.0143 240.444
14.0167 242.444
14.0216 244.444
14.024 246.444
14.03 248.444
14.0324 250.444
14.0348 252.444
14.0396 254.444
14.0456 256.444
14.048 258.444
14.0528 260.444
14.0552 262.444
14.06 264.444
14.0624 266.444
14.0684 267.351
14.9924 269.351
15.2003 267.351
16.6639 269.351
16.6699 246.308
16.8741 244.308
18.3425 246.308
18.554 244.308
18.6862 241.242
20.0139 243.242
20.2254 241.242
21.2372 238.231
21.4655 240.231
21.4655 4
21.4679 6
21.4679 4
21.4727 6
21.4727 4
21.4751 6
21.4751 4
21.4775 6
21.4775 4
21.4823 6
21.4823 4
21.4847 6
21.4847 4
21.4895 6
21.4895 4
21.4943 6
21.4943 4
21.4967 6
21.4967 4
21.5015 6
21.5015 4
21.5039 6
21.5039 4
21.5063 6
21.5063 4
21.5111 6
21.5111 4
21.5159 6
21.5159 4
21.5183 6
21.5183 4
21.5231 6
21.5231 4
21.5255 6
21.5255 4
21.5303 6
21.5303 4
21.5328 6
21.5328 4
21.5376 6
21.5376 4
21.54 6
21.54 4
21.5448 6
21.5448 4
21.5472 6
21.5472 4
21.552 6
21.552 4
21.5568 6
21.5568 4
21.5592 6
21.5592 4
21.5628 6
21.5628 4
21.5664 6
21.5664 4
21.5712 6
21.5712 4
21.5736 6
21.5736 4
21.5784 6
21.5784 4
21.5808 6
21.5808 4
21.5856 6
21.5856 4
21.588 6
21.588 4
21.5928 6
21.5928 4
21.5952 6
21.5952 4
21.6 6
21.6 4
21.6048 6
21.6048 4
21.6073 6
21.6073 4
21.6121 6
21.6121 4
21.6145 6
21.6145 4
21.6193 6
21.6193 4
21.6241 6
21.6241 4
21.6265 6
21.6265 4
21.6313 6
21.6313 4
21.6337 6
21.6337 4
21.6385 6
21.6385 4
21.6409 6
21.6409 4
21.6457 6
21.6457 4
21.6505 6
21.6505 4
21.6529 6
21.6529 4
21.6577 6
21.6577 4
21.6601 6
21.6601 4
21.6649 6
21.6649 4
21.6673 6
21.6673 4
21.6721 6
21.6721 4
21.6769 6
21.6769 4
21.6818 6
21.6818 4
21.6866 6
21.6866 4
21.689 6
21.689 4
21.6938 6
21.6938 4
21.6986 6
21.6986 4
21.701 6
21.701 4
21.7058 6
21.7058 4
21.7106 6
21.7106 4
21.713 6
21.713 4
21.7178 6
21.7178 4
21.7202 6
21.7202 4
21.725 6
21.725 4
21.7274 6
21.7274 4
21.7322 6
21.7322 4
21.7346 6
21.7346 4
21.7394 6
21.7394 4
21.7418 6
21.7418 4
21.7442 6
21.7442 4
21.749 6
21.749 4
21.7514 6
21.7514 4
21.7562 6
21.7562 4
21.7587 6
21.7587 4
21.7635 6
21.7635 4
21.7659 6
21.7659 4
21.7707 6
21.7707 4
21.7731 6
21.7731 4
21.7779 6
21.7779 4
21.7803 6
21.7803 4
21.7851 6
21.7851 4
21.7875 6
21.7875 4
21.7899 6
21.7899 4
21.7947 6
21.7947 4
21.7971 6
21.7971 4
21.8019 6
21.8019 4
21.8043 6
21.8043 4
21.8091 6
21.8091 4
21.8115 6
21.8115 4
21.8163 6
21.8163 4
21.8187 6
21.8187 4
21.8235 6
21.8235 4
21.8259 6
21.8259 4
21.8307 6
21.8307 4
21.8332 6
21.8332 4
21.838 6
21.838 4
21.8404 6
21.8404 4
21.8452 6
21.8452 4
21.8476 6
21.8476 4
21.8524 6
21.8524 4
21.8548 6
21.8548 4
21.8596 6
21.8596 4
21.862 6
21.862 4
21.8668 6
21.8668 4
21.8692 6
21.8692 4
21.8716 6
21.8716 4
21.8764 6
21.8764 4
21.8788 6
21.8788 4
21.8836 6
21.8836 4
21.886 6
21.886 4
21.8908 6
21.8908 4
21.8932 6
21.8932 4
22.0935 269.351
22.0935 271.351
22.0965 273.351
22.2968 275.351
22.3022 277.351
22.307 279.351
22.3142 281.351
22.319 283.351
22.3263 285.351
22.3311 287.351
22.3383 289.351
22.3431 291.351
22.3491 293.351
22.3551 295.351
22.3599 297.351
22.3671 295.133
22.3719 291.577
22.3791 289.03
22.3839 286.943
22.3911 285.68
22.396 284.716
22.4032 284.436
22.408 284.333
22.861 286.333
22.9319 278.771
23.1109 276.771
24.8592 278.771
25.108 276.771
25.3819 242
25.3819 241
25.3819 242
25.3892 241
25.3952 240
25.4024 239
25.4156 238
25.4372 237
25.4432 236
25.5406 235
25.603 236
25.6042 237
25.6079 238
25.6091 239
25.6127 240
25.6139 241
25.6151 242
25.6199 243
25.6211 244
25.6223 245
25.6259 246
25.6271 247
25.6283 248
25.6319 249
25.6331 250
25.6343 251
25.6379 252
25.6391 253
25.6427 254
25.6439 255
25.6451 256
25.6487 257
25.6499 258
25.6511 259
25.6547 260
25.6559 261
25.6571 262
25.6607 263
25.6619 264
25.6631 265
25.6679 266
25.6715 267
25.6727 268
25.6739 269
25.6775 270
25.6787 271
25.6799 272
25.6836 273
25.6848 274
25.686 275
25.6896 276
25.6908 277
25.6932 278
25.6956 279
25.6968 280
25.6992 280.117
25.8326 279.117
25.8326 280.117
25.8398 279.117
25.8398 280.117
25.8446 279.117
25.8446 280.117
25.8518 279.117
25.8518 280.117
25.8614 279.117
25.8614 280.117
25.8794 279.117
25.8794 280.117
25.8842 279.117
25.8842 280.117
25.9527 169.444
25.9527 170.444
25.9551 172.444
25.9575 174.444
25.9599 176.444
25.9647 178.444
25.9683 180.444
25.9719 182.444
25.9755 184.444
25.9791 186.444
25.9827 188.444
25.9863 190.444
25.9899 192.444
25.9935 194.444
25.9971 196.444
26.002 198.444
26.0068 200.444
26.0092 202.444
26.014 204.444
26.0176 206.444
26.0212 208.444
26.026 210.444
26.0296 212.444
26.0344 214.444
26.038 216.444
26.0416 218.444
26.0464 220.444
26.0488 222.444
26.0536 224.444
26.0584 226.444
26.0608 228.444
26.0656 230.444
26.0692 232.444
26.0728 234.444
26.0777 236.444
26.0801 238.444
26.0861 240.444
26.0909 242.444
26.0933 244.444
26.0981 246.444
26.1017 248.444
26.1053 250.444
26.1101 252.444
26.1137 254.444
26.1173 256.444
26.1209 258.444
26.1245 260.444
26.1293 262.444
26.1329 264.444
26.1377 266.444
26.1413 268.444
26.1449 270.444
26.1498 272.444
26.1534 274.444
26.157 276.444
26.1618 278.444
26.1642 280.117
26.2843 280.557
26.2903 280.627
26.306 280.797
26.8575 282.797
27.1098 280.797
28.7296 270
28.7296 269
28.7296 270
28.7548 269
28.7873 268
29.0889 267
29.1261 268
29.1273 269
29.1297 270
29.1321 271
29.1333 272
29.1357 273
29.137 274
29.1382 275
29.1394 276
29.1418 277
29.143 278
29.1442 279
29.1454 280
29.1466 280.797
29.2042 279.797
29.2042 280.797
29.2199 279.797
29.2199 280.797
29.2403 279.797
29.2403 280.797
29.5299 169.444
29.5299 170.444
29.5347 172.444
29.5395 174.444
29.5419 176.444
29.5467 178.444
29.5491 180.444
29.5539 182.444
29.5575 184.444
29.5611 186.444
29.5647 188.444
29.5695 190.444
29.5815 192.444
29.5851 194.444
29.5875 196.444
29.5923 198.444
29.5947 200.444
29.5995 202.444
29.6031 204.444
29.6068 206.444
29.6092 208.444
29.614 210.444
29.6176 212.444
29.6212 214.444
29.6248 216.444
29.6272 218.444
29.6296 220.444
29.632 222.444
29.6344 224.444
29.6368 226.444
29.6392 228.444
29.6416 230.444
29.644 232.444
29.6464 234.444
29.6488 236.444
29.6512 238.444
29.6536 240.444
29.656 242.444
29.6584 244.444
29.6632 246.444
29.6668 248.444
29.6704 250.444
29.674 252.444
29.6788 254.444
29.6825 256.444
29.6861 258.444
29.6909 260.444
29.6945 262.444
29.6981 264.444
29.7017 266.444
29.7053 268.444
29.7101 270.444
29.7149 272.444
29.7173 274.444
29.7221 276.444
29.7257 278.444
29.7293 280.444
29.7341 280.797
30.6846 280.477
30.86 282.477
31.11 280.477
31.4981 280.526
31.5197 281.241
31.5341 282.684
31.5485 284.119
31.5702 285.501
32.4125 254.337
32.4125 4
32.4149 6
32.4149 4
32.4197 6
32.4197 4
32.4221 6
32.4221 4
32.4269 6
32.4269 4
32.4293 6
32.4293 4
32.4341 6
32.4341 4
32.4365 6
32.4365 4
32.4413 6
32.4413 4
32.4437 6
32.4437 4
32.4485 6
32.4485 4
32.4533 6
32.4533 4
32.4557 6
32.4557 4
32.4606 6
32.4606 4
32.463 6
32.463 4
32.4678 6
32.4678 4
32.4726 6
32.4726 4
32.475 6
32.475 4
32.4798 6
32.4798 4
32.4822 6
32.4822 4
32.4846 6
32.4846 4
32.4894 6
32.4894 4
32.4942 6
32.4942 4
32.4966 6
32.4966 4
32.5014 6
32.5014 4
32.5038 6
32.5038 4
32.5086 6
32.5086 4
32.511 6
32.511 4
32.5158 6
32.5158 4
32.5182 6
32.5182 4
32.523 6
32.523 4
32.5278 6
32.5278 4
32.5302 6
32.5302 4
32.5351 6
32.5351 4
32.5399 6
32.5399 4
32.5423 6
32.5423 4
32.5471 6
32.5471 4
32.5495 6
32.5495 4
32.5543 6
32.5543 4
32.5567 6
32.5567 4
32.5615 6
32.5615 4
32.5663 6
32.5663 4
32.5687 6
32.5687 4
32.5735 6
32.5735 4
32.5759 6
32.5759 4
32.5807 6
32.5807 4
32.5831 6
32.5831 4
32.5879 6
32.5879 4
32.5927 6
32.5927 4
32.5951 6
32.5951 4
32.5999 6
32.5999 4
32.6023 6
32.6023 4
32.6047 6
32.6047 4
32.6096 6
32.6096 4
32.6144 6
32.6144 4
32.6168 6
32.6168 4
32.6216 6
32.6216 4
32.624 6
32.624 4
32.6288 6
32.6288 4
32.6312 6
32.6312 4
32.636 6
32.636 4
32.6384 6
32.6384 4
32.6432 6
32.6432 4
32.6456 6
32.6456 4
32.6504 6
32.6504 4
32.6552 6
32.6552 4
32.6576 6
32.6576 4
32.6624 6
32.6624 4
32.6648 6
32.6648 4
32.6696 6
32.6696 4
32.672 6
32.672 4
32.6768 6
32.6768 4
32.6792 6
32.6792 4
32.6841 6
32.6841 4
32.6865 6
32.6865 4
32.6913 6
32.6913 4
32.6937 6
32.6937 4
32.6985 6
32.6985 4
32.7009 6
32.7009 4
32.7057 6
32.7057 4
32.7081 6
32.7081 4
32.7105 6
32.7105 4
32.7153 6
32.7153 4
32.7177 6
32.7177 4
32.7225 6
32.7225 4
32.7249 6
32.7249 4
32.7297 6
32.7297 4
32.7321 6
32.7321 4
32.7369 6
32.7369 4
32.7393 6
32.7393 4
32.7417 6
32.7417 4
32.7465 6
32.7465 4
32.7489 6
32.7489 4
32.7537 6
32.7537 4
32.7561 6
32.7561 4
32.761 6
32.761 4
32.7658 6
32.7658 4
32.7682 6
32.7682 4
32.7706 6
32.7706 4
32.7766 6
32.7766 4
32.779 6
32.779 4
32.7838 6
32.7838 4
32.7862 6
32.7862 4
32.791 6
32.791 4
32.7934 6
32.7934 4
32.7982 6
32.7982 4
32.8006 6
32.8006 4
32.803 6
32.803 4
32.8078 6
32.8078 4
32.8102 6
32.8102 4
32.815 6
32.815 4
32.8198 6
32.8198 4
32.8222 6
32.8222 4
32.8246 6
32.8246 4
32.8294 6
32.8294 4
32.8318 6
32.8318 4
32.8367 6
32.8367 4
32.8391 6
32.8391 4
32.8439 6
32.8439 4
32.8463 6
32.8463 4
32.8511 6
32.8511 4
32.8535 6
32.8535 4
32.8583 6
32.8583 4
32.8607 6
32.8607 4
32.8655 6
32.8655 4
33.0639 285.501
33.0639 287.501
33.0694 289.501
33.2672 291.501
33.2721 293.501
33.2769 295.501
33.2817 297.501
33.2889 299.501
33.2937 301.501
33.3009 303.501
33.3057 305.501
33.3129 307.501
33.3177 301.763
33.325 296.524
33.3298 292.224
33.337 288.885
33.3418 286.248
33.3478 284.223
33.3538 282.876
33.3586 281.839
33.3658 281.498
33.3706 281.341
34.3175 283.341
34.565 281.341
36.1523 279.756
36.2929 281.756
36.5392 279.756
36.5537 277
36.5537 276
36.5537 277
36.6294 276
36.639 277
36.6414 278
36.6426 279
36.6438 279.756
36.6666 278.756
36.6666 279.756
36.7952 278.756
36.7952 279.756
36.8024 278.756
36.8024 279.756
36.812 278.756
36.812 279.756
36.8264 278.756
36.8264 279.756
36.8421 278.756
36.8421 279.756
37.0355 278.756
37.0355 279.756
37.098 278.756
37.098 279.756
37.1256 278.756
37.1256 279.756
37.1953 278.756
37.1953 279.756
37.2001 278.756
37.2001 279.756
37.2097 278.756
37.2097 279.756
37.2218 278.756
37.2218 279.756
37.2362 169.444
37.2362 170.444
37.2398 172.444
37.2434 174.444
37.247 176.444
37.2506 178.444
37.2542 180.444
37.2578 182.444
37.2614 184.444
37.265 186.444
37.2674 188.444
37.2722 190.444
37.2746 192.444
37.2794 194.444
37.2818 196.444
37.2854 198.444
37.289 200.444
37.2926 202.444
37.2962 204.444
37.2998 206.444
37.3047 208.444
37.3071 210.444
37.3119 212.444
37.3143 214.444
37.3191 216.444
37.3215 218.444
37.3263 220.444
37.3287 222.444
37.3335 224.444
37.3359 226.444
37.3407 228.444
37.3431 230.444
37.3479 232.444
37.3503 234.444
37.3551 236.444
37.3575 238.444
37.3611 240.444
37.3647 242.444
37.3695 244.444
37.3719 246.444
37.3768 248.444
37.3792 250.444
37.384 252.444
37.3864 254.444
37.3912 256.444
37.3936 258.444
37.3984 260.444
37.4008 262.444
37.4068 264.444
37.4092 266.444
37.4128 268.444
37.4152 270.444
37.42 272.444
37.4248 274.444
37.4284 276.444
37.432 278.444
37.4356 279.756
37.6063 280.988
37.6195 280.994
38.2599 282.994
38.5063 280.994
38.9448 281.522
40.2342 283.522
40.4793 281.522
40.7953 243
40.7953 242
40.7953 243
40.8434 242
40.8506 241
40.9587 242
40.9623 243
40.9635 244
40.9672 245
40.9684 246
40.9696 247
40.9708 248
40.972 249
40.9756 250
40.9768 251
40.978 252
40.9816 253
40.9828 254
40.984 255
40.9876 256
40.9888 257
40.99 258
40.9936 259
40.9948 260
40.996 261
40.9996 262
41.0008 263
41.002 264
41.0056 265
41.0068 266
41.008 267
41.0116 268
41.0128 269
41.0176 270
41.0188 271
41.0224 272
41.0236 273
41.0248 274
41.0284 275
41.0296 276
41.0308 277
41.0344 278
41.0356 279
41.0368 280
41.0405 281
41.0417 282
41.0429 283
41.0441 284
41.0477 285
41.0489 285.729
41.2363 284.729
41.2363 285.729
41.2747 284.729
41.2747 285.729
41.2807 169.444
41.2807 170.444
41.2856 172.444
41.288 174.444
41.2916 176.444
41.2952 178.444
41.2988 180.444
41.3012 182.444
41.3048 184.444
41.3084 186.444
41.3108 188.444
41.3132 190.444
41.3156 192.444
41.318 194.444
41.3204 196.444
41.3228 198.444
41.3252 200.444
41.3276 202.444
41.33 204.444
41.3324 206.444
41.3348 208.444
41.3372 210.444
41.3396 212.444
41.342 214.444
41.3444 216.444
41.3468 218.444
41.3492 220.444
41.3516 222.444
41.354 224.444
41.3565 226.444
41.3589 228.444
41.3625 230.444
41.3649 232.444
41.3697 234.444
41.3745 236.444
41.3769 238.444
41.3805 240.444
41.3841 242.444
41.3889 244.444
41.3913 246.444
41.3961 248.444
41.3997 250.444
41.4033 252.444
41.4069 254.444
41.4105 256.444
41.4153 258.444
41.4177 260.444
41.4225 262.444
41.4273 264.444
41.4309 266.444
41.4358 268.444
41.4382 270.444
41.443 272.444
41.4466 274.444
41.4502 276.444
41.455 278.444
41.4574 280.444
41.4622 282.444
41.4658 284.444
41.4694 285.729
41.6376 285.793
41.64 285.843
41.6448 287.843
41.6472 288.055
42.2 290.055
42.4451 288.055
42.7755 288.571
42.8116 289.14
42.8308 289.808
42.8404 290.469
42.856 291.122
43.3715 246.135
43.3715 4
43.3763 6
43.3763 4
43.3787 6
43.3787 4
43.3835 6
43.3835 4
43.386 6
43.386 4
43.3908 6
43.3908 4
43.3956 6
43.3956 4
43.398 6
43.398 4
43.4028 6
43.4028 4
43.4088 6
43.4088 4
43.4136 6
43.4136 4
43.416 6
43.416 4
43.4208 6
43.4208 4
43.4232 6
43.4232 4
43.428 6
43.428 4
43.4304 6
43.4304 4
43.4352 6
43.4352 4
43.4376 6
43.4376 4
43.4424 6
43.4424 4
43.4448 6
43.4448 4
43.4496 6
43.4496 4
43.452 6
43.452 4
43.4568 6
43.4568 4
43.4617 6
43.4617 4
43.4641 6
43.4641 4
43.4689 6
43.4689 4
43.4713 6
43.4713 4
43.4761 6
43.4761 4
43.4785 6
43.4785 4
43.4833 6
43.4833 4
43.4857 6
43.4857 4
43.4905 6
43.4905 4
43.4929 6
43.4929 4
43.4953 6
43.4953 4
43.5001 6
43.5001 4
43.5049 6
43.5049 4
43.5073 6
43.5073 4
43.5121 6
43.5121 4
43.5145 6
43.5145 4
43.5169 6
43.5169 4
43.5217 6
43.5217 4
43.5265 6
43.5265 4
43.5289 6
43.5289 4
43.5337 6
43.5337 4
43.5362 6
43.5362 4
43.541 6
43.541 4
43.5434 6
43.5434 4
43.5482 6
43.5482 4
43.5506 6
43.5506 4
43.553 6
43.553 4
43.5578 6
43.5578 4
43.5602 6
43.5602 4
43.5626 6
43.5626 4
43.5674 6
43.5674 4
43.5698 6
43.5698 4
43.5746 6
43.5746 4
43.577 6
43.577 4
43.5806 6
43.5806 4
43.5842 6
43.5842 4
43.5866 6
43.5866 4
43.5914 6
43.5914 4
43.5938 6
43.5938 4
43.5962 6
43.5962 4
43.601 6
43.601 4
43.6034 6
43.6034 4
43.6082 6
43.6082 4
43.6107 6
43.6107 4
43.6131 6
43.6131 4
43.6191 6
43.6191 4
43.6215 6
43.6215 4
43.6263 6
43.6263 4
43.6287 6
43.6287 4
43.6311 6
43.6311 4
43.6359 6
43.6359 4
43.6383 6
43.6383 4
43.6431 6
43.6431 4
43.6455 6
43.6455 4
43.6479 6
43.6479 4
43.6527 6
43.6527 4
43.6551 6
43.6551 4
43.6575 6
43.6575 4
43.6623 6
43.6623 4
43.6647 6
43.6647 4
43.6695 6
43.6695 4
43.6719 6
43.6719 4
43.6767 6
43.6767 4
43.6791 6
43.6791 4
43.6815 6
43.6815 4
43.6864 6
43.6864 4
43.6888 6
43.6888 4
43.6912 6
43.6912 4
43.6984 6
43.6984 4
43.7008 6
43.7008 4
43.7032 6
43.7032 4
43.7068 6
43.7068 4
43.7104 6
43.7104 4
43.7128 6
43.7128 4
43.7152 6
43.7152 4
43.72 6
43.72 4
43.7224 6
43.7224 4
43.7272 6
43.7272 4
43.7296 6
43.7296 4
43.7344 6
43.7344 4
43.7368 6
43.7368 4
43.7416 6
43.7416 4
43.744 6
43.744 4
43.7488 6
43.7488 4
43.7536 6
43.7536 4
43.756 6
43.756 4
43.7584 6
43.7584 4
43.7633 6
43.7633 4
43.7657 6
43.7657 4
43.7705 6
43.7705 4
43.7729 6
43.7729 4
43.7777 6
43.7777 4
43.7801 6
43.7801 4
43.7849 6
43.7849 4
43.7873 6
43.7873 4
43.7921 6
43.7921 4
43.7945 6
43.7945 4
43.7993 6
43.7993 4
43.9977 291.122
43.9977 293.122
44.0025 295.122
44.2009 297.122
44.2057 299.122
44.2105 301.122
44.2153 303.122
44.2225 305.122
44.2273 307.122
44.2345 309.122
44.2393 311.122
44.2466 312.589
44.2514 306.831
44.2562 302.087
44.2634 298.375
44.2682 295.421
44.2754 293.276
44.2802 291.691
44.285 290.599
44.2922 290.082
44.297 289.923
44.5013 291.923
44.7464 289.923
46.4671 291.923
46.5224 287.316
46.7158 285.316
46.9922 285.67
47.009 286.302
47.0186 286.929
47.0355 287.548
47.0547 288.162
47.0715 288.77
47.0992 289.967
47.1256 243
47.1256 242
47.1256 243
47.4284 244
47.432 245
47.4332 246
47.4344 247
47.4356 248
47.4368 249
47.4404 250
47.4416 251
47.4428 252
47.444 253
47.4452 254
47.4476 255
47.45 256
47.4512 257
47.4524 258
47.4536 259
47.4572 260
47.4584 261
47.4596 262
47.4608 263
47.462 264
47.4656 265
47.4669 266
47.4681 267
47.4693 268
47.4705 269
47.4717 270
47.4753 271
47.4765 272
47.4777 273
47.4789 274
47.4801 275
47.4837 276
47.4849 277
47.4861 278
47.4873 279
47.4885 280
47.4921 281
47.4933 282
47.4945 283
47.4957 284
47.4981 285
47.5017 286
47.5029 287
47.5041 288
47.5053 289
47.5065 289.967
47.5642 169.444
47.5642 170.444
47.569 172.444
47.5714 174.444
47.575 176.444
47.5774 178.444
47.581 180.444
47.5834 182.444
47.587 184.444
47.5906 186.444
47.5942 188.444
47.5966 190.444
47.6002 192.444
47.6026 194.444
47.6062 196.444
47.6098 198.444
47.6122 200.444
47.6158 202.444
47.6182 204.444
47.6218 206.444
47.6255 208.444
47.6279 210.444
47.6327 212.444
47.6375 214.444
47.6399 216.444
47.6423 218.444
47.6447 220.444
47.6471 222.444
47.6495 224.444
47.6519 226.444
47.6543 228.444
47.6567 230.444
47.6591 232.444
47.6615 234.444
47.6639 236.444
47.6663 238.444
47.6687 240.444
47.6711 242.444
47.6735 244.444
47.6759 246.444
47.6783 248.444
47.6807 250.444
47.6831 252.444
47.6855 254.444
47.6879 256.444
47.6903 258.444
47.6927 260.444
47.6951 262.444
47.6976 264.444
47.7012 266.444
47.706 268.444
47.7084 270.444
47.7132 272.444
47.7156 274.444
47.7216 276.444
47.7252 278.444
47.7288 280.444
47.7336 282.444
47.736 284.444
47.7408 286.444
47.7432 288.444
47.748 289.967
48.4293 291.967
48.6769 289.967
49.089 290.439
49.1154 291.102
50.3891 293.102
50.6343 291.102
51.044 252
51.044 251
51.044 252
51.0669 251
51.1341 252
51.1353 253
51.1389 254
51.1402 255
51.1414 256
51.1426 257
51.1462 258
51.1474 259
51.1486 260
51.1522 261
51.1534 262
51.1546 263
51.157 264
51.1594 265
51.1606 266
51.1618 267
51.1654 268
51.1666 269
51.1678 270
51.169 271
51.1726 272
51.1738 273
51.175 274
51.1762 275
51.1798 276
51.181 277
51.1846 278
51.1858 279
51.187 280
51.1894 281
51.1918 282
51.193 283
51.1942 284
51.1978 285
51.199 286
51.2002 287
51.2014 288
51.205 289
51.2062 290
51.2074 291
51.211 292
51.2122 293
51.2134 294
51.2146 294.824
51.4838 293.824
51.4838 294.824
51.503 169.444
51.503 170.444
51.5066 172.444
51.509 174.444
51.5126 176.444
51.515 178.444
51.5186 180.444
51.521 182.444
51.5234 184.444
51.5283 186.444
51.5307 188.444
51.5331 190.444
51.5367 192.444
51.5391 194.444
51.5427 196.444
51.5463 198.444
51.5511 200.444
51.5535 202.444
51.5583 204.444
51.5607 206.444
51.5643 208.444
51.5679 210.444
51.5703 212.444
51.5727 214.444
51.5763 216.444
51.5787 218.444
51.5811 220.444
51.5835 222.444
51.5859 224.444
51.5883 226.444
51.5907 228.444
51.5931 230.444
51.5955 232.444
51.5979 234.444
51.6003 236.444
51.6028 238.444
51.6052 240.444
51.6076 242.444
51.61 244.444
51.6124 246.444
51.6148 248.444
51.6172 250.444
51.6196 252.444
51.622 254.444
51.6244 256.444
51.628 258.444
51.6304 260.444
51.634 262.444
51.6376 264.444
51.6424 266.444
51.6448 268.444
51.6484 270.444
51.652 272.444
51.6556 274.444
51.6592 276.444
51.664 278.444
51.6664 280.444
51.67 282.444
51.6736 284.444
51.6772 286.444
51.6809 288.444
51.6845 290.444
51.6881 292.444
51.6929 294.444
51.6953 294.824
51.8623 295.197
51.8827 295.369
52.3441 297.369
52.5881 295.369
52.8933 295.38
52.9125 296.052
52.9221 296.717
52.9437 297.374
52.9726 298.665
52.9966 299.089
54.2991 255.881
54.2991 4
54.3039 6
54.3039 4
54.3064 6
54.3064 4
54.3088 6
54.3088 4
54.3136 6
54.3136 4
54.316 6
54.316 4
54.3208 6
54.3208 4
54.3256 6
54.3256 4
54.328 6
54.328 4
54.3304 6
54.3304 4
54.3364 6
54.3364 4
54.3388 6
54.3388 4
54.3436 6
54.3436 4
54.346 6
54.346 4
54.3508 6
54.3508 4
54.3532 6
54.3532 4
54.3556 6
54.3556 4
54.3604 6
54.3604 4
54.3628 6
54.3628 4
54.3676 6
54.3676 4
54.37 6
54.37 4
54.3724 6
54.3724 4
54.3772 6
54.3772 4
54.3821 6
54.3821 4
54.3845 6
54.3845 4
54.3869 6
54.3869 4
54.3917 6
54.3917 4
54.3965 6
54.3965 4
54.3989 6
54.3989 4
54.4037 6
54.4037 4
54.4061 6
54.4061 4
54.4085 6
54.4085 4
54.4133 6
54.4133 4
54.4157 6
54.4157 4
54.4205 6
54.4205 4
54.4229 6
54.4229 4
54.4277 6
54.4277 4
54.4301 6
54.4301 4
54.4325 6
54.4325 4
54.4373 6
54.4373 4
54.4397 6
54.4397 4
54.4445 6
54.4445 4
54.4469 6
54.4469 4
54.4493 6
54.4493 4
54.4541 6
54.4541 4
54.4566 6
54.4566 4
54.4614 6
54.4614 4
54.4638 6
54.4638 4
54.4686 6
54.4686 4
54.471 6
54.471 4
54.4734 6
54.4734 4
54.4782 6
54.4782 4
54.4806 6
54.4806 4
54.483 6
54.483 4
54.4878 6
54.4878 4
54.4902 6
54.4902 4
54.4926 6
54.4926 4
54.4974 6
54.4974 4
54.4998 6
54.4998 4
54.5046 6
54.5046 4
54.507 6
54.507 4
54.5094 6
54.5094 4
54.5142 6
54.5142 4
54.5166 6
54.5166 4
54.519 6
54.519 4
54.5238 6
54.5238 4
54.5262 6
54.5262 4
54.5286 6
54.5286 4
54.5335 6
54.5335 4
54.5359 6
54.5359 4
54.5383 6
54.5383 4
54.5431 6
54.5431 4
54.5455 6
54.5455 4
54.5503 6
54.5503 4
54.5527 6
54.5527 4
54.5551 6
54.5551 4
54.5599 6
54.5599 4
54.5623 6
54.5623 4
54.5647 6
54.5647 4
54.5695 6
54.5695 4
54.5719 6
54.5719 4
54.5743 6
54.5743 4
54.5791 6
54.5791 4
54.5815 6
54.5815 4
54.5839 6
54.5839 4
54.5887 6
54.5887 4
54.5911 6
54.5911 4
54.5959 6
54.5959 4
54.5983 6
54.5983 4
54.6031 6
54.6031 4
54.6055 6
54.6055 4
54.608 6
54.608 4
54.6128 6
54.6128 4
54.6152 6
54.6152 4
54.6176 6
54.6176 4
54.6224 6
54.6224 4
54.6248 6
54.6248 4
54.6296 6
54.6296 4
54.632 6
54.632 4
54.6344 6
54.6344 4
54.6392 6
54.6392 4
54.6416 6
54.6416 4
54.644 6
54.644 4
54.6488 6
54.6488 4
54.6512 6
54.6512 4
54.656 6
54.656 4
54.6584 6
54.6584 4
54.6632 6
54.6632 4
54.6656 6
54.6656 4
54.668 6
54.668 4
54.6728 6
54.6728 4
54.6752 6
54.6752 4
54.68 6
54.68 4
54.6825 6
54.6825 4
54.6873 6
54.6873 4
54.6897 6
54.6897 4
54.6921 6
54.6921 4
54.6969 6
54.6969 4
54.6993 6
54.6993 4
54.7041 6
54.7041 4
54.7065 6
54.7065 4
54.7113 6
54.7113 4
54.7137 6
54.7137 4
54.7185 6
54.7185 4
54.7209 6
54.7209 4
54.92 299.089
54.92 301.089
54.924 303.089
55.1231 305.089
55.1264 307.089
55.1337 309.089
55.1385 311.089
55.1445 313.089
55.1505 315.089
55.1553 317.089
55.1625 319.089
55.1673 321.089
55.1721 323.089
55.1793 324.008
55.1841 318.632
55.1901 314.381
55.1961 311.116
55.2009 308.259
55.2082 306.515
55.213 305.141
55.2178 304.09
55.225 303.776
55.4317 305.776
55.6792 303.776
56.8748 296.71
57.4179 298.71
57.6654 296.71
57.9826 297.039
58.0019 297.666
58.0115 298.286
58.0307 298.9
58.0523 299.507
58.062 300.108
58.0836 300.703
58.1064 301.292
58.1353 301.7
59.4077 303.7
59.6553 301.7
59.6673 300
59.6673 299
59.6673 300
59.6697 299
59.6913 298
59.9209 297
59.9473 296
59.9725 295
60.0374 296
60.041 297
60.0422 298
60.0434 299
60.0446 300
60.0458 301
60.0494 302
60.0506 303
60.0518 304
60.053 305
60.0578 306
60.059 306.251
60.1528 305.251
60.1528 306.251
60.1552 305.251
60.1552 306.251
60.172 305.251
60.172 306.251
60.321 305.251
60.321 306.251
60.3438 305.251
60.3438 306.251
60.3666 169.444
60.3666 170.444
60.3702 172.444
60.3726 174.444
60.375 176.444
60.3786 178.444
60.381 180.444
60.3834 182.444
60.387 184.444
60.3895 186.444
60.3931 188.444
60.3955 190.444
60.3991 192.444
60.4015 194.444
60.4063 196.444
60.4087 198.444
60.4111 200.444
60.4159 202.444
60.4183 204.444
60.4231 206.444
60.4255 208.444
60.4303 210.444
60.4327 212.444
60.4351 214.444
60.4399 216.444
60.4423 218.444
60.4471 220.444
60.4507 222.444
60.4531 224.444
60.4579 226.444
60.4603 228.444
60.4652 230.444
60.4676 232.444
60.4724 234.444
60.4748 236.444
60.4784 238.444
60.482 240.444
60.4844 242.444
60.4892 244.444
60.494 246.444
60.4964 248.444
60.5012 250.444
60.5036 252.444
60.506 254.444
60.5096 256.444
60.512 258.444
60.5168 260.444
60.5216 262.444
60.524 264.444
60.5276 266.444
60.5312 268.444
60.5348 270.444
60.5385 272.444
60.5433 274.444
60.5469 276.444
60.5517 278.444
60.5541 280.444
60.5589 282.444
60.5613 284.444
60.5877 286.444
60.5925 288.444
60.5949 290.444
60.5997 292.444
60.6021 294.444
60.6057 296.444
60.6081 298.444
60.6117 300.444
60.6154 302.444
60.619 304.444
60.6214 306.251
61.394 308.251
61.6415 306.251
63.1495 296
63.1495 295
63.1495 296
63.1988 295
63.2553 294
63.2577 293
63.4704 294
63.4716 295
63.4728 296
63.474 297
63.4752 298
63.4764 299
63.4776 300
63.4788 301
63.48 302
63.4812 303
63.4824 304
63.4836 305
63.4848 306
63.486 307
63.4872 308
63.4884 308.251
63.5905 307.251
63.5905 308.251
63.6254 306.251
63.6398 305.251
63.6398 306.251
63.6963 305.251
63.6963 306.251
63.6987 169.444
63.6987 170.444
63.7035 172.444
63.7059 174.444
63.7107 176.444
63.7131 178.444
63.7167 180.444
63.7191 182.444
63.7215 184.444
63.7263 186.444
63.7287 188.444
63.7335 190.444
63.7359 192.444
63.7383 194.444
63.7431 196.444
63.7455 198.444
63.7491 200.444
63.7515 202.444
63.7551 204.444
63.7587 206.444
63.7611 208.444
63.7659 210.444
63.7684 212.444
63.772 214.444
63.7756 216.444
63.778 218.444
63.7804 220.444
63.7828 222.444
63.7852 224.444
63.808 226.444
63.8104 228.444
63.814 230.444
63.8164 232.444
63.82 234.444
63.8236 236.444
63.826 238.444
63.8284 240.444
63.832 242.444
63.8356 244.444
63.838 246.444
63.8404 248.444
63.8429 250.444
63.8465 252.444
63.8501 254.444
63.8525 256.444
63.8549 258.444
63.8585 260.444
63.8609 262.444
63.8645 264.444
63.8669 266.444
63.8693 268.444
63.8729 270.444
63.8765 272.444
63.8789 274.444
63.8825 276.444
63.8849 278.444
63.8873 280.444
63.8909 282.444
63.8945 284.444
63.8969 286.444
63.8993 288.444
63.9017 290.444
63.9041 292.444
63.9065 294.444
63.9089 296.444
63.9113 298.444
63.9137 300.444
63.9161 302.444
63.9186 304.444
63.921 306.444
63.9234 308.444
63.9258 310.444
63.9282 312.444
63.9306 314.444
63.933 316.019
63.9354 316.943
63.9378 317.389
63.9402 317.711
64.0147 317.968
64.0243 318.223
64.0303 318.477
64.0363 318.73
64.0459 318.981
64.0603 320.539
64.094 320.706
65.2271 273.369
65.2271 4
65.2319 6
65.2319 4
65.2367 6
65.2367 4
65.2391 6
65.2391 4
65.2415 6
65.2415 4
65.2463 6
65.2463 4
65.2487 6
65.2487 4
65.2511 6
65.2511 4
65.2559 6
65.2559 4
65.2583 6
65.2583 4
65.2607 6
65.2607 4
65.2631 6
65.2631 4
65.2679 6
65.2679 4
65.2704 6
65.2704 4
65.2764 6
65.2764 4
65.2788 6
65.2788 4
65.2812 6
65.2812 4
65.286 6
65.286 4
65.2884 6
65.2884 4
65.2908 6
65.2908 4
65.2956 6
65.2956 4
65.298 6
65.298 4
65.3028 6
65.3028 4
65.3052 6
65.3052 4
65.3076 6
65.3076 4
65.3124 6
65.3124 4
65.3148 6
65.3148 4
65.3172 6
65.3172 4
65.322 6
65.322 4
65.3244 6
65.3244 4
65.3292 6
65.3292 4
65.3316 6
65.3316 4
65.334 6
65.334 4
65.3388 6
65.3388 4
65.3412 6
65.3412 4
65.3461 6
65.3461 4
65.3485 6
65.3485 4
65.3533 6
65.3533 4
65.3557 6
65.3557 4
65.3605 6
65.3605 4
65.3629 6
65.3629 4
65.3677 6
65.3677 4
65.3725 6
65.3725 4
65.3749 6
65.3749 4
65.3797 6
65.3797 4
65.3821 6
65.3821 4
65.3869 6
65.3869 4
65.3893 6
65.3893 4
65.3941 6
65.3941 4
65.3989 6
65.3989 4
65.4013 6
65.4013 4
65.4073 6
65.4073 4
65.4097 6
65.4097 4
65.4145 6
65.4145 4
65.4169 6
65.4169 4
65.4218 6
65.4218 4
65.4266 6
65.4266 4
65.429 6
65.429 4
65.4338 6
65.4338 4
65.4362 6
65.4362 4
65.441 6
65.441 4
65.4434 6
65.4434 4
65.4482 6
65.4482 4
65.4506 6
65.4506 4
65.4554 6
65.4554 4
65.4602 6
65.4602 4
65.465 6
65.465 4
65.4674 6
65.4674 4
65.4722 6
65.4722 4
65.4746 6
65.4746 4
65.4794 6
65.4794 4
65.4818 6
65.4818 4
65.4866 6
65.4866 4
65.489 6
65.489 4
65.4914 6
65.4914 4
65.4963 6
65.4963 4
65.4987 6
65.4987 4
65.5011 6
65.5011 4
65.5059 6
65.5059 4
65.5083 6
65.5083 4
65.5107 6
65.5107 4
65.5131 6
65.5131 4
65.5179 6
65.5179 4
65.5203 6
65.5203 4
65.5227 6
65.5227 4
65.5275 6
65.5275 4
65.5299 6
65.5299 4
65.5323 6
65.5323 4
65.5383 6
65.5383 4
65.5407 6
65.5407 4
65.5431 6
65.5431 4
65.5479 6
65.5479 4
65.5503 6
65.5503 4
65.5527 6
65.5527 4
65.5551 6
65.5551 4
65.5575 6
65.5575 4
65.5599 6
65.5599 4
65.5623 6
65.5623 4
65.5647 6
65.5647 4
65.5671 6
65.5671 4
65.5695 6
65.5695 4
65.572 6
65.572 4
65.5744 6
65.5744 4
65.5768 6
65.5768 4
65.5792 6
65.5792 4
65.5816 6
65.5816 4
65.5864 6
65.5864 4
65.5888 6
65.5888 4
65.5912 6
65.5912 4
65.5936 6
65.5936 4
65.5984 6
65.5984 4
65.6008 6
65.6008 4
65.6032 6
65.6032 4
65.608 6
65.608 4
65.6104 6
65.6104 4
65.6128 6
65.6128 4
65.6176 6
65.6176 4
65.62 6
65.62 4
65.6224 6
65.6224 4
65.6248 6
65.6248 4
65.6296 6
65.6296 4
65.632 6
65.632 4
65.6368 6
65.6368 4
65.6392 6
65.6392 4
65.6416 6
65.6416 4
65.6465 6
65.6465 4
65.6489 6
65.6489 4
65.6513 6
65.6513 4
65.6561 6
65.6561 4
65.6585 6
65.6585 4
65.6609 6
65.6609 4
65.6657 6
65.6657 4
65.6681 6
65.6681 4
65.6705 6
65.6705 4
65.8696 320.706
65.8696 322.706
65.8735 324.706
66.0726 326.706
66.0758 328.706
66.0809 330.706
66.0857 332.706
66.0905 334.706
66.0977 336.706
66.1026 338.706
66.1074 340.706
66.1146 342.706
66.1194 344.706
66.1242 345.826
66.129 339.198
66.1362 334.037
66.141 329.842
66.1458 326.33
66.153 324.057
66.1578 322.229
66.1626 320.948
66.1698 320.467
66.1747 320.366
66.88 322.366
67.1275 320.366
68.0455 315.904
68.6872 306
68.6872 305
68.6872 306
68.8362 305
69.0116 306
69.0128 307
69.014 308
69.0152 309
69.0165 310
69.0177 311
69.0213 312
69.0225 313
69.0237 314
69.0249 315
69.0261 316
69.0273 317
69.0321 317.904
69.0934 316.904
69.0934 317.904
69.1102 315.904
69.1186 314.904
69.1186 315.904
69.1715 314.904
69.1715 315.904
69.3 314.904
69.3 315.904
69.4755 316.356
69.4779 317.356
69.4791 317.38
69.4875 317.991
69.4899 318.991
69.4923 319.991
69.4935 320.037
69.5127 320.82
69.5175 321.026
69.5187 321.233
69.5223 322.233
69.5235 322.25
69.5283 322.457
69.5307 323.457
69.5331 324.457
69.5343 324.492
69.5428 325.091
69.5632 324.091
69.5632 325.091
69.5656 325.337
69.568 326.337
69.5704 326.354
69.5872 169.444
69.5872 170.444
69.592 172.444
69.5944 174.444
69.5992 176.444
69.6016 178.444
69.6052 180.444
69.6088 182.444
69.6124 184.444
69.616 186.444
69.6184 188.444
69.622 190.444
69.6244 192.444
69.6293 194.444
69.6329 196.444
69.6353 198.444
69.6389 200.444
69.6425 202.444
69.6449 204.444
69.6485 206.444
69.6521 208.444
69.6545 210.444
69.6581 212.444
69.6617 214.444
69.6653 216.444
69.6677 218.444
69.6713 220.444
69.6737 222.444
69.6773 224.444
69.6809 226.444
69.6833 228.444
69.6869 230.444
69.6893 232.444
69.6941 234.444
69.6965 236.444
69.6989 238.444
69.7013 240.444
69.7038 242.444
69.7062 244.444
69.7086 246.444
69.711 248.444
69.7134 250.444
69.7158 252.444
69.7182 254.444
69.7206 256.444
69.723 258.444
69.7254 260.444
69.7278 262.444
69.7302 264.444
69.7326 266.444
69.7362 268.444
69.7386 270.444
69.7434 272.444
69.7458 274.444
69.7494 276.444
69.753 278.444
69.7554 280.444
69.7602 282.444
69.7626 284.444
69.765 286.444
69.7698 288.444
69.7722 290.444
69.7746 292.444
69.777 294.444
69.7819 296.444
69.7843 298.444
69.7867 300.444
69.7903 302.444
69.7939 304.444
69.7963 306.444
69.7987 308.444
69.8035 310.444
69.8059 312.444
69.8083 314.444
69.8131 316.444
69.8155 318.444
69.8179 320.444
69.8227 322.444
69.8251 324.444
69.8275 326.354
70.8489 328.354
71.0988 326.354
71.5759 279
71.5759 278
71.5759 279
71.5867 278
71.9568 279
71.9592 280
71.9616 281
71.9628 282
71.964 283
71.9652 284
71.9664 285
71.9676 286
71.9688 287
71.97 288
71.9748 289
71.976 290
71.9772 291
71.9784 292
71.9796 293
71.9808 294
71.982 295
71.9832 296
71.9868 297
71.988 298
71.9892 299
71.9904 300
71.9916 301
71.9928 302
71.994 303
71.9976 304
71.9988 305
72 306
72.0012 307
72.0024 308
72.0036 309
72.0048 310
72.006 311
72.0072 312
72.0108 313
72.012 314
72.0132 315
72.0144 316
72.0156 317
72.0168 318
72.018 319
72.0192 320
72.0205 321
72.0217 322
72.0229 323
72.0253 324
72.0265 325
72.0277 324
72.0277 325
72.0289 326
72.0301 326.354
72.0385 169.444
72.0385 170.444
72.0409 172.444
72.0445 174.444
72.0469 176.444
72.0505 178.444
72.0529 180.444
72.0553 182.444
72.0601 184.444
72.0625 186.444
72.0649 188.444
72.0685 190.444
72.0709 192.444
72.0745 194.444
72.0769 196.444
72.0817 198.444
72.0865 200.444
72.0901 202.444
72.0925 204.444
72.0973 206.444
72.0997 208.444
72.1033 210.444
72.1057 212.444
72.1094 214.444
72.1142 216.444
72.1166 218.444
72.1202 220.444
72.1238 222.444
72.1262 224.444
72.1286 226.444
72.131 228.444
72.1334 230.444
72.1358 232.444
72.1382 234.444
72.1406 236.444
72.143 238.444
72.1454 240.444
72.1478 242.444
72.1502 244.444
72.1526 246.444
72.155 248.444
72.1574 250.444
72.1598 252.444
72.1634 254.444
72.1658 256.444
72.1706 258.444
72.173 260.444
72.1754 262.444
72.1778 264.444
72.1802 266.444
72.1827 268.444
72.1875 270.444
72.1899 272.444
72.1935 274.444
72.1971 276.444
72.1995 278.444
72.2043 280.444
72.2067 282.444
72.2103 284.444
72.2139 286.444
72.2163 288.444
72.2199 290.444
72.2235 292.444
72.2259 294.444
72.2283 296.444
72.2307 298.444
72.2355 300.444
72.2379 302.444
72.2403 304.444
72.2439 306.444
72.2475 308.444
72.2499 310.444
72.2523 312.444
72.2559 314.444
72.2608 316.444
72.2632 318.444
72.268 320.444
72.2728 322.444
72.2752 324.444
72.2776 326.354
72.8363 328.354
73.0839 326.354
73.931 323.802
74.8214 325.802
75.0689 323.802
75.3981 323.943
75.4198 324.414
75.4342 324.881
75.4462 325.343
75.4582 325.8
75.4702 326.252
75.4991 327.144
75.5231 327.582
75.5375 328.017
75.5495 328.448
76.1756 285.553
76.1756 4
76.178 6
76.178 4
76.1804 6
76.1804 4
76.1828 6
76.1828 4
76.1852 6
76.1852 4
76.1876 6
76.1876 4
76.19 6
76.19 4
76.1924 6
76.1924 4
76.1948 6
76.1948 4
76.1972 6
76.1972 4
76.2008 6
76.2008 4
76.2044 6
76.2044 4
76.2068 6
76.2068 4
76.2092 6
76.2092 4
76.214 6
76.214 4
76.2164 6
76.2164 4
76.2188 6
76.2188 4
76.2224 6
76.2224 4
76.226 6
76.226 4
76.2284 6
76.2284 4
76.2308 6
76.2308 4
76.2356 6
76.2356 4
76.2381 6
76.2381 4
76.2405 6
76.2405 4
76.2429 6
76.2429 4
76.2453 6
76.2453 4
76.2489 6
76.2489 4
76.2525 6
76.2525 4
76.2549 6
76.2549 4
76.2585 6
76.2585 4
76.2621 6
76.2621 4
76.2645 6
76.2645 4
76.2669 6
76.2669 4
76.2693 6
76.2693 4
76.2741 6
76.2741 4
76.2765 6
76.2765 4
76.2789 6
76.2789 4
76.2813 6
76.2813 4
76.2861 6
76.2861 4
76.2885 6
76.2885 4
76.2909 6
76.2909 4
76.2933 6
76.2933 4
76.2981 6
76.2981 4
76.3005 6
76.3005 4
76.3029 6
76.3029 4
76.3053 6
76.3053 4
76.3101 6
76.3101 4
76.3126 6
76.3126 4
76.315 6
76.315 4
76.3174 6
76.3174 4
76.3222 6
76.3222 4
76.3246 6
76.3246 4
76.327 6
76.327 4
76.3294 6
76.3294 4
76.333 6
76.333 4
76.3366 6
76.3366 4
76.339 6
76.339 4
76.3414 6
76.3414 4
76.345 6
76.345 4
76.3486 6
76.3486 4
76.351 6
76.351 4
76.3534 6
76.3534 4
76.357 6
76.357 4
76.3606 6
76.3606 4
76.363 6
76.363 4
76.3654 6
76.3654 4
76.369 6
76.369 4
76.3726 6
76.3726 4
76.375 6
76.375 4
76.3774 6
76.3774 4
76.3798 6
76.3798 4
76.3846 6
76.3846 4
76.3871 6
76.3871 4
76.3895 6
76.3895 4
76.3919 6
76.3919 4
76.3967 6
76.3967 4
76.3991 6
76.3991 4
76.4015 6
76.4015 4
76.4051 6
76.4051 4
76.4087 6
76.4087 4
76.4111 6
76.4111 4
76.4147 6
76.4147 4
76.4183 6
76.4183 4
76.4207 6
76.4207 4
76.4255 6
76.4255 4
76.4279 6
76.4279 4
76.4303 6
76.4303 4
76.4327 6
76.4327 4
76.4351 6
76.4351 4
76.4411 6
76.4411 4
76.4435 6
76.4435 4
76.4459 6
76.4459 4
76.4519 6
76.4519 4
76.4543 6
76.4543 4
76.4567 6
76.4567 4
76.4591 6
76.4591 4
76.464 6
76.464 4
76.4676 6
76.4676 4
76.47 6
76.47 4
76.4724 6
76.4724 4
76.4784 6
76.4784 4
76.4808 6
76.4808 4
76.4832 6
76.4832 4
76.4856 6
76.4856 4
76.488 6
76.488 4
76.4916 6
76.4916 4
76.4952 6
76.4952 4
76.4976 6
76.4976 4
76.5 6
76.5 4
76.506 6
76.506 4
76.5084 6
76.5084 4
76.5108 6
76.5108 4
76.5132 6
76.5132 4
76.518 6
76.518 4
76.5204 6
76.5204 4
76.5228 6
76.5228 4
76.5252 6
76.5252 4
76.53 6
76.53 4
76.5324 6
76.5324 4
76.5348 6
76.5348 4
76.5373 6
76.5373 4
76.5421 6
76.5421 4
76.5445 6
76.5445 4
76.5469 6
76.5469 4
76.5517 6
76.5517 4
76.5541 6
76.5541 4
76.5565 6
76.5565 4
76.5589 6
76.5589 4
76.5613 6
76.5613 4
76.5637 6
76.5637 4
76.5661 6
76.5661 4
76.5685 6
76.5685 4
76.5709 6
76.5709 4
76.5733 6
76.5733 4
76.5757 6
76.5757 4
76.5781 6
76.5781 4
76.5805 6
76.5805 4
76.5829 6
76.5829 4
76.5853 6
76.5853 4
76.7859 328.448
76.7859 330.448
76.7889 332.448
76.9889 334.448
76.992 336.448
76.9968 338.448
77.0052 340.448
77.01 342.448
77.0148 344.448
77.0196 346.448
77.0268 348.448
77.0316 347.487
77.0364 341.502
77.0412 336.595
77.0484 332.963
77.0532 330.115
77.058 327.953
77.0641 326.557
77.0701 325.831
77.0749 325.36
77.7742 327.36
78.0169 325.36
79.7244 327.36
79.9118 322.421
79.9671 320.421
80.2891 320.516
80.3012 320.961
80.3132 321.401
80.3276 321.838
80.3396 322.269
80.354 322.697
80.3685 323.12
80.3793 277
80.3793 276
80.3793 277
80.3937 276
80.3985 277
80.4009 278
80.4033 279
80.4045 280
80.4057 281
80.4069 282
80.4081 283
80.4093 284
80.4129 285
80.4141 286
80.4153 287
80.4165 288
80.4177 289
80.4189 290
80.4225 291
80.4237 292
80.4249 293
80.4261 294
80.4273 295
80.4285 296
80.4297 297
80.4334 298
80.4346 299
80.4358 300
80.437 301
80.4382 302
80.4394 303
80.4406 304
80.4418 305
80.4454 306
80.4466 307
80.4478 308
80.449 309
80.4502 310
80.4538 311
80.455 312
80.4562 313
80.4574 314
80.4586 315
80.4622 316
80.4634 317
80.4646 318
80.4658 319
80.467 320
80.4706 321
80.4718 322
80.473 323
80.4742 324
80.4754 324.317
80.813 323.317
80.813 324.317
80.8263 169.444
80.8263 170.444
80.8287 172.444
80.8323 174.444
80.8359 176.444
80.8383 178.444
80.8407 180.444
80.8443 182.444
80.8467 184.444
80.8491 186.444
80.8527 188.444
80.8551 190.444
80.8575 192.444
80.8599 194.444
80.8635 196.444
80.8659 198.444
80.8683 200.444
80.8707 202.444
80.8755 204.444
80.8779 206.444
80.8803 208.444
80.8839 210.444
80.8863 212.444
80.8899 214.444
80.8923 216.444
80.8948 218.444
80.8996 220.444
80.902 222.444
80.9044 224.444
80.908 226.444
80.9104 228.444
80.9128 230.444
80.9164 232.444
80.9188 234.444
80.9212 236.444
80.926 238.444
80.9284 240.444
80.9308 242.444
80.9344 244.444
80.9368 246.444
80.9404 248.444
80.9428 250.444
80.9452 252.444
80.9488 254.444
80.9524 256.444
80.9548 258.444
80.9572 260.444
80.9608 262.444
80.9632 264.444
80.9668 266.444
80.9693 268.444
80.9717 270.444
80.9765 272.444
80.9789 274.444
80.9813 276.444
80.9837 278.444
80.9861 280.444
80.9885 282.444
80.9909 284.444
80.9933 286.444
80.9957 288.444
80.9981 290.444
81.0005 292.444
81.0029 294.444
81.0053 296.444
81.0077 298.444
81.0101 300.444
81.0125 302.444
81.0149 304.444
81.0173 306.444
81.0197 308.444
81.0221 310.444
81.0245 312.444
81.0269 314.444
81.0317 316.444
81.0341 318.444
81.0377 320.444
81.0413 322.444
81.0437 324.317
81.0606 324.854
81.1122 325.713
81.1399 325.961
81.1519 327.195
81.2144 327.607
81.6686 329.607
81.9113 327.607
83.6164 329.607
83.8603 327.607
84.2965 327.892
84.3013 329.892
84.3037 330.272
84.3217 331.073
84.3698 331.928
85.0259 332.553
85.0487 332.791
85.0643 332.94
85.0763 333.059
85.0907 333.208
85.1028 333.327
85.122 333.577
85.2794 334.214
85.3395 334.23
85.5654 336.23
85.8081 334.23
86.1518 334.265
86.2455 336.066
87.077 316.24
87.077 4
87.0818 6
87.0818 4
87.0842 6
87.0842 4
87.0866 6
87.0866 4
87.089 6
87.089 4
87.0914 6
87.0914 4
87.0938 6
87.0938 4
87.0986 6
87.0986 4
87.101 6
87.101 4
87.1034 6
87.1034 4
87.1058 6
87.1058 4
87.1082 6
87.1082 4
87.1106 6
87.1106 4
87.113 6
87.113 4
87.1178 6
87.1178 4
87.1226 6
87.1226 4
87.125 6
87.125 4
87.1275 6
87.1275 4
87.1299 6
87.1299 4
87.1359 6
87.1359 4
87.1383 6
87.1383 4
87.1407 6
87.1407 4
87.1431 6
87.1431 4
87.1455 6
87.1455 4
87.1503 6
87.1503 4
87.1527 6
87.1527 4
87.1575 6
87.1575 4
87.1599 6
87.1599 4
87.1623 6
87.1623 4
87.1647 6
87.1647 4
87.1695 6
87.1695 4
87.1719 6
87.1719 4
87.1743 6
87.1743 4
87.1767 6
87.1767 4
87.1815 6
87.1815 4
87.1839 6
87.1839 4
87.1863 6
87.1863 4
87.1887 6
87.1887 4
87.1911 6
87.1911 4
87.1959 6
87.1959 4
87.1983 6
87.1983 4
87.2007 6
87.2007 4
87.2056 6
87.2056 4
87.208 6
87.208 4
87.2128 6
87.2128 4
87.2152 6
87.2152 4
87.2176 6
87.2176 4
87.22 6
87.22 4
87.2248 6
87.2248 4
87.2272 6
87.2272 4
87.232 6
87.232 4
87.2344 6
87.2344 4
87.2368 6
87.2368 4
87.2416 6
87.2416 4
87.244 6
87.244 4
87.2464 6
87.2464 4
87.2488 6
87.2488 4
87.2536 6
87.2536 4
87.256 6
87.256 4
87.2584 6
87.2584 4
87.2608 6
87.2608 4
87.2656 6
87.2656 4
87.268 6
87.268 4
87.2704 6
87.2704 4
87.2752 6
87.2752 4
87.2777 6
87.2777 4
87.2801 6
87.2801 4
87.2825 6
87.2825 4
87.2885 6
87.2885 4
87.2909 6
87.2909 4
87.2933 6
87.2933 4
87.2969 6
87.2969 4
87.3005 6
87.3005 4
87.3029 6
87.3029 4
87.3053 6
87.3053 4
87.3101 6
87.3101 4
87.3149 6
87.3149 4
87.3173 6
87.3173 4
87.3197 6
87.3197 4
87.3221 6
87.3221 4
87.3269 6
87.3269 4
87.3293 6
87.3293 4
87.3317 6
87.3317 4
87.3365 6
87.3365 4
87.3389 6
87.3389 4
87.3413 6
87.3413 4
87.3437 6
87.3437 4
87.3461 6
87.3461 4
87.3509 6
87.3509 4
87.3534 6
87.3534 4
87.3558 6
87.3558 4
87.3582 6
87.3582 4
87.3606 6
87.3606 4
87.363 6
87.363 4
87.3678 6
87.3678 4
87.3702 6
87.3702 4
87.375 6
87.375 4
87.3774 6
87.3774 4
87.3798 6
87.3798 4
87.3822 6
87.3822 4
87.387 6
87.387 4
87.3894 6
87.3894 4
87.3918 6
87.3918 4
87.3942 6
87.3942 4
87.3966 6
87.3966 4
87.4014 6
87.4014 4
87.4038 6
87.4038 4
87.4062 6
87.4062 4
87.4086 6
87.4086 4
87.411 6
87.411 4
87.4158 6
87.4158 4
87.4182 6
87.4182 4
87.423 6
87.423 4
87.4254 6
87.4254 4
87.4279 6
87.4279 4
87.4303 6
87.4303 4
87.4327 6
87.4327 4
87.4375 6
87.4375 4
87.4399 6
87.4399 4
87.4423 6
87.4423 4
87.4447 6
87.4447 4
87.4471 6
87.4471 4
87.4519 6
87.4519 4
87.4543 6
87.4543 4
87.4567 6
87.4567 4
87.4591 6
87.4591 4
87.4639 6
87.4639 4
87.4675 6
87.4675 4
87.4699 6
87.4699 4
87.4723 6
87.4723 4
87.4747 6
87.4747 4
87.4771 6
87.4771 4
87.4819 6
87.4819 4
87.4843 6
87.4843 4
87.4867 6
87.4867 4
87.4915 6
87.4915 4
87.4939 6
87.4939 4
87.4963 6
87.4963 4
87.5011 6
87.5011 4
87.5036 6
87.5036 4
87.506 6
87.506 4
87.5084 6
87.5084 4
87.5108 6
87.5108 4
87.5156 6
87.5156 4
87.518 6
87.518 4
87.5204 6
87.5204 4
87.5228 6
87.5228 4
87.5252 6
87.5252 4
87.5276 6
87.5276 4
87.5324 6
87.5324 4
87.5348 6
87.5348 4
87.5372 6
87.5372 4
87.542 6
87.542 4
87.5444 6
87.5444 4
87.5468 6
87.5468 4
87.5492 6
87.5492 4
87.7498 336.066
87.7498 338.066
87.7527 340.066
87.9527 342.066
87.9557 344.066
87.9605 346.066
87.9665 348.066
87.9725 350.066
87.9773 352.066
87.9821 354.066
87.9869 356.066
87.9941 358.066
87.9989 360.066
88.0037 360.808
88.0085 355.072
88.0145 350.564
88.0205 347.132
88.0253 344.47
88.0302 342.482
88.035 340.914
88.0422 340.394
88.047 340.11
88.7583 342.11
89.0059 340.11
90.2435 334.039
90.7446 336.039
90.9933 334.039
90.9957 333
90.9957 332
90.9957 333
91.2072 334
91.2108 334.039
91.2517 333.039
91.2517 334.039
91.2625 333.039
91.2625 334.039
91.2721 334.23
91.2829 334.425
91.2841 335.425
91.2853 335.426
91.2949 336.426
91.2961 337.426
91.2973 337.428
91.3069 338.428
91.3081 338.43
91.3117 339.249
91.3226 340.072
91.3754 340.899
91.4631 341.012
91.4716 341.386
91.474 341.731
91.4764 340.731
91.4764 341.731
91.6614 340.731
91.6614 341.731
91.671 169.444
91.671 170.444
91.6734 172.444
91.6758 174.444
91.6782 176.444
91.6806 178.444
91.683 180.444
91.6854 182.444
91.6878 184.444
91.6902 186.444
91.6926 188.444
91.695 190.444
91.6974 192.444
91.6998 194.444
91.7022 196.444
91.7046 198.444
91.7071 200.444
91.7095 202.444
91.7119 204.444
91.7143 206.444
91.7179 208.444
91.7203 210.444
91.7227 212.444
91.7251 214.444
91.7299 216.444
91.7323 218.444
91.7347 220.444
91.7395 222.444
91.7431 224.444
91.7455 226.444
91.7479 228.444
91.7503 230.444
91.7539 232.444
91.7563 234.444
91.7599 236.444
91.7635 238.444
91.7659 240.444
91.7683 242.444
91.7731 244.444
91.7755 246.444
91.7779 248.444
91.7828 250.444
91.7852 252.444
91.7876 254.444
91.7912 256.444
91.7948 258.444
91.7972 260.444
91.7996 262.444
91.8032 264.444
91.8068 266.444
91.8092 268.444
91.814 270.444
91.8164 272.444
91.8188 274.444
91.8212 276.444
91.826 278.444
91.8284 280.444
91.8308 282.444
91.8344 284.444
91.838 286.444
91.8404 288.444
91.8428 290.444
91.8597 292.444
91.8621 294.444
91.8657 296.444
91.8681 298.444
91.8705 300.444
91.8729 302.444
91.8765 304.444
91.8789 306.444
91.8813 308.444
91.8849 310.444
91.8873 312.444
91.8897 314.444
91.8933 316.444
91.8969 318.444
91.8993 320.444
91.9017 322.444
91.9065 324.444
91.9089 326.444
91.9113 328.444
91.9149 330.444
91.9173 332.444
91.9197 334.444
91.9233 336.444
91.9257 338.444
91.9281 340.444
91.9318 341.731
92.7224 343.731
92.9699 341.731
94.5705 334
94.5705 333
94.5705 334
94.6041 335
94.6053 336
94.6065 337
94.6077 338
94.6089 339
94.6125 340
94.6137 341
94.6149 341.731
94.7002 342.731
94.7038 343.731
94.7615 342.731
94.7615 343.731
94.8781 342.731
94.8781 343.731
94.9129 342.731
94.9129 343.731
94.9466 342.731
94.9466 341.731
95.0571 340.731
95.0571 341.731
95.1989 342.581
95.2085 343.184
95.2097 344.184
95.2109 344.193
95.2218 344.389
95.223 344.592
95.2254 344.939
95.2326 345.804
95.2338 346.804
95.235 346.812
95.2482 345.812
95.2482 346.812
95.2494 347.126
95.2746 347.971
95.2902 348.093
95.2926 348.455
95.2951 348.818
95.2963 348.82
95.3071 348.931
95.3083 349.113
95.3263 349.282
95.3287 349.646
95.3491 348.646
95.3491 349.646
95.3503 349.662
95.3792 349.888
95.3852 348.888
95.3852 349.888
95.3876 350.153
95.3888 350.359
95.3996 350.705
95.4008 350.887
95.42 169.444
95.42 170.444
95.4224 172.444
95.4272 174.444
95.4308 176.444
95.4332 178.444
95.4368 180.444
95.4392 182.444
95.4416 184.444
95.4464 186.444
95.4488 188.444
95.4512 190.444
95.4548 192.444
95.4572 194.444
95.4608 196.444
95.4633 198.444
95.4669 200.444
95.4693 202.444
95.4741 204.444
95.4765 206.444
95.4789 208.444
95.4825 210.444
95.4861 212.444
95.4885 214.444
95.4921 216.444
95.4945 218.444
95.4969 220.444
95.4993 222.444
95.5041 224.444
95.5065 226.444
95.5089 228.444
95.5125 230.444
95.5161 232.444
95.5185 234.444
95.5209 236.444
95.5233 238.444
95.5293 240.444
95.5402 242.444
95.5426 244.444
95.5462 246.444
95.5486 248.444
95.551 250.444
95.5546 252.444
95.5582 254.444
95.5606 256.444
95.563 258.444
95.5666 260.444
95.569 262.444
95.5714 264.444
95.575 266.444
95.5774 268.444
95.5798 270.444
95.5834 272.444
95.587 274.444
95.5894 276.444
95.5918 278.444
95.5966 280.444
95.599 282.444
95.6014 284.444
95.6038 286.444
95.6062 288.444
95.6098 290.444
95.6135 292.444
95.6159 294.444
95.6183 296.444
95.6207 298.444
95.6255 300.444
95.6279 302.444
95.6303 304.444
95.6339 306.444
95.6363 308.444
95.6387 310.444
95.6411 312.444
95.6447 314.444
95.6471 316.444
95.6495 318.444
95.6519 320.444
95.6543 322.444
95.6579 324.444
95.6603 326.444
95.6627 328.444
95.6651 330.444
95.6699 332.444
95.6723 334.444
95.6747 336.444
95.6771 338.444
95.6795 340.444
95.6831 342.444
95.6855 344.444
95.688 346.444
95.6904 348.444
95.694 350.444
95.6964 350.887
96.6733 352.887
96.9208 350.887
98.0479 335.343
98.0479 4
98.0503 6
98.0503 4
98.0527 6
98.0527 4
98.0551 6
98.0551 4
98.0599 6
98.0599 4
98.0623 6
98.0623 4
98.0647 6
98.0647 4
98.0671 6
98.0671 4
98.0695 6
98.0695 4
98.0743 6
98.0743 4
98.0791 6
98.0791 4
98.0815 6
98.0815 4
98.0839 6
98.0839 4
98.0887 6
98.0887 4
98.0912 6
98.0912 4
98.0936 6
98.0936 4
98.096 6
98.096 4
98.0984 6
98.0984 4
98.1008 6
98.1008 4
98.1056 6
98.1056 4
98.108 6
98.108 4
98.1104 6
98.1104 4
98.1128 6
98.1128 4
98.1152 6
98.1152 4
98.1176 6
98.1176 4
98.1224 6
98.1224 4
98.1248 6
98.1248 4
98.1272 6
98.1272 4
98.1296 6
98.1296 4
98.132 6
98.132 4
98.1344 6
98.1344 4
98.1368 6
98.1368 4
98.1416 6
98.1416 4
98.144 6
98.144 4
98.1464 6
98.1464 4
98.1488 6
98.1488 4
98.1512 6
98.1512 4
98.1548 6
98.1548 4
98.1584 6
98.1584 4
98.1608 6
98.1608 4
98.1632 6
98.1632 4
98.1657 6
98.1657 4
98.1681 6
98.1681 4
98.1729 6
98.1729 4
98.1753 6
98.1753 4
98.1777 6
98.1777 4
98.1801 6
98.1801 4
98.1825 6
98.1825 4
98.1849 6
98.1849 4
98.1873 6
98.1873 4
98.1897 6
98.1897 4
98.1945 6
98.1945 4
98.1969 6
98.1969 4
98.1993 6
98.1993 4
98.2017 6
98.2017 4
98.2041 6
98.2041 4
98.2065 6
98.2065 4
98.2113 6
98.2113 4
98.2137 6
98.2137 4
98.2161 6
98.2161 4
98.2185 6
98.2185 4
98.2209 6
98.2209 4
98.2233 6
98.2233 4
98.2257 6
98.2257 4
98.2281 6
98.2281 4
98.2329 6
98.2329 4
98.2353 6
98.2353 4
98.2377 6
98.2377 4
98.2426 6
98.2426 4
98.245 6
98.245 4
98.2474 6
98.2474 4
98.2498 6
98.2498 4
98.2522 6
98.2522 4
98.2546 6
98.2546 4
98.257 6
98.257 4
98.263 6
98.263 4
98.2654 6
98.2654 4
98.2678 6
98.2678 4
98.2702 6
98.2702 4
98.2726 6
98.2726 4
98.275 6
98.275 4
98.2774 6
98.2774 4
98.2798 6
98.2798 4
98.2822 6
98.2822 4
98.2846 6
98.2846 4
98.287 6
98.287 4
98.2894 6
98.2894 4
98.2918 6
98.2918 4
98.2942 6
98.2942 4
98.2966 6
98.2966 4
98.3014 6
98.3014 4
98.3038 6
98.3038 4
98.3062 6
98.3062 4
98.3086 6
98.3086 4
98.311 6
98.311 4
98.3134 6
98.3134 4
98.3183 6
98.3183 4
98.3207 6
98.3207 4
98.3231 6
98.3231 4
98.3255 6
98.3255 4
98.3303 6
98.3303 4
98.3327 6
98.3327 4
98.3351 6
98.3351 4
98.3375 6
98.3375 4
98.3423 6
98.3423 4
98.3447 6
98.3447 4
98.3471 6
98.3471 4
98.3519 6
98.3519 4
98.3543 6
98.3543 4
98.3567 6
98.3567 4
98.3591 6
98.3591 4
98.3639 6
98.3639 4
98.3663 6
98.3663 4
98.3687 6
98.3687 4
98.3711 6
98.3711 4
98.3759 6
98.3759 4
98.3783 6
98.3783 4
98.3807 6
98.3807 4
98.3855 6
98.3855 4
98.3879 6
98.3879 4
98.3904 6
98.3904 4
98.3928 6
98.3928 4
98.3976 6
98.3976 4
98.4 6
98.4 4
98.4048 6
98.4048 4
98.4072 6
98.4072 4
98.4096 6
98.4096 4
98.412 6
98.412 4
98.4168 6
98.4168 4
98.4192 6
98.4192 4
98.4216 6
98.4216 4
98.4264 6
98.4264 4
98.4288 6
98.4288 4
98.4336 6
98.4336 4
98.436 6
98.436 4
98.4384 6
98.4384 4
98.4432 6
98.4432 4
98.4456 6
98.4456 4
98.448 6
98.448 4
98.4516 6
98.4516 4
98.4552 6
98.4552 4
98.4576 6
98.4576 4
98.46 6
98.46 4
98.4648 6
98.4648 4
98.4673 6
98.4673 4
98.4721 6
98.4721 4
98.4745 6
98.4745 4
98.4793 6
98.4793 4
98.4817 6
98.4817 4
98.4841 6
98.4841 4
98.4865 6
98.4865 4
98.4913 6
98.4913 4
98.4937 6
98.4937 4
98.4961 6
98.4961 4
98.5009 6
98.5009 4
98.5033 6
98.5033 4
98.5057 6
98.5057 4
98.5081 6
98.5081 4
98.5129 6
98.5129 4
98.5153 6
98.5153 4
98.5177 6
98.5177 4
98.5213 6
98.5213 4
98.5237 6
98.5237 4
98.5261 6
98.5261 4
98.5297 6
98.5297 4
98.5321 6
98.5321 4
98.7324 350.887
98.7324 352.887
98.7351 354.887
98.9354 356.887
98.9392 358.887
98.9428 360.887
98.9476 362.887
98.9536 364.887
98.9596 366.887
98.9656 368.887
98.968 370.887
98.9728 372.887
98.9776 374.887
98.9824 376.887
98.9872 378.887
98.9896 374.517
98.9944 367.96
98.9993 362.575
99.0053 358.392
99.0077 354.732
99.0125 351.881
99.0149 349.211
99.0173 346.874
99.0197 344.654
99.0221 342.711
99.0245 341.01
99.0269 339.347
99.0317 338.243
99.0341 337.278
99.0365 336.257
99.0413 335.715
99.0437 335.242
99.0461 334.828
99.0509 334.642
99.0533 334.479
99.0557 334.16
99.0581 333.881
99.4559 325.61
99.4727 327.61
99.707 325.61
