0.200158 10
0.402811 11
0.407617 13
0.412424 15
0.41723 17
0.422037 19
0.604305 21
0.609111 23
0.611514 25
0.615119 27
0.617522 29
0.621127 31
0.62353 33
0.625934 35
0.628337 37
0.805799 39
0.808202 41
0.810605 43
0.813008 45
0.816613 47
0.819016 49
0.821419 51
0.823823 53
0.826226 55
0.828629 57
0.832234 59
0.834637 61
0.83704 63
0.839443 65
0.841847 67
0.84425 69
0.847855 71
0.850258 73
1.00729 75
1.0097 77
1.0121 79
1.0145 81
1.01811 83
1.02051 85
1.02291 87
1.02652 89
1.02892 91
1.03132 93
1.03493 95
1.03733 97
1.03974 99
1.04214 101
1.04454 103
1.04695 105
1.04935 107
1.05175 109
1.05415 111
1.05656 113
1.06016 115
1.06257 117
1.06497 119
1.06737 121
1.07098 123
1.07338 125
1.07578 127
1.07939 129
1.08179 131
1.08419 133
1.0878 135
1.0902 137
1.09261 139
1.09501 141
1.09741 143
1.09982 145
1.20879 147
1.21119 149
1.21479 151
1.2172 153
1.2208 155
1.22321 157
1.22681 159
1.22921 161
1.23282 163
1.23522 165
1.23883 167
1.24123 169
1.24483 171
1.24724 173
1.25084 175
1.25325 177
1.25685 179
1.25925 181
1.26166 183
1.26526 185
1.26887 187
1.27127 189
1.27487 191
1.27728 193
1.27968 195
1.28329 197
1.28569 199
1.28809 201
1.2917 203
1.2941 205
1.2977 207
1.30011 209
1.30371 211
1.30612 213
1.30972 215
1.31212 217
1.31573 219
1.31813 221
1.32053 223
1.32414 225
1.32774 227
1.33015 229
1.33375 231
1.33616 233
1.33976 235
1.34216 237
1.34577 239
1.34817 241
1.35178 243
1.35418 245
1.35658 247
1.35899 249
1.36139 251
1.36379 253
1.3674 255
1.3698 257
1.37341 259
1.37581 261
1.37941 263
1.38182 265
1.38542 267
1.38782 269
1.39023 271
1.39263 273
1.39503 275
1.39744 277
1.39984 279
1.40224 281
1.40465 283
1.40705 285
1.40945 287
1.41186 289
1.48275 291
1.48515 293
1.48876 295
1.49116 297
1.49597 299
1.49837 301
1.50318 303
1.50558 305
1.51039 307
1.51279 309
1.5164 311
1.5188 313
1.52361 315
1.52601 317
1.53081 319
1.53322 321
1.53802 323
1.54043 325
1.54403 327
1.54764 329
1.55244 331
1.55485 333
1.55845 335
1.56085 337
1.56566 339
1.56927 341
1.57287 343
1.57527 345
1.58008 347
1.58248 349
1.58729 351
1.58969 353
1.5945 355
1.5969 357
1.60171 359
1.60411 361
1.60772 363
1.61012 365
1.61613 367
1.61853 369
1.62334 371
1.62574 373
1.63055 375
1.63295 377
1.63776 379
1.64016 381
1.64377 383
1.64737 385
1.65097 387
1.65338 389
1.65818 391
1.66179 393
1.66539 395
1.6678 397
1.6726 399
1.67501 401
1.67861 403
1.68101 405
1.68342 407
1.68582 409
1.68943 411
1.69303 413
1.69664 415
1.69904 417
1.70264 419
1.70505 421
1.70745 423
1.70985 425
1.71346 427
1.71706 429
1.72067 431
1.72307 433
1.72668 435
1.72908 437
1.73148 439
1.73389 441
1.73629 443
1.73869 445
1.7423 447
1.7459 449
1.75071 451
1.75311 453
1.75551 455
1.75792 457
1.76152 459
1.76513 461
1.76873 463
1.77113 465
1.77474 467
1.77714 469
1.77955 471
1.78195 473
1.78555 475
1.78916 477
1.79276 479
1.79517 481
1.79877 483
1.80117 485
1.80358 487
1.80598 489
1.80838 491
1.81079 493
1.81319 495
1.81559 497
1.818 499
1.8204 501
1.8228 503
1.82521 505
1.82881 507
1.83242 509
1.83602 511
1.83842 513
1.84203 515
1.84443 517
1.84684 519
1.84924 521
1.85284 523
1.85645 525
1.86005 527
1.86246 529
1.86606 531
1.86846 533
1.87087 535
1.87327 537
1.87567 539
1.8805 537
1.8817 536.394
1.88291 534.091
1.88411 533.788
1.88531 531.485
1.88651 530
1.88771 527
1.88891 526
1.89012 523
1.89132 522.182
1.89252 519
1.89372 518
1.89492 515
1.89612 514
1.89733 511
1.89853 510.577
1.96341 507
1.96462 506
1.96582 503
1.96702 502
1.97062 501.275
1.97183 500
1.98264 499
1.98504 498
1.99706 487
2.01989 483
2.0307 471.67
2.04152 443
2.05714 431
2.05834 419
2.05954 399
2.06074 398.368
2.06195 397
2.06555 395
2.06675 394
2.06795 391
2.06915 390.066
2.07276 387.762
2.07396 386
2.07516 383
2.07636 382
2.07997 379
2.08117 378.461
2.08237 376
2.08718 374
2.08958 372
2.09439 370
2.09679 368
2.1004 365
2.1028 363
2.10881 362
2.11121 360
2.11602 358
2.11842 356
2.12323 354
2.12563 352
2.13044 350
2.13284 348
2.13404 345
2.14005 344
2.14365 341
2.14846 339
2.15327 337
2.15447 334
2.15807 331
2.16048 329
2.16288 327
2.16528 325
2.16889 324
2.17129 322
2.1761 320
2.1785 318
2.1797 315
2.18571 314
2.18691 311
2.18931 309
2.19292 308
2.19532 306
2.20013 304
2.20253 302
2.20373 299
2.20974 298
2.21094 295
2.21335 293
2.21695 292
2.21935 290
2.22176 288
2.22416 286
2.22897 284
2.23137 282
2.23257 279
2.23858 278
2.24098 276
2.24339 274
2.24819 272
2.2506 270
2.2518 267
2.25781 266
2.25901 263
2.26141 261
2.26502 260
2.26742 258
2.27223 256
2.27463 254
2.27583 251
2.28184 250
2.28304 247
2.28544 245
2.28905 244
2.29145 242
2.29385 240
2.29626 238
2.29866 236
2.30106 234
2.30347 232
2.30587 230
2.30827 228
2.31068 226
2.31548 224
2.31789 222
2.31909 219
2.3251 218
2.3263 215
2.3287 213
2.33231 212
2.33471 210
2.33951 208
2.34192 206
2.34312 203
2.34913 202
2.35033 199
2.35273 197
2.35634 196
2.35874 194
2.36114 192
2.36355 190
2.36595 188
2.36715 229
2.36835 230
2.36955 229
2.55941 230
2.56181 229
2.56542 230
2.56662 229
2.56782 230
2.56902 229
2.57263 230
2.57383 229
2.57503 230
2.57863 229
2.57983 230
2.58104 229
2.58224 230
2.58344 229
2.58704 230
2.58825 229
2.58945 230
2.59065 229
2.59425 230
2.59546 229
2.59666 230
2.59786 229
2.60146 230
2.60267 229
2.60387 230
2.60507 229
2.60867 230
2.60987 229
2.61108 230
2.61228 229
2.61588 230
2.61708 229
2.61829 230
2.62189 229
2.62309 230
2.6279 229
2.63391 230
2.63511 229
2.63631 230
2.63991 229
2.64112 230
2.64232 229
2.64352 230
2.64472 229
2.64592 230
2.64712 229
2.64833 230
2.64953 229
2.65073 230
2.65193 229
2.65313 230
2.65433 229
2.65794 230
2.65914 229
2.66034 230
2.66154 229
2.66515 230
2.66635 229
2.66755 230
2.66875 229
2.66995 230
2.67116 229
2.67236 230
2.67356 229
2.67476 230
2.67596 229
2.67716 230
2.67837 229
2.68197 230
2.68317 229
2.68437 230
2.68558 229
2.68918 230
2.69038 229
2.69158 230
2.69279 229
2.69399 230
2.69519 229
2.69639 230
2.69759 229
2.69879 230
2.69999 229
2.7012 230
2.7024 229
2.7036 230
2.7048 229
2.706 230
2.7072 229
2.71081 230
2.71201 229
2.71321 230
2.71441 229
2.71802 230
2.71922 229
2.72042 230
2.72162 229
2.72283 230
2.72403 229
2.72523 230
2.72643 229
2.73003 230
2.73124 229
2.73244 230
2.73364 229
2.73724 230
2.73845 229
2.73965 230
2.74085 229
2.74205 230
2.74325 229
2.74445 230
2.74566 229
2.74686 230
2.74806 229
2.74926 230
2.75046 229
2.75407 230
2.75527 229
2.75647 230
2.75767 229
2.76128 230
2.76248 229
2.76368 230
2.76488 229
2.76608 230
2.76728 229
2.76849 230
2.76969 229
2.77089 230
2.77209 229
2.77329 230
2.77449 229
2.7757 230
2.7769 229
2.7781 230
2.7793 229
2.7805 230
2.7817 229
2.78291 230
2.78411 229
2.78531 230
2.78651 229
2.78771 230
2.78891 229
2.79011 230
2.79132 229
2.79252 230
2.79372 229
2.79732 230
2.79853 229
2.79973 230
2.80093 229
2.80453 230
2.80574 229
2.80694 230
2.80814 229
2.80934 230
2.81054 229
2.81174 230
2.81295 229
2.81415 230
2.81535 229
2.81655 230
2.81775 229
2.82136 230
2.82256 229
2.82376 230
2.82496 229
2.82857 230
2.82977 229
2.83097 230
2.83217 229
2.83337 230
2.83457 229
2.83578 230
2.83698 229
2.83818 230
2.83938 229
2.84058 230
2.84178 229
2.84299 230
2.84419 229
2.84539 230
2.84659 229
2.84779 230
2.84899 229
2.85019 230
2.8514 229
2.8526 230
2.8538 229
2.855 230
2.8562 231
2.8574 232
2.85861 233
2.85981 234
3.36715 1
5.56867 4
6.17442 5
6.57624 6
6.78311 7
7.18371 8
7.39001 9
7.59281 10
7.7967 11
7.99962 12
8.19391 13
8.21073 14
8.39935 15
8.41377 16
8.59672 17
8.61714 18
8.79825 19
8.82228 20
9.00178 21
9.01139 22
9.03542 23
9.20528 24
9.21129 25
9.23412 26
9.26416 27
9.41014 28
9.42936 29
9.46421 30
9.60965 31
9.61446 32
9.63369 33
9.66252 34
9.81355 35
9.87243 36
10.0214 37
10.0286 38
10.0791 39
10.1296 40
10.2353 41
10.2702 42
10.3122 43
10.3411 44
10.3723 45
10.4476 46
10.4717 47
10.5149 48
10.5425 49
10.575 50
10.6467 51
10.6635 52
10.7056 53
10.7296 54
10.7561 55
10.7885 56
10.8494 57
10.8674 58
10.8963 59
10.9311 60
10.9588 61
10.99 62
11.0521 63
11.0665 64
11.0821 65
11.1218 66
11.1374 67
11.1675 68
11.1915 69
11.2482 70
11.2698 71
11.2878 72
11.3209 73
11.3377 74
11.3629 75
11.3846 76
11.4499 77
11.4692 78
11.5004 79
11.5172 80
11.5352 81
11.5449 82
11.5569 83
11.5837 84
11.6017 85
11.6724 86
11.7025 87
11.7397 88
11.7613 89
11.7842 90
11.8034 91
11.819 92
11.831 93
11.843 94
11.8551 95
11.8971 96
11.938 97
11.986 98
12.0101 99
12.0377 100
12.0629 101
12.0846 102
12.1098 103
12.123 104
12.1422 105
12.1615 106
12.1783 107
12.2083 108
12.2276 109
12.2624 110
12.2936 111
12.3165 112
12.3369 113
12.3549 114
12.3802 115
12.4042 116
12.4306 117
12.4475 118
12.4631 119
12.4823 120
12.5015 121
12.5208 122
12.54 123
12.5676 124
12.588 125
12.6109 126
12.6337 127
12.6661 128
12.6854 129
12.7046 130
12.7298 131
12.7455 132
12.7671 133
12.7923 134
12.8091 135
12.8356 136
12.8572 137
12.8716 138
12.8944 139
12.9125 140
12.9353 141
12.9449 142
12.9629 143
12.9858 144
13.011 145
13.0278 146
13.041 147
13.0627 148
13.0843 149
13.1107 150
13.1252 151
13.148 152
13.1624 153
13.1816 154
13.2009 155
13.2213 156
13.2321 157
13.2573 158
13.2754 159
13.3126 157
13.3138 154.379
13.3222 153.068
13.3295 152.758
13.3367 152.448
13.3439 150.137
13.3463 148.827
13.3535 147.516
13.3547 145.205
13.3583 143.895
13.3643 143.584
13.3655 143.273
13.3715 140.963
13.3727 140.653
13.3799 140.342
13.3811 140.031
13.3871 139.721
13.3883 139.41
13.3907 137
13.3919 136
13.3967 135
13.3979 134
13.3991 133
13.4052 132
13.4064 131
13.4124 130
13.4136 129
13.4196 128
13.4208 127
13.422 126
13.4244 125
13.4256 124
13.4292 123
13.4304 122
13.4316 121
13.4388 120.097
13.44 119
13.4424 118
13.4484 117
13.4496 116
13.4556 114
13.4568 113
13.4628 111
13.9254 112
13.9278 113
13.9302 114
13.9326 115
14.0059 116
14.078 117
14.1381 118
14.1958 119
14.3003 120
14.3376 121
14.3904 122
14.4385 123
14.4854 124
14.537 125
14.5875 126
14.6476 127
14.7401 128
14.7701 129
14.823 130
14.8807 131
14.9408 132
14.9985 133
15.0561 134
15.1174 135
15.2063 136
15.2472 137
15.3061 138
15.3782 139
15.4358 140
15.5139 141
15.58 142
15.6858 143
15.7302 144
15.7975 145
15.8792 146
15.9669 147
16.0439 145
16.0451 144.369
16.0535 144.054
16.0547 143.738
16.0583 143.423
16.0595 143.108
16.0655 142.792
16.0667 142.477
16.0751 142.162
16.0763 141.846
16.0859 140.53
16.0871 140.215
16.0967 139.9
16.0979 139.584
16.1111 139.269
16.1123 138.953
16.122 138.638
16.1232 138.323
16.1316 138.007
16.1328 137.691
16.1424 136
16.1436 135
16.152 134
16.1532 133
16.158 132
16.1592 131
16.1688 130
16.17 129
16.1712 128
16.1748 127
16.1784 126
16.1821 125
16.1833 123
16.1893 121
16.1905 120
16.1941 119
16.1953 118
16.1989 117
16.2001 116
16.2037 115.635
16.2049 114
16.2061 113
16.2073 112
16.2109 111
16.2121 110
16.2157 109
16.2169 108
16.2193 107
16.2205 106
16.2229 104
16.2241 103
16.2277 102
16.295 101
16.4152 100
16.5293 102
16.8537 103
16.8621 104
16.8717 105
16.9835 106
17.1325 107
17.2202 108
17.3079 109
17.386 110
17.511 111
17.5987 112
17.6924 113
17.7802 114
17.9015 115
17.9964 116
18.1298 117
18.2812 118
18.4122 119
18.5576 120
18.7498 121
18.9301 122
19.1187 123
19.5465 124
21.8151 125
22.1632 126
22.4116 127
22.6086 128
22.7769 129
22.9198 130
23.0544 131
23.1722 132
23.2839 133
23.3789 134
23.5651 135
23.6973 136
23.8451 137
23.9676 138
24.0662 139
24.1443 140
24.232 141
24.3173 142
24.3954 143
24.4687 144
24.5312 145
24.5949 146
24.6574 147
24.7174 148
24.7763 149
24.84 150
24.8989 151
24.9409 152
24.9926 153
25.0455 154
25.0984 155
25.1392 156
25.1933 157
25.2389 158
25.2846 159
25.3303 160
25.3855 159
25.3904 157.383
25.3916 157.075
25.3976 155.766
25.3988 155.457
25.4036 155.148
25.4108 154.84
25.412 154.531
25.418 153.222
25.4204 152.914
25.4276 152.605
25.4336 151.297
25.4384 149.988
25.4396 147.68
25.4444 146.371
25.4516 146.062
25.4589 145.753
25.4661 144.445
25.4721 142
25.4793 140
25.4853 138
25.4913 136
25.4973 133
25.4985 131
25.5033 129
25.5045 128
25.5093 127
25.5105 126
25.5165 125
25.5177 124
25.5237 123
25.5249 122
25.5309 121
25.5322 120
25.5358 119
25.537 118.244
25.5418 116
25.543 115
25.549 114
25.5502 113
25.5526 112
25.5934 111
25.8362 112
26.0032 113
26.0104 114
26.0164 115
26.0224 116
26.0572 117
26.1305 118
26.1858 119
26.2531 120
26.3636 121
26.3841 122
26.4261 123
26.485 124
26.5319 125
26.5907 126
26.6484 127
26.7205 128
26.7674 129
26.813 130
26.8731 131
26.9236 132
26.9813 133
27.0437 134
27.1074 135
27.1771 136
27.2288 137
27.2865 138
27.3634 139
27.4283 140
27.504 141
27.5785 142
27.6457 143
27.7058 144
27.7755 145
27.8536 146
27.9389 147
28.0279 148
28.1156 149
28.2021 150
28.297 151
28.416 152
28.5337 153
28.6491 152
28.6503 151.381
28.6551 151.071
28.6575 150.762
28.6635 150.452
28.6647 149.142
28.6707 147.833
28.6755 147.523
28.6767 147.213
28.6827 145.903
28.6839 145.594
28.6888 145.285
28.6948 144.974
28.696 144.665
28.7008 142.355
28.702 142.046
28.7056 141.735
28.7116 141.426
28.7128 141.117
28.7188 139
28.72 138
28.7248 137
28.726 136
28.7308 135
28.732 134
28.738 133
28.7392 132
28.744 131
28.7452 130
28.75 129
28.7512 128
28.756 127
28.7572 126
28.7633 125
28.7645 124
28.7705 123
28.7717 122
28.7765 121.017
28.7777 120
28.7825 119
28.7837 118
28.7885 117
28.7909 116
28.7969 114
28.7981 113
28.8041 112
28.8053 111
28.8125 110
28.8137 109
28.8161 108
28.8173 107
28.857 106
28.9159 105
29.0048 104
29.0108 103
29.0468 102
29.0841 101
29.1285 100
29.1345 107
29.5659 108
29.5707 109
29.5731 110
29.6837 111
29.8038 112
29.8759 113
29.9492 114
30.0658 115
30.1595 116
30.2676 117
30.3265 118
30.4455 119
30.5368 120
30.6461 121
30.7675 122
30.872 123
31.0138 124
31.1364 125
31.2914 126
31.5161 127
31.6627 128
31.873 129
32.32 130
34.583 131
34.9375 132
35.1814 133
35.3821 134
35.5491 135
35.6933 136
35.8195 137
35.9408 138
36.0502 139
36.1836 140
36.4203 141
36.5224 142
36.6113 141
36.6125 140.375
36.6185 140.063
36.6198 139.75
36.6246 139.438
36.6258 139.125
36.6306 138.813
36.6318 138.5
36.6378 138.188
36.6402 137.875
36.6462 137.563
36.6474 137.25
36.6534 136.938
36.6546 136.625
36.657 136.313
36.6618 136
36.663 135.688
36.6678 134.375
36.669 134.063
36.675 133.75
36.6774 132
36.6822 130
36.6847 129
36.6907 128
36.6919 127
36.6979 126
36.6991 125
36.7051 124
36.7063 123
36.7123 122
36.7135 121
36.7207 120
36.7219 119
36.7279 118
36.7291 117
36.7351 116
36.7363 115
36.7435 114
36.7447 113
36.7507 112.275
36.7519 111.963
36.7579 110
36.7592 109
36.7664 108
36.7676 107
36.7736 106
36.7748 105
36.7808 104
36.782 103
36.7904 102
36.7916 101
36.7976 100
36.7988 99
36.83 98
36.8312 97
36.8385 96
36.8529 95
36.9166 94
36.9226 93
37.0247 92
37.0848 99
37.4212 100
37.4272 101
37.4344 102
37.4404 103
37.4861 104
37.5894 105
37.6447 106
37.7168 107
37.7673 108
37.8213 109
37.8694 110
37.9523 111
38.0016 112
38.0617 113
38.1193 114
38.1746 115
38.2287 116
38.2743 117
38.3549 118
38.4017 119
38.475 120
38.5387 121
38.6084 122
38.6685 123
38.767 124
38.8367 125
38.9172 126
38.9845 127
39.053 128
39.1143 129
39.208 130
39.3101 131
39.3966 132
39.4916 133
39.6117 134
39.7223 135
39.84 136
39.9818 137
40.1428 138
40.3051 139
40.5418 140
40.7917 139
40.7965 137.381
40.8049 134.07
40.8121 131.761
40.8194 130.451
40.8266 129.141
40.8326 127.831
40.8398 126.521
40.8458 125.211
40.847 123.902
40.853 122.592
40.8542 122.282
40.8602 121.972
40.8614 121.662
40.865 121.352
40.8662 121.043
40.8722 120.733
40.8734 120.423
40.8794 120.113
40.8806 119.803
40.8842 118
40.8854 117
40.8915 116
40.8927 115
40.8987 114
40.8999 113
40.9059 112
40.9071 111
40.9107 110
40.9119 109
40.9179 108
40.9191 107
40.9251 106
40.9263 105
40.9323 104
40.9335 103
40.9395 102
40.9407 101
40.9455 100
40.9467 99.1802
40.9527 98
41.3601 99
41.3673 100
41.3733 101
41.4141 102
41.485 103
41.6316 104
41.7205 105
41.8299 106
41.9548 107
42.0786 108
42.1892 109
42.2781 110
42.4115 111
42.5556 112
42.6938 113
42.8633 114
42.9882 115
43.1901 116
43.4052 117
43.6167 118
43.8858 119
46.2628 120
46.6125 121
46.8636 122
47.0595 123
47.1352 122
47.1364 121.376
47.1436 121.064
47.1448 120.752
47.1508 120.441
47.152 120.128
47.1568 119.816
47.158 119.504
47.1652 119.193
47.1665 118.881
47.1725 118.568
47.1737 118.256
47.1809 117.944
47.1821 117.633
47.1893 117.32
47.1905 117.008
47.1977 116.696
47.1989 116.385
47.2001 116.073
47.2013 115.76
47.2049 115.448
47.2061 115.136
47.2109 114.825
47.2121 113
47.2181 112
47.2193 111
47.2241 110
47.2253 109
47.2301 108
47.2325 107
47.2373 106
47.2385 105
47.2434 104
47.2446 103
47.2506 102
47.2518 101
47.2566 100
47.2578 99
47.2638 98
47.265 97
47.2698 96
47.271 95
47.2758 94
47.277 93
47.283 92
47.2842 91.261
47.289 90.9489
47.2902 89
47.2962 88
47.2974 87
47.3022 86
47.5726 87
47.5858 88
47.593 89
47.605 90
47.6146 91
47.6231 92
47.6315 93
47.7036 94
47.7264 95
47.772 96
47.8261 97
47.9271 98
48.0436 99
48.1313 100
48.2287 101
48.3212 102
48.4053 103
48.4774 104
48.5471 105
48.6216 106
48.7009 107
48.7886 108
48.8751 109
48.9712 110
49.0698 111
49.1431 112
49.2332 113
49.3281 114
49.4459 115
49.5744 116
49.679 117
49.8208 118
49.9722 119
50.1789 120
50.412 121
50.6307 122
51.0548 121
51.0633 119.372
51.0705 118.057
51.0753 116.742
51.0765 115.427
51.0837 114.113
51.0849 113.799
51.0921 113.484
51.0933 113.17
51.1005 112.855
51.1017 112.541
51.1089 112.226
51.1101 111.912
51.1137 111.597
51.1149 111.282
51.1161 110.968
51.1173 110.653
51.1233 110.339
51.1245 110.025
51.1293 108.71
51.1305 108.396
51.1366 108.081
51.1378 107.767
51.1438 107.452
51.145 106
51.1498 105
51.151 104
51.1558 103
51.1582 102
51.163 101
51.1642 100
51.1702 99
51.1714 98
51.1774 97
51.1786 96
51.1822 95
51.1834 94
51.1882 93
51.1906 92
51.1954 91
51.1966 90
51.2026 89
51.2038 88
51.2086 87
51.2099 86
51.2159 85
51.5619 86
51.5739 87
51.6328 88
51.64 89
51.7253 90
51.908 91
51.9957 92
52.0954 93
52.2072 94
52.3369 95
52.4535 96
52.6013 97
52.7671 98
52.9305 99
53.1168 100
53.3102 101
53.5638 102
53.917 103
56.2776 104
56.6296 105
56.8784 106
57.073 107
57.2401 108
57.3843 109
57.514 110
57.6342 111
57.7471 112
57.8421 113
57.9622 114
58.1905 115
58.2662 116
58.4008 117
58.5438 118
58.6063 119
58.688 120
58.7721 121
58.8514 122
58.9379 123
58.9968 124
59.0617 125
59.1278 126
59.1794 127
59.2323 128
59.2984 129
59.3573 130
59.4113 131
59.4714 132
59.5231 133
59.57 134
59.6108 135
59.6613 136
59.6793 135
59.6805 134.377
59.6865 134.066
59.6877 133.754
59.6937 133.443
59.6949 133.131
59.7021 132.819
59.7033 132.508
59.7106 132.196
59.7118 131.885
59.7178 131.573
59.719 131.261
59.7274 130.95
59.7286 130.638
59.7346 129.327
59.7358 129.015
59.743 128.703
59.7502 128.392
59.7514 128.08
59.7586 126.769
59.7598 126.457
59.767 125
59.7682 124
59.7755 123
59.7767 122
59.7839 121
59.7851 120
59.7923 119
59.7935 118
59.8019 116
59.8031 115
59.8079 114
59.8091 113
59.8163 112
59.8235 111
59.8247 108
59.8319 106
59.8331 105
59.8415 104
59.8427 103
59.8439 102
59.8512 101.07
59.8524 100.758
59.8608 99
59.862 98
59.8704 97
59.8716 96
59.8788 95
59.9257 94
59.9353 93
59.9437 92
59.9521 91
59.9581 90
59.9689 89
59.9773 88
59.9857 84
59.9953 83
60.0038 82
60.0098 81
60.0158 80
60.017 79
60.0254 77
60.1131 76
60.1239 75
60.1624 95
60.5192 96
60.5264 97
60.5336 98
60.5817 99
60.6454 100
60.7716 101
60.8148 102
60.8773 103
60.929 104
60.9614 105
61.0155 106
61.1212 107
61.1645 108
61.2258 109
61.281 110
61.3327 111
61.3772 112
61.4384 113
61.5346 114
61.5826 115
61.6559 116
61.722 117
61.7833 118
61.8542 119
61.966 120
62.0465 121
62.1402 122
62.2003 123
62.2688 124
62.3517 125
62.4826 126
62.5884 127
62.6809 128
62.7734 129
62.8672 128
62.8684 127.374
62.8756 127.061
62.8768 126.749
62.8852 126.436
62.8864 126.122
62.8972 125.809
62.8984 125.497
62.9008 125.184
62.902 124.871
62.9128 124.557
62.914 124.244
62.9224 123.932
62.9236 123.619
62.9284 123.306
62.9296 122.992
62.9393 122.68
62.9405 122.367
62.9477 122.054
62.9489 121.741
62.9561 121.427
62.9573 121.115
62.9645 120
62.9657 119
62.9669 118
62.9741 117
62.9753 116
62.9813 115
62.9825 114
62.9873 113
62.9885 112
62.9969 111
62.9981 110
63.0065 109
63.0089 108
63.0162 107
63.0174 106
63.027 105
63.0282 104
63.0342 103
63.0354 102
63.0438 101
63.045 100
63.0522 99
63.0534 98.2797
63.063 97
63.0642 96
63.0714 95
63.0726 94
63.0738 93
63.081 92
63.0822 91
63.0858 90
63.0967 89
63.1039 88
63.1183 87
63.1387 86
63.1447 85
63.1808 83
63.194 82
63.2192 81
63.2325 80
63.2409 79
63.2481 77
63.2745 76
63.2913 75
63.3238 74
63.349 90
63.7623 91
63.7696 92
63.8068 93
64.0327 94
64.1264 95
64.1769 96
64.2454 97
64.4232 98
64.5218 99
64.5878 100
64.7248 101
64.8522 102
64.9675 103
65.0829 104
65.2752 105
65.4626 106
65.6885 107
65.8311 108
65.9585 109
68.5466 110
68.6668 109
68.674 108.375
68.6752 108.063
68.6824 106.75
68.6836 106.438
68.6908 106.125
68.692 105.813
68.6968 105.5
68.7052 105.188
68.7064 104.875
68.7137 103.563
68.7149 103.25
68.7221 102.938
68.7281 102.625
68.7293 102.313
68.7365 101
68.7449 100.688
68.7461 100.375
68.7533 99.0628
68.7545 98.75
68.7617 98.4378
68.7689 98.125
68.7701 97.8128
68.7773 96.5
68.7785 96.1878
68.787 95.875
68.7942 94
68.7954 93
68.8026 91
68.8038 90
68.8134 89
68.8146 88
68.8218 87
68.823 86
68.8314 85
68.8326 84
68.8398 83
68.841 82
68.8494 81
68.8506 80
68.859 79
68.8615 78
68.8687 77
69.1607 76
69.1679 77
69.6208 78
69.6268 79
69.6365 80
69.6461 81
69.6569 82
69.6641 83
69.741 84
69.7566 85
69.8095 86
69.8624 87
69.9116 88
69.9705 89
70.0883 90
70.2168 91
70.3478 92
70.4319 93
70.522 94
70.6422 95
70.7407 96
70.8128 97
70.9354 98
71.058 99
71.1577 100
71.2358 101
71.386 102
71.5194 103
71.5915 100
71.5927 98.3715
71.5999 97.0573
71.6011 96.7431
71.6071 96.4289
71.6095 96.1146
71.6167 95.8004
71.6179 95.4862
71.6239 95.172
71.6251 94.8577
71.6323 94.5435
71.6335 94.2286
71.6347 93.9144
71.6384 93.6001
71.6396 93.2859
71.6432 92.9717
71.6444 92.6575
71.6492 92.3432
71.6504 92.029
71.6564 91.7148
71.6576 91.4006
71.6636 91.0863
71.6648 90.7721
71.6696 90.4572
71.6708 90.143
71.6756 89.8287
71.6768 89.5145
71.6816 89.2003
71.6828 88
71.6888 87
71.69 86
71.6948 85
71.696 84
71.702 83
71.7032 82
71.708 81
71.7092 80
71.7104 79
71.7153 78
71.7165 77
71.7225 76
71.7237 75
71.7309 74
71.7321 73
71.7393 72
72.0661 73
72.0781 74
72.107 75
72.2427 76
72.3905 77
72.5143 78
72.6176 79
72.7534 80
72.8952 81
73.0286 82
73.2148 83
73.4551 84
73.6402 85
73.8649 86
74.277 87
75.5748 86
75.576 85.3488
75.5844 85.0228
75.5856 84.6968
75.5916 84.3709
75.5928 84.0456
75.5976 83.7196
75.5988 83.3936
75.6072 83.0677
75.6084 82.7417
75.612 82.4157
75.6132 82.0905
75.6228 81.7645
75.624 81.4385
75.6313 81.1126
75.6325 80.7866
75.6409 80.4613
75.6421 80.1354
75.6505 79.8094
75.6517 79.4834
75.6589 79.1575
75.6601 78.8315
75.6661 78.5062
75.6685 78.1802
75.6745 77.8543
75.6757 77.5283
75.6829 77.2023
75.6841 76.8771
75.6901 76.5511
75.6913 76.2251
75.6985 75.8992
75.6997 75.5732
75.707 75.2472
75.7082 74.922
75.7166 73
75.7178 72
75.7262 71
75.7274 70
75.7346 69
75.7358 68
75.743 67
75.7442 66
75.7514 65
75.7526 64
75.761 63
75.7622 62
75.7718 61
75.773 60
76.0085 61
76.0242 62
76.0326 63
76.0458 64
76.0578 65
76.0842 66
76.1996 67
76.2104 68
76.3186 69
76.4615 70
76.5877 71
76.6166 72
76.6931 73
76.7938 74
76.837 75
76.9547 76
77.0556 77
77.1193 78
77.2851 79
77.3717 80
77.5579 81
77.6492 82
77.8138 83
77.9965 84
78.1972 85
78.5252 86
78.8184 87
80.4021 86
80.4105 84.3488
80.4117 84.0228
80.4201 83.6968
80.4213 83.3709
80.4309 83.0456
80.4322 82.7196
80.443 82.3936
80.4442 82.0677
80.4514 81.7417
80.4526 81.4157
80.4598 81.0905
80.461 80.7645
80.4682 80.4385
80.4694 80.1126
80.4778 79.7866
80.479 79.4613
80.4862 79.1354
80.4874 78.8094
80.4946 78.4834
80.4958 78.1575
80.5042 77.8315
80.5054 77.5062
80.5127 77.1802
80.5139 76.8543
80.5211 76.5283
80.5223 76.2023
80.5307 75.8771
80.5319 75.5511
80.5391 75.2251
80.5403 74.8992
80.5475 74.5732
80.5487 74.2472
80.5547 73.922
80.5559 72
80.5631 71
80.5643 70
80.5715 69
80.5727 68
80.5799 67
80.5811 66
80.5896 65
80.5908 64
80.5968 63
80.598 62
80.6052 61
80.6064 60
80.8431 61
80.8611 62
80.8731 63
80.8887 64
80.8984 65
80.914 66
80.9753 67
81.0305 68
81.0918 69
81.224 70
81.373 71
81.4499 72
81.5701 73
81.6397 74
81.7984 75
81.8969 76
81.975 77
82.1156 78
82.2466 79
82.3583 80
82.4412 81
82.6046 82
82.756 83
82.9375 84
83.1694 85
83.3652 86
83.8098 87
84.3181 77
84.3289 76.3488
84.3301 76.0228
84.3434 74.6968
84.3446 74.3709
84.3506 74.0456
84.3518 73.7196
84.3614 73.3936
84.3626 73.0677
84.3674 72.7417
84.3686 72.4157
84.3746 72.0905
84.3758 71.7645
84.3842 71.4385
84.3854 71.1126
84.3938 70.7866
84.3962 70.4613
84.4046 70.1354
84.4058 69.8094
84.4155 69.4834
84.4167 69.1575
84.4251 68.8315
84.4263 68.5062
84.4359 68.1802
84.4371 67.8543
84.4455 67.5283
84.4479 67.2023
84.4539 66.8771
84.4551 66.5511
84.4635 66.2251
84.4647 65.8992
84.4731 65.5732
84.4743 65.2472
84.4815 64.922
84.4827 63
84.4888 62
84.49 61
84.496 60
84.8216 61
84.8396 62
84.8516 63
84.8696 64
84.8793 65
84.979 66
85.1208 67
85.2554 68
85.3467 69
85.414 70
85.4993 71
85.6206 72
85.6915 73
85.7805 74
85.867 75
86.0016 76
86.1025 77
86.2275 78
86.3044 79
86.3933 80
86.5387 81
86.6781 82
86.8198 83
86.9917 84
87.2116 85
87.4483 86
87.6522 87
90.05 88
90.4009 89
90.6508 90
90.8539 91
90.9525 90
90.9621 89.355
90.9633 89.0325
90.9729 87.7099
90.9741 87.3874
90.9825 87.0649
90.9909 86.7424
90.9921 86.4199
91.0005 85.0974
91.0017 84.7749
91.0101 84.4517
91.0113 84.1291
91.0222 83.8066
91.0234 83.4841
91.033 81.1616
91.0426 80.8391
91.0438 80.5166
91.0522 79.1941
91.063 78.8715
91.0642 78.549
91.0762 77.2258
91.0774 76.9033
91.0858 76.5808
91.087 76.2583
91.0979 75.9358
91.0991 75.6133
91.1087 75.2907
91.1099 74.9682
91.1243 74.6457
91.1255 74.3232
91.1363 74
91.1375 73.6775
91.1495 72
91.1507 71
91.164 69
91.1652 68
91.1796 67
91.1808 66
91.1928 65
91.194 64
91.2084 63
91.3298 54
91.3382 53
91.3694 52
91.4391 63
91.7816 64
91.7924 65
91.8044 66
91.8128 67
91.8248 68
91.8452 69
91.9029 70
91.9582 71
92.0423 72
92.1528 73
92.2141 74
92.3367 75
92.4857 76
92.5926 77
92.6888 78
92.7957 79
92.8822 80
92.9928 81
93.1057 82
93.2403 83
93.3929 84
93.4878 85
93.6164 86
93.7942 87
93.9901 88
94.1932 89
94.4323 90
94.5993 89
94.6005 88.3481
94.6101 88.0221
94.6113 87.6961
94.6245 87.3702
94.6257 87.0435
94.6378 86.7175
94.6402 86.3916
94.6522 86.0656
94.6534 85.7396
94.6654 85.4137
94.6666 85.087
94.6774 84.761
94.6786 84.4351
94.6798 84.1091
94.6882 83.7831
94.7015 83.4572
94.7027 83.1305
94.7159 81.8046
94.7171 81.4786
94.7243 81.1526
94.7255 80.8267
94.7327 80.5
94.7459 80.174
94.7471 79.8481
94.7567 78.5221
94.7579 78.1961
94.77 77.8702
94.7712 77.5435
94.7844 77.2175
94.7856 76.8916
94.7904 76.5656
94.8012 76.2396
94.8024 75
94.8144 73
94.8156 72
94.8288 71
94.83 70
94.8384 69
94.8517 68
94.8529 67
94.8637 65
94.8649 64
94.8733 63
94.8745 62
94.9093 61
94.9177 60
94.9418 59
94.9778 58
94.9886 57
95.0127 56
95.0139 55
95.0247 54
95.0643 53
95.0836 62
95.1064 61
95.1977 62
95.5534 63
95.5654 64
95.6086 65
95.8081 66
95.8934 67
96.0508 68
96.2046 69
96.3032 70
96.5002 71
96.6336 72
96.8475 73
97.0578 74
97.3377 75
97.7883 76
98.5358 75
98.537 73.3591
98.5382 73.0387
98.5394 72.7182
98.5406 72.3978
98.5418 72.0773
98.543 71.7569
98.5442 71.4365
98.5454 71.116
98.5466 70.7949
98.5478 70.4744
98.549 70.154
98.5502 69.8336
98.5514 69.5131
98.5526 69.1927
98.5538 68.8722
98.555 68.5518
98.5562 68.2314
98.5574 67.9109
98.5586 67.5898
98.5598 67.2693
98.561 66.9489
98.5622 66.6285
98.5634 66.308
98.5646 65.9876
98.5658 65.6671
98.567 65.3467
98.5682 65.0262
98.5694 64.7058
98.5706 64.3847
98.5718 64.0642
98.573 63.7438
98.5742 63.4233
98.5754 63.1029
98.5766 62.7825
98.5778 62.462
98.579 62.1416
98.5802 61.8211
98.5814 60
98.5826 59
98.5838 58
98.585 57
98.5862 56
98.5874 55
98.5886 54
98.5967 53
98.7397 54
98.7433 55
98.7469 56
98.7505 57
98.7757 58
98.857 59
98.98 60
99.0918 61
99.2071 62
99.296 63
99.385 64
99.4835 65
99.5772 66
99.6902 67
99.8079 68
99.9305 69
