0 0
0.1 0
0.2 0
0.3 0
0.4 0
0.5 0
0.6 0
0.7 0
0.8 0
0.9 0
1 0
1.1 0
1.2 0
1.3 55
1.4 136
1.5 138
1.6 138
1.7 137
1.8 137
1.9 132
2 118
2.1 131
2.2 133
2.3 133
2.4 137
2.5 138
2.6 137
2.7 137
2.8 138
2.9 138
3 138
3.1 137
3.2 137
3.3 137
3.4 138
3.5 133
3.6 96
3.7 53
3.8 14
3.9 32
4 0
4.1 0
4.2 0
4.3 0
4.4 0
4.5 0
4.6 0
4.7 0
4.8 0
4.9 0
5 0
5.1 0
5.2 0
5.3 0
5.4 0
5.5 0
5.6 0
5.7 0
5.8 0
5.9 0
6 0
6.1 0
6.2 0
6.3 0
6.4 0
6.5 0
6.6 0
6.7 0
6.8 0
6.9 0
7 0
7.1 0
7.2 0
7.3 0
7.4 0
7.5 0
7.6 0
7.7 0
7.8 0
7.9 0
8 0
8.1 0
8.2 0
8.3 0
8.4 0
8.5 0
8.6 0
8.7 0
8.8 0
8.9 0
9 0
9.1 0
9.2 0
9.3 0
9.4 0
9.5 0
9.6 0
9.7 0
9.8 0
9.9 0
10 0
10.1 0
10.2 0
10.3 0
10.4 0
10.5 0
10.6 0
10.7 0
10.8 0
10.9 0
11 0
11.1 0
11.2 0
11.3 0
11.4 0
11.5 0
11.6 0
11.7 0
11.8 0
11.9 5
12 0
12.1 0
12.2 31
12.3 41
12.4 63
12.5 86
12.6 105
12.7 118
12.8 135
12.9 137
13 136
13.1 123
13.2 127
13.3 134
13.4 129
13.5 103
13.6 103
13.7 98
13.8 99
13.9 89
14 56
14.1 71
14.2 82
14.3 82
14.4 99
14.5 112
14.6 124
14.7 122
14.8 127
14.9 128
15 129
15.1 134
15.2 135
15.3 131
15.4 125
15.5 131
15.6 138
15.7 137
15.8 136
15.9 136
16 138
16.1 132
16.2 116
16.3 98
16.4 98
16.5 99
16.6 97
16.7 79
16.8 79
16.9 77
17 65
17.1 36
17.2 44
17.3 50
17.4 61
17.5 54
17.6 60
17.7 66
17.8 75
17.9 71
18 75
18.1 81
18.2 86
18.3 86
18.4 93
18.5 96
18.6 91
18.7 77
18.8 67
18.9 69
19 72
19.1 78
19.2 86
19.3 87
19.4 89
19.5 93
19.6 96
19.7 94
19.8 94
19.9 94
20 95
20.1 99
20.2 98
20.3 89
20.4 77
20.5 74
20.6 75
20.7 77
20.8 85
20.9 90
21 92
21.1 93
21.2 95
21.3 93
21.4 92
21.5 77
21.6 22
21.7 0
21.8 0
21.9 0
22 0
22.1 0
22.2 0
22.3 0
22.4 0
22.5 17
22.6 21
22.7 34
22.8 48
22.9 61
23 81
23.1 99
23.2 98
23.3 87
23.4 78
23.5 77
23.6 80
23.7 90
23.8 94
23.9 97
24 97
24.1 106
24.2 111
24.3 114
24.4 114
24.5 119
24.6 124
24.7 130
24.8 132
24.9 137
25 137
25.1 136
25.2 125
25.3 115
25.4 106
25.5 89
25.6 74
25.7 83
25.8 91
25.9 88
26 51
26.1 53
26.2 58
26.3 62
26.4 62
26.5 69
26.6 75
26.7 79
26.8 81
26.9 92
27 113
27.1 129
27.2 124
27.3 117
27.4 108
27.5 108
27.6 108
27.7 115
27.8 126
27.9 130
28 130
28.1 132
28.2 136
28.3 136
28.4 137
28.5 137
28.6 137
28.7 133
28.8 108
28.9 99
29 99
29.1 99
29.2 91
29.3 59
29.4 48
29.5 49
29.6 30
29.7 26
29.8 28
29.9 28
30 44
30.1 44
30.2 47
30.3 52
30.4 56
30.5 59
30.6 63
30.7 68
30.8 71
30.9 77
31 94
31.1 113
31.2 108
31.3 92
31.4 82
31.5 80
31.6 84
31.7 90
31.8 98
31.9 97
32 98
32.1 103
32.2 108
32.3 108
32.4 111
32.5 67
32.6 14
32.7 0
32.8 0
32.9 0
33 0
33.1 0
33.2 0
33.3 0
33.4 4
33.5 28
33.6 30
33.7 44
33.8 56
33.9 63
34 68
34.1 76
34.2 83
34.3 88
34.4 101
34.5 119
34.6 132
34.7 123
34.8 109
34.9 104
35 102
35.1 106
35.2 115
35.3 118
35.4 118
35.5 118
35.6 124
35.7 128
35.8 130
35.9 132
36 133
36.1 136
36.2 136
36.3 136
36.4 136
36.5 136
36.6 129
36.7 106
36.8 66
36.9 59
37 61
37.1 74
37.2 57
37.3 26
37.4 28
37.5 38
37.6 29
37.7 37
37.8 41
37.9 51
38 47
38.1 52
38.2 59
38.3 69
38.4 84
38.5 102
38.6 98
38.7 89
38.8 77
38.9 77
39 80
39.1 93
39.2 95
39.3 96
39.4 98
39.5 106
39.6 109
39.7 115
39.8 116
39.9 120
40 127
40.1 128
40.2 131
40.3 136
40.4 136
40.5 132
40.6 122
40.7 108
40.8 98
40.9 86
41 72
41.1 81
41.2 85
41.3 71
41.4 36
41.5 42
41.6 47
41.7 42
41.8 50
41.9 54
42 58
42.1 57
42.2 63
42.3 79
42.4 95
42.5 99
42.6 87
42.7 72
42.8 71
42.9 70
43 80
43.1 85
43.2 85
43.3 85
43.4 80
43.5 27
43.6 0
43.7 0
43.8 0
43.9 0
44 0
44.1 0
44.2 0
44.3 0
44.4 14
44.5 17
44.6 44
44.7 72
44.8 81
44.9 69
45 58
45.1 62
45.2 65
45.3 73
45.4 80
45.5 81
45.6 85
45.7 91
45.8 95
45.9 97
46 98
46.1 102
46.2 106
46.3 107
46.4 109
46.5 114
46.6 130
46.7 136
46.8 124
46.9 112
47 99
47.1 98
47.2 91
47.3 65
47.4 61
47.5 60
47.6 45
47.7 18
47.8 25
47.9 26
48 40
48.1 34
48.2 39
48.3 41
48.4 46
48.5 59
48.6 77
48.7 90
48.8 81
48.9 67
49 60
49.1 61
49.2 67
49.3 76
49.4 78
49.5 79
49.6 86
49.7 91
49.8 95
49.9 95
50 99
50.1 103
50.2 108
50.3 109
50.4 109
50.5 128
50.6 137
50.7 129
50.8 113
50.9 102
51 100
51.1 93
51.2 79
51.3 78
51.4 79
51.5 78
51.6 30
51.7 23
51.8 27
51.9 28
52 31
52.1 36
52.2 36
52.3 42
52.4 50
52.5 69
52.6 83
52.7 72
52.8 57
52.9 49
53 46
53.1 55
53.2 60
53.3 62
53.4 62
53.5 67
53.6 73
53.7 75
53.8 74
53.9 77
54 83
54.1 85
54.2 83
54.3 86
54.4 33
54.5 0
54.6 0
54.7 0
54.8 0
54.9 0
55 0
55.1 0
55.2 0
55.3 0
55.4 0
55.5 20
55.6 49
55.7 62
55.8 55
55.9 42
56 40
56.1 39
56.2 49
56.3 57
56.4 58
56.5 59
56.6 67
56.7 75
56.8 74
56.9 76
57 78
57.1 83
57.2 84
57.3 82
57.4 87
57.5 99
57.6 117
57.7 125
57.8 113
57.9 100
58 95
58.1 91
58.2 94
58.3 105
58.4 108
58.5 110
58.6 109
58.7 118
58.8 124
58.9 126
59 126
59.1 130
59.2 137
59.3 136
59.4 137
59.5 136
59.6 136
59.7 132
59.8 106
59.9 71
60 57
60.1 59
60.2 85
60.3 72
60.4 50
60.5 33
60.6 55
60.7 48
60.8 53
60.9 56
61 74
61.1 69
61.2 75
61.3 80
61.4 94
61.5 106
61.6 127
61.7 133
61.8 127
61.9 115
62 108
62.1 113
62.2 119
62.3 133
62.4 133
62.5 134
62.6 137
62.7 137
62.8 137
62.9 132
63 121
63.1 99
63.2 99
63.3 98
63.4 112
63.5 112
63.6 118
63.7 116
63.8 63
63.9 43
64 26
64.1 25
64.2 54
64.3 62
64.4 55
64.5 58
64.6 83
64.7 84
64.8 80
64.9 85
65 99
65.1 109
65.2 103
65.3 68
65.4 10
65.5 0
65.6 0
65.7 0
65.8 0
65.9 0
66 0
66.1 0
66.2 0
66.3 21
66.4 28
66.5 42
66.6 59
66.7 64
66.8 72
66.9 83
67 109
67.1 128
67.2 129
67.3 122
67.4 111
67.5 114
67.6 110
67.7 119
67.8 128
67.9 132
68 131
68.1 132
68.2 138
68.3 136
68.4 136
68.5 134
68.6 137
68.7 135
68.8 127
68.9 111
69 111
69.1 124
69.2 109
69.3 85
69.4 66
69.5 65
69.6 67
69.7 28
69.8 26
69.9 28
70 34
70.1 48
70.2 52
70.3 56
70.4 71
70.5 74
70.6 76
70.7 79
70.8 92
70.9 102
71 123
71.1 137
71.2 129
71.3 120
71.4 110
71.5 109
71.6 107
71.7 97
71.8 82
71.9 81
72 80
72.1 48
72.2 21
72.3 26
72.4 23
72.5 39
72.6 36
72.7 41
72.8 39
72.9 58
73 79
73.1 95
73.2 81
73.3 69
73.4 60
73.5 61
73.6 63
73.7 72
73.8 74
73.9 75
74 77
74.1 84
74.2 83
74.3 86
74.4 87
74.5 93
74.6 92
74.7 93
74.8 93
74.9 108
75 126
75.1 133
75.2 118
75.3 102
75.4 97
75.5 94
75.6 92
75.7 91
75.8 79
75.9 78
76 76
76.1 81
76.2 62
76.3 0
76.4 0
76.5 0
76.6 0
76.7 0
76.8 0
76.9 0
77 0
77.1 0
77.2 0
77.3 0
77.4 2
77.5 7
77.6 13
77.7 25
77.8 35
77.9 53
78 77
78.1 80
78.2 65
78.3 53
78.4 55
78.5 64
78.6 70
78.7 71
78.8 74
78.9 81
79 86
79.1 89
79.2 90
79.3 94
79.4 99
79.5 100
79.6 102
79.7 105
79.8 119
79.9 137
80 129
80.1 115
80.2 98
80.3 94
80.4 92
80.5 88
80.6 81
80.7 79
80.8 78
80.9 37
81 24
81.1 19
81.2 21
81.3 33
81.4 32
81.5 34
81.6 36
81.7 50
81.8 66
81.9 85
82 84
82.1 69
82.2 57
82.3 56
82.4 62
82.5 72
82.6 71
82.7 72
82.8 80
82.9 85
83 87
83.1 89
83.2 92
83.3 99
83.4 102
83.5 102
83.6 103
83.7 121
83.8 137
83.9 131
84 114
84.1 99
84.2 97
84.3 90
84.4 87
84.5 84
84.6 87
84.7 84
84.8 80
84.9 82
85 84
85.1 86
85.2 81
85.3 83
85.4 86
85.5 90
85.6 91
85.7 110
85.8 130
85.9 125
86 107
86.1 95
86.2 97
86.3 97
86.4 106
86.5 107
86.6 111
86.7 111
86.8 119
86.9 123
87 123
87.1 117
87.2 52
87.3 0
87.4 0
87.5 0
87.6 0
87.7 0
87.8 0
87.9 0
88 0
88.1 0
88.2 3
88.3 14
88.4 32
88.5 40
88.6 45
88.7 58
88.8 75
88.9 92
89 116
89.1 114
89.2 104
89.3 92
89.4 91
89.5 96
89.6 107
89.7 115
89.8 113
89.9 114
90 122
90.1 132
90.2 132
90.3 131
90.4 133
90.5 138
90.6 136
90.7 135
90.8 137
90.9 135
91 135
91.1 112
91.2 84
91.3 68
91.4 68
91.5 80
91.6 78
91.7 59
91.8 21
91.9 36
92 38
92.1 41
92.2 47
92.3 58
92.4 57
92.5 62
92.6 70
92.7 79
92.8 86
92.9 112
93 128
93.1 120
93.2 103
93.3 96
93.4 99
93.5 108
93.6 116
93.7 117
93.8 119
93.9 124
94 129
94.1 136
94.2 136
94.3 136
94.4 137
94.5 136
94.6 136
94.7 131
94.8 136
94.9 125
95 119
95.1 109
95.2 87
95.3 84
95.4 77
95.5 34
95.6 30
95.7 30
95.8 26
95.9 47
96 53
96.1 50
96.2 52
96.3 68
96.4 73
96.5 69
96.6 76
96.7 91
96.8 114
96.9 130
97 124
97.1 119
97.2 108
97.3 108
97.4 103
97.5 111
97.6 124
97.7 126
97.8 126
97.9 122
98 134
98.1 110
98.2 37
98.3 0
98.4 0
98.5 0
98.6 0
98.7 0
98.8 0
98.9 0
99 0
99.1 0
99.2 0
99.3 0
99.4 0
99.5 0
99.6 26
99.7 45
99.8 41
99.9 30
100 23
