0.1 0.00448
0.2 0
0.3 1.20416
0.4 0
0.5 2.16
0.6 0
0.7 4.32
0.8 0
0.9 8.64
1 0
1.1 17.28
1.2 0
1.3 14.88
1.4 17.28
1.5 5.28
1.6 13.44
1.7 14.4
1.8 15.84
1.9 14.16
2 0
2.1 1.08
2.2 7.08
2.3 8.4
2.4 10.92
2.5 0
2.6 2.64
2.7 7.2
2.8 8.4
2.9 5.28
3 0
3.1 0
3.2 0
3.3 0
3.4 0.12
3.5 0
3.6 0
3.7 0
3.8 0
3.9 0
4 0
4.1 0
4.2 0
4.3 0
4.4 0
4.5 0
4.6 0
4.7 0
4.8 0
4.9 0
5 0
5.1 0
5.2 0
5.3 0
5.4 0.12
5.5 0
5.6 0.48
5.7 0
5.8 0.48
5.9 0
6 0.48
6.1 0
6.2 0.6
6.3 0
6.4 0.6
6.5 0
6.6 0.72
6.7 0
6.8 0.84
6.9 0
7 0.84
7.1 0
7.2 0.96
7.3 0
7.4 1.08
7.5 0
7.6 1.2
7.7 0
7.8 1.08
7.9 0.24
8 0.96
8.1 0.48
8.2 0.84
8.3 0.84
8.4 0.72
8.5 1.2
8.6 0.48
8.7 1.68
8.8 0.36
8.9 2.04
9 0
9.1 2.76
9.2 0
9.3 3.12
9.4 0
9.5 3.48
9.6 0
9.7 3.84
9.8 0.24
9.9 3.36
10 0.96
10.1 3
10.2 1.8
10.3 2.16
10.4 3.24
10.5 2.4
10.6 3.48
10.7 2.64
10.8 4.08
10.9 3
11 4.2
11.1 3.48
11.2 4.8
11.3 3.48
11.4 5.52
11.5 2.16
11.6 7.68
11.7 2.16
11.8 4.32
11.9 6.48
12 2.64
12.1 3.84
12.2 5.16
12.3 3.36
12.4 4.32
12.5 4.44
12.6 4.2
12.7 3.6
12.8 3.72
12.9 4.2
13 3.96
13.1 3.72
13.2 3.72
13.3 3.84
13.4 1.56
13.5 2.04
13.6 3.36
13.7 3.72
13.8 2.88
13.9 1.32
14 3.96
14.1 4.32
14.2 3.84
14.3 1.92
14.4 4.92
14.5 3.84
14.6 3.6
14.7 2.52
14.8 4.08
14.9 3.36
15 3.6
15.1 3.48
15.2 2.28
15.3 4.56
15.4 3.36
15.5 3.72
15.6 3.36
15.7 3
15.8 4.8
15.9 3.72
16 3.24
16.1 2.4
16.2 0.48
16.3 2.76
16.4 3.84
16.5 3
16.6 2.4
16.7 1.32
16.8 3.84
16.9 3.6
17 3.24
17.1 1.44
17.2 3.96
17.3 3.72
17.4 4.08
17.5 2.64
17.6 3.84
17.7 3.72
17.8 3.72
17.9 2.64
18 3.84
18.1 3.36
18.2 3.96
18.3 2.76
18.4 3.36
18.5 3.72
18.6 3.24
18.7 3.12
18.8 3.24
18.9 3.6
19 3.72
19.1 3.6
19.2 3.72
19.3 3.36
19.4 3.36
19.5 3.84
19.6 3.48
19.7 3.36
19.8 3.12
19.9 3.6
20 3.6
20.1 3.12
20.2 3.36
20.3 3.6
20.4 3.36
20.5 3.36
20.6 3.36
20.7 3.6
20.8 4.08
20.9 3.6
21 3.12
21.1 3.36
21.2 3.84
21.3 3.6
21.4 3.12
21.5 3.12
21.6 3.6
21.7 3.84
21.8 3.36
21.9 3.48
22 9.84
22.1 4.8
22.2 10.2
22.3 4.8
22.4 5.76
22.5 6.12
22.6 3.84
22.7 4.68
22.8 4.92
22.9 4.08
23 3.96
23.1 4.2
23.2 4.2
23.3 3.48
23.4 3.48
23.5 3.36
23.6 3.96
23.7 4.68
23.8 3.84
23.9 3.48
24 3.72
24.1 4.2
24.2 3.96
24.3 3.72
24.4 3.6
24.5 4.2
24.6 4.08
24.7 3.72
24.8 3.84
24.9 3.84
25 4.08
25.1 4.08
25.2 3.84
25.3 3.84
25.4 3.24
25.5 1.08
25.6 1.92
25.7 4.32
25.8 4.44
25.9 2.64
26 1.68
26.1 4.32
26.2 4.32
26.3 3.48
26.4 3.6
26.5 4.08
26.6 4.08
26.7 3.48
26.8 3.84
26.9 4.08
27 3.84
27.1 3.96
27.2 3.6
27.3 3.84
27.4 3.48
27.5 3.24
27.6 3.36
27.7 4.44
27.8 4.56
27.9 3.48
28 3.48
28.1 3.72
28.2 4.2
28.3 4.08
28.4 3.36
28.5 3.48
28.6 3.96
28.7 2.76
28.8 0.48
28.9 2.52
29 3.36
29.1 3.48
29.2 3.48
29.3 1.32
29.4 3.12
29.5 3.36
29.6 4.56
29.7 2.52
29.8 3.6
29.9 3.6
30 4.68
30.1 3.72
30.2 3.48
30.3 4.2
30.4 3.72
30.5 3.48
30.6 3.72
30.7 4.2
30.8 3.48
30.9 3.48
31 3.84
31.1 3.72
31.2 3.72
31.3 3.48
31.4 2.88
31.5 3.12
31.6 3.72
31.7 4.2
31.8 3.84
31.9 3.24
32 3.36
32.1 3.84
32.2 3.6
32.3 3.36
32.4 3.24
32.5 3.6
32.6 3.6
32.7 3.36
32.8 3.36
32.9 5.52
33 9.84
33.1 5.28
33.2 10.08
33.3 4.32
33.4 5.76
33.5 6
33.6 3.6
33.7 4.8
33.8 4.56
33.9 4.08
34 3.84
34.1 4.08
34.2 4.08
34.3 3.6
34.4 3.6
34.5 3.6
34.6 3.96
34.7 3.6
34.8 3.12
34.9 3.12
35 3.24
35.1 3.6
35.2 3.96
35.3 3.6
35.4 3.24
35.5 3.36
35.6 3.96
35.7 3.72
35.8 3.12
35.9 3.48
36 3.48
36.1 3.72
36.2 3.72
36.3 3.12
36.4 3.36
36.5 3.48
36.6 3.72
36.7 1.8
36.8 0
36.9 2.88
37 3.36
37.1 4.68
37.2 0.96
37.3 3
37.4 3.36
37.5 4.8
37.6 1.8
37.7 4.2
37.8 3.84
37.9 4.32
38 2.76
38.1 3.84
38.2 3.84
38.3 3.84
38.4 3.48
38.5 3.6
38.6 3.72
38.7 3.84
38.8 2.76
38.9 3.24
39 3.84
39.1 4.44
39.2 3.48
39.3 3.24
39.4 3.84
39.5 4.2
39.6 3.36
39.7 3.72
39.8 3.24
39.9 3.72
40 3.96
40.1 3.36
40.2 3.48
40.3 3.36
40.4 3.96
40.5 3.12
40.6 3.72
40.7 3.36
40.8 2.4
40.9 1.44
41 1.8
41.1 4.2
41.2 3.48
41.3 2.04
41.4 1.92
41.5 4.08
41.6 3.6
41.7 2.76
41.8 3.48
41.9 3.72
42 3.24
42.1 3
42.2 3.72
42.3 3.72
42.4 3.12
42.5 3.24
42.6 3.24
42.7 3.24
42.8 2.88
42.9 2.52
43 4.2
43.1 3.84
43.2 3
43.3 2.64
43.4 3.6
43.5 3.72
43.6 3.12
43.7 3.24
43.8 3.12
43.9 9.96
44 4.08
44.1 9.84
44.2 4.32
44.3 5.76
44.4 5.76
44.5 3.36
44.6 4.56
44.7 4.56
44.8 3.6
44.9 3.36
45 3.36
45.1 3.36
45.2 3.36
45.3 4.08
45.4 3.6
45.5 3.36
45.6 3.12
45.7 3.6
45.8 3.6
45.9 3.12
46 3.12
46.1 3.36
46.2 3.36
46.3 3.24
46.4 3.12
46.5 3.12
46.6 3.36
46.7 3.24
46.8 3.36
46.9 3
47 2.88
47.1 2.76
47.2 2.4
47.3 0.36
47.4 3.6
47.5 2.88
47.6 3
47.7 1.68
47.8 3.96
47.9 3
48 4.68
48.1 2.28
48.2 3.48
48.3 3.24
48.4 3.24
48.5 4.08
48.6 3
48.7 3.48
48.8 3.36
48.9 3.24
49 2.52
49.1 3
49.2 3.96
49.3 3.96
49.4 3
49.5 3
49.6 3.72
49.7 3.72
49.8 3.12
49.9 3
50 3.72
50.1 3.12
50.2 3.48
50.3 3.12
50.4 3.12
50.5 3.48
50.6 3.12
50.7 3.24
50.8 2.88
50.9 3.12
51 2.64
51.1 1.92
51.2 1.2
51.3 3
51.4 3
51.5 2.4
51.6 2.04
51.7 2.64
51.8 3.24
51.9 2.64
52 3.36
52.1 3.48
52.2 2.88
52.3 3.72
52.4 2.52
52.5 3.24
52.6 2.88
52.7 3
52.8 3
52.9 2.88
53 2.52
53.1 3.36
53.2 3.72
53.3 2.64
53.4 2.76
53.5 3.36
53.6 3.48
53.7 2.88
53.8 2.64
53.9 3.12
54 3.48
54.1 2.88
54.2 2.64
54.3 2.88
54.4 3.12
54.5 2.88
54.6 2.64
54.7 2.88
54.8 8.4
54.9 3.84
55 8.4
55.1 3.84
55.2 5.04
55.3 5.28
55.4 2.88
55.5 4.56
55.6 4.32
55.7 2.88
55.8 3.36
55.9 3.36
56 2.88
56.1 2.64
56.2 3.84
56.3 3.96
56.4 2.64
56.5 3.12
56.6 3.36
56.7 3.72
56.8 2.64
56.9 3
57 3.36
57.1 3.48
57.2 2.64
57.3 3
57.4 3.48
57.5 3.12
57.6 3
57.7 3
57.8 3.24
57.9 3
58 3
58.1 2.16
58.2 3.48
58.3 3.96
58.4 3.12
58.5 2.76
58.6 2.76
58.7 3.84
58.8 3.48
58.9 3
59 3.12
59.1 3.24
59.2 3.6
59.3 3.36
59.4 3
59.5 3.36
59.6 3.12
59.7 3.6
59.8 1.2
59.9 0.6
60 1.32
60.1 3.24
60.2 5.64
60.3 0.96
60.4 1.8
60.5 3.12
60.6 5.4
60.7 1.32
60.8 3.48
60.9 3.36
61 4.56
61.1 2.04
61.2 3.36
61.3 3.36
61.4 4.32
61.5 2.28
61.6 3.36
61.7 3.48
61.8 3.6
61.9 3.24
62 1.8
62.1 3
62.2 3.48
62.3 4.56
62.4 2.52
62.5 3
62.6 3
62.7 3.48
62.8 3.96
62.9 2.04
63 1.2
63.1 0.36
63.2 2.76
63.3 3
63.4 3.84
63.5 0.84
63.6 2.04
63.7 3
63.8 3.6
63.9 2.52
64 0.24
64.1 2.76
64.2 6.24
64.3 2.28
64.4 1.68
64.5 2.76
64.6 5.52
64.7 1.92
64.8 2.04
64.9 3
65 4.2
65.1 3.24
65.2 1.68
65.3 2.76
65.4 3.36
65.5 3.48
65.6 1.92
65.7 4.44
65.8 8.4
65.9 4.2
66 8.52
66.1 3.36
66.2 5.76
66.3 4.32
66.4 3.36
66.5 4.08
66.6 4.32
66.7 2.64
66.8 3.36
66.9 3.6
67 3.6
67.1 2.4
67.2 3.12
67.3 3.12
67.4 2.64
67.5 2.4
67.6 2.16
67.7 3.36
67.8 3.6
67.9 2.64
68 2.4
68.1 2.4
68.2 3.12
68.3 2.88
68.4 2.64
68.5 2.16
68.6 2.76
68.7 2.52
68.8 1.44
68.9 0.72
69 2.28
69.1 2.76
69.2 2.4
69.3 1.08
69.4 1.56
69.5 2.52
69.6 2.64
69.7 3.24
69.8 1.68
69.9 2.88
70 3.36
70.1 3.48
70.2 2.4
70.3 2.52
70.4 4.2
70.5 2.28
70.6 2.52
70.7 2.76
70.8 3.48
70.9 2.52
71 2.76
71.1 2.52
71.2 3
71.3 2.76
71.4 2.52
71.5 1.92
71.6 1.8
71.7 2.04
71.8 1.44
71.9 2.4
72 2.04
72.1 2.28
72.2 1.56
72.3 2.76
72.4 2.04
72.5 3.6
72.6 2.28
72.7 2.52
72.8 2.04
72.9 3.48
73 2.64
73.1 2.28
73.2 2.64
73.3 2.28
73.4 2.16
73.5 2.28
73.6 2.64
73.7 3
73.8 2.4
73.9 2.28
74 2.64
74.1 2.64
74.2 2.4
74.3 2.52
74.4 2.4
74.5 2.64
74.6 2.4
74.7 2.16
74.8 2.4
74.9 2.64
75 2.4
75.1 2.16
75.2 2.4
75.3 2.16
75.4 2.16
75.5 1.92
75.6 2.04
75.7 1.92
75.8 0.6
75.9 1.92
76 2.04
76.1 2.64
76.2 1.08
76.3 2.04
76.4 2.04
76.5 2.52
76.6 3
76.7 5.76
76.8 2.52
76.9 6.36
77 2.04
77.1 5.64
77.2 2.76
77.3 3
77.4 3.96
77.5 2.64
77.6 3
77.7 3.48
77.8 2.64
77.9 2.52
78 3.24
78.1 3.12
78.2 2.04
78.3 1.92
78.4 2.4
78.5 3.12
78.6 2.76
78.7 2.16
78.8 2.4
78.9 3
79 2.64
79.1 2.4
79.2 2.16
79.3 2.64
79.4 2.64
79.5 2.16
79.6 2.16
79.7 2.4
79.8 2.64
79.9 2.16
80 2.16
80.1 2.4
80.2 2.16
80.3 2.16
80.4 1.68
80.5 1.68
80.6 0.96
80.7 2.16
80.8 1.92
80.9 2.28
81 1.68
81.1 1.92
81.2 2.16
81.3 3.48
81.4 1.8
81.5 2.28
81.6 2.52
81.7 3
81.8 2.04
81.9 2.28
82 3
82.1 1.92
82.2 1.8
82.3 2.04
82.4 3
82.5 2.76
82.6 2.16
82.7 2.04
82.8 3
82.9 2.64
83 2.28
83.1 1.92
83.2 2.76
83.3 2.64
83.4 2.28
83.5 2.16
83.6 2.16
83.7 2.64
83.8 2.16
83.9 2.76
84 1.92
84.1 2.16
84.2 2.16
84.3 0.96
84.4 1.68
84.5 1.44
84.6 2.4
84.7 1.68
84.8 1.2
84.9 2.28
85 2.04
85.1 1.92
85.2 1.32
85.3 2.52
85.4 2.04
85.5 2.4
85.6 1.2
85.7 2.4
85.8 2.04
85.9 2.52
86 1.44
86.1 1.8
86.2 2.04
86.3 2.04
86.4 2.88
86.5 2.16
86.6 1.8
86.7 2.28
86.8 2.4
86.9 2.28
87 2.04
87.1 1.92
87.2 2.16
87.3 2.52
87.4 2.16
87.5 2.28
87.6 5.76
87.7 4.44
87.8 5.52
87.9 4.8
88 3.36
88.1 5.28
88.2 2.16
88.3 3.6
88.4 3.84
88.5 2.64
88.6 2.4
88.7 3.36
88.8 2.88
88.9 2.16
89 2.64
89.1 2.88
89.2 2.64
89.3 1.68
89.4 1.68
89.5 2.64
89.6 3.12
89.7 2.4
89.8 1.44
89.9 2.16
90 2.88
90.1 2.76
90.2 1.92
90.3 1.68
90.4 2.16
90.5 2.76
90.6 2.4
90.7 2.04
90.8 1.92
90.9 2.28
91 1.8
91.1 1.44
91.2 0.48
91.3 0.96
91.4 1.8
91.5 3.36
91.6 1.44
91.7 0.96
91.8 2.04
91.9 3.36
92 2.16
92.1 1.8
92.2 2.76
92.3 3
92.4 1.32
92.5 2.76
92.6 3
92.7 2.28
92.8 1.8
92.9 2.52
93 2.76
93.1 2.16
93.2 1.8
93.3 2.04
93.4 2.04
93.5 2.76
93.6 2.64
93.7 1.8
93.8 2.28
93.9 2.16
94 2.76
94.1 2.4
94.2 1.8
94.3 1.92
94.4 2.4
94.5 2.52
94.6 2.16
94.7 1.08
94.8 1.32
94.9 0.6
95 1.92
95.1 2.52
95.2 1.44
95.3 1.08
95.4 0.96
95.5 2.16
95.6 2.88
95.7 1.56
95.8 0.96
95.9 4.32
96 1.92
96.1 1.08
96.2 1.92
96.3 3.48
96.4 2.04
96.5 0.96
96.6 2.76
96.7 2.76
96.8 1.92
96.9 1.32
97 2.16
97.1 3
97.2 1.68
97.3 1.2
97.4 1.08
97.5 2.88
97.6 2.64
97.7 1.92
97.8 1.32
97.9 1.44
98 2.88
98.1 2.16
98.2 1.44
98.3 1.44
98.4 1.92
98.5 2.64
98.6 3.72
98.7 2.4
98.8 4.56
98.9 2.52
99 3.72
99.1 2.52
99.2 2.4
99.3 3.6
99.4 2.28
99.5 2.76
99.6 2.76
99.7 2.28
99.8 2.16
99.9 2.52
100 2.04
