0.2 0.00448
0.3 0
0.4 0.0208
0.5 0
0.6 0.03744
0.7 0
0.8 0.07488
0.9 0
1 0.14976
1.1 0
1.2 0.12896
1.3 0.14976
1.4 0.04576
1.5 0.11648
1.6 0.1248
1.7 0.13728
1.8 0.22208
1.9 0.05472
2 0.16416
2.1 0.35872
2.2 0.4256
2.3 0.304
2.4 0
2.5 0.13376
2.6 0.3648
2.7 0.41952
2.8 0.26752
2.9 0
3 0
3.1 0
3.2 0
3.3 0
3.4 0
3.5 0
3.6 0
3.7 0
3.8 0
3.9 0
4 0
4.1 0
4.2 0
4.3 0
4.4 0
4.5 0
4.6 0
4.7 0
4.8 0
4.9 0
5 0
5.1 0
5.2 0
5.3 0
5.4 0
5.5 0.00608
5.6 0
5.7 0.02432
5.8 0
5.9 0.02432
6 0
6.1 0.02432
6.2 0
6.3 0.02848
6.4 0
6.5 0.0272
6.6 0
6.7 0.02944
6.8 0
6.9 0.03168
7 0
7.1 0.02912
7.2 0
7.3 0.03328
7.4 0
7.5 0.03744
7.6 0
7.7 0.03328
7.8 0.00832
7.9 0.02912
8 0.01664
8.1 0.02496
8.2 0.02496
8.3 0.0208
8.4 0.03744
8.5 0.01248
8.6 0.03328
8.7 0.00416
8.8 0.03328
8.9 0
9 0.0416
9.1 0
9.2 0.04576
9.3 0
9.4 0.05408
9.5 0
9.6 0.05824
9.7 0.00416
9.8 0.05408
9.9 0.01664
10 0.04576
10.1 0.02912
10.2 0.03328
10.3 0.04992
10.4 0.03744
10.5 0.05408
10.6 0.0416
10.7 0.0624
10.8 0.04576
10.9 0.06656
11 0.05408
11.1 0.07488
11.2 0.05408
11.3 0.08736
11.4 0.03328
11.5 0.12064
11.6 0.03328
11.7 0.06656
11.8 0.09984
11.9 0.0416
12 0.05824
12.1 0.07904
12.2 0.04992
12.3 0.06656
12.4 0.06656
12.5 0.0624
12.6 0.05408
12.7 0.05408
12.8 0.0624
12.9 0.05824
13 0.05408
13.1 0.05408
13.2 0.05888
13.3 0.14528
13.4 0.22496
13.5 0.17024
13.6 0.18848
13.7 0.14592
13.8 0.06688
13.9 0.07648
14 0.07072
14.1 0.0624
14.2 0.03328
14.3 0.07904
14.4 0.0624
14.5 0.05824
14.6 0.0416
14.7 0.06656
14.8 0.05408
14.9 0.05824
15 0.05824
15.1 0.03744
15.2 0.07488
15.3 0.05408
15.4 0.0624
15.5 0.05408
15.6 0.04992
15.7 0.07904
15.8 0.0624
15.9 0.05408
16 0.09728
16.1 0.14176
16.2 0.21888
16.3 0.19456
16.4 0.152
16.5 0.10944
16.6 0.0624
16.7 0.16128
16.8 0.10176
16.9 0.05408
17 0.02496
17.1 0.06656
17.2 0.0624
17.3 0.06656
17.4 0.04576
17.5 0.0624
17.6 0.0624
17.7 0.0624
17.8 0.04576
17.9 0.0624
18 0.05824
18.1 0.06656
18.2 0.04576
18.3 0.05824
18.4 0.0624
18.5 0.05408
18.6 0.05408
18.7 0.05408
18.8 0.0624
18.9 0.0624
19 0.0624
19.1 0.0624
19.2 0.05824
19.3 0.05824
19.4 0.06656
19.5 0.05824
19.6 0.05824
19.7 0.05824
19.8 0.05824
19.9 0.0624
20 0.05408
20.1 0.05824
20.2 0.0624
20.3 0.05824
20.4 0.05824
20.5 0.05824
20.6 0.0624
20.7 0.07072
20.8 0.0624
20.9 0.05408
21 0.05824
21.1 0.06656
21.2 0.0624
21.3 0.05408
21.4 0.05408
21.5 0.0624
21.6 0.06656
21.7 0.05824
21.8 0.05824
21.9 0.17056
22 0.0832
22.1 0.17472
22.2 0.0832
22.3 0.09984
22.4 0.104
22.5 0.06656
22.6 0.07904
22.7 0.0832
22.8 0.07072
22.9 0.06656
23 0.07072
23.1 0.07072
23.2 0.05824
23.3 0.05824
23.4 0.05824
23.5 0.06656
23.6 0.07904
23.7 0.06656
23.8 0.05824
23.9 0.0624
24 0.07072
24.1 0.06656
24.2 0.0624
24.3 0.05824
24.4 0.07072
24.5 0.06656
24.6 0.0624
24.7 0.0624
24.8 0.0624
24.9 0.06656
25 0.06656
25.1 0.0624
25.2 0.0624
25.3 0.0816
25.4 0.11552
25.5 0.20064
25.6 0.21888
25.7 0.22496
25.8 0.12768
25.9 0.07936
26 0.06656
26.1 0.07072
26.2 0.05824
26.3 0.05824
26.4 0.06656
26.5 0.06656
26.6 0.05824
26.7 0.0624
26.8 0.06656
26.9 0.0624
27 0.06656
27.1 0.05824
27.2 0.0624
27.3 0.05824
27.4 0.05408
27.5 0.05408
27.6 0.07488
27.7 0.07488
27.8 0.05824
27.9 0.05824
28 0.0624
28.1 0.07072
28.2 0.06656
28.3 0.05824
28.4 0.05824
28.5 0.06656
28.6 0.1152
28.7 0.18848
28.8 0.16416
28.9 0.17024
29 0.17632
29.1 0.13376
29.2 0.06688
29.3 0.15808
29.4 0.16768
29.5 0.13376
29.6 0.0416
29.7 0.0624
29.8 0.05824
29.9 0.07904
30 0.0624
30.1 0.05824
30.2 0.07072
30.3 0.0624
30.4 0.05824
30.5 0.0624
30.6 0.07072
30.7 0.05824
30.8 0.05824
30.9 0.06656
31 0.0624
31.1 0.0624
31.2 0.05824
31.3 0.04992
31.4 0.05408
31.5 0.0624
31.6 0.07072
31.7 0.06656
31.8 0.05408
31.9 0.05824
32 0.06656
32.1 0.0624
32.2 0.05824
32.3 0.05408
32.4 0.0624
32.5 0.0624
32.6 0.05824
32.7 0.05824
32.8 0.09568
32.9 0.17056
33 0.09152
33.1 0.17472
33.2 0.07488
33.3 0.09984
33.4 0.104
33.5 0.0624
33.6 0.0832
33.7 0.07904
33.8 0.07072
33.9 0.06656
34 0.07072
34.1 0.07072
34.2 0.0624
34.3 0.0624
34.4 0.0624
34.5 0.06656
34.6 0.0624
34.7 0.05408
34.8 0.05408
34.9 0.05408
35 0.0624
35.1 0.06656
35.2 0.0624
35.3 0.05408
35.4 0.05824
35.5 0.06656
35.6 0.0624
35.7 0.05408
35.8 0.05824
35.9 0.05824
36 0.0624
36.1 0.0624
36.2 0.05408
36.3 0.05824
36.4 0.05824
36.5 0.0624
36.6 0.152
36.7 0.15808
36.8 0.14592
36.9 0.17024
37 0.19456
37.1 0.04864
37.2 0.152
37.3 0.13888
37.4 0.0912
37.5 0.02912
37.6 0.07072
37.7 0.0624
37.8 0.07072
37.9 0.04576
38 0.0624
38.1 0.0624
38.2 0.0624
38.3 0.05824
38.4 0.05824
38.5 0.0624
38.6 0.0624
38.7 0.04576
38.8 0.05408
38.9 0.0624
39 0.07488
39.1 0.05824
39.2 0.05408
39.3 0.0624
39.4 0.07072
39.5 0.05824
39.6 0.0624
39.7 0.05408
39.8 0.0624
39.9 0.06656
40 0.05824
40.1 0.05824
40.2 0.05824
40.3 0.06656
40.4 0.05408
40.5 0.0624
40.6 0.05824
40.7 0.05568
40.8 0.14592
40.9 0.1824
41 0.2128
41.1 0.17632
41.2 0.10336
41.3 0.0352
41.4 0.06656
41.5 0.0624
41.6 0.04576
41.7 0.05824
41.8 0.0624
41.9 0.05408
42 0.04992
42.1 0.0624
42.2 0.0624
42.3 0.05408
42.4 0.05408
42.5 0.05408
42.6 0.05408
42.7 0.04992
42.8 0.0416
42.9 0.07072
43 0.06656
43.1 0.04992
43.2 0.04576
43.3 0.0624
43.4 0.0624
43.5 0.05408
43.6 0.05408
43.7 0.05408
43.8 0.17056
43.9 0.07072
44 0.17056
44.1 0.07488
44.2 0.09984
44.3 0.09984
44.4 0.05824
44.5 0.07904
44.6 0.07904
44.7 0.0624
44.8 0.05824
44.9 0.05824
45 0.05824
45.1 0.05824
45.2 0.07072
45.3 0.0624
45.4 0.05824
45.5 0.05408
45.6 0.0624
45.7 0.0624
45.8 0.05408
45.9 0.05408
46 0.05824
46.1 0.05824
46.2 0.05408
46.3 0.05408
46.4 0.05408
46.5 0.05824
46.6 0.05408
46.7 0.05824
46.8 0.04992
46.9 0.04992
47 0.04576
47.1 0.10848
47.2 0.1536
47.3 0.1488
47.4 0.1152
47.5 0.09408
47.6 0.0208
47.7 0.0624
47.8 0.04992
47.9 0.07904
48 0.03744
48.1 0.05824
48.2 0.05408
48.3 0.05408
48.4 0.06656
48.5 0.04992
48.6 0.05824
48.7 0.05408
48.8 0.05408
48.9 0.0416
49 0.04992
49.1 0.06656
49.2 0.06656
49.3 0.04992
49.4 0.04992
49.5 0.0624
49.6 0.0624
49.7 0.05408
49.8 0.04992
49.9 0.0624
50 0.05408
50.1 0.05824
50.2 0.05408
50.3 0.05408
50.4 0.05824
50.5 0.05408
50.6 0.05408
50.7 0.04992
50.8 0.05408
50.9 0.04576
51 0.0816
51.1 0.19456
51.2 0.1824
51.3 0.152
51.4 0.1216
51.5 0.0704
51.6 0.0416
51.7 0.05408
51.8 0.04576
51.9 0.05408
52 0.05824
52.1 0.04992
52.2 0.0624
52.3 0.0416
52.4 0.05408
52.5 0.04992
52.6 0.04992
52.7 0.04992
52.8 0.04992
52.9 0.0416
53 0.05824
53.1 0.0624
53.2 0.04576
53.3 0.04576
53.4 0.05824
53.5 0.05824
53.6 0.04992
53.7 0.04576
53.8 0.05408
53.9 0.05824
54 0.04992
54.1 0.04576
54.2 0.04992
54.3 0.05408
54.4 0.04992
54.5 0.04576
54.6 0.04992
54.7 0.1456
54.8 0.06656
54.9 0.1456
55 0.06656
55.1 0.08736
55.2 0.09152
55.3 0.04992
55.4 0.07904
55.5 0.07488
55.6 0.04992
55.7 0.05824
55.8 0.05824
55.9 0.05408
56 0.0416
56.1 0.06656
56.2 0.06656
56.3 0.04576
56.4 0.05408
56.5 0.05824
56.6 0.0624
56.7 0.04576
56.8 0.05408
56.9 0.05408
57 0.05824
57.1 0.04576
57.2 0.04992
57.3 0.05824
57.4 0.05408
57.5 0.04992
57.6 0.04992
57.7 0.05408
57.8 0.04992
57.9 0.04992
58 0.03744
58.1 0.05824
58.2 0.06656
58.3 0.05408
58.4 0.04576
58.5 0.04576
58.6 0.0624
58.7 0.05824
58.8 0.04992
58.9 0.04992
59 0.05408
59.1 0.05824
59.2 0.05408
59.3 0.04992
59.4 0.05408
59.5 0.05408
59.6 0.08
59.7 0.12896
59.8 0.14592
59.9 0.06688
60 0.16416
60.1 0.16416
60.2 0.04864
60.3 0.0912
60.4 0.15072
60.5 0.09344
60.6 0.0208
60.7 0.05824
60.8 0.05408
60.9 0.07488
61 0.03328
61.1 0.05408
61.2 0.05408
61.3 0.07072
61.4 0.03744
61.5 0.05408
61.6 0.05824
61.7 0.05824
61.8 0.05408
61.9 0.02912
62 0.04992
62.1 0.05824
62.2 0.07488
62.3 0.0416
62.4 0.04992
62.5 0.04992
62.6 0.05824
62.7 0.06656
62.8 0.0688
62.9 0.12
63 0.1136
63.1 0.14592
63.2 0.14592
63.3 0.09728
63.4 0.04256
63.5 0.10336
63.6 0.152
63.7 0.10144
63.8 0.0416
63.9 0.00416
64 0.04576
64.1 0.104
64.2 0.03744
64.3 0.02912
64.4 0.04576
64.5 0.09152
64.6 0.03328
64.7 0.03328
64.8 0.04992
64.9 0.07072
65 0.05408
65.1 0.02912
65.2 0.04576
65.3 0.05824
65.4 0.05824
65.5 0.03328
65.6 0.07488
65.7 0.1456
65.8 0.07072
65.9 0.1456
66 0.05824
66.1 0.09984
66.2 0.07488
66.3 0.05824
66.4 0.07072
66.5 0.07488
66.6 0.04576
66.7 0.05824
66.8 0.0624
66.9 0.0624
67 0.0416
67.1 0.05408
67.2 0.05408
67.3 0.04576
67.4 0.0416
67.5 0.03744
67.6 0.05824
67.7 0.0624
67.8 0.04576
67.9 0.0416
68 0.0416
68.1 0.05408
68.2 0.04992
68.3 0.04576
68.4 0.03744
68.5 0.04576
68.6 0.0816
68.7 0.1216
68.8 0.12768
68.9 0.11552
69 0.13984
69.1 0.11552
69.2 0.05344
69.3 0.0624
69.4 0.1008
69.5 0.1056
69.6 0.05664
69.7 0.02496
69.8 0.04576
69.9 0.05408
70 0.05824
70.1 0.0416
70.2 0.0416
70.3 0.07072
70.4 0.03744
70.5 0.0416
70.6 0.04576
70.7 0.05824
70.8 0.0416
70.9 0.04576
71 0.0416
71.1 0.04992
71.2 0.04576
71.3 0.0416
71.4 0.03328
71.5 0.04928
71.6 0.1824
71.7 0.14592
71.8 0.1216
71.9 0.10336
72 0.06752
72.1 0.02496
72.2 0.04576
72.3 0.03328
72.4 0.0624
72.5 0.03744
72.6 0.0416
72.7 0.03328
72.8 0.05824
72.9 0.04576
73 0.03744
73.1 0.04576
73.2 0.03744
73.3 0.03744
73.4 0.03744
73.5 0.04576
73.6 0.04992
73.7 0.0416
73.8 0.03744
73.9 0.04576
74 0.04576
74.1 0.0416
74.2 0.0416
74.3 0.0416
74.4 0.04576
74.5 0.0416
74.6 0.03744
74.7 0.0416
74.8 0.04576
74.9 0.0416
75 0.03744
75.1 0.0416
75.2 0.03744
75.3 0.03744
75.4 0.03328
75.5 0.0688
75.6 0.1152
75.7 0.096
75.8 0.0768
75.9 0.0816
76 0.03808
76.1 0.01664
76.2 0.03328
76.3 0.03328
76.4 0.0416
76.5 0.04992
76.6 0.09568
76.7 0.0416
76.8 0.10816
76.9 0.03328
77 0.09568
77.1 0.04576
77.2 0.04992
77.3 0.06656
77.4 0.04576
77.5 0.04992
77.6 0.05824
77.7 0.04576
77.8 0.0416
77.9 0.05408
78 0.05408
78.1 0.03328
78.2 0.03328
78.3 0.0416
78.4 0.05408
78.5 0.04576
78.6 0.03744
78.7 0.0416
78.8 0.04992
78.9 0.04576
79 0.0416
79.1 0.03744
79.2 0.04576
79.3 0.04576
79.4 0.03744
79.5 0.03744
79.6 0.0416
79.7 0.04576
79.8 0.03744
79.9 0.03744
80 0.0416
80.1 0.03744
80.2 0.03744
80.3 0.0352
80.4 0.11424
80.5 0.13056
80.6 0.1088
80.7 0.08704
80.8 0.04736
80.9 0.02496
81 0.02912
81.1 0.03744
81.2 0.05824
81.3 0.02912
81.4 0.03744
81.5 0.0416
81.6 0.04992
81.7 0.03328
81.8 0.03744
81.9 0.04992
82 0.03328
82.1 0.02912
82.2 0.03328
82.3 0.04992
82.4 0.04576
82.5 0.03744
82.6 0.03328
82.7 0.04992
82.8 0.04576
82.9 0.03744
83 0.03328
83.1 0.04576
83.2 0.04576
83.3 0.03744
83.4 0.03744
83.5 0.03744
83.6 0.04576
83.7 0.03744
83.8 0.04576
83.9 0.03328
84 0.03744
84.1 0.03744
84.2 0.01664
84.3 0.10144
84.4 0.11968
84.5 0.1088
84.6 0.07616
84.7 0.0544
84.8 0.04064
84.9 0.03328
85 0.03328
85.1 0.0208
85.2 0.0416
85.3 0.03328
85.4 0.03744
85.5 0.0208
85.6 0.03744
85.7 0.03328
85.8 0.0416
85.9 0.02496
86 0.02912
86.1 0.03328
86.2 0.03328
86.3 0.04576
86.4 0.03744
86.5 0.02912
86.6 0.03744
86.7 0.0416
86.8 0.03744
86.9 0.03328
87 0.03328
87.1 0.03744
87.2 0.0416
87.3 0.03744
87.4 0.03744
87.5 0.09984
87.6 0.07488
87.7 0.09568
87.8 0.0832
87.9 0.05824
88 0.09152
88.1 0.03744
88.2 0.0624
88.3 0.06656
88.4 0.04576
88.5 0.0416
88.6 0.05824
88.7 0.04992
88.8 0.03744
88.9 0.04576
89 0.04992
89.1 0.04576
89.2 0.02912
89.3 0.02912
89.4 0.04576
89.5 0.05408
89.6 0.0416
89.7 0.02496
89.8 0.03744
89.9 0.04992
90 0.04576
90.1 0.03328
90.2 0.02912
90.3 0.03744
90.4 0.04576
90.5 0.0416
90.6 0.03328
90.7 0.03328
90.8 0.03744
90.9 0.0704
91 0.10944
91.1 0.08512
91.2 0.05472
91.3 0.0912
91.4 0.10336
91.5 0.07296
91.6 0.04864
91.7 0.07936
91.8 0.04992
91.9 0.03328
92 0.02912
92.1 0.04576
92.2 0.04992
92.3 0.0208
92.4 0.04576
92.5 0.04992
92.6 0.03744
92.7 0.02912
92.8 0.0416
92.9 0.04576
93 0.03744
93.1 0.02912
93.2 0.03328
93.3 0.03328
93.4 0.04576
93.5 0.04576
93.6 0.02912
93.7 0.03744
93.8 0.03744
93.9 0.04576
94 0.0416
94.1 0.02912
94.2 0.03328
94.3 0.0416
94.4 0.0416
94.5 0.04352
94.6 0.072
94.7 0.0928
94.8 0.10336
94.9 0.09728
95 0.07296
95.1 0.06688
95.2 0.05472
95.3 0.04864
95.4 0.10752
95.5 0.08992
95.6 0.02496
95.7 0.01664
95.8 0.07072
95.9 0.03328
96 0.01664
96.1 0.03328
96.2 0.05824
96.3 0.03328
96.4 0.01664
96.5 0.04576
96.6 0.04576
96.7 0.03328
96.8 0.0208
96.9 0.03744
97 0.04992
97.1 0.02912
97.2 0.0208
97.3 0.01664
97.4 0.04992
97.5 0.04576
97.6 0.03328
97.7 0.0208
97.8 0.02496
97.9 0.04992
98 0.03744
98.1 0.02496
98.2 0.02496
98.3 0.03328
98.4 0.04576
98.5 0.27008
98.6 0.1088
98.7 0.09696
98.8 0.0416
98.9 0.0624
99 0.0416
99.1 0.0416
99.2 0.05824
99.3 0.03744
99.4 0.04576
99.5 0.04576
99.6 0.03744
99.7 0.03744
99.8 0.0416
99.9 0.03328
100 0.03744
