0.1 0.00448
0.2 0
0.3 1.20416
0.4 0
0.5 1.8
0.6 0.36
0.7 1.8
0.8 2.28
0.9 2.4
1 3.24
1.1 3.48
1.2 6.24
1.3 7.08
1.4 3
1.5 8.16
1.6 8.52
1.7 3.24
1.8 1.92
1.9 1.08
2 9
2.1 10.56
2.2 3.24
2.3 1.68
2.4 4.44
2.5 10.2
2.6 14.16
2.7 15.12
2.8 15.24
2.9 13.32
3 9.96
3.1 9.96
3.2 10.08
3.3 10.32
3.4 18
3.5 9.24
3.6 5.4
3.7 4.68
3.8 6.36
3.9 11.52
4 2.28
4.1 0
4.2 0
4.3 0.48
4.4 0.84
4.5 0.84
4.6 0.72
4.7 0.84
4.8 0.84
4.9 0.84
5 0.84
5.1 0.84
5.2 0.84
5.3 0.84
5.4 0.84
5.5 0.84
5.6 1.08
5.7 0.96
5.8 1.08
5.9 1.08
6 1.2
6.1 1.2
6.2 1.32
6.3 1.32
6.4 1.44
6.5 1.44
6.6 1.68
6.7 1.56
6.8 1.8
6.9 1.92
7 2.04
7.1 2.16
7.2 2.16
7.3 2.4
7.4 2.52
7.5 2.76
7.6 2.88
7.7 3
7.8 3.36
7.9 3.48
8 3.72
8.1 3.96
8.2 4.32
8.3 4.44
8.4 4.92
8.5 5.16
8.6 5.64
8.7 5.88
8.8 6.48
8.9 6.72
9 7.44
9.1 7.8
9.2 8.4
9.3 7.68
9.4 7.08
9.5 8.04
9.6 8.28
9.7 8.16
9.8 8.28
9.9 8.16
10 8.16
10.1 8.28
10.2 8.16
10.3 0.12
10.4 0
10.5 0.36
10.6 0
10.7 0.72
10.8 0
10.9 1.44
11 0
11.1 2.88
11.2 0
11.3 5.76
11.4 0
11.5 6.36
11.6 5.16
11.7 6.12
11.8 10.2
11.9 8.64
12 6.12
12.1 6.72
12.2 8.16
12.3 8.16
12.4 8.16
12.5 8.16
12.6 8.16
12.7 8.28
12.8 8.16
12.9 8.04
13 6
13.1 5.04
13.2 6.96
13.3 6.84
13.4 7.32
13.5 5.88
13.6 6.36
13.7 5.76
13.8 6.84
13.9 6.72
14 3.12
14.1 7.56
14.2 7.68
14.3 7.56
14.4 7.56
14.5 7.68
14.6 7.44
14.7 7.32
14.8 6.48
14.9 6.72
15 6.96
15.1 6.72
15.2 7.68
15.3 5.04
15.4 5.76
15.5 7.32
15.6 7.32
15.7 7.32
15.8 5.52
15.9 6.12
16 6.96
16.1 7.08
16.2 7.08
16.3 5.52
16.4 6.24
16.5 6.96
16.6 7.32
16.7 6.72
16.8 6.12
16.9 6
17 5.16
17.1 5.52
17.2 6.96
17.3 6.96
17.4 6.84
17.5 6.96
17.6 6.96
17.7 6.96
17.8 6.96
17.9 6.96
18 6.96
18.1 6.84
18.2 6.96
18.3 6.96
18.4 7.92
18.5 6.36
18.6 5.76
18.7 5.28
18.8 5.76
18.9 6.84
19 6.84
19.1 6.84
19.2 6.84
19.3 6.84
19.4 6.96
19.5 6.84
19.6 6.48
19.7 6.72
19.8 6.72
19.9 6.6
20 6.48
20.1 7.08
20.2 6.6
20.3 5.28
20.4 5.16
20.5 6.24
20.6 6.84
20.7 6.84
20.8 6.84
20.9 6.84
21 6.84
21.1 6.96
21.2 6.6
21.3 5.88
21.4 6.84
21.5 4.32
21.6 0
21.7 0
21.8 0
21.9 0.36
22 0
22.1 0.48
22.2 6.84
22.3 6.72
22.4 6.72
22.5 6.84
22.6 6.72
22.7 6.84
22.8 6.72
22.9 7.44
23 8.28
23.1 8.28
23.2 5.28
23.3 4.92
23.4 5.52
23.5 6.6
23.6 6.6
23.7 6.6
23.8 6.6
23.9 6.6
24 6.6
24.1 6.6
24.2 6.48
24.3 6.6
24.4 6.6
24.5 6.6
24.6 6.6
24.7 6.6
24.8 6.6
24.9 7.2
25 8.28
25.1 6.24
25.2 4.8
25.3 5.04
25.4 5.4
25.5 6.6
25.6 6.72
25.7 6.6
25.8 6.72
25.9 6.72
26 3.48
26.1 6.24
26.2 6.72
26.3 6.6
26.4 6.72
26.5 6.72
26.6 6.6
26.7 6.72
26.8 6.72
26.9 7.32
27 8.4
27.1 8.28
27.2 5.4
27.3 5.04
27.4 5.64
27.5 6.72
27.6 6.6
27.7 6.72
27.8 6.72
27.9 6.6
28 6.72
28.1 6.72
28.2 6.6
28.3 6.72
28.4 6.72
28.5 6.6
28.6 6.72
28.7 6.72
28.8 6.36
28.9 6.72
29 6.6
29.1 6.6
29.2 5.16
29.3 4.92
29.4 5.76
29.5 6.6
29.6 3.48
29.7 6.6
29.8 6.72
29.9 6.72
30 6.72
30.1 6.6
30.2 6.72
30.3 6.72
30.4 6.6
30.5 6.72
30.6 6.72
30.7 6.6
30.8 6.72
30.9 7.32
31 8.4
31.1 8.28
31.2 5.4
31.3 4.92
31.4 5.64
31.5 6.72
31.6 6.72
31.7 6.84
31.8 6.84
31.9 6.72
32 6.84
32.1 6.72
32.2 6.84
32.3 6.84
32.4 6.72
32.5 0.84
32.6 0
32.7 0
32.8 0
32.9 0.48
33 0
33.1 2.52
33.2 6.84
33.3 6.72
33.4 6.84
33.5 6.72
33.6 6.84
33.7 6.84
33.8 6.72
33.9 6.84
34 6.84
34.1 6.72
34.2 6.84
34.3 6.84
34.4 8.16
34.5 8.52
34.6 7.32
34.7 5.04
34.8 5.16
34.9 6.6
35 6.72
35.1 6.84
35.2 6.72
35.3 6.84
35.4 6.84
35.5 6.72
35.6 6.84
35.7 6.84
35.8 6.72
35.9 6.84
36 6.84
36.1 6.72
36.2 6.84
36.3 6.84
36.4 7.68
36.5 6.6
36.6 5.52
36.7 5.04
36.8 5.4
36.9 6.72
37 6.72
37.1 6.72
37.2 6.84
37.3 3.6
37.4 6.72
37.5 6.72
37.6 6.84
37.7 6.72
37.8 6.84
37.9 6.72
38 6.84
38.1 6.72
38.2 6.84
38.3 7.44
38.4 8.52
38.5 8.4
38.6 5.4
38.7 5.04
38.8 6
38.9 6.72
39 6.84
39.1 6.72
39.2 6.84
39.3 6.84
39.4 6.72
39.5 6.84
39.6 6.84
39.7 6.72
39.8 6.84
39.9 6.84
40 6.72
40.1 6.84
40.2 6.84
40.3 7.92
40.4 7.56
40.5 6
40.6 5.16
40.7 5.04
40.8 6.48
40.9 6.84
41 6.96
41.1 6.84
41.2 6.96
41.3 5.52
41.4 4.44
41.5 6.84
41.6 6.96
41.7 6.84
41.8 6.96
41.9 7.08
42 6.96
42.1 6.96
42.2 6.96
42.3 8.64
42.4 8.64
42.5 6.84
42.6 5.28
42.7 5.28
42.8 6.96
42.9 7.08
43 6.96
43.1 7.08
43.2 7.08
43.3 6.96
43.4 5.04
43.5 0
43.6 0
43.7 0
43.8 0.36
43.9 0.12
44 0.24
44.1 6.96
44.2 7.08
44.3 7.08
44.4 6.96
44.5 7.08
44.6 8.76
44.7 8.76
44.8 6.96
44.9 5.28
45 5.4
45.1 7.08
45.2 6.96
45.3 7.08
45.4 7.08
45.5 6.96
45.6 7.08
45.7 7.08
45.8 6.96
45.9 7.08
46 6.96
46.1 7.08
46.2 7.08
46.3 6.96
46.4 7.08
46.5 7.56
46.6 8.76
46.7 7.44
46.8 5.28
46.9 5.16
47 5.88
47.1 6.96
47.2 6.84
47.3 6.12
47.4 6.24
47.5 7.08
47.6 4.56
47.7 5.4
47.8 7.08
47.9 7.08
48 6.96
48.1 7.08
48.2 6.96
48.3 7.08
48.4 7.08
48.5 8.28
48.6 8.76
48.7 8.04
48.8 5.28
48.9 5.28
49 6.6
49.1 7.08
49.2 6.96
49.3 7.08
49.4 7.08
49.5 7.08
49.6 7.08
49.7 7.08
49.8 7.08
49.9 7.08
50 6.96
50.1 7.08
50.2 7.08
50.3 7.08
50.4 7.2
50.5 8.88
50.6 8.52
50.7 5.52
50.8 5.4
50.9 5.64
51 7.08
51.1 7.2
51.2 6.96
51.3 7.2
51.4 7.2
51.5 7.08
51.6 2.04
51.7 7.08
51.8 7.2
51.9 7.2
52 7.08
52.1 7.2
52.2 7.2
52.3 7.2
52.4 8.16
52.5 8.88
52.6 8.64
52.7 5.28
52.8 5.4
52.9 6.6
53 7.2
53.1 7.32
53.2 7.2
53.3 7.32
53.4 7.2
53.5 7.32
53.6 7.2
53.7 7.32
53.8 7.2
53.9 7.32
54 7.2
54.1 7.32
54.2 7.2
54.3 7.2
54.4 0
54.5 0
54.6 0
54.7 0
54.8 0.36
54.9 0
55 5.88
55.1 7.2
55.2 7.32
55.3 7.32
55.4 7.2
55.5 8.52
55.6 9
55.7 8.4
55.8 5.4
55.9 5.52
56 6.72
56.1 7.2
56.2 7.32
56.3 7.2
56.4 7.32
56.5 7.32
56.6 7.2
56.7 7.32
56.8 7.2
56.9 7.2
57 7.08
57.1 7.08
57.2 7.2
57.3 7.08
57.4 7.08
57.5 8.52
57.6 8.88
57.7 7.68
57.8 5.28
57.9 5.28
58 6.84
58.1 7.2
58.2 7.2
58.3 7.2
58.4 7.2
58.5 7.2
58.6 7.2
58.7 7.2
58.8 7.2
58.9 7.2
59 7.2
59.1 7.32
59.2 7.2
59.3 7.2
59.4 7.2
59.5 8.88
59.6 7.08
59.7 5.88
59.8 5.4
59.9 5.52
60 7.08
60.1 7.32
60.2 7.32
60.3 7.32
60.4 4.92
60.5 5.64
60.6 7.32
60.7 7.32
60.8 7.44
60.9 7.32
61 7.32
61.1 7.32
61.2 7.32
61.3 7.32
61.4 7.32
61.5 9.24
61.6 9.12
61.7 7.08
61.8 5.52
61.9 5.64
62 7.32
62.1 7.32
62.2 7.32
62.3 7.32
62.4 7.32
62.5 7.32
62.6 7.32
62.7 7.32
62.8 7.32
62.9 7.32
63 7.32
63.1 7.32
63.2 7.2
63.3 6.96
63.4 7.68
63.5 9.12
63.6 9.12
63.7 6.36
63.8 0
63.9 5.04
64 7.56
64.1 7.68
64.2 7.68
64.3 7.68
64.4 7.68
64.5 7.68
64.6 7.68
64.7 7.68
64.8 7.56
64.9 7.68
65 7.68
65.1 7.68
65.2 7.68
65.3 2.16
65.4 0
65.5 0
65.6 0
65.7 0.36
65.8 0
65.9 2.4
66 7.68
66.1 7.68
66.2 7.68
66.3 7.68
66.4 7.68
66.5 7.68
66.6 7.68
66.7 7.68
66.8 7.68
66.9 8.04
67 9.48
67.1 9.6
67.2 6.84
67.3 5.76
67.4 6.24
67.5 7.68
67.6 7.68
67.7 7.68
67.8 7.68
67.9 7.68
68 7.68
68.1 7.56
68.2 7.56
68.3 7.56
68.4 7.56
68.5 7.56
68.6 7.56
68.7 7.56
68.8 7.44
68.9 7.68
69 7.68
69.1 8.76
69.2 5.64
69.3 5.64
69.4 6.48
69.5 7.56
69.6 6.84
69.7 2.76
69.8 7.8
69.9 7.8
70 7.92
70.1 7.8
70.2 7.8
70.3 7.8
70.4 7.8
70.5 7.8
70.6 7.92
70.7 7.8
70.8 7.8
70.9 8.76
71 9.84
71.1 9.72
71.2 5.88
71.3 5.88
71.4 6.84
71.5 7.8
71.6 7.92
71.7 6.36
71.8 7.2
71.9 7.44
72 7.92
72.1 3
72.2 6
72.3 7.8
72.4 7.8
72.5 7.8
72.6 7.8
72.7 7.8
72.8 7.92
72.9 9
73 9.84
73.1 9.12
73.2 5.88
73.3 5.88
73.4 7.2
73.5 7.8
73.6 7.8
73.7 7.8
73.8 7.8
73.9 7.92
74 7.68
74.1 7.8
74.2 7.8
74.3 7.68
74.4 7.8
74.5 7.8
74.6 7.68
74.7 7.8
74.8 7.8
74.9 9.24
75 9.72
75.1 8.52
75.2 5.76
75.3 5.88
75.4 7.44
75.5 7.68
75.6 7.92
75.7 7.92
75.8 7.8
75.9 7.92
76 7.8
76.1 7.92
76.2 5.88
76.3 0
76.4 0
76.5 0
76.6 0.48
76.7 0
76.8 1.2
76.9 7.92
77 7.92
77.1 7.92
77.2 7.92
77.3 7.92
77.4 7.92
77.5 7.92
77.6 7.92
77.7 7.92
77.8 8.52
77.9 9.84
78 9.96
78.1 6.6
78.2 6
78.3 6.72
78.4 7.92
78.5 7.92
78.6 7.92
78.7 7.92
78.8 7.92
78.9 7.92
79 7.92
79.1 7.92
79.2 7.92
79.3 7.92
79.4 7.92
79.5 7.92
79.6 7.92
79.7 7.92
79.8 9.48
79.9 9.84
80 6.96
80.1 5.88
80.2 5.88
80.3 7.56
80.4 7.92
80.5 7.92
80.6 7.92
80.7 7.92
80.8 7.92
80.9 2.04
81 7.2
81.1 7.8
81.2 8.04
81.3 7.92
81.4 8.04
81.5 7.92
81.6 8.04
81.7 8.52
81.8 10.08
81.9 9.96
82 6.48
82.1 5.88
82.2 6.96
82.3 7.92
82.4 8.04
82.5 7.92
82.6 8.04
82.7 7.92
82.8 8.04
82.9 8.04
83 7.92
83.1 8.04
83.2 7.92
83.3 8.04
83.4 7.92
83.5 8.04
83.6 7.92
83.7 9.6
83.8 10.08
83.9 7.2
84 6
84.1 6
84.2 7.8
84.3 8.04
84.4 8.04
84.5 8.04
84.6 8.16
84.7 8.04
84.8 8.16
84.9 8.04
85 8.04
85.1 8.16
85.2 8.16
85.3 8.04
85.4 8.16
85.5 8.16
85.6 8.88
85.7 10.2
85.8 10.2
85.9 6.36
86 6.12
86.1 7.08
86.2 8.16
86.3 8.16
86.4 8.16
86.5 8.28
86.6 8.16
86.7 8.16
86.8 8.28
86.9 8.16
87 8.16
87.1 6.36
87.2 0
87.3 0
87.4 0
87.5 0
87.6 0.48
87.7 0
87.8 4.2
87.9 8.16
88 8.16
88.1 8.28
88.2 8.16
88.3 8.16
88.4 8.16
88.5 8.28
88.6 8.16
88.7 8.16
88.8 9
88.9 10.32
89 10.2
89.1 6.36
89.2 6.24
89.3 7.08
89.4 8.16
89.5 8.16
89.6 8.16
89.7 8.28
89.8 8.16
89.9 8.16
90 8.16
90.1 8.28
90.2 8.16
90.3 8.16
90.4 8.04
90.5 8.04
90.6 8.04
90.7 8.04
90.8 9.12
90.9 8.16
91 7.68
91.1 6
91.2 6
91.3 7.32
91.4 8.16
91.5 8.16
91.6 8.28
91.7 5.88
91.8 4.56
91.9 8.16
92 8.28
92.1 8.28
92.2 8.16
92.3 8.28
92.4 8.16
92.5 8.28
92.6 8.28
92.7 8.16
92.8 9.84
92.9 10.32
93 9
93.1 6.24
93.2 6.12
93.3 7.8
93.4 8.28
93.5 8.16
93.6 8.28
93.7 8.28
93.8 8.16
93.9 8.28
94 8.16
94.1 8.28
94.2 8.28
94.3 8.16
94.4 8.28
94.5 8.16
94.6 8.28
94.7 8.28
94.8 9.48
94.9 8.04
95 6.96
95.1 6.24
95.2 6.24
95.3 8.4
95.4 8.4
95.5 1.68
95.6 7.68
95.7 8.52
95.8 8.4
95.9 8.52
96 8.4
96.1 8.4
96.2 8.52
96.3 8.4
96.4 8.52
96.5 8.4
96.6 8.52
96.7 9
96.8 10.56
96.9 10.56
97 7.2
97.1 6.36
97.2 6.96
97.3 8.52
97.4 8.4
97.5 8.52
97.6 8.4
97.7 8.52
97.8 8.4
97.9 8.52
98 8.4
98.1 4.08
98.2 0
98.3 0
98.4 0
98.5 0
98.6 0.36
98.7 0
98.8 5.76
98.9 8.52
99 8.4
99.1 8.4
99.2 8.52
99.3 8.4
99.4 8.52
99.5 8.88
99.6 10.32
99.7 10.32
99.8 6.48
99.9 6.12
100 7.44
