0.2 0.00448
0.3 0
0.4 0.0208
0.5 0
0.6 0.03328
0.7 0.00416
0.8 0.02912
0.9 0.0416
1 0.01664
1.1 0.07904
1.2 0.03744
1.3 0.02496
1.4 0.12896
1.5 0.05408
1.6 0.04992
1.7 0.03328
1.8 0.0208
1.9 0.20192
2 0.34048
2.1 0.14592
2.2 0.08512
2.3 0.20064
2.4 0.50464
2.5 0.19008
2.6 0.04992
2.7 0.02912
2.8 0.20736
2.9 0.50464
3 0.50464
3.1 0.51072
3.2 0.50464
3.3 0.50464
3.4 0.50464
3.5 0.51072
3.6 0.50464
3.7 0.50464
3.8 0.50464
3.9 0.50464
4 0.51072
4.1 0.50464
4.2 0.33024
4.3 0
4.4 0.00832
4.5 0.01248
4.6 0.01248
4.7 0.01664
4.8 0.01248
4.9 0.01664
5 0.01248
5.1 0.01664
5.2 0.01248
5.3 0.01664
5.4 0.01248
5.5 0.01664
5.6 0.01248
5.7 0.01664
5.8 0.0208
5.9 0.01664
6 0.0208
6.1 0.0208
6.2 0.0208
6.3 0.0208
6.4 0.02496
6.5 0.02496
6.6 0.02496
6.7 0.02912
6.8 0.02496
6.9 0.03328
7 0.03328
7.1 0.03328
7.2 0.03744
7.3 0.03744
7.4 0.0416
7.5 0.04576
7.6 0.04576
7.7 0.04992
7.8 0.05408
7.9 0.05408
8 0.0624
8.1 0.0624
8.2 0.07072
8.3 0.07072
8.4 0.0832
8.5 0.0832
8.6 0.09152
8.7 0.09152
8.8 0.10816
8.9 0.10816
9 0.12064
9.1 0.1248
9.2 0.1248
9.3 0.15808
9.4 0.11648
9.5 0.13728
9.6 0.11648
9.7 0.1664
9.8 0.11648
9.9 0.15808
10 0.1248
10.1 0.1456
10.2 0.13728
10.3 0.1248
10.4 0.04992
10.5 0
10.6 0.00832
10.7 0
10.8 0.01248
10.9 0
11 0.02496
11.1 0
11.2 0.04992
11.3 0
11.4 0.07488
11.5 0.02496
11.6 0.07904
11.7 0.104
11.8 0.07488
11.9 0.13312
12 0.11232
12.1 0.09568
12.2 0.12064
12.3 0.10816
12.4 0.104
12.5 0.11232
12.6 0.12064
12.7 0.11648
12.8 0.11232
12.9 0.11232
13 0.12064
13.1 0.12064
13.2 0.11648
13.3 0.22528
13.4 0.27968
13.5 0.34048
13.6 0.31616
13.7 0.35872
13.8 0.3792
13.9 0.11232
14 0.104
14.1 0.10816
14.2 0.14144
14.3 0.09152
14.4 0.11232
14.5 0.11648
14.6 0.13312
14.7 0.104
14.8 0.12064
14.9 0.11648
15 0.11232
15.1 0.13312
15.2 0.09984
15.3 0.12064
15.4 0.10816
15.5 0.12064
15.6 0.1248
15.7 0.09568
15.8 0.10816
15.9 0.11648
16 0.1248
16.1 0.12064
16.2 0.09984
16.3 0.104
16.4 0.12064
16.5 0.13728
16.6 0.14976
16.7 0.10816
16.8 0.11232
16.9 0.12064
17 0.14976
17.1 0.10816
17.2 0.10816
17.3 0.10816
17.4 0.1248
17.5 0.11232
17.6 0.11232
17.7 0.10816
17.8 0.12896
17.9 0.10816
18 0.11648
18.1 0.10816
18.2 0.1248
18.3 0.11648
18.4 0.11232
18.5 0.11648
18.6 0.11648
18.7 0.12064
18.8 0.11232
18.9 0.11232
19 0.10816
19.1 0.10816
19.2 0.11648
19.3 0.11648
19.4 0.10816
19.5 0.11232
19.6 0.11232
19.7 0.12064
19.8 0.11232
19.9 0.11232
20 0.11648
20.1 0.11648
20.2 0.11232
20.3 0.11232
20.4 0.11648
20.5 0.11232
20.6 0.11232
20.7 0.104
20.8 0.10816
20.9 0.12064
21 0.11232
21.1 0.10816
21.2 0.11232
21.3 0.11648
21.4 0.11648
21.5 0.11648
21.6 0.104
21.7 0.11648
21.8 0.11232
21.9 0
22 0.00832
22.1 0
22.2 0.00416
22.3 0.07072
22.4 0.07072
22.5 0.10816
22.6 0.09152
22.7 0.09152
22.8 0.09984
22.9 0.10816
23 0.104
23.1 0.09984
23.2 0.11648
23.3 0.11648
23.4 0.11232
23.5 0.10816
23.6 0.09568
23.7 0.104
23.8 0.11648
23.9 0.10816
24 0.104
24.1 0.10816
24.2 0.10816
24.3 0.11232
24.4 0.10816
24.5 0.104
24.6 0.10816
24.7 0.11232
24.8 0.11232
24.9 0.104
25 0.10816
25.1 0.11232
25.2 0.10816
25.3 0.15744
25.4 0.38912
25.5 0.304
25.6 0.28576
25.7 0.27968
25.8 0.36576
25.9 0.25984
26 0.104
26.1 0.104
26.2 0.11648
26.3 0.11232
26.4 0.10816
26.5 0.104
26.6 0.11648
26.7 0.11232
26.8 0.10816
26.9 0.10816
27 0.10816
27.1 0.11232
27.2 0.11232
27.3 0.11648
27.4 0.11648
27.5 0.11648
27.6 0.09984
27.7 0.09984
27.8 0.11648
27.9 0.11232
28 0.11232
28.1 0.104
28.2 0.104
28.3 0.11232
28.4 0.11648
28.5 0.10816
28.6 0.11648
28.7 0.23456
28.8 0.34048
28.9 0.34048
29 0.32832
29.1 0.37088
29.2 0.37696
29.3 0.2736
29.4 0.2688
29.5 0.14272
29.6 0.12896
29.7 0.11232
29.8 0.11648
29.9 0.09152
30 0.11232
30.1 0.11232
30.2 0.09984
30.3 0.11648
30.4 0.11232
30.5 0.11232
30.6 0.09984
30.7 0.11648
30.8 0.11232
30.9 0.10816
31 0.10816
31.1 0.11232
31.2 0.11648
31.3 0.12064
31.4 0.12064
31.5 0.10816
31.6 0.104
31.7 0.10816
31.8 0.12064
31.9 0.11232
32 0.10816
32.1 0.11232
32.2 0.11232
32.3 0.11648
32.4 0.11232
32.5 0.11232
32.6 0.11232
32.7 0.11648
32.8 0.07904
32.9 0
33 0.00832
33.1 0
33.2 0.02496
33.3 0.07072
33.4 0.07072
33.5 0.11232
33.6 0.09152
33.7 0.09152
33.8 0.104
33.9 0.104
34 0.104
34.1 0.104
34.2 0.10816
34.3 0.11232
34.4 0.10816
34.5 0.10816
34.6 0.11232
34.7 0.11648
34.8 0.12064
34.9 0.12064
35 0.10816
35.1 0.104
35.2 0.11232
35.3 0.11648
35.4 0.12064
35.5 0.104
35.6 0.11232
35.7 0.11648
35.8 0.11648
35.9 0.11648
36 0.10816
36.1 0.11232
36.2 0.11648
36.3 0.11648
36.4 0.11232
36.5 0.18848
36.6 0.2976
36.7 0.35264
36.8 0.35872
36.9 0.3344
37 0.31008
37.1 0.456
37.2 0.19616
37.3 0.11232
37.4 0.09984
37.5 0.1456
37.6 0.09984
37.7 0.11232
37.8 0.104
37.9 0.1248
38 0.10816
38.1 0.11232
38.2 0.11232
38.3 0.11648
38.4 0.11232
38.5 0.11232
38.6 0.10816
38.7 0.12896
38.8 0.11648
38.9 0.11232
39 0.09984
39.1 0.11232
39.2 0.12064
39.3 0.11232
39.4 0.104
39.5 0.11232
39.6 0.11232
39.7 0.11648
39.8 0.10816
39.9 0.10816
40 0.11648
40.1 0.11232
40.2 0.11648
40.3 0.10816
40.4 0.11648
40.5 0.11232
40.6 0.11648
40.7 0.14048
40.8 0.3264
40.9 0.32224
41 0.29184
41.1 0.32832
41.2 0.33632
41.3 0.1456
41.4 0.10816
41.5 0.10816
41.6 0.12896
41.7 0.11232
41.8 0.11232
41.9 0.11648
42 0.1248
42.1 0.11232
42.2 0.11232
42.3 0.11648
42.4 0.12064
42.5 0.11648
42.6 0.12064
42.7 0.1248
42.8 0.12896
42.9 0.104
43 0.10816
43.1 0.12064
43.2 0.1248
43.3 0.11232
43.4 0.10816
43.5 0.12064
43.6 0.12064
43.7 0.12064
43.8 0
43.9 0.00416
44 0.00416
44.1 0
44.2 0.07488
44.3 0.07072
44.4 0.11648
44.5 0.09568
44.6 0.09568
44.7 0.10816
44.8 0.11232
44.9 0.11648
45 0.11648
45.1 0.11232
45.2 0.104
45.3 0.10816
45.4 0.11648
45.5 0.12064
45.6 0.10816
45.7 0.11232
45.8 0.12064
45.9 0.11648
46 0.11648
46.1 0.11232
46.2 0.12064
46.3 0.12064
46.4 0.11648
46.5 0.11648
46.6 0.11648
46.7 0.12064
46.8 0.12064
46.9 0.1248
47 0.1248
47.1 0.24032
47.2 0.2496
47.3 0.2496
47.4 0.2832
47.5 0.22816
47.6 0.15392
47.7 0.11232
47.8 0.12064
47.9 0.09568
48 0.13312
48.1 0.11648
48.2 0.12064
48.3 0.12064
48.4 0.104
48.5 0.1248
48.6 0.11232
48.7 0.12064
48.8 0.12064
48.9 0.12896
49 0.1248
49.1 0.104
49.2 0.10816
49.3 0.1248
49.4 0.12064
49.5 0.11232
49.6 0.10816
49.7 0.12064
49.8 0.12064
49.9 0.11232
50 0.12064
50.1 0.11232
50.2 0.12064
50.3 0.12064
50.4 0.11648
50.5 0.11648
50.6 0.12064
50.7 0.12064
50.8 0.12064
50.9 0.1248
51 0.256
51.1 0.27744
51.2 0.29376
51.3 0.31552
51.4 0.33504
51.5 0.14688
51.6 0.12896
51.7 0.1248
51.8 0.1248
51.9 0.11648
52 0.11648
52.1 0.1248
52.2 0.11232
52.3 0.12896
52.4 0.11648
52.5 0.1248
52.6 0.1248
52.7 0.12064
52.8 0.1248
52.9 0.13312
53 0.11232
53.1 0.11232
53.2 0.1248
53.3 0.12896
53.4 0.11232
53.5 0.12064
53.6 0.12064
53.7 0.1248
53.8 0.12064
53.9 0.11648
54 0.1248
54.1 0.1248
54.2 0.1248
54.3 0.11648
54.4 0.1248
54.5 0.1248
54.6 0.1248
54.7 0.02496
54.8 0
54.9 0.00832
55 0
55.1 0.05824
55.2 0.0832
55.3 0.12064
55.4 0.09568
55.5 0.09984
55.6 0.1248
55.7 0.11232
55.8 0.11648
55.9 0.12064
56 0.12896
56.1 0.104
56.2 0.10816
56.3 0.1248
56.4 0.12064
56.5 0.11648
56.6 0.11232
56.7 0.1248
56.8 0.12064
56.9 0.12064
57 0.11232
57.1 0.1248
57.2 0.1248
57.3 0.11648
57.4 0.11648
57.5 0.1248
57.6 0.1248
57.7 0.12064
57.8 0.12064
57.9 0.1248
58 0.13312
58.1 0.11232
58.2 0.10816
58.3 0.12064
58.4 0.12896
58.5 0.1248
58.6 0.11232
58.7 0.11648
58.8 0.12064
58.9 0.1248
59 0.11648
59.1 0.11648
59.2 0.11648
59.3 0.1248
59.4 0.12064
59.5 0.12064
59.6 0.19008
59.7 0.3648
59.8 0.35872
59.9 0.43776
60 0.34656
60.1 0.34048
60.2 0.456
60.3 0.2928
60.4 0.11648
60.5 0.09152
60.6 0.14976
60.7 0.11648
60.8 0.11648
60.9 0.09984
61 0.14144
61.1 0.11648
61.2 0.11648
61.3 0.104
61.4 0.13728
61.5 0.11648
61.6 0.11648
61.7 0.11232
61.8 0.12064
61.9 0.1456
62 0.12064
62.1 0.11648
62.2 0.09984
62.3 0.12896
62.4 0.1248
62.5 0.1248
62.6 0.11232
62.7 0.10816
62.8 0.13312
62.9 0.12064
63 0.1248
63.1 0.21376
63.2 0.34016
63.3 0.40736
63.4 0.46208
63.5 0.40128
63.6 0.33376
63.7 0.11232
63.8 0.13312
63.9 0.1664
64 0.12896
64.1 0.06656
64.2 0.13728
64.3 0.1456
64.4 0.1248
64.5 0.0832
64.6 0.13728
64.7 0.14144
64.8 0.1248
64.9 0.09984
65 0.12064
65.1 0.1456
65.2 0.1248
65.3 0.11648
65.4 0.11232
65.5 0.14144
65.6 0.09568
65.7 0
65.8 0.00832
65.9 0
66 0.02496
66.1 0.07488
66.2 0.09568
66.3 0.11648
66.4 0.09984
66.5 0.09984
66.6 0.12896
66.7 0.11232
66.8 0.11232
66.9 0.11232
67 0.12896
67.1 0.12064
67.2 0.11648
67.3 0.12896
67.4 0.13312
67.5 0.13312
67.6 0.11648
67.7 0.11232
67.8 0.1248
67.9 0.13312
68 0.12896
68.1 0.12064
68.2 0.12064
68.3 0.12896
68.4 0.13728
68.5 0.1248
68.6 0.152
68.7 0.3024
68.8 0.32992
68.9 0.34816
69 0.33024
69.1 0.38912
69.2 0.45536
69.3 0.3808
69.4 0.33728
69.5 0.30144
69.6 0.12896
69.7 0.1456
69.8 0.12896
69.9 0.12064
70 0.11232
70.1 0.13312
70.2 0.13312
70.3 0.09984
70.4 0.13728
70.5 0.12896
70.6 0.12896
70.7 0.11232
70.8 0.13312
70.9 0.12896
71 0.12896
71.1 0.1248
71.2 0.1248
71.3 0.13312
71.4 0.14144
71.5 0.20224
71.6 0.28832
71.7 0.32096
71.8 0.34272
71.9 0.36448
72 0.22496
72.1 0.1456
72.2 0.12896
72.3 0.13728
72.4 0.11232
72.5 0.13728
72.6 0.12896
72.7 0.13728
72.8 0.12064
72.9 0.1248
73 0.13728
73.1 0.1248
73.2 0.13312
73.3 0.13728
73.4 0.13728
73.5 0.12896
73.6 0.12064
73.7 0.13312
73.8 0.13728
73.9 0.1248
74 0.1248
74.1 0.13312
74.2 0.13312
74.3 0.13312
74.4 0.1248
74.5 0.13312
74.6 0.13312
74.7 0.13312
74.8 0.1248
74.9 0.13312
75 0.13312
75.1 0.13312
75.2 0.13728
75.3 0.13312
75.4 0.14144
75.5 0.13312
75.6 0.1248
75.7 0.12896
75.8 0.14144
75.9 0.13728
76 0.14144
76.1 0.15392
76.2 0.13728
76.3 0.14144
76.4 0.13312
76.5 0.1248
76.6 0
76.7 0.00832
76.8 0
76.9 0.01248
77 0.07488
77.1 0.13312
77.2 0.12064
77.3 0.104
77.4 0.12896
77.5 0.1248
77.6 0.11232
77.7 0.12896
77.8 0.12896
77.9 0.12064
78 0.12064
78.1 0.13728
78.2 0.14144
78.3 0.13312
78.4 0.12064
78.5 0.1248
78.6 0.13312
78.7 0.13312
78.8 0.12064
78.9 0.12896
79 0.13312
79.1 0.13728
79.2 0.1248
79.3 0.12896
79.4 0.13312
79.5 0.13728
79.6 0.12896
79.7 0.12896
79.8 0.13728
79.9 0.13312
80 0.13312
80.1 0.13312
80.2 0.13728
80.3 0.19904
80.4 0.33728
80.5 0.32096
80.6 0.34272
80.7 0.36992
80.8 0.19968
80.9 0.1456
81 0.1456
81.1 0.13728
81.2 0.11232
81.3 0.1456
81.4 0.13312
81.5 0.13312
81.6 0.1248
81.7 0.13728
81.8 0.13728
81.9 0.12064
82 0.14144
82.1 0.14144
82.2 0.14144
82.3 0.12064
82.4 0.12896
82.5 0.13728
82.6 0.13728
82.7 0.1248
82.8 0.1248
82.9 0.13728
83 0.14144
83.1 0.1248
83.2 0.12896
83.3 0.13312
83.4 0.14144
83.5 0.13312
83.6 0.1248
83.7 0.13728
83.8 0.12896
83.9 0.14144
84 0.13312
84.1 0.13728
84.2 0.15392
84.3 0.13312
84.4 0.12896
84.5 0.12896
84.6 0.1456
84.7 0.15392
84.8 0.14144
84.9 0.13728
85 0.14144
85.1 0.14976
85.2 0.13728
85.3 0.13728
85.4 0.13728
85.5 0.14976
85.6 0.13728
85.7 0.13728
85.8 0.13312
85.9 0.1456
86 0.1456
86.1 0.14144
86.2 0.14144
86.3 0.1248
86.4 0.13728
86.5 0.14144
86.6 0.13728
86.7 0.13312
86.8 0.13312
86.9 0.13728
87 0.14144
87.1 0.13728
87.2 0.12896
87.3 0.13728
87.4 0.13728
87.5 0.07488
87.6 0
87.7 0.00832
87.8 0
87.9 0.0416
88 0.0832
88.1 0.13312
88.2 0.11232
88.3 0.104
88.4 0.12896
88.5 0.13312
88.6 0.11232
88.7 0.1248
88.8 0.13312
88.9 0.12896
89 0.1248
89.1 0.1248
89.2 0.1456
89.3 0.1456
89.4 0.12896
89.5 0.11648
89.6 0.13312
89.7 0.1456
89.8 0.13728
89.9 0.12064
90 0.12896
90.1 0.14144
90.2 0.14144
90.3 0.13728
90.4 0.1248
90.5 0.13312
90.6 0.14144
90.7 0.14144
90.8 0.13312
90.9 0.1536
91 0.312
91.1 0.336
91.2 0.40384
91.3 0.41344
91.4 0.39104
91.5 0.38624
91.6 0.32704
91.7 0.14144
91.8 0.12064
91.9 0.14144
92 0.14144
92.1 0.12896
92.2 0.1248
92.3 0.14976
92.4 0.12896
92.5 0.12064
92.6 0.13728
92.7 0.14144
92.8 0.13312
92.9 0.12896
93 0.13312
93.1 0.1456
93.2 0.14144
93.3 0.13728
93.4 0.12896
93.5 0.12896
93.6 0.14144
93.7 0.13312
93.8 0.14144
93.9 0.1248
94 0.13312
94.1 0.14144
94.2 0.13728
94.3 0.13312
94.4 0.13312
94.5 0.20256
94.6 0.3264
94.7 0.3456
94.8 0.36992
94.9 0.40736
95 0.43168
95.1 0.43776
95.2 0.456
95.3 0.42656
95.4 0.16992
95.5 0.1248
95.6 0.14976
95.7 0.15808
95.8 0.09984
95.9 0.13728
96 0.15808
96.1 0.14144
96.2 0.11232
96.3 0.14144
96.4 0.15392
96.5 0.13312
96.6 0.1248
96.7 0.14144
96.8 0.14976
96.9 0.13728
97 0.1248
97.1 0.14144
97.2 0.15392
97.3 0.15392
97.4 0.1248
97.5 0.1248
97.6 0.14144
97.7 0.14976
97.8 0.14976
97.9 0.1248
98 0.13312
98.1 0.14976
98.2 0.14976
98.3 0.14144
98.4 0.1248
98.5 0.04992
98.6 0
98.7 0.00832
98.8 0
98.9 0.0624
99 0.12896
99.1 0.13312
99.2 0.11648
99.3 0.13312
99.4 0.12896
99.5 0.1248
99.6 0.14144
99.7 0.13312
99.8 0.12896
99.9 0.14144
100 0.1456
