0.200111 10
0.401609 11
0.404013 13
0.406416 15
0.408819 17
0.411222 19
0.603103 21
0.605506 23
0.60791 25
0.610313 27
0.612716 29
0.615119 31
0.617522 33
0.619926 35
0.622329 37
0.804597 39
0.807 41
0.809403 43
0.811807 45
0.81421 47
0.816613 49
0.819016 51
0.821419 53
0.823823 55
0.826226 57
0.828629 59
0.831032 61
0.833435 63
0.835839 65
0.838242 67
0.840645 69
0.843048 71
0.845451 73
1.00609 75
1.00849 77
1.0109 79
1.0133 81
1.0157 83
1.01811 85
1.02051 87
1.02291 89
1.02532 91
1.02772 93
1.03012 95
1.03253 97
1.03493 99
1.03733 101
1.03974 103
1.04214 105
1.04454 107
1.04695 109
1.04935 111
1.05175 113
1.05415 115
1.05656 117
1.05896 119
1.06136 121
1.06377 123
1.06617 125
1.06857 127
1.07098 129
1.07338 131
1.07578 133
1.07819 135
1.08059 137
1.08299 139
1.0854 141
1.0878 143
1.0902 145
1.20758 147
1.20999 149
1.21239 151
1.21479 153
1.2172 155
1.2196 157
1.222 159
1.22441 161
1.22681 163
1.22921 165
1.23162 167
1.23402 169
1.23642 171
1.23883 173
1.24123 175
1.24363 177
1.24604 179
1.24844 181
1.25084 183
1.25325 185
1.25565 187
1.25805 189
1.26045 191
1.26286 193
1.26526 195
1.26766 197
1.27007 199
1.27247 201
1.27487 203
1.27728 205
1.27968 207
1.28208 209
1.28449 211
1.28689 213
1.28929 215
1.2917 217
1.2941 219
1.2965 221
1.29891 223
1.30131 225
1.30371 227
1.30612 229
1.30852 231
1.31092 233
1.31333 235
1.31573 237
1.31813 239
1.32053 241
1.32294 243
1.32534 245
1.32774 247
1.33015 249
1.33255 251
1.33495 253
1.33736 255
1.33976 257
1.34216 259
1.34457 261
1.34697 263
1.34937 265
1.35178 267
1.35418 269
1.35658 271
1.35899 273
1.36139 275
1.36379 277
1.3662 279
1.3686 281
1.371 283
1.37341 285
1.37581 287
1.37821 289
1.40908 291
1.41148 293
1.41388 295
1.41629 297
1.41869 299
1.42109 301
1.4235 303
1.4259 305
1.4283 307
1.43071 309
1.43311 311
1.43551 313
1.43792 315
1.44032 317
1.44272 319
1.44513 321
1.44753 323
1.44993 325
1.45234 327
1.45474 329
1.45714 331
1.45955 333
1.46195 335
1.46435 337
1.46676 339
1.46916 341
1.47156 343
1.47396 345
1.47637 347
1.47877 349
1.48117 351
1.48358 353
1.48598 355
1.48838 357
1.49079 359
1.49319 361
1.49559 363
1.498 365
1.5004 367
1.5028 369
1.50521 371
1.50761 373
1.51001 375
1.51242 377
1.51482 379
1.51722 381
1.51963 383
1.52203 385
1.52443 387
1.52684 389
1.52924 391
1.53164 393
1.53404 395
1.53645 397
1.53885 399
1.54125 401
1.54366 403
1.54606 405
1.54846 407
1.55087 409
1.55327 411
1.55567 413
1.55808 415
1.56048 417
1.56288 419
1.56529 421
1.56769 423
1.57009 425
1.5725 427
1.5749 429
1.5773 431
1.57971 433
1.58211 435
1.58451 437
1.58692 439
1.58932 441
1.59172 443
1.59412 445
1.59653 447
1.59893 449
1.60133 451
1.60374 453
1.60614 455
1.60854 457
1.61095 459
1.61335 461
1.61575 463
1.61816 465
1.62056 467
1.62296 469
1.62537 471
1.62777 473
1.63017 475
1.63258 477
1.63498 479
1.63738 481
1.63979 483
1.64219 485
1.64459 487
1.647 489
1.6494 491
1.6518 493
1.6542 495
1.65661 497
1.65901 499
1.66141 501
1.66382 503
1.66622 505
1.66862 507
1.67103 509
1.67343 511
1.67583 513
1.67824 515
1.68064 517
1.68304 519
1.68545 521
1.68785 523
1.69025 525
1.69266 527
1.69506 529
1.69746 531
1.69987 533
1.70227 535
1.70467 537
1.70708 539
1.70948 541
1.71188 543
1.71428 545
1.71669 547
1.71909 549
1.72149 551
1.7239 553
1.7263 555
1.7287 557
1.73111 559
1.73351 561
1.73591 563
1.73832 565
1.74072 567
1.74312 569
1.74553 571
1.74793 573
1.75033 575
1.75274 577
1.75514 579
1.75754 581
1.75995 583
1.76235 585
1.76475 587
1.76716 589
1.76956 591
1.77196 593
1.77436 595
1.77677 597
1.77917 599
1.78157 601
1.78398 603
1.78638 605
1.78878 607
1.79119 609
1.79359 611
1.79599 613
1.7984 615
1.8008 617
1.8032 619
1.80561 621
1.80801 623
1.81041 625
1.81282 627
1.81522 629
1.81762 631
1.82003 633
1.82243 635
1.82483 637
1.82724 639
1.82964 641
1.83204 643
1.83444 645
1.83685 647
1.83925 649
1.84165 651
1.84406 653
1.84646 655
1.84886 657
1.85127 659
1.85367 661
1.85607 663
1.85848 665
1.86088 667
1.86328 669
1.86569 671
1.86809 673
1.87049 675
1.8729 677
1.8753 679
1.8777 681
1.88011 683
1.88251 685
1.88491 687
1.88732 689
1.88972 691
1.89212 693
1.89452 695
1.89693 697
1.89933 699
1.90173 701
1.90414 703
1.90654 705
1.90894 707
1.91135 709
1.91375 711
1.91615 713
1.91856 715
1.92096 717
1.92336 719
1.92577 721
1.92817 723
1.93057 725
1.93298 727
1.93538 729
1.93778 731
1.94019 733
1.94259 735
1.94499 737
1.9474 739
1.9498 741
1.9522 743
1.9546 745
1.95701 747
1.95941 749
1.96181 751
1.96422 753
1.96662 755
1.96902 757
1.97143 759
1.97383 761
1.97623 763
1.97864 765
1.98104 767
1.98344 769
1.98585 771
1.98825 773
1.99065 775
1.99306 777
1.99546 779
1.99786 781
2.00027 783
2.00267 785
2.00507 787
2.00748 789
2.00988 791
2.01228 793
2.01468 795
2.01709 797
2.01949 799
2.02189 801
2.0243 803
2.0267 805
2.0291 807
2.03151 809
2.03391 811
2.03631 813
2.03872 815
2.04112 817
2.04352 819
2.04593 821
2.04833 823
2.05073 825
2.05314 827
2.05554 829
2.05794 831
2.06035 833
2.06275 835
2.06515 837
2.06756 839
2.06996 841
2.07236 843
2.07476 845
2.07717 847
2.07957 849
2.08197 851
2.08438 853
2.08678 855
2.08918 857
2.09159 859
2.09399 861
2.09639 863
2.0988 865
2.1012 867
2.1036 869
2.10601 871
2.10841 873
2.11081 875
2.11322 877
2.11562 879
2.11802 881
2.12043 883
2.12283 885
2.12523 887
2.12764 889
2.13004 891
2.13244 893
2.13484 895
2.13725 897
2.13965 899
2.14205 901
2.14446 903
2.14686 905
2.14926 907
2.15167 909
2.15407 911
2.15647 913
2.15888 915
2.16128 917
2.16368 919
2.16609 921
2.16849 923
2.17089 925
2.1733 927
2.1757 929
2.1781 931
2.18051 933
2.18291 935
2.18531 937
2.18772 939
2.19012 941
2.19252 943
2.19492 945
2.19733 947
2.19973 949
2.20213 951
2.20454 953
2.20694 955
2.20934 957
2.21175 959
2.21415 961
2.21655 963
2.21896 965
2.22136 967
2.22376 969
2.22617 971
2.22857 973
2.23097 975
2.23338 977
2.23578 979
2.23818 981
2.24059 983
2.24299 985
2.24539 987
2.2478 989
2.2502 991
2.2526 993
2.255 995
2.25741 997
2.25981 999
2.26221 1001
2.26462 1003
2.26702 1005
2.26942 1007
2.27183 1009
2.27423 1011
2.27663 1013
2.27904 1015
2.28144 1017
2.28384 1019
2.28625 1021
2.28865 1023
2.29105 1025
2.29346 1027
2.29586 1029
2.29826 1031
2.30067 1033
2.30307 1035
2.30547 1037
2.30788 1039
2.31028 1041
2.31268 1043
2.31508 1045
2.31749 1047
2.31989 1049
2.32229 1051
2.32712 1049
2.32832 1048.4
2.32953 1045
2.33073 1044
2.33193 1041.54
2.33313 1040
2.33433 1037
2.33553 1036.69
2.33674 1033
2.33794 1032.14
2.33914 1029.84
2.34034 1028
2.34154 1025.29
2.34274 1024
2.34395 1021
2.34515 1020.44
2.34635 1017
2.34755 1016
2.34875 1013.59
2.34995 1012
2.35116 1009.04
2.35236 1008.74
2.35356 1005
2.35476 1004.19
2.35596 1001.89
2.35716 1000
2.35837 997.338
2.35957 996
2.36077 993
2.36197 992.487
2.36317 989
2.36437 988
2.36557 985.636
2.36678 984
2.36798 981.086
2.36918 980.785
2.37038 977
2.37158 976.235
2.37278 973.933
2.37399 972
2.37519 969.384
2.37639 968
2.37759 965
2.37879 964.532
2.37999 961
2.3812 960
2.3824 957.681
2.3836 956
2.3848 953.132
2.386 952.83
2.3872 949
2.38841 948.28
2.38961 945
2.39081 944
2.39201 941.43
2.39321 940
2.39441 937
2.39561 936.578
2.39682 933
2.39802 932.028
2.39922 929.727
2.40042 928
2.40162 925.177
2.40282 924.875
2.40403 921
2.40523 920.326
2.40643 917
2.40763 916
2.40883 913.474
2.41003 912
2.41124 909
2.41244 908.624
2.41364 905
2.41484 904.074
2.41604 901.772
2.41724 900
2.41845 897.223
2.41965 896.921
2.42085 893
2.42205 892.372
2.42325 889
2.42445 888
2.42565 885.52
2.42686 884
2.42806 881
2.42926 880.669
2.43046 877
2.43166 876.119
2.43286 873.818
2.43407 872
2.43527 869.268
2.43647 868
2.43767 865
2.43887 864.417
2.44007 861
2.44128 860
2.44248 857.566
2.44368 856
2.44488 853.016
2.44608 852.714
2.44728 849
2.44849 848.165
2.44969 845.863
2.45089 844
2.45209 841.314
2.45329 840
2.45449 837
2.45569 836.462
2.4569 833
2.4581 832
2.4593 829.611
2.4605 828
2.4617 825.061
2.4629 824.76
2.46411 821
2.46531 820.21
2.46651 817.908
2.46771 816
2.46891 813.359
2.47011 812
2.47132 809
2.47252 808.508
2.47372 805
2.47492 804
2.47612 801.656
2.47732 800
2.47853 797.107
2.47973 796.805
2.48093 793
2.48213 792.256
2.48333 789
2.48453 788
2.48573 785.405
2.48694 784
2.48814 781
2.48934 780.553
2.49054 777
2.49174 776.003
2.49294 773.702
2.49415 772
2.49535 769.153
2.49655 768.85
2.49775 765
2.49895 764.301
2.50015 761
2.50136 760
2.50256 757.45
2.50376 756
2.50496 753
2.50616 752.599
2.50736 749
2.50857 748.049
2.50977 745.747
2.51097 744
2.51217 741.198
2.51337 740.896
2.51457 737
2.51577 736.347
2.51698 734
2.51938 732
2.52178 730
2.52419 728
2.52659 726
2.52899 724
2.5314 722
2.5338 720
2.5362 718
2.53861 716
2.54101 714
2.54341 712
2.54581 710
2.54822 708
2.55062 706
2.55302 704
2.55543 702
2.55783 700
2.56023 698
2.56264 696
2.56504 694
2.56744 692
2.56985 690
2.57225 688
2.57465 686
2.57706 684
2.57946 682
2.58186 680
2.58427 678
2.58667 676
2.58907 674
2.59148 672
2.59388 670
2.59628 668
2.59869 666
2.60109 664
2.60349 662
2.60589 660
2.6083 658
2.6107 656
2.6131 654
2.61551 652
2.61791 650
2.62031 648
2.62272 646
2.62512 644
2.62752 642
2.62993 640
2.63233 638
2.63473 636
2.63714 634
2.63954 632
2.64194 630
2.64435 628
2.64675 626
2.64915 624
2.65156 622
2.65396 620
2.65636 618
2.65877 616
2.66117 614
2.66357 612
2.66597 610
2.66838 608
2.67078 606
2.67318 604
2.67559 602
2.67799 600
2.68039 598
2.6828 596
2.6852 594
2.6876 592
2.69001 590
2.69241 588
2.69481 586
2.69722 584
2.69962 582
2.70202 580
2.70443 578
2.70683 576
2.70923 574
2.71164 572
2.71404 570
2.71644 568
2.71885 566
2.72125 564
2.72365 562
2.72605 560
2.72846 558
2.73086 556
2.73326 554
2.73567 552
2.73807 550
2.74047 548
2.74288 546
2.74528 544
2.74768 542
2.75009 540
2.75249 538
2.75489 536
2.7573 534
2.7597 532
2.7621 530
2.76451 528
2.76691 526
2.76931 524
2.77172 522
2.77412 520
2.77652 518
2.77893 516
2.78133 514
2.78373 512
2.78613 510
2.78854 508
2.79094 506
2.79334 504
2.79575 502
2.79815 500
2.80055 498
2.80296 496
2.80536 494
2.80776 492
2.81017 490
2.81257 488
2.81497 486
2.81738 484
2.81978 482
2.82218 480
2.82459 478
2.82699 476
2.82939 474
2.8318 472
2.8342 470
2.8366 468
2.83901 466
2.84141 464
2.84381 462
2.84621 460
2.84862 458
2.85102 456
2.85342 454
2.85583 452
2.85823 450
2.86063 448
2.86304 446
2.86544 444
2.86784 442
2.87025 440
2.87265 438
2.87505 436
2.87746 434
2.87986 432
2.88226 430
2.88467 428
2.88707 426
2.88947 424
2.89188 422
2.89428 420
2.89668 418
2.89909 416
2.90149 414
2.90389 412
2.90629 410
2.9087 408
2.9111 406
2.9135 404
2.91591 402
2.91831 400
2.92071 398
2.92312 396
2.92552 394
2.92792 392
2.93033 390
2.93273 388
2.93513 386
2.93754 384
2.93994 382
2.94234 380
2.94475 378
2.94715 376
2.94955 374
2.95196 372
2.95436 370
2.95676 368
2.95796 526
2.95917 527
2.96037 526
2.96157 527
2.96277 526
2.96397 527
2.96517 526
2.96637 527
2.96758 526
2.96878 527
2.96998 526
2.97118 527
2.97238 526
2.97358 527
2.97479 526
2.97599 527
2.97719 526
2.97839 527
2.97959 526
2.98079 527
2.982 526
2.9832 527
2.9844 526
2.9856 527
2.9868 526
2.988 527
2.98921 526
2.99041 527
2.99161 526
2.99281 527
2.99401 526
2.99521 527
2.99641 526
2.99762 527
2.99882 526
3.00002 527
3.00122 526
3.00242 527
3.00362 526
3.00483 527
3.00603 526
3.00723 527
3.00843 526
3.00963 527
3.01083 526
3.01204 527
3.01324 526
3.01444 527
3.01564 526
3.01684 527
3.01804 526
3.01925 527
3.02045 526
3.02165 527
3.02285 526
3.02405 527
3.02525 526
3.02645 527
3.02766 526
3.02886 527
3.03006 526
3.03126 527
3.03246 526
3.03366 527
3.03487 526
3.03607 527
3.03727 526
3.03847 527
3.03967 526
3.04087 527
3.04208 526
3.04328 527
3.04448 526
3.04568 527
3.04688 526
3.04808 527
3.04929 526
3.05049 527
3.05169 526
3.05289 527
3.05409 526
3.05529 527
3.05649 526
3.0577 527
3.0589 526
3.0601 527
3.0613 526
3.0625 527
3.0637 526
3.06491 527
3.06611 526
3.06731 527
3.06851 526
3.06971 527
3.07091 526
3.07212 527
3.07332 526
3.07452 527
3.07572 526
3.07692 527
3.07812 526
3.07933 527
3.08053 526
3.08173 527
3.08293 526
3.08413 527
3.08533 526
3.08653 527
3.08774 526
3.08894 527
3.09014 526
3.09134 527
3.09254 526
3.09374 527
3.09495 526
3.09615 527
3.09735 526
3.09855 527
3.09975 526
3.10095 527
3.10216 526
3.10336 527
3.10456 526
3.10576 527
3.10696 526
3.10816 527
3.10937 526
3.11057 527
3.11177 526
3.11297 527
3.11417 526
3.11537 527
3.11657 526
3.11778 527
3.11898 526
3.12018 527
3.12138 526
3.12258 527
3.12378 526
3.12499 527
3.12619 526
3.12739 527
3.12859 526
3.12979 527
3.13099 526
3.1322 527
3.1334 526
3.1346 527
3.1358 526
3.137 527
3.1382 526
3.13941 527
3.14061 526
3.14181 527
3.14301 526
3.14421 527
3.14541 526
3.14661 527
3.14782 526
3.14902 527
3.15022 526
3.15142 527
3.15262 526
3.15382 527
3.15503 526
3.15623 527
3.15743 526
3.15863 527
3.15983 526
3.16103 527
3.16224 526
3.16344 527
3.16464 526
3.16584 527
3.16704 526
3.16824 527
3.16945 526
3.17065 527
3.17185 526
3.17305 527
3.17425 526
3.17545 527
3.17665 526
3.17786 527
3.17906 526
3.18026 527
3.18146 526
3.18266 527
3.18386 526
3.18507 527
3.18627 526
3.18747 527
3.18867 526
3.18987 527
3.19107 526
3.19228 527
3.19348 526
3.19468 527
3.19588 526
3.19708 527
3.19828 526
3.19949 527
3.20069 526
3.20189 527
3.20309 526
3.20429 527
3.20549 526
3.20669 527
3.2079 526
3.2091 527
3.2103 526
3.2115 527
3.2127 526
3.2139 527
3.21511 526
3.21631 527
3.21751 526
3.21871 527
3.21991 526
3.22111 527
3.22232 526
3.22352 527
3.22472 526
3.22592 527
3.22712 526
3.22832 527
3.22953 526
3.23073 527
3.23193 526
3.23313 527
3.23433 526
3.23553 527
3.23673 526
3.23794 527
3.23914 526
3.24034 527
3.24154 526
3.24274 527
3.24394 526
3.24515 527
3.24635 526
3.24755 527
3.24875 526
3.24995 527
3.25115 526
3.25236 527
3.25356 526
3.25476 527
3.25596 526
3.25716 527
3.25836 526
3.25957 527
3.26077 526
3.26197 527
3.26317 526
3.26437 527
3.26557 526
3.26677 527
3.26798 526
3.26918 527
3.27038 526
3.27158 527
3.27278 526
3.27398 527
3.27519 526
3.27639 527
3.27759 526
3.27879 527
3.27999 526
3.28119 527
3.2824 526
3.2836 527
3.2848 526
3.286 527
3.2872 526
3.2884 527
3.28961 526
3.29081 527
3.29201 526
3.29321 527
3.29441 526
3.29561 527
3.29681 526
3.29802 527
3.29922 526
3.30042 527
3.30162 526
3.30282 527
3.30402 526
3.30523 527
3.30643 526
3.30763 527
3.30883 526
3.31003 527
3.31123 526
3.31244 527
3.31364 526
3.31484 527
3.31604 526
3.31724 527
3.31844 526
3.31965 527
3.32085 526
3.32205 527
3.32325 526
3.32445 527
3.32565 526
3.32685 527
3.32806 526
3.32926 527
3.33046 526
3.33166 527
3.33286 526
3.33406 527
3.33527 526
3.33647 527
3.33767 526
3.33887 527
3.34007 526
3.34127 527
3.34248 526
3.34368 527
3.34488 526
3.34608 527
3.34728 526
3.34848 527
3.34969 526
3.35089 527
3.35209 526
3.35329 527
3.35449 526
3.35569 527
3.35689 526
3.3581 527
3.3593 526
3.3605 527
3.3617 526
3.3629 527
3.3641 526
3.36531 527
3.36651 526
3.36771 527
3.36891 526
3.37011 527
3.37131 526
3.37252 527
3.37372 526
3.37492 527
3.37612 526
3.37732 527
3.37852 526
3.37973 527
3.38093 526
3.38213 527
3.38333 526
3.38453 527
3.38573 526
3.38693 527
3.38814 526
3.38934 527
3.39054 526
3.39174 527
3.39294 526
3.39414 527
3.39535 526
3.39655 527
3.39775 526
3.39895 527
3.40015 526
3.40135 527
3.40256 526
3.40376 527
3.40496 526
3.40616 527
3.40736 526
3.40856 527
3.40977 526
3.41097 527
3.41217 526
3.41337 527
3.41457 526
3.41577 527
3.41697 526
3.41818 527
3.41938 526
3.42058 527
3.42178 526
3.42298 527
3.42418 526
3.42539 527
3.42659 526
3.42779 527
3.42899 526
3.43019 527
3.43139 526
3.4326 527
3.4338 526
3.435 527
3.4362 526
3.4374 527
3.4386 526
3.43981 527
3.44101 526
3.44221 527
3.44341 526
3.44461 527
3.44581 526
3.44701 527
3.44822 526
3.44942 527
3.45062 526
3.45182 527
3.45302 526
3.45422 527
3.45543 526
3.45663 527
3.45783 526
3.45903 527
3.46023 526
3.46143 527
3.46264 526
3.46384 527
3.46504 526
3.46624 527
3.46744 526
3.46864 527
3.46985 526
3.47105 527
3.47225 526
3.47345 527
3.47465 526
3.47585 527
3.47705 526
3.47826 527
3.47946 526
3.48066 527
3.48186 526
3.48306 527
3.48426 526
3.48547 527
3.48667 526
3.48787 527
3.48907 526
3.49027 527
3.49147 526
3.49268 527
3.49388 526
3.49508 527
3.49628 526
3.49748 527
3.49868 526
3.49989 527
3.50109 526
3.50229 527
3.50349 526
3.50469 527
3.50589 526
3.50709 527
3.5083 526
3.5095 527
3.5107 526
3.5119 527
3.5131 526
3.5143 527
3.51551 526
3.51671 527
3.51791 526
3.51911 527
3.52031 526
3.52151 527
3.52272 526
3.52392 527
3.52512 526
3.52632 527
3.52752 526
3.52872 527
3.52993 526
3.53113 527
3.53233 526
3.53353 527
3.53473 526
3.53593 527
3.53713 526
3.53834 527
3.53954 526
3.54074 527
3.54194 526
3.54314 527
3.54434 526
3.54555 527
3.54675 526
3.54795 527
3.54915 526
3.55035 527
3.55155 526
3.55276 527
3.55396 526
3.55516 527
3.55636 526
3.55756 527
3.55876 526
3.55997 527
3.56117 526
3.56237 527
3.56357 526
3.56477 527
3.56597 526
3.56717 527
3.56838 526
3.56958 527
3.57078 526
3.57198 527
3.57318 526
3.57438 527
3.57559 526
3.57679 527
3.57799 526
3.57919 527
3.58039 526
3.58159 527
3.5828 526
3.58399 527
3.58519 526
3.58639 527
3.58759 526
3.58878 735
3.61403 734
3.61523 732.395
3.61643 732.093
3.61763 731
3.61884 730
3.62004 729
3.62124 728.103
3.62244 727
3.62364 726
3.62484 725
3.62605 724.113
3.62725 723
3.62845 722
3.62965 721
3.63085 720.124
3.63205 719
3.63326 718
3.63446 717
3.63566 716.134
3.63686 715
3.63806 714
3.63926 713
3.64046 712.144
3.64167 711
3.64287 710
3.64407 709
3.64527 708.154
3.64647 707
3.64767 706
3.64888 705
3.65008 704.164
3.65128 703
3.65248 702
3.65368 701
3.65488 700.175
3.65609 699
3.65729 698
3.65849 697
3.65969 696.185
3.66089 695
3.66209 694
3.6633 693
3.6645 692.195
3.6657 691
3.6669 690
3.6681 689
3.6693 688.206
3.6705 687
3.67171 686
3.67291 685
3.67411 684.215
3.67531 683
3.67651 682
3.67771 681
3.67892 680.226
3.68012 679
3.68132 678
3.68252 677
3.68372 676.236
3.68492 675
3.68613 674
3.68733 673
3.68853 672.247
3.68973 671
3.69093 670
3.69213 669
3.69334 668.257
3.69454 667
3.69574 666
3.69694 665
3.69814 664.267
3.69934 663
3.70054 662
3.70175 661
3.70295 660.278
3.70415 659
3.70535 658
3.70655 657
3.70775 656.287
3.70896 655
3.71016 654
3.71136 653
3.71256 652.298
3.71376 651
3.71496 650
3.71617 649
3.71737 648.308
3.71857 647
3.71977 646
3.72097 645
3.72217 644.318
3.72338 643
3.72458 642
3.72578 641
3.72698 640.329
3.72818 639
3.72938 638
3.73058 637
3.73179 636.339
3.73299 635
3.73419 634
3.73539 633
3.73659 632.349
3.73779 631
3.739 630
3.7402 629
3.7414 628.359
3.7426 627
3.7438 626
3.745 625
3.74621 624.369
3.74741 623
3.74861 622
3.74981 621
3.75101 620.38
3.75221 619
3.75342 618
3.75462 617
3.75582 616.39
3.75702 615
3.75822 614
3.75942 613
3.76062 612.401
3.76183 611
3.76303 610
3.76423 609
3.76543 608.411
3.76663 607
3.76783 606
3.76904 605
3.77024 604.421
3.77144 603
3.77264 602
3.77384 601
3.77504 600.431
3.77625 599
3.77745 598
3.77865 597
3.77985 596.441
3.78105 595
3.78225 594
3.78346 593
3.78466 592.452
3.78586 591
3.78706 590
3.78826 589
3.78946 588.462
3.79066 587
3.79187 586
3.79307 585
3.79427 584.472
3.79547 583
3.79667 582
3.79787 581
3.79908 580.483
3.80028 579
3.80148 578
3.80268 577
3.80388 576.493
3.80508 575
3.80629 574
3.80749 573
3.80869 572.503
3.80989 571
3.81109 570
3.81229 569
3.8135 568.513
3.8147 567
3.8159 566
3.8171 565
3.8183 564.523
3.8195 563
3.8207 562
3.82191 561
3.82311 560.534
3.82431 559
3.82551 558
3.82671 557
3.82791 556.544
3.82912 555
3.83032 554
3.83152 553
3.83272 552.555
3.83392 551
3.83512 550
3.83633 549
3.83753 548.565
3.83873 547
3.83993 546
3.84113 545
3.84233 544.575
3.84354 543
3.84474 542
3.84594 541
3.84714 540.585
3.84834 539
3.84954 538
3.85074 537
3.85195 536.595
3.85315 535
3.85435 534
3.85555 533
3.85675 532.606
3.85795 531
3.85916 530
3.86036 529
3.86156 528.616
3.86276 527
3.86396 526
3.86516 525
3.86637 524.626
3.86757 523
3.86877 522
3.86997 521
3.87117 520.637
3.87237 519
3.87358 518
3.87478 517
3.87598 516.646
3.87718 515
3.87838 514
4.22325 512
4.22445 503
4.22565 494
4.22685 485
4.22805 476
4.22926 467
4.23046 458
4.23166 449
4.23286 440
4.23406 431
4.23526 422
4.23647 413
4.23767 404
4.23887 395
4.24007 386
4.24127 377
4.24247 368
4.24368 359
4.24488 350
4.24608 341
4.24728 332
4.24848 323
4.24968 314
4.25089 309
4.59214 310
4.59334 311
4.59454 312
4.59574 313
4.59695 314
4.59815 315
4.59935 316
4.60055 317
4.60175 318
4.60295 319
4.60416 320
4.60536 321
4.60656 322
4.60776 323
4.60896 324
4.61016 325
4.61041 1
4.98026 3
5.18415 5
5.38565 7
5.38805 9
5.58714 11
5.58954 13
5.59195 15
5.59435 17
5.78863 19
5.79104 21
5.79344 23
5.79584 25
5.79825 27
5.80065 29
5.80305 31
5.80546 33
5.99013 35
5.99253 37
5.99493 39
5.99734 41
5.99974 43
6.00214 45
6.00455 47
6.00695 49
6.00935 51
6.01176 53
6.01416 55
6.01656 57
6.01897 59
6.02137 61
6.02377 63
6.02618 65
6.19162 67
6.19403 69
6.19643 71
6.19883 73
6.20124 75
6.20364 77
6.20604 79
6.20844 81
6.21085 83
6.21325 85
6.21565 87
6.21806 89
6.22046 91
6.22286 93
6.22527 95
6.22767 97
6.23007 99
6.23248 101
6.23488 103
6.23728 105
6.23969 107
6.24209 109
6.24449 111
6.2469 113
6.2493 115
6.2517 117
6.25411 119
6.25651 121
6.25891 123
6.26132 125
6.26372 127
6.26612 129
6.39312 131
6.39552 133
6.39792 135
6.40033 137
6.40273 139
6.40513 141
6.40754 143
6.40994 145
6.41234 147
6.41474 149
6.41715 151
6.41955 153
6.42195 155
6.42436 157
6.42676 159
6.42916 161
6.43157 163
6.43397 165
6.43637 167
6.43878 169
6.44118 171
6.44358 173
6.44599 175
6.44839 177
6.45079 179
6.4532 181
6.4556 183
6.458 185
6.46041 187
6.46281 189
6.46521 191
6.46762 193
6.47002 195
6.47242 197
6.47482 199
6.47723 201
6.47963 203
6.48203 205
6.48444 207
6.48684 209
6.48924 211
6.49165 213
6.49405 215
6.49645 217
6.49886 219
6.50126 221
6.50366 223
6.50607 225
6.50847 227
6.51087 228
6.5301 229
6.60182 230
6.62585 231
6.64988 232
6.67392 233
6.69795 234
6.72198 235
6.74601 236
6.77004 237
6.79408 238
6.81811 239
6.84214 240
6.86617 241
6.8902 242
6.91424 243
6.93827 244
6.9623 245
6.98633 246
7.01036 247
7.0344 248
7.05843 249
7.08246 250
7.10649 251
7.13052 252
7.15456 253
7.17859 254
7.20262 255
7.22665 256
7.25068 257
7.27472 258
7.29875 259
7.32278 260
7.34681 261
7.37084 262
7.39488 263
7.41891 264
7.44294 265
7.46697 266
7.491 267
7.51504 268
7.53907 269
7.5631 270
7.58713 271
7.61116 272
7.6352 273
7.65923 274
7.68326 275
7.70729 276
7.73132 277
7.75536 278
7.77939 279
7.80342 280
7.82745 281
7.85148 282
7.87552 283
7.89955 284
7.92358 285
7.94761 286
7.97164 287
7.99568 288
8.01971 289
8.04374 290
8.06777 291
8.0918 292
8.11584 293
8.13987 294
8.1639 295
8.18793 296
8.21196 297
8.236 298
8.26003 299
8.28406 300
8.30809 301
8.33212 302
8.35616 303
8.38019 304
8.40422 305
8.42825 306
8.45228 307
8.47632 308
8.50035 309
8.52438 310
8.54841 311
8.57244 312
8.59648 313
8.62051 314
8.64454 315
8.66857 316
8.6926 317
8.71664 318
8.74067 319
8.7647 320
8.78873 321
8.81276 322
8.8368 323
8.86083 324
8.88486 325
8.90889 326
8.93292 327
8.95696 328
8.98099 329
9.00502 330
9.02905 331
9.05308 332
9.07712 333
9.10115 334
9.12518 335
9.14921 336
9.17324 337
9.19728 338
9.22131 339
9.24534 340
9.26937 341
9.2934 342
9.31744 343
9.34147 344
9.3655 345
9.38953 346
9.41356 347
9.4376 348
9.46163 349
9.48566 350
9.50969 351
9.53372 352
9.55776 353
9.58179 354
9.60582 355
9.62985 356
9.65388 357
9.67792 358
9.70195 359
9.72598 360
9.75001 361
9.77404 362
9.79808 363
9.82211 364
9.84614 365
9.87017 366
9.8942 367
9.91824 368
9.94227 369
9.9663 370
9.99033 371
10.0144 372
10.0384 373
10.0624 374
10.0865 375
10.1105 376
10.1345 377
10.1586 378
10.1826 379
10.2066 380
10.2307 381
10.2547 382
10.2787 383
10.3027 384
10.3268 385
10.3508 386
10.3748 387
10.3989 388
10.4229 389
10.4469 390
10.471 391
10.495 392
10.519 393
10.5431 394
10.5671 395
10.5911 396
10.6152 397
10.6392 398
10.6632 399
10.6873 400
10.7113 401
10.7353 402
10.7594 403
10.7834 404
10.8074 405
10.8315 406
10.8555 407
10.8795 408
10.9035 409
10.9276 410
10.9516 411
10.9756 412
10.9997 413
11.0237 414
11.0477 415
11.0718 416
11.0958 417
11.1198 418
11.1439 419
11.1679 420
11.1919 421
11.216 422
11.24 423
11.264 424
11.2881 425
11.3121 426
11.3361 427
11.3602 428
11.3842 429
11.4082 430
11.4323 431
11.4563 432
11.4803 433
11.5043 434
11.5284 435
11.5524 436
11.5764 437
11.6005 438
11.6245 439
11.6485 440
11.6726 441
11.6966 442
11.7206 443
11.7447 444
11.7687 445
11.7927 446
11.8168 447
11.8408 448
11.8648 449
11.8889 450
11.9129 451
11.9369 452
11.961 453
11.985 454
12.009 455
12.0331 456
12.0571 457
12.0811 458
12.1051 459
12.1292 460
12.1532 461
12.1772 462
12.2013 463
12.2253 464
12.2493 465
12.2734 466
12.2974 467
12.3214 468
12.3455 469
12.3695 470
12.3935 471
12.4176 472
12.4416 473
12.4656 474
12.4897 475
12.5137 476
12.5377 477
12.5618 478
12.5858 479
12.6098 480
12.6339 481
12.6579 482
12.6819 483
12.7059 484
12.73 485
12.754 486
12.778 487
12.8021 488
12.8261 489
12.8501 490
12.8742 491
12.8982 492
12.9222 493
12.9463 494
12.9703 495
12.9943 496
13.0184 497
13.0424 498
13.0664 499
13.0905 500
13.1145 501
13.1385 502
13.1626 503
13.1866 504
13.2106 505
13.2347 506
13.2587 507
13.2827 508
13.3067 509
13.3308 510
13.3548 511
13.3788 512
13.4029 513
13.4269 514
13.4509 515
13.475 516
13.499 517
13.523 518
13.5471 519
13.5711 520
13.5951 521
13.6192 522
13.6432 523
13.6672 524
13.6913 525
13.7153 526
13.7393 527
13.7634 528
13.7874 529
13.8114 530
13.8355 531
13.8595 532
13.8835 533
13.9075 534
13.9316 535
13.9556 536
13.9796 537
14.0037 538
14.0277 539
14.0517 540
14.0758 541
14.0998 542
14.1238 543
14.1479 544
14.1719 545
14.1959 546
14.22 547
14.244 548
14.268 549
14.2921 550
14.3161 551
14.3401 552
14.3497 551
14.3509 550.394
14.3521 550.09
14.3533 549.787
14.3546 549.484
14.3558 548
14.357 547
14.3582 546
14.3594 545
14.3606 544.27
14.3618 543
14.363 542
14.3642 541
14.3654 540
14.3666 539.057
14.3678 538
14.369 537
14.3702 536
14.3714 535
14.3726 534
14.3738 532.539
14.375 531
14.3762 530
14.3774 529
14.3786 528
14.3798 527.326
14.381 526
14.3822 525
14.3834 524
14.3846 523
14.3858 522.112
14.387 521
14.3882 520
14.3894 519
14.3906 518
14.3918 517
14.393 516.595
14.3942 515
14.3954 514
14.3966 513
14.3978 511
14.399 510.381
14.4002 509
14.4014 508
14.4026 507
14.4038 506
14.405 505.167
14.4062 504
14.4074 503
14.4086 502
14.4098 501
14.411 500
14.4122 499.651
14.4134 498
14.4146 497
14.4158 496
14.417 495
14.4183 494.436
14.4195 493
14.4207 492
14.4219 490
14.4231 489
14.4243 488.222
14.4255 487
14.4267 486
14.4279 485
14.4291 484
14.4303 483.009
14.4315 482
14.4327 481
14.4339 480
14.4351 479
14.4363 478
14.4375 477.492
14.4387 476
14.4399 475
14.4411 474
14.4423 473
14.4435 472.278
14.4447 471
14.4459 469
14.4471 468
14.4483 467
14.4495 466.064
14.4507 465
14.4519 464
14.4531 463
14.4543 462
14.4555 461
14.4567 460.547
14.4579 459
14.4591 458
14.4603 457
14.4615 456
14.4627 455.334
14.4639 454
14.4651 453
14.4663 452
14.4675 451
14.4687 450.119
14.4699 448
14.4711 447
14.4723 446
14.4735 445
14.4747 444
14.4759 443.603
14.4771 442
14.4783 441
14.4795 440
14.4807 439
14.4819 438.389
14.4831 437
14.4843 436
14.4855 435
14.4867 434
14.4879 433.175
14.4891 432
14.4903 431
14.4915 430
14.4927 429
14.494 427
14.4952 426.658
14.4964 425
14.4976 424
14.4988 423
14.5 422
14.5012 421.444
14.5024 420
14.5036 419
14.5048 418
14.506 417
14.5072 416.231
14.5084 415
14.5096 414
14.5108 413
14.512 412
14.5132 411.017
14.5144 410
14.5156 409
14.5168 408
14.518 406
14.5192 405
14.5204 404.5
14.5216 403
14.5228 402
14.524 401
14.5252 400
14.5264 399.286
14.5276 398
14.5288 397
14.53 396
14.5312 395
14.5324 394.072
14.5336 393
14.5348 392
14.536 391
14.5372 390
14.5384 389
14.5396 388.555
14.5408 387
14.542 386
14.566 385
14.5901 384
14.6141 383
14.6381 382
14.6622 381
14.6862 380
14.7102 379
14.7343 378
14.7583 377
14.7823 376
14.8064 375
14.8304 374
14.8544 373
14.8785 372
14.9025 371
14.9265 370
14.9506 369
14.9746 368
14.9806 386
15.4168 387
15.4192 388
15.4216 389
15.424 390
15.4264 391
15.4288 392
15.4312 393
15.4336 394
15.436 395
15.4456 396
15.4913 397
15.5345 398
15.5754 399
15.609 400
15.6427 401
15.6739 402
15.7027 403
15.7316 404
15.758 405
15.7844 406
15.8109 407
15.8373 408
15.8613 409
15.8878 410
15.9118 411
15.9358 412
15.9599 413
15.9815 414
16.0055 415
16.0272 416
16.0512 417
16.0728 418
16.0969 419
16.1185 420
16.1425 421
16.1642 422
16.1882 423
16.2098 424
16.2338 425
16.2555 426
16.2747 427
16.2963 428
16.318 429
16.3396 430
16.3612 431
16.3828 432
16.4045 433
16.4261 434
16.4477 435
16.4694 436
16.491 437
16.515 438
16.5366 439
16.5607 440
16.5823 441
16.6063 442
16.628 443
16.652 444
16.6736 445
16.6977 446
16.7193 447
16.7433 448
16.765 449
16.789 450
16.8106 451
16.8346 452
16.8587 453
16.8803 454
16.9043 455
16.9284 456
16.9524 457
16.9764 458
17.0005 459
17.0245 460
17.0485 461
17.0726 462
17.099 463
17.123 464
17.1495 465
17.1735 466
17.1999 467
17.2264 468
17.2528 469
17.2792 470
17.3057 471
17.3321 472
17.3585 473
17.385 474
17.4114 475
17.4378 476
17.4643 477
17.4907 478
17.5196 479
17.546 480
17.5748 481
17.6037 482
17.6325 483
17.6613 484
17.6902 485
17.7214 486
17.7503 487
17.7815 488
17.8103 489
17.8416 490
17.8704 491
17.9017 492
17.9329 493
17.9666 494
17.9978 495
18.0314 496
18.0627 497
18.0963 498
18.13 499
18.166 500
18.1997 501
18.2357 502
18.2694 503
18.3054 504
18.3415 505
18.3799 506
18.416 507
18.4544 508
18.4904 509
18.5313 510
18.5722 511
18.613 512
18.6539 513
18.6947 514
18.738 515
18.7812 516
18.8245 517
18.8678 518
18.9134 519
18.9591 520
19.0071 521
19.0552 522
19.1033 523
19.1537 524
19.2066 525
19.2571 526
19.3099 527
19.3652 528
19.4229 529
19.4806 530
19.5455 531
19.6079 532
19.6728 533
19.7353 534
19.8074 535
19.8771 536
19.8915 535
19.8927 534.394
19.8939 534.091
19.8951 533.789
19.8963 533.485
19.8975 532
19.8987 531
19.8999 530
19.9011 529
19.9023 528.163
19.9035 527
19.9047 526
19.9059 525
19.9071 524
19.9083 523
19.9095 522.538
19.9107 521
19.912 520
19.9132 519
19.9144 518
19.9156 517.215
19.9168 516
19.918 515
19.9192 514
19.9204 513
19.9216 512
19.9228 511.59
19.924 510
19.9252 509
19.9264 508
19.9276 507
19.9288 506.268
19.93 505
19.9312 504
19.9324 503
19.9336 502
19.9348 501
19.936 500.642
19.9372 499
19.9384 498
19.9396 497
19.9408 496
19.942 495.32
19.9432 494
19.9444 492
19.9456 491
19.9468 490
19.948 489
19.9492 488.695
19.9504 487
19.9516 486
19.9528 485
19.954 484
19.9552 483.372
19.9564 482
19.9576 481
19.9588 480
19.96 479
19.9612 478.05
19.9624 477.747
19.9636 476
19.9648 475
19.966 474
19.9672 473
19.9684 472.425
19.9696 471
19.9708 470
19.972 469
19.9732 468
19.9744 467.102
19.9756 466.799
19.9768 465
19.978 464
19.9792 463
19.9804 462
19.9817 461.477
19.9829 460
19.9841 459
19.9853 458
19.9865 457
19.9877 456.155
19.9889 455
19.9901 454
19.9913 453
19.9925 452
19.9937 451
19.9949 450.529
19.9961 449
19.9973 448
19.9985 447
19.9997 445
20.0009 444.206
20.0021 443
20.0033 442
20.0045 441
20.0057 440
20.0069 439
20.0081 438.581
20.0093 437
20.0105 436
20.0117 435
20.0129 434
20.0141 433.259
20.0153 432
20.0165 431
20.0177 430
20.0189 429
20.0201 428
20.0213 427.633
20.0225 426
20.0237 425
20.0249 424
20.0261 423
20.0273 422.311
20.0285 421
20.0297 420
20.0309 419
20.0321 418
20.0333 417
20.0345 416.686
20.0357 415
20.0369 414
20.0381 413
20.0393 412
20.0405 411.363
20.0417 410
20.0429 409
20.0441 408
20.0453 407
20.0465 406.041
20.0477 405.738
20.0489 404
20.0501 403
20.0514 402
20.0526 401
20.0538 400.416
20.055 399
20.0562 398
20.0574 396
20.0586 395
20.0598 394.093
20.061 393.791
20.0622 392
20.0634 391
20.0646 390
20.0658 389
20.067 388.468
20.0682 387
20.0694 386
20.0706 385
20.0718 384
20.073 383.146
20.0742 382
20.0754 381
20.0766 380
20.0778 379
20.079 378
20.0802 377.52
20.0814 376
20.0826 375
20.115 374
20.1799 373
20.2424 372
20.3073 371
20.3698 370
20.4419 369
20.5116 368
20.5224 375
20.9537 376
20.9561 377
20.9585 378
20.9609 379
20.9633 380
20.9657 381
21.0138 382
21.0787 383
21.1364 384
21.1868 385
21.2373 386
21.283 387
21.3286 388
21.3695 389
21.4127 390
21.4536 391
21.4896 392
21.5281 393
21.5665 394
21.605 395
21.6434 396
21.6819 397
21.7204 398
21.7564 399
21.7924 400
21.8285 401
21.8669 402
21.903 403
21.939 404
21.9775 405
22.0183 406
22.0568 407
22.0977 408
22.1385 409
22.1794 410
22.2202 411
22.2611 412
22.3019 413
22.3428 414
22.3836 415
22.4245 416
22.4653 417
22.5086 418
22.5543 419
22.5999 420
22.6456 421
22.6912 422
22.7369 423
22.7826 424
22.833 425
22.8835 426
22.934 427
22.9844 428
23.0349 429
23.0926 430
23.143 431
23.1983 432
23.256 433
23.3137 434
23.3786 435
23.4434 436
23.5083 437
23.5732 438
23.6477 439
23.7222 440
23.7967 441
23.8736 442
23.9601 443
24.0491 444
24.138 445
24.2437 446
24.3519 447
24.4576 448
24.5922 449
24.7268 450
24.8733 451
25.0416 452
25.2266 453
25.4934 454
26.0389 455
27.9398 456
28.2931 457
28.5406 458
28.7377 459
28.9035 460
29.1799 461
29.3385 462
29.5235 463
29.6918 464
29.7999 465
29.9297 466
30.0234 467
30.1364 468
30.2301 469
30.3238 470
30.4031 471
30.4848 472
30.5545 473
30.6266 474
30.6963 475
30.7588 476
30.8213 477
30.8862 478
30.9414 479
30.9991 480
31.0568 481
31.1072 482
31.1601 483
31.2106 484
31.2635 485
31.3067 486
31.3548 487
31.4028 488
31.4485 489
31.4918 490
31.5374 491
31.5807 492
31.6239 493
31.6648 494
31.708 495
31.7465 496
31.7874 497
31.8258 498
31.8667 499
31.9003 500
31.9388 501
31.9748 502
32.0133 503
32.0445 504
32.0805 505
32.1142 506
32.1502 507
32.1815 508
32.2151 509
32.2488 510
32.2824 511
32.3113 512
32.3425 513
32.3761 514
32.4074 515
32.4362 516
32.4651 517
32.4963 518
32.5251 519
32.554 520
32.5828 521
32.6117 522
32.6405 523
32.6693 524
32.6958 525
32.7246 526
32.751 527
32.7775 528
32.8039 529
32.8327 530
32.8592 531
32.8856 532
32.9121 533
32.9385 534
32.9649 535
32.989 536
33.0154 537
33.0394 538
33.0659 539
33.0875 540
33.1115 541
33.1356 542
33.1596 543
33.1836 544
33.2076 545
33.2317 546
33.2557 547
33.2797 548
33.3014 549
33.3254 550
33.347 551
33.3591 550
33.3603 549.393
33.3615 549.089
33.3627 548.785
33.3639 548.481
33.3651 547
33.3663 546
33.3675 545
33.3687 544
33.3699 543.258
33.3711 542
33.3723 541
33.3735 540
33.3747 539
33.3759 538.035
33.3771 537
33.3783 536
33.3795 535
33.3807 534
33.3819 533
33.3831 532.508
33.3843 531
33.3855 529
33.3867 528
33.3879 527
33.3891 526.285
33.3903 525
33.3915 524
33.3927 523
33.3939 522
33.3951 521.061
33.3963 520
33.3975 519
33.3987 518
33.3999 517
33.4011 516
33.4023 515.535
33.4035 514
33.4047 513
33.4059 512
33.4071 511
33.4083 510.311
33.4095 509
33.4107 508
33.4119 506
33.4131 505
33.4143 504.088
33.4155 503
33.4167 502
33.4179 501
33.4192 500
33.4204 499
33.4216 498.561
33.4228 497
33.424 496
33.4252 495
33.4264 494
33.4276 493.338
33.4288 492
33.43 491
33.4312 490
33.4324 489
33.4336 488.115
33.4348 487
33.436 486
33.4372 485
33.4384 483
33.4396 482
33.4408 481.588
33.442 480
33.4432 479
33.4444 478
33.4456 477
33.4468 476.365
33.448 475
33.4492 474
33.4504 473
33.4516 472
33.4528 471.141
33.454 470
33.4552 469
33.4564 468
33.4576 467
33.4588 466
33.46 465.614
33.4612 464
33.4624 463
33.4636 462
33.4648 461
33.466 460.391
33.4672 458
33.4684 457
33.4696 456
33.4708 455
33.472 454.168
33.4732 453
33.4744 452
33.4756 451
33.4768 450
33.478 449
33.4792 448.641
33.4804 447
33.4816 446
33.4828 445
33.484 444
33.4852 443.418
33.4864 442
33.4876 441
33.4888 440
33.49 439
33.4912 438.194
33.4924 437
33.4937 435
33.4949 434
33.4961 433
33.4973 432
33.4985 431.667
33.4997 430
33.5009 429
33.5021 428
33.5033 427
33.5045 426.444
33.5057 425
33.5069 424
33.5081 423
33.5093 422
33.5105 421.221
33.5117 420
33.5129 419
33.5141 418
33.5153 417
33.5165 416
33.5177 415.694
33.5189 414
33.5201 412
33.5213 411
33.5225 410
33.5237 409.47
33.5249 408
33.5261 407
33.5273 406
33.5285 405
33.5297 404.247
33.5309 403
33.5321 402
33.5333 401
33.5345 400
33.5357 399.024
33.5369 398
33.5381 397
33.5393 396
33.5405 395
33.5417 394
33.5429 393.497
33.5441 392
33.5453 391
33.5465 389
33.5477 388
33.5489 387.274
33.5501 386
33.5513 385
33.573 384
33.5994 383
33.6234 382
33.6499 381
33.6739 380
33.7003 379
33.722 378
33.746 377
33.77 376
33.7941 375
33.8181 374
33.8421 373
33.8661 372
33.8902 371
33.9142 370
33.9358 369
33.9599 368
33.9815 367
33.9899 385
34.4225 386
34.4249 387
34.4273 388
34.4297 389
34.4321 390
34.4345 391
34.4369 392
34.4393 393
34.4417 394
34.4513 395
34.4946 396
34.5378 397
34.5763 398
34.6123 399
34.646 400
34.6772 401
34.7084 402
34.7349 403
34.7637 404
34.7902 405
34.8166 406
34.8406 407
34.8671 408
34.8911 409
34.9151 410
34.9392 411
34.9632 412
34.9872 413
35.0088 414
35.0329 415
35.0545 416
35.0785 417
35.1002 418
35.1242 419
35.1458 420
35.1699 421
35.1915 422
35.2155 423
35.2371 424
35.2612 425
35.2804 426
35.302 427
35.3237 428
35.3453 429
35.3669 430
35.3886 431
35.4102 432
35.4318 433
35.4534 434
35.4751 435
35.4967 436
35.5183 437
35.5424 438
35.564 439
35.588 440
35.6096 441
35.6337 442
35.6553 443
35.6793 444
35.701 445
35.725 446
35.7466 447
35.7707 448
35.7923 449
35.8163 450
35.8404 451
35.862 452
35.886 453
35.91 454
35.9341 455
35.9581 456
35.9821 457
36.0062 458
36.0302 459
36.0542 460
36.0783 461
36.1023 462
36.1287 463
36.1528 464
36.1792 465
36.2056 466
36.2297 467
36.2561 468
36.2825 469
36.309 470
36.3354 471
36.3618 472
36.3883 473
36.4147 474
36.4412 475
36.47 476
36.4964 477
36.5229 478
36.5517 479
36.5781 480
36.607 481
36.6358 482
36.6646 483
36.6959 484
36.7247 485
36.7536 486
36.7848 487
36.8136 488
36.8449 489
36.8737 490
36.9074 491
36.9362 492
36.9699 493
37.0011 494
37.0347 495
37.066 496
37.0996 497
37.1333 498
37.1693 499
37.203 500
37.239 501
37.2727 502
37.3111 503
37.3448 504
37.3832 505
37.4193 506
37.4577 507
37.4938 508
37.5346 509
37.5731 510
37.6139 511
37.6548 512
37.6956 513
37.7389 514
37.7821 515
37.8254 516
37.8687 517
37.9167 518
37.9624 519
38.0104 520
38.0585 521
38.1066 522
38.157 523
38.2099 524
38.2604 525
38.3156 526
38.3685 527
38.4262 528
38.4839 529
38.5464 530
38.6088 531
38.6737 532
38.7386 533
38.8083 534
38.878 535
38.9501 534
38.9513 533.393
38.9525 533.09
38.9537 532.786
38.9549 532.483
38.9561 531
38.9573 530
38.9585 529
38.9597 528
38.9609 527.151
38.9621 526
38.9633 525
38.9645 524
38.9657 523
38.9669 522
38.9681 521.515
38.9693 520
38.9705 519
38.9717 518
38.9729 517
38.9741 516.182
38.9753 515
38.9765 514
38.9777 513
38.9789 512
38.9801 511
38.9813 510.546
38.9825 509
38.9837 508
38.9849 507
38.9861 506
38.9874 505.214
38.9886 504
38.9898 503
38.991 502
38.9922 501
38.9934 500
38.9946 499.578
38.9958 498
38.997 497
38.9982 496
38.9994 495
39.0006 494.246
39.0018 493
39.003 491
39.0042 490
39.0054 489
39.0066 488
39.0078 487.61
39.009 486
39.0102 485
39.0114 484
39.0126 483
39.0138 482.278
39.015 481
39.0162 480
39.0174 479
39.0186 478
39.0198 477
39.021 476.642
39.0222 475
39.0234 474
39.0246 473
39.0258 472
39.027 471.31
39.0282 470
39.0294 469
39.0306 468
39.0318 467
39.033 466
39.0342 465.674
39.0354 464
39.0366 463
39.0378 462
39.039 461
39.0402 460.342
39.0414 459
39.0426 458
39.0438 457
39.045 456
39.0462 455.01
39.0474 454.706
39.0486 453
39.0498 452
39.051 451
39.0522 450
39.0534 449.374
39.0546 448
39.0558 447
39.0571 446
39.0583 445
39.0595 444.041
39.0607 442.738
39.0619 441
39.0631 440
39.0643 439
39.0655 438
39.0667 437.405
39.0679 436
39.0691 435
39.0703 434
39.0715 433
39.0727 432.073
39.0739 431.769
39.0751 430
39.0763 429
39.0775 428
39.0787 427
39.0799 426.437
39.0811 425
39.0823 424
39.0835 423
39.0847 422
39.0859 421.105
39.0871 420.802
39.0883 419
39.0895 418
39.0907 417
39.0919 416
39.0931 415.469
39.0943 414
39.0955 413
39.0967 412
39.0979 411
39.0991 410.137
39.1003 409
39.1015 408
39.1027 407
39.1039 406
39.1051 405
39.1063 404.501
39.1075 403
39.1087 402
39.1099 401
39.1111 400
39.1123 399.169
39.1135 398
39.1147 397
39.1159 396
39.1171 395
39.1183 393
39.1195 392.533
39.1207 391
39.1219 390
39.1231 389
39.1243 388
39.1255 387.201
39.1268 386
39.128 385
39.1292 384
39.1304 383
39.1316 382
39.1328 381.565
39.134 380
39.1352 379
39.1364 378
39.1376 377
39.1388 376.233
39.14 375
39.1412 374
39.1808 373
39.2433 372
39.3082 371
39.3731 370
39.4428 369
39.5125 368
39.581 374
39.9546 375
39.957 376
39.9594 377
39.9618 378
39.9642 379
39.9666 380
39.9763 381
40.0508 382
40.1156 383
40.1733 384
40.2238 385
40.2719 386
40.3151 387
40.3608 388
40.3992 389
40.4401 390
40.4833 391
40.5218 392
40.5602 393
40.5987 394
40.6371 395
40.6756 396
40.714 397
40.7549 398
40.7933 399
40.8294 400
40.8654 401
40.9039 402
40.9423 403
40.9784 404
41.0168 405
41.0577 406
41.0962 407
41.137 408
41.1779 409
41.2187 410
41.2596 411
41.3004 412
41.3413 413
41.3821 414
41.423 415
41.4638 416
41.5071 417
41.5528 418
41.5984 419
41.6441 420
41.6897 421
41.7354 422
41.7811 423
41.8315 424
41.882 425
41.9325 426
41.9829 427
42.0334 428
42.0887 429
42.1463 430
42.2016 431
42.2593 432
42.317 433
42.3819 434
42.4467 435
42.5116 436
42.5765 437
42.651 438
42.7255 439
42.8 440
42.8745 441
42.961 442
43.05 443
43.1365 444
43.2422 445
43.3504 446
43.4561 447
43.5907 448
43.7253 449
43.8742 450
44.0401 451
44.2275 452
44.4919 453
45.035 454
46.9407 455
47.294 456
47.5415 457
47.7386 458
47.9044 459
48.1808 460
48.3274 461
48.51 462
48.6927 463
48.7864 464
48.9258 465
49.0387 466
49.1421 467
49.2238 468
49.3175 469
49.3968 470
49.4785 471
49.553 472
49.6179 473
49.69 474
49.7549 475
49.815 476
49.8774 477
49.9375 478
49.9904 479
50.0457 480
50.1033 481
50.1562 482
50.2067 483
50.2596 484
50.3076 485
50.3557 486
50.4037 487
50.447 488
50.4927 489
50.5359 490
50.5816 491
50.6224 492
50.6657 493
50.7065 494
50.745 495
50.7859 496
50.8243 497
50.8652 498
50.9012 499
50.9397 500
50.9757 501
51.0142 502
51.0454 503
51.0814 504
51.1151 505
51.1511 506
51.1824 507
51.216 508
51.2497 509
51.2833 510
51.3122 511
51.3434 512
51.3746 513
51.4083 514
51.4347 515
51.466 516
51.4948 517
51.526 518
51.5549 519
51.5837 520
51.6126 521
51.6414 522
51.6678 523
51.6967 524
51.7231 525
51.7519 526
51.7784 527
51.8048 528
51.8312 529
51.8577 530
51.8841 531
51.9106 532
51.937 533
51.9634 534
51.9899 535
52.0139 536
52.0403 537
52.0644 538
52.0884 539
52.1124 540
52.1365 541
52.1605 542
52.1845 543
52.2085 544
52.2326 545
52.2566 546
52.2806 547
52.3023 548
52.3263 549
52.3479 550
52.3696 551
52.3864 550
52.3876 549.393
52.3888 549.089
52.39 548.785
52.3912 548.481
52.3924 547
52.3936 546
52.3948 545
52.396 544
52.3972 543.258
52.3984 542
52.3996 541
52.4008 540
52.402 539
52.4032 538.035
52.4044 537
52.4056 536
52.4068 535
52.408 534
52.4092 533
52.4104 532.508
52.4116 531
52.4128 529
52.414 528
52.4152 527
52.4164 526.285
52.4176 525
52.4188 524
52.42 523
52.4212 522
52.4224 521.061
52.4236 520
52.4249 519
52.4261 518
52.4273 517
52.4285 516
52.4297 515.535
52.4309 514
52.4321 513
52.4333 512
52.4345 511
52.4357 510.311
52.4369 509
52.4381 508
52.4393 506
52.4405 505
52.4417 504.088
52.4429 503
52.4441 502
52.4453 501
52.4465 500
52.4477 499
52.4489 498.561
52.4501 497
52.4513 496
52.4525 495
52.4537 494
52.4549 493.338
52.4561 492
52.4573 491
52.4585 490
52.4597 489
52.4609 488.115
52.4621 487
52.4633 486
52.4645 485
52.4657 483
52.4669 482
52.4681 481.588
52.4693 480
52.4705 479
52.4717 478
52.4729 477
52.4741 476.365
52.4753 475
52.4765 474
52.4777 473
52.4789 472
52.4801 471.141
52.4813 470
52.4825 469
52.4837 468
52.4849 467
52.4861 466
52.4873 465.614
52.4885 464
52.4897 463
52.4909 462
52.4921 460
52.4933 459.391
52.4946 458
52.4958 457
52.497 456
52.4982 455
52.4994 454.168
52.5006 453
52.5018 452
52.503 451
52.5042 450
52.5054 449
52.5066 448.641
52.5078 447
52.509 446
52.5102 445
52.5114 444
52.5126 443.418
52.5138 442
52.515 441
52.5162 440
52.5174 439
52.5186 437.194
52.5198 436
52.521 435
52.5222 434
52.5234 433
52.5246 432
52.5258 431.667
52.527 430
52.5282 429
52.5294 428
52.5306 427
52.5318 426.444
52.533 425
52.5342 424
52.5354 423
52.5366 422
52.5378 421.221
52.539 420
52.5402 419
52.5414 418
52.5426 417
52.5438 416
52.545 414.694
52.5462 413
52.5474 412
52.5486 411
52.5498 410
52.551 409.47
52.5522 408
52.5534 407
52.5546 406
52.5558 405
52.557 404.247
52.5582 403
52.5594 402
52.5606 401
52.5618 400
52.563 399.024
52.5642 398
52.5654 397
52.5666 396
52.5678 395
52.5691 394
52.5703 393.497
52.5715 391
52.5727 390
52.5739 389
52.5751 388
52.5763 387.274
52.5775 386
52.5787 385
52.5979 384
52.6243 383
52.6484 382
52.6748 381
52.6988 380
52.7229 379
52.7469 378
52.7709 377
52.795 376
52.819 375
52.843 374
52.867 373
52.8911 372
52.9151 371
52.9367 370
52.9608 369
52.9824 368
53.004 367
53.0172 385
53.445 386
53.4474 387
53.4498 388
53.4522 389
53.4546 390
53.457 391
53.4594 392
53.4618 393
53.4642 394
53.469 395
53.5195 396
53.5628 397
53.6036 398
53.6372 399
53.6709 400
53.7021 401
53.731 402
53.7598 403
53.7862 404
53.8127 405
53.8391 406
53.8656 407
53.8896 408
53.916 409
53.9401 410
53.9641 411
53.9881 412
54.0097 413
54.0338 414
54.0554 415
54.0794 416
54.1011 417
54.1251 418
54.1467 419
54.1684 420
54.1924 421
54.214 422
54.238 423
54.2597 424
54.2837 425
54.3029 426
54.3246 427
54.3462 428
54.3678 429
54.3895 430
54.4111 431
54.4327 432
54.4543 433
54.476 434
54.4976 435
54.5192 436
54.5409 437
54.5649 438
54.5865 439
54.6105 440
54.6322 441
54.6562 442
54.6778 443
54.7019 444
54.7235 445
54.7475 446
54.7692 447
54.7932 448
54.8148 449
54.8388 450
54.8629 451
54.8845 452
54.9085 453
54.9326 454
54.9566 455
54.9806 456
55.0047 457
55.0287 458
55.0527 459
55.0768 460
55.1008 461
55.1248 462
55.1513 463
55.1753 464
55.2017 465
55.2282 466
55.2522 467
55.2786 468
55.3051 469
55.3315 470
55.3579 471
55.3844 472
55.4108 473
55.4372 474
55.4637 475
55.4925 476
55.519 477
55.5454 478
55.5742 479
55.6007 480
55.6295 481
55.6583 482
55.6872 483
55.7184 484
55.7473 485
55.7761 486
55.8073 487
55.8362 488
55.8674 489
55.8963 490
55.9299 491
55.9587 492
55.9924 493
56.0236 494
56.0573 495
56.0885 496
56.1222 497
56.1558 498
56.1919 499
56.2255 500
56.2615 501
56.2952 502
56.3336 503
56.3673 504
56.4057 505
56.4418 506
56.4802 507
56.5163 508
56.5571 509
56.5956 510
56.6364 511
56.6773 512
56.7182 513
56.7614 514
56.8047 515
56.8479 516
56.8912 517
56.9392 518
56.9849 519
57.033 520
57.081 521
57.1291 522
57.1796 523
57.2324 524
57.2829 525
57.3382 526
57.391 527
57.4487 528
57.5064 529
57.5689 530
57.6314 531
57.6963 532
57.7611 533
57.8308 534
57.9005 535
57.9726 534
57.9738 533.393
57.975 533.09
57.9762 532.786
57.9774 532.483
57.9786 531
57.9798 530
57.981 529
57.9822 528
57.9834 527.151
57.9846 526
57.9858 525
57.987 524
57.9883 523
57.9895 522
57.9907 521.515
57.9919 520
57.9931 519
57.9943 518
57.9955 517
57.9967 516.182
57.9979 515
57.9991 514
58.0003 513
58.0015 512
58.0027 511
58.0039 510.546
58.0051 509
58.0063 508
58.0075 507
58.0087 506
58.0099 505.214
58.0111 504
58.0123 503
58.0135 502
58.0147 501
58.0159 500
58.0171 499.578
58.0183 498
58.0195 497
58.0207 496
58.0219 495
58.0231 494.246
58.0243 493
58.0255 491
58.0267 490
58.0279 489
58.0291 488
58.0303 487.61
58.0315 486
58.0327 485
58.0339 484
58.0351 483
58.0363 482.278
58.0375 481
58.0387 480
58.0399 479
58.0411 478
58.0423 477
58.0435 476.642
58.0447 475
58.0459 474
58.0471 473
58.0483 472
58.0495 471.31
58.0507 470
58.0519 469
58.0531 468
58.0543 467
58.0555 466
58.0567 465.674
58.058 464
58.0592 463
58.0604 462
58.0616 461
58.0628 460.342
58.064 459
58.0652 458
58.0664 457
58.0676 456
58.0688 455.01
58.07 454.706
58.0712 453
58.0724 452
58.0736 451
58.0748 450
58.076 449.374
58.0772 448
58.0784 447
58.0796 446
58.0808 445
58.082 444.041
58.0832 442.738
58.0844 441
58.0856 440
58.0868 439
58.088 438
58.0892 437.405
58.0904 436
58.0916 435
58.0928 434
58.094 433
58.0952 432.073
58.0964 431.769
58.0976 430
58.0988 429
58.1 428
58.1012 427
58.1024 426.437
58.1036 425
58.1048 424
58.106 423
58.1072 422
58.1084 421.105
58.1096 420.802
58.1108 419
58.112 418
58.1132 417
58.1144 416
58.1156 415.469
58.1168 414
58.118 413
58.1192 412
58.1204 411
58.1216 410.137
58.1228 409
58.124 408
58.1252 407
58.1265 406
58.1277 405
58.1289 404.501
58.1301 403
58.1313 402
58.1325 401
58.1337 400
58.1349 399.169
58.1361 398
58.1373 397
58.1385 396
58.1397 395
58.1409 393
58.1421 392.533
58.1433 391
58.1445 390
58.1457 389
58.1469 388
58.1481 387.201
58.1493 386
58.1505 385
58.1517 384
58.1529 383
58.1541 382
58.1553 381.565
58.1565 380
58.1577 379
58.1589 378
58.1601 377
58.1613 376.233
58.1625 375
58.1637 374
58.2034 373
58.2658 372
58.3307 371
58.3956 370
58.4653 369
58.535 368
58.6035 374
58.9772 375
58.9796 376
58.982 377
58.9844 378
58.9868 379
58.9892 380
58.9988 381
59.0733 382
59.1382 383
59.1959 384
59.2463 385
59.2944 386
59.3376 387
59.3833 388
59.4218 389
59.4626 390
59.5059 391
59.5443 392
59.5828 393
59.6212 394
59.6597 395
59.6981 396
59.7366 397
59.7774 398
59.8159 399
59.8519 400
59.888 401
59.9264 402
59.9649 403
60.0009 404
60.0394 405
60.0802 406
60.1187 407
60.1595 408
60.2004 409
60.2412 410
60.2821 411
60.323 412
60.3638 413
60.4047 414
60.4455 415
60.4864 416
60.5296 417
60.5753 418
60.6209 419
60.6666 420
60.7123 421
60.7579 422
60.8036 423
60.8541 424
60.9045 425
60.955 426
61.0055 427
61.0559 428
61.1112 429
61.1689 430
61.2242 431
61.2818 432
61.3395 433
61.4044 434
61.4693 435
61.5342 436
61.5991 437
61.6736 438
61.748 439
61.8225 440
61.897 441
61.9836 442
62.0725 443
62.159 444
62.2647 445
62.3729 446
62.4786 447
62.6132 448
62.7478 449
62.8968 450
63.0626 451
63.25 452
63.5144 453
64.0575 454
65.9633 455
66.3165 456
66.5641 457
66.7611 458
66.9269 459
67.2033 460
67.3499 461
67.5326 462
67.7152 463
67.8089 464
67.9483 465
68.0613 466
68.1646 467
68.2463 468
68.34 469
68.4193 470
68.501 471
68.5755 472
68.6404 473
68.7125 474
68.7774 475
68.8375 476
68.9 477
68.9601 478
69.0129 479
69.0682 480
69.1259 481
69.1787 482
69.2292 483
69.2821 484
69.3301 485
69.3782 486
69.4263 487
69.4695 488
69.5152 489
69.5584 490
69.6041 491
69.645 492
69.6882 493
69.7291 494
69.7675 495
69.8084 496
69.8468 497
69.8877 498
69.9237 499
69.9622 500
69.9982 501
70.0367 502
70.0679 503
70.104 504
70.1376 505
70.1737 506
70.2049 507
70.2386 508
70.2722 509
70.3058 510
70.3347 511
70.3659 512
70.3972 513
70.4308 514
70.4572 515
70.4885 516
70.5173 517
70.5486 518
70.5774 519
70.6062 520
70.6351 521
70.6639 522
70.6904 523
70.7192 524
70.7456 525
70.7745 526
70.8009 527
70.8273 528
70.8538 529
70.8802 530
70.9066 531
70.9331 532
70.9595 533
70.986 534
71.0124 535
71.0364 536
71.0629 537
71.0869 538
71.1109 539
71.1349 540
71.159 541
71.183 542
71.207 543
71.2311 544
71.2551 545
71.2791 546
71.3032 547
71.3248 548
71.3488 549
71.3705 550
71.3921 551
71.4089 550
71.4101 549.393
71.4113 549.089
71.4125 548.785
71.4137 548.481
71.4149 547
71.4161 546
71.4173 545
71.4185 544
71.4197 543.258
71.4209 542
71.4221 541
71.4233 540
71.4245 539
71.4257 538.035
71.4269 537
71.4281 536
71.4293 535
71.4306 534
71.4318 533
71.433 532.508
71.4342 531
71.4354 529
71.4366 528
71.4378 527
71.439 526.285
71.4402 525
71.4414 524
71.4426 523
71.4438 522
71.445 521.061
71.4462 520
71.4474 519
71.4486 518
71.4498 517
71.451 516
71.4522 515.535
71.4534 514
71.4546 513
71.4558 512
71.457 511
71.4582 510.311
71.4594 509
71.4606 508
71.4618 506
71.463 505
71.4642 504.088
71.4654 503
71.4666 502
71.4678 501
71.469 500
71.4702 499
71.4714 498.561
71.4726 497
71.4738 496
71.475 495
71.4762 494
71.4774 493.338
71.4786 492
71.4798 491
71.481 490
71.4822 489
71.4834 488.115
71.4846 487
71.4858 486
71.487 485
71.4882 483
71.4894 482
71.4906 481.588
71.4918 480
71.493 479
71.4943 478
71.4955 477
71.4967 476.365
71.4979 475
71.4991 474
71.5003 473
71.5015 472
71.5027 471.141
71.5039 470
71.5051 469
71.5063 468
71.5075 467
71.5087 466
71.5099 465.614
71.5111 464
71.5123 463
71.5135 462
71.5147 460
71.5159 459.391
71.5171 458
71.5183 457
71.5195 456
71.5207 455
71.5219 454.168
71.5231 453
71.5243 452
71.5255 451
71.5267 450
71.5279 449
71.5291 448.641
71.5303 447
71.5315 446
71.5327 445
71.5339 444
71.5351 443.418
71.5363 442
71.5375 441
71.5387 440
71.5399 439
71.5411 437.194
71.5423 436
71.5435 435
71.5447 434
71.5459 433
71.5471 432
71.5483 431.667
71.5495 430
71.5507 429
71.5519 428
71.5531 427
71.5543 426.444
71.5555 425
71.5567 424
71.5579 423
71.5591 422
71.5603 421.221
71.5615 420
71.5627 419
71.5639 418
71.5651 417
71.5663 416
71.5675 414.694
71.5687 413
71.57 412
71.5712 411
71.5724 410
71.5736 409.47
71.5748 408
71.576 407
71.5772 406
71.5784 405
71.5796 404.247
71.5808 403
71.582 402
71.5832 401
71.5844 400
71.5856 399.024
71.5868 398
71.588 397
71.5892 396
71.5904 395
71.5916 394
71.5928 393.497
71.594 391
71.5952 390
71.5964 389
71.5976 388
71.5988 387.274
71.6 386
71.6012 385
71.6204 384
71.6469 383
71.6709 382
71.6973 381
71.7214 380
71.7454 379
71.7694 378
71.7934 377
71.8175 376
71.8415 375
71.8655 374
71.8896 373
71.9136 372
71.9376 371
71.9593 370
71.9833 369
72.0049 368
72.0266 367
72.0398 385
72.4675 386
72.4699 387
72.4723 388
72.4747 389
72.4771 390
72.4795 391
72.4819 392
72.4843 393
72.4867 394
72.4916 395
72.542 396
72.5853 397
72.6261 398
72.6598 399
72.6934 400
72.7247 401
72.7535 402
72.7823 403
72.8088 404
72.8352 405
72.8616 406
72.8881 407
72.9121 408
72.9386 409
72.9626 410
72.9866 411
73.0106 412
73.0323 413
73.0563 414
73.0779 415
73.102 416
73.1236 417
73.1476 418
73.1693 419
73.1909 420
73.2149 421
73.2365 422
73.2606 423
73.2822 424
73.3062 425
73.3255 426
73.3471 427
73.3687 428
73.3904 429
73.412 430
73.4336 431
73.4552 432
73.4769 433
73.4985 434
73.5201 435
73.5418 436
73.5634 437
73.5874 438
73.609 439
73.6331 440
73.6547 441
73.6787 442
73.7004 443
73.7244 444
73.746 445
73.7701 446
73.7917 447
73.8157 448
73.8373 449
73.8614 450
73.8854 451
73.907 452
73.9311 453
73.9551 454
73.9791 455
74.0032 456
74.0272 457
74.0512 458
74.0753 459
74.0993 460
74.1233 461
74.1474 462
74.1738 463
74.1978 464
74.2243 465
74.2507 466
74.2747 467
74.3012 468
74.3276 469
74.354 470
74.3805 471
74.4069 472
74.4333 473
74.4598 474
74.4862 475
74.515 476
74.5415 477
74.5679 478
74.5968 479
74.6232 480
74.652 481
74.6809 482
74.7097 483
74.741 484
74.7698 485
74.7986 486
74.8299 487
74.8587 488
74.8899 489
74.9188 490
74.9524 491
74.9813 492
75.0149 493
75.0462 494
75.0798 495
75.111 496
75.1447 497
75.1783 498
75.2144 499
75.248 500
75.2841 501
75.3177 502
75.3562 503
75.3898 504
75.4283 505
75.4643 506
75.5028 507
75.5388 508
75.5797 509
75.6181 510
75.659 511
75.6998 512
75.7407 513
75.7839 514
75.8272 515
75.8705 516
75.9137 517
75.9618 518
76.0074 519
76.0555 520
76.1036 521
76.1516 522
76.2021 523
76.255 524
76.3054 525
76.3607 526
76.4136 527
76.4713 528
76.5289 529
76.5914 530
76.6539 531
76.7188 532
76.7837 533
76.8534 534
76.9231 535
76.9952 534
76.9964 533.393
76.9976 533.09
76.9988 532.786
77 532.483
77.0012 531
77.0024 530
77.0036 529
77.0048 528
77.006 527.151
77.0072 526
77.0084 525
77.0096 524
77.0108 523
77.012 522
77.0132 521.515
77.0144 520
77.0156 519
77.0168 518
77.018 517
77.0192 516.182
77.0204 515
77.0216 514
77.0228 513
77.024 512
77.0252 511
77.0264 510.546
77.0276 509
77.0288 508
77.03 507
77.0312 506
77.0324 505.214
77.0336 504
77.0348 503
77.036 502
77.0372 501
77.0384 500
77.0396 499.578
77.0408 498
77.042 497
77.0432 496
77.0444 495
77.0456 494.246
77.0468 493
77.048 491
77.0492 490
77.0504 489
77.0516 488
77.0528 487.61
77.054 486
77.0552 485
77.0564 484
77.0577 483
77.0589 482.278
77.0601 481
77.0613 480
77.0625 479
77.0637 478
77.0649 477
77.0661 476.642
77.0673 475
77.0685 474
77.0697 473
77.0709 472
77.0721 471.31
77.0733 470
77.0745 469
77.0757 468
77.0769 467
77.0781 466
77.0793 465.674
77.0805 464
77.0817 463
77.0829 462
77.0841 461
77.0853 460.342
77.0865 459
77.0877 458
77.0889 457
77.0901 456
77.0913 455.01
77.0925 454.706
77.0937 453
77.0949 452
77.0961 451
77.0973 450
77.0985 449.374
77.0997 448
77.1009 447
77.1021 446
77.1033 445
77.1045 444.041
77.1057 442.738
77.1069 441
77.1081 440
77.1093 439
77.1105 438
77.1117 437.405
77.1129 436
77.1141 435
77.1153 434
77.1165 433
77.1177 432.073
77.1189 431.769
77.1201 430
77.1213 429
77.1225 428
77.1237 427
77.1249 426.437
77.1261 425
77.1274 424
77.1286 423
77.1298 422
77.131 421.105
77.1322 420.802
77.1334 419
77.1346 418
77.1358 417
77.137 416
77.1382 415.469
77.1394 414
77.1406 413
77.1418 412
77.143 411
77.1442 410.137
77.1454 409
77.1466 408
77.1478 407
77.149 406
77.1502 405
77.1514 404.501
77.1526 403
77.1538 402
77.155 401
77.1562 400
77.1574 399.169
77.1586 398
77.1598 397
77.161 396
77.1622 395
77.1634 393
77.1646 392.533
77.1658 391
77.167 390
77.1682 389
77.1694 388
77.1706 387.201
77.1718 386
77.173 385
77.1742 384
77.1754 383
77.1766 382
77.1778 381.565
77.179 380
77.1802 379
77.1814 378
77.1826 377
77.1838 376.233
77.185 375
77.1862 374
77.2259 373
77.2884 372
77.3533 371
77.4181 370
77.4878 369
77.5575 368
77.626 374
77.9997 375
78.0021 376
78.0045 377
78.0069 378
78.0093 379
78.0117 380
78.0213 381
78.0958 382
78.1607 383
78.2184 384
78.2688 385
78.3169 386
78.3602 387
78.4058 388
78.4443 389
78.4851 390
78.5284 391
78.5668 392
78.6053 393
78.6437 394
78.6822 395
78.7206 396
78.7591 397
78.8 398
78.8384 399
78.8745 400
78.9105 401
78.949 402
78.9874 403
79.0235 404
79.0619 405
79.1028 406
79.1412 407
79.1821 408
79.2229 409
79.2638 410
79.3046 411
79.3455 412
79.3863 413
79.4272 414
79.468 415
79.5089 416
79.5522 417
79.5978 418
79.6435 419
79.6891 420
79.7348 421
79.7805 422
79.8261 423
79.8766 424
79.9271 425
79.9775 426
80.028 427
80.0785 428
80.1337 429
80.1914 430
80.2467 431
80.3044 432
80.362 433
80.4269 434
80.4918 435
80.5567 436
80.6216 437
80.6961 438
80.7706 439
80.8451 440
80.9196 441
81.0061 442
81.095 443
81.1815 444
81.2873 445
81.3954 446
81.5012 447
81.6357 448
81.7703 449
81.9193 450
82.0851 451
82.2726 452
82.5369 453
83.0801 454
84.9858 455
85.3391 456
85.5866 457
85.7837 458
85.9495 459
86.2258 460
86.3724 461
86.5551 462
86.7377 463
86.8314 464
86.9708 465
87.0838 466
87.1871 467
87.2688 468
87.3626 469
87.4419 470
87.5236 471
87.5981 472
87.663 473
87.7351 474
87.7999 475
87.86 476
87.9225 477
87.9826 478
88.0355 479
88.0907 480
88.1484 481
88.2013 482
88.2517 483
88.3046 484
88.3527 485
88.4007 486
88.4488 487
88.4921 488
88.5377 489
88.581 490
88.6266 491
88.6675 492
88.7108 493
88.7516 494
88.7901 495
88.8309 496
88.8694 497
88.9102 498
88.9463 499
88.9847 500
89.0208 501
89.0592 502
89.0905 503
89.1265 504
89.1602 505
89.1962 506
89.2274 507
89.2611 508
89.2947 509
89.3284 510
89.3572 511
89.3885 512
89.4197 513
89.4533 514
89.4798 515
89.511 516
89.5399 517
89.5711 518
89.5999 519
89.6288 520
89.6576 521
89.6865 522
89.7129 523
89.7417 524
89.7682 525
89.797 526
89.8234 527
89.8499 528
89.8763 529
89.9027 530
89.9292 531
89.9556 532
89.982 533
90.0085 534
90.0349 535
90.0589 536
90.0854 537
90.1094 538
90.1334 539
90.1575 540
90.1815 541
90.2055 542
90.2296 543
90.2536 544
90.2776 545
90.3017 546
90.3257 547
90.3473 548
90.3714 549
90.393 550
90.4146 551
90.4315 550
90.4327 549.393
90.4339 549.089
90.4351 548.785
90.4363 548.481
90.4375 547
90.4387 546
90.4399 545
90.4411 544
90.4423 543.258
90.4435 542
90.4447 541
90.4459 540
90.4471 539
90.4483 538.035
90.4495 537
90.4507 536
90.4519 535
90.4531 534
90.4543 533
90.4555 532.508
90.4567 531
90.4579 529
90.4591 528
90.4603 527
90.4615 526.285
90.4627 525
90.4639 524
90.4651 523
90.4663 522
90.4675 521.061
90.4687 520
90.4699 519
90.4711 518
90.4723 517
90.4735 516
90.4747 515.535
90.4759 514
90.4771 513
90.4783 512
90.4795 511
90.4807 510.311
90.4819 509
90.4831 508
90.4843 506
90.4855 505
90.4867 504.088
90.4879 503
90.4891 502
90.4903 501
90.4915 500
90.4927 499
90.4939 498.561
90.4952 497
90.4964 496
90.4976 495
90.4988 494
90.5 493.338
90.5012 492
90.5024 491
90.5036 490
90.5048 489
90.506 488.115
90.5072 487
90.5084 486
90.5096 485
90.5108 483
90.512 482
90.5132 481.588
90.5144 480
90.5156 479
90.5168 478
90.518 477
90.5192 476.365
90.5204 475
90.5216 474
90.5228 473
90.524 472
90.5252 471.141
90.5264 470
90.5276 469
90.5288 468
90.53 467
90.5312 466
90.5324 465.614
90.5336 464
90.5348 463
90.536 462
90.5372 460
90.5384 459.391
90.5396 458
90.5408 457
90.542 456
90.5432 455
90.5444 454.168
90.5456 453
90.5468 452
90.548 451
90.5492 450
90.5504 449
90.5516 448.641
90.5528 447
90.554 446
90.5552 445
90.5564 444
90.5576 443.418
90.5588 442
90.56 441
90.5612 440
90.5624 439
90.5636 437.194
90.5648 436
90.566 435
90.5672 434
90.5684 433
90.5697 432
90.5709 431.667
90.5721 430
90.5733 429
90.5745 428
90.5757 427
90.5769 426.444
90.5781 425
90.5793 424
90.5805 423
90.5817 422
90.5829 421.221
90.5841 420
90.5853 419
90.5865 418
90.5877 417
90.5889 416
90.5901 414.694
90.5913 413
90.5925 412
90.5937 411
90.5949 410
90.5961 409.47
90.5973 408
90.5985 407
90.5997 406
90.6009 405
90.6021 404.247
90.6033 403
90.6045 402
90.6057 401
90.6069 400
90.6081 399.024
90.6093 398
90.6105 397
90.6117 396
90.6129 395
90.6141 394
90.6153 393.497
90.6165 391
90.6177 390
90.6189 389
90.6201 388
90.6213 387.274
90.6225 386
90.6237 385
90.6429 384
90.6694 383
90.6934 382
90.7199 381
90.7439 380
90.7679 379
90.7919 378
90.816 377
90.84 376
90.864 375
90.8881 374
90.9121 373
90.9361 372
90.9602 371
90.9818 370
91.0058 369
91.0275 368
91.0491 367
91.0623 385
91.4901 386
91.4925 387
91.4949 388
91.4973 389
91.4997 390
91.5021 391
91.5045 392
91.5069 393
91.5093 394
91.5141 395
91.5646 396
91.6078 397
91.6487 398
91.6823 399
91.716 400
91.7472 401
91.776 402
91.8049 403
91.8313 404
91.8577 405
91.8842 406
91.9106 407
91.9346 408
91.9611 409
91.9851 410
92.0091 411
92.0332 412
92.0548 413
92.0788 414
92.1005 415
92.1245 416
92.1461 417
92.1702 418
92.1918 419
92.2134 420
92.2374 421
92.2591 422
92.2831 423
92.3047 424
92.3288 425
92.348 426
92.3696 427
92.3913 428
92.4129 429
92.4345 430
92.4561 431
92.4778 432
92.4994 433
92.521 434
92.5427 435
92.5643 436
92.5859 437
92.6099 438
92.6316 439
92.6556 440
92.6772 441
92.7013 442
92.7229 443
92.7469 444
92.7686 445
92.7926 446
92.8142 447
92.8382 448
92.8599 449
92.8839 450
92.9079 451
92.9296 452
92.9536 453
92.9776 454
93.0017 455
93.0257 456
93.0497 457
93.0738 458
93.0978 459
93.1218 460
93.1459 461
93.1699 462
93.1963 463
93.2204 464
93.2468 465
93.2732 466
93.2973 467
93.3237 468
93.3501 469
93.3766 470
93.403 471
93.4294 472
93.4559 473
93.4823 474
93.5087 475
93.5376 476
93.564 477
93.5904 478
93.6193 479
93.6457 480
93.6746 481
93.7034 482
93.7322 483
93.7635 484
93.7923 485
93.8212 486
93.8524 487
93.8812 488
93.9125 489
93.9413 490
93.975 491
94.0038 492
94.0374 493
94.0687 494
94.1023 495
94.1336 496
94.1672 497
94.2009 498
94.2369 499
94.2706 500
94.3066 501
94.3402 502
94.3787 503
94.4123 504
94.4508 505
94.4868 506
94.5253 507
94.5613 508
94.6022 509
94.6406 510
94.6815 511
94.7224 512
94.7632 513
94.8065 514
94.8497 515
94.893 516
94.9362 517
94.9843 518
95.03 519
95.078 520
95.1261 521
95.1742 522
95.2246 523
95.2775 524
95.328 525
95.3832 526
95.4361 527
95.4938 528
95.5515 529
95.6139 530
95.6764 531
95.7413 532
95.8062 533
95.8759 534
95.9456 535
96.0177 534
96.0189 533.393
96.0201 533.09
96.0213 532.786
96.0225 532.483
96.0237 531
96.0249 530
96.0261 529
96.0273 528
96.0285 527.151
96.0297 526
96.0309 525
96.0321 524
96.0333 523
96.0345 522
96.0357 521.515
96.0369 520
96.0381 519
96.0393 518
96.0405 517
96.0417 516.182
96.0429 515
96.0441 514
96.0453 513
96.0465 512
96.0477 511
96.0489 510.546
96.0501 509
96.0513 508
96.0525 507
96.0537 506
96.0549 505.214
96.0561 504
96.0573 503
96.0585 502
96.0597 501
96.0609 500
96.0621 499.578
96.0634 498
96.0646 497
96.0658 496
96.067 495
96.0682 494.246
96.0694 493
96.0706 491
96.0718 490
96.073 489
96.0742 488
96.0754 487.61
96.0766 486
96.0778 485
96.079 484
96.0802 483
96.0814 482.278
96.0826 481
96.0838 480
96.085 479
96.0862 478
96.0874 477
96.0886 476.642
96.0898 475
96.091 474
96.0922 473
96.0934 472
96.0946 471.31
96.0958 470
96.097 469
96.0982 468
96.0994 467
96.1006 466
96.1018 465.674
96.103 464
96.1042 463
96.1054 462
96.1066 461
96.1078 460.342
96.109 459
96.1102 458
96.1114 457
96.1126 456
96.1138 455.01
96.115 454.706
96.1162 453
96.1174 452
96.1186 451
96.1198 450
96.121 449.374
96.1222 448
96.1234 447
96.1246 446
96.1258 445
96.1271 444.041
96.1283 442.738
96.1295 441
96.1307 440
96.1319 439
96.1331 438
96.1343 437.405
96.1355 436
96.1367 435
96.1379 434
96.1391 433
96.1403 432.073
96.1415 431.769
96.1427 430
96.1439 429
96.1451 428
96.1463 427
96.1475 426.437
96.1487 425
96.1499 424
96.1511 423
96.1523 422
96.1535 421.105
96.1547 420.802
96.1559 419
96.1571 418
96.1583 417
96.1595 416
96.1607 415.469
96.1619 414
96.1631 413
96.1643 412
96.1655 411
96.1667 410.137
96.1679 409
96.1691 408
96.1703 407
96.1715 406
96.1727 405
96.1739 404.501
96.1751 403
96.1763 402
96.1775 401
96.1787 400
96.1799 399.169
96.1811 398
96.1823 397
96.1835 396
96.1847 395
96.1859 393
96.1871 392.533
96.1883 391
96.1895 390
96.1907 389
96.1919 388
96.1931 387.201
96.1943 386
96.1955 385
96.1967 384
96.1979 383
96.1991 382
96.2003 381.565
96.2015 380
96.2028 379
96.204 378
96.2052 377
96.2064 376.233
96.2076 375
96.2088 374
96.2484 373
96.3109 372
96.3758 371
96.4407 370
96.5104 369
96.5801 368
96.6485 374
97.0222 375
97.0246 376
97.027 377
97.0294 378
97.0318 379
97.0342 380
97.0438 381
97.1183 382
97.1832 383
97.2409 384
97.2914 385
97.3394 386
97.3827 387
97.4284 388
97.4668 389
97.5077 390
97.5509 391
97.5894 392
97.6278 393
97.6663 394
97.7047 395
97.7432 396
97.7816 397
97.8225 398
97.8609 399
97.897 400
97.933 401
97.9715 402
98.0099 403
98.046 404
98.0844 405
98.1253 406
98.1637 407
98.2046 408
98.2454 409
98.2863 410
98.3272 411
98.368 412
98.4089 413
98.4497 414
98.4906 415
98.5314 416
98.5747 417
98.6203 418
98.666 419
98.7117 420
98.7573 421
98.803 422
98.8487 423
98.8991 424
98.9496 425
99.0001 426
99.0505 427
99.101 428
99.1563 429
99.2139 430
99.2692 431
99.3269 432
99.3846 433
99.4495 434
99.5143 435
99.5792 436
99.6441 437
99.7186 438
99.7931 439
99.8676 440
99.9421 441
