0.1 0.00448
0.2 0
0.3 1.20416
0.4 0
0.5 2.16
0.6 0
0.7 4.32
0.8 0
0.9 8.64
1 0
1.1 17.28
1.2 0
1.3 18.72
1.4 15.84
1.5 18.24
1.6 20.16
1.7 20.16
1.8 19.68
1.9 20.16
2 19.68
2.1 20.16
2.2 20.16
2.3 19.68
2.4 5.28
2.5 0
2.6 8.4
2.7 9.96
2.8 9.96
2.9 9.96
3 28.92
3.1 10.08
3.2 10.08
3.3 9.84
3.4 10.08
3.5 10.08
3.6 34.8
3.7 1.68
3.8 0
3.9 2.04
4 10.08
4.1 9.96
4.2 9.96
4.3 9.96
4.4 10.08
4.5 9.96
4.6 9.96
4.7 1.2
4.8 0
4.9 0
5 0.36
5.1 0
5.2 0.6
5.3 0
5.4 0.96
5.5 0
5.6 1.92
5.7 0
5.8 2.4
5.9 1.44
6 2.4
6.1 5.28
6.2 1.92
6.3 13.44
6.4 1.44
6.5 20.16
6.6 6.48
6.7 10.44
6.8 10.56
6.9 10.56
7 10.32
7.1 10.56
7.2 10.32
7.3 10.68
7.4 10.56
7.5 10.32
7.6 10.56
7.7 10.32
7.8 10.56
7.9 10.68
8 10.32
8.1 10.56
8.2 10.56
8.3 10.32
8.4 10.56
8.5 10.32
8.6 10.68
8.7 10.56
8.8 10.32
8.9 10.56
9 10.32
9.1 10.56
9.2 10.68
9.3 10.32
9.4 10.56
9.5 10.32
9.6 10.56
9.7 10.56
9.8 10.44
9.9 10.56
10 10.56
10.1 10.32
10.2 10.56
10.3 10.32
10.4 10.68
10.5 10.56
10.6 10.32
10.7 10.56
10.8 10.32
10.9 10.56
11 10.68
11.1 10.32
11.2 10.56
11.3 10.32
11.4 10.56
11.5 10.56
11.6 10.32
11.7 10.68
11.8 10.56
11.9 10.32
12 10.56
12.1 10.32
12.2 10.56
12.3 10.68
12.4 10.32
12.5 10.56
12.6 10.32
12.7 10.56
12.8 10.56
12.9 10.44
13 10.56
13.1 10.32
13.2 10.56
13.3 10.56
13.4 10.32
13.5 10.68
13.6 10.56
13.7 10.32
13.8 10.56
13.9 10.32
14 10.56
14.1 10.68
14.2 10.32
14.3 10.56
14.4 5.52
14.5 0
14.6 5.88
14.7 9.96
14.8 9.96
14.9 9.96
15 12.24
15.1 9.96
15.2 9.96
15.3 9.96
15.4 10.08
15.5 11.16
15.6 10.32
15.7 10.2
15.8 10.56
15.9 10.56
16 10.32
16.1 10.68
16.2 10.32
16.3 10.68
16.4 10.56
16.5 10.44
16.6 10.56
16.7 10.44
16.8 10.56
16.9 10.56
17 10.32
17.1 10.68
17.2 10.56
17.3 10.2
17.4 10.56
17.5 10.32
17.6 10.44
17.7 10.56
17.8 10.2
17.9 10.44
18 10.32
18.1 10.44
18.2 10.44
18.3 10.08
18.4 10.44
18.5 10.2
18.6 10.32
18.7 10.44
18.8 10.08
18.9 10.32
19 10.32
19.1 10.08
19.2 10.32
19.3 10.08
19.4 10.32
19.5 10.32
19.6 9.96
19.7 10.32
19.8 9.96
19.9 9.84
20 0
20.1 1.68
20.2 9.96
20.3 9.96
20.4 10.08
20.5 9.96
20.6 10.8
20.7 9.96
20.8 10.08
20.9 9.96
21 10.68
21.1 10.08
21.2 10.32
21.3 10.32
21.4 10.08
21.5 10.44
21.6 10.08
21.7 10.44
21.8 10.44
21.9 10.08
22 10.44
22.1 10.2
22.2 10.32
22.3 10.32
22.4 10.2
22.5 10.32
22.6 10.44
22.7 10.08
22.8 10.32
22.9 10.08
23 10.32
23.1 10.32
23.2 10.08
23.3 10.2
23.4 10.08
23.5 10.2
23.6 10.32
23.7 9.96
23.8 10.32
23.9 9.96
24 10.2
24.1 10.2
24.2 9.96
24.3 10.2
24.4 10.2
24.5 9.96
24.6 10.2
24.7 9.84
24.8 10.2
24.9 10.2
25 9.84
25.1 10.2
25.2 9.84
25.3 10.2
25.4 10.08
25.5 9.96
25.6 10.08
25.7 9.84
25.8 10.08
25.9 10.08
26 9.84
26.1 10.2
26.2 10.08
26.3 9.84
26.4 10.08
26.5 9.84
26.6 10.08
26.7 10.08
26.8 9.84
26.9 10.08
27 9.84
27.1 10.08
27.2 10.08
27.3 9.84
27.4 10.08
27.5 9.84
27.6 10.08
27.7 10.08
27.8 9.84
27.9 10.08
28 10.2
28.1 9.84
28.2 10.08
28.3 9.96
28.4 10.08
28.5 10.08
28.6 9.96
28.7 10.08
28.8 9.96
28.9 10.08
29 10.2
29.1 9.84
29.2 10.2
29.3 9.84
29.4 10.2
29.5 10.08
29.6 9.96
29.7 10.2
29.8 10.2
29.9 9.84
30 10.2
30.1 9.96
30.2 10.2
30.3 10.2
30.4 9.96
30.5 10.32
30.6 9.96
30.7 10.32
30.8 10.2
30.9 10.08
31 10.32
31.1 9.96
31.2 10.32
31.3 10.32
31.4 10.08
31.5 10.44
31.6 10.32
31.7 10.08
31.8 10.44
31.9 10.08
32 10.44
32.1 10.44
32.2 10.2
32.3 10.44
32.4 10.2
32.5 10.56
32.6 10.44
32.7 10.32
32.8 10.44
32.9 10.32
33 10.56
33.1 10.56
33.2 10.32
33.3 10.56
33.4 6.6
33.5 0
33.6 4.8
33.7 9.96
33.8 9.96
33.9 10.08
34 12.12
34.1 9.96
34.2 9.96
34.3 10.08
34.4 9.96
34.5 11.28
34.6 10.08
34.7 10.44
34.8 10.56
34.9 10.32
35 10.56
35.1 10.32
35.2 10.68
35.3 10.56
35.4 10.44
35.5 10.68
35.6 10.32
35.7 10.56
35.8 10.68
35.9 10.32
36 10.56
36.1 10.56
36.2 10.32
36.3 10.56
36.4 10.32
36.5 10.56
36.6 10.44
36.7 10.32
36.8 10.44
36.9 10.2
37 10.44
37.1 10.56
37.2 10.08
37.3 10.44
37.4 10.2
37.5 10.44
37.6 10.32
37.7 10.2
37.8 10.32
37.9 10.32
38 10.08
38.1 10.32
38.2 10.08
38.3 10.32
38.4 10.32
38.5 10.08
38.6 10.2
38.7 10.08
38.8 10.2
38.9 10.32
39 5.28
39.1 0
39.2 5.76
39.3 10.08
39.4 9.96
39.5 9.96
39.6 10.68
39.7 10.08
39.8 9.96
39.9 9.96
40 10.68
40.1 10.2
40.2 10.32
40.3 10.08
40.4 10.44
40.5 10.08
40.6 10.44
40.7 10.32
40.8 10.2
40.9 10.32
41 10.2
41.1 10.44
41.2 10.32
41.3 10.08
41.4 10.44
41.5 10.32
41.6 10.2
41.7 10.32
41.8 10.08
41.9 10.32
42 10.32
42.1 10.08
42.2 10.2
42.3 10.08
42.4 10.32
42.5 10.2
42.6 10.08
42.7 10.2
42.8 9.96
42.9 10.32
43 10.2
43.1 9.96
43.2 10.2
43.3 10.2
43.4 9.96
43.5 10.2
43.6 9.96
43.7 10.08
43.8 10.2
43.9 9.96
44 10.08
44.1 9.96
44.2 10.08
44.3 10.2
44.4 9.84
44.5 10.2
44.6 9.84
44.7 10.08
44.8 10.08
44.9 9.84
45 10.08
45.1 10.2
45.2 9.84
45.3 10.08
45.4 9.84
45.5 10.08
45.6 10.08
45.7 9.84
45.8 10.08
45.9 9.84
46 10.08
46.1 10.08
46.2 9.84
46.3 10.08
46.4 9.84
46.5 10.08
46.6 10.08
46.7 9.84
46.8 10.08
46.9 10.08
47 9.96
47.1 10.08
47.2 9.84
47.3 10.2
47.4 10.08
47.5 9.84
47.6 10.2
47.7 9.84
47.8 10.2
47.9 10.08
48 9.96
48.1 10.08
48.2 9.96
48.3 10.08
48.4 10.2
48.5 9.84
48.6 10.2
48.7 10.2
48.8 9.96
48.9 10.08
49 9.96
49.1 10.2
49.2 10.2
49.3 9.96
49.4 10.32
49.5 9.96
49.6 10.2
49.7 10.32
49.8 9.96
49.9 10.32
50 10.08
50.1 10.2
50.2 10.32
50.3 10.08
50.4 10.32
50.5 10.44
50.6 10.08
50.7 10.32
50.8 10.2
50.9 10.32
51 10.44
51.1 10.2
51.2 10.44
51.3 10.2
51.4 10.44
51.5 10.56
51.6 10.2
51.7 10.56
51.8 10.2
51.9 10.56
52 10.56
52.1 10.32
52.2 10.56
52.3 10.56
52.4 9.36
52.5 0
52.6 2.04
52.7 9.96
52.8 10.08
52.9 9.96
53 9.96
53.1 12.12
53.2 10.08
53.3 9.96
53.4 9.96
53.5 11.04
53.6 10.32
53.7 10.44
53.8 10.32
53.9 10.56
54 10.32
54.1 10.56
54.2 10.68
54.3 10.32
54.4 10.68
54.5 10.68
54.6 10.32
54.7 10.56
54.8 10.44
54.9 10.56
55 10.56
55.1 10.32
55.2 10.56
55.3 10.32
55.4 10.56
55.5 10.56
55.6 10.2
55.7 10.56
55.8 10.2
55.9 10.56
56 10.44
56.1 10.2
56.2 10.44
56.3 10.44
56.4 10.08
56.5 10.44
56.6 10.2
56.7 10.32
56.8 10.32
56.9 10.2
57 10.32
57.1 10.08
57.2 10.32
57.3 10.32
57.4 10.08
57.5 10.2
57.6 10.08
57.7 10.32
57.8 10.2
57.9 9.96
58 7.8
58.1 0
58.2 3.6
58.3 9.96
58.4 9.96
58.5 9.96
58.6 10.08
58.7 10.68
58.8 9.96
58.9 9.96
59 10.8
59.1 10.2
59.2 10.08
59.3 10.32
59.4 10.08
59.5 10.32
59.6 10.44
59.7 10.2
59.8 10.32
59.9 10.44
60 10.08
60.1 10.44
60.2 10.08
60.3 10.44
60.4 10.32
60.5 10.2
60.6 10.32
60.7 10.08
60.8 10.32
60.9 10.32
61 10.08
61.1 10.32
61.2 10.08
61.3 10.32
61.4 10.2
61.5 10.08
61.6 10.32
61.7 10.2
61.8 9.96
61.9 10.32
62 9.96
62.1 10.2
62.2 10.2
62.3 9.96
62.4 10.2
62.5 9.96
62.6 10.08
62.7 10.2
62.8 9.96
62.9 10.2
63 9.84
63.1 10.2
63.2 10.08
63.3 9.96
63.4 10.08
63.5 10.08
63.6 9.96
63.7 10.08
63.8 9.84
63.9 10.08
64 10.08
64.1 9.96
64.2 10.08
64.3 9.84
64.4 10.08
64.5 10.08
64.6 9.84
64.7 10.08
64.8 9.84
64.9 10.08
65 10.08
65.1 9.84
65.2 10.08
65.3 10.08
65.4 9.84
65.5 10.08
65.6 9.84
65.7 10.08
65.8 10.08
65.9 9.84
66 10.2
66.1 9.84
66.2 10.08
66.3 10.08
66.4 9.96
66.5 10.08
66.6 9.96
66.7 10.08
66.8 10.2
66.9 9.84
67 10.2
67.1 10.08
67.2 9.84
67.3 10.2
67.4 9.96
67.5 10.08
67.6 10.2
67.7 9.84
67.8 10.2
67.9 9.96
68 10.2
68.1 10.2
68.2 9.96
68.3 10.2
68.4 9.96
68.5 10.2
68.6 10.32
68.7 9.96
68.8 10.32
68.9 10.32
69 9.96
69.1 10.32
69.2 10.08
69.3 10.32
69.4 10.32
69.5 10.08
69.6 10.32
69.7 10.2
69.8 10.32
69.9 10.44
70 10.2
70.1 10.32
70.2 10.2
70.3 10.44
70.4 10.56
70.5 10.2
70.6 10.44
70.7 10.56
70.8 10.2
70.9 10.56
71 10.32
71.1 10.56
71.2 10.56
71.3 10.32
71.4 10.68
71.5 1.2
71.6 0
71.7 9.84
71.8 9.96
71.9 9.96
72 9.96
72.1 12.24
72.2 9.96
72.3 9.96
72.4 9.96
72.5 11.16
72.6 10.32
72.7 10.2
72.8 10.44
72.9 10.32
73 10.56
73.1 10.56
73.2 10.44
73.3 10.56
73.4 10.68
73.5 10.44
73.6 10.56
73.7 10.32
73.8 10.68
73.9 10.56
74 10.32
74.1 10.68
74.2 10.32
74.3 10.44
74.4 10.56
74.5 10.32
74.6 10.56
74.7 10.2
74.8 10.56
74.9 10.44
75 10.2
75.1 10.44
75.2 10.44
75.3 10.2
75.4 10.44
75.5 10.08
75.6 10.44
75.7 10.44
75.8 10.08
75.9 10.32
76 10.08
76.1 10.32
76.2 10.32
76.3 10.08
76.4 10.32
76.5 10.08
76.6 10.32
76.7 10.2
76.8 10.08
76.9 10.2
77 9.96
77.1 0
77.2 1.32
77.3 9.96
77.4 9.96
77.5 10.08
77.6 9.96
77.7 10.68
77.8 9.96
77.9 10.08
78 10.08
78.1 10.68
78.2 10.2
78.3 10.08
78.4 10.32
78.5 10.44
78.6 10.08
78.7 10.44
78.8 10.44
78.9 10.08
79 10.44
79.1 10.08
79.2 10.44
79.3 10.32
79.4 10.2
79.5 10.32
79.6 10.2
79.7 10.32
79.8 10.32
79.9 10.08
80 10.32
80.1 10.08
80.2 10.32
80.3 10.2
80.4 10.08
80.5 10.32
80.6 10.2
80.7 10.08
80.8 10.2
80.9 9.96
81 10.2
81.1 10.32
81.2 9.96
81.3 10.2
81.4 9.96
81.5 10.08
81.6 10.2
81.7 9.96
81.8 10.2
81.9 9.84
82 10.2
82.1 10.2
82.2 9.84
82.3 10.2
82.4 10.08
82.5 9.84
82.6 10.2
82.7 9.84
82.8 10.08
82.9 10.08
83 9.84
83.1 10.2
83.2 9.84
83.3 10.08
83.4 10.08
83.5 9.84
83.6 10.08
83.7 9.84
83.8 10.08
83.9 10.08
84 9.84
84.1 10.08
84.2 10.08
84.3 9.84
84.4 10.08
84.5 9.84
84.6 10.08
84.7 10.08
84.8 9.84
84.9 10.08
85 9.96
85.1 10.08
85.2 10.08
85.3 9.84
85.4 10.2
85.5 9.84
85.6 10.2
85.7 10.08
85.8 9.96
85.9 10.08
86 10.2
86.1 9.84
86.2 10.08
86.3 9.96
86.4 10.2
86.5 10.08
86.6 9.96
86.7 10.08
86.8 9.96
86.9 10.2
87 10.2
87.1 9.96
87.2 10.2
87.3 9.96
87.4 10.2
87.5 10.2
87.6 10.08
87.7 10.2
87.8 10.32
87.9 9.96
88 10.32
88.1 10.08
88.2 10.2
88.3 10.32
88.4 10.08
88.5 10.44
88.6 10.08
88.7 10.32
88.8 10.44
88.9 10.08
89 10.44
89.1 10.2
89.2 10.44
89.3 10.44
89.4 10.2
89.5 10.44
89.6 10.56
89.7 10.2
89.8 10.56
89.9 10.2
90 10.56
90.1 10.56
90.2 10.32
90.3 10.56
90.4 10.44
90.5 3.72
90.6 0
90.7 7.56
90.8 9.96
90.9 9.96
91 10.08
91.1 12.12
91.2 9.96
91.3 9.96
91.4 10.08
91.5 10.56
91.6 10.56
91.7 10.44
91.8 10.2
91.9 10.56
92 10.56
92.1 10.32
92.2 10.68
92.3 10.56
92.4 10.44
92.5 10.68
92.6 10.32
92.7 10.56
92.8 10.68
92.9 10.32
93 10.56
93.1 10.44
93.2 10.56
93.3 10.56
93.4 10.2
93.5 10.56
93.6 10.32
93.7 10.44
93.8 10.56
93.9 10.2
94 10.44
94.1 10.44
94.2 10.2
94.3 10.44
94.4 10.2
94.5 10.44
94.6 10.32
94.7 10.2
94.8 10.32
94.9 10.2
95 10.32
95.1 10.32
95.2 10.08
95.3 10.32
95.4 10.08
95.5 10.32
95.6 10.2
95.7 10.08
95.8 10.2
95.9 10.32
96 9.96
96.1 2.16
96.2 0
96.3 9
96.4 10.08
96.5 9.96
96.6 9.96
96.7 10.68
96.8 10.08
96.9 9.96
97 9.96
97.1 10.8
97.2 10.08
97.3 10.32
97.4 10.32
97.5 10.08
97.6 10.44
97.7 10.32
97.8 10.2
97.9 10.44
98 10.08
98.1 10.44
98.2 10.32
98.3 10.2
98.4 10.32
98.5 10.2
98.6 10.32
98.7 10.32
98.8 10.08
98.9 10.44
99 9.96
99.1 10.32
99.2 10.32
99.3 10.08
99.4 10.32
99.5 10.2
99.6 10.08
99.7 10.2
99.8 10.08
99.9 10.2
100 10.2
