0.200111 10
0.401609 11
0.404013 13
0.406416 15
0.408819 17
0.411222 19
0.630785 21
0.644626 23
0.658467 25
0.672307 27
0.686148 29
0.699989 31
0.71383 33
0.804597 35
0.818438 37
0.832279 39
0.846119 41
0.85996 43
0.873801 45
0.88622 47
0.897751 49
0.907731 51
0.917045 53
0.941882 55
0.950161 57
0.95844 59
0.966719 61
1.00609 63
1.01437 65
1.02265 67
1.03093 69
1.03921 71
1.04749 73
1.05576 75
1.06404 77
1.07232 79
1.0806 81
1.08888 83
1.09716 85
1.10544 87
1.11372 89
1.122 91
1.13027 93
1.13855 95
1.14683 97
1.15482 99
1.16224 101
1.16916 103
1.17565 105
1.18214 107
1.18863 109
1.19512 111
1.20161 113
1.2081 115
1.21442 117
1.22056 119
1.2265 121
1.23094 123
1.23526 125
1.23945 127
1.24364 129
1.24783 131
1.25194 133
1.25596 135
1.25998 137
1.264 139
1.268 141
1.27196 143
1.27583 145
1.2796 147
1.28337 149
1.28714 151
1.29092 153
1.29464 155
1.29836 157
1.30199 159
1.30553 161
1.30908 163
1.31262 165
1.31617 167
1.31971 169
1.32325 171
1.32679 173
1.33032 175
1.33384 177
1.33736 179
1.34087 181
1.34438 183
1.3479 185
1.35141 187
1.35492 189
1.35844 191
1.36195 193
1.36546 195
1.36898 197
1.37249 199
1.376 201
1.37952 203
1.38303 205
1.38654 207
1.39006 209
1.39357 211
1.39708 213
1.40057 215
1.40406 217
1.40742 219
1.41077 221
1.41399 223
1.4172 225
1.42029 227
1.42339 229
1.42613 231
1.42888 233
1.4316 235
1.43427 237
1.43689 239
1.43951 241
1.44214 243
1.44467 245
1.44721 247
1.44975 249
1.4522 251
1.45465 253
1.45711 255
1.45954 257
1.46194 259
1.46434 261
1.46674 263
1.46915 265
1.47155 267
1.47395 269
1.47636 271
1.47876 273
1.48116 275
1.48357 277
1.48597 279
1.48837 281
1.49078 283
1.49318 285
1.49558 287
1.49799 289
1.50039 291
1.50279 293
1.5052 295
1.5076 297
1.51 299
1.51241 301
1.51481 303
1.51721 305
1.51962 307
1.52202 309
1.52442 311
1.52682 313
1.52923 315
1.53163 317
1.53403 319
1.53644 321
1.53884 323
1.54124 325
1.54365 327
1.54605 329
1.54845 331
1.55086 333
1.55326 335
1.55566 337
1.55807 339
1.56047 341
1.56287 343
1.56528 345
1.56768 347
1.57008 349
1.57249 351
1.57489 353
1.57729 355
1.5797 357
1.5821 359
1.5845 361
1.5869 363
1.58931 365
1.59171 367
1.59411 369
1.59652 371
1.59892 373
1.60132 375
1.60373 377
1.60613 379
1.60853 381
1.61094 383
1.61334 385
1.61574 387
1.61815 389
1.62055 391
1.62295 393
1.62536 395
1.62776 397
1.63016 399
1.63257 401
1.63497 403
1.63737 405
1.63978 407
1.64218 409
1.64458 411
1.64698 413
1.64939 415
1.65179 417
1.65419 419
1.6566 421
1.659 423
1.6614 425
1.66381 427
1.66621 429
1.66861 431
1.67102 433
1.67342 435
1.67582 437
1.67823 439
1.68063 441
1.68303 443
1.68544 445
1.68784 447
1.69024 449
1.69265 451
1.69505 453
1.69745 455
1.69986 457
1.70226 459
1.70466 461
1.70706 463
1.70947 465
1.71187 467
1.71427 469
1.71668 471
1.71908 473
1.72148 475
1.72389 477
1.72629 479
1.72869 481
1.7311 483
1.7335 485
1.7359 487
1.78156 489
2.18772 487
2.18772 485
2.18772 487
2.19013 485
2.19253 483
2.19494 481
2.19734 479
2.19974 477
2.20215 475
2.20455 473
2.20695 471
2.20936 469
2.21176 467
2.21416 465
2.21657 463
2.21897 461
2.22137 459
2.22378 457
2.22618 455
2.22858 453
2.23099 451
2.23339 449
2.23579 447
2.2382 445
2.2406 443
2.243 441
2.2454 439
2.24781 437
2.25021 435
2.25261 433
2.25502 431
2.30068 429
2.69961 430
2.70081 431
2.70201 430
2.70201 431
2.70321 430
2.70321 431
2.70442 430
2.70442 431
2.70562 430
2.70562 431
2.70682 430
2.70682 431
2.70802 430
2.70802 431
2.70922 430
2.70922 431
2.71042 430
2.71042 431
2.71163 430
2.71163 431
2.71283 430
2.71283 431
2.71403 430
2.71403 431
2.71523 430
2.71523 431
2.71643 430
2.71643 431
2.71763 430
2.71763 431
2.71884 430
2.71884 431
2.72004 430
2.72004 431
2.72124 430
2.72124 431
2.72244 430
2.72244 431
2.72364 430
2.72364 431
2.72484 430
2.72484 431
2.72604 430
2.72604 431
2.72725 430
2.72725 431
2.72845 430
2.72845 431
2.72965 430
2.72965 431
2.73085 430
2.73085 431
2.73205 430
2.73205 431
2.73325 430
2.73325 431
2.73446 430
2.73446 431
2.73566 430
2.73566 431
2.73686 430
2.73686 431
2.73806 430
2.73806 431
2.73926 430
2.73926 431
2.74046 430
2.74046 431
2.74167 430
2.74167 431
2.74287 430
2.74287 431
2.74407 430
2.74407 431
2.74527 430
2.74527 431
2.74647 430
2.74647 431
2.74767 430
2.74767 431
2.74888 430
2.74888 431
2.75008 430
2.75008 431
2.75128 430
2.75128 431
2.75248 430
2.75248 431
2.75368 430
2.75368 431
2.75488 430
2.75488 431
2.75608 430
2.75608 431
2.75729 430
2.75729 431
2.75849 430
2.75849 431
2.75969 430
2.75969 431
2.76089 430
2.76089 431
2.76209 430
2.76209 431
2.76329 430
2.76329 431
2.7645 430
2.7645 431
2.7657 430
2.7657 431
2.7669 430
2.7669 431
2.76809 430
2.76809 431
2.76929 430
2.76929 431
2.77049 430
2.77049 431
2.7717 432
2.7729 433
2.7741 432
2.7741 433
2.7753 434
2.7765 435
2.77771 436
2.77891 437
2.78011 438
2.78131 439
2.78251 440
2.78371 441
2.78492 442
2.78612 443
2.78732 444
2.78852 445
2.78972 446
2.79092 447
2.79213 448
2.79333 449
2.79453 450
2.79573 451
2.79693 452
2.79813 453
2.79933 454
2.80054 455
2.80174 456
2.80294 457
2.80414 458
2.80534 459
2.80654 460
2.80775 461
2.80895 462
2.81015 463
2.81136 464
2.81256 465
2.81376 464
2.81376 465
2.81496 464
2.81496 465
2.81616 464
2.81616 465
2.81736 466
2.81856 467
2.81976 468
2.82096 469
2.82217 470
2.82337 471
2.82457 472
2.82577 473
2.82697 474
2.82817 475
2.82937 476
2.83058 477
2.83178 478
2.83298 479
2.83418 480
2.83538 481
2.83658 482
2.83779 483
2.83899 484
2.84019 485
2.84139 486
2.84259 487
2.84379 488
3.21269 489
3.21389 489.725
3.2199 488.725
3.2199 489.725
3.2908 488.725
3.2908 489.725
3.2932 488.725
3.2932 489.725
3.2944 488.725
3.2944 489.725
3.2956 488.725
3.2956 489.725
3.2968 488.725
3.2968 489.725
3.29801 488.725
3.29801 489.725
3.29921 488.725
3.29921 489.725
3.30041 488.725
3.30041 489.725
3.30161 488.725
3.30161 489.725
3.30281 488.725
3.30281 489.725
3.30401 488.725
3.30401 489.725
3.30522 488.725
3.30522 489.725
3.30642 488.725
3.30642 489.725
3.30762 488.725
3.30762 489.725
3.30882 488.725
3.30882 489.725
3.31002 488.725
3.31002 489.725
3.31122 488.725
3.31122 489.725
3.31243 488.725
3.31243 489.725
3.31363 488.725
3.31363 489.725
3.31483 488.725
3.31483 489.725
3.31603 488.725
3.31603 489.725
3.31723 488.725
3.31723 489.725
3.31843 488.725
3.31843 489.725
3.31964 488.725
3.31964 489.725
3.32084 488.725
3.32084 489.725
3.32204 488.725
3.32204 489.725
3.32324 488.725
3.32324 489.725
3.32444 488.725
3.32444 489.725
3.32564 488.725
3.32564 489.725
3.32684 488.725
3.32684 489.725
3.32805 488.725
3.32805 489.725
3.32925 488.725
3.32925 489.725
3.33045 488.725
3.33045 489.725
3.33165 488.725
3.33165 489.725
3.33285 488.725
3.33285 489.725
3.33526 488.725
3.33526 489.725
3.33646 488.725
3.33646 489.725
3.33766 488.725
3.33766 489.725
3.33886 488.725
3.33886 489.725
3.34006 488.725
3.34006 489.725
3.34126 488.725
3.34126 489.725
3.34247 488.725
3.34247 489.725
3.34367 488.725
3.34367 489.725
3.34487 488.725
3.34487 489.725
3.34607 488.725
3.34607 489.725
3.34727 488.725
3.34727 489.725
3.34847 488.725
3.34847 489.725
3.34968 488.725
3.34968 489.725
3.35088 488.725
3.35088 489.725
3.35208 488.725
3.35208 489.725
3.35328 488.725
3.35328 489.725
3.35448 488.725
3.35448 489.725
3.35568 488.725
3.35568 489.725
3.35688 488.725
3.35688 489.725
3.35809 488.725
3.35809 489.725
3.35929 488.725
3.35929 489.725
3.36049 488.725
3.36049 489.725
3.36169 488.725
3.36169 489.725
3.36289 488.725
3.36289 489.725
3.69093 342.45
3.70201 1
3.70295 2
3.70295 4
3.70415 5
3.70535 6
3.70655 7
3.70775 8
3.70895 9
3.71016 10
3.71136 11
3.71256 12
3.71376 13
3.71496 14
3.71616 15
3.71736 16
3.71857 17
3.71977 18
3.72097 19
3.72217 20
3.72337 21
3.72457 22
3.72578 23
3.72698 24
3.72818 25
3.72938 26
3.73058 27
3.73178 28
3.73299 29
3.73419 30
3.73539 31
3.73659 32
3.73779 33
3.73899 34
3.7402 35
3.7414 36
3.7426 37
3.7438 38
3.745 39
3.7462 40
3.7474 41
3.74861 42
3.74981 43
3.75101 44
3.75221 45
3.75341 46
3.75461 47
3.75582 48
3.75702 49
3.75822 50
3.75942 51
3.76062 52
3.76182 53
3.76303 54
3.76423 55
3.76543 56
3.76663 57
3.76783 58
3.76903 59
3.77024 60
3.77144 61
3.77264 62
3.77384 63
3.77504 64
3.77624 65
3.77744 66
3.77865 67
3.77985 68
3.78105 69
3.78225 70
3.78345 71
3.78465 72
3.78586 73
3.78706 74
3.78826 75
3.78946 76
3.79066 77
3.79186 78
3.79307 79
3.79427 80
3.79547 81
3.79667 82
3.79787 83
3.79907 84
3.80028 85
3.80148 86
3.80268 87
3.80388 88
3.80508 89
3.80628 90
3.80748 91
3.80869 92
3.80989 93
3.81109 94
3.81229 95
3.81349 96
3.81469 97
3.8159 98
3.8171 99
3.8183 100
3.8195 101
3.8207 102
3.8219 103
3.82311 104
3.82431 105
3.82551 106
3.82671 107
3.82791 108
3.82911 109
3.83032 110
3.83152 111
3.83272 112
3.83392 113
3.83512 114
3.83632 115
3.83752 116
3.83873 117
3.83993 118
3.84113 119
3.84233 120
3.84353 121
3.84473 122
3.84594 123
3.84714 124
3.84834 125
3.84954 126
3.85074 127
3.85194 128
3.85315 129
3.85435 130
3.85555 131
3.85675 132
3.85795 133
3.85915 134
3.86036 135
3.86156 136
3.86276 137
3.86396 138
3.86516 139
3.86636 140
3.86756 141
3.86877 142
3.86997 143
3.87117 144
3.87237 145
3.87357 146
3.87477 147
3.87598 148
3.87718 149
3.87838 150
3.87958 151
3.88078 152
3.88198 153
3.88319 154
3.88439 155
3.88559 156
3.88679 157
3.88799 158
3.88919 159
3.8904 160
3.8916 161
3.8928 162
3.894 163
3.8952 164
3.8964 165
3.8976 166
3.89881 167
3.90001 168
3.90121 169
3.90241 170
3.90361 171
3.90481 172
3.90602 173
3.90719 174
4.0634 176
4.06581 178
4.06821 180
4.07061 182
4.07302 184
4.07542 186
4.07782 188
4.08022 190
4.08263 192
4.08503 194
4.08743 196
4.08984 198
4.09224 200
4.09464 202
4.09705 204
4.09945 206
4.10185 208
4.10426 210
4.10666 212
4.10906 214
4.11147 216
4.11387 218
4.11627 220
4.11868 222
4.12108 224
4.12348 226
4.12589 228
4.12829 230
4.13069 232
4.1331 234
4.1355 236
4.1379 238
4.1403 240
4.14271 242
4.14511 244
4.14751 246
4.14992 248
4.15232 250
4.15472 252
4.15713 254
4.15953 256
4.16193 258
4.16434 260
4.16674 262
4.16914 264
4.17155 266
4.17395 268
4.17635 270
4.17876 272
4.18116 274
4.18356 276
4.18597 278
4.18837 280
4.19077 282
4.19318 284
4.19558 286
4.19798 288
4.20038 290
4.20279 292
4.20519 294
4.20759 296
4.21 298
4.2124 300
4.2148 302
4.21721 304
4.21961 306
4.22201 308
4.22442 310
4.22682 312
4.22922 314
4.23163 316
4.23403 318
4.23643 320
4.23884 322
4.24124 324
4.24364 326
4.24605 328
4.24845 330
4.25085 332
4.25326 334
4.25566 336
4.25806 338
4.26046 340
4.26287 340.45
4.72669 337.884
4.74591 337.889
5.10399 339.889
5.30586 337.889
6.71894 339.889
6.92081 337.889
8.33389 339.889
8.53576 337.889
9.94884 339.889
10.1507 337.889
10.2012 187.013
10.2012 4
10.2036 6
10.2036 4
10.206 6
10.206 4
10.2084 6
10.2084 4
10.2108 6
10.2108 4
10.2132 6
10.2132 4
10.2156 6
10.2156 4
10.218 6
10.218 4
10.2204 6
10.2204 4
10.2228 6
10.2228 4
10.2252 6
10.2252 4
10.2276 6
10.2276 4
10.23 6
10.23 4
10.2324 6
10.2324 4
10.2348 6
10.2348 4
10.2372 6
10.2372 4
10.2396 6
10.2396 4
10.242 6
10.242 4
10.2444 6
10.2444 4
10.2468 6
10.2468 4
10.2492 6
10.2492 4
10.2516 6
10.2516 4
10.254 6
10.254 4
10.2564 6
10.2564 4
10.2589 6
10.2589 4
10.2613 6
10.2613 4
10.2637 6
10.2637 4
10.2661 6
10.2661 4
10.2685 6
10.2685 4
10.2709 6
10.2709 4
10.2733 6
10.2733 4
10.2757 6
10.2757 4
10.2781 6
10.2781 4
10.2805 6
10.2805 4
10.2829 6
10.2829 4
10.2853 6
10.2853 4
10.2877 6
10.2877 4
10.2901 6
10.2901 4
10.2925 6
10.2925 4
10.2949 6
10.2949 4
10.2973 6
10.2973 4
10.2997 6
10.2997 4
10.3021 6
10.3021 4
10.3045 6
10.3045 4
10.3069 6
10.3069 4
10.3093 6
10.3093 4
10.3117 6
10.3117 4
10.3141 6
10.3141 4
10.3165 6
10.3165 4
10.3189 6
10.3189 4
10.3213 6
10.3213 4
10.3237 6
10.3237 4
10.3261 6
10.3261 4
10.3285 6
10.3285 4
10.3309 6
10.3309 4
10.3334 6
10.3334 4
10.3358 6
10.3358 4
10.3382 6
10.3382 4
10.3406 6
10.3406 4
10.343 6
10.343 4
10.3454 6
10.3454 4
10.3478 6
10.3478 4
10.3502 6
10.3502 4
10.3526 6
10.3526 4
10.355 6
10.355 4
10.3574 6
10.3574 4
10.3598 6
10.3598 4
10.3622 6
10.3622 4
10.3646 6
10.3646 4
10.367 6
10.367 4
10.3694 6
10.3694 4
10.3718 6
10.3718 4
10.3742 6
10.3742 4
10.3766 6
10.3766 4
10.379 6
10.379 4
10.3814 6
10.3814 4
10.3838 6
10.3838 4
10.3862 6
10.3862 4
10.3886 6
10.3886 4
10.391 6
10.391 4
10.3934 6
10.3934 4
10.3958 6
10.3958 4
10.3982 6
10.3982 4
10.4006 6
10.4006 4
10.403 6
10.403 4
10.4054 6
10.4054 4
10.4079 6
10.4079 4
10.4103 6
10.4103 4
10.4127 6
10.4127 4
10.4151 6
10.4151 4
10.4175 6
10.4175 4
10.4199 6
10.4199 4
10.4223 6
10.4223 4
10.4247 6
10.4247 4
10.4271 6
10.4271 4
10.4295 6
10.4295 4
10.4319 6
10.4319 4
10.4343 6
10.4343 4
10.4367 6
10.4367 4
10.4391 6
10.4391 4
10.4415 6
10.4415 4
10.4439 6
10.4439 4
10.4463 6
10.4463 4
10.4487 6
10.4487 4
10.4511 6
10.4511 4
10.6514 489
10.6514 369.026
10.8709 366.156
10.8733 363.247
10.8757 360.493
10.8781 358.292
10.8805 356.365
10.8829 354.472
10.8853 353.023
10.8877 351.548
10.8901 350.465
10.8925 349.517
10.8949 348.479
10.8974 347.78
10.8998 346.96
10.9022 346.45
10.9046 346.004
10.907 345.406
10.9094 345.09
10.9118 344.606
10.9142 344.391
10.9166 344.202
10.919 343.829
10.9214 343.711
10.9238 343.399
10.9262 343.335
10.9286 343.278
10.931 343.021
10.9334 343.003
10.9358 342.78
10.9478 342.622
10.9598 342.541
10.9719 342.499
10.9839 342.478
10.9959 342.467
11.0079 342.461
11.0127 342.352
11.0199 342.319
11.0247 342.243
11.0367 342.187
11.0488 342.158
11.0608 342.144
11.0728 342.136
11.0752 344.136
11.0848 344.133
11.2338 344.132
11.2987 342.132
12.7286 344.132
12.9329 342.132
14.3628 344.132
14.567 342.132
15.9969 344.132
16.2012 342.132
17.6311 344.132
17.8354 342.132
19.2653 344.132
19.4696 342.132
20.8995 344.132
21.1037 342.132
21.2359 196.541
21.2359 4
21.2383 6
21.2383 4
21.2407 6
21.2407 4
21.2431 6
21.2431 4
21.2455 6
21.2455 4
21.2479 6
21.2479 4
21.2503 6
21.2503 4
21.2527 6
21.2527 4
21.2551 6
21.2551 4
21.2575 6
21.2575 4
21.26 6
21.26 4
21.2624 6
21.2624 4
21.2648 6
21.2648 4
21.2672 6
21.2672 4
21.2696 6
21.2696 4
21.272 6
21.272 4
21.2744 6
21.2744 4
21.2768 6
21.2768 4
21.2792 6
21.2792 4
21.2816 6
21.2816 4
21.284 6
21.284 4
21.2864 6
21.2864 4
21.2888 6
21.2888 4
21.2912 6
21.2912 4
21.2936 6
21.2936 4
21.296 6
21.296 4
21.2984 6
21.2984 4
21.3008 6
21.3008 4
21.3032 6
21.3032 4
21.3056 6
21.3056 4
21.308 6
21.308 4
21.3104 6
21.3104 4
21.3128 6
21.3128 4
21.3152 6
21.3152 4
21.3176 6
21.3176 4
21.32 6
21.32 4
21.3224 6
21.3224 4
21.3248 6
21.3248 4
21.3272 6
21.3272 4
21.3296 6
21.3296 4
21.332 6
21.332 4
21.3345 6
21.3345 4
21.3369 6
21.3369 4
21.3393 6
21.3393 4
21.3417 6
21.3417 4
21.3441 6
21.3441 4
21.3465 6
21.3465 4
21.3489 6
21.3489 4
21.3513 6
21.3513 4
21.3537 6
21.3537 4
21.3561 6
21.3561 4
21.3585 6
21.3585 4
21.3609 6
21.3609 4
21.3633 6
21.3633 4
21.3657 6
21.3657 4
21.3681 6
21.3681 4
21.3705 6
21.3705 4
21.3729 6
21.3729 4
21.3753 6
21.3753 4
21.3777 6
21.3777 4
21.3801 6
21.3801 4
21.3825 6
21.3825 4
21.3849 6
21.3849 4
21.3873 6
21.3873 4
21.3897 6
21.3897 4
21.3921 6
21.3921 4
21.3945 6
21.3945 4
21.3969 6
21.3969 4
21.3993 6
21.3993 4
21.4017 6
21.4017 4
21.4041 6
21.4041 4
21.4065 6
21.4065 4
21.4089 6
21.4089 4
21.4114 6
21.4114 4
21.4138 6
21.4138 4
21.4162 6
21.4162 4
21.4186 6
21.4186 4
21.421 6
21.421 4
21.4234 6
21.4234 4
21.4258 6
21.4258 4
21.4282 6
21.4282 4
21.4306 6
21.4306 4
21.433 6
21.433 4
21.4354 6
21.4354 4
21.4378 6
21.4378 4
21.4402 6
21.4402 4
21.4426 6
21.4426 4
21.445 6
21.445 4
21.4474 6
21.4474 4
21.4498 6
21.4498 4
21.4522 6
21.4522 4
21.4546 6
21.4546 4
21.457 6
21.457 4
21.4594 6
21.4594 4
21.6585 489
21.6585 388.082
21.8708 382.494
21.8732 377.544
21.8756 373.211
21.878 369.42
21.8804 366.102
21.8828 362.992
21.8852 360.478
21.8876 358.279
21.89 356.354
21.8924 354.67
21.8948 352.989
21.8973 351.725
21.8997 350.62
21.9021 349.653
21.9045 348.807
21.9069 347.858
21.9093 347.236
21.9117 346.692
21.9141 346.215
21.9165 345.799
21.9189 345.227
21.9213 344.934
21.9237 344.677
21.9261 344.453
21.9285 344.256
21.9309 343.876
21.9333 343.752
21.9357 343.436
21.9381 343.367
21.9405 343.306
21.9429 343.045
21.9453 343.025
21.9477 342.799
21.9549 342.618
21.9597 342.472
21.9669 342.4
21.9718 342.305
21.979 342.287
21.9838 342.219
21.9958 342.175
22.0078 342.152
22.1328 342.143
22.1448 342.136
22.1568 342.132
22.289 344.132
22.5125 342.132
23.9424 344.132
24.1466 342.132
25.5766 344.132
25.7808 342.132
27.2107 344.132
27.415 342.132
28.8449 344.132
29.0492 342.132
30.4791 344.132
30.6834 342.132
32.1133 344.132
32.3175 342.132
32.4569 197.667
32.4569 4
32.4593 6
32.4593 4
32.4617 6
32.4617 4
32.4641 6
32.4641 4
32.4665 6
32.4665 4
32.4689 6
32.4689 4
32.4713 6
32.4713 4
32.4737 6
32.4737 4
32.4761 6
32.4761 4
32.4785 6
32.4785 4
32.4809 6
32.4809 4
32.4833 6
32.4833 4
32.4858 6
32.4858 4
32.4882 6
32.4882 4
32.4906 6
32.4906 4
32.493 6
32.493 4
32.4954 6
32.4954 4
32.4978 6
32.4978 4
32.5002 6
32.5002 4
32.5026 6
32.5026 4
32.505 6
32.505 4
32.5074 6
32.5074 4
32.5098 6
32.5098 4
32.5122 6
32.5122 4
32.5146 6
32.5146 4
32.517 6
32.517 4
32.5194 6
32.5194 4
32.5218 6
32.5218 4
32.5242 6
32.5242 4
32.5266 6
32.5266 4
32.529 6
32.529 4
32.5314 6
32.5314 4
32.5338 6
32.5338 4
32.5362 6
32.5362 4
32.5386 6
32.5386 4
32.541 6
32.541 4
32.5434 6
32.5434 4
32.5458 6
32.5458 4
32.5482 6
32.5482 4
32.5506 6
32.5506 4
32.553 6
32.553 4
32.5554 6
32.5554 4
32.5578 6
32.5578 4
32.5602 6
32.5602 4
32.5627 6
32.5627 4
32.5651 6
32.5651 4
32.5675 6
32.5675 4
32.5699 6
32.5699 4
32.5723 6
32.5723 4
32.5747 6
32.5747 4
32.5771 6
32.5771 4
32.5795 6
32.5795 4
32.5819 6
32.5819 4
32.5843 6
32.5843 4
32.5867 6
32.5867 4
32.5891 6
32.5891 4
32.5915 6
32.5915 4
32.5939 6
32.5939 4
32.5963 6
32.5963 4
32.5987 6
32.5987 4
32.6011 6
32.6011 4
32.6035 6
32.6035 4
32.6059 6
32.6059 4
32.6083 6
32.6083 4
32.6107 6
32.6107 4
32.6131 6
32.6131 4
32.6155 6
32.6155 4
32.6179 6
32.6179 4
32.6203 6
32.6203 4
32.6227 6
32.6227 4
32.6251 6
32.6251 4
32.6275 6
32.6275 4
32.6299 6
32.6299 4
32.6323 6
32.6323 4
32.6347 6
32.6347 4
32.6372 6
32.6372 4
32.6396 6
32.6396 4
32.642 6
32.642 4
32.6444 6
32.6444 4
32.6468 6
32.6468 4
32.6492 6
32.6492 4
32.6516 6
32.6516 4
32.654 6
32.654 4
32.6564 6
32.6564 4
32.6588 6
32.6588 4
32.6612 6
32.6612 4
32.6636 6
32.6636 4
32.666 6
32.666 4
32.6684 6
32.6684 4
32.6708 6
32.6708 4
32.6732 6
32.6732 4
32.6756 6
32.6756 4
32.678 6
32.678 4
32.8771 489
32.8771 389.341
33.087 386.842
33.0894 381.347
33.0918 376.331
33.0942 372.15
33.0966 368.491
33.099 365.29
33.1014 362.489
33.1038 359.83
33.1062 357.712
33.1086 355.858
33.111 354.236
33.1134 352.817
33.1158 351.367
33.1182 350.307
33.1206 349.378
33.123 348.566
33.1255 347.856
33.1279 347.026
33.1303 346.508
33.1327 346.055
33.1351 345.658
33.1375 345.311
33.1399 344.8
33.1423 344.56
33.1447 344.35
33.1471 344.167
33.1495 344.006
33.1519 343.658
33.1543 343.561
33.1567 343.476
33.1591 343.402
33.1615 343.337
33.1639 343.072
33.1663 343.048
33.1687 342.82
33.1759 342.633
33.1807 342.483
33.1879 342.407
33.1927 342.31
33.2 342.291
33.2048 342.222
33.2168 342.176
33.2288 342.153
33.3658 342.144
33.3778 342.136
33.3898 342.132
33.9161 344.132
34.1396 342.132
35.5695 344.132
35.7738 342.132
37.2037 344.132
37.408 342.132
38.8379 344.132
39.0421 342.132
40.472 344.132
40.6763 342.132
42.1062 344.132
42.3105 342.132
43.7404 344.132
43.9447 342.132
43.9879 181.976
43.9879 4
43.9903 6
43.9903 4
43.9927 6
43.9927 4
43.9951 6
43.9951 4
43.9975 6
43.9975 4
43.9999 6
43.9999 4
44.0023 6
44.0023 4
44.0047 6
44.0047 4
44.0071 6
44.0071 4
44.0095 6
44.0095 4
44.0119 6
44.0119 4
44.0144 6
44.0144 4
44.0168 6
44.0168 4
44.0192 6
44.0192 4
44.0216 6
44.0216 4
44.024 6
44.024 4
44.0264 6
44.0264 4
44.0288 6
44.0288 4
44.0312 6
44.0312 4
44.0336 6
44.0336 4
44.036 6
44.036 4
44.0384 6
44.0384 4
44.0408 6
44.0408 4
44.0432 6
44.0432 4
44.0456 6
44.0456 4
44.048 6
44.048 4
44.0504 6
44.0504 4
44.0528 6
44.0528 4
44.0552 6
44.0552 4
44.0576 6
44.0576 4
44.06 6
44.06 4
44.0624 6
44.0624 4
44.0648 6
44.0648 4
44.0672 6
44.0672 4
44.0696 6
44.0696 4
44.072 6
44.072 4
44.0744 6
44.0744 4
44.0768 6
44.0768 4
44.0792 6
44.0792 4
44.0816 6
44.0816 4
44.084 6
44.084 4
44.0864 6
44.0864 4
44.0889 6
44.0889 4
44.0913 6
44.0913 4
44.0937 6
44.0937 4
44.0961 6
44.0961 4
44.0985 6
44.0985 4
44.1009 6
44.1009 4
44.1033 6
44.1033 4
44.1057 6
44.1057 4
44.1081 6
44.1081 4
44.1105 6
44.1105 4
44.1129 6
44.1129 4
44.1153 6
44.1153 4
44.1177 6
44.1177 4
44.1201 6
44.1201 4
44.1225 6
44.1225 4
44.1249 6
44.1249 4
44.1273 6
44.1273 4
44.1297 6
44.1297 4
44.1321 6
44.1321 4
44.1345 6
44.1345 4
44.1369 6
44.1369 4
44.1393 6
44.1393 4
44.1417 6
44.1417 4
44.1441 6
44.1441 4
44.1465 6
44.1465 4
44.1489 6
44.1489 4
44.1513 6
44.1513 4
44.1537 6
44.1537 4
44.1561 6
44.1561 4
44.1585 6
44.1585 4
44.1609 6
44.1609 4
44.1634 6
44.1634 4
44.1658 6
44.1658 4
44.1682 6
44.1682 4
44.1706 6
44.1706 4
44.173 6
44.173 4
44.1754 6
44.1754 4
44.1778 6
44.1778 4
44.1802 6
44.1802 4
44.1826 6
44.1826 4
44.185 6
44.185 4
44.1874 6
44.1874 4
44.1898 6
44.1898 4
44.1922 6
44.1922 4
44.1946 6
44.1946 4
44.197 6
44.197 4
44.1994 6
44.1994 4
44.2018 6
44.2018 4
44.2042 6
44.2042 4
44.2066 6
44.2066 4
44.209 6
44.209 4
44.2114 6
44.2114 4
44.2138 6
44.2138 4
44.2162 6
44.2162 4
44.2186 6
44.2186 4
44.221 6
44.221 4
44.2234 6
44.2234 4
44.2258 6
44.2258 4
44.2282 6
44.2282 4
44.2306 6
44.2306 4
44.233 6
44.233 4
44.4321 489
44.4321 358.952
44.6685 357.242
44.6709 355.238
44.6733 353.694
44.6757 352.343
44.6781 351.16
44.6805 350.125
44.6829 349.012
44.6853 348.246
44.6877 347.367
44.6901 346.807
44.6925 346.316
44.6949 345.679
44.6973 345.329
44.6997 344.816
44.7021 344.574
44.7045 344.363
44.7069 343.97
44.7093 343.834
44.7117 343.506
44.7141 343.429
44.7165 343.36
44.7189 343.093
44.7213 343.066
44.7237 342.835
44.731 342.643
44.7358 342.491
44.743 342.412
44.7478 342.314
44.755 342.294
44.7598 342.224
44.8511 344.224
44.8607 344.185
44.8727 344.157
44.8848 344.143
44.8968 344.136
44.9088 344.132
45.0746 342.132
46.5045 344.132
46.7088 342.132
48.1387 344.132
48.343 342.132
49.7729 344.132
49.9771 342.132
51.407 344.132
51.6113 342.132
53.0412 344.132
53.2455 342.132
54.6754 344.132
54.8797 342.132
54.9109 180.374
54.9109 4
54.9133 6
54.9133 4
54.9157 6
54.9157 4
54.9181 6
54.9181 4
54.9205 6
54.9205 4
54.9229 6
54.9229 4
54.9253 6
54.9253 4
54.9277 6
54.9277 4
54.9301 6
54.9301 4
54.9325 6
54.9325 4
54.9349 6
54.9349 4
54.9373 6
54.9373 4
54.9398 6
54.9398 4
54.9422 6
54.9422 4
54.9446 6
54.9446 4
54.947 6
54.947 4
54.9494 6
54.9494 4
54.9518 6
54.9518 4
54.9542 6
54.9542 4
54.9566 6
54.9566 4
54.959 6
54.959 4
54.9614 6
54.9614 4
54.9638 6
54.9638 4
54.9662 6
54.9662 4
54.9686 6
54.9686 4
54.971 6
54.971 4
54.9734 6
54.9734 4
54.9758 6
54.9758 4
54.9782 6
54.9782 4
54.9806 6
54.9806 4
54.983 6
54.983 4
54.9854 6
54.9854 4
54.9878 6
54.9878 4
54.9902 6
54.9902 4
54.9926 6
54.9926 4
54.995 6
54.995 4
54.9974 6
54.9974 4
54.9998 6
54.9998 4
55.0022 6
55.0022 4
55.0046 6
55.0046 4
55.007 6
55.007 4
55.0094 6
55.0094 4
55.0118 6
55.0118 4
55.0143 6
55.0143 4
55.0167 6
55.0167 4
55.0191 6
55.0191 4
55.0215 6
55.0215 4
55.0239 6
55.0239 4
55.0263 6
55.0263 4
55.0287 6
55.0287 4
55.0311 6
55.0311 4
55.0335 6
55.0335 4
55.0359 6
55.0359 4
55.0383 6
55.0383 4
55.0407 6
55.0407 4
55.0431 6
55.0431 4
55.0455 6
55.0455 4
55.0479 6
55.0479 4
55.0503 6
55.0503 4
55.0527 6
55.0527 4
55.0551 6
55.0551 4
55.0575 6
55.0575 4
55.0599 6
55.0599 4
55.0623 6
55.0623 4
55.0647 6
55.0647 4
55.0671 6
55.0671 4
55.0695 6
55.0695 4
55.0719 6
55.0719 4
55.0743 6
55.0743 4
55.0767 6
55.0767 4
55.0791 6
55.0791 4
55.0815 6
55.0815 4
55.0839 6
55.0839 4
55.0863 6
55.0863 4
55.0887 6
55.0887 4
55.0912 6
55.0912 4
55.0936 6
55.0936 4
55.096 6
55.096 4
55.0984 6
55.0984 4
55.1008 6
55.1008 4
55.1032 6
55.1032 4
55.1056 6
55.1056 4
55.108 6
55.108 4
55.1104 6
55.1104 4
55.1128 6
55.1128 4
55.1152 6
55.1152 4
55.1176 6
55.1176 4
55.12 6
55.12 4
55.1224 6
55.1224 4
55.1248 6
55.1248 4
55.1272 6
55.1272 4
55.1296 6
55.1296 4
55.132 6
55.132 4
55.1344 6
55.1344 4
55.1368 6
55.1368 4
55.1392 6
55.1392 4
55.1416 6
55.1416 4
55.144 6
55.144 4
55.1464 6
55.1464 4
55.1488 6
55.1488 4
55.1512 6
55.1512 4
55.1536 6
55.1536 4
55.156 6
55.156 4
55.1584 6
55.1584 4
55.1608 6
55.1608 4
55.3611 489
55.3611 355.749
55.5927 354.206
55.5951 352.791
55.5975 351.552
55.5999 350.26
55.6023 349.338
55.6047 348.531
55.6071 347.825
55.6095 347.207
55.6119 346.459
55.6143 346.012
55.6167 345.412
55.6191 345.096
55.6215 344.82
55.6239 344.369
55.6263 344.184
55.6287 343.813
55.6311 343.697
55.6335 343.595
55.6359 343.298
55.6383 343.246
55.6407 342.992
55.6431 342.979
55.6455 342.967
55.6479 342.748
55.6528 342.571
55.66 342.466
55.6648 342.356
55.672 342.321
55.6768 342.245
55.6888 342.188
55.7777 344.188
55.7897 344.185
55.8017 344.157
55.8138 344.143
55.8258 344.136
55.8378 344.132
56.0012 342.132
57.4311 344.132
57.6354 342.132
59.0653 344.132
59.2696 342.132
60.6995 344.132
60.9037 342.132
62.3336 344.132
62.5379 342.132
63.9678 344.132
64.1721 342.132
65.602 344.132
65.8063 342.132
65.8399 180.58
65.8399 4
65.8423 6
65.8423 4
65.8447 6
65.8447 4
65.8471 6
65.8471 4
65.8495 6
65.8495 4
65.8519 6
65.8519 4
65.8543 6
65.8543 4
65.8567 6
65.8567 4
65.8591 6
65.8591 4
65.8615 6
65.8615 4
65.8639 6
65.8639 4
65.8664 6
65.8664 4
65.8688 6
65.8688 4
65.8712 6
65.8712 4
65.8736 6
65.8736 4
65.876 6
65.876 4
65.8784 6
65.8784 4
65.8808 6
65.8808 4
65.8832 6
65.8832 4
65.8856 6
65.8856 4
65.888 6
65.888 4
65.8904 6
65.8904 4
65.8928 6
65.8928 4
65.8952 6
65.8952 4
65.8976 6
65.8976 4
65.9 6
65.9 4
65.9024 6
65.9024 4
65.9048 6
65.9048 4
65.9072 6
65.9072 4
65.9096 6
65.9096 4
65.912 6
65.912 4
65.9144 6
65.9144 4
65.9168 6
65.9168 4
65.9192 6
65.9192 4
65.9216 6
65.9216 4
65.924 6
65.924 4
65.9264 6
65.9264 4
65.9288 6
65.9288 4
65.9312 6
65.9312 4
65.9336 6
65.9336 4
65.936 6
65.936 4
65.9384 6
65.9384 4
65.9409 6
65.9409 4
65.9433 6
65.9433 4
65.9457 6
65.9457 4
65.9481 6
65.9481 4
65.9505 6
65.9505 4
65.9529 6
65.9529 4
65.9553 6
65.9553 4
65.9577 6
65.9577 4
65.9601 6
65.9601 4
65.9625 6
65.9625 4
65.9649 6
65.9649 4
65.9673 6
65.9673 4
65.9697 6
65.9697 4
65.9721 6
65.9721 4
65.9745 6
65.9745 4
65.9769 6
65.9769 4
65.9793 6
65.9793 4
65.9817 6
65.9817 4
65.9841 6
65.9841 4
65.9865 6
65.9865 4
65.9889 6
65.9889 4
65.9913 6
65.9913 4
65.9937 6
65.9937 4
65.9961 6
65.9961 4
65.9985 6
65.9985 4
66.0009 6
66.0009 4
66.0033 6
66.0033 4
66.0057 6
66.0057 4
66.0081 6
66.0081 4
66.0105 6
66.0105 4
66.0129 6
66.0129 4
66.0153 6
66.0153 4
66.0178 6
66.0178 4
66.0202 6
66.0202 4
66.0226 6
66.0226 4
66.025 6
66.025 4
66.0274 6
66.0274 4
66.0298 6
66.0298 4
66.0322 6
66.0322 4
66.0346 6
66.0346 4
66.037 6
66.037 4
66.0394 6
66.0394 4
66.0418 6
66.0418 4
66.0442 6
66.0442 4
66.0466 6
66.0466 4
66.049 6
66.049 4
66.0514 6
66.0514 4
66.0538 6
66.0538 4
66.0562 6
66.0562 4
66.0586 6
66.0586 4
66.061 6
66.061 4
66.0634 6
66.0634 4
66.0658 6
66.0658 4
66.0682 6
66.0682 4
66.0706 6
66.0706 4
66.073 6
66.073 4
66.0754 6
66.0754 4
66.0778 6
66.0778 4
66.0802 6
66.0802 4
66.0826 6
66.0826 4
66.085 6
66.085 4
66.0874 6
66.0874 4
66.2865 489
66.2865 356.16
66.5253 355.608
66.5277 354.018
66.5301 352.626
66.5325 351.408
66.5349 350.134
66.5373 349.228
66.5397 348.227
66.5421 347.559
66.5445 346.974
66.5469 346.255
66.5493 345.833
66.5517 345.256
66.5541 344.959
66.5565 344.7
66.5589 344.265
66.5613 344.092
66.5637 343.733
66.5661 343.626
66.5685 343.533
66.5709 343.244
66.5733 343.199
66.5757 342.951
66.5781 342.943
66.5806 342.935
66.583 342.72
66.5878 342.55
66.595 342.452
66.5998 342.345
66.607 342.314
66.6118 342.24
66.7007 342.239
66.7127 342.185
66.7247 342.157
66.7368 342.143
66.7488 342.136
66.7608 342.132
67.1117 344.132
67.3352 342.132
68.7651 344.132
68.9693 342.132
70.3992 344.132
70.6035 342.132
72.0334 344.132
72.2377 342.132
73.6676 344.132
73.8719 342.132
75.3018 344.132
75.506 342.132
76.9359 344.132
77.1402 342.132
77.2219 188.206
77.2219 4
77.2243 6
77.2243 4
77.2267 6
77.2267 4
77.2291 6
77.2291 4
77.2315 6
77.2315 4
77.2339 6
77.2339 4
77.2363 6
77.2363 4
77.2387 6
77.2387 4
77.2411 6
77.2411 4
77.2436 6
77.2436 4
77.246 6
77.246 4
77.2484 6
77.2484 4
77.2508 6
77.2508 4
77.2532 6
77.2532 4
77.2556 6
77.2556 4
77.258 6
77.258 4
77.2604 6
77.2604 4
77.2628 6
77.2628 4
77.2652 6
77.2652 4
77.2676 6
77.2676 4
77.27 6
77.27 4
77.2724 6
77.2724 4
77.2748 6
77.2748 4
77.2772 6
77.2772 4
77.2796 6
77.2796 4
77.282 6
77.282 4
77.2844 6
77.2844 4
77.2868 6
77.2868 4
77.2892 6
77.2892 4
77.2916 6
77.2916 4
77.294 6
77.294 4
77.2964 6
77.2964 4
77.2988 6
77.2988 4
77.3012 6
77.3012 4
77.3036 6
77.3036 4
77.306 6
77.306 4
77.3084 6
77.3084 4
77.3108 6
77.3108 4
77.3132 6
77.3132 4
77.3156 6
77.3156 4
77.3181 6
77.3181 4
77.3205 6
77.3205 4
77.3229 6
77.3229 4
77.3253 6
77.3253 4
77.3277 6
77.3277 4
77.3301 6
77.3301 4
77.3325 6
77.3325 4
77.3349 6
77.3349 4
77.3373 6
77.3373 4
77.3397 6
77.3397 4
77.3421 6
77.3421 4
77.3445 6
77.3445 4
77.3469 6
77.3469 4
77.3493 6
77.3493 4
77.3517 6
77.3517 4
77.3541 6
77.3541 4
77.3565 6
77.3565 4
77.3589 6
77.3589 4
77.3613 6
77.3613 4
77.3637 6
77.3637 4
77.3661 6
77.3661 4
77.3685 6
77.3685 4
77.3709 6
77.3709 4
77.3733 6
77.3733 4
77.3757 6
77.3757 4
77.3781 6
77.3781 4
77.3805 6
77.3805 4
77.3829 6
77.3829 4
77.3853 6
77.3853 4
77.3877 6
77.3877 4
77.3901 6
77.3901 4
77.3925 6
77.3925 4
77.395 6
77.395 4
77.3974 6
77.3974 4
77.3998 6
77.3998 4
77.4022 6
77.4022 4
77.4046 6
77.4046 4
77.407 6
77.407 4
77.4094 6
77.4094 4
77.4118 6
77.4118 4
77.4142 6
77.4142 4
77.4166 6
77.4166 4
77.419 6
77.419 4
77.4214 6
77.4214 4
77.4238 6
77.4238 4
77.4262 6
77.4262 4
77.4286 6
77.4286 4
77.431 6
77.431 4
77.4334 6
77.4334 4
77.4358 6
77.4358 4
77.4382 6
77.4382 4
77.4406 6
77.4406 4
77.443 6
77.443 4
77.4454 6
77.4454 4
77.4478 6
77.4478 4
77.4502 6
77.4502 4
77.4526 6
77.4526 4
77.455 6
77.455 4
77.4574 6
77.4574 4
77.6565 489
77.6565 371.412
77.8809 367.834
77.8833 364.715
77.8857 361.986
77.8881 359.598
77.8905 357.509
77.8929 355.472
77.8953 353.898
77.8977 352.521
77.9001 351.317
77.9025 350.262
77.9049 349.132
77.9073 348.351
77.9097 347.667
77.9121 347.069
77.9145 346.546
77.9169 345.88
77.9193 345.505
77.9217 344.969
77.9241 344.709
77.9265 344.48
77.9289 344.073
77.9313 343.923
77.9337 343.586
77.9361 343.497
77.9385 343.421
77.9409 343.145
77.9433 343.113
77.9457 342.876
77.9529 342.67
77.9578 342.512
77.965 342.426
77.9698 342.325
77.977 342.301
77.9818 342.229
77.9938 342.18
78.1068 342.157
78.1188 342.143
78.1308 342.136
78.1428 342.132
78.4913 344.132
78.7148 342.132
80.1447 344.132
80.3489 342.132
81.7788 344.132
81.9831 342.132
83.413 344.132
83.6173 342.132
85.0472 344.132
85.2515 342.132
86.6814 344.132
86.8856 342.132
88.3155 344.132
88.5198 342.132
88.5919 186.614
88.5919 4
88.5943 6
88.5943 4
88.5967 6
88.5967 4
88.5991 6
88.5991 4
88.6015 6
88.6015 4
88.6039 6
88.6039 4
88.6063 6
88.6063 4
88.6087 6
88.6087 4
88.6111 6
88.6111 4
88.6135 6
88.6135 4
88.6159 6
88.6159 4
88.6183 6
88.6183 4
88.6208 6
88.6208 4
88.6232 6
88.6232 4
88.6256 6
88.6256 4
88.628 6
88.628 4
88.6304 6
88.6304 4
88.6328 6
88.6328 4
88.6352 6
88.6352 4
88.6376 6
88.6376 4
88.64 6
88.64 4
88.6424 6
88.6424 4
88.6448 6
88.6448 4
88.6472 6
88.6472 4
88.6496 6
88.6496 4
88.652 6
88.652 4
88.6544 6
88.6544 4
88.6568 6
88.6568 4
88.6592 6
88.6592 4
88.6616 6
88.6616 4
88.664 6
88.664 4
88.6664 6
88.6664 4
88.6688 6
88.6688 4
88.6712 6
88.6712 4
88.6736 6
88.6736 4
88.676 6
88.676 4
88.6784 6
88.6784 4
88.6808 6
88.6808 4
88.6832 6
88.6832 4
88.6856 6
88.6856 4
88.688 6
88.688 4
88.6904 6
88.6904 4
88.6928 6
88.6928 4
88.6953 6
88.6953 4
88.6977 6
88.6977 4
88.7001 6
88.7001 4
88.7025 6
88.7025 4
88.7049 6
88.7049 4
88.7073 6
88.7073 4
88.7097 6
88.7097 4
88.7121 6
88.7121 4
88.7145 6
88.7145 4
88.7169 6
88.7169 4
88.7193 6
88.7193 4
88.7217 6
88.7217 4
88.7241 6
88.7241 4
88.7265 6
88.7265 4
88.7289 6
88.7289 4
88.7313 6
88.7313 4
88.7337 6
88.7337 4
88.7361 6
88.7361 4
88.7385 6
88.7385 4
88.7409 6
88.7409 4
88.7433 6
88.7433 4
88.7457 6
88.7457 4
88.7481 6
88.7481 4
88.7505 6
88.7505 4
88.7529 6
88.7529 4
88.7553 6
88.7553 4
88.7577 6
88.7577 4
88.7601 6
88.7601 4
88.7625 6
88.7625 4
88.7649 6
88.7649 4
88.7673 6
88.7673 4
88.7698 6
88.7698 4
88.7722 6
88.7722 4
88.7746 6
88.7746 4
88.777 6
88.777 4
88.7794 6
88.7794 4
88.7818 6
88.7818 4
88.7842 6
88.7842 4
88.7866 6
88.7866 4
88.789 6
88.789 4
88.7914 6
88.7914 4
88.7938 6
88.7938 4
88.7962 6
88.7962 4
88.7986 6
88.7986 4
88.801 6
88.801 4
88.8034 6
88.8034 4
88.8058 6
88.8058 4
88.8082 6
88.8082 4
88.8106 6
88.8106 4
88.813 6
88.813 4
88.8154 6
88.8154 4
88.8178 6
88.8178 4
88.8202 6
88.8202 4
88.8226 6
88.8226 4
88.825 6
88.825 4
88.8274 6
88.8274 4
88.8298 6
88.8298 4
89.0289 489
89.0289 368.229
89.2556 365.463
89.2581 362.641
89.2605 360.171
89.2629 357.802
89.2653 355.936
89.2677 354.305
89.2701 352.877
89.2725 351.628
89.2749 350.327
89.2773 349.396
89.2797 348.582
89.2821 347.869
89.2845 347.246
89.2869 346.492
89.2893 346.041
89.2917 345.439
89.2941 345.119
89.2965 344.839
89.2989 344.387
89.3013 344.199
89.3037 343.826
89.3061 343.708
89.3085 343.605
89.3109 343.307
89.3133 343.253
89.3157 342.999
89.3181 342.985
89.3205 342.972
89.3229 342.753
89.3277 342.575
89.335 342.468
89.3398 342.357
89.347 342.323
89.3518 342.246
89.3638 342.189
89.4767 342.185
89.4888 342.157
89.5008 342.144
89.5128 342.136
89.6738 342.132
89.8613 344.132
90.0848 342.132
91.5147 344.132
91.7189 342.132
93.1488 344.132
93.3531 342.132
94.783 344.132
94.9873 342.132
96.4172 344.132
96.6215 342.132
98.0514 344.132
98.2556 342.132
99.6855 344.132
99.8898 342.132
99.9739 188.522
99.9739 4
99.9763 6
99.9763 4
99.9787 6
99.9787 4
99.9811 6
99.9811 4
99.9835 6
99.9835 4
99.9859 6
99.9859 4
99.9883 6
99.9883 4
99.9907 6
99.9907 4
99.9931 6
99.9931 4
99.9955 6
99.9955 4
99.998 6
99.998 4
