0 0
0.1 0
0.2 0
0.3 0
0.4 0
0.5 0
0.6 0
0.7 0
0.8 0
0.9 0
1 0
1.1 0
1.2 0
1.3 0
1.4 36
1.5 89
1.6 173
1.7 254
1.8 257
1.9 258
2 256
2.1 257
2.2 256
2.3 257
2.4 206
2.5 122
2.6 100
2.7 100
2.8 101
2.9 100
3 256
3.1 257
3.2 257
3.3 257
3.4 257
3.5 256
3.6 258
3.7 197
3.8 113
3.9 39
4 39
4.1 40
4.2 40
4.3 39
4.4 39
4.5 39
4.6 40
4.7 0
4.8 0
4.9 0
5 0
5.1 0
5.2 0
5.3 0
5.4 0
5.5 0
5.6 0
5.7 0
5.8 0
5.9 0
6 0
6.1 0
6.2 0
6.3 0
6.4 0
6.5 0
6.6 0
6.7 0
6.8 0
6.9 0
7 0
7.1 0
7.2 0
7.3 0
7.4 0
7.5 0
7.6 4
7.7 6
7.8 11
7.9 14
8 19
8.1 23
8.2 27
8.3 32
8.4 36
8.5 40
8.6 44
8.7 47
8.8 53
8.9 58
9 60
9.1 65
9.2 68
9.3 73
9.4 79
9.5 81
9.6 86
9.7 89
9.8 94
9.9 98
10 101
10.1 107
10.2 111
10.3 115
10.4 119
10.5 122
10.6 127
10.7 133
10.8 135
10.9 140
11 143
11.1 148
11.2 153
11.3 156
11.4 161
11.5 164
11.6 169
11.7 173
11.8 176
11.9 182
12 186
12.1 190
12.2 194
12.3 197
12.4 202
12.5 207
12.6 210
12.7 215
12.8 218
12.9 223
13 228
13.1 230
13.2 236
13.3 239
13.4 244
13.5 248
13.6 251
13.7 256
13.8 257
13.9 257
14 257
14.1 256
14.2 257
14.3 258
14.4 226
14.5 143
14.6 100
14.7 101
14.8 101
14.9 100
15 118
15.1 118
15.2 119
15.3 118
15.4 118
15.5 128
15.6 131
15.7 134
15.8 138
15.9 141
16 146
16.1 151
16.2 154
16.3 159
16.4 163
16.5 168
16.6 174
16.7 176
16.8 182
16.9 185
17 190
17.1 194
17.2 197
17.3 202
17.4 206
17.5 209
17.6 213
17.7 215
17.8 220
17.9 224
18 225
18.1 229
18.2 231
18.3 235
18.4 239
18.5 239
18.6 243
18.7 244
18.8 248
18.9 250
19 251
19.1 254
19.2 256
19.3 257
19.4 257
19.5 256
19.6 257
19.7 258
19.8 256
19.9 257
20 178
20.1 101
20.2 101
20.3 100
20.4 100
20.5 100
20.6 108
20.7 107
20.8 107
20.9 107
21 113
21.1 115
21.2 117
21.3 118
21.4 121
21.5 124
21.6 125
21.7 129
21.8 130
21.9 134
22 138
22.1 138
22.2 142
22.3 143
22.4 147
22.5 149
22.6 150
22.7 153
22.8 156
22.9 158
23 160
23.1 160
23.2 163
23.3 166
23.4 166
23.5 168
23.6 169
23.7 171
23.8 173
23.9 173
24 175
24.1 175
24.2 177
24.3 178
24.4 178
24.5 180
24.6 180
24.7 180
24.8 182
24.9 182
25 183
25.1 185
25.2 183
25.3 185
25.4 184
25.5 185
25.6 186
25.7 185
25.8 186
25.9 185
26 186
26.1 187
26.2 186
26.3 187
26.4 187
26.5 186
26.6 187
26.7 186
26.8 187
26.9 188
27 186
27.1 187
27.2 186
27.3 187
27.4 187
27.5 186
27.6 187
27.7 186
27.8 187
27.9 187
28 187
28.1 188
28.2 188
28.3 187
28.4 189
28.5 188
28.6 190
28.7 191
28.8 190
28.9 191
29 191
29.1 192
29.2 193
29.3 192
29.4 194
29.5 193
29.6 195
29.7 195
29.8 195
29.9 197
30 198
30.1 198
30.2 200
30.3 200
30.4 202
30.5 205
30.6 204
30.7 206
30.8 207
30.9 210
31 211
31.1 212
31.2 215
31.3 216
31.4 219
31.5 221
31.6 223
31.7 226
31.8 230
31.9 230
32 234
32.1 236
32.2 240
32.3 244
32.4 245
32.5 249
32.6 252
32.7 256
32.8 257
32.9 256
33 257
33.1 256
33.2 257
33.3 257
33.4 234
33.5 151
33.6 100
33.7 99
33.8 99
33.9 99
34 99
34.1 118
34.2 117
34.3 117
34.4 117
34.5 128
34.6 129
34.7 133
34.8 135
34.9 140
35 146
35.1 148
35.2 153
35.3 157
35.4 163
35.5 167
35.6 171
35.7 176
35.8 179
35.9 185
36 189
36.1 192
36.2 197
36.3 202
36.4 204
36.5 208
36.6 211
36.7 215
36.8 220
36.9 221
37 225
37.1 227
37.2 231
37.3 234
37.4 236
37.5 239
37.6 241
37.7 244
37.8 247
37.9 248
38 251
38.1 254
38.2 254
38.3 257
38.4 256
38.5 257
38.6 258
38.7 256
38.8 257
38.9 256
39 227
39.1 143
39.2 100
39.3 100
39.4 100
39.5 101
39.6 106
39.7 106
39.8 106
39.9 107
40 112
40.1 114
40.2 115
40.3 118
40.4 121
40.5 122
40.6 125
40.7 127
40.8 130
40.9 133
41 135
41.1 138
41.2 141
41.3 143
41.4 146
41.5 147
41.6 150
41.7 153
41.8 154
41.9 157
42 158
42.1 161
42.2 163
42.3 163
42.4 166
42.5 166
42.6 169
42.7 170
42.8 170
42.9 173
43 174
43.1 175
43.2 176
43.3 176
43.4 178
43.5 180
43.6 178
43.7 180
43.8 180
43.9 182
44 183
44.1 182
44.2 183
44.3 183
44.4 184
44.5 184
44.6 184
44.7 185
44.8 185
44.9 185
45 185
45.1 185
45.2 186
45.3 187
45.4 185
45.5 186
45.6 185
45.7 186
45.8 187
45.9 185
46 186
46.1 185
46.2 186
46.3 186
46.4 185
46.5 186
46.6 186
46.7 186
46.8 186
46.9 185
47 187
47.1 188
47.2 186
47.3 187
47.4 187
47.5 188
47.6 190
47.7 188
47.8 190
47.9 189
48 191
48.1 191
48.2 191
48.3 192
48.4 193
48.5 193
48.6 194
48.7 193
48.8 196
48.9 197
49 196
49.1 198
49.2 198
49.3 200
49.4 202
49.5 202
49.6 204
49.7 204
49.8 207
49.9 209
50 209
50.1 212
50.2 214
50.3 216
50.4 218
50.5 219
50.6 223
50.7 226
50.8 227
50.9 230
51 232
51.1 236
51.2 240
51.3 241
51.4 245
51.5 247
51.6 252
51.7 255
51.8 256
51.9 257
52 257
52.1 257
52.2 257
52.3 256
52.4 256
52.5 174
52.6 99
52.7 99
52.8 99
52.9 100
53 100
53.1 117
53.2 117
53.3 117
53.4 118
53.5 126
53.6 129
53.7 131
53.8 136
53.9 141
54 143
54.1 148
54.2 151
54.3 157
54.4 162
54.5 165
54.6 171
54.7 175
54.8 179
54.9 184
55 187
55.1 192
55.2 197
55.3 199
55.4 204
55.5 206
55.6 211
55.7 216
55.8 217
55.9 221
56 223
56.1 228
56.2 230
56.3 232
56.4 236
56.5 239
56.6 241
56.7 244
56.8 245
56.9 248
57 252
57.1 252
57.2 255
57.3 256
57.4 257
57.5 258
57.6 256
57.7 257
57.8 256
57.9 257
58 245
58.1 162
58.2 100
58.3 101
58.4 101
58.5 100
58.6 100
58.7 106
58.8 107
58.9 106
59 112
59.1 113
59.2 115
59.3 118
59.4 119
59.5 122
59.6 124
59.7 127
59.8 130
59.9 132
60 135
60.1 138
60.2 140
60.3 143
60.4 144
60.5 148
60.6 151
60.7 151
60.8 154
60.9 155
61 158
61.1 161
61.2 161
61.3 164
61.4 164
61.5 167
61.6 168
61.7 169
61.8 171
61.9 172
62 174
62.1 175
62.2 175
62.3 177
62.4 179
62.5 178
62.6 179
62.7 179
62.8 181
62.9 182
63 181
63.1 183
63.2 182
63.3 184
63.4 184
63.5 183
63.6 185
63.7 185
63.8 185
63.9 185
64 184
64.1 186
64.2 187
64.3 185
64.4 186
64.5 185
64.6 186
64.7 187
64.8 185
64.9 186
65 185
65.1 186
65.2 186
65.3 185
65.4 186
65.5 186
65.6 186
65.7 186
65.8 185
65.9 186
66 188
66.1 186
66.2 187
66.3 186
66.4 188
66.5 189
66.6 188
66.7 189
66.8 189
66.9 190
67 191
67.1 190
67.2 191
67.3 192
67.4 193
67.5 193
67.6 193
67.7 194
67.8 196
67.9 195
68 197
68.1 197
68.2 199
68.3 201
68.4 200
68.5 202
68.6 203
68.7 205
68.8 207
68.9 207
69 210
69.1 212
69.2 214
69.3 216
69.4 217
69.5 220
69.6 223
69.7 224
69.8 227
69.9 229
70 232
70.1 236
70.2 237
70.3 241
70.4 243
70.5 248
70.6 251
70.7 253
70.8 257
70.9 257
71 257
71.1 257
71.2 256
71.3 257
71.4 258
71.5 192
71.6 109
71.7 99
71.8 100
71.9 100
72 99
72.1 117
72.2 117
72.3 118
72.4 117
72.5 126
72.6 128
72.7 131
72.8 136
72.9 138
73 143
73.1 146
73.2 151
73.3 156
73.4 159
73.5 165
73.6 170
73.7 174
73.8 178
73.9 182
74 187
74.1 192
74.2 194
74.3 199
74.4 202
74.5 207
74.6 211
74.7 213
74.8 217
74.9 219
75 224
75.1 227
75.2 229
75.3 233
75.4 235
75.5 238
75.6 241
75.7 242
75.8 246
75.9 249
76 249
76.1 252
76.2 253
76.3 256
76.4 258
76.5 256
76.6 257
76.7 256
76.8 257
76.9 257
77 256
77.1 181
77.2 101
77.3 101
77.4 100
77.5 100
77.6 100
77.7 107
77.8 106
77.9 106
78 106
78.1 113
78.2 116
78.3 116
78.4 119
78.5 121
78.6 124
78.7 127
78.8 128
78.9 132
79 135
79.1 137
79.2 140
79.3 141
79.4 145
79.5 148
79.6 148
79.7 152
79.8 153
79.9 156
80 159
80.1 159
80.2 161
80.3 162
80.4 165
80.5 166
80.6 167
80.7 169
80.8 171
80.9 172
81 173
81.1 173
81.2 176
81.3 178
81.4 176
81.5 178
81.6 178
81.7 180
81.8 182
81.9 180
82 182
82.1 182
82.2 183
82.3 184
82.4 183
82.5 184
82.6 185
82.7 185
82.8 185
82.9 184
83 185
83.1 187
83.2 185
83.3 186
83.4 185
83.5 186
83.6 187
83.7 185
83.8 186
83.9 185
84 186
84.1 186
84.2 185
84.3 186
84.4 186
84.5 186
84.6 186
84.7 185
84.8 186
84.9 187
85 186
85.1 187
85.2 186
85.3 187
85.4 189
85.5 187
85.6 189
85.7 188
85.8 190
85.9 190
86 190
86.1 191
86.2 191
86.3 192
86.4 193
86.5 192
86.6 194
86.7 195
86.8 194
86.9 196
87 196
87.1 198
87.2 200
87.3 199
87.4 201
87.5 201
87.6 203
87.7 205
87.8 205
87.9 208
88 210
88.1 211
88.2 213
88.3 214
88.4 217
88.5 220
88.6 221
88.7 224
88.8 225
88.9 229
89 233
89.1 233
89.2 237
89.3 239
89.4 244
89.5 247
89.6 249
89.7 254
89.8 257
89.9 257
90 257
90.1 256
90.2 257
90.3 258
90.4 256
90.5 211
90.6 128
90.7 100
90.8 100
90.9 99
91 99
91.1 117
91.2 118
91.3 117
91.4 117
91.5 117
91.6 128
91.7 132
91.8 133
91.9 138
92 141
92.1 146
92.2 150
92.3 154
92.4 159
92.5 164
92.6 169
92.7 173
92.8 176
92.9 182
93 187
93.1 189
93.2 194
93.3 197
93.4 202
93.5 207
93.6 208
93.7 213
93.8 215
93.9 220
94 223
94.1 225
94.2 229
94.3 232
94.4 235
94.5 238
94.6 239
94.7 243
94.8 246
94.9 246
95 250
95.1 251
95.2 254
95.3 257
95.4 256
95.5 257
95.6 256
95.7 257
95.8 257
95.9 256
96 257
96.1 200
96.2 117
96.3 100
96.4 100
96.5 100
96.6 101
96.7 106
96.8 106
96.9 106
97 107
97.1 114
97.2 114
97.3 116
97.4 118
97.5 121
97.6 124
97.7 125
97.8 129
97.9 131
98 134
98.1 137
98.2 138
98.3 142
98.4 145
98.5 145
98.6 149
98.7 150
98.8 153
98.9 156
99 156
99.1 159
99.2 160
99.3 163
99.4 165
99.5 165
99.6 168
99.7 169
99.8 169
99.9 172
100 172
