0 0
0.1 0
0.2 0
0.3 0
0.4 0
0.5 0
0.6 0
0.7 0
0.8 0
0.9 0
1 0
1.1 0
1.2 0
1.3 0
1.4 33
1.5 109
1.6 192
1.7 257
1.8 258
1.9 258
2 257
2.1 258
2.2 257
2.3 258
2.4 257
2.5 256
2.6 256
2.7 256
2.8 258
2.9 257
3 257
3.1 257
3.2 258
3.3 216
3.4 161
3.5 107
3.6 53
3.7 0
3.8 2
3.9 2
4 3
4.1 3
4.2 4
4.3 3
4.4 4
4.5 5
4.6 6
4.7 6
4.8 6
4.9 7
5 7
5.1 7
5.2 24
5.3 45
5.4 31
5.5 11
5.6 6
5.7 6
5.8 7
5.9 7
6 7
6.1 6
6.2 6
6.3 7
6.4 7
6.5 6
6.6 6
6.7 7
6.8 21
6.9 42
7 34
7.1 13
7.2 7
7.3 7
7.4 6
7.5 6
7.6 7
7.7 7
7.8 7
7.9 6
8 6
8.1 7
8.2 7
8.3 6
8.4 18
8.5 39
8.6 38
8.7 17
8.8 6
8.9 6
9 7
9.1 7
9.2 6
9.3 6
9.4 7
9.5 7
9.6 7
9.7 6
9.8 6
9.9 7
10 15
10.1 35
10.2 40
10.3 0
10.4 0
10.5 0
10.6 0
10.7 0
10.8 0
10.9 0
11 0
11.1 0
11.2 20
11.3 41
11.4 25
11.5 4
11.6 1
11.7 1
11.8 1
11.9 1
12 2
12.1 2
12.2 1
12.3 1
12.4 2
12.5 1
12.6 1
12.7 1
12.8 14
12.9 35
13 32
13.1 11
13.2 1
13.3 2
13.4 1
13.5 1
13.6 1
13.7 1
13.8 2
13.9 1
14 1
14.1 1
14.2 2
14.3 1
14.4 7
14.5 28
14.6 39
14.7 19
14.8 1
14.9 1
15 1
15.1 1
15.2 1
15.3 1
15.4 1
15.5 1
15.6 2
15.7 1
15.8 1
15.9 1
16 1
16.1 20
16.2 41
16.3 25
16.4 5
16.5 1
16.6 1
16.7 1
16.8 1
16.9 1
17 1
17.1 1
17.2 1
17.3 1
17.4 1
17.5 1
17.6 1
17.7 13
17.8 34
17.9 32
18 11
18.1 1
18.2 1
18.3 1
18.4 1
18.5 1
18.6 1
18.7 1
18.8 1
18.9 1
19 1
19.1 1
19.2 1
19.3 6
19.4 27
19.5 40
19.6 19
19.7 1
19.8 1
19.9 1
20 1
20.1 2
20.2 1
20.3 1
20.4 1
20.5 2
20.6 1
20.7 1
20.8 1
20.9 1
21 20
21.1 41
21.2 26
21.3 0
21.4 0
21.5 0
21.6 0
21.7 0
21.8 0
21.9 0
22 0
22.1 0
22.2 0
22.3 0
22.4 18
22.5 39
22.6 27
22.7 7
22.8 1
22.9 2
23 2
23.1 1
23.2 1
23.3 1
23.4 2
23.5 1
23.6 1
23.7 1
23.8 2
23.9 1
24 11
24.1 32
24.2 35
24.3 15
24.4 1
24.5 1
24.6 1
24.7 1
24.8 1
24.9 1
25 1
25.1 1
25.2 2
25.3 1
25.4 1
25.5 1
25.6 4
25.7 24
25.8 42
25.9 21
26 1
26.1 2
26.2 1
26.3 1
26.4 1
26.5 1
26.6 1
26.7 1
26.8 1
26.9 1
27 2
27.1 1
27.2 1
27.3 18
27.4 39
27.5 28
27.6 7
27.7 1
27.8 1
27.9 1
28 1
28.1 1
28.2 1
28.3 1
28.4 1
28.5 1
28.6 1
28.7 1
28.8 1
28.9 10
29 31
29.1 35
29.2 15
29.3 1
29.4 1
29.5 1
29.6 1
29.7 1
29.8 1
29.9 1
30 1
30.1 1
30.2 1
30.3 1
30.4 1
30.5 3
30.6 24
30.7 42
30.8 21
30.9 1
31 2
31.1 1
31.2 1
31.3 1
31.4 1
31.5 2
31.6 1
31.7 1
31.8 1
31.9 2
32 1
32.1 1
32.2 17
32.3 38
32.4 29
32.5 0
32.6 0
32.7 0
32.8 0
32.9 0
33 0
33.1 0
33.2 0
33.3 0
33.4 0
33.5 0
33.6 0
33.7 0
33.8 0
33.9 0
34 12
34.1 33
34.2 33
34.3 13
34.4 2
34.5 1
34.6 1
34.7 1
34.8 2
34.9 1
35 1
35.1 1
35.2 2
35.3 2
35.4 1
35.5 1
35.6 6
35.7 27
35.8 40
35.9 20
36 1
36.1 1
36.2 2
36.3 1
36.4 1
36.5 1
36.6 2
36.7 1
36.8 1
36.9 1
37 1
37.1 2
37.2 1
37.3 19
37.4 40
37.5 27
37.6 6
37.7 1
37.8 1
37.9 1
38 2
38.1 1
38.2 1
38.3 1
38.4 2
38.5 1
38.6 1
38.7 1
38.8 1
38.9 12
39 32
39.1 34
39.2 13
39.3 1
39.4 1
39.5 1
39.6 1
39.7 1
39.8 2
39.9 1
40 1
40.1 1
40.2 1
40.3 1
40.4 1
40.5 5
40.6 26
40.7 41
40.8 20
40.9 1
41 1
41.1 1
41.2 1
41.3 1
41.4 1
41.5 1
41.6 1
41.7 1
41.8 1
41.9 1
42 1
42.1 1
42.2 18
42.3 39
42.4 28
42.5 7
42.6 1
42.7 1
42.8 1
42.9 2
43 1
43.1 1
43.2 1
43.3 2
43.4 2
43.5 1
43.6 1
43.7 1
43.8 12
43.9 32
44 33
44.1 0
44.2 0
44.3 0
44.4 0
44.5 0
44.6 0
44.7 0
44.8 0
44.9 5
45 25
45.1 40
45.2 20
45.3 2
45.4 1
45.5 1
45.6 1
45.7 1
45.8 2
45.9 1
46 1
46.1 1
46.2 2
46.3 1
46.4 1
46.5 1
46.6 19
46.7 40
46.8 27
46.9 6
47 1
47.1 2
47.2 1
47.3 1
47.4 1
47.5 1
47.6 2
47.7 1
47.8 1
47.9 1
48 2
48.1 1
48.2 12
48.3 33
48.4 34
48.5 14
48.6 1
48.7 1
48.8 1
48.9 1
49 1
49.1 1
49.2 1
49.3 1
49.4 2
49.5 1
49.6 1
49.7 1
49.8 5
49.9 25
50 41
50.1 20
50.2 1
50.3 2
50.4 1
50.5 1
50.6 1
50.7 1
50.8 1
50.9 1
51 1
51.1 1
51.2 2
51.3 1
51.4 1
51.5 18
51.6 39
51.7 27
51.8 6
51.9 1
52 1
52.1 1
52.2 1
52.3 1
52.4 1
52.5 1
52.6 1
52.7 1
52.8 1
52.9 1
53 1
53.1 11
53.2 32
53.3 35
53.4 14
53.5 1
53.6 1
53.7 1
53.8 2
53.9 2
54 1
54.1 1
54.2 1
54.3 2
54.4 1
54.5 1
54.6 1
54.7 5
54.8 26
54.9 42
55 0
55.1 0
55.2 0
55.3 0
55.4 0
55.5 0
55.6 0
55.7 0
55.8 1
55.9 20
56 41
56.1 25
56.2 5
56.3 2
56.4 1
56.5 1
56.6 1
56.7 2
56.8 1
56.9 1
57 1
57.1 1
57.2 2
57.3 1
57.4 1
57.5 14
57.6 35
57.7 32
57.8 12
57.9 1
58 1
58.1 2
58.2 1
58.3 1
58.4 1
58.5 2
58.6 1
58.7 1
58.8 1
58.9 1
59 2
59.1 6
59.2 27
59.3 40
59.4 19
59.5 1
59.6 1
59.7 1
59.8 1
59.9 2
60 1
60.1 1
60.2 1
60.3 1
60.4 1
60.5 1
60.6 1
60.7 1
60.8 20
60.9 40
61 26
61.1 5
61.2 1
61.3 1
61.4 1
61.5 1
61.6 1
61.7 1
61.8 1
61.9 1
62 1
62.1 1
62.2 1
62.3 1
62.4 13
62.5 34
62.6 33
62.7 12
62.8 1
62.9 1
63 1
63.1 1
63.2 1
63.3 1
63.4 1
63.5 1
63.6 1
63.7 1
63.8 1
63.9 1
64 5
64.1 26
64.2 40
64.3 19
64.4 2
64.5 1
64.6 1
64.7 1
64.8 2
64.9 1
65 1
65.1 1
65.2 1
65.3 2
65.4 1
65.5 1
65.6 1
65.7 20
65.8 40
65.9 0
66 0
66.1 0
66.2 0
66.3 0
66.4 0
66.5 0
66.6 0
66.7 0
66.8 0
66.9 0
67 0
67.1 0
67.2 13
67.3 34
67.4 32
67.5 12
67.6 1
67.7 2
67.8 1
67.9 1
68 1
68.1 2
68.2 1
68.3 1
68.4 1
68.5 1
68.6 2
68.7 1
68.8 6
68.9 27
69 40
69.1 18
69.2 1
69.3 1
69.4 1
69.5 2
69.6 1
69.7 1
69.8 1
69.9 1
70 1
70.1 1
70.2 1
70.3 1
70.4 2
70.5 20
70.6 41
70.7 26
70.8 5
70.9 1
71 1
71.1 1
71.2 1
71.3 2
71.4 1
71.5 1
71.6 1
71.7 1
71.8 1
71.9 1
72 1
72.1 13
72.2 34
72.3 33
72.4 12
72.5 1
72.6 1
72.7 1
72.8 1
72.9 1
73 1
73.1 1
73.2 1
73.3 1
73.4 1
73.5 1
73.6 1
73.7 5
73.8 26
73.9 40
74 20
74.1 1
74.2 1
74.3 1
74.4 1
74.5 1
74.6 1
74.7 1
74.8 1
74.9 1
75 1
75.1 1
75.2 1
75.3 1
75.4 19
75.5 40
75.6 26
75.7 6
75.8 2
75.9 1
76 1
76.1 1
76.2 2
76.3 1
76.4 1
76.5 1
76.6 1
76.7 2
76.8 1
76.9 1
77 13
77.1 34
77.2 33
77.3 0
77.4 0
77.5 0
77.6 0
77.7 0
77.8 0
77.9 0
78 0
78.1 0
78.2 0
78.3 0
78.4 0
78.5 0
78.6 18
78.7 39
78.8 28
78.9 7
79 1
79.1 2
79.2 1
79.3 1
79.4 1
79.5 2
79.6 2
79.7 1
79.8 1
79.9 1
80 2
80.1 1
80.2 10
80.3 32
80.4 36
80.5 15
80.6 1
80.7 1
80.8 1
80.9 2
81 1
81.1 1
81.2 1
81.3 1
81.4 2
81.5 1
81.6 1
81.7 1
81.8 4
81.9 24
82 42
82.1 22
82.2 1
82.3 2
82.4 1
82.5 1
82.6 1
82.7 2
82.8 1
82.9 1
83 1
83.1 1
83.2 2
83.3 1
83.4 1
83.5 17
83.6 38
83.7 28
83.8 8
83.9 1
84 1
84.1 2
84.2 1
84.3 1
84.4 1
84.5 1
84.6 1
84.7 1
84.8 1
84.9 1
85 2
85.1 10
85.2 31
85.3 36
85.4 15
85.5 1
85.6 1
85.7 1
85.8 1
85.9 1
86 1
86.1 1
86.2 1
86.3 1
86.4 1
86.5 1
86.6 1
86.7 3
86.8 24
86.9 43
87 22
87.1 1
87.2 2
87.3 1
87.4 1
87.5 1
87.6 2
87.7 2
87.8 1
87.9 1
88 1
88.1 2
88.2 1
88.3 1
88.4 17
88.5 38
88.6 30
88.7 0
88.8 0
88.9 0
89 0
89.1 0
89.2 0
89.3 0
89.4 0
89.5 0
89.6 0
89.7 0
89.8 0
89.9 3
90 24
90.1 43
90.2 22
90.3 1
90.4 1
90.5 2
90.6 1
90.7 1
90.8 1
90.9 2
91 2
91.1 1
91.2 1
91.3 1
91.4 2
91.5 1
91.6 17
91.7 38
91.8 29
91.9 9
92 1
92.1 1
92.2 1
92.3 2
92.4 1
92.5 1
92.6 1
92.7 1
92.8 2
92.9 1
93 1
93.1 1
93.2 10
93.3 30
93.4 36
93.5 15
93.6 1
93.7 2
93.8 1
93.9 1
94 1
94.1 1
94.2 1
94.3 1
94.4 1
94.5 1
94.6 2
94.7 1
94.8 2
94.9 24
95 44
95.1 22
95.2 2
95.3 1
95.4 1
95.5 2
95.6 1
95.7 1
95.8 1
95.9 1
96 1
96.1 1
96.2 1
96.3 1
96.4 2
96.5 16
96.6 37
96.7 30
96.8 9
96.9 1
97 1
97.1 1
97.2 1
97.3 1
97.4 1
97.5 1
97.6 1
97.7 1
97.8 1
97.9 1
98 1
98.1 9
98.2 30
98.3 36
98.4 16
98.5 1
98.6 2
98.7 1
98.8 1
98.9 1
99 2
99.1 2
99.2 1
99.3 1
99.4 1
99.5 2
99.6 1
99.7 2
99.8 23
99.9 44
100 14
