0.1 0.00448
0.2 0
0.3 1.20416
0.4 0
0.5 1.8
0.6 0.36
0.7 1.8
0.8 2.04
0.9 2.88
1 3.12
1.1 5.52
1.2 6.84
1.3 9.6
1.4 14.52
1.5 19.44
1.6 20.04
1.7 19.92
1.8 14.04
1.9 10.08
2 9.84
2.1 10.08
2.2 10.08
2.3 9.96
2.4 9.96
2.5 9.96
2.6 10.08
2.7 9.96
2.8 13.08
2.9 14.16
3 9.96
3.1 10.08
3.2 9.96
3.3 4.32
3.4 3.48
3.5 3.48
3.6 3.48
3.7 4.2
3.8 10.32
3.9 9.96
4 10.08
4.1 9.96
4.2 10.08
4.3 10.08
4.4 10.08
4.5 10.08
4.6 10.08
4.7 9.96
4.8 10.08
4.9 9.96
5 9.96
5.1 9.96
5.2 12.36
5.3 12.48
5.4 7.92
5.5 7.44
5.6 9.84
5.7 9.96
5.8 9.96
5.9 9.96
6 9.96
6.1 10.08
6.2 9.96
6.3 9.96
6.4 9.96
6.5 10.08
6.6 9.96
6.7 9.96
6.8 12
6.9 12.48
7 8.52
7.1 7.56
7.2 9.36
7.3 9.96
7.4 10.08
7.5 9.96
7.6 9.96
7.7 9.96
7.8 9.96
7.9 10.08
8 9.96
8.1 9.96
8.2 9.96
8.3 10.08
8.4 11.52
8.5 12.48
8.6 9.36
8.7 7.44
8.8 9.12
8.9 9.96
9 9.96
9.1 9.96
9.2 10.08
9.3 9.96
9.4 9.96
9.5 9.96
9.6 9.96
9.7 10.08
9.8 9.96
9.9 9.96
10 11.28
10.1 12.48
10.2 10.08
10.3 0
10.4 0
10.5 0.48
10.6 0
10.7 4.92
10.8 9.96
10.9 9.96
11 10.08
11.1 10.56
11.2 12.48
11.3 12.48
11.4 7.44
11.5 7.56
11.6 9.84
11.7 9.96
11.8 10.08
11.9 9.96
12 9.96
12.1 9.96
12.2 10.08
12.3 9.96
12.4 9.96
12.5 9.96
12.6 9.96
12.7 10.08
12.8 11.76
12.9 12.48
13 9.12
13.1 7.44
13.2 9.12
13.3 9.96
13.4 9.96
13.5 9.96
13.6 10.08
13.7 9.96
13.8 9.96
13.9 9.96
14 9.96
14.1 10.08
14.2 9.96
14.3 9.96
14.4 10.92
14.5 12.48
14.6 10.92
14.7 7.44
14.8 8.16
14.9 9.96
15 10.08
15.1 9.96
15.2 9.96
15.3 9.96
15.4 10.08
15.5 9.96
15.6 9.96
15.7 9.96
15.8 9.96
15.9 10.08
16 9.96
16.1 12.48
16.2 12.6
16.3 7.56
16.4 7.44
16.5 9.84
16.6 9.96
16.7 9.96
16.8 10.08
16.9 9.96
17 9.96
17.1 9.96
17.2 9.96
17.3 10.08
17.4 9.96
17.5 9.96
17.6 9.96
17.7 11.76
17.8 12.48
17.9 9.24
18 7.56
18.1 8.88
18.2 10.08
18.3 9.96
18.4 9.96
18.5 9.96
18.6 10.08
18.7 9.96
18.8 9.96
18.9 9.96
19 9.96
19.1 10.08
19.2 9.96
19.3 10.8
19.4 12.48
19.5 11.04
19.6 7.44
19.7 8.16
19.8 9.96
19.9 10.08
20 9.96
20.1 9.96
20.2 9.96
20.3 10.08
20.4 9.96
20.5 9.96
20.6 9.96
20.7 9.96
20.8 10.08
20.9 9.96
21 12.48
21.1 12.48
21.2 7.68
21.3 2.76
21.4 0
21.5 0.36
21.6 0
21.7 4.2
21.8 9.96
21.9 9.96
22 10.08
22.1 9.96
22.2 9.96
22.3 10.32
22.4 12.48
22.5 12.48
22.6 8.16
22.7 7.44
22.8 9.6
22.9 9.96
23 9.96
23.1 9.96
23.2 10.08
23.3 9.96
23.4 9.96
23.5 9.96
23.6 10.08
23.7 9.96
23.8 9.96
23.9 9.96
24 11.4
24.1 12.48
24.2 9.84
24.3 7.56
24.4 8.64
24.5 9.96
24.6 10.08
24.7 9.96
24.8 9.96
24.9 9.96
25 10.08
25.1 9.96
25.2 9.96
25.3 9.96
25.4 9.96
25.5 10.08
25.6 10.56
25.7 12.48
25.8 11.52
25.9 7.56
26 7.8
26.1 9.96
26.2 9.96
26.3 9.96
26.4 10.08
26.5 9.96
26.6 9.96
26.7 9.96
26.8 10.08
26.9 9.96
27 9.96
27.1 9.96
27.2 9.96
27.3 12.24
27.4 12.48
27.5 8.28
27.6 7.56
27.7 9.36
27.8 10.08
27.9 9.96
28 9.96
28.1 9.96
28.2 10.08
28.3 9.96
28.4 9.96
28.5 9.96
28.6 9.96
28.7 10.08
28.8 9.96
28.9 11.4
29 12.48
29.1 9.96
29.2 7.44
29.3 8.64
29.4 9.96
29.5 9.96
29.6 10.08
29.7 9.96
29.8 9.96
29.9 9.96
30 9.96
30.1 10.08
30.2 9.96
30.3 9.96
30.4 9.96
30.5 10.56
30.6 12.48
30.7 11.64
30.8 7.56
30.9 7.8
31 9.96
31.1 9.96
31.2 9.96
31.3 10.08
31.4 9.96
31.5 9.96
31.6 9.96
31.7 10.08
31.8 9.96
31.9 9.96
32 9.96
32.1 9.96
32.2 12.24
32.3 12.48
32.4 8.4
32.5 4.2
32.6 0
32.7 0.36
32.8 0
32.9 2.4
33 9.96
33.1 9.96
33.2 9.96
33.3 9.96
33.4 10.08
33.5 9.96
33.6 9.96
33.7 9.96
33.8 10.08
33.9 9.96
34 12
34.1 12.48
34.2 9.6
34.3 7.44
34.4 8.88
34.5 9.96
34.6 10.08
34.7 9.96
34.8 9.96
34.9 9.96
35 9.96
35.1 10.08
35.2 9.96
35.3 9.96
35.4 9.96
35.5 10.08
35.6 10.68
35.7 12.48
35.8 11.28
35.9 7.44
36 8.04
36.1 9.96
36.2 9.96
36.3 9.96
36.4 10.08
36.5 9.96
36.6 9.96
36.7 9.96
36.8 9.96
36.9 10.08
37 9.96
37.1 9.96
37.2 9.96
37.3 12.48
37.4 12.48
37.5 7.92
37.6 7.44
37.7 9.6
37.8 10.08
37.9 9.96
38 9.96
38.1 9.96
38.2 9.96
38.3 10.08
38.4 9.96
38.5 9.96
38.6 9.96
38.7 10.08
38.8 9.96
38.9 11.52
39 12.48
39.1 9.6
39.2 7.56
39.3 8.76
39.4 9.96
39.5 9.96
39.6 10.08
39.7 9.96
39.8 9.96
39.9 9.96
40 9.96
40.1 10.08
40.2 9.96
40.3 9.96
40.4 9.96
40.5 10.68
40.6 12.48
40.7 11.4
40.8 7.44
40.9 7.92
41 10.08
41.1 9.96
41.2 9.96
41.3 9.96
41.4 9.96
41.5 10.08
41.6 9.96
41.7 9.96
41.8 9.96
41.9 10.08
42 9.96
42.1 9.96
42.2 12.36
42.3 12.48
42.4 8.04
42.5 7.44
42.6 9.6
42.7 10.08
42.8 9.96
42.9 9.96
43 9.96
43.1 10.08
43.2 9.96
43.3 9.96
43.4 9.96
43.5 9.96
43.6 10.08
43.7 9.96
43.8 11.4
43.9 12.48
44 8.88
44.1 0
44.2 0
44.3 0.36
44.4 0
44.5 6.84
44.6 9.96
44.7 9.96
44.8 10.08
44.9 11.16
45 12.48
45.1 11.28
45.2 7.44
45.3 8.04
45.4 9.96
45.5 9.96
45.6 10.08
45.7 9.96
45.8 9.96
45.9 9.96
46 10.08
46.1 9.96
46.2 9.96
46.3 9.96
46.4 9.96
46.5 10.08
46.6 12.36
46.7 12.48
46.8 7.92
46.9 7.56
47 9.6
47.1 9.96
47.2 9.96
47.3 9.96
47.4 10.08
47.5 9.96
47.6 9.96
47.7 9.96
47.8 10.08
47.9 9.96
48 9.96
48.1 9.96
48.2 11.52
48.3 12.48
48.4 9.72
48.5 7.44
48.6 8.76
48.7 9.96
48.8 10.08
48.9 9.96
49 9.96
49.1 9.96
49.2 10.08
49.3 9.96
49.4 9.96
49.5 9.96
49.6 9.96
49.7 10.08
49.8 10.56
49.9 12.6
50 11.28
50.1 7.56
50.2 7.92
50.3 9.96
50.4 9.96
50.5 9.96
50.6 10.08
50.7 9.96
50.8 9.96
50.9 9.96
51 10.08
51.1 9.96
51.2 9.96
51.3 9.96
51.4 9.96
51.5 12.36
51.6 12.48
51.7 8.04
51.8 7.56
51.9 9.48
52 10.08
52.1 9.96
52.2 9.96
52.3 9.96
52.4 10.08
52.5 9.96
52.6 9.96
52.7 9.96
52.8 9.96
52.9 10.08
53 9.96
53.1 11.4
53.2 12.48
53.3 9.84
53.4 7.44
53.5 8.76
53.6 9.96
53.7 10.08
53.8 9.96
53.9 9.96
54 9.96
54.1 10.08
54.2 9.96
54.3 9.96
54.4 9.96
54.5 9.96
54.6 10.08
54.7 10.56
54.8 12.48
54.9 11.52
55 0.84
55.1 0
55.2 0.48
55.3 0
55.4 3.96
55.5 9.96
55.6 9.96
55.7 10.08
55.8 10.44
55.9 12.48
56 12.48
56.1 7.68
56.2 7.44
56.3 9.84
56.4 9.96
56.5 10.08
56.6 9.96
56.7 9.96
56.8 9.96
56.9 9.96
57 10.08
57.1 9.96
57.2 9.96
57.3 9.96
57.4 10.08
57.5 11.64
57.6 12.48
57.7 9.24
57.8 7.56
57.9 9
58 9.96
58.1 9.96
58.2 9.96
58.3 9.96
58.4 10.08
58.5 9.96
58.6 9.96
58.7 9.96
58.8 10.08
58.9 9.96
59 9.96
59.1 10.8
59.2 12.48
59.3 11.04
59.4 7.56
59.5 8.04
59.6 9.96
59.7 10.08
59.8 9.96
59.9 9.96
60 9.96
60.1 9.96
60.2 10.08
60.3 9.96
60.4 9.96
60.5 9.96
60.6 10.08
60.7 9.96
60.8 12.48
60.9 12.48
61 7.68
61.1 7.56
61.2 9.72
61.3 9.96
61.4 9.96
61.5 9.96
61.6 10.08
61.7 9.96
61.8 9.96
61.9 9.96
62 10.08
62.1 9.96
62.2 9.96
62.3 9.96
62.4 11.64
62.5 12.48
62.6 9.48
62.7 7.44
62.8 8.88
62.9 10.08
63 9.96
63.1 9.96
63.2 9.96
63.3 9.96
63.4 10.08
63.5 9.96
63.6 9.96
63.7 9.96
63.8 10.08
63.9 9.96
64 10.8
64.1 12.48
64.2 11.04
64.3 7.56
64.4 8.04
64.5 9.96
64.6 10.08
64.7 9.96
64.8 9.96
64.9 9.96
65 9.96
65.1 10.08
65.2 9.96
65.3 9.96
65.4 9.96
65.5 10.08
65.6 9.96
65.7 12.36
65.8 12.48
65.9 3.36
66 0
66.1 0.36
66.2 0
66.3 1.44
66.4 9.96
66.5 9.96
66.6 9.96
66.7 10.08
66.8 9.96
66.9 9.96
67 9.96
67.1 9.96
67.2 12.24
67.3 12.48
67.4 9.24
67.5 7.56
67.6 9
67.7 9.96
67.8 9.96
67.9 10.08
68 9.96
68.1 9.96
68.2 9.96
68.3 9.96
68.4 10.08
68.5 9.96
68.6 9.96
68.7 9.96
68.8 10.92
68.9 12.48
69 10.92
69.1 7.56
69.2 8.04
69.3 10.08
69.4 9.96
69.5 9.96
69.6 9.96
69.7 9.96
69.8 10.08
69.9 9.96
70 9.96
70.1 9.96
70.2 10.08
70.3 9.96
70.4 9.96
70.5 12.48
70.6 12.48
70.7 7.68
70.8 7.56
70.9 9.72
71 9.96
71.1 10.08
71.2 9.96
71.3 9.96
71.4 9.96
71.5 9.96
71.6 10.08
71.7 9.96
71.8 9.96
71.9 9.96
72 10.08
72.1 11.64
72.2 12.48
72.3 9.36
72.4 7.44
72.5 9
72.6 9.96
72.7 9.96
72.8 9.96
72.9 9.96
73 10.08
73.1 9.96
73.2 9.96
73.3 9.96
73.4 10.08
73.5 9.96
73.6 9.96
73.7 10.8
73.8 12.48
73.9 11.16
74 7.44
74.1 8.04
74.2 9.96
74.3 9.96
74.4 10.08
74.5 9.96
74.6 9.96
74.7 9.96
74.8 10.08
74.9 9.96
75 9.96
75.1 9.96
75.2 9.96
75.3 10.08
75.4 12.36
75.5 12.48
75.6 7.92
75.7 7.44
75.8 9.72
75.9 9.96
76 10.08
76.1 9.96
76.2 9.96
76.3 9.96
76.4 9.96
76.5 10.08
76.6 9.96
76.7 9.96
76.8 9.96
76.9 10.08
77 11.52
77.1 12.48
77.2 9.48
77.3 1.68
77.4 0
77.5 0.36
77.6 0
77.7 4.44
77.8 9.96
77.9 9.96
78 9.96
78.1 10.08
78.2 9.96
78.3 9.96
78.4 9.96
78.5 10.2
78.6 12.48
78.7 12.48
78.8 8.28
78.9 7.56
79 9.48
79.1 9.96
79.2 9.96
79.3 10.08
79.4 9.96
79.5 9.96
79.6 9.96
79.7 9.96
79.8 10.08
79.9 9.96
80 9.96
80.1 9.96
80.2 11.4
80.3 12.48
80.4 9.96
80.5 7.44
80.6 8.64
80.7 10.08
80.8 9.96
80.9 9.96
81 9.96
81.1 9.96
81.2 10.08
81.3 9.96
81.4 9.96
81.5 9.96
81.6 10.08
81.7 9.96
81.8 10.44
81.9 12.48
82 11.76
82.1 7.44
82.2 7.8
82.3 9.96
82.4 9.96
82.5 9.96
82.6 10.08
82.7 9.96
82.8 9.96
82.9 9.96
83 10.08
83.1 9.96
83.2 9.96
83.3 9.96
83.4 9.96
83.5 12.24
83.6 12.48
83.7 8.4
83.8 7.44
83.9 9.48
84 9.96
84.1 9.96
84.2 9.96
84.3 9.96
84.4 10.08
84.5 9.96
84.6 9.96
84.7 9.96
84.8 10.08
84.9 9.96
85 9.96
85.1 11.28
85.2 12.48
85.3 10.08
85.4 7.56
85.5 8.52
85.6 9.96
85.7 9.96
85.8 10.08
85.9 9.96
86 9.96
86.1 9.96
86.2 10.08
86.3 9.96
86.4 9.96
86.5 9.96
86.6 9.96
86.7 10.44
86.8 12.6
86.9 11.76
87 7.44
87.1 7.8
87.2 9.96
87.3 9.96
87.4 10.08
87.5 9.96
87.6 9.96
87.7 9.96
87.8 9.96
87.9 10.08
88 9.96
88.1 9.96
88.2 9.96
88.3 10.08
88.4 12
88.5 12.48
88.6 7.92
88.7 0
88.8 0
88.9 0.36
89 0
89.1 7.2
89.2 9.96
89.3 9.96
89.4 9.96
89.5 10.08
89.6 9.96
89.7 9.96
89.8 9.96
89.9 10.92
90 12.48
90.1 11.76
90.2 7.56
90.3 7.8
90.4 9.96
90.5 9.96
90.6 9.96
90.7 9.96
90.8 10.08
90.9 9.96
91 9.96
91.1 9.96
91.2 10.08
91.3 9.96
91.4 9.96
91.5 9.96
91.6 12.12
91.7 12.48
91.8 8.52
91.9 7.44
92 9.36
92.1 10.08
92.2 9.96
92.3 9.96
92.4 9.96
92.5 9.96
92.6 10.08
92.7 9.96
92.8 9.96
92.9 9.96
93 10.08
93.1 9.96
93.2 11.28
93.3 12.48
93.4 10.08
93.5 7.56
93.6 8.52
93.7 9.96
93.8 9.96
93.9 9.96
94 10.08
94.1 9.96
94.2 9.96
94.3 9.96
94.4 10.08
94.5 9.96
94.6 9.96
94.7 9.96
94.8 10.44
94.9 12.48
95 11.88
95.1 7.44
95.2 7.68
95.3 10.08
95.4 9.96
95.5 9.96
95.6 9.96
95.7 9.96
95.8 10.08
95.9 9.96
96 9.96
96.1 9.96
96.2 10.08
96.3 9.96
96.4 9.96
96.5 12
96.6 12.48
96.7 8.64
96.8 7.44
96.9 9.36
97 9.96
97.1 9.96
97.2 10.08
97.3 9.96
97.4 9.96
97.5 9.96
97.6 10.08
97.7 9.96
97.8 9.96
97.9 9.96
98 9.96
98.1 11.28
98.2 12.48
98.3 10.32
98.4 7.44
98.5 8.52
98.6 9.96
98.7 9.96
98.8 9.96
98.9 10.08
99 9.96
99.1 9.96
99.2 9.96
99.3 10.08
99.4 9.96
99.5 9.96
99.6 9.96
99.7 10.32
99.8 12.6
99.9 12
100 5.52
